1,9.87671,2.75159,6,0.14,0.0759109,1.29585
2,10.3845,4.02678,5,0.18,0.0712638,1.10542
3,10.1857,5.81506,6,0.0666667,0.0673536,1.04799
4,12.4145,5.66081,9,0.153333,0.0707173,1.10627
5,10.4809,5.34608,2,0.0333333,0.0663367,1.11795
6,14.198,6.0997,2,0.0666667,0.065671,1.03849
7,12.6478,5.44957,2,0.08,0.0733343,1.00138
8,11.3245,5.27201,1,0.02,0.0654557,1.01691
9,12.6776,5.82466,3,0.0666667,0.0662937,0.889029
10,12.2926,5.75673,2,0.0133333,0.0710522,1.04245
11,12.9299,6.05254,5,0.146667,0.0671548,1.0857
12,13.8071,6.1718,4,0.24,0.0678506,0.998056
13,14.0196,5.4468,3,0.12,0.0661166,0.970857
14,12.4095,6.128,4,0.2,0.0693062,0.992621
15,12.9601,6.29337,4,0.126667,0.0642396,0.99134
16,12.0076,5.73361,5,0.146667,0.0670171,1.10596
17,13.9887,6.09839,3,0.18,0.0705391,1.3433
18,15.7072,6.54175,6,0.18,0.0690398,1.09586
19,14.0286,6.57032,6,0.2,0.0697823,1.30066
20,13.3681,6.13439,2,0.0733333,0.067432,1.0493
21,16.1095,6.62927,3,0.2,0.0686418,1.00999
22,13.0334,6.66879,6,0.2,0.0703516,1.14155
23,14.2581,6.90487,4,0.3,0.0698515,1.16168
24,13.5096,7.01174,3,0.186667,0.0678593,1.08521
25,13.997,7.20041,4,0.24,0.0696325,1.01026
26,13.4617,6.65318,3,0.306667,0.0644383,1.04992
27,13.074,6.74881,3,0.273333,0.0666688,1.19982
28,13.264,7.24744,3,0.186667,0.0702179,1.3169
29,14.5969,7.21668,6,0.446667,0.0694641,1.22187
30,12.8761,6.86443,6,0.2,0.0673458,1.18162
31,13.8246,7.13008,3,0.306667,0.0701905,1.17782
32,13.5478,6.84099,4,0.373333,0.0671447,1.25967
33,14.6186,7.20869,3,0.366667,0.0682875,1.03725
34,14.6686,7.61356,4,0.506667,0.0678114,1.21653
35,13.3899,6.88157,4,0.273333,0.0669773,1.17434
36,13.7012,7.20299,5,0.0933333,0.0653915,1.16167
37,13.4002,6.68728,4,0.36,0.070736,1.3308
38,13.4054,7.44747,4,0.426667,0.0657921,1.03837
39,13.4645,7.37081,4,0.46,0.0683887,1.08383
40,13.2486,7.26292,5,0.306667,0.0679435,1.12993
41,12.7993,7.07852,4,0.193333,0.0661536,1.09662
42,13.798,7.1085,6,0.353333,0.0650085,1.16117
43,15.0472,7.46687,4,0.326667,0.0628232,1.16335
44,14.5256,7.55788,5,0.486667,0.0701551,1.47846
45,15.1778,8.10181,5,0.56,0.0670688,1.42643
46,13.7083,7.48401,4,0.306667,0.0663403,1.45844
47,13.9437,7.03784,3,0.3,0.066182,1.35405
48,13.0653,6.72747,6,0.32,0.0664313,1.41151
49,13.7582,7.19112,4,0.386667,0.0697904,1.39466
50,14.9895,7.42551,5,0.3,0.0688398,1.41374
51,14.763,7.51008,7,0.326667,0.0655908,1.50689
52,11.6824,6.06553,4,0.113333,0.0658996,1.42213
53,13.4681,6.82848,6,0.293333,0.0702396,1.65594
54,12.1987,7.33001,5,0.4,0.0647014,1.04823
55,13.5801,7.21833,3,0.0933333,0.0682564,1.27929
56,14.9219,7.06316,5,0.48,0.0701366,1.42603
57,13.4546,6.68586,2,0.0733333,0.0737624,1.46145
58,14.5341,7.61374,7,0.426667,0.0669995,1.18993
59,13.0539,6.73062,4,0.193333,0.0694804,1.23661
60,14.927,7.54895,5,0.266667,0.0692106,1.3254
61,14.393,8.10921,8,0.433333,0.0806176,1.58022
62,13.6654,8.01412,7,0.433333,0.0713166,1.51575
63,14.5756,7.47751,6,0.54,0.0645367,1.49146
64,15.0972,7.54632,4,0.56,0.0676623,1.54916
65,15.4558,8.1142,4,0.413333,0.0703573,1.56642
66,15.0462,8.91698,6,0.686667,0.0631738,1.40831
67,13.5285,7.72243,6,0.286667,0.0690572,1.56927
68,15.6279,8.46943,7,0.6,0.0707718,1.4022
69,14.4616,8.25104,4,0.206667,0.0673864,1.57884
70,15.9643,8.32848,7,0.62,0.0691266,1.61869
71,14.908,8.51577,3,0.266667,0.0692716,1.6292
72,15.99,9.24176,4,0.473333,0.0721057,1.60647
73,16.531,8.25147,6,0.566667,0.0662899,1.39691
74,15.5872,8.04641,5,0.386667,0.0724756,1.44506
75,16.1308,9.00419,6,0.793333,0.0684687,1.66443
76,15.2182,8.7836,6,0.426667,0.0723412,1.73588
77,13.3403,7.87162,3,0.12,0.0779868,1.42986
78,14.7035,9.10671,3,0.333333,0.066094,1.52929
79,13.3175,8.14636,5,0.246667,0.0707902,1.52874
80,14.7155,8.74854,4,0.44,0.0656724,1.40151
81,15.464,8.45112,5,0.52,0.0639933,1.49519
82,14.3506,8.53617,5,0.56,0.0676023,1.59438
83,15.6365,8.35559,5,0.56,0.0711069,1.52371
84,15.5584,8.77555,5,0.413333,0.06806,1.55977
85,13.0268,8.35684,3,0.0933333,0.0682908,1.5317
86,16.5389,8.96512,6,0.766667,0.0680582,1.58375
87,16.9827,8.86467,7,0.64,0.0711069,1.52851
88,15.4604,9.16496,5,0.566667,0.0669997,1.56812
89,17.5928,9.07681,8,0.806667,0.0737802,1.76652
90,19.0029,9.45788,8,1.18,0.0715155,1.73754
91,17.041,8.5405,7,0.553333,0.0669575,1.77028
92,15.4252,9.29326,8,0.64,0.0661409,1.64397
93,18.966,8.62622,9,0.786667,0.0653238,1.76765
94,17.6429,8.32222,8,0.793333,0.0675559,1.8462
95,17.339,8.74968,7,0.506667,0.0663034,1.69728
96,16.6887,8.85164,6,0.72,0.0725065,1.93575
97,16.9518,8.88146,6,0.993333,0.0680932,1.96292
98,14.9831,8.57003,6,0.706667,0.0707562,1.80853
99,15.2969,8.58633,7,0.866667,0.0719919,1.7396
100,18.8671,8.27412,7,0.533333,0.0647455,1.82581
101,16.5221,8.73281,6,0.76,0.0728056,2.16078
102,17.6078,8.64624,7,0.9,0.0695754,1.93893
103,16.285,8.23081,5,0.52,0.0674749,1.93901
104,17.0088,8.70515,7,0.62,0.0689123,1.90543
105,17.0791,10.0692,6,1.18,0.066453,1.86414
106,17.9657,8.1935,8,0.786667,0.0668282,1.93287
107,16.6248,8.29667,6,0.613333,0.0706427,1.82401
108,17.3029,7.87605,7,0.893333,0.0685263,2.0749
109,17.3191,8.37353,8,1.04667,0.0667785,1.91654
110,17.0016,8.63824,7,0.906667,0.0683839,1.93157
111,16.6986,9.31989,5,1.06667,0.0705676,2.26428
112,17.2966,8.66595,6,0.793333,0.0674106,1.97287
113,16.7306,8.87882,7,0.726667,0.11653,2.27631
114,16.0425,9.36758,7,1.29333,0.0655388,1.94339
115,16.8123,9.7055,7,1.18,0.0695594,2.21955
116,18.5221,10.7219,8,1.96,0.0764403,2.30027
117,18.5171,9.36225,9,1.45333,0.0677513,2.0147
118,16.6894,10.0448,5,1.37333,0.0726494,2.13236
119,17.6352,9.94297,6,1.4,0.069463,2.10917
120,16.651,10.4918,7,1,0.0744062,2.08579
121,15.6438,8.22635,7,1.54,0.098047,2.86913
122,17.3734,9.20443,8,2.94667,0.0699326,2.86905
123,17.0446,9.66277,10,2.54667,0.100282,2.884
124,16.5306,10.6937,7,2.8,0.0782453,3.56252
125,16.1963,9.13902,9,2.80667,0.184141,2.99997
126,17.7338,9.85821,10,2.88667,0.0798438,3.01732
127,18.3176,9.39966,9,2.21333,0.167966,2.74632
128,16.7402,8.58095,7,1.46667,0.0688708,2.6635
129,17.9269,9.97983,8,2.24,0.0690466,2.75308
130,18.4713,10.8303,9,2.34,0.131524,2.80532
131,17.9107,10.0377,9,2.04667,0.0714446,2.42584
132,17.9864,10.0384,9,1.66,0.0715251,2.58241
133,17.5008,10.4091,7,2.00667,0.0709095,3.00374
134,16.9203,9.45233,9,1.53333,0.0743614,3.0615
135,19.2618,10.5019,9,1.84667,0.0808891,2.85917
136,19.4954,11.4474,10,3.12667,0.0719542,2.83132
137,17.5368,9.96587,9,1.34,0.0648872,2.86313
138,17.8462,10.0579,8,1.61333,0.0682255,2.99891
139,17.4483,10.2222,9,2.02667,0.0721429,2.37537
140,17.9603,10.659,9,1.82,0.0809121,2.5877
141,18.7001,10.2353,9,1.83333,0.0833469,2.64921
142,19.2477,10.394,9,2.02667,0.0840984,2.46758
143,19.1726,11.3609,9,2.44667,0.0655028,2.39253
144,18.3225,10.4103,9,2.02,0.0690773,2.5768
145,18.8418,11.7009,8,2.04,0.0712398,2.91357
146,17.9723,10.8358,7,1.58,0.0724568,2.60779
147,19.3552,10.0962,9,1.78,0.0705745,2.8129
148,18.0828,11.328,10,2.76,0.0727308,2.63724
149,17.7545,11.0772,8,2.14667,0.0700611,2.64307
150,18.5336,10.6177,9,1.75333,0.0689274,2.76287
151,17.827,10.279,6,1.56667,0.0639064,2.49952
152,18.5896,10.5671,7,1.34667,0.067083,2.44286
153,18.5374,10.3768,8,1.82,0.067894,2.5653
154,19.485,11.5878,10,2.2,0.091438,2.55926
155,18.1748,10.6023,9,1.76667,0.0654515,2.59684
156,18.309,11.335,8,2.06667,0.0682462,2.69627
157,19.4891,10.6603,10,2.07333,0.0715305,2.59928
158,18.1033,9.93118,6,1.57333,0.0629764,2.46859
159,17.7806,10.4944,7,1.77333,0.081831,2.482
160,19.0912,11.4841,9,2.2,0.0783728,2.62927
161,18.8194,10.8696,8,1.97333,0.0830678,2.84996
162,17.6766,10.7392,9,1.46667,0.124063,2.60769
163,18.5198,10.0837,8,1.05333,0.0802207,2.82594
164,17.2763,10.333,8,1.79333,0.0688965,2.59152
165,17.0495,10.736,7,1.72,0.0664618,2.78337
166,17.8338,10.132,9,1.47333,0.0931254,2.56291
167,16.942,9.84486,5,1.84667,0.0674066,3.53668
168,18.0871,10.6347,8,2.05333,0.0658505,3.59283
169,19.4178,10.7046,9,2.30667,0.086179,3.71543
170,18.9529,9.54086,10,2.31333,0.0740382,3.12985
171,18.3864,9.36816,7,1.51333,0.0715825,3.16366
172,17.9744,8.9505,8,1.70667,0.0693371,3.00676
173,19.0783,10.6782,9,2.26,0.0715525,3.10286
174,17.0107,10.0086,7,1.03333,0.0680267,3.33804
175,18.5788,10.6513,7,1.54667,0.07318,3.06774
176,17.7001,10.5566,8,1.89333,0.0866235,3.21106
177,18.6537,10.9305,8,2.17333,0.0689779,3.40605
178,18.6973,10.3267,9,2.08,0.0670213,3.05056
179,18.8202,10.1195,10,2.06,0.0690373,3.0356
180,17.9481,10.176,7,1.56667,0.0641457,2.99683
181,17.6454,9.86318,6,1.39333,0.0629635,3.04906
182,19.2179,10.6874,10,1.80667,0.0700386,3.27015
183,18.4973,10.6759,8,1.76667,0.0664813,2.84843
184,18.9266,9.91599,8,1.76,0.0675945,3.34649
185,18.3139,9.84648,8,1.74,0.0673435,2.84534
186,17.2657,10.2127,7,1.73333,0.0663161,3.31001
187,18.4425,10.6413,9,2.16667,0.0713031,3.04679
188,18.6427,9.90281,7,1.4,0.0684921,3.20719
189,18.5577,10.8819,9,2.05333,0.0933667,3.09612
190,18.0667,10.2323,8,1.64,0.0794266,3.10929
191,18.078,10.3698,7,1.69333,0.0687034,3.11275
192,18.0641,10.3831,7,1.52667,0.0702669,2.8498
193,18.4669,10.3535,9,1.59333,0.0851517,3.0617
194,18.7594,11.2214,9,2.07333,0.0746009,3.07179
195,18.1849,10.1265,7,1.48667,0.0738909,3.18433
196,17.76,10.2705,8,1.55333,0.0744803,3.10666
197,18.7263,10.0046,10,2.34667,0.0719012,3.15052
198,18.7421,10.1582,9,2.80667,0.067968,2.91515
199,19.4839,9.85603,10,2.56,0.0681393,2.89975
200,18.7578,9.3219,9,1.67333,0.066752,2.92758
201,19.1014,9.05079,9,1.9,0.0667549,2.58417
202,19.2447,9.45231,9,2.46,0.0702608,2.64652
203,19.4914,10.5458,10,2.77333,0.074689,3.07801
204,17.8141,9.24842,8,1.92667,0.0730417,2.90308
205,19.1782,9.6287,9,2.14667,0.0685389,2.85343
206,17.1815,9.8432,7,1.39333,0.0705619,3.03263
207,18.5107,9.95936,9,1.74,0.0708055,2.7227
208,19.1822,10.2686,9,2.20667,0.0666457,2.50176
209,18.6532,10.2271,9,2.12,0.067231,2.65248
210,17.866,10.1064,10,1.92667,0.0714443,2.60941
211,19.4927,9.72,10,2.06667,0.0677376,2.68996
212,19.1055,10.1624,9,2.33333,0.0699072,2.59403
213,18.6451,9.97088,9,1.94,0.0692914,2.55614
214,19.1964,10.7178,9,2.19333,0.0673693,2.78312
215,18.8825,10.2836,9,2.06667,0.0672133,2.83851
216,18.9738,10.717,9,2.07333,0.068797,2.83427
217,18.1213,9.9951,7,1.66,0.0724552,3.04913
218,17.916,9.74598,8,2.06,0.0679309,3.06368
219,17.7315,10.3906,9,1.9,0.0677583,3.028
220,18.8436,10.1163,8,1.78667,0.0686002,2.99604
221,18.6849,10.707,8,1.83333,0.0680968,2.84371
222,18.9981,10.3813,9,2.02,0.0654258,2.99268
223,17.9541,9.88991,9,1.9,0.0757393,3.36627
224,18.7767,10.5704,9,1.96667,0.0716464,2.79565
225,18.9339,11.2317,8,2.40667,0.0760584,3.27647
226,19.2304,11.2229,9,2.06,0.071561,3.56971
227,18.2178,9.7176,7,2.04667,0.0750257,3.48361
228,18.7984,10.1991,9,2.83333,0.0692305,3.29312
229,18.0936,10.5531,9,2.66667,0.0693752,3.23926
230,18.6592,11.1256,10,2.8,0.11579,3.66272
231,19.0431,10.4085,9,2.54667,0.0693604,3.05799
232,18.2878,10.7961,9,2.52,0.06617,3.28447
233,17.8915,10.8321,9,2.67333,0.0698388,3.24157
234,18.963,11.2475,9,2.64667,0.0762551,3.1172
235,17.772,11.8972,9,3.08,0.0760649,3.34053
236,18.5241,10.6222,8,2.08,0.0683289,3.08351
237,18.345,11.5022,8,2.74,0.0891767,2.91955
238,18.4942,10.9989,8,2.13333,0.0670821,3.20765
239,19.2642,12.3371,10,2.62667,0.0736168,3.00365
240,17.7515,10.8934,7,2.42,0.0705881,3.20424
241,19.4915,10.9559,10,2.34667,0.0713459,3.02379
242,18.9358,10.678,10,2.5,0.0795547,3.14834
243,17.9959,10.5455,9,2.36667,0.070637,3.2906
244,17.63,10.7848,8,1.63333,0.0774474,3.32051
245,19.1909,11.6044,9,2.82,0.073506,3.16696
246,18.8838,10.7152,9,2.44,0.0708575,3.51324
247,18.7921,11.3702,9,2.6,0.0703216,3.35149
248,18.2641,11.4515,8,2.32,0.0702303,3.03554
249,17.895,10.4922,10,2.29333,0.0740642,3.44513
250,19.4953,11.0771,10,2.52667,0.0685606,3.28379
251,18.716,10.4803,9,2.42667,0.0646725,3.05234
252,19.4908,10.9657,10,3.14667,0.0689705,3.3526
253,19.3496,11.4744,9,2.49333,0.075125,2.94069
254,19.1975,11.4839,9,2.65333,0.0714491,3.00378
255,19.2999,11.1166,9,2.04,0.0709864,2.94318
256,18.2208,11.0941,8,2.08,0.0686899,3.09018
257,17.9666,10.2343,7,1.31333,0.0702796,3.10844
258,19.0406,11.2655,9,2.09333,0.0671069,3.04122
259,18.6827,10.6347,7,1.72667,0.0749654,2.63996
260,17.8764,10.4857,8,1.62667,0.0677704,2.76334
261,19.489,10.2617,10,1.53333,0.0673693,3.21616
262,19.4863,9.43212,10,2.26667,0.0724583,3.07101
263,18.7744,10.4703,9,2.15333,0.0705325,3.05293
264,18.7682,10.6771,9,1.93333,0.0668144,2.9509
265,18.7038,10.0113,8,1.83333,0.0703804,3.09973
266,17.8232,9.84075,7,1.61333,0.0725231,2.74643
267,18.3775,10.6029,10,2.26,0.0696174,3.05918
268,18.6827,10.8501,9,2.14,0.0686346,3.05755
269,17.7135,10.3217,7,2.24,0.0720062,3.1273
270,19.0481,10.4123,9,2.14,0.0675535,2.9382
271,19.1583,10.1178,9,2.32,0.0740326,3.02562
272,18.3002,10.4497,9,2.1,0.0694186,3.04873
273,17.4847,10.7004,10,1.76667,0.0837347,2.91522
274,19.254,10.95,9,2.84,0.0795948,3.03379
275,18.7541,10.9654,9,2.04667,0.0674301,2.74455
276,18.9732,11.6458,9,2.47333,0.0719368,3.10977
277,18.5327,10.8753,8,2.20667,0.0662277,3.11056
278,17.2839,10.3847,8,1.79333,0.0683452,3.06246
279,17.9337,10.6172,8,1.8,0.0706647,3.09141
280,18.8928,10.9911,9,2.05333,0.0707045,2.97482
281,17.4948,10.6848,10,1.75333,0.0673275,2.85393
282,18.376,10.7909,8,1.97333,0.074297,3.10964
283,18.0692,10.9842,8,2.06667,0.0658199,2.84928
284,18.841,10.6346,9,1.94667,0.0673508,2.70162
285,19.4096,10.843,8,1.98,0.0694084,2.64174
286,18.93,10.8737,8,1.59333,0.0683159,3.00443
287,18.9999,10.8565,9,2.08667,0.067346,3.81957
288,16.9559,9.83396,8,1.84,0.0648487,3.90687
289,18.6005,9.62172,9,2.14667,0.0700304,3.4763
290,17.0114,9.81544,9,1.67333,0.0675859,3.44918
291,18.4795,9.60467,10,2.12667,0.0682036,3.1498
292,18.1226,8.89887,7,1.46667,0.0672079,3.06235
293,17.665,8.96633,9,1.04667,0.0697449,3.29318
294,17.544,9.31816,6,0.953333,0.0630763,2.62251
295,17.7149,8.70852,7,0.746667,0.067661,2.65884
296,17.9281,9.8609,8,0.833333,0.0684464,2.6534
297,17.9165,8.86897,9,0.74,0.0702002,2.6327
298,19.1114,9.43994,9,0.98,0.0648578,2.60552
299,18.2192,9.67851,8,0.706667,0.0664201,2.42666
300,18.6404,9.60269,8,1.04,0.066776,2.68801
301,19.4833,9.74738,10,1.34,0.0721391,2.93726
302,17.7709,9.44572,9,1.24,0.0639787,2.83803
303,18.291,10.2413,9,1.48667,0.0669502,2.86519
304,18.6697,10.0036,9,1.15333,0.0709507,2.80398
305,17.6515,9.74836,7,1.24,0.0655099,2.40418
306,18.0943,9.79803,10,1.76667,0.0667442,2.34093
307,19.207,10.0066,10,1.61333,0.072713,2.70076
308,17.9272,9.83812,9,1.3,0.0705933,2.91251
309,18.5774,9.22251,10,1.15333,0.0696026,2.79237
310,18.8128,10.0497,9,1.46667,0.0697675,2.88296
311,18.0146,9.78772,10,1.53333,0.0699441,2.63434
312,18.7064,9.7668,10,1.64,0.0683755,2.74323
313,17.8561,9.86284,8,1.22667,0.0701681,2.68993
314,17.7,9.29341,9,1.42667,0.070174,2.86968
315,18.7285,10.2716,9,1.77333,0.0701276,2.85699
316,17.7492,9.33045,9,1.29333,0.0708455,3.04219
317,17.7,9.92516,7,1.13333,0.0706044,3.58777
318,18.8085,10.8328,8,1.77333,0.0682743,3.11217
319,18.5619,9.80783,9,1.23333,0.0649703,3.30607
320,18.8483,10.0934,10,1.24667,0.0668062,2.90428
321,16.9903,10.0305,8,0.66,0.0750571,3.33571
322,18.2308,10.7653,8,0.933333,0.0682215,3.06732
323,16.5455,9.59131,8,1.11333,0.0721319,3.55993
324,18.2718,10.59,8,1.46667,0.0663373,3.10194
325,17.2291,9.84405,8,1.12,0.0709056,3.10275
326,18.2095,10.3184,8,1.28667,0.0688258,3.29692
327,17.4507,10.0379,9,1.94667,0.0669853,3.296
328,18.8618,10.4597,8,1.75333,0.0807699,4.10709
329,18.4147,10.7957,8,1.17333,0.0706419,3.3488
330,18.2022,10.4542,7,0.88,0.0896759,3.53159
331,18.4027,10.9731,9,1.64,0.0722217,3.31134
332,17.5635,10.1785,8,1.14,0.0784161,3.21037
333,18.2021,11.142,10,1.85333,0.0689016,3.12207
334,17.6249,10.9079,7,1.32667,0.0696479,2.98463
335,18.7263,10.512,9,1.42667,0.0657919,2.93005
336,16.9467,10.4987,8,1.44,0.0674068,2.93999
337,17.4863,10.3971,9,1.13333,0.0743356,3.44363
338,19.2822,11.0227,9,2.04667,0.0678214,2.76771
339,18.9265,11.3708,9,2.35333,0.0675389,2.84219
340,18.1969,10.671,7,1.7,0.0710867,3.15761
341,18.1897,11.1352,9,1.91333,0.0704063,3.07631
342,19.0822,10.6271,9,1.5,0.0714819,3.08985
343,16.4422,10.5042,5,0.94,0.0675226,3.09026
344,18.17,11.1306,9,2.06667,0.0716547,3.24494
345,18.4419,10.681,8,2.14667,0.0657532,3.15259
346,17.5991,11.1018,9,1.67333,0.068777,2.72505
347,17.9693,11.46,9,1.95333,0.06533,2.47577
348,17.8242,10.8121,9,1.78,0.0708172,2.47935
349,18.4466,10.9147,8,0.893333,0.0698964,3.01383
350,18.485,11.4866,9,1.76,0.0723423,2.68357
351,19.4903,11.0929,10,1.91333,0.069642,3.03762
352,17.8751,10.7778,7,1.61333,0.0677267,3.15116
353,18.0069,10.4233,9,1.30667,0.0681705,2.71388
354,19.4944,10.9525,10,2.07333,0.0646948,2.54334
355,18.5741,11.2363,8,1.50667,0.0688841,2.84208
356,18.9155,11.1343,8,1.26,0.08284,3.12061
357,18.4908,10.5292,9,1.77333,0.0671886,3.12691
358,19.1948,10.7938,10,1.82,0.0720527,3.06945
359,17.118,10.2513,7,1.1,0.0684531,3.21519
360,17.6872,10.3684,9,1.18667,0.0692915,2.80619
361,18.3791,10.9992,9,1.78,0.0679279,2.77795
362,18.575,10.1549,9,1.56,0.0689758,2.8561
363,19.2085,11.1505,10,1.52667,0.0701985,2.55153
364,18.5611,11.4661,9,1.7,0.0679755,2.7467
365,19.1715,10.6272,9,1.66667,0.0692974,3.07653
366,18.5211,11.0188,10,1.53333,0.067652,2.75138
367,18.5664,11.5911,9,2.05333,0.0685134,2.68203
368,18.7733,11.5784,9,2.24,0.0674647,2.88845
369,18.0653,11.3384,8,1.92,0.0692361,2.9294
370,18.0044,10.952,9,2.00667,0.0686667,2.9888
371,19.3116,11.3024,10,2,0.0672018,2.48459
372,19.4891,11.4694,10,1.54,0.0710006,3.06476
373,17.0451,10.3919,7,1.04667,0.0652017,2.96973
374,18.7079,10.3533,8,1.46,0.0686053,2.81404
375,17.9288,11.2174,8,1.82,0.0666268,2.70156
376,18.9808,11.3943,9,1.58,0.0668948,2.71306
377,18.085,10.062,9,1.16667,0.0733676,4.2074
378,19.485,10.3273,10,1.86,0.0715971,3.63725
379,18.9866,8.80818,9,1.74,0.0677207,4.26482
380,18.2427,8.64071,7,1.70667,0.0677575,3.66621
381,19.4944,10.1163,10,2.55333,0.0738247,3.64941
382,17.6723,8.7581,7,1.38,0.0669387,3.69531
383,18.3,9.96419,9,1.46,0.0697048,3.22553
384,17.7566,9.73521,8,1.91333,0.0673442,3.49248
385,17.9719,9.66671,8,1.4,0.0707943,3.31025
386,18.053,10.0637,9,1.76,0.0672427,3.0832
387,18.9492,9.66461,9,1.57333,0.068139,3.49495
388,17.7202,9.44823,6,1.54667,0.0678436,3.40583
389,17.9698,10.8366,8,2.05333,0.0679071,3.31671
390,17.8782,9.2843,9,1.22667,0.0669751,3.53127
391,18.4893,9.5198,8,1.74667,0.0693948,3.25531
392,17.5069,10.2592,7,1.2,0.0683684,3.14761
393,18.4883,10.349,9,1.63333,0.0804254,3.29386
394,18.4149,9.93518,8,1.66667,0.0775171,3.38171
395,18.8136,9.97789,8,1.67333,0.067535,3.1746
396,18.6299,10.1305,8,1.62667,0.0686604,3.37176
397,18.0405,10.1262,7,1.7,0.0676204,3.19221
398,18.1557,9.82128,9,1.90667,0.0681962,3.16423
399,18.4951,10.418,8,1.58,0.0674815,2.98526
400,18.4069,9.66255,8,1.24,0.0692007,3.26669
401,18.857,9.67958,9,1.29333,0.0660241,3.11302
402,19.0011,10.452,9,1.85333,0.0707583,2.70215
403,18.196,9.73824,8,1.32667,0.0668172,2.89971
404,17.9439,9.56509,7,1.42,0.0646956,2.91916
405,18.2911,10.1945,10,1.92,0.0709815,2.98822
406,17.478,9.91333,9,1.43333,0.0691499,2.91897
407,19.4965,12.2422,10,3.51333,0.0703831,3.45144
408,17.9666,11.6219,8,2.42667,0.0624528,3.31578
409,19.496,11.7149,10,3.9,0.0701084,3.78703
410,19.1962,11.3518,8,2.55333,0.0692579,3.81135
411,18.5486,11.459,9,3.02667,0.0680505,3.48714
412,19.2828,11.346,9,3.36667,0.0679224,3.70555
413,18.7762,11.9408,9,3.2,0.0669241,3.47865
414,18.883,11.0647,8,2,0.0664673,3.41862
415,19.119,12.2335,10,3.76,0.0645154,3.59194
416,19.2915,12.5861,10,3.6,0.071826,3.95223
417,18.5687,11.6114,9,3.08667,0.0724784,3.88507
418,19.4923,12.5234,10,3.36667,0.0679324,3.35371
419,18.0594,11.868,9,2.83333,0.0721663,4.08009
420,18.6417,11.4238,9,2.36667,0.0705368,3.68503
421,18.327,11.7869,8,3.24,0.0682308,3.55445
422,19.0779,11.3887,10,2.56667,0.0703155,3.84625
423,18.5566,12.1784,10,2.71333,0.0702443,4.11391
424,18.8568,12.4841,9,3.4,0.0696,3.84252
425,17.4948,11.9036,10,2.81333,0.0699897,3.84456
426,18.4021,11.2532,7,2.25333,0.0678616,3.77397
427,18.5888,12.1941,8,2.39333,0.079449,4.02335
428,19.2913,12.6156,10,3.54667,0.0699511,3.70464
429,18.3964,12.2296,9,3.06667,0.065055,3.71297
430,18.7681,12.0053,9,2.76667,0.0664419,3.69306
431,19.4946,11.9558,10,3.32667,0.0659375,3.52016
432,18.8125,11.8991,8,2.78,0.068945,3.76135
433,19.4886,12.3726,10,3.94667,0.0688686,3.90728
434,18.809,11.3439,9,3.14667,0.0654565,3.43978
435,17.9347,11.5353,8,2.98667,0.0692235,3.76059
436,18.6761,12.3373,9,3.37333,0.0711085,3.86916
437,18.1454,12.1658,8,3.13333,0.0698138,3.81209
438,18.3352,10.3448,9,3.00667,0.0682084,4.01032
439,18.1327,10.8265,8,2.59333,0.0664738,3.76487
440,18.8403,11.4729,10,3.2,0.0658264,3.62787
441,18.6965,11.6108,8,3,0.0652303,3.84599
442,19.0039,10.2012,9,2.54667,0.0711412,3.87595
443,19.0182,11.8817,9,2.84667,0.0701938,3.92235
444,18.8037,11.3811,9,2.56667,0.0688654,3.67103
445,18.6782,11.4455,10,2.62,0.0715024,3.68457
446,19.3136,11.2682,10,3.29333,0.0702615,3.4172
447,18.1188,10.5068,7,2.06,0.0664238,3.61864
448,18.8295,11.2772,8,2.38667,0.0688073,3.92357
449,18.7683,11.3912,9,2.80667,0.0687625,3.63984
450,19.159,10.7515,8,2.32667,0.0860411,4.10312
451,18.8743,11.4396,8,2.41333,0.0681692,3.81682
452,18.7349,11.8525,8,3.12,0.0709624,3.89042
453,19.0876,11.7335,9,3.1,0.0697301,3.93043
454,18.6207,10.5977,7,2.03333,0.0719358,3.87483
455,19.3536,11.8847,9,3.20667,0.0697475,3.76004
456,18.3775,11.0912,8,2.41333,0.0704487,4.04881
457,19.4908,12.0488,10,3.4,0.0675121,3.73791
458,18.5735,10.8067,9,2.8,0.0665578,3.83562
459,18.986,10.8884,9,2.62,0.0703074,3.83759
460,19.4988,12.0562,10,3.39333,0.0753836,3.53126
461,18.7477,10.7722,8,2.48,0.0671425,3.75735
462,18.6169,11.1161,9,2.32667,0.0701356,3.85977
463,18.4509,11.5177,8,2.62,0.0707676,3.57003
464,19.0215,12.7791,9,2.99333,0.0688997,3.63325
465,18.5087,12.4445,8,2.81333,0.0700133,3.71268
466,17.4196,11.9549,8,2.3,0.0693791,3.60436
467,18.4623,12.2007,8,2.85333,0.0688888,3.82522
468,19.1599,11.8043,8,2.55333,0.0676338,3.67631
469,19.4925,13.0152,10,3.74,0.0691365,3.72339
470,18.3142,11.4506,8,2.45333,0.0676765,3.87865
471,19.4968,12.1465,10,3.16667,0.0669095,3.80416
472,19.4876,12.0761,10,3.24667,0.0700993,3.69394
473,19.253,12.5669,9,3.14,0.0676136,3.34082
474,19.4042,11.1607,10,2.27333,0.0627007,3.41964
475,19.2272,11.7746,9,2.97333,0.0705594,3.8686
476,18.5277,11.3642,9,2.60667,0.0677942,3.80848
477,16.9072,11.0682,7,1.8,0.0670327,4.11989
478,19.4222,11.6013,9,2.69333,0.0682066,3.68002
479,19.0381,11.6682,9,2.77333,0.0675063,3.45659
480,19.081,11.9506,9,2.68,0.0662888,3.55107
481,19.1731,11.5534,9,2.82667,0.071375,3.96005
482,19.4984,11.6296,10,3.04,0.0694288,3.70714
483,19.4908,12.246,10,3.04667,0.0665879,3.80104
484,17.9031,10.8784,8,2.02667,0.0734967,4.28289
485,19.4938,11.8909,10,2.74,0.0669568,3.61139
486,19.494,11.0251,10,2.45333,0.0692237,4.04947
487,19.4949,12.2688,10,2.74,0.0694156,3.46565
488,18.7346,11.4741,9,2.50667,0.0707915,3.54061
489,18.8687,11.2026,9,2.22,0.0784354,3.93321
490,18.7352,11.3964,9,2.14667,0.0665169,3.57669
491,19.4943,10.9382,10,2.61333,0.136499,3.64497
492,19.4963,10.8543,10,2.91333,0.0724523,3.51925
493,19.4926,10.7924,10,2.66,0.0739151,3.62002
494,19.4927,11.8343,10,3.17333,0.0661336,3.07644
495,19.4931,11.0769,10,2.34,0.0653539,3.32302
496,19.4937,11.3691,10,2.66667,0.0693694,3.5048
497,18.9157,11.4625,9,2.52667,0.0684139,3.69542
498,19.4918,12.03,10,3.38667,0.0685642,3.4221
499,19.4908,11.2789,10,2.45333,0.067591,3.63317
500,19.2869,11.6206,10,2.9,0.0711311,3.29662
