1,0.114428,0.00279155,3,0.0866667,0.0661368,0.898408
2,0.395569,0.00688086,7,0.273333,0.0677342,0.911248
3,0.173262,0.00249323,5,0.126667,0.0656709,1.01483
4,0.101854,0.00208363,4,0.133333,0.0725078,1.04168
5,0.0237299,0.000252907,3,0.0333333,0.0714767,0.568583
6,0.0165476,0.000481315,2,0.06,0.0687179,0.648482
7,0.0271926,0.000415408,3,0.0466667,0.0637901,0.699947
8,0.100016,0.00108433,3,0.06,0.0699125,0.656358
9,0.125825,0.00107225,5,0.06,0.068607,0.689081
10,0.0367433,0.00111356,4,0.126667,0.0690301,0.669039
11,0.0988102,0.00101003,3,0.0466667,0.0662747,0.615085
12,0.191695,0.00195255,3,0.04,0.0678599,0.707393
13,0.00974083,0.000128283,1,0.0133333,0.0693291,0.591935
14,0,0,0,0,0.066031,0.566651
15,0,0,0,0,0.0682485,0.685983
16,0.086658,0.00119814,2,0.0333333,0.0686697,0.610291
17,0.0252323,0.0010151,3,0.133333,0.067678,0.780035
18,0.00676783,0.000115961,1,0.02,0.0684874,0.593972
19,0.0899791,0.000894885,2,0.0466667,0.0686535,0.438669
20,0.0786547,0.00139983,7,0.133333,0.0653908,0.582707
21,0.0399176,0.00159518,7,0.233333,0.0690568,0.977522
22,0.108291,0.00394631,6,0.273333,0.0678875,0.886393
23,0.202436,0.00689759,6,0.293333,0.0724144,1.01748
24,0.243003,0.00571789,6,0.426667,0.0696282,1.09653
25,0.113145,0.03265,4,1.16667,0.0675899,0.661518
26,0.100212,0.0323191,2,0.733333,0.0673791,1.04795
27,0.194789,0.0107686,5,0.6,0.0719032,1.067
28,0.0912602,0.00548104,3,0.206667,0.066286,0.996375
29,0.0966864,0.001237,2,0.0866667,0.0670739,0.697606
30,0.00947217,0.000159111,1,0.02,0.0679681,0.656297
31,0.0450775,0.000913401,5,0.106667,0.0656615,0.670238
32,0.173069,0.00333418,4,0.24,0.0674521,0.992499
33,0.15181,0.0265224,7,2.56667,0.0693052,1.05646
34,0.112615,0.00861002,7,0.84,0.0674013,1.01028
35,0.307656,0.0213579,7,1.14,0.0660434,0.976471
36,0.120958,0.014497,6,0.873333,0.0659692,1.10266
37,0.204865,0.0450009,6,2.62,0.0678511,1.2626
38,0.0989339,0.0138642,6,1.41333,0.0697353,1.12547
39,0.0336128,0.00515121,5,0.633333,0.067186,1.16962
40,0.160436,0.0100434,6,0.56,0.0681287,1.13944
41,0.295737,0.013445,5,0.613333,0.0683946,1.13961
42,0.198284,0.0107289,6,0.56,0.0672072,1.19727
43,0.10762,0.00526238,5,0.406667,0.0705032,1.06705
44,0.111206,0.0512712,3,1.02,0.0661571,1.09365
45,0.308103,0.00318104,7,0.186667,0.0660533,0.938551
46,0.128335,0.00405561,5,0.366667,0.067791,0.83841
47,0.149451,0.00284428,5,0.126667,0.0658118,0.708447
48,0.200971,0.00935874,5,0.3,0.0682174,0.721973
49,0.211688,0.00844529,5,0.206667,0.0630787,0.614963
50,0.228105,0.0096444,7,0.3,0.069286,0.755405
51,0.132073,0.0295757,5,1.08,0.0671803,0.823825
52,0.212905,0.0313851,7,1.23333,0.0707466,0.828563
53,0.346307,0.100492,7,2.41333,0.0696958,0.854258
54,0.212305,0.0632064,6,2.76,0.0667993,0.814093
55,0.301157,0.0086515,6,0.62,0.0700085,0.839418
56,0.220016,0.0173625,6,0.9,0.0669273,0.645041
57,0.342182,0.017937,6,0.7,0.0680279,0.794447
58,0.188315,0.00540807,8,0.353333,0.0712704,0.910726
59,0.09837,0.0031634,4,0.18,0.0687916,1.07782
60,0.16929,0.00576369,5,0.153333,0.0697244,1.36667
61,0.201253,0.00481508,6,0.22,0.0699681,1.39186
62,0.282873,0.0049006,5,0.206667,0.0641675,1.12815
63,0.174796,0.00484163,4,0.213333,0.0633491,1.14891
64,0.090656,0.00209515,3,0.133333,0.0657046,0.930054
65,0.0728066,0.00345008,4,0.24,0.0727494,2.56657
66,0.0908084,0.00176524,3,0.146667,0.0671102,1.29493
67,0.172952,0.00272615,3,0.173333,0.0659428,1.22145
68,0.29801,0.00458716,6,0.1,0.0680424,1.0041
69,0.439087,0.00724646,6,0.186667,0.0694205,1.06418
70,0.376957,0.00603662,6,0.16,0.0666307,0.826042
71,0.259014,0.00713334,5,0.313333,0.0656496,1.06455
72,0.305214,0.0143519,6,0.466667,0.0696762,1.24063
73,0.443513,0.00663348,6,0.3,0.0680418,1.20857
74,0.204502,0.00580554,6,0.313333,0.0678625,1.02795
75,0.453478,0.0056068,6,0.246667,0.0650313,1.00989
76,0.218024,0.00584437,6,0.24,0.0683929,0.923498
77,0.285384,0.00459615,5,0.306667,0.0667341,0.948247
78,0.167435,0.00687488,5,0.373333,0.0684308,1.26132
79,0.160488,0.00361417,5,0.266667,0.0681797,0.90932
80,0.0377414,0.00113665,4,0.14,0.066889,0.699216
81,0.0241682,0.000268371,3,0.0333333,0.0669301,0.641171
82,0.0239542,0.000395612,4,0.06,0.0661726,0.626742
83,0.107238,0.0018144,3,0.1,0.0675979,1.59073
84,0.0946878,0.0012563,5,0.1,0.0663744,1.23831
85,0.181844,0.00298239,4,0.206667,0.0677055,1.32944
86,0,0,0,0,0.0698544,0.439586
87,0.0178771,0.000553071,2,0.0733333,0.0660444,0.57637
88,0.0348832,0.000232554,5,0.0333333,0.0665877,0.709432
89,0.0193505,0.000454341,4,0.0733333,0.0661022,0.824001
90,0.100382,0.000917479,3,0.0533333,0.0701631,0.566718
91,0.0265329,0.000238903,3,0.0266667,0.0654526,0.65798
92,0.0254923,0.000493645,3,0.06,0.0645109,0.961769
93,0.0238522,0.00180699,3,0.233333,0.0682866,0.864925
94,0.124049,0.00601496,5,0.393333,0.0705487,1.02946
95,0.1139,0.00305817,5,0.233333,0.0673709,0.969873
96,0.037557,0.00100952,4,0.113333,0.0658909,0.768082
97,0.199007,0.00746881,6,0.293333,0.0713887,0.95386
98,0.0949108,0.0042611,5,0.186667,0.0641154,0.900476
99,0.103242,0.00329196,8,0.32,0.0699443,0.999865
100,0.114545,0.00249155,7,0.193333,0.0646226,0.935598
101,0.113727,0.00306419,7,0.2,0.0655477,0.982049
102,0.0436434,0.00215015,6,0.3,0.0637721,1.02061
103,0.120896,0.0019181,5,0.18,0.0697705,1.12503
104,0.183355,0.00491302,4,0.24,0.0691179,0.929727
105,0.134679,0.00615051,5,0.306667,0.0697848,0.845178
106,0.0942761,0.00337169,4,0.22,0.0716058,0.913928
107,0.127373,0.00642838,6,0.42,0.0677936,1.25311
108,0.166129,0.00595494,5,0.353333,0.0694182,1.3771
109,0.118712,0.00797876,9,0.54,0.0714035,1.35948
110,0.116763,0.00506598,6,0.486667,0.0657549,0.974731
111,0.245716,0.00446334,5,0.16,0.0682725,0.725551
112,0.187392,0.00534908,6,0.24,0.066306,0.89636
113,0.104258,0.00387794,4,0.246667,0.0671678,0.909774
114,0.189495,0.00829138,4,0.186667,0.0674953,0.671115
115,0.116699,0.00418005,7,0.306667,0.0682568,1.03986
116,0.190436,0.0048497,5,0.293333,0.0660681,0.884527
117,0.116203,0.00331595,6,0.32,0.0695799,0.921244
118,0.122146,0.00485587,7,0.466667,0.064257,0.86592
119,0.103317,0.00460359,6,0.493333,0.066207,0.880459
120,0.114798,0.00589153,6,0.48,0.0660643,0.940868
121,0.0978929,0.00533094,5,0.34,0.0684593,0.9099
122,0.22885,0.0106792,9,0.533333,0.0661873,0.824443
123,0.184387,0.00656514,7,0.426667,0.0657156,0.998467
124,0.424581,0.0111051,7,0.606667,0.0687386,0.84229
125,0.110852,0.0048702,6,0.346667,0.0662207,0.862615
126,0.193548,0.00673538,8,0.486667,0.068761,0.989015
127,0.0435301,0.00282783,6,0.38,0.0654616,0.970767
128,0.0422503,0.00218762,7,0.306667,0.0664706,0.95763
129,0.199041,0.00493422,8,0.413333,0.0686949,0.997671
130,0.105235,0.0191448,8,2.84,0.0654384,2.84412
131,0.15532,0.0126459,6,1.68,0.0646137,2.80632
132,0.0899552,0.00845306,8,1.39333,0.0709621,2.81319
133,0.109127,0.0103932,9,1.42667,0.0710786,2.35861
134,0.122234,0.0129065,9,1.58667,0.0666175,2.38422
135,0.302288,0.0161798,9,1.62,0.0645722,2.17793
136,0.241286,0.016074,10,1.53333,0.0679015,2.19091
137,0.111486,0.00932373,6,1.06667,0.0648175,2.39621
138,0.334529,0.0243704,9,2.4,0.0694621,2.71921
139,0.33565,0.0188845,9,2.05333,0.0695491,2.1308
140,0.262397,0.0139289,9,1.8,0.0656975,2.28462
141,0.263044,0.0251699,9,2.20667,0.070053,2.31374
142,0.359222,0.0280967,9,2.5,0.0690582,2.03304
143,0.352523,0.0420668,9,2.7,0.0658546,2.1792
144,0.363529,0.0406981,10,2.31333,0.0695226,2.29616
145,0.381995,0.0416448,9,2.78,0.0713839,2.7202
146,0.296528,0.0141943,7,1.32667,0.0672508,2.733
147,0.254531,0.0127291,8,1.09333,0.063098,1.72423
148,0.364734,0.0337167,8,2.86667,0.0683539,2.28601
149,0.314171,0.0269848,7,1.85333,0.0675668,1.71292
150,0.148108,0.015782,9,1.73333,0.0666764,1.90053
151,0.144625,0.0214789,9,2.35333,0.0662401,2.0397
152,0.0648183,0.0150851,9,2.04,0.0666787,2.03545
153,0.053073,0.0124458,9,1.75333,0.0687791,2.02002
154,0.208918,0.0145754,8,1.78,0.0675005,1.94186
155,0.12732,0.0174194,10,2.27333,0.0654793,2.0683
156,0.138121,0.0182048,10,2.06,0.0703027,1.84304
157,0.134761,0.0230554,10,2.03333,0.0706788,1.78648
158,0.243702,0.0177882,8,1.84,0.0659903,1.80976
159,0.195073,0.0296617,10,2.76,0.0669952,2.24338
160,0.310451,0.0213984,8,1.74,0.0655004,1.93806
161,0.139893,0.0155073,9,1.74667,0.0664042,2.12674
162,0.1406,0.0148122,9,2.01333,0.0681405,2.2582
163,0.14294,0.0242113,9,2.42,0.0688635,1.83282
164,0.241209,0.017194,9,1.64667,0.0700941,1.76689
165,0.174069,0.0195353,10,2.29333,0.0710787,1.95377
166,0.229184,0.0312577,10,2.98,0.0697,1.64281
167,0.172298,0.023729,10,2.76667,0.0682605,1.91465
168,0.206692,0.0219172,9,2.53333,0.0683662,1.96998
169,0.199121,0.0316963,10,2.84667,0.0682703,2.04748
170,0.271827,0.031047,9,2.30667,0.0677539,2.12111
171,0.143152,0.0177217,8,2.06667,0.0687014,2.50062
172,0.172621,0.0168041,9,1.88667,0.0669169,1.88094
173,0.168464,0.0178903,10,1.67333,0.0664894,2.16685
174,0.135265,0.0127585,9,1.34,0.06867,1.61764
175,0.214554,0.0170976,9,1.74,0.0671269,1.78571
176,0.198881,0.0244498,10,2.55333,0.0681828,2.21848
177,0.209109,0.02228,8,2.43333,0.0669011,2.20001
178,0.391178,0.0207637,9,2.06667,0.0695435,2.1792
179,0.298066,0.0226776,9,1.99333,0.067608,1.99029
180,0.146119,0.0177226,9,2.05333,0.0680714,2.02479
181,0.450638,0.0238308,9,2.02,0.068185,1.82788
182,0.388918,0.0220598,9,1.35333,0.0677089,1.55973
183,0.147817,0.0118223,9,1.36667,0.0651321,2.02267
184,0.193745,0.0208411,9,1.53333,0.0668385,1.66885
185,0.357588,0.0146176,9,1.36667,0.0675222,1.45176
186,0.1475,0.0184213,9,2.31333,0.0658271,1.76845
187,0.211156,0.0196927,9,1.94,0.07138,1.65138
188,0.221025,0.0194515,10,1.89333,0.0669451,1.83693
189,0.207382,0.0209213,10,2.01333,0.0695648,1.70709
190,0.118642,0.0191115,9,2.58,0.0660771,2.34241
191,0.183354,0.0130166,9,1.73333,0.0670317,2.27619
192,0.210596,0.0255481,9,2.70667,0.0689958,2.16839
193,0.149593,0.0303136,9,2.92,0.0679663,2.03061
194,0.115247,0.0233325,10,2.92667,0.0675323,2.29972
195,0.113558,0.0205656,9,2.36667,0.0678544,1.99544
196,0.280748,0.0303482,9,2.68667,0.066166,1.77486
197,0.0906956,0.0188399,10,2.59333,0.068826,1.92686
198,0.205469,0.0226948,10,2.37333,0.0678589,1.84843
199,0.201799,0.0194828,9,2.42667,0.0659189,2.29599
200,0.127195,0.0225046,10,2.75333,0.0683756,1.79473
201,0.264872,0.0294355,10,3.36667,0.0685926,2.26348
202,0.198762,0.0316397,10,3.31333,0.0680384,2.15774
203,0.131026,0.0267381,10,3.03333,0.0695074,2.11973
204,0.188535,0.0249617,9,2.23333,0.0661505,2.11155
205,0.253236,0.0240839,10,2.82667,0.0687788,1.65209
206,0.144796,0.0273749,10,3.28667,0.0662185,1.63855
207,0.10516,0.0220065,9,2.77333,0.0685706,1.95071
208,0.11349,0.0222081,9,3.04,0.0687728,2.25674
209,0.10881,0.0210577,10,2.64,0.0679541,2.30757
210,0.195222,0.0270148,10,3.21333,0.0675612,2.36093
211,0.283888,0.0343147,10,3.27333,0.0672368,2.27872
212,0.175289,0.027014,10,2.92,0.0693363,2.28893
213,0.113781,0.020254,10,2.46,0.067428,2.10127
214,0.143759,0.0194726,9,2.22667,0.0659753,2.23631
215,0.217042,0.0299585,9,3.28667,0.0641413,1.61245
216,0.209052,0.024798,9,2.81333,0.0697132,2.18488
217,0.17729,0.0271126,10,2.83333,0.0704746,1.99779
218,0.159197,0.0269855,10,3.04,0.071631,2.19574
219,0.283428,0.028368,8,2.38667,0.0669989,2.30521
220,0.0623372,0.0136261,9,1.94667,0.0672176,2.44853
221,0.199783,0.0203897,9,2.54667,0.0714351,2.12971
222,0.285537,0.0173499,9,1.89333,0.067067,2.50883
223,0.112875,0.0266785,9,3.3,0.0692205,1.94266
224,0.266075,0.0350526,10,3.4,0.0677947,2.10318
225,0.125856,0.0188233,8,2.29333,0.0690995,2.27259
226,0.19435,0.0357034,10,2.96667,0.0680884,2.06448
227,0.336621,0.0244268,10,2.65333,0.0685642,1.92727
228,0.501509,0.0242962,9,2.91333,0.0626494,1.8814
229,0.435716,0.0289772,10,3.12667,0.0652504,1.88647
230,0.324201,0.0257302,10,2.88,0.0648899,2.24435
231,0.127186,0.0215183,10,2.92667,0.0699241,2.12725
232,0.284028,0.0321169,10,3.08,0.0663347,2.03726
233,0.537713,0.037118,10,3.16667,0.0707827,2.07606
234,0.258248,0.0202698,9,2.06,0.0673918,2.25127
235,0.19021,0.0214707,9,2.18,0.0689711,1.52074
236,0.336892,0.02329,10,2.72,0.0689103,1.53427
237,0.0908656,0.0161563,9,2.06,0.0645548,1.71405
238,0.0918668,0.0157865,9,2.1,0.0704652,1.57585
239,0.258293,0.0214459,9,2.27333,0.0695097,2.01564
240,0.205008,0.0237292,9,2.53333,0.0654667,2.06826
241,0.141072,0.0264733,10,3.22667,0.0666652,2.10744
242,0.193568,0.0258342,9,2.88667,0.066408,1.97621
243,0.143239,0.0306484,10,3.93333,0.070411,2.11367
244,0.123516,0.0247873,10,3.12,0.0687805,2.01983
245,0.186972,0.024566,10,3.13333,0.0708079,2.11822
246,0.141369,0.0238183,9,2.72,0.0678765,2.12535
247,0.206808,0.0262289,9,2.8,0.0680843,2.05872
248,0.135345,0.0190455,9,2.49333,0.0628927,2.03205
249,0.200969,0.0291118,10,3.15333,0.0669942,1.93792
250,0.291185,0.0297307,9,2.79333,0.0684581,1.90685
251,0.350605,0.0362387,10,3.52667,0.0695603,1.71583
252,0.171108,0.0204838,9,2.20667,0.0683138,1.69544
253,0.111726,0.0171604,7,1.87333,0.0650159,1.9412
254,0.228154,0.020268,10,2.07333,0.0689282,1.84341
255,0.296589,0.0284166,9,2.45333,0.0668698,1.92777
256,0.335138,0.0229606,9,2.11333,0.0635172,2.24713
257,0.348844,0.0222196,9,1.87333,0.0680255,1.50104
258,0.284993,0.0205103,10,2.32667,0.0672906,2.5287
259,0.259409,0.0231742,9,2.56,0.0685075,2.31201
260,0.335602,0.024905,9,2.79333,0.0673515,2.04056
261,0.27267,0.0317279,10,3.34667,0.0671683,1.99668
262,0.366664,0.029586,9,2.15333,0.0677367,2.1205
263,0.265621,0.0190822,8,1.69333,0.0656206,1.84652
264,0.138837,0.0153581,9,1.63333,0.0651603,1.67985
265,0.236683,0.028611,10,2.72,0.0676524,1.50976
266,0.32232,0.0460752,10,3.56,0.0709853,2.06629
267,0.315288,0.0420567,10,3.06,0.0703281,2.25326
268,0.228679,0.0356907,9,3.12667,0.0672577,1.87027
269,0.343716,0.0646325,9,3.93333,0.0743616,2.08915
270,0.327228,0.0507507,10,3.24,0.0703597,2.18108
271,0.297787,0.0478898,9,2.56667,0.0663114,2.03508
272,0.371962,0.0361446,8,3.14,0.0697551,2.39852
273,0.536186,0.0484668,10,3.64,0.0715309,2.0612
274,0.44832,0.0545955,9,3.54,0.0681608,2.08875
275,0.389896,0.0501875,10,3.61333,0.0663083,1.91655
276,0.41482,0.0576846,9,3.2,0.0663238,2.04607
277,0.152359,0.0177358,8,2.13333,0.0680838,2.25302
278,0.208092,0.0310194,10,2.31333,0.0664635,1.9493
279,0.339411,0.0401634,10,2.25333,0.0686901,1.7162
280,0.214042,0.0201862,10,1.83333,0.0687991,2.01782
281,0.34049,0.0299275,8,2.44,0.0644947,2.32165
282,0.389741,0.0477583,10,2.77333,0.0690356,2.87969
283,0.298292,0.0399525,10,3.22,0.0690132,2.24044
284,0.371555,0.0409651,10,3.36,0.0663498,1.99995
285,0.348476,0.0599058,9,3.41333,0.0702788,2.2351
286,0.290836,0.0381076,9,3.15333,0.0688607,2.1261
287,0.26015,0.03291,8,2.32,0.066301,1.99192
288,0.434291,0.0524821,10,3.22,0.0652813,1.78753
289,0.34444,0.042677,10,3.04667,0.0715894,2.37384
290,0.462065,0.0659219,10,2.95333,0.0685387,2.0652
291,0.330098,0.0553595,10,3.47333,0.0658115,1.83056
292,0.281171,0.0327903,10,2.42,0.0698718,2.04394
293,0.323306,0.0610954,10,2.89333,0.0663032,2.34768
294,0.368691,0.0366423,10,2.68,0.0653055,2.08772
295,0.462175,0.0620926,9,2.82,0.0721636,2.58686
296,0.42547,0.0514286,10,2.85333,0.0676561,1.96466
297,0.393799,0.0220764,8,1.68667,0.0652909,2.10501
298,0.515562,0.0368549,9,1.97333,0.0654924,1.94782
299,0.35801,0.0486726,7,2.1,0.0645244,2.06919
300,0.464427,0.0448067,10,2.54,0.0726664,1.86725
301,0.510688,0.0402849,10,2.62,0.0687388,2.21983
302,0.426151,0.0526236,9,3.70667,0.0665226,1.68095
303,0.298077,0.034348,10,2.61333,0.0673694,2.0337
304,0.462039,0.0493379,10,3.22,0.0678825,2.17319
305,0.483911,0.075051,10,3.47333,0.0696507,1.70912
306,0.32278,0.0554523,9,3.14667,0.0703065,2.36583
307,0.531713,0.12221,10,4.27333,0.0683343,2.27075
308,0.410722,0.0426116,10,2.63333,0.0684477,2.65699
309,0.303961,0.0354458,8,2.27333,0.0631884,2.30884
310,0.41491,0.069622,9,3.41333,0.0665967,2.03815
311,0.192251,0.0289898,9,2.24667,0.0665702,2.26784
312,0.509115,0.0700551,10,3.1,0.0683184,1.98591
313,0.344517,0.0347388,8,2.29333,0.0640336,2.18595
314,0.442455,0.0723168,9,3.57333,0.0679802,2.00004
315,0.349013,0.0583387,8,2.55333,0.0652648,2.17258
316,0.366521,0.0937583,9,3.07333,0.0665636,2.3749
317,0.28683,0.0447213,7,1.91333,0.0642239,1.91655
318,0.341527,0.0587504,10,2.44667,0.0673269,1.91244
319,0.278658,0.0382547,10,3.48,0.0663209,2.01045
320,0.278621,0.0422515,9,2.60667,0.0675429,2.61446
321,0.329312,0.0637246,9,3.91333,0.065886,2.16536
322,0.447525,0.0785928,8,3.3,0.0668663,2.09167
323,0.60051,0.0804533,9,3.08667,0.0644603,1.98191
324,0.454147,0.0631955,10,3.06,0.0685016,1.9431
325,0.499112,0.0652467,10,3.00667,0.0644976,1.88817
326,0.352525,0.0694724,9,3.26667,0.0667369,2.02089
327,0.452941,0.100177,9,3.37333,0.0674786,1.95634
328,0.556498,0.117606,10,3.89333,0.0695324,1.75197
329,0.535745,0.0578569,10,3.16,0.0715621,1.93017
330,0.323128,0.0593189,9,2.71333,0.066533,2.1486
331,0.368063,0.0744137,8,3.13333,0.0660394,2.2724
332,0.364023,0.0620498,9,2.99333,0.0688685,2.26753
333,0.436643,0.0696132,9,2.73333,0.068989,2.05701
334,0.334591,0.0549802,10,2.34,0.0683902,2.14563
335,0.325133,0.0573517,9,3.34667,0.0687032,2.20283
336,0.503401,0.0765536,10,3.74,0.0701698,2.22696
337,0.551225,0.0909225,10,3.36667,0.0643391,1.87542
338,0.307438,0.0571017,9,3.46667,0.070726,2.38885
339,0.366817,0.07948,10,2.97333,0.0709128,2.1151
340,0.311829,0.0582337,10,3.32667,0.06807,2.00713
341,0.456929,0.0846239,10,3.29333,0.0719557,1.94601
342,0.663348,0.0878652,10,3.49333,0.070796,1.73218
343,0.283996,0.0493789,10,3.05333,0.068378,2.10805
344,0.528853,0.102774,10,3.69333,0.0682719,1.98108
345,0.532729,0.0986264,9,3.2,0.0710353,1.76805
346,0.68721,0.0566998,9,2.38,0.0692884,2.03019
347,0.51436,0.0818786,10,2.84667,0.0687974,1.82787
348,0.519346,0.116363,9,3.58,0.0672613,1.85826
349,0.529608,0.0845195,10,3.50667,0.0706942,1.97124
350,0.615487,0.119366,10,3.58,0.0700556,1.8821
351,0.534172,0.0630374,10,2.82,0.0675535,2.08467
352,0.650994,0.122217,10,3.86667,0.0704031,2.14843
353,0.472708,0.0577267,9,2.93333,0.0708329,2.32378
354,0.476687,0.0382891,8,2.38667,0.0645913,2.2196
355,0.715405,0.128908,10,4.26667,0.0723577,2.15763
356,0.350432,0.0742018,8,2.52667,0.0658547,2.07647
357,0.727206,0.106683,10,3.43333,0.0707455,1.81646
358,0.462076,0.0630392,9,2.24,0.0681154,2.11818
359,0.718693,0.0895095,10,3.40667,0.0689699,1.75117
360,0.603728,0.0744115,9,2.53333,0.0667334,1.90056
361,0.398626,0.0819536,9,2.36,0.0682908,2.13128
362,0.461694,0.0647293,8,2.01333,0.0615542,2.15869
363,0.388871,0.0637924,10,2.44667,0.0659404,2.15404
364,0.618922,0.091706,9,3.2,0.0673318,1.91787
365,0.510729,0.130863,10,3.87333,0.0687571,2.18352
366,0.410464,0.0730421,8,2.55333,0.0663073,2.25435
367,0.584175,0.107605,9,2.54667,0.0689734,2.0802
368,0.587586,0.076386,10,2.34,0.0708333,1.83785
369,0.574802,0.0630059,9,2.02667,0.0664055,1.84608
370,0.672291,0.0785625,9,2.38,0.0671859,1.86924
371,0.564142,0.0799103,9,2.28667,0.0686718,2.14463
372,0.732514,0.123238,10,2.62667,0.0660392,1.95575
373,0.79452,0.0977459,10,2.52667,0.0658339,1.96114
374,0.692395,0.173441,10,3.40667,0.0703808,1.97975
375,0.619473,0.110764,10,2.53333,0.0722164,2.10087
376,0.527489,0.111176,8,2.65333,0.0684376,2.70037
377,0.582066,0.0949444,9,2.08667,0.0665788,1.85717
378,0.507737,0.0961504,9,1.94667,0.0670256,2.24245
379,0.596968,0.114281,9,1.98667,0.0655131,1.95284
380,0.71181,0.0940293,9,1.80667,0.0692699,1.5941
381,0.700022,0.123053,10,2.62667,0.0691165,2.08677
382,0.520322,0.124238,9,2.34,0.069747,2.17541
383,0.744849,0.135335,10,2.81333,0.0699909,2.09313
384,0.570862,0.12514,10,2.63333,0.068082,2.21491
385,0.626998,0.133834,10,2.53333,0.0718393,2.12548
386,0.634369,0.118325,10,2.46,0.0716331,1.94414
387,0.46809,0.0661808,9,1.40667,0.0654483,2.3688
388,0.555248,0.0409634,8,0.8,0.0687306,2.39673
389,0.561491,0.127554,10,2.36,0.0701085,2.1851
390,0.574606,0.110621,9,2.19333,0.0707648,2.43461
391,0.656987,0.101104,10,2.05333,0.0675588,2.07398
392,0.716684,0.122247,10,2.26667,0.0667535,1.86451
393,0.499605,0.0645783,9,1.48,0.0660409,1.98126
394,0.755323,0.107393,10,2.09333,0.0680208,1.65857
395,0.638479,0.0934457,9,1.75333,0.0667112,1.99679
396,0.656708,0.106763,10,2.04667,0.069532,1.78018
397,0.665309,0.107342,9,2.00667,0.066854,2.22294
398,0.622154,0.0750256,9,1.46,0.0675359,1.93773
399,0.747632,0.150171,10,2.97333,0.0704881,1.9216
400,0.581228,0.0653464,9,1.34,0.0667332,1.93286
401,0.63063,0.0554566,10,1.44,0.0699458,1.90104
402,0.644766,0.0794826,9,1.43333,0.0653139,2.14709
403,0.766965,0.0899783,10,1.4,0.0678885,1.76136
404,0.530838,0.0342838,8,0.733333,0.0691444,1.95838
405,0.668707,0.0492388,10,1,0.069268,1.65217
406,0.567881,0.0712304,9,1.34,0.0663709,1.66752
407,0.618072,0.0515852,10,1.02667,0.0680272,1.35153
408,0.589748,0.112092,8,1.86667,0.0656284,1.94689
409,0.512025,0.0433954,8,0.866667,0.0642566,1.72064
410,0.502779,0.0326938,9,0.793333,0.0669563,1.38905
411,0.662122,0.0532167,10,0.906667,0.0655928,1.53821
412,0.602049,0.0385759,9,0.8,0.0681593,1.57068
413,0.563602,0.0528862,8,0.886667,0.0677928,1.65456
414,0.699514,0.037899,10,1.01333,0.0656982,1.45022
415,0.557644,0.068345,10,1.50667,0.0675568,1.74118
416,0.674562,0.049616,10,1.43333,0.0696594,1.45077
417,0.667708,0.0510595,10,1.23333,0.0682118,1.50263
418,0.697957,0.0889501,10,1.62667,0.0683815,1.62451
419,0.505752,0.0356999,8,0.733333,0.0705404,1.57234
420,0.581048,0.0291958,9,0.733333,0.067061,1.6355
421,0.574193,0.0326351,9,0.84,0.0671894,1.53434
422,0.491383,0.076057,10,2.57333,0.0666804,1.99229
423,0.514969,0.0343918,10,1.19333,0.0689474,1.57885
424,0.487261,0.0380087,8,0.886667,0.0668011,1.71022
425,0.750945,0.0720478,10,1.84,0.0710044,2.10166
426,0.561753,0.0392425,10,1.20667,0.0670778,1.50516
427,0.582581,0.113076,8,2.12667,0.0658459,2.12779
428,0.674555,0.15301,10,2.52,0.0706004,2.12163
429,0.63639,0.150292,10,2.74667,0.071599,2.079
430,0.738869,0.139189,10,2.39333,0.0705592,1.753
431,0.419255,0.0840945,9,1.60667,0.0656007,2.32664
432,0.738183,0.141808,10,2.37333,0.0690564,2.02437
433,0.506906,0.0917534,9,1.90667,0.0680775,2.43808
434,0.605065,0.0541127,9,1.08,0.0711512,1.78228
435,0.572911,0.0545412,9,1.1,0.0684282,1.7232
436,0.624111,0.131071,9,2.39333,0.0668906,2.09617
437,0.728918,0.14128,10,2.56667,0.0649949,1.74931
438,0.620113,0.112494,10,2.28667,0.069168,1.87062
439,0.604503,0.0764257,9,1.78,0.0666129,1.63012
440,0.764269,0.117279,10,1.94667,0.0652442,1.45234
441,0.587288,0.10302,10,1.91333,0.0683772,2.03806
442,0.651547,0.130462,10,2.4,0.0670066,2.21821
443,0.616006,0.0947401,10,1.67333,0.0668638,1.79445
444,0.553176,0.0545895,8,0.966667,0.0657647,1.30085
445,0.701866,0.102146,10,2.18,0.0678817,1.94086
446,0.675666,0.144159,10,2.35333,0.0662091,1.78691
447,0.697039,0.113688,10,2.06667,0.0674445,2.0449
448,0.765347,0.0843132,10,1.79333,0.0692513,1.77663
449,0.704988,0.0772229,10,1.66667,0.0667477,1.98903
450,0.663335,0.0887568,10,1.94667,0.0660727,1.74618
451,0.70441,0.0920546,10,1.86,0.0675884,1.67159
452,0.563321,0.0728768,10,1.74667,0.0681921,1.6647
453,0.614323,0.107087,10,2.40667,0.0709496,2.19838
454,0.584742,0.0804364,9,1.45333,0.0667877,1.71114
455,0.584761,0.102823,9,1.72,0.0643402,1.84209
456,0.577942,0.108633,9,1.76667,0.0677707,1.86031
457,0.57202,0.131176,9,2.24667,0.0676255,1.72514
458,0.655752,0.13567,10,2.42,0.0665141,1.96261
459,0.654792,0.150267,9,2.44,0.0683193,2.41331
460,0.645929,0.120121,10,1.97333,0.0667138,2.11998
461,0.691424,0.119735,10,2.18667,0.0693424,2.21593
462,0.636766,0.126545,9,2.21333,0.0680947,2.04702
463,0.777625,0.153775,10,2.81333,0.0683671,2.07434
464,0.659621,0.113871,10,2.22,0.072097,2.45351
465,0.686844,0.135551,10,2.44,0.0704621,1.99065
466,0.696289,0.161505,9,2.58667,0.0666483,1.94575
467,0.68977,0.13675,9,2.24,0.0657418,1.79097
468,0.742163,0.14299,10,2.60667,0.0672308,1.67142
469,0.739714,0.182036,10,3.19333,0.0696316,1.85149
470,0.501388,0.104087,9,1.93333,0.0659368,2.10032
471,0.604833,0.126454,9,2.42667,0.0674788,1.75837
472,0.745784,0.14356,10,2.30667,0.0643785,1.62732
473,0.618335,0.0762411,9,1.42667,0.0646821,1.72553
474,0.672996,0.0829913,9,1.60667,0.070353,2.20231
475,0.7462,0.108402,10,2.19333,0.0722241,1.93022
476,0.632364,0.103098,10,2.15333,0.0694869,2.17048
477,0.720399,0.133156,10,2.14667,0.0671367,1.69713
478,0.536647,0.109317,9,2.03333,0.0666175,2.2338
479,0.683306,0.116584,10,2.44,0.0677768,1.99465
480,0.587329,0.0949678,8,1.74,0.0667926,2.24762
481,0.506597,0.0602181,10,1.33333,0.0661831,2.00858
482,0.61787,0.085467,10,1.58,0.0675529,2.13165
483,0.727287,0.144276,10,2.28667,0.0655177,1.91288
484,0.59396,0.124129,9,2.11333,0.0691894,1.967
485,0.605086,0.127431,9,2.26667,0.0672636,2.10522
486,0.615419,0.106778,9,1.96,0.0703177,2.07867
487,0.454818,0.0979116,8,2.02,0.0667909,2.49244
488,0.665804,0.106969,10,2.34667,0.0676817,2.21728
489,0.643081,0.0757132,10,1.65333,0.0747207,2.18026
490,0.683387,0.0783109,10,1.7,0.0683444,2.39329
491,0.682405,0.0800254,10,1.59333,0.0693006,2.22369
492,0.585017,0.0695754,9,1.4,0.0666395,2.02987
493,0.599976,0.0476839,9,1,0.0640216,1.71184
494,0.584976,0.06948,9,1.28667,0.0687739,2.00974
495,0.501541,0.0589764,7,1.16667,0.067959,2.11559
496,0.644594,0.0921069,9,1.50667,0.0658234,1.63136
497,0.576937,0.100935,9,1.78,0.0687315,2.22308
498,0.685776,0.0656294,10,1.48,0.0674223,1.90205
499,0.679717,0.135188,10,2.52667,0.0709843,2.17234
500,0.574802,0.109078,9,2.26667,0.0681408,2.2632
501,0.430846,0.0683978,7,1.5,0.06945,2.73508
502,0.64172,0.090791,10,1.86,0.0687306,1.94197
503,0.469246,0.0678691,8,1.42,0.0659074,2.3228
504,0.586994,0.0713607,9,1.91333,0.0654221,1.812
505,0.720737,0.0941696,10,2.43333,0.0680022,2.34697
506,0.504064,0.105804,10,2.14667,0.0668876,2.4819
507,0.648715,0.0964024,9,2.33333,0.0666039,2.11427
508,0.668756,0.0605574,10,1.84,0.064557,1.84283
509,0.700508,0.0870554,10,2.02667,0.0651583,1.69013
510,0.686517,0.0626027,10,1.48667,0.0663102,1.97903
511,0.632508,0.0884455,9,1.97333,0.0638423,2.06136
512,0.574387,0.106469,9,2.35333,0.0686725,2.24844
513,0.655469,0.134396,9,2.36,0.0721381,2.37242
514,0.566162,0.0704648,9,1.72667,0.0621036,2.26902
515,0.624826,0.0724586,9,1.78,0.0666467,1.84514
516,0.699597,0.130674,9,2.65333,0.066989,2.37972
517,0.716285,0.141986,10,2.97333,0.0690834,2.06017
518,0.690517,0.126551,10,2.33333,0.0655181,2.1754
519,0.553307,0.118816,10,2.54667,0.0677783,2.11598
520,0.444629,0.0989181,9,1.98667,0.0676288,2.42223
521,0.668984,0.0814929,10,2.08667,0.0657773,1.96372
522,0.60311,0.0830918,10,2.09333,0.0669291,2.14102
523,0.504672,0.0926447,9,2.36667,0.0695617,2.38267
524,0.592592,0.0794925,9,2.22,0.0670455,2.31304
525,0.608458,0.0940344,10,2.32667,0.0694362,2.20513
526,0.59465,0.0980969,10,2.64667,0.0696942,2.21408
527,0.619836,0.0784795,10,2.2,0.0690523,2.11242
528,0.734157,0.0791964,10,2.09333,0.0653997,1.75608
529,0.673912,0.0891101,10,2.78,0.0694873,2.23548
530,0.436311,0.0499507,8,1.56,0.0669133,2.22448
531,0.490948,0.127609,9,2.70667,0.0687664,2.84301
532,0.599914,0.0772333,10,2.27333,0.0688481,2.32738
533,0.568671,0.107778,9,2.53333,0.0689747,2.16282
534,0.518023,0.0919356,9,2.69333,0.0682002,2.71119
535,0.573291,0.0810831,10,2.41333,0.0669055,2.26865
536,0.55761,0.0841762,8,2.26667,0.0670616,2.64945
537,0.704692,0.0997363,10,2.48,0.0687263,2.00617
538,0.566119,0.12804,9,2.83333,0.0698603,2.85299
539,0.64224,0.140855,10,2.88,0.0683929,2.58633
540,0.573855,0.148136,9,2.80667,0.0688276,2.62611
541,0.515894,0.125487,9,2.36,0.065161,2.95832
542,0.488751,0.119514,8,2.27333,0.0695498,2.70535
543,0.606276,0.148184,10,2.92,0.0691203,2.70708
544,0.511074,0.0972684,9,2.1,0.0664258,2.61094
545,0.767948,0.158257,10,2.74,0.0677754,2.31428
546,0.654399,0.165154,10,3.10667,0.0682327,2.34782
547,0.598189,0.101658,9,2.04,0.0638541,2.08311
548,0.580915,0.0762415,9,1.56,0.0667128,2.13093
549,0.720222,0.119967,9,2.26667,0.0655996,2.14654
550,0.710351,0.124089,10,2.46667,0.0656406,1.91831
551,0.750422,0.124914,10,2.22,0.0656746,1.51395
552,0.639077,0.0877118,10,2.01333,0.0697213,2.1059
553,0.667457,0.101101,10,1.96,0.0699081,2.08555
554,0.583202,0.129969,9,2.26,0.0666074,2.19228
555,0.50327,0.0877626,9,1.69333,0.0698897,2.53362
556,0.630147,0.110191,10,2.35333,0.0713929,2.46287
557,0.536699,0.105773,9,2.06,0.0653758,2.3583
558,0.64035,0.0717255,9,1.58667,0.066106,2.0433
559,0.619781,0.109511,10,1.98667,0.0665912,2.18215
560,0.590772,0.11082,9,2.07333,0.065045,2.36047
561,0.609195,0.0719065,10,1.46,0.0661189,2.20442
562,0.695499,0.0912747,10,1.66667,0.0680558,2.0409
563,0.474712,0.103542,8,1.95333,0.0670487,2.64523
564,0.554043,0.128107,10,2.32667,0.070247,2.425
565,0.609187,0.159353,10,3.06,0.0685338,2.36852
566,0.581431,0.129896,10,2.62,0.0659115,2.57349
567,0.680385,0.147378,10,2.76,0.0668862,2.13077
568,0.670869,0.150732,10,2.68667,0.0688244,2.19575
569,0.509641,0.0995287,9,2.14667,0.0685943,2.35177
570,0.591474,0.117571,9,2.22667,0.0695446,2.32775
571,0.601319,0.1534,9,2.69333,0.0670889,2.35819
572,0.633122,0.113972,10,2.26,0.0673032,2.27929
573,0.613459,0.107541,9,2.44667,0.0684052,2.35215
574,0.641016,0.121406,9,2.64,0.0718117,2.54701
575,0.682657,0.125648,10,2.62667,0.0667894,2.3703
576,0.51709,0.0784242,9,1.54,0.0675751,2.27178
577,0.523243,0.0822566,9,1.92,0.0706488,2.36958
578,0.643771,0.11033,10,2.40667,0.069408,2.86003
579,0.647364,0.0866769,10,1.96,0.0651649,2.01382
580,0.568408,0.06479,9,1.44,0.0689842,2.02219
581,0.463674,0.0558452,10,1.32667,0.0647177,1.90776
582,0.563763,0.0798214,10,2.00667,0.0703638,2.21457
583,0.589828,0.130969,9,2.35333,0.0671492,2.12841
584,0.582706,0.0934298,10,2.18,0.0658327,2.34255
585,0.688089,0.184395,10,3.24667,0.0677634,2.16312
586,0.587704,0.0941512,9,1.83333,0.0652236,1.80033
587,0.542598,0.0597716,9,1.24,0.0682706,1.72479
588,0.597153,0.115884,10,2.34,0.070819,2.53092
589,0.773846,0.167473,10,3,0.0668353,2.18078
590,0.677876,0.116587,10,2.49333,0.0682877,2.32948
591,0.545006,0.0576644,9,1.50667,0.0714979,2.41965
592,0.700869,0.0696779,10,1.52,0.0635712,1.99433
593,0.510178,0.0582231,10,1.68,0.066594,1.93309
594,0.592203,0.0461653,8,1.12,0.0677236,2.24637
595,0.629514,0.042445,9,0.92,0.0672146,2.03692
596,0.698202,0.0493642,10,0.933333,0.0682363,1.35733
597,0.657479,0.0958408,9,1.98,0.0667923,1.97827
598,0.575479,0.109368,10,2.5,0.0688427,2.40767
599,0.713102,0.127521,10,2.54,0.0699131,2.40052
600,0.615413,0.130417,9,2.65333,0.06697,2.26742
601,0.677855,0.111162,10,2.18,0.0694742,1.96947
602,0.556347,0.0795687,10,1.82,0.0671668,2.18553
603,0.584953,0.0809984,9,1.89333,0.067654,2.17728
604,0.571999,0.0658756,10,1.81333,0.0691329,2.15405
605,0.610834,0.0699245,9,1.58,0.0675101,2.2903
606,0.517083,0.0549894,9,1.38667,0.0666072,1.84192
607,0.424325,0.0485525,9,1.28667,0.0664236,1.97582
608,0.498094,0.0599955,9,1.4,0.0695023,1.82691
609,0.714082,0.107384,10,2.03333,0.0666443,1.74633
610,0.537908,0.097525,8,2.16667,0.0656065,2.23976
611,0.522166,0.0829408,9,2.08667,0.0684383,2.33872
612,0.642549,0.104472,10,2.24667,0.0694876,2.15571
613,0.588162,0.146291,10,2.85333,0.0690308,2.13053
614,0.473087,0.11982,8,2.44667,0.0673011,2.62865
615,0.491403,0.111285,10,2.64,0.0699816,2.3232
616,0.497948,0.108622,9,2.14,0.0649348,1.98601
617,0.696463,0.127351,9,2.38,0.0668575,2.49383
618,0.552207,0.119356,10,2.51333,0.0694805,2.38833
619,0.611776,0.111411,9,2.19333,0.0681172,2.28005
620,0.663855,0.155279,9,2.77333,0.0655871,2.476
621,0.625551,0.129659,10,2.76,0.0718635,2.64125
622,0.611471,0.131518,10,2.92667,0.068041,2.22913
623,0.522164,0.143232,10,3.22667,0.0677019,2.50814
624,0.563733,0.113514,8,2.34,0.0711442,2.36738
625,0.607389,0.101117,9,2.10667,0.0636599,2.18486
626,0.569926,0.0968116,8,2.08,0.069615,2.29839
627,0.586926,0.103454,9,1.86,0.0690316,2.12337
628,0.478097,0.08179,9,1.78667,0.065313,2.69062
629,0.594499,0.0944377,10,2.28667,0.0713621,2.12417
630,0.598632,0.0833927,10,1.76,0.0675258,2.31771
631,0.620738,0.0770198,9,2.34667,0.065635,2.32675
632,0.481663,0.0683786,10,1.81333,0.065909,2.30724
633,0.564004,0.0963266,10,2.48667,0.0673142,2.14514
634,0.51712,0.120237,8,2.46,0.0645416,2.36477
635,0.536646,0.0942612,9,2,0.0695789,2.41584
636,0.522428,0.140198,10,2.9,0.0713556,2.39161
637,0.593954,0.13913,9,2.84667,0.0665021,1.87612
638,0.60257,0.133556,10,2.96,0.0671173,2.38161
639,0.690662,0.157028,10,3.00667,0.0691535,2.28816
640,0.798529,0.165901,10,3.16,0.072499,2.41595
641,0.723517,0.159432,10,2.97333,0.064569,2.17001
642,0.723231,0.197913,10,3.78667,0.0707045,2.15247
643,0.483704,0.102814,10,2.62,0.0693041,2.83199
644,0.554909,0.111642,8,2.3,0.0671054,2.78073
645,0.440535,0.0668475,8,1.27333,0.0650509,2.04323
646,0.720145,0.148204,10,3,0.0692397,2.30411
647,0.653349,0.0901705,9,1.96667,0.0676593,2.22988
648,0.598266,0.0985234,9,1.93333,0.0688732,1.85844
649,0.687266,0.114875,10,2.16,0.0657497,2.0249
650,0.676382,0.13577,9,2.55333,0.0677724,2.33462
651,0.628678,0.100802,9,2.02,0.0697079,2.30847
652,0.549961,0.144388,10,2.90667,0.0692015,2.02984
653,0.694549,0.113946,10,2.24,0.0725781,2.62487
654,0.541483,0.0928236,9,1.95333,0.0685165,2.14294
655,0.555376,0.129576,10,2.42667,0.0685387,2.20584
656,0.744671,0.106214,10,1.89333,0.0654581,2.07493
657,0.6598,0.127646,10,2.49333,0.0698326,1.77495
658,0.707041,0.142305,10,2.56,0.0687591,1.93433
659,0.686448,0.105044,10,2.11333,0.0648263,1.56345
660,0.635107,0.128996,10,2.60667,0.0658075,2.08627
661,0.624174,0.103719,10,2.2,0.0692646,2.13099
662,0.656538,0.128966,10,2.6,0.0683178,2.35512
663,0.724741,0.211431,10,3.91333,0.0658989,2.30546
664,0.652519,0.145179,10,2.88,0.06909,2.08004
665,0.650852,0.15609,9,2.88667,0.0712136,2.20979
666,0.622557,0.120981,10,2.78,0.0667401,2.25535
667,0.67508,0.13166,10,2.76,0.0715476,1.9514
668,0.703597,0.153709,10,3.10667,0.0647056,2.14261
669,0.615334,0.12046,9,2.36667,0.0665636,2.67693
670,0.671366,0.141925,10,2.90667,0.0653965,2.33767
671,0.774144,0.14326,10,2.62,0.0675056,2.12911
672,0.578976,0.10029,9,2.18667,0.0685338,2.14361
673,0.764644,0.171782,10,3.26,0.066327,1.96391
674,0.632381,0.146406,9,2.94,0.0681732,2.12761
675,0.652363,0.13137,10,2.62,0.0676382,2.32899
676,0.713553,0.154547,10,2.78,0.0647047,1.86244
677,0.528897,0.112336,9,2.21333,0.0696291,2.14206
678,0.687565,0.105261,10,2.2,0.0667811,2.21673
679,0.576966,0.112488,9,2.36,0.0663032,2.03286
680,0.796602,0.160596,10,2.86,0.0683538,2.1935
681,0.578456,0.081742,9,1.52667,0.0659635,2.05695
682,0.609798,0.0669843,9,1.49333,0.0722529,1.96025
683,0.650221,0.109624,10,2.62,0.0672186,2.00106
684,0.694077,0.116622,9,2.27333,0.068397,1.96879
685,0.719751,0.16322,10,2.62667,0.0699913,1.86717
686,0.52963,0.086746,9,1.65333,0.0677677,2.0148
687,0.615588,0.104974,10,1.90667,0.0676158,1.87298
688,0.588684,0.157241,9,3.07333,0.0689178,2.24673
689,0.655443,0.130874,10,2.42,0.0695342,1.95804
690,0.787446,0.0910076,10,1.92667,0.0686644,1.80613
691,0.574703,0.0753196,9,1.67333,0.0668055,1.99409
692,0.45942,0.0570044,8,1.44,0.0685428,2.35213
693,0.664047,0.0865607,10,2.02,0.0714119,2.1366
694,0.618,0.0986659,9,1.98667,0.0708059,1.90691
695,0.642893,0.154519,9,2.86667,0.065391,2.0104
696,0.657447,0.144227,9,2.46667,0.0657417,1.99324
697,0.693575,0.123942,9,2.52,0.0716888,2.04697
698,0.550334,0.124319,8,2.08667,0.0690205,2.38318
699,0.62756,0.0959049,9,1.76667,0.0660766,2.09769
700,0.684828,0.074052,10,1.77333,0.0671825,1.74002
701,0.666097,0.0738063,10,1.64667,0.0697169,1.93342
702,0.785309,0.0863316,10,1.84667,0.0677493,1.56934
703,0.638724,0.0652392,9,1.52,0.0682224,1.79485
704,0.555221,0.0407104,9,1.08,0.0655015,1.7002
705,0.645717,0.0664818,10,1.36,0.0689222,1.4975
706,0.65948,0.0678002,10,1.4,0.0675845,1.5798
707,0.498564,0.035038,9,0.793333,0.0681156,1.49133
708,0.541856,0.049361,8,1.24667,0.06709,1.49027
709,0.622428,0.0641723,10,1.36667,0.0698833,1.5497
710,0.747166,0.17606,10,2.96,0.0701636,2.13196
711,0.554431,0.0685622,9,1.43333,0.0666113,2.27486
712,0.657013,0.0403352,9,1.70667,0.0672262,1.93937
713,0.452174,0.0463691,9,1.32,0.066993,1.8602
714,0.558342,0.0335098,10,1.35333,0.067652,1.72158
715,0.41264,0.0278924,9,0.826667,0.0677985,1.45873
716,0.733986,0.125469,10,3.38,0.066046,2.65926
717,0.64149,0.104298,10,2.36667,0.0667201,2.13237
718,0.750427,0.10382,10,1.94,0.0718498,1.72352
719,0.734838,0.181808,10,2.94,0.0689469,2.33571
720,0.554478,0.0873618,10,1.95333,0.0678065,2.18951
721,0.629493,0.0937059,9,1.88667,0.0661949,1.73167
722,0.621632,0.0853578,9,1.58667,0.0664708,2.27545
723,0.762547,0.147769,10,2.65333,0.0676708,2.01666
724,0.650933,0.0814066,10,1.48,0.0683776,1.90863
725,0.636279,0.136015,10,2.92667,0.0698181,2.15676
726,0.588097,0.0629443,8,1.4,0.0658527,2.01238
727,0.581974,0.067732,9,1.48,0.07125,1.8984
728,0.649747,0.0772307,10,1.87333,0.0652151,1.60716
729,0.690774,0.0810744,9,2.04,0.0683249,1.89503
730,0.35539,0.0527049,9,1.54667,0.0644722,2.42071
731,0.712065,0.0667582,10,1.75333,0.0727734,1.95314
732,0.541492,0.117302,8,2.32667,0.0667424,2.12093
733,0.556329,0.074226,9,1.37333,0.0682773,1.9434
734,0.673691,0.142262,10,2.67333,0.0665732,2.33403
735,0.570478,0.0849608,8,1.68667,0.066919,2.13874
736,0.8012,0.173614,10,2.87333,0.0683848,2.28158
737,0.684843,0.133125,10,2.46,0.0669225,1.92372
738,0.73042,0.110741,10,1.96667,0.0707074,1.94563
739,0.708485,0.0819038,10,1.76,0.0694171,1.92095
740,0.740598,0.155168,10,2.56667,0.0709615,2.57276
741,0.691268,0.128468,10,2.42,0.0693591,2.24113
742,0.664833,0.11784,9,2.18667,0.065813,2.40808
743,0.6678,0.155594,9,2.38,0.0651284,2.00957
744,0.731309,0.147045,10,2.65333,0.0707663,2.31964
745,0.512976,0.127866,8,1.96667,0.0674036,1.89266
746,0.695226,0.143198,10,2.84667,0.0700038,2.33447
747,0.747473,0.17453,10,3.04667,0.0705694,2.10247
748,0.613506,0.0833738,9,1.76,0.0670288,2.116
749,0.784998,0.161845,10,2.92667,0.0693852,1.93367
750,0.71218,0.177215,10,2.90667,0.066976,2.15235
751,0.712351,0.126689,10,2.5,0.070707,2.42356
752,0.689087,0.124012,9,2.17333,0.0687627,2.22353
753,0.643424,0.127499,8,2.21333,0.0685924,2.09769
754,0.594986,0.100603,8,1.69333,0.0650422,1.79359
755,0.621845,0.102555,10,1.90667,0.0656544,1.94496
756,0.73647,0.176666,10,2.75333,0.0718332,1.87266
757,0.452653,0.0972049,7,1.74667,0.065491,2.05836
758,0.644719,0.166477,9,2.54667,0.0660817,2.06353
759,0.653961,0.122969,10,2.44667,0.0678327,2.02388
760,0.427645,0.0753583,7,1.38667,0.0643411,2.39566
761,0.745167,0.113697,10,2.18,0.0685677,2.09347
762,0.692684,0.190709,9,2.92,0.0678,2.28823
763,0.54386,0.101427,8,1.87333,0.0675741,2.24268
764,0.693901,0.110412,10,1.81333,0.0704737,2.20728
765,0.775584,0.118384,10,2.10667,0.069333,2.31076
766,0.801972,0.142649,10,2.12667,0.0690623,1.71386
767,0.572277,0.0686575,9,1.30667,0.0666068,1.82801
768,0.61029,0.0899521,10,1.62667,0.0685005,1.25838
769,0.679824,0.118967,9,2.23333,0.0680152,2.02684
770,0.597997,0.170648,9,2.82667,0.0661729,2.34575
771,0.601868,0.127893,10,2.20667,0.070074,2.15547
772,0.699907,0.139587,10,2.1,0.0692722,2.05516
773,0.631265,0.126604,9,2.26667,0.0688807,2.22214
774,0.478015,0.0733486,8,1.23333,0.0676651,2.19287
775,0.70262,0.107092,10,1.8,0.0675588,1.75865
776,0.69904,0.130704,9,2.1,0.0688381,2.03479
777,0.623899,0.0916262,9,1.66,0.0638403,1.85722
778,0.753856,0.182972,10,2.96667,0.0675396,1.92995
779,0.722185,0.150958,10,2.61333,0.068837,1.95738
780,0.644433,0.173929,10,2.68,0.0674354,2.28181
781,0.702849,0.117091,10,2.00667,0.0674168,1.94479
782,0.769513,0.141421,10,2.39333,0.0699999,2.14938
783,0.789927,0.177596,10,2.82,0.0710432,1.77382
784,0.625563,0.14243,9,2.34,0.0697725,2.31623
785,0.717817,0.117704,10,2.12667,0.0669704,1.82065
786,0.614445,0.150274,9,2.40667,0.0686071,2.10261
787,0.703431,0.164252,10,2.70667,0.0685393,2.23974
788,0.748383,0.14563,9,2.46667,0.0729526,2.31287
789,0.51308,0.102793,8,1.94,0.0667519,2.26076
790,0.611676,0.133112,9,2.24667,0.0659509,2.02031
791,0.580244,0.124517,9,1.91333,0.0647321,2.30202
792,0.642634,0.103481,10,1.92,0.0691238,2.19427
793,0.642211,0.126688,9,2.16667,0.0695825,2.15812
794,0.722371,0.180435,9,2.82,0.0675811,2.10489
795,0.735019,0.167912,10,2.72,0.0714668,2.17679
796,0.638882,0.150679,9,2.19333,0.0672293,2.1313
797,0.673952,0.145568,9,2.25333,0.0688476,2.33352
798,0.710852,0.145724,9,2.4,0.0678075,2.18831
799,0.701473,0.141263,10,2.44,0.0665989,2.34533
800,0.544843,0.0993149,8,1.58,0.0626937,2.04531
801,0.54874,0.0996203,9,1.64667,0.0665064,2.03617
802,0.587337,0.0972477,9,1.71333,0.0679814,2.01698
803,0.67429,0.122767,10,1.84,0.0691804,1.73162
804,0.575142,0.108012,8,1.84,0.0662087,2.34468
805,0.574263,0.132528,9,2.23333,0.0643097,2.151
806,0.725762,0.123725,9,2.16667,0.0685634,2.02676
807,0.726063,0.102795,10,1.58667,0.0649836,1.71319
808,0.56735,0.0781497,9,1.3,0.0659932,1.94049
809,0.683564,0.122348,9,2.02,0.0678384,2.44407
810,0.753021,0.112203,10,1.91333,0.0698213,2.03746
811,0.708784,0.128563,10,2.08667,0.0683391,1.82159
812,0.665326,0.100425,10,1.7,0.065634,1.89342
813,0.728962,0.139026,10,2.43333,0.068251,2.13923
814,0.603002,0.0947357,9,1.98,0.0679781,2.18262
815,0.673965,0.128815,10,2.11333,0.0678257,1.64243
816,0.805698,0.174166,10,2.68667,0.0673482,1.69172
817,0.679284,0.125646,9,2.14667,0.068781,2.11829
818,0.475567,0.0871807,10,1.56,0.0702015,1.95709
819,0.686458,0.0754134,9,1.32667,0.0680473,1.62379
820,0.588326,0.153891,9,2.66,0.0686277,2.58933
821,0.58467,0.0970517,9,1.84,0.0672496,1.86148
822,0.579406,0.135577,9,2.5,0.0680457,2.08379
823,0.738957,0.137653,10,2.34,0.0666387,2.12672
824,0.710788,0.119436,9,2.04,0.0682239,2.10221
825,0.66071,0.113379,9,1.75333,0.0720242,2.12214
826,0.625126,0.111044,10,1.89333,0.0730702,1.97367
827,0.700816,0.102233,9,1.71333,0.0686588,1.9732
828,0.557236,0.112801,9,2.18667,0.065844,2.26053
829,0.632928,0.109884,10,2.14667,0.0653598,2.05002
830,0.563252,0.0792598,7,1.40667,0.0653388,1.85256
831,0.733554,0.124689,10,2.06,0.0675783,1.896
832,0.581557,0.0849946,9,1.48667,0.0669864,1.88831
833,0.677332,0.0915979,9,1.50667,0.065178,1.55295
834,0.551176,0.0749354,8,1.52667,0.067624,2.00423
835,0.697077,0.121596,9,2.22667,0.0664295,1.64812
836,0.650893,0.103448,9,1.75333,0.0709001,1.99235
837,0.537133,0.10887,8,2.1,0.0643249,2.23226
838,0.491686,0.0734804,8,1.38,0.0672957,2.28227
839,0.588749,0.0873719,9,1.55333,0.066725,1.9241
840,0.617692,0.0832189,9,1.57333,0.065963,1.96808
841,0.756029,0.166505,10,2.80667,0.069094,1.80285
842,0.649468,0.0914225,10,1.64667,0.0662559,1.66648
843,0.581124,0.0726047,8,1.35333,0.0658772,1.8009
844,0.593339,0.0777644,9,1.54,0.0666472,2.05181
845,0.6686,0.100338,9,1.76667,0.0676308,1.96485
846,0.542903,0.0860442,8,1.50667,0.066148,2.09125
847,0.471788,0.0441914,8,1.08667,0.0652698,1.68553
848,0.760099,0.108582,10,1.86667,0.0703057,1.90449
849,0.633364,0.11371,10,1.82,0.0685521,2.02457
850,0.596342,0.121185,10,2.04667,0.0688897,1.95117
851,0.562578,0.0744142,8,1.34667,0.0675281,1.99794
852,0.62334,0.0923319,9,1.7,0.0684196,1.86058
853,0.546079,0.10669,9,2.17333,0.0661614,2.06681
854,0.74133,0.109148,10,1.72,0.0717631,1.83069
855,0.613242,0.0830908,9,1.42,0.0683848,2.13962
856,0.641394,0.113473,10,2.29333,0.0638549,1.96289
857,0.547783,0.12148,9,2.16,0.0669781,2.02432
858,0.792115,0.144751,10,2.42,0.0668095,1.80133
859,0.692845,0.126243,10,2.23333,0.0649519,1.79494
860,0.661506,0.134721,10,2.28,0.0682569,1.91234
861,0.666579,0.115512,10,2.17333,0.0688544,1.78043
862,0.573702,0.0679066,9,1.44667,0.0692851,1.76065
863,0.719135,0.0697654,10,1.44,0.0692855,1.53022
864,0.461176,0.0492682,8,0.98,0.0655465,1.56104
865,0.541279,0.0625376,7,1.27333,0.0673631,1.67858
866,0.593516,0.0814094,10,1.56,0.0677904,1.74948
867,0.552587,0.0506739,10,1.16,0.0682761,1.7363
868,0.62291,0.0576661,9,1.45333,0.0665934,1.83648
869,0.635877,0.0415736,10,1.25333,0.0675293,1.87334
870,0.616669,0.0513363,8,1.50667,0.0676283,1.82016
871,0.570467,0.0605042,10,1.88,0.0726283,1.78855
872,0.616858,0.088091,9,2.19333,0.0644712,1.97896
873,0.584088,0.0616698,9,1.99333,0.0675394,2.34584
874,0.628043,0.0545273,9,1.74667,0.0722439,2.19592
875,0.480046,0.0512811,8,1.35333,0.0648165,2.08166
876,0.536858,0.0464348,9,1.26,0.0671684,1.86327
877,0.456968,0.0412785,9,1.09333,0.0652501,1.63024
878,0.699665,0.0544949,10,1.34667,0.0690144,1.41232
879,0.58116,0.0623005,10,1.56,0.0716241,1.81413
880,0.653653,0.0617454,10,1.63333,0.0678134,1.71534
881,0.633663,0.171287,10,3.46,0.070496,2.18643
882,0.558938,0.102742,9,2.06667,0.0692704,2.49153
883,0.62098,0.131457,10,2.65333,0.0688463,2.33293
884,0.669172,0.124618,10,2.24,0.0710248,2.50129
885,0.612068,0.115867,9,2.22667,0.0665617,2.09564
886,0.658754,0.167137,10,2.83333,0.0668651,2.24521
887,0.659274,0.123879,10,2.44667,0.0685309,2.28708
888,0.643766,0.12233,10,1.99333,0.0665588,1.7038
889,0.746777,0.131167,10,2.29333,0.0672521,1.66951
890,0.564024,0.105359,10,2.08,0.0644208,1.82843
891,0.529276,0.0855093,10,1.77333,0.0673212,1.54792
892,0.65796,0.107208,9,1.94667,0.0659986,1.6168
893,0.607683,0.118735,10,2.31333,0.0699941,2.48534
894,0.636174,0.0967502,9,1.92,0.0628127,1.95366
895,0.561192,0.0826676,9,1.8,0.0679019,2.08397
896,0.586015,0.105262,8,1.95333,0.0676165,2.22013
897,0.689714,0.141565,10,2.58,0.0641003,2.0915
898,0.759348,0.171796,10,3.30667,0.0706955,2.34452
899,0.654054,0.0873262,10,2.34,0.0695811,2.44006
900,0.688417,0.108704,10,2.01333,0.0694637,2.15546
901,0.634964,0.0778321,10,1.63333,0.0685457,2.15366
902,0.520492,0.0856329,9,1.7,0.0679759,2.02163
903,0.758579,0.148918,10,2.84,0.0673781,1.66796
904,0.517946,0.108623,9,1.94,0.0691616,2.06831
905,0.602703,0.122859,9,2.07333,0.0672944,2.31081
906,0.796832,0.155305,10,2.66667,0.0701441,1.86013
907,0.663763,0.123253,10,2.52,0.0655087,2.06093
908,0.575649,0.0928697,8,1.78667,0.0677017,1.77192
909,0.714269,0.144988,10,2.77333,0.0644145,1.904
910,0.616589,0.16118,9,3.19333,0.070371,2.42439
911,0.594024,0.115156,9,2.26667,0.0675065,2.02158
912,0.685305,0.180106,10,3.18,0.0660434,2.22633
913,0.585744,0.100041,9,2.23333,0.0651141,2.53088
914,0.619151,0.10722,10,2.08667,0.067512,2.34699
915,0.775501,0.142693,10,2.26,0.0656238,1.83758
916,0.766006,0.17307,10,3.24,0.0710599,2.33622
917,0.507934,0.112893,9,2.14,0.0667286,2.39578
918,0.428601,0.114415,6,2.01333,0.0630854,2.35128
919,0.522533,0.106793,8,2.24,0.0674337,2.48216
920,0.608734,0.117984,9,2.41333,0.0670282,2.45931
921,0.551532,0.0675834,9,1.38667,0.0651983,2.17913
922,0.62992,0.0866774,9,1.64,0.0678556,2.08964
923,0.613509,0.0802777,9,1.58667,0.0665756,2.11192
924,0.716427,0.148134,10,2.42667,0.0706872,2.28058
925,0.628421,0.1621,10,2.89333,0.0722525,2.19462
926,0.652681,0.115719,10,1.93333,0.0678321,2.15981
927,0.647689,0.0797148,9,1.48667,0.0684894,1.84974
928,0.610198,0.065502,10,1.28,0.0693701,1.36202
929,0.676002,0.0855864,9,1.54667,0.0640005,2.06696
930,0.609117,0.0560534,8,1.07333,0.0686528,1.97038
931,0.680247,0.112943,10,2.02,0.0701741,2.23683
932,0.59076,0.143765,9,2.48667,0.0673452,2.47
933,0.618996,0.117013,9,2.19333,0.0648433,2.10299
934,0.56285,0.105004,8,1.98667,0.0697944,2.14248
935,0.630899,0.11176,10,2.41333,0.0696356,2.06219
936,0.673721,0.120193,10,1.96667,0.0691434,1.88872
937,0.589583,0.0947395,9,1.70667,0.0640471,2.16792
938,0.640613,0.124976,9,2.05333,0.0720804,2.64111
939,0.615091,0.127826,10,2.56,0.0687362,2.432
940,0.661817,0.114145,10,2.32,0.0659815,2.53821
941,0.59308,0.103234,9,2.36667,0.069182,2.58975
942,0.582338,0.103989,8,1.89333,0.0686551,2.02736
943,0.715049,0.179688,10,2.98667,0.0738194,2.30854
944,0.750071,0.153693,9,2.59333,0.0659449,2.3624
945,0.501954,0.111901,9,2.22,0.0680716,3.08046
946,0.597343,0.127243,9,2.38667,0.0672272,2.30516
947,0.710664,0.205183,10,3.53333,0.0683582,2.31951
948,0.753616,0.192036,10,3.30667,0.0690279,2.2363
949,0.722805,0.171003,10,2.77333,0.0709019,2.1367
950,0.64589,0.157971,10,3.09333,0.0697188,2.59302
951,0.625405,0.116239,9,2.26667,0.0692317,2.06646
952,0.57683,0.0909431,9,1.75333,0.0674846,2.31301
953,0.579746,0.106719,9,2.01333,0.0679682,1.91941
954,0.617208,0.101931,9,1.83333,0.0665354,2.00337
955,0.665259,0.111315,10,2.02667,0.0714808,2.18395
956,0.751577,0.175351,10,3,0.0695244,2.21266
957,0.599389,0.135392,9,2.2,0.0648346,2.47045
958,0.751718,0.186813,10,3.00667,0.0670296,2.27443
959,0.595074,0.138955,8,2.38667,0.0665555,2.40793
960,0.657917,0.128271,9,2.23333,0.0715676,2.17921
961,0.74971,0.0978629,10,1.72,0.0672594,1.90955
962,0.797988,0.162597,10,2.53333,0.0682206,1.69102
963,0.746026,0.11196,10,2.05333,0.0640057,1.47582
964,0.719896,0.113907,10,2.08,0.0677146,1.6958
965,0.709037,0.109086,10,1.76667,0.066519,1.61504
966,0.773535,0.187453,10,2.99333,0.0709497,2.13741
967,0.787616,0.157909,10,2.44667,0.0686908,1.58977
968,0.64142,0.10977,9,1.98667,0.0682071,1.83455
969,0.705421,0.0913834,10,1.56667,0.0646063,1.79246
970,0.69031,0.133488,10,2.23333,0.0660926,2.21674
971,0.669637,0.118822,9,1.83333,0.0671279,1.97249
972,0.668629,0.103885,10,1.86667,0.0707077,1.73723
973,0.675754,0.110052,10,1.98667,0.0689189,2.0239
974,0.637327,0.140456,9,2.27333,0.066943,2.23226
975,0.79163,0.198248,10,2.94667,0.0681682,1.63726
976,0.706074,0.179243,10,2.72667,0.0688968,1.87867
977,0.65829,0.114055,9,2.02667,0.0700871,2.03059
978,0.7191,0.122241,10,1.93333,0.0684419,1.93988
979,0.754457,0.184489,10,3.11333,0.070869,1.80516
980,0.663568,0.14534,10,2.46667,0.067026,1.99768
981,0.742356,0.115013,10,1.98667,0.0697303,2.27158
982,0.764842,0.182082,10,2.76,0.0681314,2.3019
983,0.771892,0.163707,10,2.60667,0.0683742,1.96791
984,0.641661,0.142965,9,2.48667,0.0685131,2.03512
985,0.729089,0.149791,10,2.35333,0.0688212,1.90149
986,0.538979,0.136518,8,2.10667,0.0699015,2.20071
987,0.757798,0.14794,10,2.27333,0.0699158,2.25267
988,0.636037,0.120371,9,2.04667,0.0664663,2.28938
989,0.720763,0.136772,10,2.21333,0.0667485,1.92898
990,0.757747,0.120474,10,1.88,0.0678098,2.09452
991,0.76091,0.165897,10,2.59333,0.0656788,2.13981
992,0.597166,0.142042,9,2.2,0.065424,2.33965
993,0.688044,0.157021,10,2.57333,0.0652067,2.20137
994,0.768389,0.225284,10,3.54,0.0699482,2.29127
995,0.601672,0.146889,9,2.30667,0.0650385,2.06352
996,0.667154,0.150227,10,2.66667,0.06797,2.45726
997,0.782692,0.18132,10,2.82,0.0664145,2.17679
998,0.69064,0.141458,10,2.42,0.0674901,2.38246
999,0.786077,0.141741,10,2.38667,0.0745099,1.95506
1000,0.726794,0.139237,10,2.26667,0.0671414,2.07644
