1,0.315841,0.00415364,7,0.18,0.124472,1.18201
2,0.32229,0.00519429,7,0.146667,0.0677186,1.16753
3,0.200425,0.00408856,4,0.106667,0.0695985,1.23078
4,0.18894,0.00382389,4,0.16,0.0699564,1.02254
5,0.105333,0.002019,7,0.12,0.0746228,0.7534
6,0.0698678,0.00121008,2,0.0933333,0.0625686,0.8235
7,0.0811774,0.000958955,3,0.0666667,0.0732152,0.848203
8,0.00911259,0.000363484,1,0.0466667,0.068415,0.748242
9,0.154643,0.00246383,4,0.14,0.101781,0.833052
10,0.105323,0.0019157,3,0.1,0.0737543,0.847597
11,0.0375646,0.000651538,4,0.08,0.0723649,0.950613
12,0.104802,0.00319523,2,0.113333,0.0701173,0.799948
13,0.199067,0.00345505,5,0.0933333,0.0847185,0.727723
14,0.124017,0.00248324,5,0.126667,0.0688502,0.97632
15,0.181481,0.0073425,4,0.22,0.0691847,0.971938
16,0.0966061,0.00368019,4,0.22,0.0704635,0.854713
17,0.192868,0.00392657,6,0.313333,0.0702409,0.848514
18,0.317468,0.00660623,7,0.493333,0.0726812,0.790124
19,0.125235,0.0037654,5,0.34,0.067856,0.827131
20,0.187066,0.00662422,5,0.38,0.0665958,0.877149
21,0.374637,0.0102189,7,0.38,0.0729489,0.89606
22,0.0803193,0.00155483,3,0.14,0.0664233,0.694632
23,0.327721,0.00525935,9,0.346667,0.0664518,2.11228
24,0.491254,0.00955097,10,0.393333,0.0673329,1.75826
25,0.326753,0.00562682,7,0.213333,0.0686734,1.54738
26,0.414026,0.00784307,6,0.326667,0.0669217,1.43321
27,0.311203,0.0047705,6,0.233333,0.0696628,1.06587
28,0.28972,0.012231,9,0.566667,0.0636388,0.976378
29,0.209771,0.0116354,7,0.673333,0.0684853,1.07839
30,0.374847,0.0136293,7,0.453333,0.0682033,1.11159
31,0.297395,0.0475356,8,1.64,0.0701307,2.16416
32,0.307593,0.0583822,9,2.58,0.0684793,2.19038
33,0.360536,0.0404495,9,1.72,0.0980458,2.23215
34,0.248483,0.032004,9,1.71333,0.0712278,2.00443
35,0.187331,0.0131167,7,0.733333,0.0713197,1.80354
36,0.289497,0.0112329,7,0.573333,0.0663837,1.61985
37,0.292614,0.0191909,6,0.593333,0.0726714,1.65583
38,0.218964,0.00759327,9,0.68,0.0688909,1.49675
39,0.126881,0.00483023,8,0.486667,0.0672006,1.56334
40,0.262947,0.0248958,7,1.54,0.0691111,1.71592
41,0.337489,0.0552654,7,1.74667,0.138177,1.51575
42,0.109704,0.0192175,8,2.28667,0.0684959,2.25894
43,0.218017,0.0616816,9,3.07333,0.0726434,2.13456
44,0.23784,0.0360114,10,3.12,0.0746252,2.2226
45,0.190841,0.0242674,7,2.33333,0.0759339,2.39193
46,0.266862,0.0288261,10,2.23333,0.0672361,1.92129
47,0.169761,0.0172259,6,1.87333,0.0643872,2.15324
48,0.260678,0.0241975,9,2.35333,0.0688104,1.60442
49,0.201027,0.0291968,9,1.98,0.0693223,1.98685
50,0.133321,0.032782,8,2.7,0.0704279,2.1781
51,0.222466,0.0310991,10,2.68667,0.0677167,1.66667
52,0.121845,0.0203128,10,2.24,0.0690322,1.71823
53,0.314621,0.0332087,10,2.5,0.06844,1.588
54,0.30096,0.0467612,9,1.96,0.0679493,1.50537
55,0.312305,0.0396879,10,2.24667,0.0707795,2.07054
56,0.20753,0.0398698,10,2.76,0.0664901,2.04619
57,0.199558,0.0162633,8,1.65333,0.0654992,1.7579
58,0.356084,0.0469035,9,2.66667,0.0706064,2.15384
59,0.421223,0.0447898,9,3.15333,0.0694196,2.49175
60,0.208484,0.0274612,8,2.26,0.0650868,2.27574
61,0.26612,0.0182376,7,2.04667,0.0655486,2.51551
62,0.178632,0.0173378,9,2.22667,0.0654797,2.26015
63,0.344701,0.0283722,9,2.15333,0.0702254,2.11765
64,0.21591,0.0421608,10,3.06,0.0724186,2.62024
65,0.394229,0.0287818,9,2.85333,0.0691294,2.33525
66,0.299928,0.0364038,10,2.92667,0.0966373,2.72961
67,0.206638,0.0419299,9,2.69333,0.0705146,2.51522
68,0.256147,0.0448989,10,3.17333,0.0663027,2.16149
69,0.286202,0.0614096,9,4.1,0.077246,2.77762
70,0.283911,0.0662945,9,3.13333,0.0677191,2.47999
71,0.242788,0.0480904,10,3.33333,0.0757899,2.91273
72,0.26615,0.0373955,9,2.7,0.0697787,1.93432
73,0.259666,0.0547527,10,3.44667,0.0689697,2.15935
74,0.186779,0.0186206,6,2.25333,0.0660606,2.28829
75,0.269738,0.0694379,10,3.52667,0.0696084,1.78723
76,0.198421,0.0346202,10,2.98,0.0714245,2.28242
77,0.191472,0.0381879,10,2.90667,0.0697655,1.73442
78,0.293563,0.0485328,10,3.04,0.0715033,1.93926
79,0.118178,0.0309007,9,3.54667,0.068828,2.30652
80,0.279436,0.0571691,9,3.93333,0.0652188,2.05059
81,0.220397,0.0470765,8,4.08667,0.0703812,2.2497
82,0.146151,0.0314873,10,3.44667,0.0740962,2.17403
83,0.281887,0.0453703,10,3.38667,0.0664018,2.11437
84,0.193666,0.0226133,10,2.86667,0.0673348,1.91821
85,0.304535,0.0377391,9,2.55333,0.0695461,2.18399
86,0.221929,0.0380382,9,3.07333,0.0672048,1.93563
87,0.203234,0.0420733,10,4.25333,0.0671986,2.06701
88,0.295857,0.0552568,10,3.94,0.0728468,2.11174
89,0.25661,0.040314,10,3.48,0.0714241,2.24566
90,0.165123,0.0393206,10,3.96667,0.0684559,2.19665
91,0.455393,0.032493,9,3.10667,0.066198,2.30303
92,0.314376,0.0561047,10,4.25333,0.0665069,2.23642
93,0.357766,0.0921423,10,4.36,0.0706258,1.83315
94,0.375988,0.0591037,8,4,0.0681882,2.25358
95,0.223122,0.054822,10,3.73333,0.0692606,1.97451
96,0.363946,0.0667081,9,3.66,0.0685255,2.54499
97,0.36675,0.0745903,10,4.28667,0.0652025,2.2624
98,0.430194,0.0635486,10,3.93333,0.0687621,2.09051
99,0.575132,0.0398996,9,3.97333,0.0665173,2.2306
100,0.566829,0.0561206,10,4.25333,0.0697377,2.13184
101,0.563963,0.121732,10,4.52,0.0671515,2.38107
102,0.456216,0.0622003,9,3.38,0.0657664,2.42875
103,0.46021,0.0591127,10,4.35333,0.0670318,2.239
104,0.568391,0.0628039,10,4.20667,0.0665137,2.26375
105,0.5438,0.060533,10,3,0.0667006,2.37397
106,0.458223,0.0603218,10,4.06,0.0680596,2.09017
107,0.442022,0.0635882,9,3.38,0.0657618,2.34358
108,0.546752,0.0497005,9,4.06667,0.0680806,2.36367
109,0.278148,0.0413813,9,3.77333,0.0680281,2.25188
110,0.327625,0.0840869,10,4.50667,0.0708418,2.0588
111,0.272522,0.0517713,10,3.7,0.0673798,1.97194
112,0.220063,0.0329143,10,3.63333,0.0650396,2.22008
113,0.226728,0.0342371,9,3.26667,0.0660565,2.11643
114,0.136506,0.034734,9,3.42,0.0707236,2.05004
115,0.15078,0.0485438,10,4.72,0.0677568,2.19575
116,0.13493,0.0400948,10,4.03333,0.069086,2.20829
117,0.375386,0.0808846,10,4.16667,0.0857272,1.95843
118,0.183697,0.0485634,8,3.25333,0.0673533,2.26634
119,0.270345,0.054208,10,3.94667,0.0636863,2.21231
120,0.173672,0.0351831,10,3.96,0.0646613,2.03368
121,0.295005,0.0567962,10,4.34667,0.0870156,2.1246
122,0.227074,0.0686898,10,4.47333,0.0712459,2.00139
123,0.209953,0.0462618,10,3.89333,0.0679796,2.1465
124,0.25823,0.0488271,10,4.25333,0.0677135,2.08207
125,0.290077,0.0688816,10,3.96,0.06903,2.02069
126,0.335644,0.0943905,10,4.5,0.0750468,1.93414
127,0.214547,0.0461587,10,4,0.0684998,2.19074
128,0.320723,0.101159,10,4.58,0.0729745,2.01182
129,0.30427,0.0877506,10,4.32,0.0684649,1.98516
130,0.194084,0.0503409,9,3.28,0.0756469,2.22765
131,0.308262,0.0522658,9,3.12667,0.0670491,2.13754
132,0.222202,0.0417426,9,3.57333,0.0678725,2.10443
133,0.308851,0.0659877,10,4.27333,0.0697973,1.85002
134,0.213859,0.0426624,9,3.22667,0.0652875,2.21726
135,0.280367,0.0834528,10,4.45333,0.0739899,1.99525
136,0.258175,0.0491159,9,3.76667,0.0678909,2.1887
137,0.212364,0.0568232,9,3.34667,0.0674365,2.26524
138,0.220237,0.057929,9,4.12667,0.0704604,2.22865
139,0.363663,0.0577853,8,2.85333,0.063939,2.3869
140,0.18948,0.0378967,10,3.87333,0.0692754,2.07475
141,0.231091,0.0736328,10,4.68,0.0696708,2.21532
142,0.309892,0.072694,10,3.69333,0.066406,2.02258
143,0.350868,0.0795019,9,4.22667,0.069412,2.14351
144,0.290861,0.0366496,9,3.4,0.0685676,2.04328
145,0.250371,0.0465597,10,4.84,0.0693069,1.96897
146,0.276705,0.0304321,9,3.44,0.0704828,2.30971
147,0.24058,0.0344197,10,3.54667,0.0683317,1.92593
148,0.197509,0.0363763,10,4.15333,0.0694533,1.98007
149,0.23242,0.0381815,10,3.54,0.065839,2.06971
150,0.386315,0.0640509,10,4.47333,0.0683655,2.18531
151,0.201902,0.0416338,9,3.26,0.0682965,2.04213
152,0.31516,0.0667189,9,3.48,0.0698883,1.89559
153,0.492799,0.0641122,10,4.22667,0.0699108,1.90114
154,0.512405,0.0349598,10,3.12,0.0637574,1.84618
155,0.276259,0.0569996,10,3.18,0.0688926,2.15064
156,0.236752,0.0430791,9,3.42667,0.0671414,1.73
157,0.294211,0.0345432,9,3,0.0691943,2.02613
158,0.269484,0.035703,9,3.04667,0.0686084,2.03327
159,0.277054,0.030043,10,3.64,0.0674418,1.65267
160,0.28045,0.0450186,10,3.30667,0.0650653,1.77267
161,0.363854,0.0512985,10,3.83333,0.0657513,1.74574
162,0.390692,0.0479078,10,3.75333,0.0683087,2.24797
163,0.355391,0.0617969,9,3.17333,0.0769009,2.01723
164,0.562156,0.060162,10,3.86,0.0697448,1.93823
165,0.366046,0.0462544,10,3.26,0.0664828,1.96333
166,0.17198,0.0337018,9,3.32667,0.0687235,1.98505
167,0.290593,0.0329726,9,2.93333,0.067101,1.92764
168,0.420072,0.0538388,9,3.16,0.0704759,1.75603
169,0.347966,0.0473597,10,3.59333,0.0722641,1.78849
170,0.211672,0.0302935,9,3.34667,0.0665975,1.89605
171,0.212404,0.0368187,10,3.42,0.0673167,2.01645
172,0.596192,0.0692576,10,4.02667,0.0736289,2.15684
173,0.509325,0.0858486,10,3.15333,0.0696172,2.28445
174,0.675401,0.0482274,10,3.29333,0.0719413,1.80817
175,0.601349,0.0753148,10,4.02,0.0701218,1.90247
176,0.596597,0.0479157,8,3.08,0.0647226,1.79547
177,0.479221,0.0567486,9,2.84667,0.0671638,1.92486
178,0.460237,0.0335208,10,2.69333,0.0662379,1.91677
179,0.344804,0.0446436,10,2.64667,0.0682963,1.87
180,0.711139,0.0698671,10,3.38,0.0686691,1.93443
181,0.326069,0.0408469,9,2.42667,0.0675103,1.84421
182,0.381915,0.0555145,9,2.62,0.0691187,2.0952
183,0.615686,0.0995594,10,3.86,0.0732926,1.8186
184,0.364519,0.0632217,10,3.46,0.0691219,2.15677
185,0.545356,0.0513359,9,3.64667,0.0705635,1.76283
186,0.454613,0.0740434,10,3.31333,0.0684195,2.28489
187,0.554072,0.0868126,10,3.43333,0.0684608,2.09145
188,0.354599,0.0557813,9,2.81333,0.0665764,2.08692
189,0.541381,0.0470642,10,3.64,0.067955,1.96517
190,0.465213,0.0527939,9,2.94667,0.0679341,2.15444
191,0.546875,0.0497265,10,3.06,0.0691262,2.18197
192,0.538439,0.0702144,9,3.41333,0.0689466,1.77091
193,0.419936,0.0345579,10,2.98667,0.0650068,2.29531
194,0.272299,0.0371888,10,3.22,0.0693515,2.34992
195,0.257761,0.059443,9,3.20667,0.0688526,2.01239
196,0.309558,0.0907365,10,4.62,0.0733434,1.92054
197,0.347702,0.0398019,10,3.3,0.0660108,1.75456
198,0.381751,0.0474113,10,2.8,0.0682518,1.90621
199,0.214646,0.0413177,8,2.54,0.0694312,2.05749
200,0.273297,0.0756729,10,4.44,0.0672065,1.86198
201,0.319061,0.0384783,9,3.41333,0.0662958,1.98543
202,0.21324,0.041733,10,4.51333,0.0701982,1.88718
203,0.215813,0.0449916,9,3.74,0.0673979,2.17361
204,0.349323,0.0636763,10,3.92667,0.0715301,1.97696
205,0.34731,0.0714468,9,3.78667,0.0713508,2.37472
206,0.224436,0.0403085,10,3.74667,0.0669224,2.03029
207,0.227733,0.0527045,10,3.42,0.065793,1.97402
208,0.299042,0.0407379,9,3.59333,0.0661025,1.95556
209,0.409382,0.0850356,10,4.33333,0.0707289,2.01297
210,0.32721,0.0925538,10,5.45333,0.0687614,1.79954
211,0.181653,0.0576225,9,3.86,0.0668329,2.03734
212,0.302087,0.08896,10,4.56667,0.0661469,2.02798
213,0.329597,0.0671723,10,4.66667,0.0678287,1.74202
214,0.375879,0.0759931,10,4.02667,0.0685063,2.28247
215,0.310892,0.0515966,8,2.86667,0.0634432,2.25141
216,0.135159,0.0301897,10,3.83333,0.0705337,2.24874
217,0.291554,0.066906,10,4.10667,0.0641719,2.19564
218,0.480539,0.118218,10,5.47333,0.0704907,1.95005
219,0.312205,0.0747172,10,4.24667,0.0690119,1.86702
220,0.288724,0.0608867,10,4.34,0.0664191,1.65983
221,0.391996,0.0848701,10,5.27333,0.0715089,1.63589
222,0.259144,0.0406725,10,4.16,0.0683066,1.94814
223,0.390628,0.0800613,10,3.82,0.0660865,2.05547
224,0.228666,0.0645451,10,4.07333,0.0680235,2.08307
225,0.239102,0.0461658,10,4.17333,0.0722995,1.75381
226,0.188407,0.0366589,10,3.99333,0.0672746,1.7108
227,0.218768,0.0620101,10,4.53333,0.0707586,1.97369
228,0.217593,0.0713465,10,4.12667,0.0665088,1.80629
229,0.424814,0.122113,10,6.22,0.0705859,1.69174
230,0.37775,0.0847746,10,4.37333,0.0716561,1.74246
231,0.323436,0.0496572,10,3.85333,0.0661963,1.7912
232,0.358453,0.0515541,10,3.9,0.0691861,1.74756
233,0.248307,0.0774133,10,5.24,0.0726434,1.72705
234,0.200041,0.0312347,10,3.45333,0.0642709,1.95408
235,0.241984,0.0514193,10,4.63333,0.0681053,1.74335
236,0.329356,0.0678607,10,4.70667,0.0698951,1.8035
237,0.232242,0.0522044,10,3.45333,0.0656997,2.12064
238,0.218191,0.0508554,9,3.73333,0.0677518,1.7984
239,0.285583,0.0449387,8,3.77333,0.0706075,2.23481
240,0.22154,0.0329178,10,3.66667,0.0680219,1.82045
241,0.252241,0.0552657,10,5.09333,0.0715387,1.71343
242,0.221666,0.0722404,9,3.73333,0.0658472,1.99515
243,0.379627,0.0766365,9,3.75333,0.0657422,1.94059
244,0.367005,0.0933144,10,4.8,0.0683181,2.05057
245,0.151615,0.0345529,9,3.44667,0.0661316,2.00479
246,0.295565,0.0645079,10,4.40667,0.0700789,1.82265
247,0.307604,0.0588811,10,3.75333,0.0695103,1.87621
248,0.332532,0.10714,10,5.36,0.0706055,2.07341
249,0.216244,0.031447,10,3.15333,0.069312,2.12341
250,0.305883,0.0644634,10,4.38667,0.0694677,2.14921
251,0.149214,0.0593803,10,3.60667,0.0613485,1.91121
252,0.372624,0.0850392,9,4.10667,0.0668803,2.08692
253,0.218093,0.0503858,9,3.70667,0.0688447,2.25392
254,0.207282,0.0403243,10,3.7,0.0659151,2.40329
255,0.151001,0.0425905,9,4.52,0.0671488,1.71565
256,0.275057,0.0652864,10,3.46667,0.066016,2.10563
257,0.300138,0.064683,10,5.04,0.0662688,2.1102
258,0.448799,0.103204,9,4.16667,0.0667245,2.04159
259,0.493597,0.0847102,10,4.56667,0.0683036,2.05028
260,0.31707,0.0802027,10,5.52,0.0698168,1.94708
261,0.336882,0.0540911,10,4.54667,0.0708445,2.10703
262,0.293919,0.0604864,9,3.74,0.0673339,2.04111
263,0.293039,0.103274,10,4.80667,0.0677457,1.90289
264,0.403884,0.0839668,10,4.39333,0.0639931,1.93311
265,0.327734,0.0967538,10,5.09333,0.0694328,1.77161
266,0.385907,0.11168,10,4.49333,0.0670294,1.77109
267,0.270357,0.0618714,10,4.39333,0.0666651,1.80344
268,0.288915,0.0624697,9,3.48,0.0639812,1.85922
269,0.331712,0.0818842,10,4.42667,0.0660851,1.79329
270,0.332617,0.0781323,10,4.64,0.0715411,1.7738
271,0.422556,0.0612846,10,3.67333,0.0670758,1.92934
272,0.387871,0.125802,9,4.53333,0.0676103,2.05143
273,0.321603,0.0919027,9,4.12667,0.0686474,1.86864
274,0.244677,0.0812856,10,3.96667,0.0641033,1.90569
275,0.403109,0.0436021,9,3.52,0.0645419,1.79658
276,0.466877,0.106833,10,4.88,0.0723465,1.70363
277,0.370978,0.0632954,10,4.50667,0.0687148,2.03615
278,0.304327,0.0810588,9,3.71333,0.0660421,1.71961
279,0.287159,0.0637714,9,3.83333,0.0694947,1.93917
280,0.447878,0.0924281,10,4.36667,0.0682766,1.81305
281,0.423177,0.0876812,10,4.6,0.0704948,2.20458
282,0.303756,0.0510585,10,4.71333,0.0674852,1.85689
283,0.412403,0.0829982,10,3.60667,0.0656539,2.07763
284,0.473593,0.144392,10,5.11333,0.0699344,2.04211
285,0.422132,0.0723474,8,3.8,0.0650786,1.8719
286,0.70544,0.119969,10,5.00667,0.0710654,2.10763
287,0.554851,0.0846827,10,4.56,0.0923711,2.2207
288,0.284613,0.0588999,9,3.78667,0.06705,2.00182
289,0.377978,0.0582121,10,4.49333,0.0713356,2.04226
290,0.370674,0.075311,10,4.59333,0.0679729,2.00666
291,0.38069,0.0508289,10,4.66667,0.0714128,1.9278
292,0.329711,0.0608254,10,5.56,0.0692208,2.09028
293,0.446108,0.088927,9,4.06667,0.0644572,1.98895
294,0.374769,0.0854973,9,3.76,0.0656181,2.36543
295,0.283202,0.0531803,9,3.94,0.0701092,2.23369
296,0.538825,0.134953,10,4.52,0.069181,2.0192
297,0.468458,0.142481,10,4.66,0.0684572,1.81007
298,0.467262,0.0849103,9,4.02667,0.0680255,1.774
299,0.287038,0.0454106,9,3.37333,0.0643999,1.73115
300,0.48977,0.0627072,10,4.26667,0.0663895,2.02233
301,0.448858,0.131767,10,4.6,0.0707041,2.51152
302,0.551541,0.0963635,10,5.16,0.073489,1.98647
303,0.634407,0.126059,10,5.44,0.0731786,1.97727
304,0.361416,0.0501661,10,3.55333,0.0681801,2.5445
305,0.522274,0.0701426,10,5.10667,0.0696099,2.10315
306,0.466465,0.0885672,10,4.95333,0.0643361,2.20146
307,0.404211,0.0855421,10,4.94667,0.0679711,2.01801
308,0.447374,0.0831648,10,4.57333,0.0681931,2.1574
309,0.532575,0.0949218,10,4.42,0.0650307,1.97613
310,0.390191,0.0824654,9,3.94,0.0667689,1.99165
311,0.384694,0.0895318,10,4.64,0.06821,2.16331
312,0.46476,0.0822743,10,4.94,0.0682911,1.82564
313,0.452791,0.0838516,9,4.33333,0.0711592,2.15238
314,0.69905,0.139114,10,5.42667,0.0701676,1.72708
315,0.552427,0.144485,9,4.09333,0.0663309,2.15812
316,0.454212,0.0445679,9,3.9,0.0663721,2.18141
317,0.459962,0.139134,10,5.48,0.0715367,1.99975
318,0.436646,0.0700203,10,4.85333,0.0676893,1.88049
319,0.545459,0.0704189,9,3.73333,0.0711854,2.02922
320,0.565243,0.0440539,10,4.60667,0.0643796,1.94806
321,0.290864,0.0805353,9,3.86667,0.0657525,2.32455
322,0.385256,0.041574,10,4.32667,0.0723047,1.87869
323,0.575226,0.126238,10,5.78,0.0700671,1.97458
324,0.377424,0.0714236,9,4.4,0.0662908,2.06168
325,0.379244,0.124181,10,4.84667,0.0711302,1.99276
326,0.277332,0.0403844,10,4.2,0.0673937,1.91979
327,0.298522,0.0522699,9,4.07333,0.0671115,2.20314
328,0.36777,0.0558136,10,4.53333,0.0652687,2.04821
329,0.23757,0.0407793,9,3.98,0.06371,2.08649
330,0.316266,0.0475015,10,4.18,0.0658761,2.08838
331,0.233435,0.0841684,9,4.38667,0.07087,2.19068
332,0.374233,0.0883524,9,4.26,0.0655891,2.10058
333,0.482958,0.0973031,10,5.15333,0.0720036,1.82284
334,0.477467,0.0610177,9,3.26,0.0670828,2.16601
335,0.405628,0.113365,10,4.25333,0.0654725,2.2731
336,0.415037,0.101303,10,5.42667,0.0719248,2.06953
337,0.21953,0.0471754,9,3.51333,0.0660238,2.07229
338,0.404329,0.0766777,10,5.3,0.0685843,1.96435
339,0.390528,0.0560817,10,5.33333,0.0634533,1.74051
340,0.392657,0.101956,10,4.83333,0.069083,2.05482
341,0.388338,0.0563694,10,4.99333,0.067941,2.0237
342,0.47002,0.0957254,10,5.53333,0.0704318,1.8035
343,0.57789,0.137854,10,4.90667,0.0701457,2.12441
344,0.366446,0.0791379,9,3.48667,0.0660787,2.43777
345,0.525536,0.0851615,10,5.24,0.0691285,1.98176
346,0.553678,0.047042,10,4.12667,0.0701907,2.19063
347,0.456372,0.0461391,9,3.31333,0.0630491,2.54896
348,0.225614,0.057211,10,4.78667,0.0664414,2.25543
349,0.476344,0.11145,10,5.15333,0.0692687,2.08774
350,0.416438,0.0890602,10,4.92667,0.0697233,2.04519
351,0.507298,0.0942324,10,4.31333,0.068229,2.08383
352,0.446063,0.0367999,9,3.32667,0.0657988,2.06047
353,0.428691,0.0586056,10,4.12667,0.0691234,2.03404
354,0.629899,0.0653004,9,3.86,0.0653096,1.84241
355,0.488298,0.137477,10,5.12,0.0671136,1.77637
356,0.517495,0.120356,10,4.33333,0.0697367,1.91899
357,0.606671,0.0655013,10,4.26,0.0668398,1.83597
358,0.322495,0.054803,10,2.92,0.0632165,2.48034
359,0.406732,0.101403,10,4.62667,0.0670661,1.50949
360,0.475181,0.088345,10,5.4,0.0736542,2.09267
361,0.468043,0.0546781,9,3.48,0.062863,1.81257
362,0.538475,0.0590563,10,5.32,0.073491,2.06448
363,0.358376,0.0630172,9,3.72667,0.0649834,2.44134
364,0.435837,0.0501023,10,4.46,0.069816,2.16189
365,0.476416,0.0784596,10,3.47333,0.0701715,1.97248
366,0.590756,0.0628498,10,4.68,0.0722033,2.207
367,0.280615,0.0459243,10,4.08,0.0672846,1.99788
368,0.29075,0.0428759,9,4.17333,0.0695636,2.05246
369,0.569841,0.0832184,9,4.54667,0.0670661,1.91393
370,0.443986,0.0953073,9,3.88667,0.0725888,2.04583
371,0.605898,0.0476935,10,4.18667,0.0684743,2.05764
372,0.664235,0.0756049,10,4.99333,0.07451,2.00019
373,0.637934,0.047068,10,4.13333,0.0616465,1.87847
374,0.700871,0.0427541,10,3.66,0.0628435,1.7471
375,0.531596,0.0605403,10,3.94667,0.0692208,1.75098
376,0.480056,0.0462399,10,3.85333,0.0658484,2.01036
377,0.411413,0.0429431,10,4.02667,0.0670934,1.87644
378,0.447232,0.0545173,10,4.10667,0.0643827,1.78792
379,0.520999,0.0832154,10,4.74,0.0701889,1.82226
380,0.408926,0.0347675,9,3.43333,0.0671386,1.82377
381,0.42301,0.044323,9,3,0.0660479,1.83573
382,0.622405,0.0559943,10,4.54667,0.0718521,1.93497
383,0.462987,0.0818574,10,4.12667,0.0655963,1.88227
384,0.528928,0.0563722,10,4.54,0.0668715,2.03342
385,0.672041,0.124046,10,4.22667,0.0690401,2.43525
386,0.377423,0.0541412,9,3.54667,0.0665507,2.3334
387,0.481023,0.0482583,10,4.45333,0.0683534,1.82514
388,0.636229,0.0849275,10,4.43333,0.0691421,1.79118
389,0.814948,0.0703199,10,3.8,0.0692009,2.05128
390,0.591359,0.0660422,10,3.40667,0.0644953,1.96318
391,0.773132,0.0565082,10,3.88,0.0702483,1.80507
392,0.598533,0.0667725,10,4.00667,0.0685912,1.79239
393,0.616163,0.061647,10,3.9,0.0704315,1.98575
394,0.617462,0.0534568,9,3.14,0.0715744,2.23094
395,0.73328,0.102762,10,5.49333,0.073673,1.87599
396,0.51947,0.0405951,10,3.78,0.0678818,1.88495
397,0.446303,0.0534456,8,3.61333,0.0705504,2.0885
398,0.527486,0.0750358,10,4.89333,0.0707515,1.99511
399,0.479551,0.0441373,9,3.88,0.0664708,2.09805
400,0.640804,0.0857561,10,4.9,0.07186,1.84479
401,0.559776,0.0544246,10,4.50667,0.0697493,1.77503
402,0.410634,0.0856512,9,4.57333,0.0700808,1.9832
403,0.430966,0.0465481,9,3.42,0.0682071,1.93285
404,0.540468,0.0564994,9,3.90667,0.069789,1.81738
405,0.442153,0.039344,10,3.72667,0.0651914,1.77989
406,0.551649,0.0523953,10,4.32667,0.0675042,1.78406
407,0.435339,0.0322621,8,2.88667,0.0656734,2.09128
408,0.607611,0.0656715,10,4.68667,0.0690358,1.92391
409,0.600347,0.0751859,9,3.46,0.0683278,1.83575
410,0.571689,0.0903663,10,3.70667,0.0661529,1.55487
411,0.514578,0.0732779,7,3.02,0.0609058,1.68933
412,0.527551,0.0768064,10,3.96,0.0665974,1.84857
413,0.589763,0.071985,9,3.76,0.0681983,2.02207
414,0.734552,0.0651853,10,4.11333,0.0665727,2.03566
415,0.657321,0.110367,9,3.72,0.0674439,2.32498
416,0.716911,0.0844575,10,4.29333,0.070679,2.03565
417,0.799377,0.0787891,9,4.03333,0.0689642,1.81511
418,0.586917,0.127771,9,3.63333,0.0676546,2.47751
419,0.62676,0.115149,10,4.32667,0.0685288,1.96044
420,0.683009,0.173718,10,4.61333,0.0715758,2.20458
421,0.725598,0.154412,10,4.34667,0.0694343,2.23205
422,0.670855,0.118354,9,3.9,0.0688353,2.13129
423,0.74643,0.205373,10,3.93333,0.0688459,2.05318
424,0.862945,0.1564,10,3.94,0.0676108,2.26375
425,0.77219,0.132469,10,3.64667,0.0686094,2.32442
426,0.739648,0.0969578,10,2.76667,0.0685595,2.56831
427,0.602954,0.165297,9,3.60667,0.0678103,2.31416
428,0.815145,0.144099,10,3.7,0.0675001,2.45906
429,0.594766,0.150006,9,3.25333,0.0649181,2.72919
430,0.788682,0.136802,10,3.05333,0.0652865,1.984
431,0.570731,0.108978,10,3.19333,0.0684429,2.51043
432,0.599907,0.112955,10,2.88667,0.066398,2.38803
433,0.713465,0.125879,10,3.22,0.0673042,2.18072
434,0.534491,0.0916219,9,2.31333,0.065603,2.39907
435,0.600299,0.0940467,9,2.46667,0.0679818,2.38341
436,0.431236,0.0595607,8,1.81333,0.066137,2.29378
437,0.630066,0.0730389,10,2.22667,0.0680516,1.81525
438,0.659297,0.130068,10,2.96,0.0684335,2.09359
439,0.786121,0.106038,10,2.94667,0.0676309,2.33437
440,0.741112,0.145107,10,3.33333,0.0671739,2.23565
441,0.561934,0.144214,10,3.03333,0.0685955,2.57445
442,0.83829,0.136885,10,2.97333,0.0682739,2.21171
443,0.668358,0.186788,9,3.39333,0.0715047,2.43067
444,0.574463,0.11726,10,2.43333,0.0663821,2.90964
445,0.697467,0.136675,10,2.59333,0.0672985,2.53096
446,0.684469,0.12177,10,2.36667,0.0691931,2.54642
447,0.891059,0.200865,10,3.42667,0.0698373,2.35616
448,0.723272,0.145707,9,2.92667,0.0693129,2.44714
449,0.611058,0.0962587,9,2.2,0.0660291,2.93274
450,0.753659,0.165558,10,2.92667,0.0689888,2.3421
451,0.823896,0.132495,10,2.71333,0.07187,2.44988
452,0.677896,0.13893,9,2.24,0.0663412,2.09307
453,0.882653,0.164508,10,2.93333,0.0682483,2.09538
454,0.873179,0.21237,10,3.24,0.0688847,2.18203
455,0.67737,0.143004,8,2.64,0.0650658,2.56646
456,0.624144,0.120278,9,2.63333,0.0647148,2.44807
457,0.803669,0.129138,10,2.70667,0.068947,2.69898
458,0.705846,0.148753,9,2.76667,0.0651018,2.45391
459,0.684386,0.142097,9,2.69333,0.0682881,2.3271
460,0.575976,0.110359,8,2.22,0.0659066,2.3162
461,0.802846,0.147003,10,2.67333,0.0692744,2.43088
462,0.731429,0.160567,9,3.04667,0.0662689,2.88505
463,0.560834,0.116667,9,2.57333,0.065628,2.60583
464,0.687333,0.13342,10,2.47333,0.0690509,2.57164
465,0.751565,0.135041,10,2.99333,0.0703276,2.56078
466,0.723782,0.12708,10,2.99333,0.0677334,2.55419
467,0.679629,0.145858,9,3.55333,0.0686471,2.56762
468,0.527948,0.0950206,9,2.31333,0.066263,2.59569
469,0.556683,0.0850823,9,2.31333,0.0647673,3.09013
470,0.768875,0.109686,10,2.64667,0.0699723,2.40648
471,0.761717,0.129896,10,3.3,0.0701806,2.36431
472,0.729545,0.171884,10,3.74667,0.067296,2.68932
473,0.675122,0.171328,10,3.28,0.0677849,2.63071
474,0.651344,0.143551,10,2.93333,0.0664636,2.80449
475,0.725106,0.132817,9,2.46667,0.0683221,2.38861
476,0.729517,0.135727,10,2.89333,0.0665306,2.32186
477,0.774812,0.169085,10,3.02,0.066545,2.15488
478,0.825763,0.184075,10,3.77333,0.0678865,2.35082
479,0.614188,0.123055,9,2.96667,0.0656755,2.61854
480,0.656112,0.130493,10,3.05333,0.0670767,2.65534
481,0.83283,0.189275,10,3.76667,0.0744358,2.37679
482,0.696978,0.186597,10,3.84,0.0704345,2.80249
483,0.640348,0.135729,10,2.94,0.0700051,2.50464
484,0.719453,0.17598,9,3.08,0.0692134,2.58423
485,0.693485,0.151504,9,3.06,0.0676347,2.57354
486,0.631008,0.188785,9,3.17333,0.0661303,2.42395
487,0.737653,0.153292,9,2.8,0.0706235,2.37478
488,0.675379,0.15585,10,3.05333,0.0684825,2.49443
489,0.63324,0.144046,10,2.63333,0.0670828,2.48027
490,0.769784,0.168031,10,3.09333,0.0653932,2.30859
491,0.652418,0.126756,9,2.39333,0.0680995,3.0842
492,0.70326,0.169143,10,3.29333,0.0646857,2.4584
493,0.781328,0.185822,10,3.23333,0.0659757,2.24564
494,0.710396,0.160186,9,3,0.0683954,2.65246
495,0.671867,0.15166,9,2.95333,0.0685626,2.60408
496,0.703753,0.148915,10,2.90667,0.0661816,2.37584
497,0.915855,0.246648,10,4.04,0.0686556,2.26922
498,0.65035,0.18838,9,3.52667,0.0648189,2.37865
499,0.852446,0.209114,10,3.61333,0.067891,2.4047
500,0.788454,0.221823,10,3.96,0.0699257,2.53953
501,0.793987,0.180847,10,3.49333,0.0738374,2.69831
502,0.781927,0.19397,10,3.54,0.0682445,2.35158
503,0.701084,0.161557,10,3.04,0.0658629,2.6064
504,0.748081,0.179163,10,3.10667,0.0640546,2.35219
505,0.74616,0.231123,10,3.75333,0.0710625,2.57657
506,0.567091,0.113933,9,2.17333,0.0672314,2.7416
507,0.637285,0.136211,9,2.7,0.0682349,2.53369
508,0.649418,0.139478,10,2.5,0.0649298,2.28732
509,0.678203,0.128587,10,2.32667,0.0674293,2.34672
510,0.643359,0.142376,10,2.47333,0.0687644,2.67443
511,0.628144,0.117234,10,2.21333,0.0680377,2.40065
512,0.676941,0.14187,10,2.56,0.0692849,2.51042
513,0.567863,0.1225,8,2.30667,0.0692029,2.78354
514,0.728282,0.225772,10,3.7,0.0694804,2.5969
515,0.69156,0.156631,9,2.62,0.0685101,2.47478
516,0.608079,0.124892,9,2.30667,0.0685308,3.09441
517,0.568008,0.135648,9,2.10667,0.0663248,2.50109
518,0.558053,0.151018,9,2.36,0.063687,2.61591
519,0.707154,0.1735,9,2.82,0.0659248,2.52487
520,0.668481,0.173256,9,2.84,0.0720654,2.51487
521,0.804489,0.18872,10,2.80667,0.0684754,2.63167
522,0.719195,0.147529,10,2.51333,0.0677227,2.68744
523,0.696198,0.16103,10,2.58,0.0691949,2.6195
524,0.720031,0.152463,10,2.36667,0.0685821,2.71463
525,0.669964,0.110302,10,2.04,0.0666372,2.91079
526,0.647061,0.172328,9,2.82667,0.062586,2.64569
527,0.719089,0.168043,10,2.94667,0.0684788,3.16067
528,0.678743,0.17542,9,2.84667,0.0717549,2.84723
529,0.742329,0.135805,10,2.71333,0.0663504,2.88465
530,0.798657,0.222012,10,3.28,0.0701838,2.71472
531,0.78398,0.170608,10,2.74667,0.069476,2.78884
532,0.674954,0.14726,9,2.38,0.0673991,2.64357
533,0.80761,0.138888,10,2.42,0.0713534,2.4033
534,0.629328,0.110686,8,2.06667,0.0651639,2.59469
535,0.604759,0.11412,9,2.04,0.0666423,2.68875
536,0.566399,0.117961,9,2.14,0.0696395,2.901
537,0.757143,0.127046,10,2.17333,0.066051,2.36002
538,0.571881,0.106497,9,1.83333,0.0648484,2.64116
539,0.807674,0.125745,10,2.46667,0.0692972,2.27901
540,0.85031,0.116928,10,2.12,0.0663957,2.35987
541,0.728826,0.155979,9,3.18667,0.0686751,2.75844
542,0.654309,0.104475,8,1.80667,0.0700198,2.37039
543,0.742048,0.134845,10,2.76,0.0661747,2.51742
544,0.793391,0.149273,10,3.12667,0.0671739,2.18117
545,0.670358,0.0895932,9,1.88,0.0687152,2.43732
546,0.641969,0.0906205,9,1.92667,0.0649002,2.68033
547,0.565797,0.0694339,10,2.05333,0.0657961,2.73927
548,0.616263,0.0904847,10,2.41333,0.0647453,3.09795
549,0.778877,0.167019,10,3.36,0.0670623,2.57929
550,0.627721,0.076444,10,1.98667,0.0674452,3.02324
551,0.672892,0.104906,10,2.59333,0.0699257,2.80166
552,0.637858,0.160206,10,3.30667,0.0682936,3.07036
553,0.633607,0.112937,10,2.47333,0.0705688,2.93679
554,0.707331,0.177428,9,2.86,0.0680138,2.38131
555,0.710392,0.202311,9,3.36667,0.0712099,2.62371
556,0.751323,0.189382,10,3.09333,0.0677308,2.43816
557,0.651787,0.16397,10,2.58667,0.067535,2.65527
558,0.621734,0.146615,10,2.58667,0.0645437,2.50088
559,0.819798,0.23606,10,3.56,0.0688633,2.58782
560,0.768466,0.237876,10,3.8,0.0694233,2.54836
561,0.657836,0.167131,10,2.92667,0.067823,2.76207
562,0.65919,0.188241,10,3.24667,0.0681267,2.7791
563,0.726831,0.196902,9,3.16667,0.0681145,2.57334
564,0.70579,0.173441,10,3.19333,0.0647948,2.71906
565,0.771873,0.195287,10,3.30667,0.0684154,2.43661
566,0.73732,0.154322,10,2.72,0.0696593,2.397
567,0.81056,0.176145,10,3.16667,0.0682327,2.41178
568,0.638014,0.176142,9,3.05333,0.0676085,2.83365
569,0.62977,0.134274,9,2.3,0.0657929,2.83819
570,0.725281,0.201506,10,3.24667,0.0690224,2.56878
571,0.679529,0.163217,10,2.82667,0.0686677,2.37892
572,0.779869,0.185226,10,3.06,0.0697015,2.81514
573,0.774786,0.202357,9,3.24667,0.0672574,2.8106
574,0.72254,0.180966,9,2.94667,0.067514,2.64592
575,0.666097,0.17418,9,2.88667,0.0651862,2.56288
576,0.83068,0.207581,10,3.24,0.0657676,2.74475
577,0.777581,0.195762,10,3.4,0.0701531,2.5045
578,0.533161,0.126785,8,2.12,0.0656778,2.39057
579,0.799686,0.171294,10,2.98667,0.0706988,2.47978
580,0.708109,0.148637,9,2.64,0.0680231,2.35013
581,0.841505,0.172797,10,2.78,0.0710707,2.59483
582,0.759926,0.127109,10,2.16,0.0669274,2.43107
583,0.816935,0.163421,9,2.69333,0.0699384,2.33292
584,0.856631,0.215322,10,3.21333,0.0683065,2.17357
585,0.699885,0.151375,9,2.56667,0.069405,2.49484
586,0.668516,0.145627,9,2.55333,0.0683693,2.79259
587,0.678678,0.135554,9,2.38,0.0654688,2.60861
588,0.84444,0.142559,10,2.40667,0.0686377,2.1769
589,0.814544,0.160617,10,2.58667,0.0685641,2.20514
590,0.900775,0.148241,10,2.58667,0.0692251,2.54927
591,0.814909,0.169424,10,2.72667,0.070927,2.41234
592,0.70361,0.125349,9,2.48667,0.0675429,2.47255
593,0.672893,0.128561,10,2.23333,0.067215,2.29975
594,0.910324,0.142316,10,2.57333,0.0700612,2.15166
595,0.714189,0.13321,10,2.46667,0.0704492,2.67079
596,0.784298,0.102581,10,1.83333,0.0688244,2.40516
597,0.675036,0.094254,10,1.87333,0.0673455,2.16891
598,0.736275,0.107614,10,2.08,0.0683275,1.98443
599,0.854107,0.104115,10,2.26667,0.0676709,1.95902
600,0.701671,0.150244,9,2.54,0.0716222,2.61819
601,0.74694,0.147223,10,2.52667,0.0653542,2.45707
602,0.718905,0.172841,9,2.74667,0.0649934,2.29269
603,0.706883,0.11486,9,2.11333,0.0656891,2.25671
604,0.618174,0.153821,8,2.42,0.0626679,2.53723
605,0.627845,0.146437,9,2.68,0.0661005,2.88876
606,0.726282,0.142069,10,2.35333,0.0696547,2.29174
607,0.64508,0.109982,9,2.11333,0.0658553,2.39948
608,0.757821,0.185182,10,3.05333,0.0657717,2.46236
609,0.757917,0.154141,10,2.63333,0.0651937,2.37112
610,0.771559,0.149636,10,2.56,0.0680397,2.67434
611,0.734807,0.173946,10,2.81333,0.0680912,2.60463
612,0.649321,0.161684,8,2.45333,0.0662278,2.51277
613,0.712928,0.135087,10,2.28,0.0659575,2.11235
614,0.694374,0.171375,9,2.68667,0.0700108,2.05056
615,0.681024,0.135563,10,2.36,0.0702896,2.37742
616,0.739113,0.156148,10,2.55333,0.067508,2.46635
617,0.664141,0.14978,9,2.28,0.0679986,2.37404
618,0.68945,0.164782,9,2.68,0.0649592,2.65135
619,0.711074,0.209661,9,3.38667,0.0691134,2.70623
620,0.821059,0.216659,10,3.45333,0.0703579,2.71599
621,0.719166,0.187602,9,2.86,0.0649481,2.66421
622,0.805866,0.211237,10,3.11333,0.0696377,2.66516
623,0.781492,0.211363,10,3.17333,0.0724534,2.36185
624,0.818237,0.183032,10,2.9,0.0710585,2.4618
625,0.611533,0.115907,9,2.04,0.0626941,2.02151
626,0.770308,0.153173,10,2.49333,0.0646678,2.30134
627,0.659844,0.128613,9,2.19333,0.0631758,2.57707
628,0.664591,0.125164,9,2.29333,0.0699312,3.01374
629,0.745843,0.129477,10,2.53333,0.0669623,2.50759
630,0.809284,0.127541,9,2.15333,0.0704605,2.47237
631,0.899771,0.209242,10,3.05333,0.0712009,2.10782
632,0.676271,0.104618,8,1.84,0.064957,2.60707
633,0.765364,0.196286,10,3.05333,0.0666317,2.54845
634,0.790971,0.188902,9,2.96667,0.0716186,2.71443
635,0.722465,0.142077,10,2.48,0.0673475,2.25728
636,0.826025,0.177391,10,2.95333,0.0694008,2.86335
637,0.759915,0.169226,10,2.74,0.0702121,2.28562
638,0.58943,0.0999764,7,1.74667,0.0642814,2.35497
639,0.686338,0.110369,8,2.06,0.0656761,2.31295
640,0.723489,0.114701,10,2.04667,0.0637537,2.4081
641,0.711011,0.13658,9,2.34667,0.0700174,2.84728
642,0.559317,0.100594,8,1.58667,0.0660807,2.52067
643,0.768967,0.144517,10,2.36,0.0684659,2.48529
644,0.678252,0.148816,9,2.43333,0.0676652,2.36412
645,0.713718,0.195168,10,2.84,0.0701494,2.14999
646,0.546544,0.12925,7,2.01333,0.0669734,2.46547
647,0.777055,0.158692,10,2.62,0.0689617,2.3376
648,0.682989,0.122808,9,1.80667,0.0653048,1.83713
649,0.622938,0.116989,9,1.93333,0.0670108,1.98013
650,0.600393,0.142651,9,2.00667,0.064832,2.22766
651,0.696413,0.129232,9,2.11333,0.0652821,1.83973
652,0.663094,0.138983,9,2.28667,0.069726,2.29249
653,0.734519,0.178147,10,2.5,0.0687607,1.7479
654,0.752644,0.154075,9,2.20667,0.0664716,1.74386
655,0.51999,0.1197,8,1.98,0.0650766,2.27425
656,0.653934,0.11807,9,2.07333,0.064449,1.86828
657,0.560427,0.0735802,8,1.32,0.067024,2.12886
658,0.721557,0.0990143,9,1.64667,0.0660506,1.73906
659,0.758944,0.11927,10,1.95333,0.0645966,1.79672
660,0.725311,0.117286,9,1.98,0.0673591,2.64145
661,0.703978,0.107083,10,1.72667,0.0696683,2.10011
662,0.801038,0.265739,10,3.93333,0.068063,2.44041
663,0.617821,0.14711,8,2.12,0.0661637,2.38272
664,0.677242,0.190761,10,2.97333,0.0637644,2.13062
665,0.822794,0.167704,10,2.44667,0.0718579,2.22615
666,0.801335,0.115613,9,1.92667,0.0684658,2.63118
667,0.802536,0.125079,9,1.95333,0.0665081,2.20291
668,0.721151,0.13351,9,2.22667,0.0662475,2.53732
669,0.719258,0.199032,10,3.18,0.0690959,2.63306
670,0.606445,0.152045,9,2.56,0.0659381,2.88498
671,0.721291,0.134677,9,2.04,0.0648433,2.28229
672,0.810294,0.157722,10,2.54,0.0713183,2.43338
673,0.611699,0.108482,8,1.71333,0.0663913,2.27093
674,0.822304,0.12417,10,1.99333,0.0708962,2.1627
675,0.657956,0.171021,9,2.51333,0.0685991,1.99405
676,0.763834,0.144318,10,2.1,0.0684963,1.73719
677,0.674846,0.182223,9,2.68,0.0685093,2.27976
678,0.84908,0.201311,10,2.92,0.0660362,1.93377
679,0.852498,0.181519,10,2.74,0.067254,1.97681
680,0.696585,0.114566,9,1.94667,0.0648704,2.22162
681,0.851187,0.125835,10,1.94667,0.0690241,1.91719
682,0.776916,0.15658,10,2.74667,0.0689507,2.32582
683,0.844389,0.172775,10,2.62,0.0698377,2.34076
684,0.654437,0.161473,9,2.65333,0.0637855,2.2954
685,0.838947,0.160763,10,2.56667,0.0672388,2.15363
686,0.811737,0.226813,10,3.61333,0.0704521,2.28008
687,0.754676,0.143482,10,2.39333,0.0685853,2.10366
688,0.852525,0.233096,10,3.54,0.0689594,2.35119
689,0.823902,0.225054,10,3.31333,0.0707795,2.08357
690,0.818045,0.209186,10,3.11333,0.0699909,2.17426
691,0.751926,0.170468,9,2.64,0.0639251,2.12611
692,0.868523,0.186995,10,2.99333,0.0721296,2.21644
693,0.692003,0.157855,9,2.66,0.067813,2.38944
694,0.648248,0.163938,9,2.58,0.0682291,2.27084
695,0.7466,0.160642,10,2.73333,0.071527,2.19901
696,0.793425,0.170795,10,2.7,0.0707096,2.28705
697,0.789108,0.194489,10,3.11333,0.0706079,2.39661
698,0.769668,0.163455,10,2.82667,0.0681051,2.4933
699,0.78701,0.174767,9,3.14,0.0673769,2.52256
700,0.811345,0.19983,10,3.41333,0.0678983,2.50707
701,0.726088,0.167624,10,2.91333,0.0651113,2.48738
702,0.64966,0.15841,9,2.64,0.0645762,2.63464
703,0.842531,0.211101,10,3.18,0.0656273,2.30182
704,0.718066,0.13006,10,2.12,0.0690954,2.26164
705,0.79038,0.20791,9,3.45333,0.0688954,2.55216
706,0.787418,0.182756,9,3,0.0708457,2.54474
707,0.704434,0.174905,10,2.88667,0.068706,2.31814
708,0.580634,0.145693,8,2.34667,0.0670507,2.3826
709,0.805686,0.199275,10,3.34667,0.0688319,2.54227
710,0.762781,0.189253,10,3.04667,0.0705789,2.97286
711,0.553197,0.128079,9,2.36667,0.0643482,2.5691
712,0.780934,0.183751,9,3.09333,0.0681018,2.82006
713,0.719274,0.1485,9,2.72667,0.0654468,2.59729
714,0.463279,0.0831424,8,1.76667,0.0655861,2.58111
715,0.683243,0.104771,9,2.02667,0.0687814,2.53936
716,0.660709,0.150771,10,2.82,0.0650595,2.42172
717,0.719542,0.175233,10,3.25333,0.069126,2.75272
718,0.580395,0.136546,8,2.32,0.0650588,2.85154
719,0.663422,0.169917,10,3.19333,0.071335,2.70489
720,0.613083,0.126256,9,2.50667,0.0666158,2.64544
721,0.56577,0.143877,9,2.76667,0.0676367,3.26022
722,0.728556,0.122575,10,2.14,0.0672728,2.15748
723,0.674288,0.0781398,9,1.95333,0.0681661,2.70664
724,0.64638,0.0793137,10,1.58,0.0651877,2.00277
725,0.63907,0.160654,10,2.82,0.0680781,2.92518
726,0.767835,0.121011,10,2.06667,0.0630819,2.10038
727,0.698614,0.0849638,10,1.72,0.0682128,2.25589
728,0.575808,0.0698312,9,1.58667,0.0668695,2.26462
729,0.664633,0.120119,9,2.15333,0.0682166,2.37617
730,0.60684,0.136535,9,2.42667,0.0627224,2.457
731,0.761279,0.159362,10,2.79333,0.07263,2.63315
732,0.60984,0.13231,9,2.52,0.0657518,2.65663
733,0.833537,0.205265,10,3.59333,0.067569,2.27894
734,0.701744,0.158174,10,2.94,0.0681465,2.40765
735,0.760602,0.162135,9,2.95333,0.0667778,2.56003
736,0.838845,0.209811,10,3.64667,0.0704771,2.53383
737,0.75978,0.158466,10,2.86,0.065789,2.45835
738,0.702758,0.135871,9,2.58667,0.0666248,2.17035
739,0.727071,0.120391,9,2.45333,0.0715577,2.56238
740,0.756297,0.162921,10,2.94,0.0644774,2.22369
741,0.722187,0.145782,9,2.46667,0.0650052,2.53566
742,0.54498,0.124073,8,1.99333,0.066781,2.44709
743,0.766443,0.186919,10,3.43333,0.0685524,2.57731
744,0.671494,0.170988,9,3.37333,0.0665385,3.07302
745,0.71763,0.168785,10,3.06667,0.0686202,2.74554
746,0.766172,0.142671,10,2.40667,0.0691257,2.42687
747,0.733471,0.145863,10,2.66667,0.0684474,2.69966
748,0.709929,0.131059,10,2.56667,0.0670747,2.52827
749,0.849356,0.187461,10,3.36667,0.0712583,2.11413
750,0.815444,0.161395,10,3.3,0.0733862,2.62625
751,0.775809,0.149438,10,2.92,0.071099,2.46475
752,0.647964,0.170593,10,2.85333,0.0704228,2.47767
753,0.634625,0.140722,9,2.68667,0.068861,2.66447
754,0.721734,0.180293,10,3.34,0.067384,2.61374
755,0.587105,0.125135,10,2.52,0.0694546,2.81416
756,0.739353,0.136423,10,2.52667,0.070173,2.35789
757,0.640855,0.0990671,9,1.98,0.0659343,1.9685
758,0.743398,0.169644,9,2.65333,0.0681576,2.5335
759,0.698254,0.123097,10,2.25333,0.0694183,2.07977
760,0.780834,0.129168,10,2.26667,0.0662865,1.86954
761,0.658997,0.11897,9,2.23333,0.0684113,2.37792
762,0.658174,0.142374,10,2.73333,0.0714133,2.14719
763,0.775429,0.172084,9,2.92,0.0702942,2.25849
764,0.890476,0.215383,10,3.11333,0.0672387,2.05806
765,0.645197,0.135387,9,2.31333,0.0644477,2.229
766,0.755586,0.171464,10,2.53333,0.0692332,1.75382
767,0.573443,0.137271,8,2.28,0.0660174,2.08979
768,0.769855,0.141393,10,2.47333,0.0671415,2.09675
769,0.729709,0.210289,9,3.04,0.0690951,2.24923
770,0.747249,0.219153,9,3.27333,0.0697865,2.44242
771,0.54321,0.0981681,8,1.94,0.0626305,2.39852
772,0.745217,0.170319,9,3.1,0.0664093,2.47029
773,0.538703,0.132222,7,2.2,0.0650587,3.00653
774,0.738261,0.195334,10,3.48667,0.0704983,2.69496
775,0.670549,0.127941,9,2.29333,0.068036,3.41666
776,0.753484,0.20352,10,3.58,0.0692834,3.30458
777,0.674098,0.164244,10,3.06667,0.0698604,2.79086
778,0.706583,0.150754,10,2.9,0.0680672,3.06747
779,0.583667,0.0915425,8,2.00667,0.0653905,2.59978
780,0.714517,0.116428,9,2.19333,0.0684824,2.23212
781,0.828658,0.157785,10,2.86,0.0644292,2.51776
782,0.618606,0.129473,9,2.54,0.0683228,3.16495
783,0.699456,0.117611,10,2.38667,0.0714534,2.7564
784,0.681673,0.148499,9,3.00667,0.0674674,2.90722
785,0.752789,0.111088,10,2.15333,0.0681388,2.87502
786,0.61555,0.135918,9,2.55333,0.064644,2.34911
787,0.576045,0.155005,10,2.78,0.0628783,2.39773
788,0.719276,0.172957,10,3.18,0.0647367,2.42501
789,0.81764,0.164107,10,3.04667,0.0701323,2.60789
790,0.708574,0.18044,9,2.81333,0.0675649,2.32611
791,0.644789,0.134819,9,2.41333,0.0678442,2.6517
792,0.594502,0.0812768,10,1.73333,0.0645324,2.42325
793,0.696608,0.112272,10,2.21333,0.0698286,2.14467
794,0.642091,0.152549,10,2.80667,0.0666216,2.47755
795,0.80586,0.157232,10,3.12,0.0700549,2.12358
796,0.831652,0.153533,10,3.38667,0.068673,2.67443
797,0.778843,0.193408,10,3.61333,0.0670926,2.51648
798,0.840019,0.168748,10,3.36667,0.0704784,2.56134
799,0.675887,0.126406,10,2.77333,0.0686557,2.50658
800,0.647133,0.108818,10,2.41333,0.0661028,2.32016
801,0.666912,0.101347,10,2.4,0.0696844,2.87497
802,0.751549,0.168042,10,3.48667,0.0679684,2.94396
803,0.707557,0.115178,10,2.44,0.0668389,2.55839
804,0.623687,0.0812609,10,1.82667,0.0679949,2.57114
805,0.756223,0.107348,10,2.34667,0.0669661,2.18171
806,0.821183,0.238094,10,4.03333,0.0675237,2.19526
807,0.713357,0.137622,10,2.63333,0.0644234,2.80946
808,0.735385,0.153189,10,2.78,0.0680214,2.02882
809,0.607263,0.0849462,10,1.82667,0.0661363,2.54211
810,0.569421,0.0676741,10,1.33333,0.066827,2.14966
811,0.793987,0.0911276,10,1.76667,0.0666367,2.133
812,0.753152,0.196409,9,3.14667,0.0706312,2.66113
813,0.650806,0.165223,10,2.5,0.0692341,2.50014
814,0.733073,0.108219,10,2.1,0.0675144,2.14034
815,0.677557,0.107,9,1.86,0.0650601,1.92014
816,0.720406,0.151446,10,2.83333,0.0697427,2.40079
817,0.743652,0.192739,10,3.8,0.0677223,2.42878
818,0.738137,0.209054,9,3.58,0.0691314,2.48812
819,0.688154,0.149723,10,2.57333,0.0663975,2.42117
820,0.618651,0.123863,10,2.40667,0.0651981,2.6188
821,0.776773,0.162288,10,2.64667,0.0676992,2.33448
822,0.655761,0.154906,10,2.72667,0.0686315,2.56978
823,0.806894,0.179811,10,3.29333,0.0689829,1.89441
824,0.814587,0.19465,10,3.37333,0.0697192,1.92695
825,0.756222,0.155342,10,2.76,0.0685925,2.39077
826,0.583589,0.124804,10,2.77333,0.0683181,2.40977
827,0.735563,0.21136,10,3.72,0.0680694,2.58882
828,0.755752,0.159715,10,3.07333,0.065147,2.54251
829,0.652849,0.149543,9,2.85333,0.0694332,2.61107
830,0.613136,0.125171,9,2.44,0.0644463,2.39958
831,0.781232,0.192198,10,3.32667,0.0688879,2.16797
832,0.820028,0.159632,10,2.65333,0.069878,2.0343
833,0.768693,0.146009,10,2.64667,0.0706332,2.09253
834,0.604848,0.158222,7,2.58,0.0638783,2.30398
835,0.685657,0.156422,10,3.04667,0.0680052,2.65548
836,0.775061,0.132802,10,2.46,0.0690458,2.30937
837,0.809266,0.164005,10,3.14,0.0665082,2.3751
838,0.720338,0.11861,10,2.58,0.0701238,2.53922
839,0.666049,0.118454,10,2.37333,0.0676954,2.22466
840,0.562824,0.105998,9,1.96,0.0632094,2.30497
841,0.726308,0.102751,10,2.30667,0.0688084,2.3965
842,0.777889,0.112843,10,2.41333,0.066122,2.22786
843,0.609369,0.150289,10,2.91333,0.0679092,2.67045
844,0.826248,0.162654,10,3.24667,0.0693179,2.37285
845,0.737463,0.1407,10,2.86,0.0679415,2.50287
846,0.568577,0.0923454,8,2.34,0.065769,2.50202
847,0.633908,0.143372,10,2.84,0.0694387,2.4647
848,0.756935,0.173397,10,2.71333,0.0651545,2.15091
849,0.753325,0.244822,10,3.76667,0.0689571,2.5083
850,0.665206,0.171792,10,2.70667,0.0683208,2.17692
851,0.663215,0.118636,10,1.99333,0.0677376,2.42228
852,0.752424,0.155671,10,2.76667,0.0692142,2.78167
853,0.692795,0.175893,9,2.54,0.0676782,2.20433
854,0.769353,0.21394,10,3.36667,0.0704422,2.50354
855,0.577519,0.137307,9,2.52667,0.0669022,2.66259
856,0.729607,0.124676,10,2.50667,0.0663345,2.48977
857,0.752847,0.120069,9,2.54,0.0695589,2.36608
858,0.787498,0.131795,10,2.86667,0.0679529,2.5464
859,0.591715,0.11398,10,2.17333,0.0676176,2.70999
860,0.800677,0.190788,10,3.2,0.0712422,2.05837
861,0.850089,0.158092,10,3.02,0.0703079,2.1508
862,0.71127,0.112577,10,2.13333,0.0678485,2.10911
863,0.568297,0.0896206,9,1.6,0.0651102,2.33232
864,0.705671,0.104633,10,1.93333,0.068994,1.98281
865,0.685763,0.103961,10,1.85333,0.0706965,2.1107
866,0.660993,0.115062,8,2.57333,0.0627814,2.57002
867,0.734249,0.153248,10,2.77333,0.0688432,2.39475
868,0.783761,0.111489,10,2.37333,0.0691003,2.64127
869,0.656052,0.100873,10,2.03333,0.0695754,2.45443
870,0.71181,0.195124,10,3.38667,0.0712191,2.28243
871,0.705475,0.151039,10,2.51333,0.067645,2.07986
872,0.670475,0.219903,9,3.51333,0.0652574,2.3726
873,0.599472,0.154306,10,2.68,0.0642261,2.39921
874,0.64598,0.144617,9,2.52,0.0675279,2.2306
875,0.674044,0.152698,10,2.9,0.0674557,2.77514
876,0.803901,0.183029,10,3.35333,0.0688441,2.40624
877,0.817002,0.158421,10,2.82,0.0667347,2.49844
878,0.674666,0.166381,10,2.88667,0.0664259,2.3031
879,0.701179,0.202173,10,3.02667,0.0690464,2.18626
880,0.753643,0.188604,10,2.94667,0.0682591,2.24014
881,0.678106,0.226718,10,3.69333,0.0670372,2.61324
882,0.860492,0.22114,10,3.6,0.0655192,2.22558
883,0.922912,0.183898,10,3.00667,0.070834,2.59932
884,0.775525,0.247379,10,3.62,0.0696294,2.21416
885,0.720581,0.209327,10,3.26,0.0667746,2.66429
886,0.736682,0.144252,9,2.31333,0.0677385,2.17862
887,0.833841,0.182231,10,3.04667,0.0680874,1.9934
888,0.672622,0.164026,9,2.7,0.0663204,2.59084
889,0.839474,0.188476,10,2.98667,0.0687845,2.20698
890,0.787057,0.180019,10,2.98667,0.0688382,2.25545
891,0.621913,0.140329,9,2.26,0.0648674,2.39227
892,0.737513,0.18473,10,2.92,0.0723576,2.465
893,0.743972,0.188199,10,3.17333,0.0702837,2.15269
894,0.727112,0.169814,10,2.84667,0.0708536,2.30139
895,0.840306,0.237521,10,3.72,0.0675893,2.00979
896,0.789336,0.204013,10,3.31333,0.0671545,2.2093
897,0.602844,0.142146,10,2.38667,0.0660351,2.36886
898,0.679898,0.141667,10,2.54667,0.0649182,2.20434
899,0.751246,0.162162,10,2.62,0.0662131,2.07011
900,0.791264,0.212019,10,3.26667,0.0706968,2.16632
901,0.888361,0.212841,10,3.26667,0.0721598,1.92453
902,0.829474,0.226732,10,3.66,0.0692156,2.28342
903,0.745755,0.179011,10,3.07333,0.067715,2.45629
904,0.805846,0.199164,10,3.36,0.0697521,2.42363
905,0.768004,0.14608,10,2.51333,0.0668172,2.23996
906,0.813905,0.145478,10,2.64,0.0681616,2.36354
907,0.717127,0.189748,10,3.29333,0.0701351,1.99947
908,0.803546,0.207208,10,3.34667,0.069162,2.202
909,0.731097,0.163388,10,2.76667,0.067819,2.43712
910,0.74078,0.154122,10,2.46667,0.0679963,1.98414
911,0.683326,0.144633,9,2.44,0.0691432,2.35076
912,0.55151,0.0993891,9,1.90667,0.0667051,2.32275
913,0.728484,0.18444,10,2.83333,0.0656196,2.10975
914,0.691846,0.238525,10,3.6,0.0685456,2.60619
915,0.909633,0.197945,10,3.40667,0.0717147,2.41028
916,0.690035,0.198236,10,3.04667,0.0710736,2.44502
917,0.744473,0.164071,10,2.81333,0.0679717,2.42672
918,0.715416,0.114489,9,2.04,0.0652459,2.22441
919,0.653868,0.155894,10,2.84667,0.067694,2.57454
920,0.610235,0.103132,10,1.92667,0.0663903,2.61922
921,0.739344,0.165775,10,2.68667,0.0690158,2.28677
922,0.77159,0.228745,10,3.23333,0.068498,2.16392
923,0.826954,0.26013,10,3.89333,0.0689452,2.11109
924,0.788526,0.251954,10,3.79333,0.0706778,2.20904
925,0.842917,0.182929,10,3,0.0677079,2.43594
926,0.636695,0.204499,9,3.12667,0.0696811,2.43353
927,0.667294,0.14817,9,2.37333,0.0663003,2.13309
928,0.80095,0.207555,10,3.3,0.0700618,2.18585
929,0.719737,0.166993,10,2.95333,0.0674437,2.28819
930,0.791939,0.212494,10,3.28667,0.0676138,2.29801
931,0.797373,0.134321,10,2.20667,0.0683436,2.00446
932,0.744383,0.171578,9,2.66,0.0685958,2.04298
933,0.73643,0.119516,10,2.04,0.0643721,1.96343
934,0.833396,0.141056,10,2.48,0.0645859,2.23673
935,0.645216,0.182562,10,3.01333,0.0669536,2.12077
936,0.817214,0.175777,10,2.56667,0.0662944,1.98353
937,0.786403,0.146068,10,2.18,0.0666465,1.88244
938,0.779919,0.122346,10,2.04667,0.0697095,1.80974
939,0.598599,0.117503,8,2.10667,0.0665816,2.19604
940,0.780954,0.122557,10,2.18,0.0691259,1.99576
941,0.794119,0.135473,10,2.44,0.06718,2.2001
942,0.831716,0.159345,10,2.58,0.0668026,1.94382
943,0.870287,0.167808,10,2.78,0.0686212,1.92077
944,0.800054,0.12414,10,2.10667,0.0682751,2.01648
945,0.760204,0.157688,10,2.79333,0.0692509,2.21485
946,0.65228,0.12126,9,2.15333,0.0663771,2.25148
947,0.610712,0.119957,10,2.22667,0.0686088,2.37596
948,0.666075,0.134472,10,2.52,0.0671312,2.26092
949,0.76679,0.125411,9,2.26,0.0661452,2.0134
950,0.652773,0.134566,10,2.2,0.0674292,1.91766
951,0.873921,0.162665,10,2.62,0.0690294,2.14119
952,0.780403,0.180445,10,3.00667,0.0701863,2.30827
953,0.570469,0.117294,8,1.89333,0.0680616,2.40591
954,0.736035,0.121146,10,2.05333,0.0679477,2.12461
955,0.777184,0.144665,10,2.47333,0.0702046,2.15995
956,0.682273,0.12939,10,2.5,0.0674016,1.98303
957,0.50959,0.0959649,9,2.33333,0.067118,2.47869
958,0.815379,0.1248,10,2.53333,0.0670601,2.06848
959,0.857914,0.176735,10,3.06,0.0716573,1.80813
960,0.728352,0.144053,10,2.68667,0.0687237,2.26163
961,0.6126,0.0975708,10,2.06667,0.0675221,2.6205
962,0.695427,0.0971309,10,1.91333,0.0705402,2.10343
963,0.549804,0.0905785,10,1.7,0.0635105,1.85073
964,0.731887,0.100384,10,1.60667,0.0674836,1.78166
965,0.534442,0.0608184,9,1.34,0.0686633,2.49674
966,0.718382,0.0825449,10,1.68,0.066551,1.77258
967,0.630247,0.130324,10,2.11333,0.0691398,1.96593
968,0.627483,0.0678672,10,1.35333,0.0668703,2.06962
969,0.595883,0.106085,9,2.20667,0.0694187,2.00792
970,0.512864,0.0334297,9,0.7,0.0665196,1.76209
971,0.576019,0.0322475,9,0.74,0.0691897,1.68822
972,0.735759,0.193844,10,3.06,0.0698747,2.20984
973,0.638473,0.0764565,10,1.56,0.0652197,1.90654
974,0.590481,0.158602,9,2.45333,0.0686614,2.4266
975,0.632966,0.0900872,10,1.77333,0.0692241,2.11938
976,0.722125,0.087876,10,1.66,0.0693204,1.8849
977,0.57013,0.0589022,10,1.36,0.0682515,2.03196
978,0.561255,0.0610288,9,1.54667,0.0713494,2.08973
979,0.762084,0.0761525,10,1.77333,0.0681288,1.92047
980,0.65886,0.154498,10,2.71333,0.0657938,2.21927
981,0.612108,0.0942292,10,1.68667,0.0651262,1.81336
982,0.820404,0.15476,10,2.8,0.0660863,1.83573
983,0.597176,0.0845304,9,1.62,0.0657226,1.84114
984,0.69251,0.0970359,10,1.89333,0.067259,1.84851
985,0.708911,0.0782441,10,1.68667,0.0662153,1.87962
986,0.839517,0.175443,10,2.54667,0.0729178,2.01555
987,0.814033,0.110287,10,2.05333,0.0678355,1.6159
988,0.57963,0.0467691,9,1.26667,0.0665188,1.99162
989,0.5929,0.0519982,9,1.24,0.0690635,2.04129
990,0.767417,0.0759187,10,1.28,0.0706314,1.74168
991,0.801746,0.0810216,10,1.29333,0.069007,1.55984
992,0.737904,0.0991357,10,1.53333,0.065064,1.53501
993,0.728654,0.0693894,10,1.14,0.0665696,1.68349
994,0.617064,0.0635599,9,1.24667,0.0705173,1.82595
995,0.670423,0.0483817,10,0.946667,0.0709795,1.66356
996,0.640087,0.151061,9,2.05333,0.0711424,1.89068
997,0.635687,0.0919146,9,1.52667,0.0656789,1.65454
998,0.525029,0.047419,10,0.9,0.0639362,1.92567
999,0.529318,0.117039,10,2.56667,0.0670838,2.75624
1000,0.657278,0.0786056,10,1.90667,0.0686263,2.50099
