1,12.8143,3.71733,7,0.286667,0.0812343,1.24709
2,15.9169,5.28256,7,0.406667,0.0696703,1.29438
3,13.3796,5.75688,12,0.266667,0.0678127,1.09087
4,13.1239,6.06083,14,0.16,0.068912,0.814137
5,13.752,6.71614,0,0,0.0675007,0.82115
6,16.8684,6.73933,1,0.00666667,0.0691723,0.718149
7,14.0728,6.75868,5,0.0933333,0.0649756,0.564504
8,13.1646,7.32604,7,0.06,0.0655032,0.491075
9,16.8968,7.6677,2,0.0266667,0.0673463,0.526751
10,13.2922,7.24527,4,0.0533333,0.0667917,0.711678
11,12.7716,7.78536,6,0.146667,0.066901,0.642034
12,15.5909,8.02409,4,0.0666667,0.0698313,0.642284
13,16.0668,7.03373,7,0.16,0.0650872,0.682885
14,13.3092,7.13438,3,0.0333333,0.0651153,0.718023
15,12.5988,6.74724,16,0.366667,0.0654877,1.06873
16,14.3075,7.46086,8,0.22,0.070267,0.98077
17,15.9382,7.85766,5,0.1,0.0672162,0.847597
18,13.7243,7.90215,6,0.186667,0.0673301,0.934405
19,16.3751,7.83885,8,0.226667,0.0688804,1.00553
20,12.1784,7.0766,6,0.226667,0.0624055,0.916903
21,14.8625,7.66643,6,0.126667,0.0666546,0.926992
22,14.2895,7.74002,6,0.126667,0.0688982,1.18412
23,16.0204,7.82317,9,0.2,0.0656299,1.0533
24,16.4152,8.45946,10,0.186667,0.0692006,1.04487
25,15.3499,7.83042,6,0.193333,0.0682254,1.09954
26,14.7101,8.87323,9,0.293333,0.067565,1.06781
27,13.4178,7.85011,5,0.186667,0.0690646,1.19794
28,15.201,8.6948,4,0.166667,0.0685364,0.910885
29,17.0179,7.87035,16,0.293333,0.0667256,0.894098
30,16.9871,8.90553,13,0.393333,0.0697275,1.07222
31,14.5779,8.18116,14,0.506667,0.0655841,1.05018
32,14.4315,8.27114,8,0.406667,0.0661498,1.28656
33,14.7947,8.61637,5,0.22,0.0691859,1.13236
34,18.2861,8.57927,7,0.286667,0.0671127,1.13859
35,13.744,8.41407,8,0.273333,0.065975,1.11142
36,15.175,8.25461,10,0.4,0.0663303,1.09245
37,15.2749,8.34452,11,0.453333,0.0673518,1.19994
38,16.3695,9.2425,7,0.346667,0.0693003,1.15603
39,14.855,8.70599,7,0.326667,0.0684134,1.15749
40,16.4889,8.83161,9,0.473333,0.0658011,1.02433
41,16.0382,8.78273,9,0.433333,0.0688451,1.33871
42,15.5042,8.56636,5,0.286667,0.066168,1.07252
43,14.8682,9.4511,7,0.306667,0.0707786,1.17052
44,17.5387,9.3483,8,0.44,0.0714431,1.07754
45,15.9333,9.05945,6,0.273333,0.0695883,1.17481
46,17.5399,8.87572,10,0.44,0.0670434,1.08787
47,15.1978,8.34654,8,0.42,0.0660307,1.04713
48,19.02,9.4447,11,0.453333,0.0662188,1.15553
49,15.8729,8.99407,7,0.373333,0.0689753,1.17914
50,15.1696,9.04386,7,0.446667,0.0681609,1.15156
51,16.7097,9.52029,8,0.42,0.0673788,1.09778
52,16.1833,9.42895,7,0.473333,0.0657237,1.23336
53,17.5174,9.03009,10,0.5,0.0675487,1.09577
54,16.6561,9.60105,12,0.486667,0.0690702,1.01064
55,17.9809,8.61081,10,0.486667,0.064913,1.01362
56,16.7537,9.60592,10,0.373333,0.0685126,1.15097
57,15.807,9.01474,9,0.373333,0.064997,1.03101
58,17.5246,10.481,5,0.186667,0.0687226,1.10804
59,16.1397,9.62173,6,0.42,0.0690162,1.11342
60,17.323,8.73246,10,0.64,0.0642131,1.09461
61,15.294,9.13829,11,0.366667,0.0683784,1.27265
62,17.1182,9.23742,11,0.493333,0.0687486,1.21864
63,16.5686,9.57788,9,0.346667,0.0669445,1.28998
64,17.5489,9.56709,11,0.6,0.0685053,1.24591
65,18.0493,8.86374,13,0.546667,0.068004,1.18393
66,17.6544,8.56742,8,0.313333,0.0655442,1.22855
67,17.9581,9.67248,10,0.413333,0.0679728,1.19717
68,19.5607,10.1534,15,0.653333,0.0694968,1.35196
69,17.7467,10.3862,14,0.66,0.0705841,1.37589
70,20.1629,9.13606,19,0.866667,0.0699839,1.3888
71,17.2529,8.61025,14,0.54,0.0674677,1.30476
72,16.9535,9.47526,15,0.633333,0.0697766,1.31882
73,15.8308,8.84508,12,0.6,0.066377,1.16637
74,19.9852,8.89957,14,0.753333,0.067181,1.24548
75,18.0771,9.1316,17,0.786667,0.0661033,1.2306
76,20.9226,9.10481,15,0.833333,0.0705373,1.33492
77,21.7981,10.0036,17,0.76,0.0720878,1.32316
78,20.9378,9.38871,14,0.986667,0.0665848,1.23062
79,19.4227,9.02447,14,0.866667,0.0677924,1.35056
80,21.4024,9.00217,12,0.633333,0.0669236,1.18459
81,17.5042,9.44259,14,1.15333,0.0679324,1.24619
82,20.35,9.8967,17,0.593333,0.0683372,1.16671
83,21.1128,10.3331,16,0.853333,0.0701654,1.06951
84,18.4521,9.51587,15,0.686667,0.0678606,1.18812
85,19.7105,10.1502,15,0.853333,0.0694716,1.23653
86,20.2418,10.8521,15,1.46,0.0697991,1.2641
87,22.3815,10.0597,16,1.37333,0.0706546,1.31146
88,21.0865,10.2027,14,0.986667,0.0694552,1.19409
89,20.7252,10.2453,15,1,0.0699733,1.20314
90,19.8861,10.2395,12,0.64,0.0703195,1.17599
91,20.2652,10.3017,8,0.78,0.0696132,1.12149
92,19.3918,9.94555,9,0.746667,0.0670981,1.11577
93,19.0925,10.0224,13,0.946667,0.0715576,1.22856
94,19.9375,9.72617,14,0.82,0.0678374,1.28351
95,19.4046,9.57361,11,0.773333,0.0674935,1.38735
96,20.4774,9.40203,10,0.946667,0.0668325,1.12312
97,19.3342,9.54272,12,1.04667,0.0685413,1.3013
98,19.7079,10.2114,10,1.34,0.0707208,1.39809
99,19.6766,8.85391,9,0.746667,0.0663671,1.38199
100,20.7039,9.83567,15,1.36,0.0657072,1.25041
101,21.3617,10.4541,11,1.17333,0.0670381,1.29488
102,19.9069,9.48763,8,1.02667,0.0665824,1.49629
103,18.8693,9.76947,13,1.01333,0.068468,1.37111
104,18.941,9.82389,11,1.03333,0.0677386,1.39035
105,14.7035,9.40785,11,0.9,0.0675187,1.30932
106,15.6098,9.40213,11,0.9,0.0667633,1.3818
107,15.0465,9.3281,10,0.773333,0.0672326,1.34967
108,15.3461,9.62402,9,1.01333,0.067733,1.36865
109,17.1551,9.36434,13,1.12,0.0670396,1.29844
110,19.8395,9.94412,14,1.15333,0.0681577,1.22641
111,20.8914,10.1525,17,1.34,0.0694617,1.21963
112,20.0027,9.23014,11,0.74,0.0653084,1.19008
113,18.7929,10.428,15,0.886667,0.069986,1.26663
114,19.2136,9.39914,16,0.94,0.0672687,1.31848
115,19.6901,9.13623,12,0.993333,0.0649711,1.39039
116,17.9269,8.97926,13,0.713333,0.067605,1.6763
117,18.796,9.4566,12,1.12,0.065231,1.59201
118,19.237,9.62593,10,1.14,0.0695291,1.7012
119,20.305,10.0086,12,1.16667,0.0668943,1.32104
120,19.5618,10.0822,16,1.5,0.0697989,1.41281
121,20.4726,9.75225,14,1.16,0.0688133,1.50625
122,19.1648,9.39939,14,1.16,0.0668419,1.35238
123,19.1186,10.0987,9,0.953333,0.0684816,1.15302
124,20.1581,9.98623,11,1.12667,0.0673649,1.35805
125,19.5393,9.98784,13,1.7,0.0677939,1.63229
126,18.5585,9.12566,9,1.19333,0.0669781,1.65031
127,20.1486,9.53272,13,1.36667,0.0690099,1.72025
128,17.3966,9.48039,9,1.12667,0.0658459,1.74248
129,19.7161,9.30999,13,1.48,0.0692466,1.78556
130,20.3559,10.1805,9,1.44,0.0673008,1.91371
131,19.5218,9.66804,10,1.39333,0.0671468,1.66903
132,19.4597,9.37334,11,0.926667,0.0676952,1.73413
133,17.8265,9.79645,10,1.14667,0.0687215,1.63369
134,17.5878,10.1338,10,1.27333,0.0683179,1.84282
135,18.9974,9.14234,12,1.46,0.0667882,1.79686
136,19.5665,10.2141,12,1.54,0.0668676,1.76996
137,19.2643,9.20064,16,0.92,0.0686171,1.78645
138,18.8658,9.09988,8,0.693333,0.0653707,1.70695
139,18.689,9.93044,10,0.846667,0.0667908,1.76868
140,19.9914,10.626,10,1.64,0.068898,1.90766
141,19.7825,9.82263,8,1.05333,0.0683734,1.93773
142,18.8042,8.89391,12,1.14,0.0688818,1.80903
143,19.8787,9.5715,14,1.41333,0.0777173,1.51356
144,19.8065,9.8147,10,1.28,0.068746,1.56632
145,18.6574,9.33764,12,1.16667,0.0689246,1.70817
146,16.4977,8.89654,8,1.02,0.0679305,1.57845
147,16.1022,9.2254,9,1.01333,0.0657015,1.34395
148,15.0551,9.4461,8,0.786667,0.0687529,1.34541
149,15.9432,9.96236,10,0.9,0.0669218,1.60865
150,16.5483,9.60736,9,1.2,0.0669868,1.45789
151,14.3514,9.16132,5,0.626667,0.0673677,1.7402
152,18.2039,9.95159,9,0.893333,0.0712455,1.63978
153,15.1869,9.36868,10,0.813333,0.0672262,1.53101
154,17.5746,9.40073,13,0.853333,0.0680175,1.55001
155,14.4338,8.59034,14,0.593333,0.0664142,1.37
156,16.0569,9.04544,9,0.806667,0.0650309,1.36644
157,16.9563,9.0493,10,0.746667,0.0663083,1.80263
158,15.3212,9.59606,15,0.773333,0.0673945,1.71034
159,18.5514,9.30381,11,1.16667,0.0677298,1.7184
160,22.4619,10.6459,18,1.12667,0.0699173,1.68581
161,21.0088,9.94721,15,1.40667,0.0678435,1.60625
162,18.0081,10.1575,16,1.20667,0.0688247,1.75508
163,20.996,9.4518,18,1.38,0.0648187,1.5467
164,18.6972,9.08779,14,1.02667,0.0668063,1.65687
165,20.4793,10.0382,14,1.59333,0.0678222,1.54555
166,20.2788,9.69693,16,1.69333,0.0670576,1.78771
167,20.1758,9.90373,15,1.86667,0.0666549,1.77881
168,21.1205,10.418,17,2.44,0.0674625,1.71344
169,23.5671,10.8436,18,2.48,0.0699696,2.00512
170,21.0926,9.64487,16,1.38667,0.0655484,1.81279
171,21.285,9.60639,16,1.43333,0.0670997,1.62235
172,21.3213,8.98317,17,1.62,0.0647528,1.52032
173,20.7359,11.2935,17,2.29333,0.0699227,1.6487
174,21.7323,10.9908,16,1.92,0.0674375,1.5231
175,20.8949,10.877,17,1.9,0.0692425,1.57061
176,22.6611,10.6043,15,1.96667,0.0666685,1.67165
177,20.3522,10.5558,15,1.80667,0.0674104,1.52326
178,22.0322,10.7246,15,2.36667,0.0672234,1.83183
179,20.3029,10.1673,15,1.74,0.0680936,1.70888
180,20.8359,10.7108,15,2.07333,0.0683958,1.76885
181,21.1248,11.0225,16,1.71333,0.0679442,1.68539
182,21.9718,10.3209,16,2.41333,0.0655316,1.64822
183,21.87,9.52041,16,2.1,0.0671234,1.50687
184,22.3175,10.7214,14,1.76,0.0689562,1.73761
185,17.7907,10.1823,11,1.36667,0.0649277,1.58876
186,22.6116,10.3391,16,1.33333,0.0681376,1.66417
187,21.1082,9.99149,17,1.37333,0.0679924,1.70942
188,21.8951,10.9056,18,1.88,0.0683783,1.79339
189,19.6283,10.8077,13,1.56,0.0676953,1.64983
190,20.3448,12.028,13,1.98667,0.0715307,1.71586
191,21.0706,10.9816,15,1.86667,0.0687493,1.67276
192,22.8536,10.4275,18,1.38,0.0653456,1.47606
193,22.8666,10.9877,16,1.82,0.0664575,1.66554
194,20.8524,11.7551,17,2.48,0.0665119,1.58783
195,20.5186,10.8955,13,1.75333,0.0664926,1.55343
196,20.9602,11.1071,14,2.35333,0.0706312,1.71721
197,23.3153,11.3576,18,2.07333,0.0708257,1.65194
198,22.7171,11.1498,17,2.44667,0.0708195,2.01611
199,21.6531,10.4165,14,2.00667,0.0659831,1.77378
200,19.8025,10.9203,13,2.12667,0.0669197,1.76957
201,21.6534,10.7975,16,2.35333,0.0672579,1.82574
202,20.2077,10.6377,15,2.1,0.0680828,1.77717
203,22.1955,10.9058,15,2.22,0.0672125,1.61324
204,19.9593,10.6498,16,2.00667,0.0693136,1.81595
205,20.8924,11.7625,16,2.72667,0.0695764,1.71453
206,21.6475,11.4171,16,2.87333,0.0745538,1.85748
207,20.2062,10.7438,14,1.92,0.0687916,1.60892
208,21.8856,11.422,17,2.61333,0.0683865,1.75786
209,21.6641,10.776,19,2.12667,0.0669205,1.72163
210,20.8813,11.5759,16,2.68,0.0718946,1.74062
211,19.8681,10.7311,15,1.90667,0.0702982,1.84427
212,20.2345,11.1189,15,2.20667,0.0677686,1.8367
213,21.7235,11.1553,19,2.20667,0.0666558,1.64499
214,20.364,11.0666,15,2.36667,0.070135,1.79114
215,19.3019,11.5167,15,2.20667,0.0698541,1.88596
216,21.6566,10.7289,15,2.5,0.067264,1.86618
217,19.8876,10.6469,14,2.37333,0.067695,1.86948
218,19.3359,10.9411,17,2.26,0.067271,1.83766
219,20.1354,12.2027,18,3.19333,0.0711031,1.90882
220,17.7084,10.9848,16,2.58667,0.0727164,2.01009
221,18.1057,10.4691,16,2.74667,0.0663972,1.90465
222,19.2054,11.0583,15,3.25333,0.0700411,2.32248
223,21.0496,12.0221,16,3.31333,0.0698689,2.07154
224,18.7932,11.438,14,2.70667,0.0675867,2.03827
225,18.2124,10.9128,13,2.60667,0.0685052,2.24589
226,21.7898,11.469,17,3.41333,0.0698445,2.19598
227,20.4286,10.4962,13,2.64,0.0656255,1.82532
228,19.9386,10.9287,16,2.92667,0.0672888,2.17749
229,19.9118,10.2261,16,2.71333,0.0663424,1.82542
230,19.6565,11.4966,15,2.65333,0.0687952,1.78634
231,21.1863,11.8452,19,3.54,0.0693127,1.99844
232,20.628,12.4308,15,3.98667,0.069382,2.15536
233,19.1043,10.8256,14,2.87333,0.0690525,2.07137
234,20.4103,10.3468,16,3.10667,0.0661095,1.64283
235,19.4819,10.1861,14,2.45333,0.0668047,1.9986
236,20.3572,10.9589,18,2.91333,0.0677091,2.13004
237,18.8754,10.6941,13,2.92,0.0659519,1.91632
238,21.4421,11.1135,17,3.48,0.068267,2.02491
239,19.9888,10.9078,17,2.56667,0.0683664,1.92028
240,19.2008,11.2276,15,2.58667,0.069108,1.98557
241,20.654,11.1677,15,2.85333,0.0644816,1.77121
242,19.303,10.9396,15,3.23333,0.0654752,1.98046
243,20.7063,11.5298,16,3.06,0.0683308,1.84206
244,19.3289,10.8523,18,2.80667,0.0663961,1.938
245,22.1986,11.3999,18,3.57333,0.0676268,2.01161
246,18.808,10.3668,17,2.51333,0.0676636,2.14181
247,19.4567,11.0036,16,3.07333,0.0678148,1.8731
248,20.4102,10.9527,18,2.98667,0.064834,1.94006
249,20.0799,11.8146,16,3.06,0.068394,2.0613
250,19.0282,10.8775,15,2.74,0.0662854,1.99016
251,21.1271,12.2369,17,3.54,0.0696153,2.10415
252,21.0081,11.1139,18,3.66,0.0673135,1.94623
253,22.354,11.8984,17,3.67333,0.0680539,2.25441
254,20.3356,11.4518,14,3.30667,0.0680987,1.99621
255,20.4633,10.9483,17,3.64,0.0685694,2.19373
256,21.7411,11.6536,18,3.55333,0.067314,2.27339
257,20.0164,11.509,16,3.06,0.0675212,2.23006
258,19.6536,10.5507,15,3.51333,0.0638058,2.17334
259,20.9481,11.9082,17,3.28,0.0686101,2.15113
260,21.7065,12.9336,19,4.25333,0.0709504,2.18204
261,23.7847,12.2598,19,4.3,0.0691699,2.14295
262,20.1495,11.9982,16,3.54,0.0673845,2.08246
263,19.7984,11.2258,17,3.54,0.0698356,2.33705
264,22.8483,12.4205,18,4.18667,0.0719371,2.26558
265,18.6327,11.3513,14,2.87333,0.0684293,2.17806
266,21.6746,12.2306,19,4.64,0.0728557,2.27893
267,23.5589,12.3138,20,4.23333,0.0680623,2.49894
268,19.2748,11.1778,20,3.64667,0.0646737,2.14246
269,21.3219,11.7952,18,3.95333,0.0711885,2.25913
270,20.5579,11.4061,20,3.78667,0.0674471,2.3423
271,22.4027,11.1509,19,3.75333,0.0672857,2.22073
272,21.1218,11.623,16,4.46667,0.0690864,2.07881
273,21.5448,12.2666,19,4.02,0.0698407,2.2375
274,20.8277,11.1015,16,3.98,0.0676683,2.2456
275,21.9045,12.5493,19,4.78,0.0683493,2.31217
276,23.6133,12.3248,20,4.58,0.0690491,2.35965
277,21.2516,11.765,18,3.90667,0.0686349,2.13224
278,19.4618,11.407,17,4.12667,0.0717329,2.2602
279,21.8157,12.118,18,4.54,0.0688452,2.28697
280,23.2787,12.2348,18,4.48,0.066741,2.03315
281,21.553,11.6422,18,4.03333,0.0658575,2.03719
282,20.5434,12.5088,17,4.1,0.068082,2.34744
283,20.5924,12.1947,16,3.96,0.0676006,2.32868
284,22.0324,12.3239,18,3.93333,0.0697781,2.2382
285,19.5813,10.3834,16,3.27333,0.0654382,2.78453
286,18.5415,10.1592,15,3.2,0.0677348,2.59209
287,23.4537,12.3105,19,4.28,0.0727946,2.36744
288,21.1127,11.8607,16,4.19333,0.0681078,2.59249
289,19.9711,11.0424,16,3.37333,0.066563,2.54573
290,21.4168,11.6713,16,3.71333,0.0672284,2.47598
291,20.097,10.6979,15,3.72,0.0694991,2.73177
292,19.9437,11.1595,16,3.18,0.0667808,2.36629
293,21.9783,12.5437,17,4.9,0.0748259,2.61391
294,21.2732,11.7989,17,3.74667,0.0681811,2.64068
295,20.8418,11.6,18,3.86667,0.0665112,2.46848
296,18.6864,10.871,15,3.96667,0.0675595,2.7762
297,20.6551,12.1882,16,4.15333,0.0695805,2.20968
298,18.6771,9.76703,15,2.78,0.0638607,2.35984
299,22.4145,12.3274,18,4.08,0.0682658,2.57903
300,22.4357,12.9333,19,4.83333,0.0953546,2.45829
301,20.807,11.8152,17,3.49333,0.0699382,2.66734
302,21.5087,12.5178,18,3.57333,0.0695681,2.39692
303,21.1417,12.2524,14,4.1,0.067356,2.38003
304,21.8601,12.5458,17,3.83333,0.0716453,2.47424
305,19.8356,12.1396,17,4.09333,0.0670075,2.74246
306,22.1521,10.9208,17,3.26,0.0695727,2.56847
307,22.0179,11.0843,17,3.34667,0.0875204,2.53486
308,22.8343,12.8466,18,4.06,0.0735772,2.67295
309,21.9907,11.3747,18,3.71333,0.0667058,2.57694
310,19.6938,12.0709,16,3.86667,0.0699763,2.83464
311,22.1353,12.7915,19,4.56667,0.0917393,2.83344
312,22.3065,12.5007,18,4.92,0.0678777,2.79504
313,20.789,11.8546,17,4.54,0.0693185,2.9897
314,22.0996,12.829,18,5.10667,0.0690976,2.55415
315,22.3703,12.5436,18,4.22667,0.0697924,2.70144
316,22.6495,12.8343,19,5.26667,0.0657072,2.55289
317,24.1447,12.4798,19,4.14,0.0795058,2.79328
318,18.9113,11.7666,14,3.75333,0.0666084,2.94477
319,22.8812,11.5348,18,4.14,0.0675619,2.53441
320,21.9323,12.1988,17,4.54667,0.0670533,2.61236
321,23.6079,11.3238,20,4.62,0.0673434,2.59236
322,18.37,10.8464,15,3.44667,0.0664081,2.90347
323,22.3104,11.9692,17,3.84,0.0746868,2.81807
324,22.405,12.0923,17,4.4,0.0686145,2.4324
325,22.9596,12.5841,18,4.97333,0.069629,2.77565
326,22.2865,11.4941,17,4.39333,0.068089,2.67571
327,23.4341,12.784,19,5.04,0.0702884,2.45161
328,22.7573,12.2082,19,4.56,0.0697988,2.5222
329,21.9264,12.4468,17,4.74667,0.0679942,2.6649
330,22.5171,12.9457,19,5.74,0.0785672,2.89264
331,22.3957,12.184,18,5.18667,0.0675358,2.5526
332,23.8911,12.8153,19,5.36667,0.071409,2.89964
333,22.0535,12.0102,19,5.17333,0.0920058,2.76593
334,22.4278,11.7438,18,4.6,0.0681627,2.78749
335,21.9381,13.0938,17,5.81333,0.080811,2.96398
336,24.0556,12.5973,18,5.08,0.0895584,3.00696
337,21.9381,12.3225,17,5.86,0.0667337,2.81953
338,21.5104,12.8388,16,5.28667,0.0815812,2.8172
339,24.6258,12.9001,20,5.18,0.0690479,2.86287
340,21.9475,11.9173,18,5.24,0.0684373,2.75234
341,24.602,12.0032,19,4.86,0.0693744,2.69655
342,24.6244,12.4409,20,5.55333,0.0707628,2.56435
343,21.7692,12.5915,18,5.07333,0.0684439,2.69865
344,20.9236,12.0602,17,4.34,0.0684053,2.85886
345,23.4381,13.0125,18,5.11333,0.0837105,2.63218
346,21.1738,12.8218,18,5.52667,0.0699212,2.65869
347,21.5683,11.4064,17,4.34667,0.0719029,2.68656
348,23.6258,13.4437,19,6.36,0.0685358,2.31105
349,21.5462,12.2087,17,4.85333,0.0896824,2.70206
350,23.342,12.4555,18,5.53333,0.0686363,2.5482
351,22.1798,13.1086,17,5.27333,0.0701503,2.52357
352,20.7081,11.6752,15,4.36667,0.0714332,2.44432
353,22.6126,12.3693,18,4.94,0.0695558,2.66233
354,23.072,12.5653,17,5.1,0.0699444,2.57791
355,22.03,12.1854,17,5.11333,0.0654489,2.6012
356,23.5517,14.1124,19,6.26667,0.0753963,2.71333
357,23.8912,13.8501,19,5.72,0.0697336,2.61417
358,22.0333,12.3625,15,4.99333,0.068361,2.91544
359,23.5598,12.9663,19,4.87333,0.0854999,2.80848
360,23.8827,12.6524,18,5.59333,0.0690088,2.7368
361,24.0454,12.9383,19,5.58667,0.0712399,2.66187
362,23.449,12.9069,18,5.38667,0.0657102,2.79629
363,24.602,13.0245,19,5.72,0.0697547,2.88093
364,22.5343,12.6182,17,5.12,0.0712865,3.00792
365,24.3954,13.4107,19,6.30667,0.0831208,2.92681
366,23.283,12.7448,17,5.48,0.0780556,3.10622
367,23.2914,13.4042,18,5.72,0.0698779,2.75173
368,23.6759,12.8137,19,5.72,0.0677173,2.55721
369,23.6771,13.2354,18,5.45333,0.0719641,2.63597
370,22.8232,13.4093,18,5.86667,0.0730795,2.62729
371,23.4806,12.677,17,4.82667,0.0733832,2.72588
372,23.6297,12.9991,17,4.36667,0.070318,3.04972
373,23.5425,12.4875,18,4.55333,0.0696405,2.51718
374,23.6818,12.3577,17,5.15333,0.069717,2.42797
375,24.4504,12.8591,17,4.66,0.0981705,2.80795
376,23.8927,13.7089,19,5.75333,0.0735916,2.56452
377,24.0697,13.658,18,5.61333,0.0670814,2.72505
378,24.6598,12.8948,20,5.21333,0.0697678,2.96445
379,24.5774,13.2098,19,5.11333,0.071152,2.83542
380,21.7187,12.5124,17,5.04,0.0653608,2.83745
381,21.6985,12.1739,17,4.58667,0.0670972,2.79915
382,23.982,12.9616,19,5.21333,0.0682841,2.9711
383,24.6599,13.3781,20,5.21333,0.0683742,2.695
384,22.1003,12.6992,16,5.09333,0.0691395,2.99406
385,23.2072,12.687,18,5,0.0688154,2.70412
386,24.0601,13.0222,18,5.12,0.0709306,2.94108
387,23.3352,12.7369,18,5.06,0.0689854,2.81903
388,24.5729,13.5628,19,5.38667,0.0753875,2.77224
389,23.8987,13.0427,19,5.85333,0.0667335,2.65352
390,24.2119,13.0273,19,5.26,0.0677129,2.51151
391,23.5347,12.4181,19,5.07333,0.0663365,2.40576
392,24.6234,13.1701,19,6.26,0.0684674,2.484
393,21.3111,11.8621,18,4.64667,0.0653673,2.72162
394,23.1765,11.8003,19,4.90667,0.0658049,2.5928
395,24.6625,12.77,20,5.17333,0.0681138,2.43375
396,23.1572,12.0984,19,4.52,0.0681522,2.74694
397,23.5455,11.6564,20,4.40667,0.0705045,2.61249
398,22.9353,12.7781,18,5.35333,0.0695682,2.7263
399,22.8851,12.1315,19,5.14667,0.0645219,2.70009
400,24.6544,13.6973,19,5.61333,0.0689497,2.81743
401,23.4265,13.4323,19,5.80667,0.0697277,2.83698
402,22.4783,12.8902,19,5.39333,0.0666038,2.50682
403,22.3638,12.7537,18,5.15333,0.0689827,2.54853
404,22.9182,12.9119,19,5.35333,0.0663434,2.72125
405,23.9294,13.2517,19,6.02,0.070713,2.87585
406,23.8045,12.8553,19,5.84,0.0704593,2.64209
407,23.4495,12.9463,18,6.44667,0.0678237,2.80366
408,22.4122,12.6285,17,5.53333,0.0670821,2.60569
409,24.0857,13.4789,19,5.14,0.0702675,2.81117
410,23.6396,12.9008,18,5.89333,0.0692244,2.53847
411,23.6422,13.7838,18,5.96,0.070236,2.73852
412,23.3652,13.5881,18,5.86,0.0686005,2.54328
413,23.0778,12.9274,19,5.44667,0.0700329,2.79276
414,21.1256,12.5904,16,5.03333,0.0728884,2.69527
415,24.6703,13.9937,20,6.33333,0.0662364,2.57245
416,23.8623,13.3929,20,6.02,0.0670766,2.86399
417,23.5347,13.5009,19,5.92667,0.0670119,2.64021
418,24.2095,13.6984,18,6.16,0.0661201,3.00289
419,23.9712,13.1271,18,5.30667,0.069606,2.91793
420,23.8073,13.1023,18,5.07333,0.0713184,3.06012
421,21.831,11.7996,17,4.48,0.0657731,2.83277
422,24.4804,12.985,20,5.57333,0.0681616,3.02749
423,23.2433,12.1174,18,5.04667,0.073071,2.91716
424,22.0788,12.4732,17,4.97333,0.0938764,2.77707
425,24.5012,13.1997,20,5.81333,0.0688152,2.87344
426,23.3553,11.8876,17,4.78,0.0650479,2.51426
427,22.4731,12.3825,17,4.5,0.0677986,2.71803
428,22.4312,12.9134,17,5.57333,0.0708542,2.89075
429,23.119,11.8383,17,4.60667,0.0779654,2.69496
430,23.6645,12.2776,19,4.37333,0.0680354,2.86265
431,22.587,12.2328,18,4.52,0.0703376,3.14309
432,23.7742,12.7333,19,5.17333,0.067367,2.71407
433,23.0222,11.7758,18,4.56667,0.0663157,2.90915
434,24.6598,12.6794,20,5.56,0.0718148,3.08589
435,23.8859,13.098,19,5.96,0.067473,2.73877
436,22.8369,11.5258,18,4.86667,0.0672894,2.62714
437,23.4609,11.9343,18,5.13333,0.0687261,2.97458
438,21.1175,11.4898,16,5.53333,0.0662405,2.85112
439,23.3916,13.7078,19,7.35333,0.0693124,3.16894
440,22.9823,11.7905,17,5.50667,0.0708178,3.06784
441,23.6418,11.7318,19,5.38,0.0683916,2.89882
442,23.2753,13.3325,20,5.38667,0.0740824,2.77721
443,23.0851,11.7432,19,5,0.0699806,2.84169
444,23.4875,11.6215,18,4.86,0.0679978,2.62622
445,22.743,12.024,19,4.82,0.0700083,2.80351
446,23.6126,11.9783,20,4.78,0.0688902,2.59802
447,23.6466,12.5782,19,5.26,0.0667663,2.44432
448,23.9872,12.9615,19,5.87333,0.0682143,2.53736
449,22.2685,11.7902,18,4.78,0.0707123,2.72678
450,22.7003,11.7397,19,4.92,0.0672461,2.8028
451,24.736,13.4669,20,5.26,0.0698023,2.7293
452,22.2081,10.9996,19,4.35333,0.066473,2.72112
453,22.0803,11.3805,18,4.44667,0.0665076,2.76154
454,20.8695,11.0913,17,4.30667,0.06811,2.7884
455,21.6145,11.5955,18,4.63333,0.0680169,2.68197
456,23.462,11.3355,18,4.08667,0.0652159,2.67126
457,23.8846,11.996,19,4.73333,0.0687846,2.79805
458,22.4636,11.303,18,4.68,0.0680808,2.71753
459,22.4582,11.1587,18,3.32,0.0671819,2.63178
460,22.7468,11.8667,19,4.61333,0.0699261,2.70221
461,23.5128,11.2701,18,5.06667,0.0743875,2.63687
462,24.6365,12.597,20,5.2,0.0680248,2.82167
463,23.5022,12.8884,19,5.42,0.0698452,2.94485
464,20.9849,11.5519,18,4.85333,0.069787,2.77079
465,23.047,11.8732,20,5.73333,0.0689695,2.90185
466,23.8399,12.4787,20,5.58,0.0702788,2.63672
467,23.1623,11.6891,18,5.28667,0.0685727,2.94315
468,23.4647,11.6589,18,4.94667,0.067911,2.89301
469,21.8675,13.1773,17,6.40667,0.0682489,3.02994
470,23.8688,12.6108,18,6.04667,0.066615,2.97684
471,23.9732,14.4271,19,6.80667,0.0689436,2.75281
472,23.8676,13.1545,18,5.81333,0.0704984,3.09543
473,23.4182,13.0904,19,5.99333,0.0666206,2.83861
474,22.8633,13.2305,18,6.43333,0.067385,2.91643
475,24.4972,13.6418,20,6.77333,0.0698165,2.92387
476,23.461,12.754,20,5.1,0.0695012,3.22006
477,24.6524,12.9196,20,6.30667,0.0687067,2.95276
478,23.4294,13.5294,19,5.84667,0.069182,3.21625
479,24.5949,14.347,19,6.80667,0.0672962,2.90503
480,23.3433,11.7703,17,5.54,0.0689275,3.38521
481,24.2387,13.4382,19,6.40667,0.0668062,3.1568
482,22.5431,12.9997,18,5.69333,0.0674134,2.93888
483,24.1895,12.8115,19,5.7,0.0668482,3.15284
484,23.5792,13.8362,20,6.68,0.0669192,2.9152
485,21.9595,11.7396,17,4.86667,0.0651611,3.01749
486,23.0715,12.8392,19,5.92,0.0669821,3.10695
487,21.8271,11.8822,18,4.90667,0.0665494,3.12305
488,23.0651,12.75,18,6.75333,0.0660553,2.84308
489,23.8764,13.5889,19,6.35333,0.0683141,3.1306
490,22.218,12.6236,17,6.17333,0.0664325,2.7965
491,23.1096,13.3951,17,6.01333,0.0691396,2.97541
492,22.8633,13.7375,19,6.33333,0.0673324,2.84387
493,22.7778,12.6212,18,5.68,0.0700372,2.96616
494,24.6337,13.8764,20,7.15333,0.0727494,2.69639
495,24.6498,14.0724,20,6.78667,0.0691217,2.84669
496,23.5765,12.7388,19,5.62,0.0703948,2.90623
497,23.7514,13.6377,19,6.01333,0.0713824,3.0734
498,23.6358,13.5409,18,6.59333,0.0671066,2.84596
499,24.6499,13.42,20,6.36,0.0703344,3.1162
500,23.525,13.704,18,6.88,0.068569,3.26765
501,24.2406,14.1974,19,7.7,0.0777819,2.94635
502,22.8432,13.2205,18,6.38667,0.0753902,3.00078
503,23.7467,13.4598,19,6.01333,0.0754814,2.8986
504,24.2813,13.2898,19,5.85333,0.0671867,2.99492
505,22.5943,12.307,18,5.61333,0.0674265,3.26669
506,22.8593,13.0932,19,6.12,0.0654161,2.73919
507,23.2337,13.4644,19,7.03333,0.0708949,3.04516
508,23.0059,12.9254,19,6.22667,0.0665349,2.99576
509,22.8669,13.8259,18,6.78667,0.0681039,2.73824
510,24.3106,13.726,19,6.08667,0.0691183,2.98287
511,24.6439,13.1925,20,6.12,0.0681426,2.8148
512,22.8682,13.9798,18,6.37333,0.0659326,2.78488
513,23.7725,12.0359,19,5.11333,0.0640824,2.93449
514,23.3015,13.504,19,5.15333,0.0664906,2.87595
515,22.8951,12.0116,18,5.31333,0.0669339,3.26227
516,23.8406,13.9192,19,6.32667,0.0730074,3.1745
517,23.3977,13.504,19,6.68,0.068892,3.21725
518,23.097,12.9718,18,6.32,0.0719889,3.00089
519,21.3622,12.1961,19,5.26667,0.0663783,2.71159
520,22.0492,12.8286,18,6.24,0.0682782,3.0013
521,24.6329,13.7661,20,6.96,0.0682757,2.75657
522,23.6443,11.4183,19,5.46667,0.0649871,2.85591
523,22.8852,14.0331,20,6.94,0.0728431,2.73837
524,24.6853,12.3912,20,6.24,0.103613,2.87294
525,24.258,12.7641,19,6.36,0.067099,2.55765
526,21.1683,12.7363,17,6.32,0.0657601,2.85324
527,23.8588,14.3407,20,8.45333,0.0670156,2.54143
528,23.0751,14.3819,19,8.31333,0.0669798,2.58953
529,22.5147,13.3322,18,6.26,0.077715,2.702
530,22.9278,13.8366,18,7.15333,0.0681322,2.7626
531,23.9152,13.2361,19,6.94,0.0703095,2.9405
532,24.0192,13.265,19,6.32,0.0667582,2.89802
533,22.3393,12.4626,17,6.21333,0.066125,2.88336
534,24.3372,13.9521,19,7.16667,0.0692515,3.11561
535,23.8009,15.1134,19,8.39333,0.0711937,2.89229
536,23.5473,13.3263,19,6.75333,0.068959,2.92522
537,23.7817,14.3799,19,7.56667,0.086488,2.73186
538,23.1552,13.3214,20,7.99333,0.0667315,2.78573
539,23.3164,13.6485,19,7.03333,0.0647052,2.90858
540,23.124,13.9399,19,7.56,0.0729251,2.90391
541,23.6593,14.5535,20,7.67333,0.0689195,2.86596
542,22.2938,13.189,17,6.89333,0.0671716,3.01564
543,23.099,13.6042,18,7.04667,0.0703214,3.07423
544,22.3133,13.7601,18,7.19333,0.0681613,3.09625
545,22.9968,13.4925,19,7.37333,0.0815032,3.141
546,23.4682,13.4435,19,6.9,0.0685526,3.25284
547,24.4949,14.126,19,7.54667,0.0678532,2.79433
548,23.2651,13.6935,18,7.56,0.0656507,3.03579
549,24.4051,13.3024,19,7.45333,0.0711572,2.86321
550,23.2365,13.8173,19,7.93333,0.0695151,3.09763
551,22.6508,13.844,18,7.55333,0.068882,2.93312
552,24.025,13.0367,17,7.16667,0.0674448,2.84716
553,22.3712,14.1078,19,7.66667,0.0667898,2.88804
554,22.8997,13.9608,18,8.03333,0.0659009,2.76072
555,24.6974,14.7091,20,8.35333,0.0708416,2.8939
556,24.1478,14.8285,20,8.74,0.0718405,2.93455
557,23.5517,14.5435,18,8.44,0.0685679,2.67323
558,24.0457,14.3022,18,8.52,0.0694385,2.92964
559,23.9814,14.4192,19,8.78,0.0707101,2.5857
560,24.7082,14.6721,20,8.7,0.068054,2.82396
561,22.1529,13.6707,19,8.68667,0.0670552,2.98492
562,22.9662,12.4267,18,6.84667,0.0753157,2.95588
563,24.3489,12.6991,20,6.76667,0.0819399,2.95305
564,22.5026,12.4927,18,5.83333,0.0741683,3.09144
565,23.4385,12.5045,18,6.58667,0.0659026,3.11706
566,22.4227,12.1764,17,5.84,0.0647311,3.01293
567,24.0525,12.4286,20,6.4,0.0655678,2.75704
568,22.1756,13.0799,18,6.20667,0.0753761,2.7331
569,22.8256,14.1597,18,7,0.0673643,2.85134
570,22.6982,12.7786,18,6.15333,0.0679002,3.03181
571,24.5267,13.5174,19,6.64667,0.0688423,2.74539
572,22.548,13.3688,18,6.06667,0.0696645,3.07906
573,23.6369,12.1215,18,6.86,0.0676804,3.25247
574,22.2088,12.6938,17,6.52,0.0684835,2.86743
575,24.0126,11.9118,18,5.42667,0.0688608,3.09888
576,23.7283,12.7567,18,5.94,0.0654157,3.14923
577,24.5958,13.325,19,6.26,0.0680976,3.22874
578,21.379,13.5672,19,6.52667,0.0652471,3.14133
579,23.6987,14.6101,19,7.34667,0.0708387,3.1504
580,23.6844,14.0755,19,7.44,0.0681839,2.99381
581,22.6428,13.3244,18,7.42667,0.0685697,3.02882
582,21.7081,12.771,18,5.86667,0.0702069,2.9819
583,23.0825,14.4175,18,7.16667,0.0671123,3.04542
584,22.9261,13.598,18,6.85333,0.0727239,3.13647
585,23.8902,13.1255,20,6.18,0.0657683,3.21473
586,23.279,13.2635,18,6.62,0.0700426,3.28094
587,24.7024,13.6827,20,6.84667,0.069996,3.07241
588,23.3738,13.9593,18,7.31333,0.0674108,2.77732
589,23.6761,13.6675,19,6.20667,0.0683515,2.84639
590,22.4373,12.8057,18,5.51333,0.0704675,3.34832
591,23.5632,14.0297,18,6.63333,0.0682791,3.03425
592,23.6866,14.0466,19,6.15333,0.067703,3.05509
593,24.4604,13.1589,18,6.08667,0.0660011,3.11255
594,24.3763,13.7505,19,6.53333,0.068951,2.93257
595,24.1726,14.4091,19,6.38,0.0716645,3.34692
596,23.3941,14.2551,19,6.95333,0.0692331,2.8768
597,24.0156,13.3642,18,6.02667,0.0652769,2.90051
598,23.9157,13.187,20,6.37333,0.0674242,3.09747
599,23.213,13.8276,20,6.64667,0.0666502,3.18261
600,22.4055,12.5062,18,5.73333,0.0684974,3.10241
601,24.7219,14.1379,20,6.2,0.0709229,2.84843
602,22.5052,13.6457,19,6.23333,0.0685845,2.92323
603,22.2201,12.9405,20,5.43333,0.0668259,3.18224
604,23.5916,13.7202,20,6.19333,0.076141,3.08254
605,23.4287,14.3447,19,6.62667,0.0710894,2.978
606,24.3429,13.371,19,5.76,0.06916,3.2813
607,23.2263,13.6828,19,6.16,0.0671904,2.83868
608,22.6592,12.5346,18,6.16667,0.0682574,3.05183
609,23.2485,14.708,19,6.84667,0.0700651,3.37115
610,23.714,14.2442,18,6.88667,0.0681817,3.39245
611,22.6785,14.0434,18,6.28,0.0664976,3.33296
612,24.0592,12.9611,19,5.66667,0.0664238,3.49233
613,23.9076,14.1465,19,6.84667,0.0682215,3.62672
614,23.5536,13.9111,20,6.48667,0.0686278,3.52071
615,22.6715,13.8813,18,6.26,0.065743,3.13031
616,24.5754,13.6939,19,6.46,0.0693557,3.26006
617,21.2998,13.0121,16,7.04,0.0674888,3.09122
618,22.7951,13.5495,18,6.24,0.0684783,3.41376
619,23.2157,13.0617,18,6.52,0.0677171,3.23945
620,22.7383,14.1944,19,6.44667,0.0668,3.26308
621,23.3656,13.6995,18,6.38,0.0663441,3.33347
622,21.8586,13.0018,18,6,0.0655299,3.18576
623,23.7599,14.471,19,6.74667,0.0675073,3.36137
624,24.5775,14.6342,19,6.53333,0.0661357,3.09553
625,24.0051,14.3662,19,6.49333,0.070308,3.13187
626,22.9966,13.3885,17,5.18667,0.0675486,3.27904
627,22.315,11.8029,19,4.82,0.0648052,3.22047
628,22.6012,13.1208,18,5.61333,0.0670512,3.26644
629,22.2648,12.5352,17,5.38,0.065692,3.30215
630,24.5799,13.9301,19,5.89333,0.0689795,3.34236
631,22.6461,13.7013,18,5.12667,0.0677214,3.1513
632,24.0767,14.1453,19,5.61333,0.0692409,3.32866
633,23.4274,13.0886,18,5.91333,0.0710412,3.49241
634,23.5688,12.8412,18,4.93333,0.0666516,3.71514
635,24.6399,13.7366,20,5.9,0.0698948,3.35781
636,24.2756,13.6804,18,6.08,0.07878,3.52063
637,22.3232,12.7892,17,5.07333,0.074417,3.72628
638,22.0506,13.5047,17,5.80667,0.0675944,3.58618
639,22.9727,13.3275,17,4.70667,0.066729,3.56523
640,24.597,13.5687,19,5.49333,0.0687145,3.29445
641,24.1099,14.695,19,6.39333,0.0677387,3.45663
642,23.246,13.4136,19,5.74667,0.0655489,3.20228
643,24.2987,13.5679,19,5.87333,0.0797218,3.47328
644,23.7435,13.9957,18,5.80667,0.0689274,3.45247
645,24.0709,14.2463,19,5.58,0.0698137,3.35247
646,24.6348,14.5913,20,6.06,0.0676273,3.20592
647,23.3707,12.8617,19,5.61333,0.0662517,3.52102
648,23.5684,13.5004,19,6.28,0.0690517,3.73676
649,24.6791,14.4538,20,6.68667,0.0800353,3.51658
650,24.1639,15.1524,19,7.53333,0.0732772,3.69844
651,24.0147,14.404,20,6.27333,0.0658331,3.6599
652,23.5253,14.5976,20,7.16667,0.0669576,3.61611
653,23.8801,14.0038,18,6.97333,0.0656666,3.19809
654,23.1117,13.5755,19,6.34667,0.0677232,3.36873
655,23.8835,14.3529,19,6.79333,0.0695525,3.3072
656,22.1765,12.7209,18,5.80667,0.066874,3.64354
657,23.4661,14.0692,19,6.65333,0.0708047,3.60447
658,24.2567,14.1539,19,7.35333,0.10496,3.57392
659,23.7275,13.7133,18,6.06667,0.0700694,3.45526
660,23.7985,13.4983,19,5.92,0.0877031,3.7812
661,24.3425,14.4157,19,6.81333,0.0691269,3.45213
662,23.4323,13.6594,19,5.92667,0.0685842,3.54987
663,23.9619,13.6477,19,6.76667,0.0679306,3.69535
664,22.6528,13.6022,17,6.62667,0.0683863,3.69444
665,23.2577,13.3113,18,6.17333,0.0728399,3.49903
666,23.9611,13.537,18,6.01333,0.0669449,3.62154
667,21.8546,13.4969,16,6.16,0.0705777,3.70952
668,24.0782,14.5723,19,7.29333,0.0671471,3.3202
669,22.8311,13.4816,18,6.44667,0.0689314,3.40792
670,24.652,14.5733,20,7.42,0.0695581,3.3239
671,23.2803,14.1695,18,6.92667,0.0755503,3.33313
672,24.6194,13.5885,20,5.98667,0.0780004,3.42129
673,24.6303,14.5495,20,7.02667,0.0764873,3.5264
674,23.1804,13.6819,18,6.39333,0.0699929,3.35932
675,24.6153,14.5048,19,7.1,0.0710351,3.12279
676,23.7897,13.8198,19,6.85333,0.0844445,3.51808
677,24.6662,13.8771,19,6.64667,0.0701773,3.21388
678,23.5505,13.5544,19,6.49333,0.0653258,3.09608
679,23.9047,13.7859,20,7.04667,0.0788234,3.03284
680,23.5782,13.7008,19,6.43333,0.0675655,3.30385
681,23.6227,13.6855,19,6.48667,0.0674124,3.10732
682,24.6377,14.2293,20,6.54667,0.0675167,3.17831
683,22.4058,13.7169,19,6.07333,0.066108,3.11045
684,23.9975,13.987,19,5.93333,0.0674068,3.02678
685,22.486,13.1034,19,5.96667,0.0700131,3.66422
686,24.6436,14.1024,20,6.33333,0.069442,3.45731
687,23.0375,13.2102,18,5.96667,0.0704542,3.1521
688,22.1964,13.2405,16,5.48,0.0695301,3.61544
689,22.9703,12.6489,16,4.94,0.0681352,3.46095
690,24.1127,13.4467,19,5.34667,0.0698131,3.30531
691,21.8358,12.8531,16,4.76667,0.0689695,3.34069
692,24.2651,14.0374,20,6.44667,0.0710577,3.33774
693,24.6499,13.8125,20,5.62,0.0683954,3.36718
694,23.1371,12.2385,17,4.86,0.070128,3.13087
695,21.9213,13.0085,18,5.90667,0.0724448,3.3479
696,24.4775,13.1843,17,5.57333,0.067312,3.22113
697,23.242,12.2445,19,5.02667,0.0685513,3.13705
698,23.3177,13.3695,18,6,0.0696777,3.18693
699,23.8885,13.7072,19,5.88,0.0694923,3.38888
700,22.9883,12.6422,18,5.48667,0.0808915,3.71111
701,21.6933,13.0543,15,4.60667,0.0689495,3.80866
702,24.2527,14.2206,19,6.18667,0.0688325,3.23155
703,22.2433,13.0381,17,5.24667,0.0686354,3.41508
704,23.1486,12.3184,18,4.82,0.070808,3.47485
705,22.3779,13.3643,16,5.37333,0.067045,3.31654
706,23.008,12.4126,18,4.78667,0.0706126,3.33463
707,23.7376,13.2169,18,5.20667,0.0717264,3.40954
708,23.8321,14.2787,18,5.52667,0.0697398,3.61602
709,23.0872,12.5274,17,4.62,0.0689886,3.18801
710,23.4925,13.0311,18,4.80667,0.127015,3.52284
711,22.3369,12.8817,17,4.26,0.0691886,3.37679
712,23.7876,13.9289,19,5.74,0.0689349,3.40996
713,22.6068,13.2655,17,4.96667,0.0678836,3.27141
714,21.7818,13.402,16,4.94667,0.0721601,3.24578
715,23.88,13.8494,19,5.62,0.0695152,2.87504
716,23.6523,12.9259,18,4.92667,0.0694818,3.12573
717,23.8309,13.9678,18,4.97333,0.0694582,3.29554
718,23.5786,13.6062,19,5.06,0.0815337,3.41364
719,22.7849,13.1786,17,4.61333,0.0696262,3.13147
720,23.0141,13.3251,18,5.56667,0.122183,3.28321
721,20.8649,12.2301,18,4.26667,0.0705246,3.22721
722,22.3104,13.3954,17,5.04,0.077284,3.04413
723,22.5076,13.5154,16,5.42,0.145209,3.23214
724,22.7492,14.0016,17,5.52,0.0716677,3.11562
725,23.3379,14.5758,18,6.42667,0.0760456,3.02127
726,23.9714,13.5267,19,6.01333,0.071112,2.87245
727,23.2434,13.3836,19,4.93333,0.0662622,2.84214
728,22.2035,13.41,17,5.26,0.0689829,2.82764
729,23.3101,13.8961,18,5.63333,0.0692737,3.03158
730,21.1263,13.3735,15,4.97333,0.0712026,3.07884
731,23.9085,13.3848,19,5.84667,0.183409,3.09984
732,23.36,14.1144,20,5.89333,0.0689447,2.99484
733,21.6424,13.4203,16,5.28667,0.0693878,3.3119
734,24.1206,13.8533,18,5.74667,0.0681686,3.23145
735,23.5088,12.5743,18,4.88667,0.0663535,2.87771
736,22.2738,13.1224,17,5.77333,0.0691321,3.175
737,22.3117,12.7302,17,5.19333,0.0710059,3.30328
738,23.1187,12.8817,18,5.12667,0.0674863,3.10606
739,22.7517,13.6364,17,5.84,0.0750836,3.38092
740,24.0784,13.1247,19,5.10667,0.0680282,3.08014
741,23.5957,13.2703,19,6.04667,0.0667709,3.12174
742,22.4701,13.0564,18,6.2,0.0671728,3.17477
743,22.2474,13.4577,17,6.07333,0.0698709,3.75927
744,23.9254,12.8072,18,5.54,0.0675398,3.3481
745,22.1984,13.1263,16,5.63333,0.0684675,3.41906
746,23.4425,13.0266,18,5.9,0.0688949,3.40431
747,21.7171,13.2933,18,6.05333,0.0693828,3.29183
748,21.9559,12.9908,17,5.46,0.0688739,3.26144
749,22.9215,13.4855,18,6.15333,0.0710947,3.24936
750,23.6359,12.8475,18,5.4,0.0678003,3.6483
751,22.3229,13.2902,17,5.64,0.067867,3.31395
752,23.1377,13.265,18,6.02667,0.149836,3.2419
753,22.3328,13.1065,17,5.43333,0.0684434,3.55029
754,23.0783,12.1961,18,4.92667,0.0674514,3.38968
755,23.7905,14.4084,19,6.41333,0.0731659,3.13857
756,23.6465,13.2352,19,5.53333,0.0690011,3.21797
757,22.3998,13.322,17,6.08,0.0705679,3.2626
758,24.2573,13.1905,19,5.76667,0.0684089,2.93556
759,22.0114,13.9037,17,6.19333,0.0767048,3.25897
760,23.1408,13.2941,17,5.78667,0.0681229,2.959
761,24.0387,13.7115,19,5.53333,0.0898954,3.24296
762,23.7969,13.0176,19,5.36667,0.0707964,3.03412
763,22.1748,13.184,17,5.42,0.0653189,3.08318
764,22.9605,12.634,18,5.56667,0.0705625,3.01386
765,23.008,12.775,17,5.46,0.0656529,3.34881
766,22.5782,13.0817,17,5.71333,0.0692561,3.37266
767,22.1808,12.4356,18,4.76,0.0748475,3.16588
768,23.3812,13.1096,18,6.16667,0.0705376,3.21253
769,23.8144,13.6041,18,6.26,0.06886,3.0241
770,22.2726,11.9973,17,5.39333,0.0697805,3.30884
771,23.2305,12.9263,19,5.46667,0.0797581,3.20175
772,22.9725,14.9062,18,6.92667,0.0688078,3.09522
773,23.313,14.1123,17,6.30667,0.076983,3.15739
774,23.9014,13.012,19,5.11333,0.0698695,3.2474
775,22.2699,14.0433,16,6.12,0.073522,3.40589
776,23.7798,14.1809,18,6.34667,0.06913,3.13822
777,23.2213,14.8492,18,6.63333,0.0712958,3.60132
778,23.2141,13.6558,17,5.83333,0.0739577,3.59198
779,21.8459,13.8734,19,6.65333,0.0742259,3.30986
780,23.8102,14.14,18,6.58,0.0751713,3.45672
781,23.2438,13.4021,18,6.23333,0.0696224,3.26761
782,21.8276,12.6657,15,4.79333,0.0707704,3.2587
783,22.4948,12.0614,16,5.02,0.0682368,3.24738
784,22.1643,12.6113,17,4.56667,0.0676434,3.04015
785,23.8687,12.718,20,5.37333,0.0667219,3.39822
786,22.8597,11.7533,18,4.31333,0.0715809,3.35799
787,23.951,13.2098,19,5.4,0.0707607,3.26631
788,21.315,12.0744,17,4.3,0.0673493,3.1911
789,23.0393,12.6047,18,4.5,0.0701769,2.91235
790,22.639,12.2447,17,4.97333,0.0708073,3.41866
791,23.4388,12.8288,18,4.79333,0.063489,2.93756
792,24.4046,12.6807,19,4.41333,0.0697686,3.13516
793,23.1511,12.3557,18,4.6,0.0688998,3.02672
794,22.9134,12.707,19,4.75333,0.0681182,3.05823
795,22.794,11.9829,17,4.46,0.0733261,3.20465
796,22.3385,12.991,17,4.97333,0.0710437,3.10504
797,23.9785,13.7735,19,5.86667,0.0751116,3.3854
798,23.8982,12.971,19,5.29333,0.0717191,3.53121
799,23.5914,12.886,17,4.91333,0.073118,3.56981
800,23.3465,13.0604,18,4.98667,0.0678214,3.7162
801,23.5905,14.2167,17,5.74,0.0715462,3.54781
802,21.4784,12.406,16,3.94667,0.0693417,3.75644
803,23.6059,13.3852,18,5.11333,0.0891587,3.56533
804,22.7006,13.312,18,4.98,0.0709111,3.66938
805,22.7765,13.9869,18,5.34667,0.0689877,3.19339
806,22.2388,13.321,16,4.81333,0.0732997,3.90752
807,23.6505,13.8481,19,5.5,0.0715719,3.47313
808,23.2381,13.6064,18,5.49333,0.0754308,3.75927
809,22.5047,13.2199,18,5.27333,0.072529,3.7851
810,24.4085,13.76,19,5.74667,0.0733133,3.59899
811,24.003,13.0859,19,5.26,0.067942,3.54368
812,24.3897,13.7306,19,5.58,0.0697699,3.62774
813,22.3099,12.9601,16,5.86,0.0684075,3.4023
814,21.2929,13.0226,16,5.44667,0.0753654,3.77007
815,21.1792,13.4559,15,5.73333,0.070998,3.90512
816,23.608,13.7707,17,5.94,0.0776727,3.58439
817,23.8902,13.4492,18,5.26667,0.0698724,3.55374
818,22.3728,13.8427,17,5.35333,0.0670266,3.66575
819,24.6694,14.4258,19,6.28667,0.0893418,3.41553
820,22.1716,14.2261,18,5.92667,0.0686226,3.36454
821,24.1197,14.2497,18,6.28,0.070148,3.6084
822,23.2609,13.1974,17,6.02667,0.0707982,3.43744
823,23.1565,13.6962,18,5.96667,0.0710166,3.38453
824,23.3049,13.8665,18,5.56667,0.0701629,3.32415
825,22.4098,12.964,16,5.1,0.0676378,3.50864
826,22.4658,13.7562,16,5.84,0.0693127,3.44565
827,23.2016,13.3204,17,5.39333,0.0714844,3.20055
828,22.4579,13.7808,16,5.64,0.0707029,3.16146
829,24.4418,14.2214,19,6.05333,0.0720617,3.37598
830,23.305,13.6462,18,5.71333,0.069434,3.41505
831,23.0785,12.6431,16,5.37333,0.0692042,3.37749
832,21.8345,11.8864,16,4.54667,0.0650935,3.29154
833,22.2215,12.9161,18,5.33333,0.0697951,3.27614
834,23.8007,14.0442,19,5.43333,0.0696377,3.61826
835,24.2867,14.3371,19,6.49333,0.0672824,3.44528
836,22.1717,12.7903,17,5.18667,0.0665442,3.2484
837,24.5199,15.0968,19,6.44667,0.0691265,3.51333
838,21.5843,13.2593,18,5.56667,0.0654636,3.32669
839,22.1953,13.3267,16,5.8,0.0688262,3.4305
840,23.9117,13.3197,17,5.90667,0.0667461,3.29632
841,23.6953,12.6389,19,4.86,0.0657166,3.25075
842,22.6521,12.9798,17,5.24667,0.0730153,3.34674
843,23.3877,13.87,19,6.35333,0.0694942,3.26966
844,21.81,13.4987,18,5.92667,0.0683394,3.39543
845,23.8419,13.9158,17,6.17333,0.0714429,3.52731
846,22.3031,13.2117,16,5.57333,0.0768805,3.62996
847,23.4765,13.439,17,6.58667,0.0694844,3.58271
848,23.114,13.3893,18,6.04667,0.0700746,3.52942
849,22.7113,13.2412,18,6.37333,0.0695613,3.76525
850,23.1938,13.3515,17,5.91333,0.0706531,3.63653
851,24.0377,14.1338,19,7.15333,0.0703578,3.83247
852,21.2978,13.7663,16,6.75333,0.0696881,3.33064
853,22.7208,13.4404,19,6.66667,0.067651,3.73759
854,22.2931,11.1529,16,4.80667,0.0736946,3.43846
855,20.484,12.5274,16,5.41333,0.0683189,3.53274
856,22.4351,13.3879,17,6.74,0.0664938,3.41625
857,22.5485,12.7617,17,5.71333,0.0660101,3.28965
858,22.295,12.786,17,6.34,0.0670347,3.74549
859,22.5249,12.2503,17,5.48,0.0702223,4.09829
860,21.4855,12.6336,16,5.66667,0.0686036,3.45836
861,22.3181,11.8341,16,4.55333,0.0675848,3.47453
862,24.2582,13.1104,18,6.11333,0.0666969,3.3625
863,23.7381,13.5838,18,6.26,0.0681472,3.5344
864,22.6428,12.7717,17,5.90667,0.0792536,3.62756
865,22.7886,13.0844,18,7.07333,0.0747744,3.594
866,21.7129,12.8397,16,5.82,0.0664665,3.37543
867,22.673,13.1374,19,6.65333,0.0680674,3.31816
868,22.2536,12.1296,18,5.82667,0.0690573,3.70612
869,22.9801,13.5203,18,6.26,0.0668703,3.33689
870,23.8228,13.3111,18,5.98,0.0681293,3.35637
871,22.9195,13.5804,17,6.46667,0.0671025,3.44385
872,22.3667,12.509,17,5.06667,0.0691666,3.34667
873,23.3152,13.2528,18,5.96667,0.070406,3.55431
874,22.2063,13.2656,18,6.39333,0.06968,3.48861
875,21.2597,11.8951,16,5.39333,0.0673097,3.44237
876,24.4829,14.4525,19,7.08667,0.0854555,3.88464
877,22.8445,12.756,17,6.42,0.0666657,3.28737
878,23.4392,13.2471,18,6.38667,0.0674918,3.29245
879,22.3601,12.8085,19,5.69333,0.066512,3.45685
880,23.071,13.6615,19,6.97333,0.0692117,3.29749
881,22.6403,13.8545,18,6.56667,0.0680156,3.25476
882,23.6238,13.6213,18,6.64667,0.0698286,3.03319
883,23.3716,13.2394,17,6.36667,0.0665775,3.11007
884,24.4975,13.6539,19,6.18667,0.0691602,3.12988
885,24.114,13.192,19,5.87333,0.0701196,3.12423
886,24.1776,13.9251,19,6.75333,0.0700934,3.24355
887,21.9848,12.1165,15,5,0.0685695,3.52704
888,22.559,12.5486,17,5.35333,0.0671979,3.12702
889,22.9788,13.1924,17,5.78,0.0652128,3.10314
890,23.0389,12.6122,17,5.6,0.0697336,3.36602
891,21.9907,12.3746,16,4.96667,0.0684579,3.15262
892,23.2108,14.4969,19,6.98,0.0711763,3.54018
893,22.2798,13.1926,16,5.68,0.066459,3.26674
894,23.2411,14.3042,19,7.86,0.0695938,3.30041
895,24.2556,13.7957,18,6.90667,0.0658657,3.01696
896,22.7073,13.7892,17,7.26667,0.068239,3.19451
897,23.0098,12.9928,18,6.12,0.066709,3.29474
898,24.1516,13.4326,18,6.06667,0.0677046,3.20232
899,23.2788,12.8614,18,5.62,0.0672038,3.26588
900,22.1377,13.6206,17,6.52667,0.068442,3.04735
901,23.6782,13.5946,18,6.8,0.0707037,3.05257
902,23.6301,13.7404,18,6.73333,0.0662489,3.05547
903,22.4073,11.9847,17,5.60667,0.0656858,3.3261
904,23.7203,13.439,17,6.10667,0.0683857,3.29799
905,23.7469,13.9617,19,6.94,0.0694556,3.17691
906,23.3922,13.414,18,6.18,0.0687964,3.24704
907,24.4339,13.378,19,7.08,0.0662867,3.15429
908,22.8588,13.7502,18,7.48,0.0680046,3.24949
909,23.2124,13.7865,18,7.15333,0.0694018,3.31055
910,23.7968,13.4052,20,6.1,0.0686521,3.37159
911,23.043,14.1556,20,7.35333,0.0672904,3.05299
912,22.5133,13.2676,17,6.3,0.0669317,3.47334
913,22.7529,12.4758,19,5.99333,0.067338,3.2219
914,23.0515,13.0102,17,6.02,0.0669507,2.89051
915,22.3806,12.3355,16,5.98,0.0670368,3.11503
916,22.3936,12.7927,17,5.93333,0.0674624,3.15452
917,22.1551,13.3229,17,6.16,0.0688278,2.99329
918,24.2497,12.9622,19,5.56667,0.0668896,3.26326
919,23.4552,12.7687,19,5.57333,0.0733266,3.16149
920,22.2244,13.1553,17,5.32667,0.0685678,3.06977
921,22.1903,12.2135,17,5.08667,0.0747281,2.96254
922,21.5648,12.5353,18,5.8,0.0727151,3.15843
923,23.838,13.0997,19,5.80667,0.067253,2.95858
924,23.9427,14.1322,19,7.33333,0.0707313,2.7259
925,22.7001,12.3971,18,5.98,0.0713104,2.8632
926,22.1681,11.9242,18,4.62,0.0672435,2.90851
927,23.0761,12.5003,19,5.82667,0.0682228,2.99855
928,23.83,12.248,19,5.4,0.06851,2.91522
929,23.365,14.0369,19,6.98,0.187638,3.20039
930,21.9926,12.5222,17,5.7,0.0720042,3.04198
931,21.697,12.1203,16,5.98667,0.0688307,2.92043
932,22.7204,12.7533,17,6.48667,0.0717515,3.06793
933,21.5095,11.7615,14,5.00667,0.0669473,3.11682
934,21.1536,12.9449,17,6.70667,0.0692962,3.20191
935,22.3977,12.9359,16,6.52,0.123429,3.54839
936,23.5149,12.4733,19,5.58,0.0684943,3.24819
937,21.9651,12.7676,18,6.73333,0.0673761,3.31262
938,24.1192,12.3444,19,6.16,0.0680283,3.2057
939,23.9416,12.952,18,6.75333,0.070437,3.43976
940,23.6605,12.7555,19,6.01333,0.0681948,3.16406
941,23.4749,12.2605,18,5.44667,0.067172,2.91401
942,20.8727,11.6198,16,4.50667,0.067654,3.21857
943,23.3126,13.0417,19,6.44667,0.0670662,3.41499
944,23.5014,13.6023,19,6.46667,0.0711358,3.50353
945,20.8911,12.3506,16,5.36667,0.0661586,2.9334
946,24.682,14.4503,20,7.44667,0.0695607,3.18781
947,23.0041,13.6402,18,6.3,0.0691568,3.19912
948,23.9397,13.6605,18,6.34667,0.0718998,3.22331
949,22.0112,12.4121,18,5.75333,0.0667271,3.0652
950,22.4358,12.1995,19,5.59333,0.0779748,3.17949
951,22.3438,12.5593,18,6.03333,0.0688676,3.41989
952,23.0585,13.1949,18,5.96667,0.0684283,3.55537
953,22.554,13.1605,18,6.49333,0.0683287,3.13382
954,21.9871,11.7671,17,4.78667,0.0666738,3.44008
955,24.4462,13.1113,19,6.05333,0.0684507,3.41023
956,23.0631,12.8829,19,6.24667,0.0759795,3.44975
957,23.9145,13.4966,20,5.88667,0.0721361,3.20723
958,22.9823,11.6413,16,5.13333,0.0684724,3.3907
959,20.9978,12.1771,16,5.67333,0.0686328,3.34112
960,20.8343,13.0716,16,5.32,0.0761183,3.45923
961,21.3301,11.9736,18,5.48,0.0673814,3.30434
962,22.0577,13.3958,19,5.66,0.0705672,3.25378
963,23.0585,13.9821,19,6.39333,0.0678285,3.34586
964,23.568,12.2117,17,5.45333,0.0681988,3.11301
965,22.8601,13.7374,18,6.20667,0.070049,3.20876
966,22.7577,13.1572,17,6.19333,0.070046,3.30393
967,23.2109,13.4631,18,5.89333,0.0679997,3.2973
968,24.2578,14.1982,19,6.86667,0.0686676,3.13803
969,21.739,12.3239,15,5.35333,0.0644189,2.89965
970,22.4915,13.1313,19,5.62667,0.0668304,2.9317
971,22.6598,13.2226,19,6.04,0.068925,2.85696
972,22.6566,11.9725,18,4.48,0.0674761,3.38235
973,23.1053,12.2961,17,4.84667,0.0682205,3.30371
974,20.9327,11.953,18,4.76667,0.0665585,3.1616
975,23.7921,12.7731,19,5.11333,0.0675281,2.68985
976,23.4982,12.9578,19,5.22667,0.0717676,3.23344
977,23.4908,11.7863,19,4.34,0.0679968,3.04531
978,22.2878,12.4701,19,4.83333,0.070344,3.09468
979,23.0675,12.7485,18,5.16,0.0709712,2.73154
980,23.0134,11.7421,19,5.28,0.0697155,3.22771
981,22.9336,12.4452,18,4.62,0.0717853,3.33206
982,22.357,11.6076,17,4.19333,0.067633,3.20944
983,23.5193,12.8512,18,4.98667,0.0703257,3.32447
984,22.9282,12.2748,18,4.56,0.0668357,3.23296
985,20.269,11.2258,17,4.46667,0.0676793,3.19861
986,21.6138,11.9875,19,4.82667,0.0665561,3.05733
987,21.3405,11.5126,17,4.47333,0.067707,3.15211
988,22.6667,11.5236,18,4.74,0.0697669,3.28864
989,22.1408,12.2056,19,4.78667,0.066465,2.97886
990,23.0822,11.4692,18,4.42667,0.0673605,3.08583
991,22.6443,12.4947,18,5.63333,0.069483,3.304
992,21.198,11.785,18,4.96667,0.0857979,3.21092
993,24.1037,12.3735,19,5,0.068286,3.01927
994,22.9704,12.1006,18,4.62667,0.0670213,2.88787
995,23.5194,13.2258,20,5.65333,0.0706455,3.13982
996,20.7718,11.573,17,4.68,0.0684059,3.25202
997,22.7034,12.803,18,5.64667,0.0678202,3.1669
998,22.296,12.6923,18,5.58,0.0672632,3.18828
999,22.1971,12.4744,19,4.62,0.0676106,3.35709
1000,22.6651,12.4228,18,5.17333,0.066992,3.12802
