1,10.7131,3.56968,6,0.373333,0,0
2,11.3121,5.40395,9,0.473333,0,0
3,11.6813,6.64886,8,0.246667,0,0
4,11.2671,6.60736,8,0.366667,0,0
5,11.5894,6.4293,5,0.206667,0,0
6,13.9631,7.34633,7,0.186667,0,0
7,13.3055,7.46208,15,0.58,0,0
8,14.5091,7.74538,7,0.186667,0,0
9,13.7421,7.66542,12,0.193333,0,0
10,15.1287,7.68094,5,0.293333,0,0
11,15.0348,7.86596,10,0.253333,0,0
12,13.9126,7.65303,8,0.38,0,0
13,15.4223,7.54957,8,0.393333,0,0
14,16.2591,8.64073,7,0.313333,0,0
15,13.7096,8.22969,3,0.16,0,0
16,13.7028,7.63606,7,0.306667,0,0
17,12.6852,8.3357,4,0.206667,0,0
18,13.6195,7.7764,10,0.48,0,0
19,16.642,9.1462,7,0.44,0,0
20,12.2236,8.20443,5,0.153333,0,0
21,13.8642,8.74439,5,0.253333,0,0
22,13.1027,7.90062,9,0.366667,0,0
23,16.4535,9.62659,11,0.646667,0,0
24,15.035,8.89297,10,0.44,0,0
25,14.29,8.38034,7,0.313333,0,0
26,13.8153,8.34859,4,0.346667,0,0
27,13.7879,9.23481,9,0.433333,0,0
28,14.7419,9.78202,5,0.313333,0,0
29,14.2851,8.66707,12,0.48,0,0
30,15.9998,8.77009,7,0.646667,0,0
31,16.6049,9.69701,11,0.533333,0,0
32,11.7715,7.58338,7,0.333333,0,0
33,15.0137,8.84199,6,0.533333,0,0
34,13.5621,8.36997,6,0.473333,0,0
35,14.7967,8.49082,6,0.366667,0,0
36,17.1009,9.48702,8,0.566667,0,0
37,14.5646,8.58931,12,0.7,0,0
38,15.6652,8.7076,8,0.493333,0,0
39,15.8509,9.72099,5,0.5,0,0
40,16.4528,9.66367,12,1.1,0,0
41,16.5044,9.5937,9,0.94,0,0
42,19.187,10.5004,14,1.42667,0,0
43,15.2102,9.27394,8,1.06667,0,0
44,14.5208,9.41694,6,0.56,0,0
45,15.1794,9.17153,9,0.813333,0,0
46,15.2986,9.22385,11,0.953333,0,0
47,15.4328,8.85028,8,0.76,0,0
48,14.8585,8.82366,7,0.5,0,0
49,15.1233,9.33587,6,0.693333,0,0
50,14.0667,8.95931,5,0.473333,0,0
51,16.6213,9.79526,6,0.626667,0,0
52,17.2662,9.52822,16,0.88,0,0
53,16.8579,9.01535,8,0.913333,0,0
54,18.2321,9.24136,7,0.946667,0,0
55,17.6224,9.98362,9,0.92,0,0
56,17.0819,9.75676,10,0.8,0,0
57,17.8804,8.51802,12,0.82,0,0
58,16.3127,9.30069,7,0.566667,0,0
59,16.4338,9.99331,9,1.13333,0,0
60,16.4803,10.0024,10,1.06,0,0
61,18.2866,9.85862,11,0.84,0,0
62,18.7783,10.3452,9,1.14667,0,0
63,18.7614,10.0808,7,0.613333,0,0
64,19.4258,9.49706,9,1.25333,0,0
65,18.1997,10.0337,7,0.993333,0,0
66,15.6992,8.69304,6,0.56,0,0
67,18.5464,9.27067,8,1.01333,0,0
68,18.2078,8.79591,10,0.393333,0,0
69,18.405,9.35814,10,0.746667,0,0
70,18.0269,9.58331,10,0.82,0,0
71,18.958,10.638,10,1.13333,0,0
72,17.9361,9.85578,6,0.78,0,0
73,15.9461,9.21265,10,0.68,0,0
74,18.1229,9.71635,10,0.66,0,0
75,20.1144,10.4476,10,0.92,0,0
76,17.7382,9.68686,8,0.74,0,0
77,16.6842,9.32824,6,0.366667,0,0
78,17.5657,9.65662,11,0.393333,0,0
79,17.944,9.24758,9,0.446667,0,0
80,18.3446,9.72465,8,0.653333,0,0
81,18.0523,10.4201,7,0.84,0,0
82,18.5859,10.0268,6,0.753333,0,0
83,18.0326,10.0454,9,1.00667,0,0
84,17.9573,8.9117,12,0.76,0,0
85,15.8045,8.90819,8,0.76,0,0
86,17.2719,10.2272,11,0.966667,0,0
87,15.5361,9.71928,8,0.873333,0,0
88,18.3298,9.93233,7,1.05333,0,0
89,18.4523,9.89831,12,1.1,0,0
90,16.0359,9.52398,11,1.08,0,0
91,17.6652,9.78059,9,1.21333,0,0
92,16.9619,9.16162,9,1.15333,0,0
93,17.7595,10.9965,11,1.18,0,0
94,18.5489,9.44766,13,0.786667,0,0
95,17.9291,9.31753,10,1.03333,0,0
96,17.7215,9.31612,9,1.26667,0,0
97,16.1513,8.67111,11,0.666667,0,0
98,17.2867,9.32427,13,0.92,0,0
99,19.758,9.87101,12,1.33333,0,0
100,18.2056,9.40852,11,1.24,0,0
101,17.2393,9.57354,13,0.513333,0,0
102,17.1348,10.0908,11,1.18667,0,0
103,15.181,9.24335,14,0.933333,0,0
104,18.5553,9.67236,12,1.24667,0,0
105,16.847,9.89014,8,0.9,0,0
106,18.1986,10.2513,11,0.913333,0,0
107,19.0883,10.5911,13,1.40667,0,0
108,18.8589,10.7755,12,1.16667,0,0
109,16.8352,9.92115,10,1.23333,0,0
110,19.6591,10.3619,14,1.45333,0,0
111,19.0171,10.021,14,1.21333,0,0
112,15.3304,8.95385,7,0.553333,0,0
113,15.8961,9.84001,8,0.806667,0,0
114,15.128,9.62276,7,0.793333,0,0
115,15.0785,9.81672,6,0.733333,0,0
116,16.9737,9.90043,9,0.793333,0,0
117,16.0816,9.91556,10,1.05333,0,0
118,17.0178,10.0328,11,0.786667,0,0
119,16.4457,9.89881,12,0.66,0,0
120,20.5071,10.3861,16,1.64,0,0
121,18.8712,11.1689,15,1.59333,0,0
122,21.2676,10.4211,18,1.12,0,0
123,19.0021,10.671,13,1,0,0
124,16.3985,9.67585,8,0.7,0,0
125,16.3678,9.73249,7,0.58,0,0
126,17.6895,10.899,7,0.953333,0,0
127,16.5114,8.83487,9,0.533333,0,0
128,17.394,10.1662,10,0.926667,0,0
129,18.0365,10.332,10,0.733333,0,0
130,18.1956,10.0521,9,1.08667,0,0
131,14.6888,9.52514,6,0.48,0,0
132,18.5498,10.1849,10,0.793333,0,0
133,19.4199,10.7091,13,1.24667,0,0
134,17.753,11.1078,8,1.06667,0,0
135,18.6808,10.5298,15,1.28,0,0
136,18.4066,11.4345,14,1.07333,0,0
137,17.5208,9.90755,12,0.78,0,0
138,18.5842,11.3983,14,1.23333,0,0
139,20.8455,10.5789,18,1.57333,0,0
140,20.5301,11.3672,13,1.09333,0,0
141,19.4498,10.0728,10,0.953333,0,0
142,19.835,10.8245,11,1.67333,0,0
143,21.8662,9.63761,10,1.08667,0,0
144,17.3489,9.76943,8,0.7,0,0
145,17.9548,11.377,14,2.02,0,0
146,18.0037,11.0276,15,1.18667,0,0
147,19.3552,11.1664,14,1.47333,0,0
148,20.3502,10.1847,14,1.11333,0,0
149,19.3052,10.0772,13,1.02,0,0
150,19.612,10.6059,13,1.8,0,0
151,19.8598,11.8725,17,1.62,0,0
152,19.1968,11.1314,16,1.64667,0,0
153,19.6296,11.1291,14,1.74667,0,0
154,19.2689,9.32466,17,1.16667,0,0
155,18.6072,9.83194,11,1.36,0,0
156,19.686,11.1459,14,1.77333,0,0
157,18.8368,10.2771,15,1.73333,0,0
158,21.5841,10.9243,15,1.8,0,0
159,20.2582,11.0934,12,1.5,0,0
160,20.8489,10.4259,14,1.17333,0,0
161,19.6857,11.5497,15,1.94667,0,0
162,21.7351,10.4772,15,1.81333,0,0
163,21.0096,11.1401,15,1.44,0,0
164,19.5353,10.8867,13,1.28667,0,0
165,20.2604,11.4612,14,1.66,0,0
166,18.3467,8.99723,13,0.946667,0,0
167,19.1958,9.64791,12,0.793333,0,0
168,18.6533,10.0425,15,1.46667,0,0
169,18.8902,11.3586,13,1.79333,0,0
170,19.8978,10.8026,13,1.43333,0,0
171,17.665,10.5995,14,1.52,0,0
172,19.9418,10.5414,17,1.89333,0,0
173,20.6348,10.752,13,1.78,0,0
174,19.3534,10.8749,16,1.60667,0,0
175,18.8083,10.3645,13,1.72,0,0
176,19.5895,10.7542,15,2.09333,0,0
177,21.1743,11.5283,17,2.16667,0,0
178,21.2551,11.1939,14,1.87333,0,0
179,20.8913,10.9417,15,2.21333,0,0
180,22.5198,11.4023,16,2.10667,0,0
181,21.2955,12.1182,13,2.5,0,0
182,21.101,11.0286,13,2.2,0,0
183,20.1714,10.9141,14,1.91333,0,0
184,20.1111,10.1382,16,2.28,0,0
185,19.8719,10.6462,16,1.88,0,0
186,19.0766,10.5199,11,1.48667,0,0
187,21.3569,11.2422,15,2,0,0
188,22.3855,10.423,16,1.58,0,0
189,20.8893,10.22,13,1.87333,0,0
190,21.8435,10.7366,15,2.06667,0,0
191,21.3168,11.4846,16,2.38667,0,0
192,19.1775,9.9008,12,1.58667,0,0
193,18.7864,10.6944,14,1.79333,0,0
194,19.4087,11.633,17,2.52,0,0
195,21.4187,10.5399,16,2.3,0,0
196,18.3317,11.1727,14,2.07333,0,0
197,17.9631,10.7633,13,1.82667,0,0
198,16.2817,10.4656,12,2.01333,0,0
199,18.6843,10.9891,15,2.12,0,0
200,20.4293,11.5923,16,2.62,0,0
201,19.716,11.4867,14,2.18,0,0
202,19.6109,11.124,14,1.70667,0,0
203,20.6974,11.6007,14,3.30667,0,0
204,20.5846,11.6475,13,2.86667,0,0
205,19.2951,11.1532,16,2.7,0,0
206,19.3014,10.8294,13,2.39333,0,0
207,20.2955,10.6116,14,2.53333,0,0
208,19.489,10.985,14,2.11333,0,0
209,18.0199,10.6171,12,1.91333,0,0
210,19.1329,11.0754,15,2.17333,0,0
211,21.5195,11.3662,17,2.38667,0,0
212,20.9335,12.0316,15,2.66667,0,0
213,19.7721,10.6175,14,2.12667,0,0
214,22.0812,11.3183,17,2.38,0,0
215,19.287,10.8194,14,2.94667,0,0
216,19.3754,10.7107,14,1.98,0,0
217,19.7422,10.2,14,1.61333,0,0
218,20.9396,11.6976,16,2.92667,0,0
219,19.5808,11.6359,13,2.43333,0,0
220,19.5767,11.5099,14,2.58667,0,0
221,21.1658,11.5004,12,2.53333,0,0
222,20.5563,11.4696,14,2.42667,0,0
223,21.8683,11.7625,15,2.08,0,0
224,18.3793,10.0586,13,2.05333,0,0
225,22.0739,12.3992,15,2.43333,0,0
226,22.3631,10.9718,16,2.05333,0,0
227,19.9801,11.3613,16,2.06,0,0
228,21.2559,10.9316,15,1.95333,0,0
229,20.2609,11.2481,13,2.4,0,0
230,23.3305,11.4733,16,2.40667,0,0
231,20.9575,12.0523,17,2.46,0,0
232,17.8015,10.7687,15,2.40667,0,0
233,20.8852,11.5095,15,2.18,0,0
234,20.4071,11.6774,15,2.20667,0,0
235,19.2223,10.9356,16,2.08667,0,0
236,18.8996,10.6472,12,1.68,0,0
237,19.1457,10.932,12,2.49333,0,0
238,21.0428,11.4805,16,2.26667,0,0
239,19.625,11.0773,15,2.44667,0,0
240,20.623,10.6635,15,2.44,0,0
241,20.7051,11.6276,16,2.24,0,0
242,20.2231,11.0779,13,1.86,0,0
243,21.6303,11.8934,14,2.75333,0,0
244,20.7725,11.1108,15,2.3,0,0
245,20.0417,11.45,12,2.61333,0,0
246,20.0865,11.2506,15,2.72,0,0
247,20.3806,10.6523,16,2.35333,0,0
248,18.8386,10.4664,16,2.36667,0,0
249,18.3705,10.0043,11,2,0,0
250,21.5145,10.7954,16,2.23333,0,0
251,21.5056,10.231,14,2.44,0,0
252,19.8552,10.7655,13,2.28667,0,0
253,20.6418,10.8207,14,2.1,0,0
254,21.8862,10.3167,15,2.41333,0,0
255,20.6087,10.841,16,2.73333,0,0
256,19.0278,10.6938,13,2.1,0,0
257,19.3767,11.0606,15,2.78667,0,0
258,21.1203,10.6484,14,2.09333,0,0
259,21.2446,11.2332,16,2.44,0,0
260,20.6263,10.2857,13,2.22667,0,0
261,20.6596,10.6258,14,2.45333,0,0
262,19.1014,10.0588,12,2.06667,0,0
263,18.3724,10.0137,16,2.09333,0,0
264,22.5533,10.5669,15,2.52667,0,0
265,19.6524,10.6192,11,2.02,0,0
266,21.7916,10.0076,13,1.33333,0,0
267,18.8163,10.3321,12,1.51333,0,0
268,19.4959,10.5473,16,2,0,0
269,23.0388,11.3121,14,2.43333,0,0
270,19.5405,10.2538,13,1.63333,0,0
271,21.089,11.1025,16,2.02667,0,0
272,20.9712,10.9177,16,2.62667,0,0
273,19.9318,10.1924,13,1.65333,0,0
274,18.5971,10.7599,14,2.26667,0,0
275,19.6483,10.1973,15,1.59333,0,0
276,20.7549,10.1227,15,1.98,0,0
277,21.1737,9.91712,13,2.00667,0,0
278,21.5129,10.2971,13,1.68,0,0
279,19.7817,10.6546,14,1.92,0,0
280,18.5975,10.3789,12,2.04667,0,0
281,20.3413,11.591,15,2.7,0,0
282,18.7804,10.7262,13,2.11333,0,0
283,21.5233,10.5605,17,2.16,0,0
284,21.5871,11.7828,15,2.63333,0,0
285,18.9957,11.0076,13,2.08,0,0
286,20.5731,11.5695,16,2.43333,0,0
287,17.401,9.86469,12,1.40667,0,0
288,22.3313,11.132,15,1.52667,0,0
289,20.2104,10.8196,15,1.72,0,0
290,18.7408,10.0337,12,1.60667,0,0
291,20.5101,10.6251,15,1.79333,0,0
292,18.2959,9.79143,10,1.46667,0,0
293,20.843,9.33654,11,1.38,0,0
294,18.9078,9.82959,16,1.56,0,0
295,20.4592,10.2935,13,0.966667,0,0
296,18.6302,10.1866,17,1.74667,0,0
297,20.6595,10.1188,11,1.28667,0,0
298,20.6638,10.8625,13,1.47333,0,0
299,18.2332,10.1745,13,1.05333,0,0
300,21.3646,10.6742,13,1.62,0,0
301,20.3203,10.5498,10,1.32667,0,0
302,21.6108,10.0802,15,1.44667,0,0
303,21.0572,10.9063,16,1.82,0,0
304,20.6577,10.8379,14,1.19333,0,0
305,18.7934,10.2067,13,1.1,0,0
306,19.3515,10.9911,14,1.74,0,0
307,18.6425,10.6251,9,1.24,0,0
308,19.2597,10.0605,12,1.12,0,0
309,20.1085,10.4416,13,1.38,0,0
310,19.5263,10.206,14,1.44667,0,0
311,19.9254,9.99491,13,1.99333,0,0
312,21.1601,10.973,14,1.39333,0,0
313,17.0365,10.064,9,1.2,0,0
314,20.2946,10.8953,14,1.23333,0,0
315,21.2087,11.0831,16,1.86,0,0
316,17.3725,10.0758,12,1.15333,0,0
317,19.7279,10.7556,14,1.23333,0,0
318,17.8146,10.0208,10,1.34667,0,0
319,20.0102,9.93211,11,1.05333,0,0
320,20.3424,9.92494,12,1.46667,0,0
321,19.695,10.5387,12,1.36667,0,0
322,19.9474,10.6747,11,1.3,0,0
323,21.0304,9.33632,13,1.44667,0,0
324,19.4901,9.96901,11,1.30667,0,0
325,21.2837,10.9088,14,1.80667,0,0
326,19.7453,10.2512,13,1.18,0,0
327,19.5605,10.547,12,1.72667,0,0
328,18.0206,9.80379,7,1.21333,0,0
329,17.1948,10.0889,14,1.64667,0,0
330,16.7643,10.023,9,1.35333,0,0
331,17.9737,10.5553,12,1.29333,0,0
332,17.0208,10.4854,12,1.32,0,0
333,19.911,10.7958,14,1.96,0,0
334,21.0904,11.1581,16,1.87333,0,0
335,19.0639,10.7773,14,1.73333,0,0
336,19.9957,10.8007,13,1.62667,0,0
337,21.5041,10.6573,16,1.50667,0,0
338,18.7959,10.1033,14,1.75333,0,0
339,17.9789,10.3905,13,1.76,0,0
340,17.8675,10.7247,12,1.93333,0,0
341,22.7259,11.9688,17,2.98,0,0
342,20.3593,11.4968,14,2.09333,0,0
343,19.1589,10.5248,12,1.98667,0,0
344,21.4877,10.7408,16,2.1,0,0
345,21.3536,12.2871,17,2.26667,0,0
346,19.865,11.4735,17,2.48667,0,0
347,20.2494,11.401,16,2.75333,0,0
348,18.6241,11.2951,13,2.42,0,0
349,17.6534,11.0286,12,1.96,0,0
350,20.3418,11.0567,14,2.1,0,0
351,21.0778,11.8706,16,2.42667,0,0
352,22.1351,11.7807,20,2.36,0,0
353,21.8456,12.3161,15,2.81333,0,0
354,19.6888,10.9343,14,2.67333,0,0
355,20.0939,10.8907,14,2.65333,0,0
356,19.4415,10.6007,13,2.42667,0,0
357,21.1882,11.2948,17,2.72667,0,0
358,21.7117,11.5055,16,2.70667,0,0
359,22.0869,12.8476,16,3.56,0,0
360,20.8544,11.2648,14,2.59333,0,0
361,22.3753,11.7955,16,2.97333,0,0
362,20.1738,10.9769,14,2.39333,0,0
363,20.6647,10.4381,14,1.93333,0,0
364,18.9278,10.9318,13,2.14,0,0
365,22.1529,11.6294,15,2.31333,0,0
366,21.8363,11.3561,16,2.78667,0,0
367,21.1194,11.3205,14,2.91333,0,0
368,21.1513,10.475,15,2.28,0,0
369,20.5638,10.4963,13,1.67333,0,0
370,19.8196,11.0426,15,2.07333,0,0
371,19.1273,10.7478,12,2,0,0
372,20.1173,11.7369,13,2.95333,0,0
373,19.4486,11.0866,9,2.08,0,0
374,21.5526,12.3665,15,2.82,0,0
375,20.2739,11.9047,13,3.2,0,0
376,19.8587,10.7105,12,2.06667,0,0
377,22.4974,11.3319,15,2.55333,0,0
378,19.8606,11.5437,10,2.26,0,0
379,20.4933,11.1674,12,2.40667,0,0
380,22.1766,11.5901,15,2.81333,0,0
381,19.3491,10.2392,12,1.98667,0,0
382,20.7718,11.2475,13,2.43333,0,0
383,18.8967,10.9254,11,2.21333,0,0
384,23.014,10.5622,17,2.38667,0,0
385,20.4686,11.5209,14,2.42667,0,0
386,17.6493,11.34,12,2.22667,0,0
387,22.3459,11.3645,16,2.73333,0,0
388,20.1854,11.0996,13,2.63333,0,0
389,21.3633,11.3966,15,2.30667,0,0
390,20.8992,11.5269,15,2.83333,0,0
391,21.2524,11.3185,14,2.92,0,0
392,19.9473,11.5064,12,2.72,0,0
393,20.7953,11.8857,13,3.28667,0,0
394,19.2526,10.7885,14,2.48667,0,0
395,19.7936,10.5029,12,2.10667,0,0
396,19.8246,10.353,14,1.79333,0,0
397,21.4321,11.0465,11,2.38,0,0
398,19.3486,10.4867,13,1.76,0,0
399,20.0504,10.7478,13,2.09333,0,0
400,19.6245,10.8924,16,2.31333,0,0
401,20.8872,11.1369,14,2.56,0,0
402,20.8869,11.1194,14,2.1,0,0
403,20.2807,11.8852,14,2.82667,0,0
404,19.148,10.8532,12,2.06667,0,0
405,21.8064,10.3338,15,1.69333,0,0
406,17.2884,10.6772,10,1.94,0,0
407,16.6888,10.1613,11,1.98667,0,0
408,17.5744,10.7743,11,2.2,0,0
409,19.6123,10.9181,15,2.04667,0,0
410,18.2467,11.0869,11,2.08667,0,0
411,18.6324,11.3852,14,2.39333,0,0
412,19.041,11.665,12,2.54,0,0
413,20.8537,11.5538,16,2.99333,0,0
414,21.4301,11.7636,13,2.73333,0,0
415,21.0383,10.808,14,2.42,0,0
416,18.3377,11.889,11,2.82667,0,0
417,20.2786,10.4381,14,2.62,0,0
418,20.8332,11.0086,12,1.88,0,0
419,21.3065,10.7906,11,2.26,0,0
420,21.7136,11.2414,14,2.22,0,0
421,18.8929,11.2656,12,2.76,0,0
422,23.4782,12.1962,18,3.43333,0,0
423,20.7999,11.5996,16,2.72,0,0
424,20.6793,11.813,14,2.63333,0,0
425,20.8757,12.3629,13,2.58667,0,0
426,22.3603,10.9463,12,1.44667,0,0
427,18.8949,10.1283,9,1.31333,0,0
428,18.9912,11.3904,13,2.04667,0,0
429,20.189,11.7275,12,2.77333,0,0
430,18.1358,10.2276,11,1.90667,0,0
431,20.2852,11.6772,13,2.99333,0,0
432,21.1088,11.3096,14,2.56667,0,0
433,19.9912,11.4024,13,2.69333,0,0
434,17.8794,11.4736,12,2.24,0,0
435,20.6249,11.3199,14,2.5,0,0
436,21.6593,11.3594,15,2.44,0,0
437,19.7834,11.9321,14,2.50667,0,0
438,21.739,12.0621,14,2.54667,0,0
439,19.2595,10.9567,12,2.28667,0,0
440,22.0221,12.0483,17,3.09333,0,0
441,21.7027,11.72,14,3.26667,0,0
442,20.1152,11.202,13,2.71333,0,0
443,21.6368,11.776,14,2.65333,0,0
444,19.0433,11.3676,11,2.5,0,0
445,22.9143,11.3306,16,2.60667,0,0
446,21.5958,11.886,14,3.30667,0,0
447,21.4199,11.9788,15,2.69333,0,0
448,22.5878,12.3108,16,4.43333,0,0
449,22.5147,11.6975,16,3.15333,0,0
450,21.6896,11.5909,14,2.46667,0,0
451,23.9057,11.4548,17,3.20667,0,0
452,20.3081,11.5911,16,3.03333,0,0
453,19.1928,10.6269,14,2.82667,0,0
454,19.7191,11.9839,13,3.12,0,0
455,21.9932,12.1228,15,3.52,0,0
456,20.05,11.7686,14,3.12667,0,0
457,19.5105,10.9449,13,2.78,0,0
458,19.9562,11.9081,15,2.15333,0,0
459,19.4962,11.4813,14,2.68,0,0
460,20.2331,10.4127,13,2.72,0,0
461,22.9955,11.7454,15,2.89333,0,0
462,21.9272,12.6221,15,3.17333,0,0
463,19.1829,11.7172,11,2.7,0,0
464,21.615,10.9379,14,2.63333,0,0
465,18.559,11.3617,11,2.96,0,0
466,19.4094,11.6323,12,2.71333,0,0
467,19.8588,12.2762,14,3.15333,0,0
468,22.2698,11.4333,14,3.09333,0,0
469,19.4077,11.0455,10,2.20667,0,0
470,20.9163,10.8669,17,2.5,0,0
471,21.0079,11.8367,15,3.37333,0,0
472,19.1561,10.5266,12,2.48667,0,0
473,20.5142,12.5546,15,3.34667,0,0
474,19.3843,11.3251,13,2.05333,0,0
475,22.4663,12.0694,14,3.03333,0,0
476,20.4975,11.7521,11,2.47333,0,0
477,20.1975,11.2577,14,2.08667,0,0
478,21.9198,11.263,14,3.02,0,0
479,21.0005,10.4879,13,2.24,0,0
480,20.735,10.867,14,2.82,0,0
481,20.5028,11.3011,15,2.87333,0,0
482,22.3636,11.7342,15,3.34,0,0
483,20.2176,11.4636,13,3.13333,0,0
484,21.2443,10.7103,15,2.67333,0,0
485,21.3168,11.7419,13,2.36667,0,0
486,20.8402,11.3449,13,2.24,0,0
487,20.4423,11.6975,14,3.59333,0,0
488,21.0474,10.8968,15,3.15333,0,0
489,22.5686,11.5229,15,3.18667,0,0
490,19.2247,10.7375,14,2.72667,0,0
491,22.6828,11.5768,15,2.21333,0,0
492,17.4936,11.5483,12,2.63333,0,0
493,17.3104,11.2755,12,2.08667,0,0
494,21.4823,11.1163,15,2.28,0,0
495,22.9573,11.8759,17,2.84,0,0
496,20.8058,10.4199,16,2.75333,0,0
497,21.1348,11.368,15,3.30667,0,0
498,19.4779,9.95656,14,2.29333,0,0
499,20.2347,10.6545,16,2.63333,0,0
500,17.2753,10.3019,13,2.27333,0,0
501,20.5826,11.0506,13,2.64667,0,0
502,19.7449,11.3919,14,2.98,0,0
503,22.4103,11.2222,15,2.94,0,0
504,20.7259,11.212,15,2.26,0,0
505,20.0256,11.5245,17,2.55333,0,0
506,21.4704,10.7796,13,2.32,0,0
507,20.7829,12.2418,14,2.90667,0,0
508,20.3233,10.7426,16,2.24,0,0
509,19.4675,10.6283,15,2.15333,0,0
510,20.2395,11.7852,14,3.08,0,0
511,19.6294,11.757,15,2.54667,0,0
512,20.8258,11.1119,16,2.04,0,0
513,20.3851,10.6875,17,2.51333,0,0
514,20.2224,11.7804,17,2.87333,0,0
515,17.8965,11.0255,14,2.90667,0,0
516,22.9332,11.0348,17,2.70667,0,0
517,21.0414,10.6109,16,1.81333,0,0
518,21.7703,10.199,16,1.94667,0,0
519,18.7633,11.1625,12,2.45333,0,0
520,18.1124,10.3614,12,1.66667,0,0
521,18.3113,10.334,13,1.64,0,0
522,20.2563,10.3759,16,1.90667,0,0
523,19.2093,11.0036,13,2.11333,0,0
524,18.4471,10.7842,11,2.14667,0,0
525,19.119,11.3081,12,2.26667,0,0
526,18.5642,11.7179,12,2.21333,0,0
527,16.6828,9.46683,10,1.60667,0,0
528,17.7479,11.3971,11,2.58667,0,0
529,18.1116,11.0011,10,2.28667,0,0
530,18.4018,10.8265,12,1.82,0,0
531,19.7021,11.018,13,2.32667,0,0
532,19.724,11.5188,12,2.5,0,0
533,19.5323,11.7669,16,3.00667,0,0
534,16.9802,11.0916,12,2.65333,0,0
535,20.1737,11.339,13,2.20667,0,0
536,21.3936,11.2605,16,2.47333,0,0
537,20.4578,11.4653,14,3.02,0,0
538,20.6295,11.3038,15,2.8,0,0
539,20.7087,10.7067,17,2.2,0,0
540,19.6127,10.9248,13,2.26,0,0
541,22.2685,10.9667,16,2.36,0,0
542,22.1079,10.5788,14,2.65333,0,0
543,22.0082,11.1985,15,3.01333,0,0
544,21.8825,13.1476,17,3.64667,0,0
545,19.0482,11.3637,13,3.37333,0,0
546,21.745,12.2438,15,2.84,0,0
547,19.5761,12.0119,13,3.64,0,0
548,20.9379,10.6392,16,2.48667,0,0
549,18.5061,11.2749,12,2.46,0,0
550,20.9109,11.0681,15,2.44667,0,0
551,22.6311,11.5546,17,3.49333,0,0
552,22.0676,11.5665,16,3.32667,0,0
553,22.3208,11.4195,18,3.02667,0,0
554,20.7742,11.6148,15,2.92667,0,0
555,20.7242,11.0614,16,3.20667,0,0
556,20.6185,11.0443,14,2.96,0,0
557,21.9277,10.7733,15,2.22667,0,0
558,21.8883,11.1873,17,3.38667,0,0
559,21.2917,11.5932,16,3.62667,0,0
560,21.262,12.4329,14,3.85333,0,0
561,20.2741,11.3563,13,2.99333,0,0
562,21.1047,11.851,13,3.48,0,0
563,20.7148,10.9078,14,2.85333,0,0
564,22.3689,12.3983,17,3.3,0,0
565,19.9043,11.1322,14,2.72,0,0
566,20.9431,11.4779,15,2.85333,0,0
567,21.5436,12.4358,16,3.15333,0,0
568,22.0116,12.6936,15,2.93333,0,0
569,22.128,12.2119,18,3.62,0,0
570,22.438,11.7317,15,3.41333,0,0
571,22.3345,12.3663,17,3.42667,0,0
572,19.6485,11.3313,13,3.36667,0,0
573,17.4959,10.7858,12,3.19333,0,0
574,19.679,12.2513,14,3.52,0,0
575,22.1425,13.0643,16,3.82,0,0
576,20.8549,11.8276,16,3.68667,0,0
577,20.9291,11.5315,15,3.57333,0,0
578,21.5951,12.9818,15,4.08,0,0
579,20.8351,11.6628,15,3.52,0,0
580,20.8435,11.7985,13,3.39333,0,0
581,22.2156,12.2119,17,3.52,0,0
582,19.9983,11.341,13,2.8,0,0
583,20.6071,12.219,17,3.38667,0,0
584,21.8019,11.3447,16,3.31333,0,0
585,21.5793,12.4994,14,3.27333,0,0
586,19.8427,11.5307,14,2.99333,0,0
587,21.3727,11.5681,15,2.99333,0,0
588,19.038,10.8674,15,2.54667,0,0
589,20.9216,11.8412,14,3,0,0
590,21.0301,12.3554,14,3.17333,0,0
591,22.7492,12.6463,17,4.02667,0,0
592,20.4026,11.7769,14,3.38,0,0
593,22.4185,11.7547,16,3.10667,0,0
594,19.9642,11.5204,14,3.16667,0,0
595,21.1558,11.8178,16,3.78,0,0
596,23.2957,13.3165,17,4.82667,0,0
597,19.4819,12.1157,14,4.39333,0,0
598,23.2221,13.7999,18,5.04,0,0
599,23.4008,12.332,16,3.70667,0,0
600,22.8423,13.0029,15,4.26667,0,0
601,22.3,11.5627,14,3.03333,0,0
602,20.378,11.5065,14,3.41333,0,0
603,21.6594,13.034,15,3.92667,0,0
604,21.228,11.1046,15,3.32,0,0
605,22.2794,12.3379,16,3.06,0,0
606,20.7754,11.0953,13,2.54667,0,0
607,21.192,11.3961,14,2.7,0,0
608,22.4768,11.8503,14,3.54667,0,0
609,22.1225,12.0265,17,4.17333,0,0
610,22.9703,12.4955,18,4.4,0,0
611,21.9995,11.8946,15,3.31333,0,0
612,20.554,10.9569,15,3.68,0,0
613,22.8612,12.0932,18,4.20667,0,0
614,24.4334,13.2135,17,5.22,0,0
615,23.6272,12.815,17,4.2,0,0
616,23.7268,11.8632,17,4.42667,0,0
617,23.0044,12.2809,17,3.66667,0,0
618,22.9776,13.0045,18,4.50667,0,0
619,22.3336,12.0153,18,4,0,0
620,22.533,13.3428,16,5.09333,0,0
621,22.9467,11.5297,16,3.8,0,0
622,23.2927,11.1938,18,4.03333,0,0
623,22.1088,11.8399,18,3.71333,0,0
624,22.0121,11.2364,19,3.50667,0,0
625,24.5615,11.4215,19,3.8,0,0
626,23.6878,11.5085,18,3.94,0,0
627,20.8108,10.4055,17,4.14667,0,0
628,22.0874,12.2012,18,4.57333,0,0
629,23.9209,11.4495,16,4.29333,0,0
630,23.0204,12.9641,17,5.5,0,0
631,23.022,11.5553,20,3.41333,0,0
632,23.3767,12.5296,16,3.96,0,0
633,22.7608,11.576,17,4.22667,0,0
634,23.9242,12.3418,19,4.93333,0,0
635,21.6203,11.1636,18,3.88,0,0
636,22.1028,12.1993,19,4.34667,0,0
637,22.3728,12.1011,16,4.28,0,0
638,22.8896,12.562,20,4.58667,0,0
639,22.4629,11.5739,17,3.44667,0,0
640,23.0806,11.3077,17,4.20667,0,0
641,21.4144,11.5629,14,3.88667,0,0
642,22.7635,11.239,13,3.28,0,0
643,22.8115,11.5478,17,3.65333,0,0
644,23.0754,11.8352,17,3.79333,0,0
645,23.3048,10.887,16,2.92,0,0
646,22.9009,11.5519,16,3.17333,0,0
647,22.9422,11.1074,18,3.58667,0,0
648,23.5844,11.9748,18,3.64667,0,0
649,23.5598,12.4629,16,3.43333,0,0
650,22.3681,11.2586,18,3.72667,0,0
651,22.2733,11.6138,17,3.74,0,0
652,21.8819,12.7615,17,4.33333,0,0
653,23.1249,12.8457,18,4.52667,0,0
654,22.3307,12.4474,16,3.86,0,0
655,22.6979,12.0774,15,3.88667,0,0
656,23.1555,11.3812,16,3.73333,0,0
657,23.2501,13.0009,16,4.31333,0,0
658,23.5509,12.0049,17,4.02,0,0
659,21.0775,11.3216,16,3.46667,0,0
660,21.1201,11.6814,16,3.45333,0,0
661,23.6581,11.6695,18,3.32,0,0
662,23.4262,12.1855,18,3.18667,0,0
663,22.1363,11.9779,16,3.34,0,0
664,21.4748,12.1219,17,3.60667,0,0
665,21.8928,11.0795,15,3.35333,0,0
666,22.7545,11.2099,15,3.10667,0,0
667,23.3429,12.5874,15,3.34667,0,0
668,23.9752,11.913,17,3.18,0,0
669,22.3348,11.6539,13,3.09333,0,0
670,22.5449,12.3438,17,3.68,0,0
671,23.5023,11.7723,16,3.56667,0,0
672,22.0208,11.0365,16,3.35333,0,0
673,22.7465,12.4562,16,3.05333,0,0
674,22.5221,12.8016,16,3.92,0,0
675,23.1391,11.7682,16,3.28667,0,0
676,23.441,12.165,16,3.24667,0,0
677,22.4479,12.1856,15,3.04667,0,0
678,22.4411,11.1849,17,3.46,0,0
679,23.4986,11.8582,17,3.68,0,0
680,23.5767,11.8553,18,3.02,0,0
681,22.0733,12.1059,18,4.02667,0,0
682,23.186,12.2671,18,3.94,0,0
683,23.3474,12.6304,17,4.75333,0,0
684,24.5063,12.1607,19,3.84,0,0
685,24.5444,13.6807,19,4.7,0,0
686,23.3392,12.4841,17,4.00667,0,0
687,22.0203,11.4972,14,3.69333,0,0
688,22.0305,12.3026,15,4.05333,0,0
689,24.0535,11.7974,20,4.18,0,0
690,22.9345,12.2922,17,4.20667,0,0
691,23.8671,12.0343,19,4.12,0,0
692,23.6351,11.91,17,4.16667,0,0
693,22.2342,11.9913,17,4.41333,0,0
694,23.1035,13.225,17,5.24,0,0
695,22.5286,12.0314,18,4.58667,0,0
696,23.1618,12.703,18,5.3,0,0
697,22.8613,12.9822,18,5.21333,0,0
698,22.2829,12.8702,17,4.91333,0,0
699,21.3438,12.2121,17,4.18,0,0
700,24.2613,13.8763,19,5.83333,0,0
701,22.8484,12.33,17,4.66,0,0
702,22.535,12.6871,18,5.34667,0,0
703,23.6181,13.1795,18,5.52667,0,0
704,22.6785,12.6599,18,4.71333,0,0
705,22.8676,13.2456,19,5.12,0,0
706,24.1419,13.5301,18,5.46667,0,0
707,23.6452,14.2663,19,6.24667,0,0
708,23.4753,12.8359,18,5.18667,0,0
709,23.1099,13.1125,19,5.26667,0,0
710,23.4814,12.5397,18,5.30667,0,0
711,22.0472,12.6927,17,5.11333,0,0
712,23.3029,11.2098,18,5.04667,0,0
713,23.3882,12.8285,19,5.61333,0,0
714,23.1695,12.4836,19,4.78,0,0
715,21.7684,11.9665,16,4.48,0,0
716,24.6036,12.3067,19,4.74667,0,0
717,22.2401,11.822,17,4.25333,0,0
718,22.3827,11.9951,17,4.19333,0,0
719,23.4996,12.3017,19,4.52667,0,0
720,23.1069,12.7863,18,4.99333,0,0
721,23.0684,12.4584,19,4.34667,0,0
722,23.7316,12.4401,19,4.34,0,0
723,22.2807,12.2485,18,4.66,0,0
724,24.1897,11.4857,19,4.08667,0,0
725,21.8548,13.2172,17,4.17333,0,0
726,23.736,12.5861,18,5.07333,0,0
727,23.9107,13.4828,18,4.62667,0,0
728,24.6565,13.5835,19,5.22,0,0
729,23.2282,12.4312,18,4.82667,0,0
730,23.2326,12.8523,18,4.4,0,0
731,23.1245,12.7673,18,4.52667,0,0
732,22.1646,12.2186,17,4.47333,0,0
733,24.1237,12.8642,19,5.53333,0,0
734,24.5832,11.7042,18,4.89333,0,0
735,22.6187,11.5715,16,3.83333,0,0
736,21.3412,11.4835,15,4.44667,0,0
737,22.3009,12.6197,17,4.70667,0,0
738,22.6761,13.461,17,5.45333,0,0
739,22.0891,12.6252,16,4.63333,0,0
740,23.9887,12.897,19,4.63333,0,0
741,19.7065,11.3363,14,3.76,0,0
742,22.9267,12.2002,17,4.53333,0,0
743,22.3478,12.4023,17,5.38667,0,0
744,22.6517,12.4954,17,5.12,0,0
745,23.0692,13.0983,18,5.46667,0,0
746,23.4562,13.58,19,5.58,0,0
747,22.7413,11.8427,17,4.79333,0,0
748,21.4261,11.8996,15,4.52,0,0
749,23.8872,13.0069,18,5.39333,0,0
750,22.9357,12.2739,18,5.38667,0,0
751,24.068,12.9587,17,4.95333,0,0
752,23.6285,13.1155,16,5.74667,0,0
753,23.0701,13.0793,18,5.82667,0,0
754,22.4648,12.8304,17,4.88,0,0
755,23.024,13.2566,17,5.73333,0,0
756,23.4244,13.82,18,5.57333,0,0
757,23.5174,12.863,20,5.26667,0,0
758,22.813,12.4201,16,5.13333,0,0
759,22.9296,11.7354,18,4.87333,0,0
760,21.9941,10.4399,16,3.89333,0,0
761,21.0138,11.2205,15,4.88,0,0
762,21.7136,11.1,16,4.30667,0,0
763,20.9937,11.6845,18,4.47333,0,0
764,22.5414,12.3108,18,5.44667,0,0
765,23.7076,12.2696,19,4.7,0,0
766,22.3492,12.567,16,4.25333,0,0
767,21.6427,12.2851,14,3.75333,0,0
768,21.6064,11.7304,16,3.40667,0,0
769,23.3022,11.9807,18,4.4,0,0
770,23.6497,11.0822,18,4.06667,0,0
771,23.1503,12.7184,18,4.32667,0,0
772,19.9668,10.3584,14,3.32,0,0
773,21.9287,12.8881,18,4.28667,0,0
774,22.9531,11.7917,16,3.88,0,0
775,22.3543,10.7469,17,3.36667,0,0
776,21.6935,11.6874,16,4.24667,0,0
777,22.2134,11.9789,18,4.18667,0,0
778,24.144,12.6558,18,5.06,0,0
779,23.1193,13.2423,18,4.71333,0,0
780,23.7365,12.8,18,4.84,0,0
781,21.4599,10.8615,15,3.64,0,0
782,23.3885,11.6598,18,4.46,0,0
783,21.5852,11.6047,16,3.81333,0,0
784,21.6469,12.4209,17,4.08667,0,0
785,21.7246,11.1992,15,4.16,0,0
786,23.2213,12.9694,18,4.76667,0,0
787,22.567,11.3433,18,3.68667,0,0
788,21.3068,10.5388,16,3.59333,0,0
789,22.6558,12.1152,18,4.52,0,0
790,21.9595,11.5279,17,4.23333,0,0
791,21.8195,11.2046,18,3.9,0,0
792,21.8577,11.2258,17,3.66,0,0
793,22.1506,12.0333,17,4.86,0,0
794,23.459,12.8647,18,5.54667,0,0
795,22.3636,11.5237,17,3.99333,0,0
796,21.4102,11.6196,18,3.72,0,0
797,21.895,11.7699,18,4.40667,0,0
798,22.129,11.6639,18,4.22,0,0
799,23.4145,12.6785,18,4.78667,0,0
800,22.7951,12.2087,16,3.86667,0,0
801,22.3375,12.1364,19,4.34,0,0
802,22.8824,12.0988,17,4.15333,0,0
803,22.1041,12.2074,16,4.20667,0,0
804,22.4003,11.5401,15,3.83333,0,0
805,22.5773,11.1978,15,3.43333,0,0
806,22.6004,12.2873,17,3.60667,0,0
807,22.6857,11.6562,16,3.28667,0,0
808,22.0263,11.5659,15,3.7,0,0
809,20.7447,10.6668,15,3.36667,0,0
810,21.8104,11.7164,17,3.77333,0,0
811,20.8376,11.2982,16,3.69333,0,0
812,22.5172,11.8576,19,4.22,0,0
813,21.6208,11.3699,17,3.93333,0,0
814,22.981,11.1072,19,3.46667,0,0
815,22.7958,11.9866,19,4.28667,0,0
816,22.0353,11.8953,15,3.82,0,0
817,22.2572,10.9702,15,3.21333,0,0
818,21.8197,11.369,17,4.04667,0,0
819,21.4028,10.8468,16,3.86,0,0
820,20.8584,11.7728,15,3.96,0,0
821,21.4527,11.6935,18,3.48,0,0
822,22.7012,10.966,18,3.14,0,0
823,22.6152,11.3458,17,3.5,0,0
824,22.5108,10.665,16,3.36,0,0
825,23.0867,11.5907,17,3.44667,0,0
826,23.4015,11.7916,17,3,0,0
827,23.4884,11.8089,16,3.1,0,0
828,22.1753,9.90766,17,2.6,0,0
829,20.0702,9.9368,15,2.21333,0,0
830,22.4975,10.7736,16,2.92667,0,0
831,23.155,12.2505,18,3.21333,0,0
832,22.7502,10.5529,15,3.08667,0,0
833,22.6208,12.2492,17,3.58667,0,0
834,20.9047,11.6569,16,3.42667,0,0
835,21.3116,12.0157,16,4.01333,0,0
836,22.886,11.4516,16,3.42,0,0
837,23.2155,11.3554,17,3.28,0,0
838,21.5032,10.89,15,2.74667,0,0
839,22.1249,11.1703,15,3.64667,0,0
840,24.0262,12.3898,20,4.56667,0,0
841,22.4518,10.4533,16,3.38667,0,0
842,23.7581,10.8974,17,3.98667,0,0
843,22.2131,11.4366,17,3.94667,0,0
844,19.9262,10.3843,14,3.2,0,0
845,23.449,12.7571,18,5.19333,0,0
846,22.3094,11.7923,18,3.84667,0,0
847,21.0111,10.88,18,3.44667,0,0
848,21.7305,11.425,18,3.76,0,0
849,22.3186,10.8097,15,3.58,0,0
850,23.8288,12.1012,19,4.07333,0,0
851,21.5711,11.7323,16,3.61333,0,0
852,22.4969,11.0544,17,4.27333,0,0
853,23.2576,11.7138,19,3.53333,0,0
854,22.1501,11.9378,16,3.26667,0,0
855,23.6497,11.8227,19,4.04667,0,0
856,22.2762,11.7954,17,4.03333,0,0
857,22.5332,11.834,19,4.21333,0,0
858,21.7379,10.476,17,2.92667,0,0
859,23.48,12.3411,19,4.04667,0,0
860,22.7988,11.3553,19,4.26,0,0
861,22.2863,11.7292,17,3.96667,0,0
862,20.1227,11.1032,16,3.82667,0,0
863,20.8819,10.7365,15,3.18,0,0
864,21.3926,11.889,17,4.29333,0,0
865,24.6341,11.7508,20,3.8,0,0
866,22.9332,10.4786,18,3.90667,0,0
867,22.5522,11.6449,18,4.09333,0,0
868,21.7065,10.9907,19,3.72,0,0
869,21.9422,12.0767,18,4.04,0,0
870,23.2397,11.7062,18,3.84667,0,0
871,21.8836,11.2587,16,3.54,0,0
872,23.0532,11.5617,18,3.22667,0,0
873,22.9948,11.5914,17,3.65333,0,0
874,23.3752,12.1053,18,3.71333,0,0
875,22.7411,11.6232,18,3.04,0,0
876,23.057,11.7825,17,3.57333,0,0
877,23.0203,12.404,17,3.70667,0,0
878,23.864,12.6219,18,3.98667,0,0
879,23.865,11.8687,19,3.16667,0,0
880,21.7884,10.9436,16,3.00667,0,0
881,23.5747,12.1863,17,3.84667,0,0
882,22.2957,11.6499,16,3.46667,0,0
883,23.0838,11.8715,15,3.32667,0,0
884,22.3499,11.8781,17,3.3,0,0
885,21.7493,12.731,16,4.12,0,0
886,22.6279,10.5028,15,2.73333,0,0
887,21.7942,11.7288,17,3.70667,0,0
888,22.2395,11.9108,16,2.75333,0,0
889,21.8111,11.8302,16,3.14,0,0
890,24.1001,11.9481,19,3.49333,0,0
891,21.6227,11.6646,17,2.97333,0,0
892,22.4408,11.8208,16,3.2,0,0
893,23.5065,12.1911,19,2.81333,0,0
894,22.5531,11.4569,16,2.89333,0,0
895,21.8356,11.8001,19,3.12667,0,0
896,22.0751,12.0532,17,2.91333,0,0
897,22.73,12.3172,16,3.17333,0,0
898,20.7304,11.5128,15,2.6,0,0
899,23.24,11.886,19,3.1,0,0
900,22.8274,11.599,18,2.84,0,0
901,21.3874,11.5761,15,2.9,0,0
902,21.3366,11.5333,17,2.90667,0,0
903,23.0536,11.4814,17,3.23333,0,0
904,22.6926,11.7439,17,3.36667,0,0
905,23.3793,11.4489,16,2.92667,0,0
906,23.8079,11.3912,17,3.42,0,0
907,21.3801,11.9759,17,3.84,0,0
908,22.8384,11.6226,16,3.35333,0,0
909,20.6481,10.6913,15,2.63333,0,0
910,22.6749,11.4673,17,3.04667,0,0
911,22.179,11.7509,17,3.72,0,0
912,22.9843,11.0709,18,3.06,0,0
913,22.3449,11.2818,19,3,0,0
914,22.9681,12.2196,17,3.89333,0,0
915,21.6379,11.2104,17,3.39333,0,0
916,22.0536,11.2513,16,3.52667,0,0
917,24.6558,12.7694,20,4.08667,0,0
918,22.7589,11.7013,18,3.34,0,0
919,21.7993,11.5848,16,3.32,0,0
920,23.6215,12.0441,18,3.62,0,0
921,23.6964,12.517,20,4.32667,0,0
922,23.0466,13.126,19,5.14667,0,0
923,22.905,13.0122,19,5.23333,0,0
924,23.888,12.5107,19,5.02,0,0
925,23.4285,11.726,18,4.48667,0,0
926,23.0022,12.3397,19,4.77333,0,0
927,23.2118,11.646,18,4.64667,0,0
928,22.541,11.7525,17,4.91333,0,0
929,24.1673,12.7416,19,4.9,0,0
930,23.0991,12.4797,19,5.32,0,0
931,24.5634,12.5148,19,4.96,0,0
932,22.1734,10.7032,19,3.87333,0,0
933,22.972,11.5167,19,4.66667,0,0
934,22.8684,12.5854,19,5.38,0,0
935,22.1093,12.0855,17,4.88,0,0
936,22.403,11.8537,19,4.72667,0,0
937,21.8377,11.8967,17,4.28667,0,0
938,24.1225,12.6135,19,4.85333,0,0
939,22.466,11.6362,18,4.27333,0,0
940,22.4831,12.1751,18,4.7,0,0
941,22.3853,11.9908,18,4.64667,0,0
942,20.9387,10.6243,15,3.67333,0,0
943,23.5474,11.3984,19,4.54667,0,0
944,24.6353,12.4209,20,4.38,0,0
945,23.4643,12.0012,20,4.35333,0,0
946,23.1485,11.4069,18,4.00667,0,0
947,21.0534,11.2425,18,4.17333,0,0
948,21.8793,11.7872,19,4.48667,0,0
949,22.3994,11.8819,18,4.62,0,0
950,23.5541,12.3706,19,5.28667,0,0
951,22.2956,11.5837,19,5.11333,0,0
952,21.7211,11.3295,17,5.22667,0,0
953,23.6106,12.2293,19,5.58667,0,0
954,21.8189,11.7043,19,4.73333,0,0
955,22.0442,11.0283,17,4.18667,0,0
956,22.8846,11.7834,19,3.94667,0,0
957,21.2752,11.7534,16,3.90667,0,0
958,20.5969,12.0931,16,3.87333,0,0
959,24.2942,12.5592,19,4.46,0,0
960,23.6759,12.5157,20,4.76,0,0
961,21.3838,11.285,18,4.46667,0,0
962,22.9339,11.0919,18,4.62667,0,0
963,21.4481,11.2017,18,4.47333,0,0
964,21.7567,11.6233,17,4.52,0,0
965,22.9648,12.299,18,4.93333,0,0
966,23.1068,11.3942,18,4.36667,0,0
967,20.6636,10.945,17,4.04667,0,0
968,21.7915,12.0216,18,5.08667,0,0
969,20.3417,10.6726,17,4,0,0
970,22.2942,12.033,17,4.28667,0,0
971,22.7182,12.0216,18,4.28667,0,0
972,22.921,12.0253,19,4.78667,0,0
973,21.5972,11.8993,17,4.12667,0,0
974,21.8851,11.6556,17,3.31333,0,0
975,22.3271,11.5043,16,3.03333,0,0
976,22.2801,11.5329,19,3.64667,0,0
977,22.0687,10.8753,17,3.26,0,0
978,21.9001,11.7304,18,3.68667,0,0
979,22.236,11.8814,18,4.61333,0,0
980,23.6111,11.6627,18,5.11333,0,0
981,22.6449,12.4006,19,4.78,0,0
982,24.6256,12.6804,19,4.46667,0,0
983,22.5995,11.4025,18,4.03333,0,0
984,20.6852,11.1172,18,3.27333,0,0
985,21.8154,12.0833,18,3.92,0,0
986,21.4979,10.6614,18,3.43333,0,0
987,23.2498,11.6738,18,3.58,0,0
988,22.3267,11.4097,19,3.68667,0,0
989,23.246,12.1961,18,3.72667,0,0
990,22.3061,10.8162,17,4.04667,0,0
991,22.9776,11.3899,20,3.86667,0,0
992,23.5573,12.2531,20,4.83333,0,0
993,23.0527,12.5755,18,4.71333,0,0
994,24.4735,12.2923,20,4.70667,0,0
995,23.8119,12.0892,19,4.64667,0,0
996,22.7542,11.7981,17,4.27333,0,0
997,23.9952,12.6736,20,5.54,0,0
998,24.3407,12.9404,20,4.56,0,0
999,23.5167,13.0355,19,4.90667,0,0
1000,22.3062,11.2724,18,4.43333,0,0
