1,12.1352,4.05952,10,0.3,0,0
2,12.3407,6.33605,13,0.44,0,0
3,12.8982,7.45609,5,0.153333,0,0
4,11.8616,6.76179,3,0.0533333,0,0
5,13.8034,7.96787,8,0.246667,0,0
6,14.6262,7.67748,7,0.226667,0,0
7,12.9653,7.32326,3,0.06,0,0
8,13.168,7.97358,4,0.08,0,0
9,14.9673,7.63865,5,0.146667,0,0
10,14.1984,7.3235,5,0.246667,0,0
11,16.1609,7.62885,6,0.16,0,0
12,13.737,7.78248,3,0.106667,0,0
13,15.4063,8.31566,12,0.446667,0,0
14,13.42,7.90923,15,0.293333,0,0
15,13.6839,7.66139,5,0.266667,0,0
16,14.2061,7.58642,11,0.26,0,0
17,16.6091,8.37164,5,0.293333,0,0
18,18.0255,8.51521,7,0.38,0,0
19,15.4959,8.39394,9,0.42,0,0
20,15.3211,7.92331,7,0.306667,0,0
21,14.3498,8.17484,8,0.58,0,0
22,16.8526,8.82396,10,0.66,0,0
23,16.1276,8.64063,11,0.513333,0,0
24,15.2074,9.05943,12,0.82,0,0
25,17.5056,8.96238,14,0.72,0,0
26,14.2331,8.16673,13,0.626667,0,0
27,15.4578,8.53359,14,0.686667,0,0
28,15.3902,8.5685,7,0.593333,0,0
29,15.3134,8.42049,12,0.473333,0,0
30,16.1232,9.08411,11,0.653333,0,0
31,14.5172,8.66328,9,0.506667,0,0
32,16.647,9.32655,13,0.58,0,0
33,15.5281,9.06138,6,0.326667,0,0
34,16.7055,9.09908,9,0.62,0,0
35,16.3488,9.13543,10,1.01333,0,0
36,16.1033,8.99261,14,0.7,0,0
37,17.4506,9.08273,12,0.793333,0,0
38,17.3515,9.1925,12,0.96,0,0
39,20.1884,9.48715,12,0.6,0,0
40,19.5166,9.7622,14,0.953333,0,0
41,16.4257,9.38285,11,0.573333,0,0
42,16.5488,8.75956,13,0.913333,0,0
43,17.2982,9.02824,12,0.72,0,0
44,17.7282,9.88269,10,0.593333,0,0
45,17.9034,9.38164,12,0.64,0,0
46,17.8347,9.39196,14,0.52,0,0
47,17.5911,9.40906,12,0.533333,0,0
48,16.1812,8.8416,9,0.54,0,0
49,16.431,8.71095,11,0.58,0,0
50,20.1724,9.74231,11,0.773333,0,0
51,18.3275,10.054,10,0.56,0,0
52,17.5024,9.6509,9,0.44,0,0
53,19.7,8.54774,15,0.406667,0,0
54,19.2996,9.51837,10,0.74,0,0
55,19.8404,9.3193,4,0.246667,0,0
56,16.1683,8.35586,8,0.333333,0,0
57,18.9319,9.06021,9,0.326667,0,0
58,17.4769,9.3824,8,0.446667,0,0
59,13.9811,8.72257,10,0.266667,0,0
60,15.7666,9.22627,5,0.246667,0,0
61,18.2388,9.64959,12,0.426667,0,0
62,15.0956,9.40368,6,0.413333,0,0
63,14.7669,8.89406,6,0.366667,0,0
64,16.7123,8.79966,10,0.553333,0,0
65,14.3442,8.37748,6,0.173333,0,0
66,16.1853,9.4344,5,0.353333,0,0
67,17.084,9.06688,7,0.326667,0,0
68,15.6759,9.24488,5,0.386667,0,0
69,16.9614,9.86486,7,0.446667,0,0
70,15.72,9.17415,7,1.16,0,0
71,15.4324,9.12681,7,0.84,0,0
72,17.1397,9.07968,9,1.21333,0,0
73,15.7759,8.66601,6,0.926667,0,0
74,15.2418,9.29412,8,0.993333,0,0
75,14.6738,8.81485,6,0.54,0,0
76,16.0181,9.45139,7,0.613333,0,0
77,14.7123,9.16329,7,0.96,0,0
78,14.2419,8.73539,6,0.533333,0,0
79,16.0711,10.0022,6,0.693333,0,0
80,15.2983,9.54035,9,1,0,0
81,16.1722,10.2204,7,0.84,0,0
82,14.9535,9.33677,5,0.586667,0,0
83,15.018,9.07712,12,0.413333,0,0
84,15.33,8.85649,10,0.713333,0,0
85,17.3415,10.378,8,0.866667,0,0
86,17.7502,10.4981,6,0.506667,0,0
87,18.3997,10.9353,8,0.966667,0,0
88,19.1611,10.7685,8,1.16,0,0
89,16.4585,10.2756,5,0.506667,0,0
90,17.5377,9.92062,10,0.726667,0,0
91,19.0163,10.5481,12,0.893333,0,0
92,14.1909,8.61498,7,0.346667,0,0
93,16.5905,9.84695,7,0.773333,0,0
94,18.6526,10.688,10,0.933333,0,0
95,17.1459,10.0393,9,0.986667,0,0
96,16.4176,10.1497,7,0.933333,0,0
97,15.8775,9.81675,6,0.88,0,0
98,18.2434,10.2305,8,1.06667,0,0
99,18.5733,10.6463,9,1.11333,0,0
100,16.158,8.5994,5,0.773333,0,0
101,16.8435,10.0388,9,0.98,0,0
102,16.5491,9.79979,9,1.72667,0,0
103,16.6669,9.06127,10,1.30667,0,0
104,16.885,9.62382,10,1.65333,0,0
105,18.1709,10.0959,11,1.59333,0,0
106,18.3255,10.3206,12,1.14667,0,0
107,16.098,9.42159,10,1.53333,0,0
108,19.3395,10.4416,11,1.27333,0,0
109,18.7606,10.4787,10,1.18667,0,0
110,18.067,10.8085,10,1.5,0,0
111,19.0934,9.44005,12,1.10667,0,0
112,20.6746,9.64911,14,1.16,0,0
113,21.2193,11.8329,16,2.02,0,0
114,19.9986,9.5286,14,1.00667,0,0
115,19.3012,9.93447,11,1.17333,0,0
116,21.0128,10.9975,16,1.5,0,0
117,23.945,12.6277,18,3.04667,0,0
118,20.8022,10.2327,15,2.12667,0,0
119,22.2898,11.6359,15,2.20667,0,0
120,19.8686,10.493,14,1.81333,0,0
121,18.7989,9.43226,13,1.37333,0,0
122,20.308,11.3332,16,2.88667,0,0
123,16.9662,10.8259,9,1.54,0,0
124,20.1135,11.3074,13,2.04,0,0
125,19.3762,10.4488,13,1.42667,0,0
126,18.9182,11.1204,13,1.84667,0,0
127,18.7732,11.6776,12,1.92667,0,0
128,21.1657,11.4024,14,2.05333,0,0
129,20.9232,11.2382,16,1.6,0,0
130,21.6568,10.9878,16,1.96,0,0
131,17.6897,10.9058,9,1.25333,0,0
132,20.1794,12.2789,15,2.82,0,0
133,21.3954,11.3839,15,2.08,0,0
134,21.9601,12.0244,15,2.44667,0,0
135,18.3783,11.4651,13,1.52667,0,0
136,18.4224,10.4585,12,1.48667,0,0
137,23.406,11.9395,19,2.26,0,0
138,19.6698,10.3212,13,1.42667,0,0
139,19.9723,11.4298,14,2.11333,0,0
140,18.9853,10.8629,13,1.82667,0,0
141,18.5537,9.00377,13,0.72,0,0
142,16.706,9.19351,10,1.15333,0,0
143,16.3533,9.44035,10,0.813333,0,0
144,21.215,11.2336,13,1.38,0,0
145,18.4707,10.2297,9,1.18,0,0
146,15.4274,9.83419,8,0.986667,0,0
147,16.689,9.97819,12,1.18,0,0
148,20.1221,10.1471,12,1.94667,0,0
149,18.7786,9.9644,11,1.05333,0,0
150,17.3832,8.77324,5,0.633333,0,0
151,15.6211,9.00247,6,0.606667,0,0
152,16.5419,9.25199,8,0.64,0,0
153,20.0076,10.2897,8,0.806667,0,0
154,17.8868,10.0298,10,1.21333,0,0
155,18.315,9.141,11,0.853333,0,0
156,19.6037,9.94808,13,1.07333,0,0
157,16.7599,9.11374,14,0.84,0,0
158,17.0473,9.9582,8,0.766667,0,0
159,18.3933,10.1525,10,0.84,0,0
160,17.8948,10.5294,7,0.76,0,0
161,18.0698,10.0134,9,0.746667,0,0
162,20.3069,9.4011,9,0.513333,0,0
163,20.6269,9.71923,12,0.253333,0,0
164,19.2931,10.2522,16,1.48667,0,0
165,20.4855,10.53,16,1.76667,0,0
166,21.8445,9.71609,12,1.34667,0,0
167,19.4597,10.4317,15,1.71333,0,0
168,20.5262,10.4578,13,1.60667,0,0
169,20.4423,9.87944,13,1.12667,0,0
170,19.0677,10.0512,13,1.13333,0,0
171,20.0729,10.0487,17,1.11333,0,0
172,18.958,10.3055,13,1.44,0,0
173,19.4317,10.4658,12,1.54667,0,0
174,17.9263,10.5791,12,1.33333,0,0
175,21.1159,10.6894,12,1.12,0,0
176,21.5318,10.8295,11,0.893333,0,0
177,18.0107,10.1906,11,1.07333,0,0
178,22.1012,9.60433,17,1.90667,0,0
179,20.9452,10.4947,18,1.54667,0,0
180,17.2408,8.89361,9,0.42,0,0
181,20.805,10.0001,15,0.86,0,0
182,19.567,8.60847,14,0.906667,0,0
183,19.3321,8.14007,12,0.8,0,0
184,21.8037,10.0672,17,1.3,0,0
185,19.2352,9.95937,16,1.95333,0,0
186,21.959,10.0157,16,1.39333,0,0
187,19.7673,9.60601,14,1.1,0,0
188,19.5697,9.57193,15,1.26667,0,0
189,21.8245,9.80787,15,1.22,0,0
190,21.3999,9.78874,17,1.46667,0,0
191,19.5046,10.1557,15,1.86667,0,0
192,20.7267,10.0327,15,1.49333,0,0
193,19.0283,9.88382,14,1.14,0,0
194,20.5922,10.3682,16,1.49333,0,0
195,22.5538,10.7211,15,1.74,0,0
196,18.6269,10.2266,14,1.25333,0,0
197,19.564,10.4554,14,1.32667,0,0
198,19.7147,10.1016,14,1.68667,0,0
199,19.8403,10.8841,12,1.40667,0,0
200,20.1225,10.8296,15,2.08667,0,0
201,19.253,10.8684,14,1.6,0,0
202,22.2489,12.209,17,2.32667,0,0
203,20.899,10.5407,15,1.68667,0,0
204,19.8387,10.1931,14,1.62667,0,0
205,20.036,11.28,15,2.02,0,0
206,20.375,10.7595,13,1.67333,0,0
207,21.8599,10.8594,16,1.88,0,0
208,21.8408,11.881,17,3.34667,0,0
209,20.2451,10.6603,17,3.3,0,0
210,23.2903,11.0929,19,3.68,0,0
211,20.2201,10.8053,16,3.65333,0,0
212,21.3839,10.7401,17,3.24667,0,0
213,20.8856,9.66739,15,2.48667,0,0
214,18.9109,9.61661,14,2.27333,0,0
215,20.1501,9.75433,15,1.86,0,0
216,22.6308,10.1965,18,2.9,0,0
217,20.8595,9.11063,13,2.06,0,0
218,21.9983,10.355,16,2.65333,0,0
219,22.2169,11.1432,17,2.70667,0,0
220,20.3373,9.77224,15,1.89333,0,0
221,19.7354,9.95022,16,2.34667,0,0
222,23.2545,10.7611,17,2.6,0,0
223,19.583,10.1939,16,2.52,0,0
224,23.4186,10.6106,19,2.52,0,0
225,23.9856,10.849,19,2.93333,0,0
226,19.8385,10.2333,14,2.02,0,0
227,21.6867,10.4713,15,2.33333,0,0
228,22.4175,11.0462,19,2.55333,0,0
229,21.4539,10.9901,15,2.78,0,0
230,20.9801,11.05,16,2.68667,0,0
231,21.8515,11.5181,14,2.81333,0,0
232,20.8201,10.2978,13,2.48667,0,0
233,22.0511,11.2055,16,2.68667,0,0
234,20.359,10.5623,14,2.71333,0,0
235,22.2091,11.8564,15,3.26,0,0
236,22.8483,11.29,15,2.54667,0,0
237,21.254,11.4967,15,2.57333,0,0
238,24.2392,11.4802,19,2.7,0,0
239,20.9716,10.5639,15,2.68667,0,0
240,24.3267,11.7484,19,3.36667,0,0
241,19.356,10.7981,14,2.02667,0,0
242,21.5093,11.5309,16,2.46,0,0
243,22.5557,11.8523,18,2.62667,0,0
244,22.6642,12.0523,17,2.53333,0,0
245,23.5261,11.1647,19,1.99333,0,0
246,22.3511,11.1856,16,2.29333,0,0
247,20.5489,9.46958,13,1.34,0,0
248,20.8278,10.106,14,1.96667,0,0
249,22.8857,11.6652,18,2.52,0,0
250,21.5992,10.9864,17,2.26,0,0
251,20.479,10.9611,16,2.17333,0,0
252,22.1832,11.1395,17,2.3,0,0
253,20.7288,11.6696,17,2.62667,0,0
254,20.9033,11.0217,16,1.88667,0,0
255,22.262,11.6068,17,2.44667,0,0
256,21.8092,10.5125,15,2.10667,0,0
257,23.3805,11.7067,18,2.71333,0,0
258,23.4527,11.8541,19,3.16,0,0
259,21.3409,11.4779,17,2.30667,0,0
260,23.0083,11.4859,18,2.87333,0,0
261,21.5372,11.487,17,2.74667,0,0
262,23.5845,12.5651,18,3.14667,0,0
263,21.1371,11.3774,14,2.38,0,0
264,22.1339,11.1508,17,2.46667,0,0
265,23.3277,11.0219,18,2.32,0,0
266,22.3337,12.6535,17,2.48,0,0
267,23.1575,12.2806,18,2.34,0,0
268,22.1408,12.3237,17,2.84,0,0
269,22.2995,11.7186,16,2.96667,0,0
270,21.3869,11.1336,16,2.2,0,0
271,22.1869,9.23786,13,2.12,0,0
272,21.749,8.61236,14,1.99333,0,0
273,21.4428,9.2941,16,1.50667,0,0
274,23.021,9.12082,18,1.29333,0,0
275,21.825,8.93713,12,0.913333,0,0
276,20.5837,9.11467,17,1.25333,0,0
277,21.2861,9.86655,13,1.26667,0,0
278,21.2503,8.50468,16,1.12667,0,0
279,23.3713,8.43173,18,1.86,0,0
280,23.0873,9.57434,18,1.96,0,0
281,20.5314,9.09674,13,0.98,0,0
282,21.8503,10.328,16,1.17333,0,0
283,21.8623,9.4899,13,1.02,0,0
284,21.6767,9.05529,14,0.72,0,0
285,21.59,9.72818,17,0.96,0,0
286,21.5851,9.76709,17,1.44667,0,0
287,22.3258,9.34374,17,1.21333,0,0
288,21.2639,10.0252,18,1.30667,0,0
289,20.8549,9.74924,16,1.42,0,0
290,21.7212,10.0872,17,1.36,0,0
291,20.3854,10.1331,17,1.3,0,0
292,21.3848,10.128,17,1.65333,0,0
293,21.7812,9.94269,16,1.14,0,0
294,21.6124,9.28661,16,0.98,0,0
295,22.082,9.70328,16,0.92,0,0
296,21.6535,9.82566,16,1.26,0,0
297,21.7784,9.87746,14,1.17333,0,0
298,21.9137,9.73331,12,1.1,0,0
299,20.4391,9.94365,14,1.25333,0,0
300,21.9635,9.58688,14,1.14,0,0
301,20.7729,9.26323,3,0.14,0,0
302,21.4223,9.30498,8,0.153333,0,0
303,22.3704,9.5986,7,0.113333,0,0
304,20.5106,8.95083,2,0.0666667,0,0
305,21.6182,8.52449,13,0.28,0,0
306,20.8443,8.95525,13,0.4,0,0
307,20.7892,9.12095,11,0.306667,0,0
308,20.2,9.36466,13,0.213333,0,0
309,21.4937,9.88585,16,0.2,0,0
310,21.37,9.16086,13,0.433333,0,0
311,20.2582,8.78161,9,0.34,0,0
312,20.5565,9.63436,5,0.166667,0,0
313,21.4081,9.75813,12,0.246667,0,0
314,22.0966,9.43489,6,0.186667,0,0
315,22.3604,9.81466,17,0.226667,0,0
316,22.346,10.8059,15,0.306667,0,0
317,21.6787,9.96171,15,0.433333,0,0
318,22.6869,10.2679,17,0.526667,0,0
319,21.2659,9.64386,16,0.366667,0,0
320,22.0849,10.7319,17,0.493333,0,0
321,21.0942,10.3998,14,0.486667,0,0
322,21.3097,10.0726,14,0.453333,0,0
323,21.4054,11.115,16,0.733333,0,0
324,21.4488,10.6187,14,0.38,0,0
325,22.0429,10.8644,17,0.506667,0,0
326,22.5046,11.1022,18,0.76,0,0
327,21.7602,11.459,13,0.546667,0,0
328,22.6922,12.0762,17,0.686667,0,0
329,21.5976,11.3246,15,0.453333,0,0
330,20.9897,11.1221,13,0.486667,0,0
331,20.8731,9.20596,9,0.226667,0,0
332,21.7231,8.66232,17,0.413333,0,0
333,22.0452,8.91768,10,0.126667,0,0
334,20.7557,9.38699,8,0.12,0,0
335,21.9415,9.19329,5,0.06,0,0
336,21.8079,9.32692,6,0.12,0,0
337,21.5494,9.98349,13,0.313333,0,0
338,20.9319,9.64442,10,0.233333,0,0
339,21.6706,10.7045,9,0.273333,0,0
340,21.7056,10.5018,6,0.173333,0,0
341,22.0526,11.484,8,0.2,0,0
342,21.9834,10.1891,13,0.466667,0,0
343,20.6332,10.1238,12,0.446667,0,0
344,22.6522,10.9718,17,0.58,0,0
345,21.4634,10.4338,14,0.46,0,0
346,21.2955,10.231,13,0.426667,0,0
347,21.3435,10.2032,15,0.653333,0,0
348,21.5652,11.1566,16,0.626667,0,0
349,21.8661,10.6417,14,0.293333,0,0
350,21.6312,10.8116,14,0.613333,0,0
351,21.3072,10.7186,14,0.38,0,0
352,21.9007,11.074,14,0.5,0,0
353,21.9094,10.7632,14,0.306667,0,0
354,22.1466,9.93522,15,0.54,0,0
355,22.3037,11.7956,17,0.54,0,0
356,23.4008,11.3877,19,0.493333,0,0
357,21.3243,10.9803,12,0.34,0,0
358,22.1632,10.9583,17,0.433333,0,0
359,21.5973,11.6298,14,0.46,0,0
360,21.8635,11.5068,17,0.906667,0,0
361,23.3861,9.94589,18,4.74,0,0
362,21.3925,8.92925,17,3.36667,0,0
363,19.4984,8.24705,15,2.1,0,0
364,20.0229,7.98056,14,1.95333,0,0
365,22.6903,8.93225,17,2.24,0,0
366,17.5791,8.31108,13,1.91333,0,0
367,21.8455,8.73487,17,1.76,0,0
368,21.9236,9.04815,17,1.81333,0,0
369,17.6619,8.49038,12,1.48,0,0
370,17.7115,9.12016,15,1.94,0,0
371,17.9914,8.48759,12,1.64667,0,0
372,23.1912,9.81769,18,2.17333,0,0
373,20.5056,9.31345,18,2.32,0,0
374,16.5569,9.12383,13,1.62667,0,0
375,19.8595,9.66509,18,2.84,0,0
376,21.5404,10.0821,16,2.39333,0,0
377,22.2445,10.4297,17,3.08667,0,0
378,19.1889,9.16276,17,1.97333,0,0
379,19.8514,9.49676,14,2.08,0,0
380,18.6951,9.81784,13,1.73333,0,0
381,20.9898,8.82614,16,1.80667,0,0
382,20.6984,10.6053,16,2.18,0,0
383,22.6283,10.2909,16,2.42667,0,0
384,19.4578,9.68954,12,1.67333,0,0
385,21.8392,9.837,15,2.07333,0,0
386,22.7444,10.106,16,2.4,0,0
387,20.4387,9.51054,16,1.9,0,0
388,19.1874,9.79964,13,1.88667,0,0
389,22.8751,10.9259,18,2.40667,0,0
390,20.1689,9.61243,13,1.79333,0,0
391,19.7972,9.20419,15,3.05333,0,0
392,19.7086,9.6464,17,2.92667,0,0
393,21.9582,10.2582,16,2.66667,0,0
394,22.7265,8.84543,17,2.31333,0,0
395,21.9386,8.22564,18,2.22,0,0
396,19.6115,8.39892,16,2.12,0,0
397,22.0367,8.4076,17,1.39333,0,0
398,20.8377,9.0822,14,1.66,0,0
399,21.4805,9.27731,16,1.49333,0,0
400,20.3724,8.97707,14,1.45333,0,0
401,20.6664,9.15027,15,1.48,0,0
402,22.4653,9.57896,17,1.96667,0,0
403,20.4542,9.50778,14,1.52,0,0
404,22.6498,10.3163,16,2.00667,0,0
405,19.1238,9.84455,15,2.08667,0,0
406,21.6632,9.87677,17,2.28667,0,0
407,21.4033,10.359,16,2.79333,0,0
408,20.3182,9.87679,15,2.59333,0,0
409,21.6384,10.3069,17,2.95333,0,0
410,18.3326,10.0463,14,1.98667,0,0
411,20.0518,9.55933,14,2.07333,0,0
412,19.8079,9.91464,16,2.11333,0,0
413,22.6219,11.0169,17,2.86,0,0
414,20.894,10.1792,15,1.94,0,0
415,21.775,9.54704,17,1.95333,0,0
416,23.1173,10.4175,17,2.10667,0,0
417,21.5075,10.7734,15,2.04667,0,0
418,22.2609,10.5966,17,1.96667,0,0
419,18.838,10.354,13,1.47333,0,0
420,20.1124,10.876,14,1.66667,0,0
421,21.6853,12.0217,15,5.67333,0,0
422,19.0125,11.2497,14,3.92667,0,0
423,20.9801,11.4681,14,4.01333,0,0
424,21.8638,11.9286,16,5.37333,0,0
425,21.0317,11.2527,16,4.60667,0,0
426,22.9606,11.3863,17,4.21333,0,0
427,20.5817,11.8839,14,3.83333,0,0
428,20.9552,11.1126,14,4.10667,0,0
429,20.5949,11.2358,14,4.04667,0,0
430,20.362,11.8427,16,4.50667,0,0
431,19.2102,9.99335,13,2.3,0,0
432,21.1609,9.98948,13,2.97333,0,0
433,18.3841,10.704,13,2.98,0,0
434,23.4118,11.658,17,3.87333,0,0
435,19.8783,11.2735,15,3.82,0,0
436,20.976,11.7179,16,3.80667,0,0
437,22.6114,12.3097,17,3.77333,0,0
438,22.4313,12.1092,16,3.89333,0,0
439,23.122,10.8214,15,3.44667,0,0
440,23.5377,11.7605,18,4.58,0,0
441,23.7259,12.6073,18,4.71333,0,0
442,22.4775,11.4762,16,3.84667,0,0
443,20.9608,11.8827,16,4,0,0
444,21.7964,11.499,15,3.24,0,0
445,20.9036,10.9027,15,3.86,0,0
446,22.5339,11.7102,16,3.99333,0,0
447,23.5269,12.2753,18,4.72,0,0
448,24.6439,13.1311,20,5.42,0,0
449,20.5336,11.0055,15,3.82667,0,0
450,20.6982,10.8128,14,3.20667,0,0
451,20.3636,11.2512,15,3.63333,0,0
452,22.1775,11.0959,15,3.58,0,0
453,20.4783,10.7367,16,3.42,0,0
454,22.6645,11.9711,18,4.82,0,0
455,21.8051,12.521,15,4.13333,0,0
456,20.8297,10.9691,15,3.78667,0,0
457,22.7502,12.1166,19,4.76,0,0
458,22.3408,12.0674,16,4.70667,0,0
459,22.7299,12.8369,17,4.56667,0,0
460,20.4741,10.2206,16,3.35333,0,0
461,21.5669,11.8942,16,4.44667,0,0
462,22.5356,12.629,18,4.74667,0,0
463,23.1477,11.8448,18,4.11333,0,0
464,20.7358,11.4536,16,4.10667,0,0
465,23.2713,11.848,17,4.06667,0,0
466,22.5181,11.7258,18,3.3,0,0
467,22.7541,11.7245,16,3.49333,0,0
468,21.0828,11.3489,17,3.68,0,0
469,21.6943,11.4768,20,3.78667,0,0
470,23.3514,12.1849,18,3.87333,0,0
471,22.0995,11.4105,18,4.3,0,0
472,21.3792,11.9461,17,4.13333,0,0
473,21.342,11.5022,17,3.42667,0,0
474,22.0445,10.9655,18,3.44667,0,0
475,21.1161,11.2605,14,2.68667,0,0
476,24.1913,12.2624,20,4.36667,0,0
477,20.1668,11.3417,16,3.39333,0,0
478,23.983,12.6462,18,3.99333,0,0
479,23.1505,11.3826,18,4.5,0,0
480,21.8486,11.0185,17,3.74,0,0
481,20.1515,11.1975,14,3.50667,0,0
482,19.5648,9.26184,14,2.54667,0,0
483,21.0781,9.89094,14,2.54667,0,0
484,22.7075,10.3095,17,3.53333,0,0
485,23.7069,10.3844,20,3.62,0,0
486,23.568,9.65397,16,2.67333,0,0
487,21.9237,9.67025,16,2.42667,0,0
488,23.7548,10.8085,18,3.31333,0,0
489,22.317,11.6173,16,3.78667,0,0
490,21.2255,10.7574,16,3.54667,0,0
491,22.2761,10.9475,18,3.40667,0,0
492,21.9048,11.0642,17,3.48667,0,0
493,20.7974,10.0883,15,2.87333,0,0
494,23.6307,11.0442,16,3.54667,0,0
495,21.296,11.3898,18,3.22667,0,0
496,22.003,11.4468,18,3.55333,0,0
497,23.494,10.7978,17,3.5,0,0
498,22.027,11.3733,17,3.86667,0,0
499,22.8869,11.1093,17,3.48667,0,0
500,24.6215,11.6942,19,3.85333,0,0
501,22.2858,12.4878,15,3.98,0,0
502,20.4117,11.3404,16,4.18667,0,0
503,22.554,12.2632,15,4.02,0,0
504,22.31,11.0297,18,3.12667,0,0
505,24.4154,12.3144,19,4.78667,0,0
506,20.2006,11.0373,17,3.42,0,0
507,24.2534,13.0284,19,5.09333,0,0
508,21.4972,11.9418,16,3.89333,0,0
509,23.1568,9.54905,19,3.64,0,0
510,20.0766,8.68325,17,1.84667,0,0
511,22.0187,9.96132,19,2.66667,0,0
512,21.9594,8.97466,15,1.65333,0,0
513,24.2164,9.47785,19,2.3,0,0
514,21.5069,9.15351,17,1.61333,0,0
515,23.2865,9.48441,18,2.08,0,0
516,24.4424,9.85934,19,2.21333,0,0
517,21.1694,9.14476,15,1.76667,0,0
518,20.7651,9.17501,15,1.27333,0,0
519,22.8027,9.96867,18,2.08,0,0
520,22.8163,9.49481,17,2.14667,0,0
521,22.53,8.83929,18,1.96667,0,0
522,23.6495,9.32639,19,2.13333,0,0
523,21.6945,8.50851,17,1.73333,0,0
524,23.1838,9.8442,17,2.21333,0,0
525,22.6417,10.3194,18,2.54667,0,0
526,23.0105,9.89053,18,2.67333,0,0
527,21.8891,10.5055,17,2.47333,0,0
528,21.704,10.8566,16,2.08,0,0
529,23.8954,10.894,18,2.33333,0,0
530,21.7622,10.9712,17,1.68667,0,0
531,23.7337,11.2357,19,2.22667,0,0
532,22.122,11.2042,18,2.6,0,0
533,21.9455,10.3417,17,2.06,0,0
534,22.4756,10.6032,17,2.06,0,0
535,22.1522,10.436,17,1.98,0,0
536,22.0667,10.6938,17,1.98,0,0
537,22.4715,11.8508,17,2.74667,0,0
538,23.7754,11.1423,17,2.68,0,0
539,22.4717,9.3639,17,3.50667,0,0
540,21.8751,7.96366,17,2.16,0,0
541,22.2885,8.85425,17,2.40667,0,0
542,22.3635,8.61463,18,2.27333,0,0
543,23.1091,9.66269,18,3.19333,0,0
544,22.0741,8.83214,17,2.69333,0,0
545,22.1664,9.67512,18,2.62667,0,0
546,22.6901,8.6132,19,1.8,0,0
547,19.5522,8.78356,14,1.76667,0,0
548,20.973,9.10673,17,2.47333,0,0
549,22.774,9.55684,17,2.59333,0,0
550,23.4524,9.99275,19,3.73333,0,0
551,23.3492,9.89657,18,2.62667,0,0
552,21.2392,9.03151,18,2.8,0,0
553,20.5259,8.99121,15,2.68667,0,0
554,22.752,9.91133,18,2.62,0,0
555,23.9868,10.1924,18,3.26667,0,0
556,23.0356,9.30164,17,2.81333,0,0
557,22.7805,10.1657,17,3.30667,0,0
558,24.2917,11.0069,19,3.98667,0,0
559,23.9822,10.5404,19,3.9,0,0
560,21.7422,8.6087,15,2.18667,0,0
561,22.7838,10.9086,19,4.11333,0,0
562,21.8726,11.0668,18,3.48,0,0
563,23.2005,10.2882,18,3.00667,0,0
564,23.0224,10.7403,18,3.30667,0,0
565,22.9306,9.72702,17,2.66,0,0
566,21.8228,11.0631,17,2.81333,0,0
567,21.4615,10.1916,17,3.1,0,0
568,23.3922,10.5816,18,3.06,0,0
569,22.0846,9.55085,19,2.88667,0,0
570,22.0755,8.4364,16,2.08667,0,0
571,21.4905,10.0829,15,2.68667,0,0
572,22.096,9.10482,15,2.20667,0,0
573,22.1168,7.99171,17,2.02,0,0
574,21.5329,8.90527,16,2.15333,0,0
575,21.3193,8.82158,18,1.83333,0,0
576,23.8244,10.1209,19,2.13333,0,0
577,21.5353,8.64813,16,2.28,0,0
578,20.0589,8.13326,13,1.11333,0,0
579,20.2765,8.65912,16,1.74,0,0
580,22.1426,9.15273,14,1.44,0,0
581,21.415,9.20308,16,2.16,0,0
582,23.3573,9.92133,16,1.66667,0,0
583,22.5695,8.80274,16,1.46667,0,0
584,22.6752,10.1381,18,1.65333,0,0
585,24.3997,9.65834,18,1.87333,0,0
586,23.5672,9.76024,19,1.46,0,0
587,23.4714,10.2894,18,2.02,0,0
588,24.2969,8.75867,18,1.56,0,0
589,20.8702,9.75552,14,1.43333,0,0
590,23.4253,9.71733,19,1.74667,0,0
591,19.5576,8.93692,12,1.40667,0,0
592,21.2023,10.1136,14,1.64,0,0
593,21.2201,9.44698,16,1.33333,0,0
594,23.5159,10.5302,19,1.8,0,0
595,23.9945,9.77381,17,1.80667,0,0
596,21.49,9.62604,17,1.31333,0,0
597,21.0443,10.0862,17,1.18,0,0
598,23.3,10.136,17,1.50667,0,0
599,21.4233,10.7707,17,3.23333,0,0
600,20.9288,9.46093,15,1.86,0,0
601,21.3352,10.1922,17,2.77333,0,0
602,23.0032,9.99697,20,2.44,0,0
603,23.3622,10.1955,18,1.93333,0,0
604,22.3486,10.5577,17,2.34667,0,0
605,21.3115,9.25268,17,1.86,0,0
606,21.9143,10.2434,16,2.08667,0,0
607,21.3879,10.7077,15,1.94667,0,0
608,21.5997,11.1303,16,2.62667,0,0
609,23.4585,10.7937,19,2.97333,0,0
610,21.049,9.95852,16,2.60667,0,0
611,20.84,10.3118,14,2.56667,0,0
612,19.0664,10.0675,14,2.14,0,0
613,22.2901,9.72272,15,1.82,0,0
614,21.4951,10.0782,16,2.22667,0,0
615,22.4881,11.0865,18,2.28,0,0
616,20.6841,11.4497,16,2.68,0,0
617,21.4103,11.5111,15,2.80667,0,0
618,22.4742,11.0258,17,2.73333,0,0
619,20.6156,10.9746,16,2.34,0,0
620,20.242,10.2135,13,1.70667,0,0
621,20.3283,10.1223,14,1.95333,0,0
622,20.6172,10.8999,17,2.16667,0,0
623,22.6023,11.4483,18,2.75333,0,0
624,21.4025,11.239,15,2.4,0,0
625,21.4678,11.9406,14,2.22,0,0
626,23.6866,11.9633,19,2.85333,0,0
627,21.8641,11.3471,16,2.22667,0,0
628,22.0249,11.3563,18,2.8,0,0
629,21.2851,9.53666,17,2.45333,0,0
630,22.1519,8.92332,16,2.2,0,0
631,21.8518,9.75559,15,2.66,0,0
632,19.7918,9.00039,12,1.50667,0,0
633,22.411,10.3414,18,2.52,0,0
634,20.2309,9.4212,18,2.11333,0,0
635,20.4851,8.56761,16,2.3,0,0
636,19.0916,9.83136,13,2.20667,0,0
637,19.7967,8.47979,16,1.95333,0,0
638,22.5306,10.1815,18,2.63333,0,0
639,21.9145,9.79556,17,2.25333,0,0
640,19.8313,9.22594,15,2.06,0,0
641,20.1325,9.16133,13,2.06,0,0
642,22.8018,10.5911,17,2.86667,0,0
643,20.7024,9.44481,15,1.93333,0,0
644,19.6273,9.70088,13,1.86667,0,0
645,21.1115,10.2751,18,2.66667,0,0
646,22.3109,10.1167,19,2.68667,0,0
647,22.7032,10.6293,18,3.3,0,0
648,21.4363,10.6952,17,2.77333,0,0
649,20.3269,10.5077,15,2.46,0,0
650,22.8132,12.065,17,2.96667,0,0
651,21.5488,10.9734,15,2.50667,0,0
652,23.254,11.9782,18,3.01333,0,0
653,19.757,10.9341,15,3.21333,0,0
654,21.9624,11.0973,16,2.64,0,0
655,22.288,11.1129,15,2.87333,0,0
656,22.3516,11.4908,15,2.8,0,0
657,23.2202,12.3906,17,3.22667,0,0
658,21.2076,10.9385,15,3.03333,0,0
659,23.0799,10.49,18,5.42667,0,0
660,19.7072,9.2714,13,3.12,0,0
661,17.6931,7.92656,13,3.72667,0,0
662,22.1483,7.41402,16,2.66667,0,0
663,21.1005,8.05658,16,3.24,0,0
664,18.9387,7.65418,13,1.48,0,0
665,22.8533,8.37821,17,1.70667,0,0
666,18.7343,8.34849,14,1.56667,0,0
667,21.5299,8.01546,17,1.41333,0,0
668,22.6437,9.88024,18,1.74,0,0
669,18.6812,8.2947,14,1.20667,0,0
670,19.6975,9.57091,14,2.45333,0,0
671,18.4508,8.9082,12,1.93333,0,0
672,23.501,8.96286,18,2.52,0,0
673,22.8048,9.94069,16,2.41333,0,0
674,19.2113,8.72135,11,1.79333,0,0
675,20.6591,8.69942,15,1.72667,0,0
676,20.2645,8.5006,13,1.54,0,0
677,21.6725,9.56717,17,1.5,0,0
678,23.1113,9.33869,18,1.64667,0,0
679,19.8023,9.76776,14,1.36,0,0
680,22.9835,9.63076,17,1.97333,0,0
681,20.8735,10.3249,14,1.96,0,0
682,20.6763,9.31122,15,1.87333,0,0
683,19.0595,9.57935,12,1.59333,0,0
684,20.2564,8.93466,14,1.34667,0,0
685,21.0637,9.59758,16,1.50667,0,0
686,21.2805,9.93201,16,1.6,0,0
687,22.7042,10.1864,17,1.69333,0,0
688,23.8876,10.0133,19,1.94667,0,0
689,21.9177,10.3743,14,3.19333,0,0
690,22.3721,10.4174,16,2.86667,0,0
691,23.4765,10.4159,18,2.80667,0,0
692,18.8719,8.66081,16,2.1,0,0
693,21.284,8.89924,16,1.72667,0,0
694,19.2232,9.0682,14,2.40667,0,0
695,20.5476,9.24016,16,2.01333,0,0
696,22.7743,10.1932,18,2.3,0,0
697,21.2954,9.45426,16,2.24667,0,0
698,21.4103,10.0724,16,2.44,0,0
699,18.4183,8.93352,12,2.16,0,0
700,19.8597,10.6981,13,2.5,0,0
701,21.7606,10.4503,16,3.15333,0,0
702,18.4522,10.0012,14,2.41333,0,0
703,23.0148,11.4268,17,2.91333,0,0
704,21.9767,10.7415,17,3.17333,0,0
705,21.4131,10.1964,14,2.21333,0,0
706,22.3776,10.5158,16,2.35333,0,0
707,21.8126,10.4927,16,2.62667,0,0
708,21.1104,11.1142,15,2.82667,0,0
709,23.3454,12.3233,18,3.58667,0,0
710,19.3042,10.2764,15,2.12,0,0
711,22.194,10.8674,15,2.98667,0,0
712,18.8129,9.58061,14,2.22667,0,0
713,20.6057,10.7973,13,1.92,0,0
714,22.1988,11.2428,17,2.83333,0,0
715,21.9855,11.0345,16,2.94,0,0
716,21.8434,10.354,15,2.32,0,0
717,20.861,10.4051,15,1.82,0,0
718,22.2574,11.02,16,2.51333,0,0
719,21.9016,11.7156,15,4.47333,0,0
720,22.1399,10.5746,16,3.02,0,0
721,19.7882,10.5223,14,3.01333,0,0
722,20.0836,11.5747,15,2.34,0,0
723,20.335,10.5214,14,1.38,0,0
724,21.9187,11.4595,16,2.61333,0,0
725,19.1857,10.5472,13,1.53333,0,0
726,19.7059,10.8056,12,1.16667,0,0
727,20.7011,11.6049,16,1.77333,0,0
728,21.3472,11.3903,13,1.65333,0,0
729,22.5265,12.0542,15,1.73333,0,0
730,19.7126,10.4499,11,1.32,0,0
731,18.5096,10.697,13,1.55333,0,0
732,21.8853,12.3656,16,2.53333,0,0
733,20.4734,11.3642,12,1.84,0,0
734,19.8351,11.5263,15,2.29333,0,0
735,19.9152,11.4533,13,2.18,0,0
736,21.4327,12.0173,14,2.29333,0,0
737,20.3881,12.6485,14,2.69333,0,0
738,19.001,11.6526,11,2.14,0,0
739,21.4484,12.19,14,2.03333,0,0
740,20.4167,11.5546,13,2.32667,0,0
741,22.1735,12.8892,16,2.66667,0,0
742,19.9913,11.444,13,1.76,0,0
743,21.6707,12.2923,14,2.34667,0,0
744,21.5314,11.8977,14,1.97333,0,0
745,20.628,11.3855,15,2.1,0,0
746,20.3239,12.4348,14,2.32,0,0
747,21.9149,12.0376,14,2.42,0,0
748,21.1386,11.7247,14,2.47333,0,0
749,20.1092,10.8091,14,2.31333,0,0
750,22.4882,12.3149,19,3.15333,0,0
751,23.0661,12.0868,17,2.4,0,0
752,19.8025,10.6175,18,2.12,0,0
753,21.4009,11.6375,14,2.42667,0,0
754,21.9216,10.1149,17,1.44,0,0
755,21.9029,12.0193,15,1.87333,0,0
756,23.1801,11.4172,19,2.72,0,0
757,21.5274,10.8369,15,1.93333,0,0
758,23.523,11.481,18,2.24667,0,0
759,20.1936,10.3529,12,1.68667,0,0
760,21.7141,11.3619,15,2.28,0,0
761,22.632,10.9549,16,1.56667,0,0
762,23.066,12.1949,17,2.05333,0,0
763,23.8856,11.2033,18,2.26,0,0
764,20.8463,10.7177,15,2.26667,0,0
765,20.2635,11.2415,16,2.15333,0,0
766,22.1368,11.3596,15,2.26667,0,0
767,22.4923,12.5828,16,2.74667,0,0
768,21.837,11.8287,13,1.77333,0,0
769,22.0183,10.9022,16,1.92,0,0
770,21.5844,10.9254,15,1.72667,0,0
771,22.5565,11.4517,16,1.74667,0,0
772,18.0973,9.96672,12,1.39333,0,0
773,20.3203,10.5628,13,1.73333,0,0
774,20.4813,11.4473,15,1.94,0,0
775,20.6569,11.5431,15,2.32667,0,0
776,22.3361,11.7433,15,2.12,0,0
777,19.4365,11.1844,11,1.61333,0,0
778,22.4282,11.5266,17,2.42,0,0
779,22.354,12.0419,17,4.78,0,0
780,21.743,12.097,15,3.76667,0,0
781,20.2519,11.9221,12,3.26,0,0
782,22.5422,12.1186,16,3.58667,0,0
783,21.4053,12.3243,15,3.44,0,0
784,21.3548,12.2006,15,3.78667,0,0
785,20.0669,11.2193,14,3.12667,0,0
786,22.0693,12.4028,16,3.67333,0,0
787,22.8673,13.0418,17,3.84,0,0
788,21.3771,10.8964,14,2.86667,0,0
789,21.2432,11.9616,15,3.54667,0,0
790,23.1167,13.22,18,4.58,0,0
791,22.6688,12.9491,17,4.22,0,0
792,20.6074,11.8663,13,2.88667,0,0
793,21.7966,12.1362,14,3.14667,0,0
794,20.1889,11.826,13,2.74,0,0
795,22.5601,12.883,17,3.73333,0,0
796,22.8632,12.6549,16,3.30667,0,0
797,22.9465,11.6612,16,3.11333,0,0
798,20.4306,11.5807,13,3.29333,0,0
799,21.8957,13.1342,17,3.8,0,0
800,21.8446,12.7353,15,3.78667,0,0
801,20.709,11.2234,15,2.89333,0,0
802,23.236,12.5944,17,3.34667,0,0
803,23.0567,13.7907,18,3.69333,0,0
804,21.0184,11.8791,15,3.44667,0,0
805,23.1193,12.2695,17,3.68,0,0
806,22.1824,13.3634,18,4.22667,0,0
807,20.0929,12.2225,14,3.34,0,0
808,21.2282,12.735,16,3.46667,0,0
809,22.329,12.8411,16,4.49333,0,0
810,21.4508,11.8165,15,3.26,0,0
811,21.4117,12.0165,14,3.22667,0,0
812,21.2133,11.593,15,3.44667,0,0
813,22.6112,11.8817,17,4,0,0
814,22.6314,12.4337,16,3.40667,0,0
815,21.8218,11.0671,16,2.78,0,0
816,21.9269,11.3833,16,3.06667,0,0
817,22.6026,12.2634,17,3.68,0,0
818,20.3404,11.9476,13,2.84667,0,0
819,21.918,11.4228,16,3.1,0,0
820,22.4837,13.257,17,4.58,0,0
821,21.1627,12.789,15,3.64667,0,0
822,18.7031,11.4878,12,2.64,0,0
823,22.8943,13.3179,18,3.93333,0,0
824,22.305,12.166,17,3.63333,0,0
825,23.6034,12.8752,18,3.35333,0,0
826,24.1305,13.5687,19,4.08,0,0
827,20.2422,11.6896,15,2.93333,0,0
828,23.6104,12.2909,18,3.48,0,0
829,21.6981,12.6152,16,2.72,0,0
830,23.9125,13.1899,18,3.46,0,0
831,19.8363,12.5378,13,2.91333,0,0
832,21.3422,12.1916,14,2.57333,0,0
833,20.7706,12.8655,15,2.71333,0,0
834,20.7963,13.0372,14,2.43333,0,0
835,22.0044,12.9176,16,3.36667,0,0
836,22.8973,13.6107,18,3.43333,0,0
837,22.4451,12.8683,16,3.29333,0,0
838,20.9544,12.8078,13,3.44,0,0
839,21.2379,11.6861,15,2.98667,0,0
840,22.9865,11.4796,17,2.22667,0,0
841,20.737,11.2382,13,1.4,0,0
842,22.3645,11.0998,17,1.99333,0,0
843,20.9274,10.8551,15,2.01333,0,0
844,19.7428,10.8725,13,1.74667,0,0
845,22.1478,11.3927,16,2.51333,0,0
846,23.7669,11.599,19,2.88,0,0
847,19.5711,10.7265,17,1.87333,0,0
848,21.7516,10.8398,14,2.38,0,0
849,21.7938,11.2759,16,1.93333,0,0
850,23.4768,11.2603,18,2.37333,0,0
851,22.3512,11.1909,16,1.98,0,0
852,20.7545,10.9845,15,2.61333,0,0
853,23.659,12.0431,17,2.3,0,0
854,20.4344,11.2444,13,2.24,0,0
855,21.5808,12.3816,17,2.67333,0,0
856,20.0747,11.1045,17,2.37333,0,0
857,22.5919,12.3058,17,3.58667,0,0
858,20.1844,10.4646,14,2.76667,0,0
859,23.3394,12.9319,18,3.8,0,0
860,20.463,11.8226,14,2.84,0,0
861,19.4349,10.7405,13,2.72,0,0
862,22.1305,11.4077,16,2.69333,0,0
863,19.3091,11.4769,12,1.96,0,0
864,20.6373,11.3447,14,2.04667,0,0
865,22.3401,11.5564,16,2.8,0,0
866,22.9372,13.1196,17,3.08,0,0
867,23.0374,12.9092,17,2.96,0,0
868,20.8851,11.1358,15,2.36667,0,0
869,21.4839,10.6559,14,1.64667,0,0
870,23.999,11.2153,15,2.19333,0,0
871,22.2678,10.4967,14,2.04667,0,0
872,19.9853,10.1745,10,1.48,0,0
873,22.3791,11.5395,14,2.18667,0,0
874,22.7633,10.6757,17,1.9,0,0
875,21.6898,11.0383,15,1.95333,0,0
876,21.9563,11.8707,17,2.43333,0,0
877,20.7666,10.5233,14,2.02667,0,0
878,20.7236,11.2816,15,1.67333,0,0
879,21.4469,10.2877,15,1.46667,0,0
880,21.3982,11.2563,16,1.81333,0,0
881,21.2191,12.0899,15,1.52667,0,0
882,19.1889,10.6639,15,1.48,0,0
883,21.396,11.5265,15,1.81333,0,0
884,21.8136,11.8085,16,2.30667,0,0
885,21.7003,12.2042,17,2.43333,0,0
886,23.8178,13.6939,18,2.74667,0,0
887,22.1545,11.8733,17,2.17333,0,0
888,19.9068,11.892,14,2.28667,0,0
889,19.191,11.4485,12,2.28667,0,0
890,20.6051,11.7871,14,1.99333,0,0
891,20.8898,12.2483,13,2.04,0,0
892,21.2915,12.0651,16,2.22667,0,0
893,21.5029,12.1855,17,2.55333,0,0
894,22.4318,12.2301,15,2.06667,0,0
895,22.1558,12.226,18,2.48667,0,0
896,23.1713,13.3038,18,3.33333,0,0
897,22.942,12.5439,16,2.50667,0,0
898,23.3822,13.815,17,2.71333,0,0
899,22.707,11.126,16,3.78,0,0
900,20.956,9.93373,16,2.85333,0,0
901,21.585,10.3625,17,3.44667,0,0
902,22.9354,11.5915,17,3.99333,0,0
903,21.3074,10.7874,15,3.24667,0,0
904,22.1756,10.4418,17,2.93333,0,0
905,20.2267,9.96506,15,2.16,0,0
906,20.5856,9.4226,16,2.68667,0,0
907,22.6589,11.6033,16,3.24667,0,0
908,21.9936,10.9603,17,3.06,0,0
909,21.8236,10.8283,16,2.98667,0,0
910,22.9023,11.3716,17,3.23333,0,0
911,21.2124,11.4013,14,3.02,0,0
912,21.4795,11.4843,16,3.08667,0,0
913,19.2716,11.0596,13,2.79333,0,0
914,22.166,12.452,16,2.64,0,0
915,21.6056,12.5285,15,3.13333,0,0
916,23.2474,12.141,18,3.50667,0,0
917,20.8616,12.0609,15,3.68667,0,0
918,21.7112,12.1032,16,3.48667,0,0
919,23.1613,12.7327,17,3.94667,0,0
920,24.6694,13.5359,20,4.32,0,0
921,22.963,13.6729,17,4.44667,0,0
922,22.2061,12.9495,16,3.56,0,0
923,21.9658,12.7098,15,3.45333,0,0
924,22.792,13.2253,16,3.95333,0,0
925,22.1671,12.2394,16,3.59333,0,0
926,20.6903,12.3024,14,3.50667,0,0
927,22.3556,12.5342,15,4.12,0,0
928,22.2601,12.7262,16,4.07333,0,0
929,21.6805,12.3864,17,4.10667,0,0
930,22.0646,12.6759,16,3.74667,0,0
931,23.0196,12.5922,18,4.06667,0,0
932,20.6523,11.955,14,3.18667,0,0
933,20.7175,11.6697,15,3.82,0,0
934,21.2054,11.8302,14,3.68,0,0
935,21.748,12.3206,16,3.42,0,0
936,22.4602,13.4247,15,3.88,0,0
937,23.0951,13.1683,17,3.86667,0,0
938,20.5446,12.0338,14,3.05333,0,0
939,21.3213,11.6313,14,2.82667,0,0
940,23.3127,12.6685,17,4.22667,0,0
941,24.5196,13.1112,19,4.74667,0,0
942,22.0888,12.8995,16,4.32667,0,0
943,23.2146,12.8191,18,4.40667,0,0
944,24.1594,13.4512,19,4.97333,0,0
945,23.3999,12.2854,19,3.95333,0,0
946,21.5335,10.4101,15,3.01333,0,0
947,22.6394,11.8284,16,3.54667,0,0
948,23.374,12.8427,18,4.20667,0,0
949,20.3794,11.1881,15,3.04,0,0
950,23.156,11.8327,18,3.86667,0,0
951,20.1794,9.55854,14,3.47333,0,0
952,23.0111,10.6028,16,3.32667,0,0
953,21.9397,10.538,18,3.47333,0,0
954,22.1446,11.1816,17,3.31333,0,0
955,21.0444,9.99256,15,2.98,0,0
956,23.4619,10.9745,18,2.69333,0,0
957,22.6119,11.844,18,2.92,0,0
958,22.3036,11.3697,17,2.81333,0,0
959,23.4514,11.2477,18,2.89333,0,0
960,21.9342,11.173,16,2.44,0,0
961,21.8826,11.1421,17,2.39333,0,0
962,21.5626,10.9518,15,2.12667,0,0
963,22.8954,11.0215,17,2.6,0,0
964,21.7665,11.313,17,2.42667,0,0
965,20.8793,11.7846,14,2.60667,0,0
966,20.9646,11.423,16,2.78,0,0
967,21.2086,11.67,15,3.15333,0,0
968,22.779,11.6351,15,2.38667,0,0
969,22.3554,11.5435,18,2.94667,0,0
970,21.9263,11.5243,15,1.64,0,0
971,20.2734,10.8492,14,1.62667,0,0
972,20.9581,10.9491,15,1.85333,0,0
973,21.5944,11.2788,17,2.00667,0,0
974,21.2255,11.104,14,1.58667,0,0
975,22.296,11.3888,16,2.22,0,0
976,22.0272,12.3969,16,2.48667,0,0
977,21.2536,12.4436,16,2.50667,0,0
978,20.7535,11.2324,15,2.16,0,0
979,22.2267,11.8056,15,2.24,0,0
980,24.045,12.8685,19,2.56,0,0
981,20.9056,11.7827,16,2.78,0,0
982,20.4627,10.861,13,2.10667,0,0
983,21.1787,11.3274,14,2.64,0,0
984,20.6347,10.6321,14,2.12667,0,0
985,20.3295,9.6117,15,2.24,0,0
986,20.4805,10.5742,13,2.23333,0,0
987,20.9653,9.97944,15,2.01333,0,0
988,21.2198,9.71836,14,1.88667,0,0
989,19.5789,10.4624,12,2,0,0
990,19.0917,9.83316,13,2.03333,0,0
991,20.8139,10.9441,15,2.76,0,0
992,22.12,10.9897,17,3.03333,0,0
993,21.5598,11.427,15,2.58,0,0
994,21.2846,11.1096,15,2.62,0,0
995,20.2995,10.664,15,2.31333,0,0
996,22.6832,11.3418,18,3.13333,0,0
997,23.3462,11.8959,18,3.14,0,0
998,20.2158,10.6845,15,2.28,0,0
999,21.4726,10.099,15,2.62,0,0
1000,19.1387,10.484,13,2.28667,0,0
