1,10.8618,3.30232,9,0.34,0.0793005,1.11463
2,12.5417,5.57017,11,0.726667,0.0731044,1.41112
3,14.8318,6.27917,6,0.166667,0.0680596,1.00775
4,13.5381,5.81182,7,0.213333,0.0667976,1.24332
5,14.9523,7.02201,12,0.353333,0.0686849,1.16368
6,16.8178,6.3681,10,0.293333,0.0658418,1.07373
7,14.6714,6.87176,5,0.2,0.0660882,1.09772
8,16.8012,6.7807,4,0.233333,0.0663503,0.903782
9,15.8333,7.08346,9,0.28,0.066143,1.05174
10,13.2397,6.95529,9,0.34,0.0664259,0.929493
11,15.8178,8.09107,8,0.266667,0.0671114,1.16872
12,13.6975,7.70112,12,0.246667,0.0700979,1.11858
13,14.3407,7.99529,5,0.22,0.0686775,0.97152
14,13.7061,7.04425,6,0.4,0.0653703,1.16327
15,14.9526,8.14084,9,0.386667,0.0699785,1.0551
16,12.4199,7.58732,7,0.246667,0.0645811,1.00016
17,17.1666,7.71094,7,0.393333,0.0675177,1.01058
18,16.1821,8.16045,7,0.28,0.06751,1.04461
19,15.0544,7.35334,8,0.4,0.0652767,1.00635
20,15.0601,8.28043,11,0.546667,0.0678168,1.05302
21,13.7059,7.21856,8,0.433333,0.0651232,1.04801
22,15.5302,8.42901,6,0.246667,0.0666821,1.01914
23,16.4891,8.8741,10,0.413333,0.0681577,1.02756
24,14.6913,8.47556,6,0.386667,0.0667193,1.06392
25,15.9647,8.52635,6,0.326667,0.0677944,1.12046
26,17.3775,9.10687,12,0.52,0.073542,1.03537
27,16.119,8.26817,6,0.36,0.0675773,1.07933
28,14.8869,8.09566,6,0.52,0.066021,1.26432
29,16.5859,9.01732,9,0.573333,0.0689651,1.22967
30,13.8217,8.62879,7,0.413333,0.066366,1.04506
31,16.8702,8.58206,9,0.66,0.0709648,0.933659
32,15.9651,8.52132,11,0.493333,0.068587,1.03376
33,15.4013,8.74838,8,0.573333,0.0689665,1.207
34,20.2971,8.9264,11,0.426667,0.0706547,1.16471
35,16.0725,8.70902,6,0.42,0.0674865,1.07637
36,16.7944,9.12492,7,0.613333,0.0696207,1.05451
37,15.568,9.36449,12,0.64,0.0779793,1.10025
38,19.93,8.9134,12,0.586667,0.0682604,0.983631
39,20.2969,9.23987,16,0.553333,0.0680984,1.15191
40,19.5612,8.44772,14,0.653333,0.0653977,0.996711
41,17.045,9.26199,11,0.7,0.0674885,1.12285
42,18.4792,9.41845,11,0.473333,0.0689442,0.988402
43,18.7521,9.35378,12,0.546667,0.0677366,1.0165
44,18.3709,9.83281,16,0.52,0.070075,1.09078
45,16.8755,9.16861,11,0.626667,0.0668727,1.16868
46,19.1158,8.9647,13,0.3,0.0679337,1.06236
47,17.4264,8.66027,11,0.34,0.0661655,1.11498
48,17.0844,8.98663,13,0.3,0.0670967,1.00705
49,14.6207,9.16225,7,0.346667,0.0667739,1.23505
50,18.222,9.29429,12,0.533333,0.0679621,1.21512
51,15.3908,8.90163,13,0.473333,0.0674567,1.17185
52,17.5225,9.26591,13,0.48,0.0672056,1.0962
53,17.3799,9.18626,8,0.426667,0.0662508,1.06313
54,19.1935,9.6727,14,0.546667,0.0675336,1.11262
55,18.3289,9.49226,12,0.506667,0.0660214,1.13452
56,15.6996,9.01809,7,0.46,0.0665439,1.24072
57,18.3447,9.39334,13,0.52,0.0696397,1.15284
58,16.5519,8.8704,9,0.64,0.0650362,1.03917
59,20.5499,9.99269,12,0.553333,0.0689956,1.05022
60,17.8345,9.3278,11,0.6,0.0664116,1.14362
61,17.1843,9.50725,15,0.666667,0.0701182,1.21432
62,15.526,8.79334,10,0.693333,0.0663476,1.27431
63,17.7095,9.74041,9,0.86,0.0684942,1.3465
64,17.7223,9.12439,9,0.426667,0.067906,1.13281
65,16.5037,9.52222,16,0.646667,0.0673419,1.21032
66,18.0008,10.4004,14,0.913333,0.0697244,1.14371
67,17.176,10.2221,12,0.933333,0.0677395,1.21093
68,15.6147,9.58733,16,0.786667,0.0670013,1.06915
69,20.1666,9.9773,15,1.12667,0.0674434,1.11435
70,16.2199,9.05306,11,1.23333,0.0681532,1.25328
71,18.5351,10.3009,10,0.906667,0.0721048,1.19105
72,14.1505,8.54325,5,0.506667,0.0659706,1.09169
73,15.3189,9.21795,9,0.533333,0.0701187,1.19073
74,16.9245,9.56332,10,0.3,0.0682786,1.10226
75,15.7846,9.70122,7,0.433333,0.0663125,1.14954
76,16.785,9.26713,6,0.346667,0.0676438,1.10503
77,16.6231,10.0074,7,0.76,0.0670312,1.25821
78,16.3408,9.72995,11,0.42,0.0682736,1.23535
79,17.6112,9.53295,8,0.753333,0.0675614,1.3105
80,18.1334,9.51752,10,0.593333,0.0659492,1.26912
81,17.1144,10.5294,10,0.766667,0.0679113,1.23581
82,14.7391,8.89123,7,0.653333,0.0641417,1.36693
83,16.6182,10.1899,8,0.78,0.0681314,1.33975
84,16.8562,10.4352,7,0.64,0.0692587,1.29326
85,16.8458,10.0563,7,0.58,0.0668697,1.28509
86,17.038,9.81434,8,0.36,0.0695677,1.34601
87,15.7101,9.22194,7,0.426667,0.0668878,1.468
88,14.7743,9.27965,7,0.446667,0.0656959,1.26468
89,16.6054,9.28446,7,0.38,0.0661758,1.2716
90,16.5542,9.13272,7,0.546667,0.0630022,1.16693
91,15.6189,9.57458,6,0.613333,0.0691268,1.32776
92,16.766,9.75605,9,0.533333,0.0682458,1.31509
93,15.8497,9.30262,8,0.773333,0.0709315,1.42726
94,16.896,8.83816,7,0.406667,0.066138,1.19843
95,16.7679,9.41287,8,0.633333,0.0672857,1.44265
96,18.4878,9.55399,13,0.913333,0.0673559,1.46339
97,15.173,8.86335,6,0.366667,0.0661475,1.34432
98,17.3178,8.71562,8,0.406667,0.066894,1.26002
99,19.0069,9.68719,10,0.626667,0.0688321,1.19169
100,15.4288,9.45931,6,0.373333,0.0670911,1.24288
101,16.7577,9.40816,9,0.66,0.0671274,1.3518
102,15.8409,9.47203,5,0.433333,0.0665961,1.48492
103,15.3025,9.51747,7,0.426667,0.0724683,1.53785
104,17.6572,9.92045,8,0.62,0.0693669,1.36792
105,16.629,9.87516,9,0.706667,0.0690492,1.46364
106,15.7093,9.60245,7,0.48,0.0663316,1.30405
107,17.243,9.63435,8,0.64,0.0659166,1.29
108,14.9785,8.58857,12,0.573333,0.0660502,1.42599
109,15.9643,9.35409,5,0.4,0.0675129,1.28279
110,19.8701,10.5043,8,0.56,0.0680752,1.36985
111,18.9054,10.1333,12,0.7,0.0661042,1.43092
112,18.8166,9.56918,11,0.493333,0.067331,1.54769
113,17.3049,10.196,9,0.486667,0.0688252,1.5004
114,17.513,10.3024,13,1.05333,0.0692781,1.45297
115,17.0373,9.68981,13,0.813333,0.0685139,1.5877
116,18.0383,9.79702,11,0.693333,0.0676516,1.41855
117,19.3423,8.97472,14,1.16,0.0681484,1.58182
118,17.7991,9.72307,14,1.72667,0.0668747,1.54834
119,19.5433,9.00259,13,1.23333,0.0659946,1.56921
120,18.4117,10.5136,16,1.2,0.0694112,1.27507
121,19.3631,10.4218,14,1.56,0.0685787,1.44244
122,17.2382,9.99037,11,1.18667,0.0672426,1.68717
123,18.7132,10.2154,14,1.55333,0.0674097,1.82038
124,17.5438,9.75893,10,0.74,0.0673943,1.62909
125,18.7166,10.3472,13,1.03333,0.0697348,1.74769
126,15.5833,9.65782,12,1.08,0.0685583,1.60942
127,17.0054,9.51355,12,0.873333,0.0783427,1.61177
128,19.3222,11.4484,12,1.32,0.0723456,1.6855
129,18.2577,9.55584,9,0.873333,0.0682467,1.52792
130,16.8007,9.4793,9,0.706667,0.0676163,1.58528
131,16.4161,9.65006,8,0.813333,0.0654665,1.40515
132,18.1163,10.4156,12,1.40667,0.0682729,1.46927
133,17.2421,10.3124,13,1.27333,0.0659167,1.60422
134,16.3189,10.4315,16,0.946667,0.0694749,1.57407
135,16.772,9.91215,16,1.00667,0.0689534,1.67585
136,16.248,9.59033,13,0.78,0.0670156,1.56645
137,16.2617,10.0511,12,0.88,0.0672485,1.51445
138,17.2773,10.564,9,0.826667,0.0685228,1.57121
139,17.0216,10.2602,7,0.793333,0.0727454,1.43714
140,14.153,9.5149,7,0.613333,0.0678462,1.42774
141,15.59,10.4154,8,0.753333,0.0673513,1.45476
142,15.51,9.27947,9,0.746667,0.0651608,1.47813
143,16.398,10.2858,7,0.733333,0.0702228,1.47993
144,17.7255,10.0559,11,0.54,0.0674504,1.19354
145,15.7674,10.4676,8,0.506667,0.0691937,1.4653
146,15.5508,9.38019,7,0.813333,0.06574,1.34926
147,16.5662,10.3497,10,0.826667,0.065898,1.32648
148,18.1373,10.6568,10,0.92,0.0685068,1.4584
149,18.3844,10.9713,11,1,0.0680591,1.36658
150,15.0692,10.022,8,0.793333,0.0669782,1.29587
151,15.9845,9.5224,6,0.593333,0.0710838,1.34124
152,17.1507,9.62105,7,0.486667,0.068872,1.31136
153,16.5055,9.62769,6,0.5,0.0694271,1.51726
154,14.9778,9.26641,6,0.793333,0.0670974,1.59112
155,16.0485,10.1832,7,0.826667,0.068516,1.45713
156,14.2443,9.11412,9,0.693333,0.067727,1.67369
157,18.0009,10.4974,10,0.96,0.0672504,1.43247
158,17.1232,10.6275,6,0.473333,0.0689658,1.39863
159,16.601,10.6488,9,0.893333,0.0683554,1.5369
160,15.8842,10.3758,13,1.21333,0.0688993,1.56344
161,16.0168,10.7836,8,1.08667,0.066272,1.36958
162,17.1913,10.5933,10,0.693333,0.067371,1.40408
163,15.715,10.4343,11,0.813333,0.0671036,1.37551
164,17.9651,11.6412,10,1.11333,0.0685902,1.43486
165,16.2379,11.0418,11,1.03333,0.0668242,1.42748
166,15.8583,10.0224,10,0.62,0.0687849,1.61602
167,17.2319,10.3666,9,0.566667,0.0652229,1.4025
168,16.5158,10.2792,9,0.5,0.0684421,1.43404
169,16.4622,10.1923,11,0.753333,0.0681279,1.61215
170,16.3581,9.58179,9,0.746667,0.0676983,1.52067
171,16.1996,10.5647,9,0.68,0.0699998,1.44092
172,15.948,10.4138,9,0.846667,0.0706397,1.46418
173,18.452,10.4234,12,0.94,0.0736373,1.5622
174,16.9047,9.42712,11,0.68,0.0660063,1.36117
175,19.1656,9.78458,8,0.506667,0.0671459,1.34107
176,16.9887,9.83227,11,0.56,0.0678184,1.53452
177,17.4668,10.4161,8,0.906667,0.0690351,1.44068
178,15.8893,10.4759,8,0.726667,0.0691443,1.47546
179,16.2822,10.0559,7,0.58,0.0698216,1.37763
180,15.8443,10.5379,7,0.473333,0.0678443,1.31785
181,17.7344,10.5742,8,0.306667,0.0685658,1.51475
182,16.1329,9.80866,8,0.593333,0.0691465,1.63056
183,16.1896,10.0027,8,0.66,0.0684557,1.49559
184,18.4738,9.53995,8,0.466667,0.0687668,1.63432
185,16.5457,9.67498,10,0.953333,0.0669516,1.35079
186,16.8666,10.1461,12,0.7,0.067518,1.45209
187,16.6029,10.0996,11,1.06667,0.0667298,1.56996
188,15.6969,10.0052,7,0.746667,0.0669332,1.41402
189,19.062,8.65994,10,0.72,0.068477,1.65223
190,16.9604,9.4355,7,0.573333,0.0674226,1.35182
191,16.471,10.3601,10,0.773333,0.0671059,1.35257
192,17.2245,10.2885,8,0.973333,0.0703859,1.49159
193,16.873,9.35962,7,0.48,0.0674588,1.56038
194,17.7712,9.35065,11,0.893333,0.0673344,1.68284
195,18.412,9.5061,9,0.453333,0.0665111,1.47639
196,20.2796,10.0843,7,0.606667,0.0689742,1.69035
197,18.977,10.0016,9,0.84,0.0683,1.63249
198,19.9966,10.3012,11,0.96,0.0693896,1.60787
199,18.5729,9.61258,11,0.813333,0.0682997,1.74346
200,19.2916,9.98297,13,0.74,0.066747,1.63646
201,19.2147,8.96933,9,0.786667,0.0668281,1.67694
202,18.9124,9.96405,9,0.62,0.0688878,1.61777
203,19.1848,10.3407,10,0.993333,0.0673101,1.75241
204,19.2497,9.7857,10,0.933333,0.0672205,1.71001
205,21.6402,9.99901,13,1.22,0.0645805,1.65828
206,18.0819,9.33879,8,0.46,0.0677815,1.61441
207,20.5369,9.62645,17,1.28,0.0704325,1.6935
208,20.998,9.53166,10,0.84,0.069903,1.54323
209,21.4982,10.1432,17,1.09333,0.0679361,1.49258
210,23.6026,9.48502,18,1.07333,0.0667402,1.61761
211,18.7263,8.80102,16,1.53333,0.0639369,1.62033
212,20.1001,9.46269,14,1.16,0.069674,1.61934
213,18.7961,10.0474,15,1.00667,0.0685267,1.52729
214,19.8806,9.10626,15,0.993333,0.0669945,1.50242
215,21.1295,10.5757,19,1.06,0.0685498,1.46946
216,21.2895,10.2057,16,1.04,0.0701002,1.47903
217,21.7796,10.0774,16,0.806667,0.0687305,1.28337
218,20.0576,10.8477,13,0.8,0.0694477,1.23459
219,18.7708,10.8685,13,0.766667,0.07006,1.42766
220,18.8631,10.5958,16,1.13333,0.0695624,1.5778
221,22.5269,10.1743,16,0.72,0.0674648,1.43499
222,23.5653,10.3979,19,1.12,0.0681976,1.3379
223,22.2254,10.1043,20,0.96,0.0671002,1.42867
224,18.5952,10.6247,13,1.01333,0.0687517,1.44136
225,21.4215,9.98383,18,1.24667,0.0679411,1.48438
226,21.7134,10.9722,18,1.21333,0.0694031,1.32605
227,21.4493,10.6288,16,1.30667,0.069348,1.35838
228,19.811,9.48196,16,1.14667,0.0685725,1.5668
229,21.2965,9.97691,16,1.35333,0.0673715,1.47794
230,22.0156,9.47449,15,1.19333,0.0667468,1.63509
231,21.9717,9.97654,17,1.50667,0.0682686,1.47943
232,23.9702,9.5422,18,1.42,0.0642818,1.37919
233,22.7435,9.84143,17,1.26,0.0677092,1.44909
234,19.7576,8.74318,16,0.913333,0.0644447,1.39703
235,22.4972,10.2659,16,1.34,0.0692548,1.5888
236,19.4176,9.53507,14,0.78,0.0662513,1.49393
237,23.6305,10.6576,18,1.22,0.0710937,1.48883
238,17.8687,10.2819,13,0.826667,0.0686382,1.276
239,23.172,10.3361,19,1.08,0.0682843,1.39796
240,18.1363,9.97581,11,1.1,0.0696563,1.68863
241,18.9678,9.93791,15,1.17333,0.0675393,1.69071
242,19.2479,9.70054,13,0.813333,0.066024,1.26329
243,22.4227,10.1396,17,1.15333,0.0676396,1.65753
244,19.2624,9.90879,17,1.19333,0.0671235,1.6349
245,21.4051,10.1692,16,1.36,0.0675967,1.69505
246,16.559,9.75586,12,1.31333,0.0681983,1.4837
247,22.1912,10.131,15,1.12,0.0705553,1.55596
248,22.1286,10.4801,16,0.973333,0.0683456,1.4218
249,21.3609,10.6059,18,1.28,0.0689552,1.4164
250,24.6739,9.75621,20,1.27333,0.065046,1.35585
251,21.4745,10.4658,18,1.43333,0.0678225,1.4825
252,21.6421,10.3196,12,1.06,0.0666721,1.37247
253,20.8565,10.221,16,1.38,0.0688702,1.5276
254,22.1628,10.0137,17,1.38667,0.0651583,1.37013
255,22.5789,9.55993,19,1.40667,0.0652734,1.45827
256,22.801,11.0827,20,1.30667,0.0683058,1.39234
257,23.3579,10.6415,18,1.1,0.0685564,1.38294
258,20.1994,10.2799,16,1.36667,0.0717655,1.37797
259,21.1029,10.7442,15,1.9,0.0700024,1.37921
260,22.7402,10.3664,17,1.64667,0.0661029,1.43916
261,24.5179,10.3044,19,1.44667,0.0670292,1.4404
262,22.2467,10.5921,17,1.29333,0.0685892,1.39626
263,22.9241,10.4595,19,1.17333,0.0681037,1.23254
264,18.4239,10.0162,15,1.4,0.0683544,1.45586
265,20.5422,9.46825,15,1.35333,0.0654247,1.33618
266,23.1297,10.2075,19,1.66,0.0692002,1.42755
267,24.1621,10.4947,19,1.22,0.0705646,1.39143
268,21.5425,9.63419,18,1.52,0.0684075,1.55024
269,22.9765,10.4246,20,1.30667,0.0684917,1.36847
270,23.2598,10.6844,16,1.06,0.0685096,1.39266
271,23.5197,11.3684,20,1.54,0.0681129,1.38003
272,22.1589,10.0267,19,1.12667,0.0664744,1.1506
273,22.9208,10.7609,20,1.4,0.0668124,1.44522
274,21.0971,9.77184,17,1.26,0.0662826,1.40534
275,22.8954,10.4878,20,1.86,0.0674632,1.5807
276,23.4225,10.435,19,1.64667,0.0687545,1.64357
277,24.5234,10.5944,20,2.13333,0.0680831,1.72474
278,24.3499,10.255,20,1.70667,0.0679049,1.59572
279,24.6141,10.0937,19,1.81333,0.0684367,1.68504
280,23.8734,9.85701,19,1.01333,0.0664302,1.56585
281,22.5421,10.1712,16,1.35333,0.0676721,1.3141
282,24.2982,10.8089,19,1.47333,0.06835,1.4047
283,23.4335,10.0898,19,1.45333,0.0679561,1.68532
284,24.6429,10.6396,20,1.7,0.0680318,1.52079
285,24.5127,10.5218,20,1.64667,0.0689887,1.53634
286,24.6129,9.75779,20,1.02667,0.0665191,1.4245
287,24.6349,10.8683,20,1.51333,0.0717063,1.64045
288,23.4617,10.5078,19,1.45333,0.070027,1.44406
289,24.6267,10.0625,20,1.15333,0.0684673,1.42888
290,23.4872,10.0282,19,1.4,0.0674456,1.44518
291,22.9213,10.4654,18,1.38,0.0668147,1.6599
292,24.4106,10.303,19,1.52,0.0672579,1.59745
293,24.0762,10.7113,19,1.58667,0.0686621,1.48338
294,24.6244,9.36924,19,1.2,0.0652287,1.38595
295,23.4665,9.49198,19,1.30667,0.0659452,1.66049
296,23.2419,10.1193,17,1.52667,0.0708384,1.48358
297,24.2032,9.97085,19,1.54,0.0672911,1.61323
298,23.855,11.0534,18,1.67333,0.0692745,1.68891
299,24.6417,10.2083,20,1.86,0.0677179,1.81408
300,23.16,10.7197,18,1.78667,0.0711179,1.94284
301,24.3622,10.9472,19,2.65333,0.0680675,1.81376
302,24.3387,10.2702,20,2.29333,0.0682344,2.06494
303,24.6441,10.6516,20,1.46667,0.0687606,1.91037
304,24.0862,10.4179,19,1.2,0.0673395,1.86289
305,22.4304,10.124,19,1.25333,0.0674251,1.68214
306,24.6324,9.72585,20,1.59333,0.0674277,1.74341
307,24.6541,10.2478,20,2.46667,0.0665316,1.72196
308,24.6249,10.0947,19,2.50667,0.0697939,2.00914
309,24.4054,10.1404,18,1.90667,0.0673999,1.95555
310,24.6458,10.6028,20,2.10667,0.0673021,1.65312
311,24.6236,10.4221,20,1.98667,0.0697757,1.68233
312,24.1997,10.0655,19,1.68,0.0683947,1.71681
313,24.6537,9.96126,19,1.59333,0.0677466,1.71196
314,23.3237,9.72033,18,2.19333,0.0662383,1.65639
315,24.637,10.0494,20,2.08,0.0699382,1.90521
316,24.4972,10.1328,19,1.95333,0.0674264,1.75685
317,23.4861,10.3837,17,2.32667,0.067117,1.74946
318,24.6303,11.1031,20,3.00667,0.0695386,1.91025
319,24.6487,10.5851,20,2.3,0.0665799,1.89214
320,24.6046,10.1809,18,2.30667,0.0646383,1.90746
321,23.489,10.6003,19,2.62,0.0702955,1.966
322,24.6275,11.1986,19,2.97333,0.068275,1.84498
323,24.6403,11.6615,20,2.57333,0.071098,1.69969
324,24.6696,10.5276,20,2.74,0.0685216,1.96275
325,24.6349,10.9373,20,2.89333,0.0697154,2.00528
326,22.6686,10.563,19,2.19333,0.0671523,1.86003
327,23.4825,11.4909,20,3,0.0679727,1.80882
328,24.5263,10.6911,19,2.31333,0.0690749,1.85762
329,24.6699,11.2186,20,2.56,0.0680177,1.83549
330,24.6603,10.0083,20,1.98,0.065314,1.67029
331,24.5558,10.2271,19,2.16,0.0659884,1.61405
332,24.3259,11.1687,19,2.46,0.0685545,1.74396
333,24.6794,10.5961,20,3.07333,0.066916,1.91181
334,24.5901,10.8395,20,2.74,0.06769,1.83529
335,24.672,11.0215,20,2.51333,0.0717554,1.88303
336,24.6208,10.6577,19,3.14667,0.0693702,2.10291
337,24.6549,10.237,20,2.41333,0.067363,1.92733
338,24.6408,10.2673,20,2.64,0.0654969,1.96065
339,24.6539,11.3755,20,3.3,0.0667585,2.01312
340,24.4859,10.1024,19,2.70667,0.0671488,2.05074
341,24.6403,10.8952,20,3.06667,0.0699728,1.86463
342,24.4914,11.8341,19,3.29333,0.0685954,1.93644
343,24.6179,11.0178,20,3.34667,0.0683157,1.9788
344,24.0118,11.4021,19,2.76667,0.0694678,1.96927
345,24.6208,11.4641,19,2.74,0.0701382,1.87621
346,24.5646,10.7717,20,2.45333,0.0667046,1.85084
347,23.5777,11.4697,20,3.21333,0.0657681,2.1193
348,23.3262,11.0956,19,3.2,0.0659372,2.02505
349,24.6694,11.4623,20,3.50667,0.0695591,2.15173
350,24.637,10.7234,20,3.00667,0.0663007,1.83184
351,24.5158,11.3638,20,2.84,0.0687304,1.8225
352,23.493,11.9065,20,3.47333,0.069864,1.9083
353,24.0468,10.8024,19,2.68,0.0671093,1.99149
354,24.6349,10.769,20,2.76,0.0692065,2.17351
355,24.6317,10.5525,20,2.54,0.0683003,2.16681
356,24.662,11.656,20,2.91333,0.0673395,2.03971
357,24.6882,11.5814,20,2.81333,0.0667809,1.9978
358,24.3327,11.7898,20,3.23333,0.070644,2.24648
359,24.2927,10.9558,19,2.54667,0.0698337,2.0002
360,24.0969,10.6932,19,2.3,0.0649335,1.93951
361,24.1106,10.9343,19,2.73333,0.0684171,1.87074
362,23.3849,10.7231,19,2.55333,0.0646614,1.83191
363,22.3811,10.5183,19,2.78,0.0678527,2.16839
364,24.6744,10.9957,20,2.58,0.0682678,2.14426
365,24.1401,11.7979,19,2.92,0.0690219,2.22798
366,24.6094,11.6374,19,3.30667,0.0681555,2.14189
367,24.4635,10.8145,20,3.43333,0.0703594,2.17899
368,23.3185,11.3875,19,3.56667,0.0684987,2.14904
369,24.6199,12.2728,20,3.58667,0.0712813,2.04235
370,24.6375,10.8302,20,3.61333,0.0645615,1.95706
371,24.6074,11.5992,20,3.58667,0.0682539,2.16692
372,24.1554,11.7548,19,3.71333,0.0708911,2.22042
373,24.6254,11.5422,20,3.72,0.0684319,2.16938
374,24.5213,11.3875,20,3.86,0.0658144,1.95698
375,24.6603,11.3822,20,3.26667,0.0677134,2.10926
376,24.1239,10.712,19,3.60667,0.0678788,2.03468
377,23.3837,11.2616,19,3.92667,0.0692991,2.53429
378,24.6208,11.8061,20,3.74667,0.068053,2.10414
379,23.5521,11.1305,20,3.8,0.0659386,2.30696
380,24.3972,10.6068,19,3.78,0.0664434,2.29895
381,24.5612,11.4954,20,3.94,0.0683158,2.43255
382,23.4947,10.8092,18,3.79333,0.0694661,2.21695
383,24.682,11.7887,20,4.32667,0.0731693,2.20606
384,24.5604,12.2511,19,4.34,0.0677202,2.3493
385,24.6282,11.6835,20,4.12,0.0705814,2.29846
386,24.6982,11.9655,20,4.36,0.0679548,2.18691
387,24.6217,11.7106,20,4.08667,0.0672011,2.20778
388,24.6503,11.3368,20,4.34,0.0680299,2.14593
389,24.7136,11.0361,20,3.72667,0.066994,2.12522
390,23.8643,11.7856,20,3.71333,0.0698155,2.01891
391,24.4628,11.2118,19,4.1,0.0697746,1.88497
392,24.1942,10.5405,19,2.69333,0.0673124,1.71863
393,24.6762,11.035,20,2.85333,0.0689104,1.85758
394,24.5925,10.3314,20,2.77333,0.0667094,1.89239
395,24.6558,10.6536,20,3.34,0.0665881,1.97037
396,24.6424,10.3977,20,3.18,0.0677147,2.04666
397,22.8827,10.7002,19,2.99333,0.0680485,2.09961
398,22.6655,10.7474,19,2.93333,0.069133,2.13802
399,24.6939,10.797,20,3.52667,0.0663703,1.97413
400,23.8669,10.7743,19,3.14667,0.0654173,1.99603
401,23.9984,11.0295,19,3.44,0.0677577,2.06457
402,24.6103,10.5714,19,3.10667,0.0662934,1.96863
403,24.6103,11.026,20,3.46667,0.0672982,2.05146
404,24.6832,11.4945,20,3.76,0.0682403,2.26005
405,23.5205,11.8274,19,3.81333,0.0683322,2.06015
406,23.824,11.4701,18,3.41333,0.0696737,1.99754
407,24.6706,12.553,20,4.78,0.0696543,2.26274
408,24.5222,11.4964,20,3.92,0.0695323,2.3218
409,24.3734,11.4155,19,3.33333,0.0695055,2.33766
410,23.3225,10.972,18,3.78,0.0664302,1.9593
411,24.7065,11.8085,20,3.76,0.0654682,2.16849
412,24.6327,12.434,19,3.80667,0.0695184,2.01469
413,24.6582,11.4961,20,4.31333,0.0654405,2.24142
414,24.5113,11.6132,19,3.66667,0.0690549,2.27733
415,24.6324,11.2325,19,3.46667,0.0668771,2.17172
416,24.6258,11.4265,18,3.39333,0.0688686,2.03296
417,24.6536,11.5431,20,3.96,0.0681405,2.11089
418,23.5082,10.7032,19,3.46,0.0653166,2.17105
419,24.6915,12.0184,20,4.41333,0.0674044,2.35645
420,23.3169,11.9905,18,3.96667,0.0676608,2.39136
421,24.6624,11.7681,20,4.11333,0.0680418,2.17848
422,24.6894,11.5174,20,3.67333,0.0687645,2.40138
423,24.4192,11.3113,19,3.36,0.0676597,2.14281
424,24.6889,12.0212,20,3.52,0.0675865,2.03175
425,23.5524,11.7997,20,3.62,0.0691108,2.0454
426,24.6832,11.6067,20,3.17333,0.0684253,2.28648
427,24.6325,11.3495,20,3.03333,0.0687416,2.13655
428,24.6782,11.8896,20,3.7,0.0698755,2.3579
429,24.4058,10.4367,19,2.70667,0.0668367,2.11057
430,22.3317,11.4037,19,3.56,0.0654905,1.89522
431,24.2656,11.4003,19,3.44,0.0662141,1.94459
432,24.6874,10.669,20,3.07333,0.067602,1.9421
433,24.6674,10.5244,20,3.01333,0.0672276,1.90908
434,23.7809,10.8124,19,3.46,0.0681355,2.16165
435,23.469,11.4277,18,3.17333,0.0695078,2.18862
436,24.6806,11.4435,20,3.32667,0.0725599,2.1999
437,24.0673,10.9746,19,3.38667,0.0659769,2.09444
438,24.6475,10.4967,20,3.2,0.0663601,2.07944
439,24.6991,11.4758,20,2.88667,0.0698014,2.25204
440,24.0851,11.5756,20,2.87333,0.0694294,2.01072
441,23.9867,11.138,18,2.52667,0.0706281,2.06877
442,23.5925,11.022,20,2.52,0.0689002,2.03339
443,23.4566,11.2928,20,2.24,0.0677158,1.88158
444,22.9492,10.7964,19,2.07333,0.0665438,1.91566
445,24.1651,10.4256,19,2.51333,0.0645641,1.95681
446,24.6765,11.0271,19,2.54,0.0668426,1.97136
447,23.5572,10.459,20,2.27333,0.0750374,2.15268
448,24.378,10.9385,19,2.7,0.0660276,2.05784
449,24.0564,11.5927,20,3.46,0.0718247,2.06466
450,24.6932,10.8413,20,2.87333,0.0681033,1.97908
451,23.5735,9.86134,20,2.15333,0.0662612,1.88537
452,24.6882,9.94455,20,2.08,0.0668885,1.98006
453,24.3832,10.6437,18,2.40667,0.0684979,2.06421
454,23.2073,9.94195,19,2.54,0.0650583,1.99178
455,24.119,10.5486,19,2.48,0.0692084,2.12682
456,24.7003,10.4651,20,3.06,0.0696105,2.40645
457,24.6229,10.4659,20,2.92667,0.0680422,2.19958
458,22.4667,10.323,20,2.47333,0.0679729,2.30034
459,22.8408,9.88136,19,2.5,0.0689953,2.18979
460,22.4445,10.7221,19,2.39333,0.0679993,1.79244
461,22.3885,10.3571,19,2.68,0.0696236,1.95179
462,24.6706,9.50329,20,2.42667,0.0658436,2.05534
463,22.4451,9.92388,20,2.66,0.0694662,2.10584
464,22.38,9.72953,20,2.78667,0.0670217,1.89091
465,23.3716,10.2389,18,2.26,0.0673125,1.53076
466,22.74,10.5794,19,2.57333,0.0674459,1.86753
467,24.6874,10.4692,20,2.58,0.0652089,1.81273
468,24.1687,10.0723,19,2.74667,0.0657855,1.96916
469,24.0277,10.3346,19,2.10667,0.0680408,1.86519
470,24.259,11.6555,20,3.37333,0.0705103,1.80525
471,24.6799,11.0659,20,2.56,0.0688181,1.80119
472,23.5086,10.2194,19,3.38,0.0691568,1.84533
473,22.3353,10.6002,18,2.76667,0.0681292,1.57636
474,24.6812,10.8326,20,2.52,0.0682598,1.6542
475,24.6379,10.8255,20,2.65333,0.0663011,1.81238
476,24.6482,10.8178,20,3.06,0.0663006,1.72051
477,24.6517,10.4888,20,2.69333,0.0676072,1.87471
478,24.4413,10.6692,19,2.80667,0.0667951,1.91046
479,23.0902,11.6893,18,3.32,0.0688347,2.08548
480,24.6348,10.8137,20,3.19333,0.0631245,1.72163
481,24.6691,10.8529,20,2.92667,0.0686871,2.17941
482,23.2086,10.3274,18,2.66,0.0661828,2.12864
483,24.0845,10.7359,19,3.27333,0.0682246,2.19609
484,23.5474,10.8678,20,2.85333,0.0679349,2.06458
485,24.672,10.0642,20,2.88,0.0673133,2.15774
486,23.298,11.3541,19,3.70667,0.069546,2.24892
487,23.8402,10.4259,19,2.98667,0.0662806,2.00152
488,24.447,10.541,19,3.24,0.0670851,1.82641
489,23.5053,10.1279,19,2.82667,0.0675198,2.14262
490,24.6241,11.1879,20,3.08,0.0684366,1.97847
491,24.647,12.2433,20,3.78,0.0697337,2.01211
492,24.0904,10.7337,19,3.37333,0.0679033,1.96184
493,23.4244,10.3187,19,3.23333,0.0668073,1.95194
494,24.6562,10.6845,20,3.43333,0.0685989,1.97523
495,23.2211,10.5048,19,3.00667,0.0689553,2.13716
496,24.4135,9.94316,20,3.02,0.0675264,2.16507
497,24.6374,10.1662,20,2.75333,0.0680291,1.90849
498,23.8725,10.4422,20,3.10667,0.0663845,2.0915
499,23.2496,10.5996,19,2.99333,0.0642269,2.01215
500,22.7698,10.0637,18,3.14667,0.06721,2.24638
501,23.0956,10.3737,17,2.85333,0.0665975,2.11007
502,23.8345,10.066,18,2.8,0.0666242,2.174
503,22.4197,9.87052,18,2.38667,0.068533,2.02816
504,22.5656,9.44529,17,2.46667,0.0660473,1.91019
505,23.8504,10.4867,20,3.24,0.0671753,2.0325
506,23.5284,9.40874,18,2.5,0.066907,2.10944
507,24.6144,10.424,20,3.36667,0.0681611,2.05857
508,24.647,9.63541,20,3.07333,0.0688156,2.48006
509,22.1931,9.74595,16,2.8,0.0639165,2.0014
510,23.6047,10.3585,19,2.92667,0.068006,2.05253
511,24.0107,10.5942,19,3.98667,0.0684797,2.41444
512,22.5281,10.3863,17,3.38,0.0689777,2.04926
513,22.8784,10.2117,17,3.6,0.0678086,2.32935
514,23.0559,10.233,18,3.35333,0.0667627,1.98968
515,24.4527,10.3128,19,3.62,0.0660895,2.09764
516,23.53,10.7452,19,3.25333,0.0702614,2.09586
517,24.4767,9.7994,19,3.28667,0.0645168,1.99593
518,24.0372,10.3716,19,3.05333,0.0666272,2.0967
519,24.1359,10.6911,19,3.34,0.0696493,2.0359
520,21.7183,9.45741,18,2.72,0.0671091,1.97823
521,20.0761,9.85744,17,2.62667,0.0663934,2.02035
522,24.6556,10.4458,20,3.77333,0.0685004,2.06201
523,24.6429,10.2531,20,3.12,0.0667895,1.9882
524,23.7869,9.5963,19,3.06667,0.067762,2.01821
525,23.1486,9.85688,18,2.86667,0.0673445,1.861
526,23.2864,10.1323,18,2.55333,0.0669751,2.10137
527,23.9385,10.3846,18,2.95333,0.0694612,2.41161
528,22.0225,10.5607,19,3.66667,0.0684572,1.8556
529,22.6226,9.23761,18,2.28667,0.0663408,2.05227
530,21.671,10.0656,19,3.13333,0.068639,2.22181
531,24.6353,9.55435,20,2.41333,0.065646,2.15549
532,23.7686,10.3897,19,2.34,0.0680825,2.27531
533,21.0965,9.29921,16,2.04667,0.066478,1.83328
534,21.9674,9.51254,18,2.11333,0.0752499,2.25287
535,23.4805,10.4288,17,2.88,0.0682863,2.08606
536,23.064,9.72401,17,2.38,0.0694719,2.13848
537,22.3158,9.60475,19,2.38667,0.0663045,1.96436
538,24.4311,9.66691,20,2.82,0.0670434,2.05494
539,23.6902,9.17883,19,2.57333,0.0678426,1.93256
540,20.5428,8.88678,16,1.74667,0.0682394,1.8709
541,23.7938,8.89136,18,1.91333,0.0657576,1.81873
542,23.5252,9.91842,18,2.08,0.0687579,1.94244
543,22.172,9.06185,19,2.36,0.0658116,1.92648
544,23.4501,10.1889,20,2.64,0.0698466,2.15807
545,23.0918,9.04604,19,2.18667,0.0676054,2.11031
546,23.1579,9.00841,17,1.94667,0.0670396,1.95716
547,21.2669,9.35101,17,2.18667,0.0677462,1.93227
548,22.4515,9.4626,17,2.1,0.0675154,1.88611
549,24.6494,9.3721,20,1.89333,0.0659394,1.94032
550,22.635,9.87035,19,2.39333,0.0702545,1.78384
551,23.9868,9.67997,19,2.22,0.068943,1.89837
552,23.5241,9.58684,20,1.94667,0.067274,1.81593
553,23.001,10.0509,19,2.05333,0.0672004,1.81304
554,22.8369,10.0316,20,2.32667,0.0680083,1.7091
555,22.5498,9.74165,19,1.93333,0.0702619,1.70274
556,23.7375,10.7225,19,2.34,0.0667072,1.66187
557,21.1061,9.48065,18,1.72667,0.0659738,1.70978
558,24.5225,9.82953,19,2.18,0.0656709,1.70852
559,23.3933,10.1279,18,2.22,0.0669076,1.65166
560,23.2681,10.2353,19,2.24667,0.0683347,1.592
561,22.2232,9.24201,16,1.79333,0.0675897,1.77446
562,23.4484,9.84114,18,2.10667,0.0667516,1.85084
563,21.8369,10.1267,18,1.87333,0.0682174,1.85219
564,22.9703,10.0589,18,2.28,0.0697391,1.75101
565,22.7699,10.2693,19,2.35333,0.0697451,1.8141
566,22.7313,10.494,19,2.18,0.0714839,1.79745
567,23.8552,9.54984,17,2.63333,0.0657102,1.69939
568,23.4581,10.2445,20,3.05333,0.0687036,1.97345
569,21.7273,9.61523,19,1.98667,0.0673708,1.69119
570,21.7967,9.49978,20,1.80667,0.066823,1.6169
571,22.3999,10.2323,19,1.53333,0.0688008,1.62281
572,24.6179,10.2045,20,2.30667,0.0673891,1.61846
573,22.9945,10.4158,20,2.2,0.0697493,1.81131
574,24.6222,10.0628,20,2.18667,0.06924,1.68145
575,22.9449,10.6677,18,2.54,0.0677346,1.68232
576,24.6212,9.9146,20,2.40667,0.06896,1.63158
577,24.3197,10.686,20,2.2,0.0679842,1.60737
578,24.6267,9.81451,20,2,0.0694008,1.62216
579,24.6974,10.3566,20,1.66667,0.0707129,1.55867
580,22.3176,10.1439,19,1.74667,0.0685592,1.49934
581,23.3045,10.3571,20,1.81333,0.0695843,1.64026
582,24.6429,10.514,20,2.07333,0.0662019,1.46532
583,22.2829,9.25974,19,2.03333,0.0668468,1.50696
584,23.1462,10.3339,19,2.28667,0.0675463,1.69348
585,23.5576,9.96297,20,2.51333,0.0652213,1.74114
586,24.6429,10.5637,20,2.27333,0.0709921,1.67869
587,23.1979,9.44525,19,1.81333,0.0667759,1.69291
588,22.3717,10.6616,19,2.18667,0.0693312,1.7033
589,22.3058,10.4192,19,2.36667,0.0694859,1.58468
590,24.4168,10.1136,20,2.40667,0.0682265,1.50367
591,23.5259,9.68951,20,1.84,0.0677961,1.45346
592,23.542,9.19388,20,2.08,0.0641379,1.48463
593,24.6246,9.61927,20,2.06,0.0694162,1.51875
594,24.6229,9.86209,20,1.92,0.0681114,1.48027
595,23.444,9.96353,20,1.62667,0.0694611,1.55
596,23.5577,9.53289,20,1.55333,0.0674599,1.4697
597,24.6384,9.90364,20,1.57333,0.0682133,1.43264
598,21.8881,9.14481,19,1.46,0.0679837,1.40793
599,23.5139,9.61325,20,2.14,0.0659023,1.43275
600,24.6239,9.15821,20,1.75333,0.0669827,1.48937
601,24.5932,10.8346,20,2,0.0695585,1.47232
602,24.5367,9.26931,19,1.62667,0.0654139,1.45052
603,23.5272,9.00494,20,2.12667,0.0647347,1.58796
604,24.3672,8.95334,20,1.55333,0.0663388,1.64946
605,24.6253,9.85484,20,2.11333,0.0711822,1.88167
606,22.404,9.34718,20,1.26667,0.0667017,1.7655
607,24.6517,9.72837,20,2.14,0.0679826,1.69232
608,23.1419,9.42584,19,1.59333,0.068177,1.9985
609,21.6886,9.33912,17,1.76667,0.067275,1.99618
610,23.5054,9.64362,19,2.00667,0.0678959,1.83694
611,23.4752,9.99691,19,2.68,0.067884,1.79248
612,22.4145,9.04979,20,1.66,0.0659751,1.57574
613,21.2067,8.26365,19,1.54,0.0659041,1.62944
614,22.945,9.19747,18,1.9,0.065478,1.55539
615,20.6011,9.6785,18,2.12,0.068445,1.69595
616,22.3486,9.92038,17,1.64,0.0691196,1.63933
617,24.2989,10.5019,18,2.47333,0.0684312,1.62709
618,24.2132,10.4784,17,2.69333,0.0678718,1.80411
619,22.6596,10.5576,18,2.57333,0.0694228,2.07483
620,22.3178,9.1042,17,2.24667,0.0663378,2.03668
621,21.7933,10.5122,20,2.68667,0.0708489,2.07793
622,24.6204,10.0317,19,2.14,0.0669546,1.85823
623,22.5073,10.3266,20,2.36667,0.0687005,1.94774
624,22.8929,9.6927,18,2.44,0.0668267,1.97975
625,22.0645,10.3569,18,2.02667,0.0691824,2
626,22.451,10.0689,20,2.72,0.0652776,1.54847
627,22.4566,9.86366,19,2.52,0.0678022,1.72002
628,23.9732,10.4623,19,3.44,0.0669364,1.68025
629,22.9343,10.8075,20,3.55333,0.0717763,1.80486
630,22.9423,10.689,18,3.78,0.0680736,2.04987
631,23.2662,11.2127,20,3.52667,0.0678292,1.91926
632,22.4167,9.68923,19,2.77333,0.0684608,1.68822
633,23.5318,10.3514,20,3.18667,0.0692331,1.54902
634,23.8004,10.1287,19,2.62,0.0686914,1.68631
635,21.7731,9.96223,19,2.03333,0.0703176,1.5666
636,23.2666,9.59735,18,2.03333,0.0665079,1.53565
637,23.9547,10.5049,19,2.42,0.0687657,1.62706
638,22.9144,9.93883,18,2.13333,0.0660534,1.4831
639,22.7258,9.64393,18,2.54,0.0679982,1.58833
640,21.7633,9.3544,19,2.27333,0.0655086,1.50919
641,22.8977,10.1992,18,2.08,0.0679135,1.5555
642,23.5086,9.80186,19,2.24,0.0712833,1.75563
643,23.6892,10.1709,18,2.96667,0.0650735,1.5703
644,22.1785,9.56732,20,2.35333,0.067143,1.68923
645,23.2927,10.1845,18,2.34667,0.0709819,1.82815
646,20.3973,9.64141,15,2.10667,0.0662111,1.46726
647,22.0829,9.67385,18,2.94667,0.0679353,1.58352
648,22.855,10.5672,19,2.57333,0.0702711,1.61742
649,24.239,9.5887,19,2.71333,0.0654462,1.79084
650,23.539,9.98017,19,2.66667,0.0677198,1.72574
651,22.2892,10.1968,18,2.58,0.0686132,1.67216
652,24.7198,10.2531,20,2.72,0.0669934,1.62331
653,24.4218,10.1105,19,2.78,0.0684199,1.7684
654,23.5719,10.2404,18,3.37333,0.0692279,1.58403
655,24.6903,10.5324,20,3.52,0.0775483,1.62802
656,23.5543,10.6184,18,3.17333,0.0666421,1.61396
657,24.6458,10.3376,20,3.30667,0.0743296,1.83547
658,22.8338,9.7422,18,3.24,0.0660674,1.92394
659,23.6482,11.2573,19,3.92,0.0679241,1.70553
660,24.6541,10.8903,20,3.93333,0.0705864,1.87955
661,23.553,10.9623,19,3.39333,0.0686158,1.75303
662,23.9348,9.99213,18,2.41333,0.0629061,1.54365
663,24.1372,11.2683,20,3.94,0.0695929,1.73004
664,24.6756,10.1026,20,3.16,0.0641846,1.72791
665,22.8653,10.6048,18,3.04,0.0690517,1.76038
666,21.1919,10.4468,15,2.22667,0.065793,1.64648
667,24.6203,10.6995,20,2.68667,0.0695961,1.75963
668,24.6417,11.446,20,3.29333,0.0700616,1.76047
669,23.9221,11.0055,19,3.18,0.0674213,1.74769
670,23.9902,10.6396,19,2.58,0.0646527,1.67425
671,23.5137,10.9147,19,2.89333,0.0672991,1.89694
672,24.0969,10.944,19,2.86,0.0689291,1.97466
673,23.4419,11.0356,18,2.90667,0.0693129,2.00032
674,24.0339,10.9025,19,3.35333,0.0672204,1.85938
675,24.3704,11.7797,19,3.67333,0.0673938,1.92577
676,24.5059,11.7642,20,3.52,0.0679916,1.75324
677,19.5163,9.63549,17,3.07333,0.0662921,1.95437
678,23.5916,10.8068,18,2.94667,0.0686316,1.78826
679,23.2998,11.8821,19,3.43333,0.0688887,1.58957
680,24.1104,10.6959,19,3.08,0.0646191,1.70159
681,22.2818,10.7282,18,3.10667,0.0659965,1.87323
682,23.7647,11.2265,19,3.18667,0.0676039,1.79753
683,22.4408,11.2157,18,3.23333,0.0670177,1.73652
684,23.0977,11.4566,19,3.3,0.069265,1.88497
685,21.5181,10.898,19,3.26,0.0667587,1.82552
686,23.8257,10.2852,19,2.91333,0.0682321,1.94502
687,23.1538,11.2561,19,3.04,0.0666433,1.80065
688,24.0942,11.4734,20,3.62667,0.0679599,1.65843
689,21.98,10.5068,18,3.28,0.0659287,1.80517
690,22.8015,10.4664,19,3.15333,0.0658688,1.75258
691,22.7505,11.0812,19,3.44667,0.0664856,1.81581
692,24.7327,11.8606,20,3.96667,0.0718303,1.76225
693,23.8486,11.1686,20,3.17333,0.0697348,1.76437
694,22.7798,10.8754,19,3.15333,0.0697812,1.79134
695,24.697,10.898,20,3,0.0715705,1.75082
696,23.256,11.0373,20,3.09333,0.069962,1.88521
697,23.4977,10.9612,19,3.27333,0.0685142,1.76704
698,22.9427,10.5707,19,3.7,0.0682568,1.85746
699,22.3254,11.0096,18,3.82667,0.0679541,1.8932
700,24.2609,11.4478,20,3.43333,0.0687778,1.82915
701,24.7294,11.8578,20,3.66,0.0692057,1.72074
702,24.1206,10.9457,20,3.15333,0.0678552,1.53722
703,24.0861,11.1697,19,3.90667,0.0671697,1.93689
704,23.1424,11.4725,19,4.22,0.0696647,1.86166
705,24.0142,11.0549,20,3.69333,0.0691627,1.70674
706,24.0904,10.5976,19,3.45333,0.0672162,1.76326
707,23.3155,11.1729,19,3.29333,0.0663066,1.82413
708,22.3265,10.879,18,3.09333,0.0666627,1.74485
709,24.1001,11.0787,19,3.47333,0.0696919,1.69238
710,24.01,11.8686,19,3.84667,0.0671042,1.70487
711,22.7523,10.8004,19,3.89333,0.0658444,1.77838
712,24.1619,11.3091,20,3.66667,0.0670431,1.78271
713,24.2789,11.4575,19,3.68,0.0703098,1.9771
714,24.4312,11.7175,19,3.85333,0.0681457,1.92398
715,24.7156,11.115,20,3.66667,0.0680931,1.95353
716,23.9861,12.343,19,4.25333,0.0694611,2.0736
717,24.3816,11.0098,19,3.78667,0.0668238,1.84222
718,24.6894,11.4306,20,4.01333,0.0679692,1.92771
719,24.7227,10.844,20,4.06,0.0722188,1.86957
720,24.6727,10.4619,20,3.51333,0.0676673,1.75769
721,24.7189,11.9399,20,4.96667,0.0670081,2.062
722,23.4983,11.1193,18,4.4,0.0666328,2.23279
723,23.9371,11.6538,19,4.31333,0.0660846,1.90339
724,24.3713,11.0419,19,4.32667,0.0662375,1.88094
725,24.0027,11.2511,20,4.25333,0.068282,2.02817
726,24.7012,11.2578,20,4.58667,0.0691292,2.0871
727,24.7186,11.711,20,4.15333,0.0687187,2.07239
728,24.6903,10.4307,20,3.94,0.0679136,1.91255
729,24.6786,11.1218,20,4.34,0.0720004,2.2114
730,24.5104,12.1961,20,4.8,0.0672413,1.92196
731,24.6799,12.1084,20,5.18667,0.0678814,2.00389
732,24.3585,12.0908,18,4.48,0.0657411,2.0159
733,24.5004,12.1255,19,4.54,0.0686636,2.18866
734,24.0109,11.5684,19,4.14,0.0684314,1.98644
735,24.1807,11.9288,20,5.31333,0.0682206,2.05852
736,24.6556,11.9812,20,5.10667,0.0650849,2.00751
737,24.6932,12.6125,20,5.19333,0.0694473,2.0001
738,24.6794,12.6068,20,6,0.0715347,2.11054
739,24.6915,12.7169,20,6.08,0.0785016,2.3651
740,24.7094,13.3712,20,6.26,0.0698367,2.1657
741,24.6774,12.429,20,5.84667,0.0676885,1.997
742,23.7547,12.0093,18,4.92,0.0661639,2.1429
743,24.7215,12.3289,20,5.20667,0.0651594,2.11968
744,24.6919,11.6966,20,5.35333,0.0642523,2.39285
745,24.7056,12.4509,20,5.79333,0.067407,2.12952
746,24.6832,11.9605,20,5.06667,0.0718875,2.20849
747,24.6962,12.3377,20,5.70667,0.0654085,2.26231
748,23.9532,11.6363,20,5.12667,0.0703396,2.21815
749,24.7115,12.1954,20,5.32,0.067573,2.30765
750,23.6579,13.6208,20,6.32,0.0691788,2.19182
751,24.7053,14.2091,20,7.53333,0.0673494,2.26802
752,24.7341,13.9127,20,7.84,0.0706876,2.32346
753,24.6803,12.8413,20,7.02667,0.0672255,2.44875
754,24.6769,13.2763,20,7.04667,0.0690524,2.34699
755,24.6979,12.982,20,6.46,0.0781513,2.17426
756,24.7319,13.0992,20,6.34,0.0882328,2.15734
757,24.5434,13.6167,19,6.36,0.0673182,2.34763
758,24.7106,14.4116,20,7.76,0.0690037,2.32554
759,24.7115,12.7463,20,6.86,0.0656851,2.46539
760,24.7074,13.2634,20,6.70667,0.0699279,2.29543
761,24.6974,13.6672,20,7.34667,0.0679598,2.1791
762,24.4794,13.4816,19,6.90667,0.0679273,2.15911
763,24.6953,13.1366,20,6.38,0.0686673,2.34743
764,24.6782,13.821,20,7.82667,0.0899453,2.34326
765,24.7069,13.7911,20,7.96,0.0684801,2.21048
766,24.6948,13.2433,20,6.51333,0.0671649,2.47231
767,24.7015,14.7101,20,8.06667,0.0679373,2.28762
768,24.6877,13.7443,20,7.3,0.0670557,2.17548
769,24.1256,13.1969,19,6.37333,0.0651828,2.35273
770,24.6379,13.8097,20,7.12667,0.0717535,2.32852
771,24.7132,13.2171,20,6.92,0.0668759,2.35331
772,24.7377,14.1162,20,7.51333,0.0707732,2.36151
773,24.7262,14.3277,20,7.00667,0.0729413,2.3939
774,24.7351,14.7659,20,8.33333,0.0726148,2.5791
775,24.6877,13.555,20,7.62,0.0675968,2.27527
776,24.6877,12.1478,20,6.12667,0.0658131,2.19342
777,24.6994,13.5215,20,6.90667,0.0670051,2.19949
778,24.7274,12.7093,20,6.76,0.0679461,2.4783
779,24.7006,13.6151,20,7.05333,0.0692227,2.3919
780,24.7056,12.8286,20,6.52667,0.0666803,2.42003
781,24.6965,11.9914,20,6.98,0.0666521,2.49755
782,24.7053,13.7013,20,7.36,0.0700958,2.52217
783,24.6944,12.505,20,6.1,0.0685555,2.69793
784,24.7065,13.4018,20,6.36,0.0681676,2.38799
785,24.7032,13.4889,20,7.67333,0.0674847,2.6568
786,24.7032,13.1937,20,6.74,0.0665697,2.61206
787,24.5837,12.2116,20,5.88,0.0654012,2.24218
788,24.6994,13.6412,20,6.2,0.0663463,2.14887
789,24.7056,12.9167,20,6.78667,0.0680618,2.60152
790,24.7165,13.86,20,6.61333,0.068564,2.2575
791,24.3835,13.5129,19,6.78,0.0671074,2.20492
792,24.721,14.2984,20,7.52667,0.0677043,2.25519
793,24.7236,14.1265,20,7.37333,0.0681018,2.3796
794,24.7215,14.3094,20,7.55333,0.0732301,2.2067
795,24.7031,14.3244,20,7.68667,0.0656929,2.24727
796,23.9223,13.422,19,7.28667,0.067011,2.11235
797,24.6765,13.16,20,6.44,0.0677356,2.44459
798,24.6756,13.704,20,6.94,0.0699759,2.22668
799,24.7227,13.6066,20,6.88,0.0694366,2.32078
800,24.7048,13.3827,20,6.52,0.0668404,2.43964
801,24.7089,14.2009,20,8.57333,0.0692249,2.08521
802,24.289,12.7192,20,7.08,0.0657146,2.58047
803,24.2429,12.4998,19,5.82,0.0655098,2.42296
804,24.7027,13.5909,20,6.74,0.0688313,2.54816
805,24.7156,12.9047,20,6.56667,0.0667415,2.32574
806,24.7277,14.1654,20,7.36,0.0706477,2.23775
807,24.6915,13.6021,20,7.30667,0.0678602,2.51721
808,24.7019,13.5203,20,7.12,0.068393,2.38698
809,24.6124,13.7624,19,7.12667,0.0677217,2.64392
810,24.7174,13.7507,20,7.64,0.069181,2.49013
811,24.6491,13.2381,20,6.78667,0.0676148,2.39332
812,24.1634,13.3972,19,7.07333,0.0736325,2.43175
813,24.6724,13.4315,19,7.54,0.0686667,2.42643
814,24.6956,13.7601,20,7.97333,0.0681462,2.47927
815,24.7327,13.5704,20,6.79333,0.0684273,2.39866
816,24.7148,13.0647,20,6.73333,0.0667322,2.36867
817,24.6974,12.2216,20,5.91333,0.0656238,2.40324
818,24.7177,12.6977,20,5.88667,0.0692948,2.52264
819,24.6653,11.8352,20,6.28,0.0679005,2.63355
820,24.2208,13.2824,20,6.74667,0.0691601,2.66198
821,24.6208,12.5755,20,6.36667,0.0686488,2.64841
822,24.7139,13.2287,20,7.26667,0.0750122,2.43237
823,24.7291,13.7261,20,7.57333,0.0677273,2.34883
824,24.7194,12.8848,20,7.38,0.0686406,2.44287
825,23.9619,12.4641,19,6.74,0.0664607,2.37495
826,24.7269,13.6686,20,8,0.0697895,2.47254
827,24.7144,12.6858,20,7.14667,0.0664803,2.40417
828,24.716,12.4002,20,6.94,0.0672602,2.33688
829,24.7415,15.1184,20,9.29333,0.0697796,2.45801
830,24.6977,13.7146,20,8.49333,0.0679517,2.23498
831,24.7044,13.7936,20,7.68667,0.0673512,2.34629
832,24.7177,13.9182,20,7.61333,0.068863,2.1391
833,24.7294,13.6217,20,8.59333,0.0685603,2.26834
834,24.7227,13.3612,20,8.14667,0.0696276,2.53061
835,24.7286,13.2915,20,7.81333,0.0691084,2.35329
836,24.7141,12.4676,20,7.4,0.0648803,2.37545
837,24.7103,13.5611,20,8.03333,0.0665325,2.22154
838,24.1658,13.6405,20,7.77333,0.0679365,2.45349
839,24.7165,12.9859,20,7.5,0.0667202,2.29759
840,23.598,13.0975,20,7.12667,0.0697999,2.36319
841,24.3813,12.4151,19,6.83333,0.0692895,2.45415
842,24.6075,13.0641,20,6.38667,0.0683891,2.2895
843,24.6358,13.1816,20,6.89333,0.0681473,2.38239
844,24.6862,14.232,20,7.88,0.0655521,2.2626
845,24.7156,13.4124,20,6.87333,0.0661942,2.28337
846,24.7119,15.35,20,8.94667,0.0701611,2.41546
847,24.6986,14.4408,20,9.4,0.068803,2.34894
848,24.7298,15.2282,20,8.88,0.069755,2.18512
849,24.7244,14.3295,20,7.9,0.0684381,2.01902
850,24.7149,15.5846,20,9.46,0.0694402,2.25988
851,23.5648,13.3814,20,7.82,0.0648995,2.42141
852,24.7024,14.2202,20,8.85333,0.0705662,2.31155
853,24.7003,14.4004,20,8.84,0.0703695,2.47642
854,24.7082,14.5342,20,8.24,0.0785282,2.33748
855,24.7086,14.5463,20,7.91333,0.0704841,2.38166
856,24.6965,14.7252,20,9.00667,0.0671624,2.25788
857,24.1057,13.7681,20,8.13333,0.0660558,2.41296
858,24.3754,14.144,20,8.28667,0.0645794,2.41028
859,24.7148,16.3215,20,10.1,0.0704921,2.30643
860,24.7077,15.269,20,10.22,0.0664635,2.32832
861,24.7248,13.9266,20,8.3,0.0695173,2.48284
862,24.6956,14.8368,20,8.88,0.0689859,2.47824
863,24.6982,14.0824,19,8.56667,0.0679071,2.61453
864,24.7056,14.6284,20,9.01333,0.0714854,2.2856
865,24.6387,15.5948,20,10.2733,0.0731691,2.51671
866,24.7186,15.2114,20,10.2067,0.0694325,2.51783
867,24.7086,14.8536,20,8.95333,0.068542,2.4844
868,24.5522,14.4445,19,9.13333,0.0652345,2.5174
869,24.6924,13.3416,20,8.34,0.0746842,2.46237
870,24.7094,13.1895,20,8.31333,0.0668125,2.69434
871,23.8683,14.5591,19,9.13333,0.0665041,2.56824
872,24.5579,15.0071,19,9.17333,0.0657163,2.30652
873,24.3261,14.2408,20,9.59333,0.0679191,2.4653
874,24.6574,13.9562,20,8.44,0.0694829,2.61395
875,24.7103,16.0592,20,9.76667,0.0701604,2.38765
876,24.1069,14.9836,20,10.14,0.0684698,2.68152
877,24.7136,14.3078,20,9.12667,0.0668901,2.41902
878,24.667,14.0008,20,8.84,0.0712806,2.6941
879,24.6462,14.3694,20,9.40667,0.0797317,2.63515
880,24.7103,14.419,20,8.81333,0.0672727,2.6144
881,24.7036,14.1696,20,8.80667,0.0724001,2.67383
882,24.7186,15.3104,20,10.3267,0.0695473,2.57746
883,24.6608,13.4625,20,8.92667,0.070664,2.48832
884,24.7198,14.337,20,9.06,0.0687172,2.3972
885,24.6956,14.1045,20,8.45333,0.0716856,2.54869
886,24.7065,13.603,20,8.46667,0.0771772,2.75075
887,24.6896,14.6735,20,9.32667,0.0697135,2.57602
888,24.7036,13.943,20,9.59333,0.160268,2.43751
889,24.7094,14.1981,20,8.89333,0.0752367,2.74376
890,24.7144,14.5427,20,9.33333,0.0698063,2.63523
891,24.0997,13.9374,19,8.12,0.0738666,2.50412
892,24.6724,15.0236,20,9.81333,0.0690793,2.60476
893,24.7065,13.6413,20,9.2,0.0653752,2.30142
894,24.6574,13.8083,20,8.28,0.0697566,2.85594
895,24.6998,14.8131,20,8.9,0.0719314,2.55895
896,24.0125,14.8732,20,9.40667,0.0706528,2.6312
897,24.6965,15.3355,20,9.8,0.0681555,2.591
898,23.9242,14.913,19,9.16667,0.0690914,2.63502
899,24.7019,15.2931,20,10.3,0.076424,2.51285
900,24.7248,15.1586,20,10.4,0.0696059,2.56506
901,24.6886,15.7007,20,9.94667,0.079788,2.57151
902,24.7019,15.9454,20,10.16,0.0695802,2.57856
903,24.6894,15.2841,20,9.80667,0.107036,2.68105
904,24.7153,16.3129,20,11.2067,0.0663962,2.4771
905,24.6906,15.5007,20,10.66,0.107155,2.64589
906,24.6849,14.3526,20,9.17333,0.0717968,2.5734
907,24.7136,15.2027,20,10.0733,0.0697458,2.70537
908,24.6991,15.3288,20,9.54,0.0680811,2.37034
909,24.627,13.2233,20,8.98667,0.070167,2.81861
910,24.7082,15.0054,20,10.3533,0.0718713,2.75544
911,24.4884,13.9219,20,8.60667,0.0728824,2.5649
912,24.6998,14.1198,20,9.20667,0.0698431,2.73094
913,24.0721,14.0094,20,8.84667,0.0678866,2.50504
914,24.7006,13.7521,20,8.14,0.0685721,2.67386
915,24.7015,14.3745,20,8.42667,0.0706807,2.86339
916,24.1649,13.6315,20,8.24667,0.0691403,2.93086
917,23.725,14.7108,20,9.5,0.067664,2.72989
918,24.6915,15.5559,20,10.1133,0.0670021,2.63698
919,24.7044,16.434,20,10.4067,0.0717145,3.02963
920,24.7056,14.6826,20,8.78,0.0818587,2.82876
921,23.5636,14.6983,20,8.83333,0.0873471,3.01409
922,23.1619,13.5078,19,8.30667,0.0741207,2.77959
923,24.4954,14.5641,20,8.63333,0.0690733,2.92103
924,24.7015,14.3217,20,8.9,0.0714789,2.98161
925,23.7184,13.9007,20,8.74667,0.0669262,2.72407
926,24.6494,14.5201,20,9.53333,0.0701262,2.89409
927,24.7369,14.5122,20,10.18,0.069107,2.78803
928,24.2211,13.8513,20,8.48667,0.0642175,2.73025
929,24.6506,13.2948,20,8.71333,0.0653605,2.74708
930,24.6874,13.2963,20,8.12,0.0668222,2.72402
931,24.6627,12.8687,20,8.60667,0.0668504,2.81999
932,24.7056,13.3101,20,8.52,0.0682132,2.56415
933,24.7115,12.479,20,7.6,0.0688458,2.72527
934,24.7377,13.4157,20,8.86667,0.0693169,2.52589
935,24.7136,12.8561,20,8.22,0.0684017,2.63787
936,24.6965,13.926,20,8.46667,0.0657231,2.6579
937,24.7069,14.2129,20,9.30667,0.0683975,2.60748
938,24.7315,15.1066,20,10.0733,0.0742138,2.85628
939,24.7106,14.403,20,8.7,0.0687298,2.63342
940,23.2545,13.3234,18,8.35333,0.06896,2.89202
941,23.2779,13.5473,19,9.22667,0.129615,2.90502
942,24.6986,14.1151,20,9.5,0.0649699,2.76458
943,24.7377,14.3395,20,8.98,0.0672274,2.88289
944,24.2607,14.3552,20,8.86,0.0712166,2.59882
945,24.7044,14.6135,20,9.98667,0.0725765,2.70035
946,24.6162,14.1746,20,9.70667,0.0711702,2.55466
947,24.6974,14.6745,20,9.99333,0.0696018,2.95427
948,24.6332,14.6892,20,9.4,0.0692479,2.46634
949,24.1095,13.4484,19,8.12667,0.0738574,2.62993
950,24.7274,13.1225,20,7.81333,0.0680029,2.48003
951,24.7027,14.4312,20,8.87333,0.06772,2.57004
952,24.5356,13.4387,19,8.72667,0.0696066,2.70299
953,24.6853,13.9132,20,7.68,0.0667986,2.5163
954,24.7156,14.6552,20,8.82667,0.068832,2.48126
955,24.6874,14.7795,20,9.17333,0.0872434,2.58536
956,24.0094,13.6358,20,7.84667,0.0663449,2.5392
957,24.3908,13.9379,19,8.68,0.0672439,2.40861
958,24.7098,14.0992,20,8.98,0.0715196,2.63088
959,24.3909,13.6895,19,8.4,0.0709338,2.66231
960,24.7003,13.4103,20,7.86667,0.0679193,2.32252
961,24.6653,13.799,20,7.86,0.0736033,2.48562
962,24.7089,13.5338,20,8.81333,0.0647057,2.47654
963,23.8955,11.9584,20,7.7,0.0693271,2.72779
964,24.7165,12.9844,20,7.75333,0.0706164,2.63937
965,24.7077,12.664,20,7.91333,0.0683754,2.51877
966,23.9555,12.857,19,7.67333,0.0675989,2.41278
967,24.6956,13.1583,20,8.40667,0.0669619,2.45578
968,24.6977,12.964,20,7.03333,0.070126,2.80239
969,24.682,11.8149,20,6.65333,0.0670148,2.42165
970,24.6924,12.3699,20,7.01333,0.0698205,2.59694
971,24.7053,13.1168,20,8.14667,0.0680182,2.41374
972,24.7165,14.3935,20,8.60667,0.0683524,2.35642
973,23.9847,13.1786,19,7.78,0.0660607,2.57018
974,24.6048,12.6374,20,6.92667,0.067539,2.74674
975,24.5212,12.8167,19,6.67333,0.0675756,2.56151
976,24.7162,13.4181,20,7.37333,0.0669705,2.61608
977,24.7127,12.7577,20,7.49333,0.0652737,2.387
978,24.7212,13.9078,20,7.36,0.0665569,2.58551
979,24.4784,13.5413,20,7.04667,0.069769,2.49648
980,24.6991,13.8948,20,7.58,0.0697499,2.5466
981,24.7165,14.9544,20,8.74667,0.0680003,2.68997
982,24.7236,14.1564,20,8,0.0700623,2.54285
983,24.6769,13.9135,20,7.56667,0.068263,2.55205
984,24.6824,14.57,20,8.56,0.0683855,2.45015
985,24.7094,13.7404,20,7.72667,0.0666004,2.41125
986,24.6786,14.1991,20,8.94,0.0670752,2.45806
987,24.4987,14.4016,20,9.51333,0.0674872,2.6709
988,24.7006,14.7948,20,9.03333,0.0672113,2.62015
989,24.5841,14.6622,20,9.54,0.067756,2.56584
990,23.4731,14.015,19,8.11333,0.0685819,2.57378
991,24.5534,13.747,20,8.34667,0.0676682,2.63597
992,24.7301,13.9066,20,7.65333,0.0678632,2.51983
993,23.5547,13.2298,20,7.42667,0.0668472,2.62805
994,24.6912,13.9853,20,8.22,0.0682262,2.64145
995,24.7144,13.5605,20,8.44,0.0662186,2.55357
996,24.6915,14.0447,20,8.44667,0.0648875,2.80885
997,24.7015,14.0586,20,8.9,0.0692747,2.76562
998,24.7062,15.1209,20,9.13333,0.0718254,2.64819
999,24.6706,15.8469,20,9.98667,0.0695386,2.76824
1000,24.6279,14.686,20,8.65333,0.123906,3.06553
