1,1.34073,0.167762,5,0.18,0.0663101,1.04677
2,2.39618,0.296862,6,0.333333,0.0690208,1.21899
3,1.31939,0.321085,4,0.206667,0.0673667,1.24564
4,4.57936,0.905243,8,1.86,0.0701707,2.99297
5,4.67816,0.849209,8,2.32667,0.0674132,2.64477
6,4.65521,0.803499,10,1.77333,0.0721338,2.4442
7,5.5394,0.714514,7,1.38,0.0683747,2.29891
8,4.71997,0.724884,10,1.09333,0.0677305,2.05255
9,7.72048,0.724783,9,1.06667,0.0664961,2.34468
10,8.7847,1.20564,9,1.7,0.0673126,2.2096
11,7.58082,1.29692,9,1.58667,0.0681964,2.5785
12,7.7482,0.833047,9,1.14667,0.0654496,1.80104
13,6.6644,0.625412,9,0.913333,0.0680558,1.85662
14,7.73769,0.841246,10,1.35333,0.0670419,1.78848
15,9.78307,0.724026,10,0.973333,0.0644472,1.91522
16,7.80158,0.811468,10,1.23333,0.0679187,1.89764
17,6.79663,0.804032,10,1.15333,0.0705542,2.08647
18,8.79641,0.84545,10,1.16,0.0673676,2.17517
19,4.85094,0.817134,10,1.16,0.0614455,1.9091
20,6.59819,1.0358,10,1.32667,0.0680147,1.89475
21,5.78085,0.973292,9,1.56,0.0685833,2.0428
22,6.73375,1.07979,10,1.29333,0.0664549,2.11372
23,7.76291,0.871165,9,1.15333,0.067977,2.06292
24,7.72771,0.970696,10,1.36,0.0721702,2.49006
25,6.68362,0.831892,8,1.42667,0.0700401,2.25744
26,7.72382,1.07862,9,1.16667,0.0673383,1.96357
27,8.80114,1.07189,10,1.23333,0.0686583,2.03413
28,6.80218,1.08413,9,1.52667,0.068051,2.109
29,8.6167,1.04751,10,1.33333,0.0709061,2.06041
30,8.77708,1.15946,10,1.60667,0.0664636,2.16137
31,9.78117,1.51632,10,2.14,0.0687137,1.82415
32,10.7337,1.49158,10,1.85333,0.0694411,1.88266
33,9.60702,1.32096,9,1.51333,0.0652926,2.09294
34,6.68115,1.45324,8,1.73333,0.0653836,2.36074
35,8.86063,1.41593,10,1.84667,0.0686988,1.85927
36,8.55707,1.21865,9,1.68,0.0671402,2.21362
37,9.69514,1.23364,10,1.59333,0.0711965,2.00707
38,7.77102,1.54744,9,1.74,0.0713546,2.0315
39,9.75857,1.46758,10,1.74,0.0675356,2.22455
40,8.79383,1.279,10,1.48,0.0660806,1.93882
41,8.53066,1.20417,9,1.38667,0.0664304,2.09899
42,6.74579,0.956134,8,1.30667,0.0652939,1.80899
43,9.65514,1.57528,10,2,0.0676362,2.48014
44,9.73559,1.54915,10,2.21333,0.0669797,2.57959
45,8.64712,1.64593,9,1.86667,0.0682819,2.61526
46,8.7455,1.34501,9,1.77333,0.0671308,2.29798
47,9.73247,1.10787,10,1.4,0.065142,2.5242
48,10.7363,1.60537,10,2.06667,0.0662769,2.1334
49,9.56615,1.42078,9,1.89333,0.0657818,2.81673
50,7.73419,1.57782,8,2.09333,0.0663931,2.72837
51,10.6584,1.37639,10,1.98667,0.0665347,2.39843
52,8.79547,1.62116,10,2.24667,0.0709803,2.5187
53,8.81583,1.45253,10,2.00667,0.0636444,2.4468
54,9.63749,1.70085,9,2.28667,0.0682434,2.52874
55,8.65252,1.50065,9,2.12667,0.0659613,2.51627
56,8.67364,1.51275,10,1.75333,0.0643102,2.3453
57,9.7688,1.70863,10,2.2,0.0661885,2.44345
58,9.73144,2.1147,10,2.68667,0.0706422,2.59405
59,10.6939,2.06933,10,2.45333,0.0663195,2.7903
60,8.67981,2.16635,10,2.79333,0.0675781,2.73723
61,7.69254,1.60379,8,1.82,0.0648126,2.74183
62,8.73439,2.17099,10,2.56667,0.0697931,3.10645
63,8.74751,2.19021,9,2.51333,0.0640961,2.68339
64,10.6747,2.1814,10,2.78,0.0667781,2.7733
65,9.71746,1.96911,10,2.64,0.068967,2.8898
66,8.751,1.56183,9,1.89333,0.0656004,2.79979
67,9.65607,1.76542,9,2.34,0.067335,2.79274
68,10.632,1.44207,10,1.86,0.0669596,2.91434
69,10.6601,1.6083,10,2.16,0.0713327,2.95209
70,7.59151,1.76427,9,2.23333,0.0666371,2.71619
71,7.62413,1.82875,10,2.38,0.0714717,2.92194
72,8.55585,2.21882,9,2.75333,0.0693857,3.01228
73,8.68409,1.68751,9,2.26667,0.0715475,3.43939
74,9.73665,1.87703,10,2.52667,0.0694955,3.13679
75,9.73469,1.67939,10,2.48,0.0667649,2.81075
76,10.6658,1.58003,10,2.00667,0.066665,2.66154
77,9.63161,2.20925,9,2.76,0.067172,2.8022
78,8.69514,1.71681,9,2.45333,0.0657834,2.86152
79,6.60118,1.41811,9,2.04,0.0677816,3.21122
80,8.74609,2.05751,9,2.50667,0.069491,3.03086
81,10.7215,1.71702,10,2.07333,0.0650306,2.90825
82,10.5974,1.63854,10,2.03333,0.0663966,2.81097
83,9.8239,2.25579,10,2.71333,0.0713058,2.58194
84,9.70834,2.22595,9,2.53333,0.0679645,2.9438
85,8.69035,1.87501,9,2.08,0.0672805,3.25614
86,8.6633,1.87445,9,2.20667,0.0653527,2.71625
87,9.76801,1.75506,9,2.04,0.0649319,3.04785
88,10.7006,1.82826,10,2.28667,0.0676669,2.89779
89,7.60639,1.61753,9,1.94,0.0666383,2.90296
90,9.68312,2.11805,9,2.56667,0.0699321,3.06885
91,8.72806,1.82861,9,2.03333,0.0645457,2.84903
92,9.79316,1.90268,9,2.24667,0.0708581,2.91389
93,8.79543,1.97635,10,2.37333,0.0653824,2.75666
94,9.73068,2.00323,10,2.65333,0.0714046,2.82511
95,8.56631,1.86837,8,2.41333,0.0694288,3.44637
96,7.71762,1.94236,9,2.52,0.0676307,3.21731
97,9.70534,1.9044,10,2.35333,0.0669822,3.30689
98,8.63999,1.797,9,2.20667,0.068787,3.13996
99,8.75548,2.22754,10,2.76,0.0721089,3.27458
100,10.5914,2.95878,10,3.84,0.0689323,3.13368
101,7.68778,1.80514,8,2.20667,0.0691193,3.18481
102,10.7545,2.15191,10,2.46,0.0665215,2.96207
103,10.6702,1.83989,10,2.36,0.0694046,3.03942
104,9.55028,1.61998,9,2.22667,0.0696604,3.17874
105,8.6843,1.51065,10,2,0.0649063,2.80186
106,8.76741,1.59146,9,1.96,0.065241,2.87494
107,9.77947,2.03558,10,2.46,0.0696924,3.13671
108,10.68,2.13672,10,2.68667,0.0680621,3.07613
109,8.64301,2.26224,9,2.82667,0.0692553,3.13364
110,10.7354,2.18005,10,2.48,0.0682299,2.92864
111,8.74907,1.74102,10,2.15333,0.0677451,2.95111
112,9.68581,1.61688,10,2.14667,0.0690137,2.69829
113,10.6668,1.69486,10,2.15333,0.066228,2.76485
114,9.54629,1.87238,10,2.43333,0.0701225,2.77286
115,8.6815,1.44258,9,1.85333,0.0673625,3.1403
116,9.67737,2.14582,9,2.76667,0.0687869,2.69765
117,9.67707,2.18039,10,2.79333,0.0658912,2.8928
118,7.47553,1.78966,10,2.25333,0.0698102,2.98803
119,9.73564,1.55307,9,2.2,0.0716538,3.01042
120,8.68811,1.77514,10,2.23333,0.0715527,2.97582
121,9.70902,1.51036,10,1.80667,0.0645702,2.76207
122,10.7146,1.79674,10,2.01333,0.0682468,2.59504
123,10.7093,1.73443,10,2.03333,0.0640356,2.65791
124,8.66201,1.63258,9,1.93333,0.0690612,3.1419
125,9.6513,1.7851,9,2.27333,0.0657152,2.75217
126,9.68955,1.89253,10,2.36,0.066509,2.90316
127,6.62299,1.16359,8,1.67333,0.0644447,3.18153
128,7.59881,1.65494,8,2.27333,0.0662584,2.93337
129,8.66634,1.70132,9,2.23333,0.0672302,2.86449
130,9.58911,1.52158,9,2.17333,0.0687259,2.8117
131,8.68551,1.37877,8,1.81333,0.0644325,3.06316
132,6.61647,1.56074,8,1.88,0.063442,3.00003
133,6.60949,1.47743,8,1.83333,0.0641519,2.98856
134,10.6795,1.94086,10,2.72667,0.0691485,2.95035
135,9.60869,1.75513,9,2.52,0.0688522,2.97748
136,8.65202,1.80435,9,2.74667,0.0711737,3.0657
137,7.68651,2.06495,9,2.84,0.0647311,3.12422
138,10.6301,2.11273,10,2.92,0.0684387,3.09604
139,6.71275,1.54089,10,2.22667,0.0665568,3.22693
140,9.63205,1.31253,9,1.95333,0.0684994,3.21503
141,8.68646,1.62177,9,2.02,0.0658667,2.80118
142,9.63511,2.53593,9,3.29333,0.070408,3.00556
143,7.62582,1.15708,8,1.82,0.0635616,3.32244
144,9.67817,2.03112,10,2.73333,0.0706141,3.24536
145,7.53923,1.40352,10,2.12,0.0674507,3.10097
146,7.61432,1.53778,8,2.2,0.0648272,3.21714
147,6.55044,1.09316,7,1.34,0.0639415,3.14872
148,9.64454,1.29383,9,1.7,0.069548,3.03129
149,8.57798,1.76294,9,2.1,0.0659386,2.60241
150,8.5715,1.73785,8,2.16,0.0691445,2.90883
151,7.74388,2.01261,9,2.44,0.0690085,2.90516
152,8.69119,1.85559,9,2.52667,0.0702178,3.08305
153,6.65208,1.99139,8,2.27333,0.068449,2.88195
154,6.59245,1.35376,6,1.47333,0.063929,2.97683
155,9.61245,1.92256,9,2.35333,0.0680218,2.96173
156,7.59387,2.08594,9,2.53333,0.0678227,3.39459
157,8.69435,1.9643,9,2.5,0.0681963,3.45977
158,6.60612,1.0862,8,1.46667,0.068142,3.72503
159,8.58791,1.90506,9,2.45333,0.0686025,3.48875
160,6.5679,1.60597,7,2.08,0.0674928,3.30467
161,8.60427,1.76778,9,2.24,0.0672049,3.00976
162,7.55014,1.88788,9,2.34,0.0698007,3.15248
163,6.62942,1.91034,8,2.43333,0.0658793,3.38923
164,7.54448,1.78012,9,2.52,0.0696431,3.23562
165,5.69581,1.51888,8,1.97333,0.0675431,3.13479
166,6.67946,1.29038,7,1.69333,0.0680471,3.13716
167,7.76721,2.01759,10,2.6,0.0662679,3.07292
168,6.62535,2.02626,8,2.62667,0.0711529,3.40941
169,7.66282,1.77138,9,2.46,0.0704754,3.11358
170,6.55526,1.63083,7,2.04,0.0686039,2.95099
171,8.60595,1.82705,9,2.36667,0.0663209,2.63892
172,7.5419,1.56847,8,1.95333,0.073006,3.05825
173,6.56911,1.32392,7,1.59333,0.065472,2.80635
174,8.58295,1.46254,9,1.89333,0.0677478,2.90474
175,4.65617,1.00502,5,1.28667,0.0647617,2.85721
176,7.65654,1.39022,7,1.64,0.0648212,2.61072
177,9.66708,1.73597,9,2.07333,0.0684657,2.6931
178,9.68476,1.65204,10,2.05333,0.0683592,2.70039
179,7.5119,1.39187,7,1.88667,0.0697854,3.20547
180,7.51006,1.55164,7,2.07333,0.0673764,3.35485
181,4.66006,1.74591,8,1.94667,0.0610292,3.03245
182,8.58278,2.10478,10,2.76,0.0703587,2.83069
183,9.52608,2.29921,9,2.76667,0.067066,2.88002
184,7.53153,1.2441,8,1.80667,0.0662022,2.91807
185,8.63982,1.94054,9,2.48,0.0693211,3.17354
186,6.56323,1.86335,8,2.38,0.0680522,3.01929
187,9.66476,1.41124,9,1.96,0.0702699,2.8339
188,8.66893,2.22682,9,2.48667,0.0685678,3.14636
189,6.67556,1.45634,8,1.76,0.0640637,3.07316
190,6.64152,1.47232,7,1.74,0.0658484,2.95515
191,8.61322,1.83572,8,2.25333,0.0640101,2.72378
192,7.50723,1.63644,8,2.04,0.0686356,3.20842
193,6.70974,2.04567,7,2.26,0.0678376,2.74699
194,6.61928,1.62289,7,1.82,0.0654091,3.06333
195,7.64645,1.83961,9,2.18,0.0675933,3.29045
196,7.70842,1.76311,9,2.12667,0.0689915,3.13612
197,8.62723,2.273,9,2.80667,0.0664381,3.04205
198,6.5994,1.21806,8,1.47333,0.0670618,3.12295
199,7.6642,1.92978,7,2.23333,0.0680877,2.91995
200,9.61469,1.53108,9,1.78667,0.0664485,2.74241
201,8.65306,2.00986,8,2.57333,0.0673758,2.96098
202,8.55934,2.10827,9,2.56,0.0674523,2.52354
203,10.6983,2.82743,10,3.7,0.0715402,2.97757
204,7.53396,2.09169,7,2.60667,0.0701845,3.59969
205,7.58062,2.02795,8,2.66,0.0683288,3.34718
206,7.65339,1.57211,8,1.94667,0.0639812,2.75479
207,7.60066,1.91803,8,2.20667,0.0684144,3.12946
208,8.51769,1.9657,9,2.54,0.0677412,3.0031
209,8.53707,2.13353,10,2.48667,0.0685761,2.87634
210,7.65639,2.22389,8,2.80667,0.0672659,2.74941
211,7.56842,2.34372,8,2.92,0.0667917,3.21055
212,6.60414,1.99352,7,2.12667,0.0639576,3.28467
213,5.64983,1.65871,8,1.93333,0.0720433,3.71103
214,8.53785,2.42489,10,2.84667,0.0691114,3.53819
215,9.49606,2.05714,9,2.42667,0.0653861,3.43728
216,8.61385,2.78241,9,3.06,0.0729622,3.0115
217,8.61043,2.31842,9,2.73333,0.0666778,3.02373
218,7.65727,1.73982,9,2.1,0.0653193,3.12387
219,6.61993,1.68388,8,2.04,0.0668153,3.02776
220,8.54259,2.27283,9,2.62,0.067241,3.05553
221,7.53326,1.88423,8,2.23333,0.0676138,3.48597
222,8.61014,2.1402,8,2.64667,0.0689774,2.84882
223,7.4729,2.20554,9,2.67333,0.0680656,3.1315
224,8.55403,2.26531,8,2.65333,0.0669141,3.04449
225,9.65672,2.25991,9,2.66667,0.068196,2.69423
226,7.57337,2.01294,10,2.52,0.0674182,2.88162
227,6.73466,1.99655,8,2.46667,0.0701323,3.15271
228,8.64798,1.94483,9,2.41333,0.0680364,2.70779
229,9.61634,1.62408,9,2.10667,0.066936,3.38214
230,8.61251,1.68564,8,2.07333,0.0744352,3.37433
231,8.59477,2.21717,9,2.85333,0.0702011,3.08473
232,7.50544,2.06428,8,2.68,0.069955,3.25477
233,7.73048,1.98138,9,2.70667,0.0699488,2.80998
234,8.55321,2.28707,9,3.21333,0.0672233,3.09681
235,8.49237,2.06368,8,2.71333,0.0671887,2.95475
236,8.61386,2.29163,8,2.79333,0.0688263,3.04616
237,9.56293,2.07929,9,2.28,0.069377,3.07195
238,8.58173,2.67508,8,2.81333,0.0683819,2.71678
239,8.69487,2.06819,8,2.51333,0.0663413,2.72741
240,7.5463,2.13967,8,2.31333,0.0674271,2.99378
241,8.63151,2.22877,10,2.92667,0.0670638,3.13973
242,7.51912,1.70574,7,2.00667,0.0647036,2.99302
243,8.51463,2.22924,8,2.7,0.0710128,3.25029
244,7.61589,1.8317,8,2.27333,0.0672539,3.04014
245,8.65124,1.98379,9,2.42667,0.0694775,3.26994
246,9.7352,2.07675,10,2.46,0.0703201,2.87127
247,7.58718,1.96308,9,2.54,0.0667861,3.41213
248,8.57473,2.43831,9,2.99333,0.0675863,3.4229
249,8.73743,2.73177,9,3.56667,0.0701681,3.26901
250,6.60511,1.89539,7,2.30667,0.0667012,3.45612
251,7.49974,2.43398,9,3.1,0.0685405,3.77098
252,9.67635,3.20454,10,4.04667,0.0694012,3.25225
253,7.64868,2.00786,10,2.34,0.070752,3.67278
254,6.61073,1.81324,8,2.24667,0.0650025,3.88185
255,6.66718,1.92714,10,2.41333,0.0671711,3.54836
256,6.46983,1.40543,7,1.63333,0.0685508,3.46692
257,7.55673,1.43859,7,1.74,0.064292,3.19235
258,7.60426,1.86038,9,2.10667,0.065587,3.07491
259,7.62727,2.00246,10,2.42,0.0654493,3.16923
260,6.71558,1.71611,8,1.96667,0.0670316,3.60425
261,8.59882,1.86839,10,2.46,0.0682483,3.39665
262,6.71845,1.40965,7,1.49333,0.0633013,3.11979
263,8.76732,2.0375,9,2.42667,0.0659932,2.92627
264,9.55115,1.92237,9,2.3,0.0665585,3.44408
265,7.68208,1.70276,8,1.77333,0.0640215,3.06045
266,7.55545,1.61061,10,1.97333,0.0705385,3.00216
267,8.64114,1.84566,10,2.28,0.0682328,3.15214
268,8.6132,1.91477,8,2.29333,0.0680778,3.06216
269,8.59658,1.46118,9,1.81333,0.064216,3.00677
270,7.65145,1.61505,10,2.12667,0.0661927,3.48748
271,5.58358,1.43463,8,1.76,0.0622218,3.30505
272,8.7485,1.94496,9,2.38,0.0690213,3.38012
273,9.64416,2.35479,9,2.88667,0.0715888,3.65419
274,7.64192,1.7017,9,2.12,0.0629621,3.38868
275,8.69813,2.49748,10,3.04667,0.0666759,3.42056
276,8.64998,1.67404,8,2.07333,0.0662611,3.54937
277,8.75381,2.12217,9,2.83333,0.0676873,3.40174
278,9.60438,2.04182,9,2.54,0.0681758,3.60393
279,7.59447,1.39817,9,1.62,0.0626811,3.31223
280,6.78677,1.61789,8,2.08,0.0730237,3.44243
281,7.6683,2.02526,8,2.48,0.0681803,3.61432
282,8.78938,1.64118,9,2.14,0.0677587,3.18921
283,10.665,2.12177,10,2.72667,0.0700741,3.57075
284,8.70466,1.83332,9,2.32667,0.0698487,3.1921
285,8.61093,1.8723,8,2.26,0.0696251,3.44966
286,7.72266,1.84902,8,2.34667,0.0665395,3.4085
287,8.6336,1.79201,8,2.32667,0.0696273,3.16212
288,6.76254,1.44901,7,1.58,0.0641113,3.38868
289,6.59368,1.38956,8,1.56667,0.0674991,3.62918
290,6.71305,2.059,7,2.28667,0.0700106,3.26236
291,8.63525,1.66516,9,1.96,0.0689192,3.15396
292,6.48759,1.5376,7,1.99333,0.0661139,3.44923
293,8.63669,2.32273,9,2.82,0.0703082,3.27083
294,7.64651,2.22422,8,2.56,0.067295,3.35584
295,7.5935,1.95357,8,2.07333,0.0680506,3.43394
296,8.64593,2.27255,8,2.53333,0.0674715,3.28042
297,7.62605,2.35997,9,2.7,0.070434,3.4287
298,7.62228,1.54945,8,2.02,0.0623541,3.21513
299,9.66966,2.14582,10,2.8,0.0718101,3.06276
300,9.60446,2.25547,9,2.70667,0.0694334,2.69562
301,9.65389,1.91473,9,2.14667,0.0674641,3.03148
302,8.64337,2.38966,8,2.76,0.0704236,3.16099
303,9.66784,2.57107,10,2.89333,0.0757756,3.3296
304,8.65726,2.14694,10,2.49333,0.0683679,3.20247
305,7.69432,1.53047,7,1.56,0.0665634,3.06916
306,8.58101,2.0151,8,2.07333,0.0674446,3.00977
307,7.58254,2.16396,7,2.22,0.0659651,2.97429
308,9.64965,1.66347,9,1.7,0.068847,3.06469
309,6.6168,1.78481,7,1.79333,0.0648431,2.86609
310,9.67453,2.57935,10,2.84667,0.0727033,2.88331
311,8.60345,2.27625,8,2.35333,0.0676898,2.85427
312,10.6191,2.4573,10,2.66,0.0662574,2.83729
313,8.66089,2.2939,9,2.40667,0.0698242,3.05639
314,10.5655,2.34999,10,2.56,0.0699692,3.04613
315,7.56876,1.83576,8,1.96667,0.0671493,3.141
316,8.6216,1.78237,8,1.95333,0.063201,2.88335
317,8.61978,2.63965,9,2.84,0.0706749,3.09387
318,8.58759,2.11992,8,2.35333,0.0663711,2.96224
319,9.6569,2.6349,9,2.97333,0.0704729,3.2951
320,8.74875,2.19087,9,2.26667,0.0681115,3.23194
321,8.57197,2.15721,9,2.18667,0.0690073,3.01585
322,9.61123,2.02465,9,2.15333,0.0790263,3.01319
323,8.68254,2.36845,10,2.5,0.0675443,2.93586
324,8.59132,1.82303,9,2.04667,0.0663961,3.0357
325,7.53942,2.13358,7,2.21333,0.0703021,2.71338
326,8.57681,2.40347,9,2.66667,0.06863,3.0218
327,9.61548,2.48196,9,2.60667,0.069033,3.05778
328,10.5647,2.27654,10,2.32,0.0681605,2.93501
329,8.54374,2.27824,8,2.30667,0.0689251,3.09208
330,8.61609,2.38358,8,2.31333,0.0674757,2.94471
331,9.61438,2.42794,9,2.37333,0.0699376,3.34283
332,8.52986,2.46615,9,2.38667,0.0692161,3.28018
333,9.6858,2.72322,9,2.83333,0.0718634,3.22812
334,10.6774,3.54914,10,3.47333,0.0698988,3.15152
335,8.72762,2.25948,9,2.26,0.0654566,3.18404
336,9.62917,2.62244,9,2.65333,0.0691797,3.4515
337,9.62888,2.34923,9,2.59333,0.0697145,3.19624
338,8.62517,2.48451,9,2.67333,0.0680201,3.10025
339,10.6274,2.49241,10,2.78667,0.0677358,3.05966
340,8.59763,2.31142,9,2.52,0.0714828,3.47833
341,9.57275,2.68339,9,2.88,0.0702648,3.25466
342,8.69266,2.33013,8,2.27333,0.067143,3.34078
343,7.54815,2.31258,10,2.36,0.0675131,3.5204
344,8.71013,2.70159,9,2.82,0.0698496,3.24509
345,9.76256,2.11298,9,2.38,0.0665608,3.00527
346,9.78475,2.90459,10,3.25333,0.0702183,3.15503
347,8.68321,2.15277,10,2.40667,0.0705201,3.3551
348,8.70712,1.69314,9,1.98,0.0669233,3.35207
349,7.6251,1.83397,10,2.24,0.0659631,3.33608
350,9.62276,2.20843,9,2.56,0.0692431,3.24601
351,8.65617,2.12712,9,2.46,0.0652123,3.37573
352,6.66969,1.92815,8,2.04667,0.0656142,3.34544
353,8.57337,2.27636,8,2.39333,0.0682994,3.42107
354,7.6344,2.04029,10,2.24667,0.0662571,3.13913
355,9.62242,2.39692,10,2.69333,0.0713472,3.38374
356,10.6075,2.67292,10,2.97333,0.0686103,3.34628
357,9.52006,2.09218,9,2.01333,0.0680955,3.51313
358,10.5727,2.90475,10,2.97333,0.0686515,3.27603
359,9.59681,2.23515,9,2.29333,0.067259,3.35088
360,8.63931,1.70721,8,1.64667,0.0691564,3.17526
361,10.5561,2.25636,10,2.31333,0.0701176,3.56961
362,9.65944,2.19027,9,2.23333,0.06882,3.5122
363,7.6155,1.86342,8,1.88667,0.0680827,3.50763
364,8.58025,2.14552,9,2.26667,0.0675866,3.27272
365,6.67898,2.0701,8,2.14,0.0679083,3.72701
366,9.61654,2.06984,9,2.23333,0.0685822,3.2976
367,8.61726,2.49523,10,2.68667,0.0690557,3.27972
368,8.66374,2.11043,8,2.31333,0.0682503,3.55394
369,9.6482,2.64716,9,2.73333,0.070188,3.40016
370,9.65424,2.64238,10,2.84667,0.0700718,3.44205
371,9.70555,2.6702,9,2.96,0.0718198,3.53967
372,9.53247,2.89898,9,3.12667,0.0691207,3.67672
373,8.67615,2.11982,8,2.39333,0.0690409,3.05389
374,8.60319,2.01098,8,2.08,0.0633832,3.37773
375,9.70304,2.6997,9,2.82,0.0700112,3.38969
376,9.65584,3.02113,9,3.22,0.0671861,3.46523
377,10.6716,2.95115,10,2.93333,0.068083,3.61601
378,10.705,3.37678,10,3.58667,0.0707081,3.77148
379,9.59187,2.11726,9,2.02,0.0651574,3.91004
380,9.6146,2.5203,9,2.48,0.068031,3.58702
381,7.6742,2.68207,8,2.89333,0.0718198,3.9275
382,9.59534,2.64366,9,2.76667,0.0678507,3.63127
383,8.67282,3.02771,8,2.90667,0.0694331,3.60568
384,8.6703,3.0935,8,3.16,0.0694646,3.38604
385,7.63099,2.43306,7,2.48,0.0675407,3.71896
386,9.6213,2.82591,9,2.93333,0.0686832,3.31423
387,8.67275,3.17262,9,3.28667,0.0659796,3.40692
388,9.65123,2.35518,9,2.54,0.0683753,3.51839
389,8.6584,2.69901,8,2.92667,0.0678048,3.42693
390,8.65589,2.38753,9,2.54667,0.068818,3.35139
391,9.51283,2.1512,9,2.26667,0.0667139,3.24309
392,10.6024,2.95652,10,3.05333,0.0687389,3.0387
393,8.58875,2.02936,8,2.15333,0.0659301,3.39565
394,7.61785,2.22503,8,2.43333,0.069525,3.46434
395,8.69179,2.22039,9,2.59333,0.0648823,3.20593
396,8.64313,1.88755,10,2.16,0.0678651,2.76821
397,8.55334,2.44877,8,2.8,0.0712362,3.15831
398,9.66264,2.6304,9,2.84667,0.0686933,3.26946
399,9.60657,2.97734,9,3.19333,0.0702402,3.05226
400,7.61792,2.07442,7,2.12667,0.0650054,3.19907
401,10.7401,2.92452,10,3.29333,0.0666432,3.05688
402,8.71172,2.24041,9,2.5,0.0656519,3.28753
403,9.68068,2.33895,9,2.66667,0.0665706,3.2658
404,8.65992,2.85637,10,3.15333,0.0683641,3.30418
405,7.67684,2.55231,8,2.76,0.066343,3.2616
406,9.60851,2.25173,10,2.45333,0.0694902,3.35574
407,8.65864,2.69579,9,2.80667,0.0653875,3.14095
408,8.72483,2.69419,10,2.94667,0.0693668,3.07652
409,8.65343,3.26601,9,3.58,0.0692202,3.17302
410,8.75998,2.88336,9,3.26667,0.073783,3.44178
411,8.70414,2.39821,9,2.56,0.0703059,3.50509
412,8.68087,2.53922,8,2.70667,0.0684956,3.07585
413,9.58955,2.88137,9,3.01333,0.0680864,3.24658
414,8.73011,2.62878,9,2.96,0.0628807,3.09388
415,8.64634,2.50726,9,2.78,0.0654219,3.42018
416,9.57172,3.1296,10,3.66667,0.0686259,3.16008
417,9.78865,2.2908,10,2.74,0.0639641,3.43295
418,9.74461,2.85948,10,3.24,0.0688888,3.26893
419,9.81229,3.06124,10,3.48,0.0707155,3.24808
420,9.74563,2.25484,10,2.69333,0.0676441,3.19137
421,9.58677,2.7546,9,3.36,0.0679234,3.42553
422,10.7139,3.61261,10,4.02667,0.0730027,3.37059
423,9.59178,2.75488,9,3.42,0.0672332,3.4703
424,9.59231,2.36247,9,2.64667,0.0644228,3.37312
425,8.53741,2.65161,9,3.05333,0.065852,3.33851
426,8.63986,2.21851,9,2.44667,0.0662383,3.47727
427,8.75937,2.02487,8,2.12,0.0645693,3.33602
428,9.60494,2.65901,9,2.86667,0.0692722,3.13509
429,9.64116,2.5363,9,2.67333,0.0647226,3.2798
430,9.53027,2.72526,9,3.22667,0.0684402,3.42135
431,9.64998,2.51449,9,2.8,0.0669601,3.34824
432,9.62749,2.53288,10,2.54667,0.0671645,3.53314
433,8.69541,2.75467,8,2.76,0.0703264,3.08317
434,8.68113,2.45196,9,2.76,0.0679164,3.62396
435,8.69587,2.84249,8,3.01333,0.0676205,3.28774
436,8.69943,2.19193,9,2.17333,0.0679224,3.06587
437,10.5863,2.38959,10,2.64,0.0703701,3.42645
438,8.79589,2.44491,10,2.66,0.0666172,3.01295
439,9.72628,2.51862,9,2.61333,0.0676949,3.29361
440,7.71953,1.72857,8,1.66667,0.0654964,2.94198
441,9.53488,2.24012,9,2.38,0.0677715,3.3408
442,9.56742,2.42931,9,2.44667,0.0686087,3.28827
443,8.70993,2.67917,9,2.81333,0.0697058,3.35524
444,8.72699,2.34922,10,2.50667,0.0667769,3.40673
445,9.74962,2.3507,10,2.54,0.0676804,3.01321
446,8.67669,2.61647,10,2.8,0.067046,3.18963
447,9.62773,2.1214,9,2.3,0.068071,3.52552
448,9.70883,1.83755,9,1.84,0.0672731,3.15567
449,9.68789,2.68168,9,2.86667,0.0700174,3.371
450,9.67257,2.36903,10,2.61333,0.0709575,3.32282
451,9.57384,2.40515,10,2.55333,0.0709432,3.23987
452,8.74318,2.56277,9,3,0.0688266,3.5261
453,10.654,2.79701,10,3.42,0.071512,3.49641
454,10.7722,2.62203,10,2.74667,0.0698993,3.22457
455,9.63568,2.69725,9,2.92,0.0690294,3.31477
456,10.7603,2.8167,10,2.94,0.0699429,3.33699
457,9.5872,2.69928,9,2.72667,0.0678474,3.16821
458,9.70044,2.87442,9,3.07333,0.07021,3.40543
459,9.66549,2.46658,10,2.58667,0.0680317,3.29491
460,10.7939,2.74651,10,2.93333,0.0682728,3.02744
461,9.68954,2.94539,9,3.03333,0.0659173,3.23243
462,10.6907,3.31876,10,3.28667,0.0713536,3.05471
463,10.8051,3.5975,10,3.6,0.0670301,2.92725
464,9.70517,3.27922,10,3.5,0.0690241,3.32922
465,10.6767,2.94059,10,3.04667,0.0688058,3.59512
466,8.7162,2.97788,9,3.21333,0.07016,3.54218
467,10.6917,2.96295,10,3.24667,0.0658284,3.22672
468,9.76952,3.33884,10,3.72,0.072168,3.21435
469,10.6799,3.51926,10,3.62,0.0691611,2.93717
470,10.6461,3.14926,10,3.38,0.0666816,3.00312
471,10.6618,3.05273,10,3.19333,0.0682079,3.01224
472,10.5757,3.03603,10,3.28,0.0731809,3.23003
473,10.7403,3.46888,10,3.68667,0.0673428,3.42113
474,9.83795,3.29186,10,3.52,0.073788,3.47477
475,10.7845,3.20029,10,3.42667,0.0688494,3.08307
476,10.7503,3.25472,10,3.68667,0.0653043,3.04539
477,10.7329,3.39508,10,3.58667,0.0663187,2.89742
478,10.6652,3.81855,10,4.12667,0.0655594,3.40839
479,10.7242,3.56939,10,3.7,0.0674523,3.25256
480,10.7154,3.37645,10,3.78667,0.0660791,3.21458
481,8.7617,2.90012,10,2.98667,0.0687277,3.14951
482,10.6935,2.93045,10,2.84667,0.0649784,3.18863
483,10.814,3.56145,10,3.71333,0.0683776,3.25591
484,10.7224,3.28244,10,3.58,0.0719814,3.08515
485,9.70264,2.48141,9,2.74,0.0644441,3.53934
486,10.6777,3.22024,10,3.28667,0.0672719,3.12223
487,10.7576,3.88312,10,4.00667,0.0679872,2.92131
488,9.7304,2.99114,9,3.46,0.0677549,3.32328
489,9.71828,2.31619,10,2.82667,0.066589,3.551
490,9.64622,2.56055,10,2.75333,0.066371,3.10628
491,10.7953,2.98438,10,3.27333,0.0722622,3.42496
492,10.6317,2.74284,10,2.98667,0.0676264,3.56138
493,10.6798,2.93276,10,3.21333,0.0658686,3.20024
494,9.77053,3.36359,9,3.5,0.070974,2.94263
495,10.6765,3.07973,10,3.4,0.0657426,3.04127
496,9.62549,2.85617,9,3.2,0.0714661,3.39548
497,10.604,3.04739,10,3.16667,0.0676452,3.13766
498,10.6142,2.899,10,3.12667,0.0709283,3.22009
499,10.6681,2.4419,10,2.77333,0.065915,3.23148
500,9.65037,3.05001,9,3.18667,0.0666765,3.09176
501,10.6431,2.42513,10,2.78667,0.0648878,3.08686
502,10.7229,3.04218,10,3.19333,0.0663293,2.7986
503,9.75892,2.66774,10,2.91333,0.067196,3.01859
504,10.7249,2.48752,10,3.14667,0.0713852,3.04349
505,9.71846,2.1132,9,2.4,0.0655253,2.71805
506,10.7231,2.70931,10,2.90667,0.0685856,2.57771
507,9.73195,2.68785,10,2.78,0.0669029,3.12354
508,10.6669,3.56393,10,3.86667,0.0689534,3.10333
509,10.7465,3.34287,10,3.51333,0.0690086,2.88517
510,8.76695,2.98219,9,3.14,0.0714561,2.91309
511,9.72079,2.97256,10,3.21333,0.0695511,3.03331
512,10.7755,3.54258,10,3.71333,0.0691181,2.89529
513,10.7908,3.33896,10,3.43333,0.0693443,3.07607
514,10.6762,2.87819,10,3.26,0.06878,3.19232
515,8.80595,2.63093,9,2.79333,0.0656166,2.88876
516,9.75066,2.84744,10,3.04667,0.0700281,2.78463
517,8.65074,2.44718,8,2.8,0.0675564,3.19243
518,9.76522,3.10184,9,3.37333,0.0674435,2.70765
519,10.8036,3.49843,10,3.9,0.066249,2.59579
520,9.74454,3.37847,10,3.75333,0.0704076,3.0773
521,9.70833,3.06426,9,3.33333,0.0647982,2.87455
522,8.73274,2.55243,10,3.02,0.0655423,3.13851
523,9.62827,2.57735,9,3.08,0.0668937,3.17561
524,9.78726,3.17802,10,3.7,0.0686745,2.85266
525,9.73443,2.83184,9,3.29333,0.0750057,3.29146
526,10.7423,3.35874,10,3.81333,0.0707745,2.80467
527,9.64899,2.70879,9,2.92,0.0673252,2.85712
528,8.71456,2.31974,8,2.48667,0.0635057,2.65138
529,10.7336,3.13636,10,3.18667,0.0707773,2.95991
530,10.7642,3.38076,10,3.47333,0.0664604,2.59859
531,9.684,3.12342,10,3.37333,0.0701014,3.12878
532,9.77954,3.40049,10,3.67333,0.0692168,2.72439
533,9.76266,2.70642,10,3.16,0.069491,3.04311
534,10.7007,3.24758,10,3.55333,0.0703144,3.10706
535,10.6829,3.03642,10,3.43333,0.0685266,3.26119
536,10.6807,2.498,10,2.98667,0.0695281,2.98375
537,10.7742,3.51019,10,3.78,0.0660256,2.77507
538,10.5701,2.62677,10,3.10667,0.0650803,3.07883
539,10.6852,3.03944,10,3.22,0.067441,2.87985
540,10.8126,3.496,10,3.72667,0.0693848,3.04697
541,10.8747,3.81674,10,4.12667,0.0661871,2.8726
542,9.60257,2.56392,10,3.04667,0.0678359,3.23314
543,10.7128,3.14082,10,3.48667,0.0733151,2.98411
544,9.75008,3.57772,9,4.00667,0.0708042,3.49939
545,10.7049,3.37209,10,4.06,0.0683908,3.21084
546,8.69882,2.48721,9,2.68667,0.0657544,3.21552
547,9.88722,2.71832,10,3.05333,0.0717448,3.16106
548,9.79203,2.90752,10,3.15333,0.0643102,2.85709
549,10.7685,3.11741,10,3.54667,0.0659077,2.76621
550,8.61556,2.15386,9,2.50667,0.0665918,3.11673
551,9.57805,2.47529,10,2.8,0.0669284,3.15077
552,9.70134,2.80659,10,3.07333,0.0674727,2.89433
553,9.83572,2.84427,10,3.28,0.0675311,2.77601
554,10.5982,2.295,10,2.58,0.0671035,2.952
555,10.6394,2.83036,10,3.15333,0.0666257,2.85462
556,9.74881,3.07968,10,3.21333,0.0660352,2.93216
557,9.82198,2.54107,10,2.68667,0.0633768,2.98737
558,9.7755,2.65623,9,2.96667,0.065406,3.04367
559,9.62258,2.14002,10,2.46,0.0667999,3.12096
560,8.65325,2.94405,9,3.21333,0.0673364,3.13837
561,9.6744,3.21494,9,3.52,0.0685965,3.21771
562,8.81274,3.0039,9,3.44667,0.0674986,2.96198
563,8.55227,2.15742,9,2.81333,0.0667338,3.48279
564,9.80423,2.54366,10,3.01333,0.0696699,3.22714
565,9.71995,2.45955,10,3.06,0.0685655,3.62837
566,9.78597,2.41958,10,2.53333,0.0669896,3.55555
567,10.8105,2.55642,10,2.87333,0.0695476,3.64292
568,10.8017,2.79903,10,2.99333,0.0659784,2.83156
569,8.81497,2.76783,10,3.09333,0.0719166,3.38856
570,9.78479,2.87209,10,3.15333,0.0676041,3.19011
571,10.665,3.275,10,3.58667,0.0680411,3.37192
572,9.8117,2.98626,9,3.28667,0.0623111,3.17088
573,9.70688,3.1971,9,3.46,0.0687656,3.42103
574,9.72309,3.3624,10,3.46667,0.0682684,3.03873
575,9.70838,3.11355,10,3.36667,0.0689448,3.4697
576,8.74128,2.93343,9,3.32,0.0669526,3.47241
577,9.78976,3.74656,10,3.92,0.0677145,3.32009
578,7.76365,2.94015,8,3.12,0.0707725,3.47871
579,9.769,3.08976,9,3.2,0.0677949,3.25639
580,9.73557,2.89188,10,2.98667,0.0651492,3.38531
581,9.69926,2.96025,10,3.16667,0.0678186,3.44629
582,9.67195,2.69474,10,2.97333,0.0655119,3.3959
583,9.72557,2.76066,9,2.95333,0.0691677,3.62939
584,9.76694,3.24438,10,3.61333,0.0695834,3.33753
585,9.67343,2.46364,10,2.86667,0.0680879,3.61327
586,8.69715,2.4788,9,2.66,0.0649528,3.39727
587,10.6441,2.80935,10,2.90667,0.0680151,3.21244
588,10.7238,2.82145,10,3.09333,0.0658508,3.30846
589,10.814,3.1671,10,3.6,0.069963,3.03032
590,9.7933,2.85862,10,2.88,0.0675526,2.98681
591,10.8777,3.41548,10,3.88,0.0678113,2.77773
592,9.77734,2.78902,10,2.99333,0.069195,3.1628
593,9.83617,3.17804,10,3.35333,0.070275,3.01497
594,10.6239,2.97912,10,2.83333,0.0690987,3.12775
595,10.6907,3.69312,10,4.05333,0.070584,3.18129
596,10.7443,3.14438,10,3.08,0.0749229,3.35621
597,8.71616,2.4439,9,2.66,0.0650796,3.3889
598,9.68977,2.26629,10,2.60667,0.0641061,3.19914
599,8.74668,2.56457,9,2.56,0.0645358,2.86462
600,10.6186,2.47589,10,2.63333,0.0650139,3.06649
601,10.6887,3.1964,10,3.38667,0.0665086,3.21392
602,9.79477,2.89198,10,3.14,0.0658389,3.28713
603,10.6643,3.2308,10,3.41333,0.0667585,2.87604
604,9.74797,3.32229,10,3.46667,0.0678075,3.35524
605,10.7113,3.30076,10,3.5,0.0672614,3.01172
606,10.7121,3.13277,10,3.53333,0.0699016,3.11237
607,10.6844,3.13538,10,3.46,0.0692633,3.18449
608,9.61557,2.206,9,2.38667,0.0690306,3.20073
609,10.7323,2.91275,10,3.22,0.0750697,3.20666
610,10.6917,2.96616,10,3.29333,0.0660723,3.30525
611,8.63359,2.47082,9,2.80667,0.0649735,3.64064
612,10.6835,3.26477,10,3.44,0.0699042,3.3738
613,10.6229,3.16942,10,3.50667,0.0710188,3.60643
614,9.79198,3.40974,10,3.66667,0.0682397,3.2584
615,10.7693,3.40909,10,4.04,0.0693128,3.37176
616,10.6159,2.71164,10,2.94667,0.066468,3.71784
617,10.6036,2.30797,10,2.38667,0.0696424,3.7429
618,10.6857,3.0957,10,3.34667,0.0747691,3.45075
619,9.79417,2.64379,10,2.99333,0.069033,3.35445
620,10.7542,2.81994,10,3.13333,0.0684526,3.41906
621,10.6763,2.91371,10,3.02667,0.0662196,3.425
622,10.6916,3.2158,10,3.64,0.0721793,3.84034
623,10.7545,3.69035,10,3.82,0.0752227,3.55314
624,9.66464,3.02506,10,3.26,0.0687586,3.58575
625,10.7083,3.09309,10,3.3,0.0686789,3.28775
626,10.8009,3.44318,10,3.64667,0.0639455,3.33845
627,10.771,3.44692,10,3.88667,0.0674647,3.44097
628,10.6744,3.17835,10,3.61333,0.0656312,3.16185
629,10.7255,3.13006,10,3.49333,0.0722295,3.12745
630,9.75352,2.54659,10,2.87333,0.0661355,3.46422
631,9.71962,3.19502,10,3.36667,0.0667347,3.28856
632,10.7609,2.9055,10,3.16,0.0681268,3.42676
633,10.779,3.73075,10,4.08667,0.0670377,3.31967
634,9.63884,2.49975,10,2.81333,0.0673003,3.64996
635,9.6688,2.64601,10,2.93333,0.069109,3.66831
636,9.77827,2.77229,10,3.36,0.0694276,3.59521
637,10.6393,2.47251,10,2.74,0.0675403,3.53229
638,10.8292,2.72928,10,3.01333,0.0678173,3.17919
639,10.704,2.84555,10,3.12667,0.0656601,3.14618
640,10.5963,2.54482,10,2.93333,0.0684907,3.38485
641,10.7816,2.59962,10,3.08667,0.0672653,3.30591
642,10.8181,2.88603,10,3.38,0.0705213,3.47674
643,9.7421,2.98234,10,3.24667,0.0679317,3.56112
644,10.6688,2.97297,10,3.42,0.0702574,3.54597
645,10.6992,2.51434,10,2.90667,0.0638884,3.52762
646,9.64416,2.74938,10,3.24667,0.0694783,3.43735
647,10.6272,2.64028,10,3.02,0.073215,3.80896
648,10.6934,2.7658,10,3.04667,0.0664791,3.38435
649,10.6546,2.7137,10,3.28667,0.074219,3.58396
650,10.7622,3.03438,10,3.37333,0.067705,3.25077
651,10.697,2.62507,10,3.10667,0.0689301,3.2504
652,9.74485,2.18936,10,2.68,0.0667563,3.16309
653,9.63871,2.27859,10,2.76667,0.0666997,3.33519
654,9.65539,2.43019,10,2.67333,0.0671659,3.42412
655,10.7405,2.95052,10,3.41333,0.0714859,3.20214
656,9.71972,2.50354,10,2.64,0.0667282,3.20242
657,10.6992,2.5107,10,2.69333,0.0682334,3.26273
658,10.6917,2.15879,10,2.16667,0.064946,3.05725
659,10.6723,2.39694,10,2.47333,0.0638983,3.0634
660,10.7101,2.34256,10,2.26,0.0666122,3.26427
661,10.7772,2.95508,10,2.84667,0.0662917,3.00447
662,9.72736,2.43072,9,2.52667,0.0671315,3.17982
663,10.6846,3.26496,10,3.46,0.0706786,2.97994
664,10.5579,2.9251,10,3.18667,0.069763,3.23319
665,9.69006,2.4603,10,2.54,0.0642516,3.09255
666,9.67081,2.34582,9,2.56,0.0661538,3.29565
667,10.5778,2.78184,10,3.00667,0.0708775,3.13116
668,10.7878,2.38821,10,2.52667,0.0666566,3.22674
669,10.7687,3.16579,10,3.2,0.0714397,3.1603
670,10.7197,2.90174,10,3.25333,0.069293,3.23356
671,10.5702,3.0148,10,3.21333,0.067844,3.20393
672,10.7707,3.51938,10,3.68667,0.0709688,3.1643
673,10.7672,3.29294,10,3.54,0.0652317,2.72557
674,9.68637,2.82042,9,3.00667,0.0665602,2.87168
675,10.7473,3.40593,10,3.86667,0.0737704,3.35014
676,10.8265,3.07722,10,3.41333,0.0635751,3.16341
677,9.62307,2.22939,10,2.6,0.0696958,3.42497
678,9.70404,2.68702,10,2.88,0.0658473,3.19271
679,10.7429,3.01058,10,3.51333,0.0758089,3.26975
680,10.7909,3.16451,10,3.43333,0.0670637,3.27509
681,10.8145,3.40905,10,3.64,0.0667506,2.83376
682,9.78496,2.96779,10,3.15333,0.0689644,3.15003
683,8.6122,1.97818,8,2.18,0.0654021,3.14623
684,10.7401,2.69185,10,3.13333,0.0695953,2.90488
685,10.7011,3.50666,10,3.92,0.0692173,2.86363
686,7.7774,1.9978,9,2.50667,0.0657551,3.1043
687,8.7641,1.92653,9,2.26,0.070047,2.93711
688,9.79257,2.74802,10,2.98,0.0678085,3.15129
689,9.66786,2.38091,10,2.72,0.0665975,3.02889
690,9.81963,2.34032,10,2.69333,0.0714484,3.10989
691,10.7638,2.62454,10,2.78667,0.062879,2.54589
692,10.7921,3.22682,10,3.72667,0.0675228,3.28418
693,10.7683,3.16482,10,3.39333,0.0664638,2.74345
694,10.7249,2.40682,10,2.57333,0.0684746,3.27457
695,8.81176,2.88525,10,3.14667,0.0698387,3.27059
696,10.6931,2.90765,10,3.17333,0.0691263,2.98398
697,10.6921,2.95408,10,3.17333,0.0661521,2.624
698,10.7326,3.23847,10,3.56667,0.0683981,2.95335
699,10.7533,3.1258,10,3.44667,0.0627947,2.78585
700,9.69625,2.75946,9,2.83333,0.0706377,3.40061
701,9.6446,2.93002,9,3.11333,0.0699553,3.05959
702,9.73215,2.47054,10,2.79333,0.0701388,3.01189
703,8.73567,2.8392,10,3.08,0.0688857,3.00596
704,9.71785,3.10812,10,3.61333,0.0655877,2.88307
705,9.76175,2.7503,10,2.96667,0.0668341,2.93784
706,9.76132,2.59642,9,2.51333,0.0698475,3.05241
707,9.73591,2.62172,10,2.73333,0.0641928,2.85896
708,10.7498,3.5378,10,3.76,0.0676817,2.85268
709,8.63429,2.31281,9,2.46667,0.066019,2.89489
710,9.76409,2.85958,10,2.96,0.0685265,2.75778
711,8.74151,2.79505,9,2.92,0.0701664,3.24247
712,9.80385,2.93068,10,2.99333,0.0670346,2.93315
713,9.77452,2.55734,9,2.76667,0.0667907,2.90556
714,9.71596,2.19313,9,2.28667,0.0685292,2.80325
715,9.67904,2.61616,9,2.72667,0.0672889,3.19647
716,10.6941,2.80971,10,3.05333,0.06811,2.88263
717,10.7885,3.27619,10,3.46,0.0705804,3.03725
718,9.62644,2.70711,10,2.68,0.0647253,3.11251
719,9.71028,2.71941,10,2.72,0.0679496,3.18309
720,10.7047,3.00617,10,3.10667,0.0694105,3.18304
721,10.6103,3.17934,10,3.19333,0.0672498,3.17222
722,10.8081,3.34664,10,3.46667,0.0688967,2.54681
723,10.6788,3.04183,10,3.16,0.0692772,2.95968
724,10.6571,3.04034,10,3,0.0685985,3.06482
725,10.6988,3.395,10,3.16667,0.0663864,2.79772
726,10.7347,3.11683,10,3.16667,0.0644798,2.91158
727,10.6958,3.00106,10,2.84667,0.064104,2.91881
728,9.75947,3.37775,10,3.41333,0.066683,3.00181
729,9.63827,2.74601,10,2.70667,0.0680233,3.14343
730,9.74308,2.51532,10,2.61333,0.0658002,2.84874
731,9.70274,2.55476,10,2.46667,0.0661485,2.99215
732,10.6825,3.09508,10,3.04667,0.0669953,3.00114
733,10.7848,3.44972,10,3.38,0.0689868,2.65809
734,10.7337,3.50688,10,3.61333,0.0683972,3.15595
735,10.8073,3.48498,10,3.56,0.0684469,2.7554
736,10.8055,3.55139,10,3.62667,0.0690195,3.14582
737,10.8517,3.56376,10,3.64667,0.0673076,2.92316
738,10.6945,2.85399,10,2.77333,0.0646572,2.8254
739,9.67759,2.40735,9,2.39333,0.0662852,3.12746
740,10.8094,2.92615,10,2.89333,0.0643546,2.77078
741,10.6606,2.90242,10,2.88,0.0678374,2.85272
742,10.778,3.46245,10,3.40667,0.0703275,2.98199
743,9.76085,2.79924,10,2.70667,0.0667793,3.00735
744,10.8048,3.3251,10,3.34667,0.0673055,2.81949
745,10.8099,3.55306,10,3.61333,0.069655,3.08345
746,10.7477,3.18253,10,3.24,0.0661077,2.75772
747,10.8585,3.47673,10,3.82,0.0672723,2.59117
748,10.7785,2.90112,10,2.88667,0.0682439,3.04346
749,10.7186,3.67247,10,3.63333,0.0728552,2.96875
750,9.68622,3.34029,10,3.27333,0.0710935,3.07821
751,10.7893,3.37058,10,3.52667,0.0676373,2.80013
752,10.7117,3.59989,10,3.62667,0.0705179,3.05572
753,10.7127,3.61541,10,3.6,0.0671222,3.17979
754,9.71231,3.10283,9,2.96667,0.0639128,3.10875
755,10.7049,3.20786,10,3.25333,0.0682139,3.08782
756,10.7806,3.52728,10,3.58667,0.0653027,2.84579
757,10.8061,4.12046,10,4.11333,0.066275,2.66132
758,10.7707,3.9307,10,3.92667,0.0688071,3.03331
759,9.81308,3.66535,10,3.68667,0.0670905,3.14301
760,10.7764,3.45343,10,3.61333,0.0746497,3.27434
761,10.7776,3.4665,10,3.54667,0.0691905,3.36747
762,10.689,3.15164,10,3.14,0.0673338,3.02589
763,9.73227,2.98742,9,2.98,0.0686938,3.1741
764,9.8169,3.29689,10,3.36667,0.074681,3.18194
765,10.7979,3.94481,10,4.02667,0.0712446,2.92858
766,10.6207,2.9535,10,2.92,0.0658812,2.98128
767,9.68026,3.10771,9,3.00667,0.0656042,3.06288
768,9.76461,3.27735,9,3.48667,0.065278,2.8098
769,10.7247,2.75094,10,2.81333,0.0637351,3.12362
770,10.5368,3.29574,10,3.40667,0.0655328,3.03278
771,9.65788,2.76678,9,2.92,0.0662165,3.00345
772,10.7741,3.51802,10,3.64,0.0703502,3.32461
773,8.64909,2.53317,8,2.50667,0.0636455,3.35101
774,9.66768,2.63819,10,2.76667,0.0677649,3.0454
775,10.6659,2.97769,10,3.17333,0.0703035,3.30672
776,10.7898,3.43674,10,3.57333,0.0677947,3.07987
777,10.6412,3.47053,10,3.49333,0.0716573,3.40447
778,10.7135,2.82441,10,3.06667,0.0633258,2.96215
779,10.7025,3.28214,10,3.38,0.068797,3.24303
780,10.779,3.13283,10,3.18,0.0738852,3.33243
781,10.8023,3.11282,10,3.26667,0.0679519,3.35615
782,10.7425,3.39044,10,3.62,0.0658139,3.21138
783,9.69566,3.18559,9,3.34,0.0683224,3.2914
784,10.7143,3.11301,10,3.2,0.0659037,3.3474
785,10.733,3.2421,10,3.25333,0.0695011,3.21583
786,10.7427,2.85571,10,3.18667,0.0723527,3.20655
787,9.73429,2.51445,10,2.55333,0.073574,3.27164
788,8.70385,2.85668,9,2.75333,0.0637111,3.21982
789,8.80544,3.13117,9,3.28,0.0659598,2.97597
790,10.7546,3.00739,10,3.48667,0.067401,2.89329
791,10.7687,3.96632,10,4.06,0.0670968,3.29341
792,9.78035,3.39135,10,3.56667,0.0635895,3.17299
793,10.7259,3.35825,10,3.42667,0.0673229,3.3423
794,9.79426,3.44912,10,3.61333,0.0671821,3.28672
795,9.70073,3.27364,9,3.33333,0.0658026,3.28427
796,9.62487,2.58064,10,2.70667,0.0675134,3.57332
797,8.82556,3.0232,10,3.18667,0.066885,3.29119
798,10.816,2.9502,10,3.04667,0.0690719,3.20244
799,9.79629,3.16576,10,3.38667,0.0669062,3.03879
800,10.6952,2.85129,10,3.16,0.0678945,3.44897
801,10.7736,3.54724,10,3.72,0.0663571,2.98913
802,10.6513,3.17827,10,3.26667,0.0705136,2.77126
803,9.71047,3.46234,9,3.63333,0.0654183,2.63174
804,9.64311,3.15355,9,3.44,0.0673246,3.03571
805,9.80446,3.84597,10,4.00667,0.0661672,2.71345
806,9.75529,3.05794,9,3.15333,0.0750963,3.13721
807,9.76018,2.8212,10,3.12667,0.0679842,3.12794
808,10.7788,3.49786,10,3.8,0.0662166,2.94733
809,10.7593,3.72177,10,3.93333,0.077127,2.93358
810,10.7816,3.12516,10,3.25333,0.0868871,3.2647
811,9.73384,2.88518,9,2.94,0.0659442,3.49597
812,10.7508,3.76537,10,3.80667,0.06792,3.0324
813,10.7888,3.75767,10,4.03333,0.0658956,2.88503
814,9.67542,2.93166,9,2.92667,0.0639299,3.14731
815,10.7629,3.33837,10,3.19333,0.0788654,3.33276
816,9.65355,2.90403,10,3.02,0.0730711,3.07776
817,9.65737,3.00828,9,2.94,0.0617866,2.8056
818,10.7727,3.22361,10,3.22667,0.0666938,3.19066
819,9.712,2.68076,9,2.8,0.0651581,2.95358
820,8.71947,2.76925,9,2.83333,0.0712326,3.39516
821,9.80262,3.2676,10,3.4,0.0694674,3.15243
822,9.7428,3.02531,10,3.10667,0.0688976,3.27522
823,8.71421,2.58257,9,2.89333,0.0660569,3.05219
824,9.70222,2.77556,10,2.74667,0.0649465,2.88252
825,9.70169,3.23459,9,3.14667,0.0822929,3.32244
826,8.77807,3.28189,9,3.60667,0.0671815,3.20923
827,10.7848,3.4731,10,3.64667,0.0640235,2.74737
828,10.7429,3.85997,10,3.84,0.0684566,3.21282
829,10.7046,4.43275,10,4.43333,0.0722907,3.40108
830,10.8417,3.57635,10,3.76667,0.0655406,3.02233
831,10.7167,4.06064,10,4.11333,0.0697102,2.95033
832,10.7665,3.75805,10,3.9,0.0711126,3.20851
833,9.91278,3.57645,10,4.00667,0.0708136,2.87878
834,10.799,3.9466,10,4.41333,0.0743706,2.82253
835,9.78251,3.58041,10,4.01333,0.0749042,3.14334
836,9.85688,3.60353,10,3.82,0.0695671,2.86
837,9.72608,3.31143,9,3.58,0.0636395,3.15011
838,9.73848,2.71248,9,2.68667,0.112088,3.05376
839,9.68075,2.85661,10,3.1,0.0840931,3.49987
840,10.728,3.68002,10,4.09333,0.0663731,2.86339
841,9.81346,3.22129,10,3.53333,0.0669988,2.91932
842,10.792,3.0147,10,3.11333,0.0646934,2.78143
843,9.75104,3.38143,10,3.72667,0.0697633,3.26242
844,8.68505,2.89186,9,3.16667,0.0666299,3.17892
845,10.7278,3.65606,10,3.74,0.0673395,3.17778
846,7.73914,2.7223,8,2.88,0.0761543,3.4701
847,10.5954,3.23073,10,3.65333,0.0688878,3.18461
848,9.6616,2.75344,9,3.07333,0.0665282,3.31005
849,10.8089,3.85977,10,3.91333,0.0712119,3.13282
850,8.78819,2.74049,10,3.24,0.067085,3.20948
851,10.6574,3.62654,10,3.81333,0.0957863,3.25231
852,9.76428,3.21682,9,3.53333,0.0669128,3.08393
853,10.8601,4.14721,10,4.56667,0.0874591,3.25098
854,9.79999,3.54898,10,3.76667,0.0701494,3.19958
855,9.7775,3.51716,10,3.88,0.0668148,3.10688
856,9.71752,3.16512,10,3.49333,0.0697011,3.18818
857,10.788,3.57611,10,3.9,0.0679856,3.04718
858,10.7969,2.88304,10,3.06,0.066909,3.2992
859,9.55214,2.88326,9,3.19333,0.0671284,3.12796
860,8.66744,2.35765,9,2.73333,0.0650573,3.48672
861,8.62631,2.63001,8,2.84667,0.0653386,3.39663
862,10.8047,3.56862,10,3.85333,0.0667662,2.92569
863,9.76133,3.93285,10,4.15333,0.0687221,3.23982
864,10.7283,3.86085,10,4.25333,0.0692795,2.97961
865,8.73086,2.90914,9,3.16,0.0675539,3.13431
866,8.58549,3.14019,8,3.48667,0.0800023,3.43403
867,10.8075,4.2859,10,4.41333,0.0675243,2.94902
868,10.6101,3.81382,10,4.22,0.0678687,2.91026
869,10.7486,3.62425,10,4.14667,0.0688385,2.75145
870,9.76051,2.44699,9,2.72,0.068272,3.38737
871,10.6913,3.3099,10,3.66667,0.0703072,3.11537
872,8.7472,3.09854,9,3.32,0.066404,2.92303
873,10.8533,3.38179,10,3.58,0.0689038,2.90365
874,9.76608,3.01679,10,3.19333,0.0676242,3.3887
875,9.75829,3.70711,10,3.88667,0.0714597,3.51585
876,10.8155,3.45043,10,3.86,0.0689404,2.89158
877,9.8304,3.34896,10,3.52667,0.0685228,3.17133
878,9.56655,2.82509,9,3.26,0.0678247,3.46639
879,9.83707,3.24574,10,3.63333,0.0734138,3.19175
880,10.8,3.57511,10,3.93333,0.0667258,2.88155
881,10.6204,3.6064,10,3.75333,0.0688889,3.06166
882,8.65182,3.04464,8,3.16,0.0641903,3.10915
883,9.72379,3.50183,10,3.78,0.068203,3.01038
884,10.8635,3.80087,10,3.92667,0.0718261,3.12813
885,10.6013,3.19076,10,3.64667,0.06633,3.02669
886,10.7623,3.31587,10,3.85333,0.0711312,3.20945
887,9.72237,3.31034,9,3.55333,0.0664952,3.13595
888,10.7008,3.50738,10,3.68667,0.0703897,3.23168
889,10.7262,3.12892,10,3.3,0.0675991,2.80572
890,10.7151,3.74932,10,3.91333,0.0728158,3.07651
891,9.72685,3.48005,10,3.98,0.0685361,2.98921
892,9.83034,3.2075,9,3.34,0.0725957,3.43557
893,9.67274,2.33139,9,2.32667,0.0672709,2.98073
894,8.76785,2.89725,10,3.21333,0.0673761,2.93717
895,10.814,2.85203,10,3.24667,0.070467,3.45842
896,8.76923,2.84702,9,2.99333,0.068006,3.07572
897,9.76721,2.76611,10,2.87333,0.0693555,3.28861
898,10.7795,3.23438,10,3.43333,0.0680749,2.85288
899,10.8016,3.33074,10,3.71333,0.0677958,2.84303
900,9.71892,2.63956,9,2.85333,0.066331,3.0647
901,9.75715,2.69196,10,3.07333,0.0674897,3.1546
902,10.8063,3.02328,10,3.40667,0.0697639,3.14418
903,9.7553,2.87282,10,3.12,0.0730557,3.16459
904,10.8258,3.18132,10,3.22667,0.0706488,3.40026
905,9.78504,2.9638,10,3.14,0.0665476,3.04485
906,9.72131,2.97703,10,3.14667,0.0693306,3.46975
907,9.78513,2.67239,10,3.05333,0.183484,3.45091
908,10.7432,2.72883,10,2.88667,0.0648307,2.79662
909,10.7262,2.61379,10,2.95333,0.0716591,3.17007
910,9.65399,2.78911,9,3.34,0.0709454,3.12937
911,10.7504,2.76671,10,3.04667,0.0674778,3.29441
912,10.663,3.0373,10,3.27333,0.072115,3.22289
913,10.6906,2.73816,10,2.92,0.0673885,3.10927
914,10.661,3.4607,10,3.63333,0.063164,2.85641
915,9.65204,3.1555,10,3.53333,0.0678394,3.27949
916,9.71336,2.64141,9,2.8,0.0639356,2.87645
917,10.7589,3.66691,10,4.14,0.0694285,3.02632
918,9.76551,2.56051,10,2.87333,0.0670967,3.26805
919,10.7699,2.99262,10,3.14,0.0649799,2.92114
920,10.819,3.47247,10,3.80667,0.0687889,3.22456
921,8.63157,2.29619,8,2.54667,0.0635756,3.32768
922,9.73904,3.08316,9,3.36667,0.063813,3.32727
923,9.71345,3.36459,9,3.55333,0.0657426,2.95931
924,9.72651,3.02811,9,3.45333,0.0656534,3.4922
925,9.77214,3.49722,9,3.85333,0.0668349,3.14994
926,10.8024,3.5497,10,4.09333,0.0677257,3.08988
927,10.6325,3.23102,10,3.72667,0.0674462,3.20599
928,10.7517,3.25867,10,3.55333,0.0689907,3.10905
929,9.77868,2.61625,9,3.05333,0.0716919,3.61035
930,9.72178,2.93609,9,2.99333,0.06995,3.41098
931,9.67933,2.79054,9,3.06667,0.0696116,3.45559
932,9.5796,3.54786,9,3.76667,0.0702957,3.43865
933,10.8509,3.75281,10,4.04,0.0670261,3.253
934,10.7747,3.91933,10,4.12667,0.0664637,3.09986
935,10.8392,3.69258,10,3.88,0.0677309,3.22922
936,10.6183,3.25136,10,3.32,0.0659059,3.09839
937,10.8262,3.83452,10,4.1,0.0714786,3.26356
938,10.7308,2.91573,10,3.23333,0.0655142,3.44016
939,10.7841,3.01973,10,3.38,0.0721902,3.39219
940,10.7024,3.08846,10,3.45333,0.0645001,2.92776
941,9.78966,3.52008,9,3.93333,0.0687539,2.7868
942,9.79497,3.09282,10,3.34667,0.0661041,3.25986
943,9.81305,3.65036,10,3.94,0.0653187,3.07419
944,10.7196,4.07281,10,4.24,0.067798,3.16156
945,8.73381,2.75585,10,2.91333,0.066588,3.48555
946,10.7903,3.985,10,4.32,0.0668166,3.28866
947,9.81007,3.84266,10,4.5,0.0705611,3.19138
948,9.75819,3.48674,9,3.82,0.0685101,2.90171
949,10.7279,4.0895,10,4.38,0.0662994,2.95586
950,10.7531,4.09217,10,4.26667,0.0654889,2.88192
951,10.8066,4.49887,10,4.69333,0.0697438,2.9871
952,10.7203,3.9087,10,4.1,0.0693466,3.14702
953,10.6219,4.05467,10,4.21333,0.0696935,2.9904
954,10.7502,3.61721,10,3.95333,0.0691994,3.31957
955,10.8001,4.11101,10,4.4,0.0714267,3.21626
956,10.723,3.59433,10,3.86,0.0664438,3.21199
957,10.6497,3.19768,10,3.62667,0.0671594,3.37958
958,9.69463,3.32628,10,3.62667,0.0681653,3.36762
959,10.8134,3.87944,10,4.22,0.0686938,3.0461
960,10.6374,3.5331,10,3.84667,0.0695185,3.45337
961,10.7736,4.23162,10,4.54,0.0677032,3.04756
962,9.6489,3.59943,10,3.9,0.0673851,3.25183
963,10.6261,3.43673,10,3.58,0.067021,3.00825
964,9.76562,3.04219,10,3.22667,0.0649157,2.81716
965,9.66611,3.93819,9,4.08,0.0655067,3.2892
966,10.7013,3.86628,10,3.92,0.0654684,3.18682
967,10.7336,3.64566,10,3.96,0.0642443,2.90987
968,9.6645,3.43948,10,3.84,0.0667167,3.09799
969,9.75788,3.57349,10,3.85333,0.0722647,3.27689
970,10.6924,3.79131,10,3.98,0.0684746,3.1685
971,10.7751,3.80247,10,4.07333,0.066645,3.10717
972,9.69195,3.03207,9,3.12,0.0634446,3.32014
973,9.78948,3.97788,9,4.29333,0.0669502,2.98944
974,10.8105,4.00178,10,4.32,0.0643934,2.72609
975,9.62958,2.92658,9,3.14,0.0657367,3.45888
976,10.7639,3.61469,10,4.01333,0.0691098,3.27816
977,10.7035,3.7651,10,4.10667,0.0770406,3.12881
978,9.74212,3.29708,10,3.39333,0.0681262,3.22737
979,10.8023,3.50336,10,3.65333,0.0668768,2.75932
980,10.7194,2.49808,10,2.77333,0.0649397,3.15229
981,9.7648,3.60921,10,3.82667,0.0677332,2.78546
982,10.6282,3.46,10,3.84667,0.0701668,3.26842
983,10.6913,3.44926,10,3.94667,0.0621784,2.62304
984,9.70572,3.1115,10,3.36,0.0663171,2.92244
985,8.75292,2.49569,9,2.62667,0.0667921,3.17594
986,10.7383,3.66349,10,4.20667,0.0690905,3.00492
987,10.7054,3.67593,10,4.04667,0.0677087,3.3467
988,10.8085,3.14899,10,3.39333,0.0674395,3.34528
989,10.7323,3.7452,10,4.25333,0.0710994,3.37717
990,10.7129,2.53824,10,2.92667,0.069281,3.5956
991,10.7561,3.30583,10,3.8,0.0660349,3.10923
992,9.75066,3.43446,10,3.60667,0.0669379,3.11625
993,10.728,3.03114,10,3.27333,0.0699471,3.36591
994,10.7167,2.90139,10,3.48,0.0714292,3.19642
995,9.62935,3.20532,9,3.53333,0.0684042,3.0537
996,10.7169,2.81569,10,3.24667,0.0705016,3.23117
997,10.7443,3.45219,10,4.12,0.0717233,3.06405
998,10.7498,3.84246,10,4.34667,0.0691281,2.61099
999,10.7938,3.55222,10,4.02667,0.0643786,2.81831
1000,10.7443,3.81186,10,4.48,0.0711303,3.00234
