1,1.59346,0.224116,5,0.12,0.0699274,1.01427
2,3.63079,0.414459,5,0.38,0.0669134,1.02595
3,5.75773,0.277905,5,0.646667,0.0677451,0.98921
4,5.7826,0.625297,5,0.62,0.0681123,0.830111
5,3.72319,0.41156,3,0.22,0.0697744,0.87242
6,6.61636,0.447943,6,0.273333,0.0652278,0.750516
7,7.68568,0.466095,7,0.213333,0.0675899,0.592968
8,3.5727,0.425043,6,0.2,0.0685971,0.745767
9,2.35156,0.413862,7,0.226667,0.068676,0.738919
10,6.67955,0.436754,8,0.273333,0.0663501,0.807886
11,5.76531,0.515755,5,0.346667,0.0644937,0.806882
12,5.60359,0.600945,6,0.333333,0.0661696,0.96903
13,2.50171,0.390943,3,0.14,0.0641077,0.832377
14,3.56104,0.445771,6,0.26,0.0667952,0.888403
15,6.58389,0.594336,8,0.433333,0.0679688,0.879658
16,1.61257,0.416956,3,0.206667,0.0665987,0.971755
17,4.59327,0.48454,7,0.246667,0.0650301,1.04054
18,6.51244,0.500164,6,0.32,0.0717683,1.30303
19,5.57706,0.533518,7,0.38,0.0677086,1.07546
20,4.7232,0.543212,7,0.466667,0.0656141,1.15982
21,7.62902,0.790685,8,0.646667,0.0674854,1.158
22,5.61515,0.731501,8,0.82,0.069532,1.41854
23,5.60675,0.668504,7,0.593333,0.0692133,1.40519
24,5.66847,0.795863,6,0.793333,0.0696687,1.40304
25,7.66995,0.602386,8,0.66,0.0677945,1.38137
26,4.65667,0.677398,5,0.633333,0.0669167,1.53753
27,5.55625,0.547082,6,0.553333,0.0676148,1.44961
28,8.62479,0.573021,9,0.46,0.0669264,1.16008
29,8.56191,0.79663,8,0.693333,0.0674335,1.40527
30,4.58988,0.775446,7,0.653333,0.0659822,1.53001
31,6.62565,0.907966,6,0.753333,0.0697829,1.96687
32,6.55517,0.849982,6,1.04,0.0647078,1.72906
33,6.51524,1.00098,6,0.973333,0.0665567,2.04746
34,6.53416,0.878084,6,1.04,0.0640561,2.003
35,7.5486,1.19327,8,1.18667,0.0703792,2.38646
36,7.50518,0.979839,7,1.03333,0.0674955,2.27682
37,4.764,0.889374,7,1.06,0.0652482,1.88618
38,6.64633,1.29693,7,1.66,0.0682245,2.92952
39,5.70364,1.11166,7,1.32,0.0685716,2.8534
40,7.50399,1.2142,7,1.33333,0.0701414,2.18568
41,6.62396,1.36397,6,1.58,0.0674135,2.51468
42,6.54528,1.29162,6,1.29333,0.0678939,2.89871
43,8.61861,1.67152,8,1.74667,0.0686692,2.64332
44,6.53225,1.42624,7,1.56,0.0650927,2.967
45,7.67103,1.61793,10,1.85333,0.067053,2.58758
46,7.65965,1.54532,8,1.78,0.0675891,2.74158
47,6.60945,1.64889,7,1.64,0.0655901,2.86165
48,6.676,1.47129,7,1.60667,0.0613048,2.69968
49,8.71884,1.74874,10,2.32,0.0712236,2.53364
50,7.8145,1.49288,9,2.16,0.0699253,2.93229
51,6.56208,1.34238,8,1.78667,0.067903,2.57781
52,5.59226,1.27537,8,1.5,0.069899,2.53318
53,5.71782,1.26258,8,1.61333,0.0647703,2.32993
54,6.64129,1.12282,7,1.37333,0.0647788,2.41935
55,8.70082,1.28375,8,1.29333,0.0659186,2.29291
56,9.60581,1.78524,9,2.17333,0.0710492,2.46867
57,8.64186,1.55038,10,1.94667,0.070747,2.36084
58,7.75448,1.92517,8,2.2,0.068513,2.54457
59,8.65298,1.45308,8,1.69333,0.0670401,2.81684
60,8.63961,1.60462,8,2.01333,0.0664486,2.18054
61,7.55489,1.73688,7,2.25333,0.0666106,2.77347
62,4.59307,1.49452,6,1.52667,0.0628227,2.83276
63,7.58403,1.61979,7,1.86,0.0643799,2.9418
64,7.62002,1.9462,8,2.22667,0.0688234,3.01823
65,7.55176,2.00848,7,2.26,0.0692807,2.63296
66,6.53616,1.63415,7,1.66667,0.0682895,2.85297
67,9.56922,2.32007,9,2.58667,0.069103,2.65532
68,8.60006,1.92331,8,1.98,0.0678085,3.17057
69,8.61911,1.76897,8,1.9,0.0644272,3.03469
70,8.60649,2.07699,9,2.41333,0.0688202,2.88542
71,8.72246,2.23579,10,2.56667,0.0702035,2.89209
72,7.62513,2.14004,7,2.51333,0.0673475,3.05857
73,8.7043,2.54366,9,2.84667,0.0667594,2.76298
74,8.637,2.18288,10,2.74,0.0663775,2.95831
75,7.58528,1.88416,7,2.12667,0.067107,3.15162
76,8.69346,1.752,9,1.84,0.0676781,3.01016
77,7.59889,1.51882,8,1.66667,0.0702658,3.31186
78,8.68977,1.78742,8,2.26667,0.0679226,2.7685
79,7.62318,1.79616,7,1.95333,0.0703519,3.38674
80,9.70972,2.15413,10,2.46,0.0650453,2.83516
81,7.72248,1.85969,9,2.19333,0.068094,2.91508
82,10.5065,2.18585,10,2.81333,0.068956,2.66775
83,8.70699,2.05664,9,2.27333,0.0673418,2.72665
84,7.70045,2.22656,9,2.79333,0.066196,3.09931
85,7.62465,1.91207,8,2.2,0.0709391,3.48336
86,7.69654,2.47654,8,2.64,0.0619511,2.93772
87,9.52293,2.57562,9,2.69333,0.0661999,2.96295
88,7.59954,1.92318,8,2.11333,0.0701927,3.50711
89,7.64682,2.47025,8,2.96667,0.0691988,3.26273
90,7.66172,2.1732,10,2.42,0.0651143,2.70396
91,7.76749,2.45002,9,2.81333,0.0707045,3.0221
92,7.52462,2.22151,8,2.41333,0.0672669,3.1893
93,7.65721,2.29683,8,2.55333,0.0689255,3.14789
94,8.48858,1.93184,8,2.3,0.068246,3.53928
95,7.71171,2.20313,9,2.6,0.0731511,3.57068
96,8.70307,1.77975,9,1.96667,0.0648044,3.2847
97,8.57238,2.19404,9,2.64667,0.0687221,3.13675
98,9.64123,2.2002,9,2.52667,0.0707678,3.33297
99,7.75075,2.11352,8,2.46,0.0687179,3.50008
100,8.66655,1.91827,8,2.41333,0.0684854,3.17712
101,9.63041,2.37619,9,2.67333,0.0704653,3.4879
102,10.7153,2.18467,10,2.56667,0.0666976,3.35781
103,9.78859,2.43227,9,2.89333,0.0688417,3.27295
104,8.65363,1.97401,8,2.38667,0.0668621,3.26627
105,7.85332,1.67003,10,1.92,0.0659642,3.12726
106,9.67384,1.87785,9,2.13333,0.0697797,3.35507
107,9.66289,1.86734,9,2.09333,0.0687934,3.18563
108,9.69161,2.24871,10,2.50667,0.0678172,3.05812
109,9.77177,2.55657,10,3.02667,0.0683095,3.09397
110,9.66895,1.79554,10,2.24,0.0686681,3.07945
111,9.52536,1.93733,9,2.38,0.0662262,3.23586
112,10.7155,1.95748,10,2.31333,0.0691685,2.89932
113,8.75572,2.24744,10,2.88,0.0648291,2.92873
114,9.71418,2.14688,10,2.48667,0.0670788,2.75228
115,9.67077,2.15538,9,2.44,0.0654232,2.65432
116,8.63841,1.86245,9,2.04,0.0670288,2.9665
117,10.9011,2.9743,10,3.38,0.0686552,3.04003
118,8.67013,2.07318,9,2.32,0.0646449,2.72592
119,10.7486,2.44001,10,3,0.070599,2.87245
120,9.72861,2.65574,9,3.05333,0.0686396,2.74737
121,10.6888,2.44477,10,2.93333,0.0715069,2.9369
122,9.8798,2.8445,9,3.51333,0.0665423,2.8683
123,8.69693,1.64131,9,2.04667,0.0666422,2.66536
124,9.69754,2.36462,10,2.93333,0.0702018,2.88035
125,10.6699,2.28702,10,2.67333,0.0679347,2.91946
126,8.74145,2.51127,10,3.05333,0.0649109,2.68457
127,10.7477,2.255,10,2.70667,0.0692009,3.33239
128,8.65104,2.33616,10,2.76,0.0673462,3.03899
129,10.8007,2.70168,10,3.31333,0.0682196,2.90908
130,8.7822,2.67273,10,3.50667,0.0683689,3.02818
131,9.77198,1.96025,10,2.47333,0.0649252,2.86389
132,9.73089,2.92206,10,3.41333,0.0693417,2.86839
133,9.71717,1.9545,9,2.42,0.0661823,3.2548
134,9.72217,2.73138,10,3.16,0.066029,3.14369
135,10.6645,2.01166,10,2.54,0.0697893,3.37439
136,10.7825,2.47707,10,3.24,0.0688806,3.20999
137,9.77032,2.27813,10,2.72667,0.0669063,3.35745
138,9.68017,2.71892,10,3.29333,0.0680283,3.35187
139,9.88728,2.40797,10,2.7,0.0687138,3.33267
140,9.68906,2.45631,9,2.86,0.0688176,2.77291
141,8.58621,1.66477,8,2.05333,0.0646368,3.17078
142,9.59087,2.07578,9,2.5,0.0648064,3.12314
143,9.67488,1.81654,10,2.09333,0.0667798,3.08835
144,9.873,1.95643,10,2.39333,0.0663966,2.97379
145,10.6786,2.57129,10,2.94,0.070702,3.24793
146,9.60976,2.01336,9,2.68,0.0648009,3.2828
147,10.8131,3.14201,10,3.60667,0.0679372,3.15754
148,10.7974,3.22068,10,3.65333,0.0678533,3.113
149,9.56696,2.27882,9,2.82667,0.0671292,3.12178
150,9.75955,2.93242,10,3.66667,0.0676219,3.10868
151,9.79972,2.48606,10,3.24,0.068814,3.2915
152,8.79554,2.29102,9,2.80667,0.0641168,2.98238
153,8.79984,2.52067,8,3.02667,0.0686568,3.01464
154,9.67158,1.94617,10,2.43333,0.0649807,3.46257
155,9.74696,2.88547,10,3.40667,0.0705467,3.01626
156,9.58985,2.54385,10,3.09333,0.0666854,3.29424
157,9.73322,2.86121,10,3.76,0.0701413,3.053
158,9.75402,3.20323,10,3.71333,0.0682087,2.84136
159,9.58828,2.87939,9,3.47333,0.0683312,2.9552
160,10.7421,2.59685,10,3.1,0.0655973,2.82429
161,10.7116,2.86355,10,3.23333,0.0681337,3.32294
162,10.7394,3.20848,10,3.48,0.0660879,2.83305
163,10.784,2.77432,10,3.13333,0.0701595,3.41465
164,9.72216,2.95717,10,3.64667,0.0698601,3.20785
165,9.7546,2.38893,10,2.72667,0.060211,3.09371
166,9.58882,2.67267,9,3.31333,0.0677802,3.01439
167,9.78632,2.8965,10,3.47333,0.0681443,3.04098
168,10.6825,3.16035,10,3.98667,0.0682981,3.29531
169,10.6776,2.99304,10,3.50667,0.0690975,3.02643
170,9.70682,2.38661,9,3.04667,0.0660819,3.35551
171,10.6404,3.60379,10,3.97333,0.0664257,2.93239
172,9.7633,2.86077,9,3.42,0.075597,3.40186
173,9.60026,2.79418,9,3.66667,0.0708119,3.70508
174,9.76735,3.2653,10,3.9,0.0711552,3.4012
175,9.63633,2.92638,9,3.44,0.0677311,3.35907
176,7.80151,2.61763,10,3.14667,0.0661565,3.52678
177,8.74459,2.30107,9,3.15333,0.0664097,3.42485
178,10.8512,3.03433,10,3.77333,0.0690574,3.16585
179,10.7663,2.64547,10,2.98,0.0661978,3.2876
180,10.7684,2.71265,10,3.36667,0.0672145,3.16167
181,9.69874,2.53602,10,3.5,0.0663303,2.95222
182,9.70307,3.01976,10,4.07333,0.0658209,3.18294
183,10.5533,2.52858,10,3.06667,0.0711335,3.00861
184,8.64655,2.15384,8,2.55333,0.061152,2.79732
185,9.73208,3.19731,10,3.86,0.0694082,2.96123
186,9.58351,2.72008,9,3.36,0.0669201,3.13935
187,9.86687,3.10256,10,3.76,0.0679604,2.63395
188,8.75144,2.32904,9,2.87333,0.0702143,2.77944
189,10.7822,2.69206,10,3.15333,0.065677,2.73399
190,8.82002,2.41448,10,3.01333,0.0693511,3.17461
191,10.6592,3.15418,10,4.07333,0.0678694,2.9362
192,8.72788,2.46936,10,3.24,0.069367,3.17541
193,9.749,2.66463,10,3.4,0.0666384,2.92245
194,9.79357,2.5255,10,3.30667,0.067147,2.6408
195,10.5757,2.486,10,3.12667,0.0687928,2.8696
196,9.73173,2.82657,10,3.44,0.0713862,2.95484
197,9.75006,2.85181,10,3.44667,0.0684788,3.12279
198,9.86658,2.83369,10,3.74,0.0736258,3.03918
199,10.5477,2.67633,10,3.19333,0.0706844,3.11301
200,10.6465,2.90166,10,3.26,0.068031,3.06731
201,9.72157,3.18244,10,3.88667,0.0660629,3.03881
202,9.83118,3.00677,10,3.52667,0.0717311,3.2239
203,9.55556,2.67556,10,3.14,0.0680215,3.01711
204,10.7242,2.56079,10,3.21333,0.0658278,2.98272
205,10.5921,2.57447,10,3.03333,0.0657201,3.07871
206,9.63522,2.94805,9,3.50667,0.0683815,3.3884
207,10.6969,3.14698,10,3.88,0.0684426,3.03346
208,8.64676,2.23936,9,2.86667,0.0643437,3.34691
209,10.5089,2.53447,10,3.11333,0.0691825,3.05824
210,9.61395,2.44916,9,3.24,0.0652464,3.28078
211,9.74854,2.51661,10,3.52,0.0674908,3.15783
212,10.5768,2.60062,10,3.34667,0.0695643,3.24377
213,9.79907,2.86251,10,3.68,0.0698311,3.21137
214,9.63934,1.8813,10,2.51333,0.0661044,3.05971
215,8.85956,2.69743,10,3.84667,0.0676855,3.1133
216,10.7759,2.90251,10,3.69333,0.0679506,2.68733
217,10.562,2.79819,10,3.46,0.0684524,2.82453
218,9.6328,2.02631,10,2.76667,0.0662647,2.85562
219,9.72126,2.52453,10,3.59333,0.0687412,3.04168
220,9.62417,2.43048,10,3.3,0.0657259,3.05878
221,9.72973,2.54306,10,3.56,0.0681942,2.9903
222,8.77224,2.87292,10,3.71333,0.0681851,2.87332
223,10.5644,2.83336,10,3.56667,0.0698127,3.13244
224,8.73133,2.72497,10,3.41333,0.0683325,3.02167
225,8.67122,2.51126,10,3.35333,0.0680999,3.02639
226,9.70093,2.54685,10,3.25333,0.0707232,3.13283
227,10.6162,2.52558,10,3.34,0.0681157,3.13883
228,10.7432,3.18966,10,4.16,0.0763421,2.96582
229,9.5389,2.51699,9,3.39333,0.0667952,2.82181
230,9.73954,3.54469,10,4.6,0.0694516,2.96411
231,9.64081,2.78374,9,3.76667,0.0691074,2.88316
232,9.75899,2.9642,10,3.76667,0.0656475,2.70487
233,10.7982,3.29496,10,4.32,0.0700102,2.6982
234,9.66485,3.11898,9,3.84,0.0691177,3.00921
235,7.74777,2.51595,10,3.06,0.0696062,2.82901
236,9.63207,2.51748,10,3.21333,0.0685169,2.84277
237,10.6242,3.16169,10,3.94667,0.0702669,2.80831
238,9.66128,2.37102,10,3.18667,0.0723471,3.05997
239,9.7576,3.02299,10,3.72667,0.0645892,3.01807
240,9.70016,2.76659,10,3.58,0.0674375,2.68186
241,9.63331,2.28914,10,2.81333,0.0659372,3.22335
242,10.6569,2.85997,10,3.58667,0.0672135,2.93505
243,9.60793,2.64281,9,3.22667,0.0661819,2.85404
244,9.61704,2.82685,9,3.16,0.0674876,2.85426
245,10.6316,3.04709,10,3.52667,0.0701622,3.14729
246,10.6455,3.93163,10,4.76667,0.071964,2.75916
247,10.6422,2.58919,10,2.97333,0.0688033,2.94296
248,10.7192,2.96949,10,3.62667,0.0702373,2.44881
249,10.7051,2.76752,10,3.36667,0.0662098,2.52557
250,10.749,3.1963,10,4.32667,0.061478,2.50977
251,10.6828,2.18728,10,2.7,0.0660608,2.95747
252,10.6504,2.63154,10,3.08,0.0671823,2.77088
253,10.595,2.59701,10,3.15333,0.0669548,2.95328
254,10.7097,3.46437,10,4.22667,0.0660083,2.84186
255,8.74654,3.20055,9,3.78667,0.0698375,2.7668
256,9.77153,2.96947,10,3.82667,0.0671069,3.05564
257,10.682,2.81747,10,3.10667,0.0651563,3.17049
258,10.5874,2.6691,10,3.24667,0.0673295,2.91563
259,10.5863,2.30284,10,2.72,0.0682232,3.06809
260,9.74366,2.55289,10,2.88,0.0686477,2.38536
261,9.6671,2.38323,10,3.18667,0.0684347,2.64532
262,10.5933,2.45706,10,3.18,0.0660483,2.61807
263,10.6434,2.8336,10,3.41333,0.0687694,2.85742
264,10.6564,2.50096,10,3.18,0.0652143,2.88125
265,10.6382,2.5663,10,3.16667,0.0633623,2.6121
266,10.6365,2.5072,10,2.90667,0.0637573,2.96954
267,10.7652,3.32389,10,3.81333,0.0702176,2.72986
268,10.6201,2.05414,10,2.41333,0.066997,2.80184
269,9.65594,2.66118,10,3.06667,0.0644641,2.6709
270,10.601,2.55638,10,3.16,0.0689923,2.64408
271,9.61929,2.30929,9,2.49333,0.0678036,2.89907
272,9.64683,1.95637,10,2.22,0.0631531,2.4864
273,10.5847,2.45303,10,2.68667,0.0702337,2.77279
274,10.5769,2.35495,10,2.89333,0.0647282,2.90511
275,10.6196,3.08557,10,3.34667,0.0669957,2.41275
276,10.7352,3.82984,10,4.22,0.0694629,2.55171
277,10.5975,3.73326,10,4.11333,0.0711136,2.90347
278,10.6343,2.6821,10,3.08,0.0703936,2.77946
279,10.5526,2.51842,10,3.00667,0.0703353,2.98065
280,10.7572,2.93664,10,3.40667,0.0633869,2.66936
281,9.64273,2.92127,10,3.58667,0.0672786,2.8542
282,9.6739,3.18086,10,4,0.0662468,2.77647
283,10.8041,3.70871,10,4.27333,0.0626344,2.64243
284,10.6207,3.91332,10,4.70667,0.0702335,2.70375
285,9.88387,3.4953,10,3.86,0.0691847,3.05112
286,10.644,3.24912,10,3.5,0.0686683,2.67428
287,10.686,2.74747,10,2.90667,0.0662019,2.79802
288,10.6532,3.11128,10,3.78,0.0662395,2.77429
289,10.6325,3.74733,10,4.21333,0.071734,3.06163
290,10.6777,3.14549,10,3.76,0.0676419,2.76712
291,10.5747,3.07252,10,3.62667,0.0654345,2.64083
292,9.85213,3.75089,10,4.32,0.0677306,2.83238
293,10.6466,4.02964,10,5.05333,0.0705405,2.89874
294,10.6448,3.60671,10,4.1,0.0674993,3.00526
295,10.6689,3.74109,10,4.27333,0.066878,2.9599
296,10.6929,3.17902,10,3.88667,0.0672872,2.76033
297,10.8323,3.63427,10,3.82667,0.0658716,2.3198
298,8.82066,3.40703,9,4.04667,0.0675662,2.83743
299,10.6972,2.94424,10,3.52,0.0673776,2.98877
300,10.6825,2.87024,10,3.58667,0.0666672,2.67314
301,10.6798,3.32827,10,3.86667,0.0644549,2.30476
302,10.5893,3.1602,10,3.49333,0.0642489,2.6237
303,10.6912,3.15962,10,3.7,0.0678792,2.57505
304,10.6019,3.12528,10,3.76667,0.0691412,2.78904
305,10.5893,3.01315,10,3.63333,0.069432,2.91165
306,10.6708,3.11835,10,3.82667,0.0696853,3.08673
307,10.8168,3.88365,10,4.55333,0.068894,2.68279
308,7.68224,2.02756,8,2.47333,0.0640852,3.27515
309,10.6373,3.7653,10,4.21333,0.0684788,2.6517
310,10.8249,3.87487,10,4.62667,0.0692967,2.71589
311,9.80324,3.20541,10,3.92,0.069519,2.728
312,10.6582,2.4405,10,2.83333,0.065034,2.94466
313,10.6617,2.9811,10,3.58667,0.0670254,2.84182
314,10.6437,3.4018,10,4.01333,0.0708407,2.9517
315,9.62415,2.95516,10,3.98667,0.0709444,2.99731
316,9.83483,3.28009,10,4.34667,0.0685271,2.59887
317,10.6997,2.92715,10,3.84667,0.0691899,2.61641
318,10.6844,2.36787,10,3.22,0.0635588,2.73844
319,10.6088,2.60107,10,3.34,0.0666069,3.06287
320,10.6428,3.53098,10,4.34667,0.0712662,2.52819
321,10.5577,3.06522,10,3.84667,0.0676138,2.9288
322,10.6629,3.5493,10,4.60667,0.06791,3.00229
323,10.6362,3.88557,10,4.76,0.0678267,2.70323
324,10.8164,3.37352,10,4.56,0.0698023,2.70994
325,9.62214,2.68052,9,3.06667,0.0657831,2.84577
326,10.7367,3.81588,10,4.7,0.0720088,2.60935
327,10.592,3.42153,10,4.14667,0.0686672,2.59492
328,10.6659,3.33423,10,4.02667,0.0663716,2.88144
329,10.6636,3.38107,10,4.02,0.0672421,2.6081
330,10.7849,3.36284,10,4,0.0707837,2.93661
331,10.6935,3.21448,10,3.66,0.0652973,2.85261
332,10.7175,3.45146,10,3.92667,0.0657876,3.22413
333,10.6301,3.30381,10,3.85333,0.0673444,2.99258
334,10.7132,3.34147,10,3.95333,0.0679877,3.03272
335,10.6715,2.85289,10,3.19333,0.0634439,2.97268
336,10.6818,3.32023,10,3.76,0.0668972,2.90872
337,10.7697,3.40182,10,3.93333,0.0710829,2.79389
338,10.7783,3.46923,10,4.24667,0.0698506,2.84729
339,10.7627,3.32331,10,4.05333,0.0648911,2.54618
340,10.6063,2.73246,10,3.28667,0.0666575,2.88012
341,10.7164,3.75311,10,4.05333,0.0688629,2.95266
342,10.6667,4.0655,10,4.63333,0.0687186,2.83683
343,9.77744,4.02084,10,4.52,0.066563,2.59551
344,10.6572,3.18137,10,3.86667,0.0664675,3.15461
345,10.831,3.03861,10,3.64,0.0716007,3.19097
346,10.7083,3.3539,10,3.88,0.0694632,2.58222
347,10.8194,3.36875,10,4.04,0.0666644,2.3893
348,10.6987,3.82059,10,4.25333,0.0693687,2.62246
349,10.6982,3.35472,10,3.82667,0.0658634,2.54226
350,10.6539,3.58225,10,3.82,0.0672888,2.83313
351,10.6546,2.96488,10,3.36,0.0650512,2.67374
352,10.6788,3.52068,10,4.31333,0.0713395,2.8017
353,9.66253,2.85591,10,3.96667,0.0692762,2.81763
354,10.7711,3.21846,10,4.09333,0.0706471,2.88922
355,10.702,3.91919,10,4.68,0.0659208,2.79569
356,9.72548,3.83602,10,4.64667,0.0668202,2.78137
357,10.7122,3.88186,10,4.41333,0.0683779,2.76746
358,10.6005,3.5782,10,4.22,0.069195,2.98005
359,9.65181,3.10406,9,3.55333,0.0654765,2.81113
360,10.769,3.61186,10,4.22,0.0690347,2.6921
361,10.7556,4.14227,10,4.62667,0.0664434,2.34592
362,10.6838,3.75369,10,4.27333,0.0693818,2.71257
363,10.7891,4.0319,10,4.36,0.0647579,2.42036
364,9.69809,2.81648,10,3.24667,0.0686499,2.66635
365,10.7292,3.10191,10,3.59333,0.067637,2.62194
366,10.7354,3.58541,10,3.99333,0.0701578,2.7068
367,10.6809,3.9894,10,4.44,0.0688186,2.88238
368,10.6665,3.18793,10,3.65333,0.0693539,2.75594
369,10.6699,3.60309,10,4.06667,0.0673885,2.65104
370,10.7564,3.3193,10,3.40667,0.0662782,2.67712
371,10.509,3.51122,10,3.90667,0.068059,2.79946
372,10.699,3.56375,10,4.18,0.0684098,2.88742
373,10.6875,3.06616,10,3.42,0.0682811,2.95839
374,10.7002,3.73432,10,3.98,0.0667525,2.78619
375,10.7062,3.89689,10,4.41333,0.064767,2.90407
376,9.67207,3.04005,10,3.74667,0.0653088,2.89762
377,10.519,3.39067,10,3.93333,0.0644062,3.03357
378,10.6396,3.22414,10,3.72,0.0666317,2.64189
379,10.7013,2.99417,10,3.18667,0.066484,2.42571
380,10.8626,3.20494,10,3.72667,0.0685186,2.56684
381,10.6692,3.50436,10,3.96667,0.0719231,2.83484
382,10.6963,3.67713,10,4.12667,0.0638857,2.72512
383,10.7185,3.96879,10,4.14667,0.0682468,2.46595
384,10.7417,3.62687,10,4.18667,0.0712549,2.48739
385,10.756,3.71444,10,4.24667,0.0685552,2.80077
386,10.6829,3.80694,10,4.47333,0.0690343,2.80466
387,10.6542,2.94311,10,3.43333,0.0685977,2.95771
388,9.68804,2.6333,10,3,0.0649781,2.91203
389,10.5702,2.98747,10,3.39333,0.0709867,2.74142
390,10.7502,3.40828,10,3.7,0.0668371,2.62478
391,9.77962,2.84904,10,3.40667,0.0665183,3.18672
392,10.6522,3.51367,10,3.94,0.0714324,2.63015
393,10.6917,2.74272,10,3.16,0.0694426,3.07265
394,10.7409,3.48475,10,4,0.0678413,2.54067
395,10.6715,2.96604,10,3.16,0.0645167,2.76507
396,10.635,3.18174,10,3.64,0.0696737,2.5091
397,10.7099,3.58151,10,4.00667,0.069043,2.68278
398,10.7544,4.06711,10,4.53333,0.068662,2.78921
399,10.565,3.01264,10,3.42,0.0657607,3.33731
400,10.7559,3.97242,10,4.22,0.066689,2.54259
401,9.75624,3.10272,9,3.36,0.0665993,2.91745
402,9.58806,2.9966,9,3.42667,0.0662213,3.08279
403,10.7106,3.29533,10,3.76,0.0631726,2.86103
404,10.7747,3.87428,10,4.08667,0.0682343,2.70303
405,10.7311,3.60588,10,3.79333,0.0676198,2.75064
406,10.6785,3.64415,10,3.84667,0.0661409,2.55603
407,10.7439,3.66701,10,4.06667,0.0666461,2.72668
408,9.74527,3.94331,10,4.31333,0.0686444,2.67286
409,10.7588,3.68504,10,4.15333,0.0677558,2.63895
410,10.6115,3.83387,10,4.19333,0.0706081,2.74183
411,10.7548,3.92441,10,4.54,0.0666621,2.50565
412,10.5482,3.41919,10,3.82667,0.0728716,2.77531
413,10.65,3.7355,10,4.14667,0.0675696,2.5354
414,10.6449,2.9946,10,3.44,0.0711033,2.84807
415,10.6994,3.9159,10,4.2,0.0752655,2.58703
416,10.6035,2.87453,10,3.22,0.0632799,2.86743
417,10.7079,3.53035,10,3.79333,0.0693603,2.45177
418,10.6517,3.39215,10,4.00667,0.0672477,2.82749
419,10.7174,3.55563,10,3.98667,0.0669123,2.5842
420,9.63946,2.92979,10,3.40667,0.066856,2.7532
421,10.7975,3.45957,10,3.98667,0.071461,2.39981
422,10.4847,3.1327,10,3.50667,0.0693978,2.7809
423,9.66462,3.39134,9,4.08,0.0673221,2.63567
424,9.50798,2.63715,9,3.07333,0.0701814,3.27535
425,9.79482,3.07288,9,3.67333,0.0624154,2.62422
426,9.65409,3.66456,10,4.36,0.0681187,2.64113
427,10.713,3.02421,10,3.38667,0.0641146,2.94368
428,10.5912,3.45363,10,4.08667,0.0666436,2.60022
429,9.72277,3.24958,10,3.86667,0.0661779,2.67989
430,10.7241,3.90027,10,4.53333,0.0667839,2.61795
431,9.7728,3.06371,9,3.39333,0.068545,3.02354
432,9.6837,3.28025,9,3.56667,0.0663066,2.97197
433,9.81189,4.01999,10,4.62,0.0686392,2.70069
434,10.7491,3.68705,10,4.3,0.0713646,2.74681
435,10.7588,3.46177,10,4.34,0.0705295,2.56486
436,10.7151,3.62895,10,4.17333,0.0684874,2.4829
437,10.6548,2.97049,10,3.38667,0.0656831,2.94249
438,9.74927,2.7835,10,3.37333,0.0666425,2.91971
439,10.6492,3.26438,10,4.1,0.0669843,2.90517
440,10.7339,3.01028,10,3.61333,0.0699552,3.04112
441,10.6568,3.05177,10,3.67333,0.0654253,2.7219
442,10.6911,3.25187,10,3.84667,0.0694328,2.88157
443,10.6646,3.17688,10,3.85333,0.0665965,2.8063
444,9.65336,2.44407,9,2.61333,0.0629681,2.85086
445,9.77679,3.07267,9,3.76667,0.0697071,2.90365
446,9.59086,2.97737,9,3.36667,0.0678656,2.85186
447,10.6082,3.48226,10,3.92667,0.0845952,3.02912
448,10.715,3.67784,10,4.13333,0.0690135,2.63147
449,9.88252,3.19749,10,3.66,0.0718811,3.12182
450,9.69271,2.12392,9,2.54,0.0666409,3.05066
451,10.5286,2.56385,10,2.92,0.0667516,3.063
452,10.8412,3.69948,10,4.15333,0.07103,2.57091
453,10.7765,3.05869,10,3.31333,0.0663439,2.74536
454,10.685,3.15029,10,3.52,0.0675435,2.75866
455,10.6657,3.30044,10,3.54,0.0645606,2.60004
456,10.7753,2.86152,10,3.17333,0.0693948,2.7772
457,10.842,3.92853,10,4.26667,0.0678372,2.68299
458,10.8253,3.33932,10,3.78,0.0702318,2.80975
459,10.8022,3.76697,10,4.26,0.0685868,2.70345
460,10.8233,3.57162,10,4.05333,0.0707328,3.07174
461,10.8117,2.77666,10,3.39333,0.0693155,3.13838
462,9.76325,2.81279,10,3.34667,0.0663854,3.00962
463,10.784,2.97121,10,3.18,0.0695984,2.87731
464,8.69707,2.81692,9,3,0.0660406,2.79454
465,10.7349,2.88375,10,3.32667,0.0663917,2.85385
466,10.7811,3.58948,10,3.86667,0.0703929,2.95703
467,10.6975,3.10602,10,3.43333,0.0675779,2.78857
468,9.66969,2.59421,10,2.84,0.0691252,2.68593
469,9.55039,2.61672,9,2.96667,0.0670042,2.57142
470,10.6373,2.68438,10,2.9,0.0664002,2.82324
471,10.776,3.12752,10,3.56,0.0701144,2.71478
472,10.7173,2.94615,10,3.55333,0.0673539,2.70131
473,9.78689,2.83911,9,3.14667,0.0679687,2.77066
474,10.7431,2.9568,10,3.37333,0.0674831,2.77595
475,10.8048,2.60716,10,3.2,0.0696439,3.03164
476,10.8152,3.45065,10,3.96667,0.0671211,2.5158
477,10.7763,2.83226,10,3.26667,0.0719672,2.64988
478,10.6291,2.54989,10,3.13333,0.0680053,2.66854
479,10.636,2.27548,10,2.6,0.0663033,2.63982
480,9.66944,2.61489,9,3.00667,0.0668172,2.64296
481,10.6015,2.59132,10,3.01333,0.0682492,2.43291
482,10.6687,2.36354,10,2.82667,0.0675901,2.90589
483,10.5889,2.54131,10,2.95333,0.0664505,2.46454
484,9.61389,2.49548,9,2.97333,0.0668285,2.60739
485,10.6204,3.04672,10,3.47333,0.0723176,2.64452
486,10.7461,2.62715,10,3.01333,0.0701558,2.53206
487,10.7035,3.10305,10,3.16667,0.0703528,2.85519
488,10.7628,3.45168,10,3.86667,0.0649196,2.43998
489,10.798,2.7967,10,3.06667,0.0703995,2.83857
490,10.6097,2.49699,10,3.09333,0.0683547,2.89886
491,10.7071,2.88472,10,3.25333,0.0693128,2.87033
492,9.67745,2.61877,10,2.83333,0.066828,3.14693
493,9.72774,2.62628,10,3.06,0.0685661,2.53647
494,8.81859,2.75017,9,3.30667,0.0783327,2.65994
495,7.65802,1.96898,8,2.22667,0.0651387,2.87988
496,10.6322,3.10755,10,3.48667,0.0670708,2.72036
497,10.5569,2.90679,10,3.40667,0.069001,2.65097
498,10.7009,2.79592,10,3.02,0.0644397,2.78048
499,10.6704,2.29048,10,2.64667,0.0670465,2.83001
500,10.6357,2.97857,10,3.26,0.0689075,3.05815
501,10.7288,2.65499,10,3.11333,0.0658949,2.92161
502,10.6482,2.58067,10,3.02667,0.0638415,2.93128
503,10.672,2.69667,10,3.05333,0.067266,3.18228
504,9.73505,2.54252,10,2.85333,0.0648605,2.94274
505,9.66978,2.54466,9,2.72667,0.0643766,2.83088
506,9.62985,3.04585,9,3.3,0.0670979,2.90591
507,10.7093,2.97407,10,3.36667,0.0692643,3.05747
508,10.6649,3.16714,10,3.8,0.0673133,2.78468
509,10.6702,3.56743,10,3.67333,0.066261,2.70085
510,10.7102,3.38695,10,3.65333,0.0671973,2.74544
511,10.7394,3.42857,10,3.72667,0.0692076,2.86487
512,10.5812,3.05672,10,3.36,0.0668407,3.15675
513,10.6309,3.30109,10,3.55333,0.0702309,3.20171
514,10.6036,3.07082,10,3.25333,0.06648,3.08551
515,9.69449,2.81628,10,3.12,0.0686139,3.16557
516,10.6493,3.0108,10,3.24,0.073145,3.16007
517,10.6147,2.58901,10,2.62,0.0707481,2.98288
518,10.7411,3.16946,10,3.30667,0.0680518,2.6909
519,10.6398,2.98061,10,3.25333,0.063178,2.60016
520,9.67559,2.61756,10,2.83333,0.0677427,2.79704
521,10.7718,3.42784,10,3.82667,0.069101,2.67216
522,10.6618,2.99402,10,3.11333,0.0669508,3.05652
523,10.6295,2.75104,10,3.11333,0.0679765,2.89739
524,10.6227,3.41199,10,3.84667,0.0667011,2.79272
525,9.67864,3.13183,10,3.73333,0.0683208,3.02033
526,9.69604,2.97041,10,3.22667,0.0749889,3.23409
527,10.8046,3.8879,10,4.18,0.0705289,3.0107
528,10.6723,3.95021,10,4.35333,0.0719318,3.19178
529,10.6217,3.19141,10,3.40667,0.0639689,2.77226
530,10.5946,2.99741,10,3.34667,0.0669196,3.20448
531,10.5397,2.66898,10,2.99333,0.0692335,2.79994
532,10.6751,3.20342,10,3.60667,0.0700795,2.9108
533,10.6595,3.75364,10,4,0.0690179,2.8608
534,10.6961,4.32969,10,4.48667,0.0715312,2.65272
535,10.8077,3.46342,10,3.71333,0.0673036,2.73722
536,10.6262,3.29657,10,3.68,0.0704067,2.73158
537,10.7134,4.48362,10,4.63333,0.0669813,2.60678
538,10.7249,3.31322,10,3.58667,0.0665472,2.97352
539,10.5989,3.27473,10,3.7,0.0662525,2.86684
540,10.6572,3.69993,10,3.88667,0.070278,2.68279
541,10.6941,3.60207,10,3.76,0.0675092,2.54216
542,10.7578,3.90649,10,3.91333,0.0674376,2.42837
543,10.6951,3.17433,10,3.38667,0.0691556,2.70284
544,10.7037,3.68647,10,3.98,0.0678004,2.97657
545,10.6083,3.58085,10,4.03333,0.0702498,3.04236
546,10.726,3.65483,10,4.16,0.0681533,2.80503
547,10.6239,3.60685,10,3.93333,0.0680734,2.88058
548,10.6293,3.63097,10,3.98667,0.0687024,2.95861
549,10.7548,3.87325,10,4.05333,0.0695674,2.98707
550,9.66662,3.01211,10,3.24,0.0823482,3.01408
551,9.7076,3.60806,10,3.88667,0.0652549,2.90412
552,10.7493,3.54887,10,3.69333,0.0675905,2.93255
553,10.7152,3.13601,10,3.50667,0.064017,2.75441
554,10.6253,2.43937,10,2.53333,0.0648869,2.80195
555,10.5548,2.81539,10,3.02667,0.0661054,2.57078
556,10.7272,3.30093,10,3.59333,0.0690171,2.47708
557,9.64322,2.84721,9,3.14667,0.0699857,2.90628
558,8.76228,2.71353,9,3.02667,0.0655348,2.75955
559,10.751,4.26439,10,4.66667,0.0720974,2.68952
560,10.6622,3.72734,10,3.80667,0.0674121,2.96921
561,10.7701,3.71823,10,3.7,0.0659935,2.57153
562,10.7026,3.95082,10,4.06667,0.0674903,2.73887
563,10.6828,2.89452,10,3.23333,0.0637529,2.59252
564,10.6486,3.45177,10,3.61333,0.0683033,2.74512
565,9.65654,3.15998,9,3.47333,0.0667892,2.94849
566,10.6839,3.80568,10,4.14667,0.0630212,3.02558
567,10.5938,3.23303,10,3.39333,0.0769428,3.18966
568,10.6388,3.95926,10,4.24,0.070912,3.26393
569,10.7127,3.46831,10,3.82,0.0681674,2.93613
570,10.5821,3.34203,10,3.64667,0.0731719,2.96111
571,10.6476,3.36239,10,3.55333,0.0673483,2.59783
572,10.7052,3.55652,10,3.77333,0.0680132,2.63303
573,9.61147,2.81165,9,3.39333,0.0664341,2.93136
574,10.7358,3.99968,10,4.62,0.0664704,2.9186
575,10.6975,4.09127,10,4.38667,0.0682301,3.15065
576,10.6366,3.5589,10,4.07333,0.0685521,3.15778
577,10.7155,3.91048,10,4.21333,0.0684465,3.17961
578,10.637,3.66085,10,3.66667,0.0690025,3.0486
579,10.8142,4.13299,10,4.24667,0.0687609,3.0295
580,10.6859,3.8141,10,3.90667,0.0716912,2.95281
581,10.6649,4.16119,10,4.16667,0.0696207,2.85718
582,10.6326,3.39088,10,3.45333,0.068162,2.71183
583,10.7925,4.17598,10,4.18,0.0719627,2.56264
584,10.681,4.08538,10,3.96667,0.0718811,2.83031
585,10.7335,3.71815,10,3.69333,0.069042,2.75147
586,10.7255,3.33878,10,3.43333,0.0669691,2.6352
587,10.6781,3.42679,10,3.48667,0.0677675,2.97955
588,10.632,2.8709,10,2.9,0.0637,3.0041
589,10.7573,3.33075,10,3.36667,0.0645485,2.8316
590,10.8306,3.75338,10,3.77333,0.070346,2.85225
591,10.5928,3.18971,10,3.12667,0.0691838,2.64774
592,10.7104,3.96552,10,4.01333,0.0691996,2.79471
593,10.593,3.07364,10,3.05333,0.0642105,2.61096
594,10.7183,3.70119,10,3.66,0.0679973,2.69949
595,10.795,3.41621,10,3.63333,0.0678751,2.75845
596,10.8516,3.76148,10,3.93333,0.0770316,2.95611
597,10.6663,3.43759,10,3.61333,0.0677851,2.67035
598,10.6499,3.55062,10,3.72667,0.0681982,2.97087
599,10.6967,3.22068,10,3.62,0.0649735,2.94691
600,10.7108,3.21721,10,3.39333,0.0669099,3.0396
601,10.8118,3.47425,10,3.66667,0.0701364,2.88458
602,10.644,3.21673,10,3.5,0.0737874,3.2518
603,10.809,3.50668,10,3.79333,0.0644638,2.74737
604,10.684,3.37648,10,3.46,0.0660914,2.83194
605,10.6744,3.28407,10,3.53333,0.0684372,2.74701
606,10.8652,4.26502,10,4.49333,0.0699564,2.90653
607,10.61,3.5904,10,3.87333,0.0706021,2.99169
608,9.80508,3.53488,10,3.62667,0.0684332,2.75156
609,10.7602,3.43138,10,3.55333,0.0687519,2.60389
610,10.5952,3.26144,10,3.22667,0.0683367,2.90206
611,10.6799,3.82294,10,3.95333,0.0688273,3.09278
612,10.6268,3.54229,10,4.08667,0.0720949,3.04504
613,10.6447,3.6855,10,3.74667,0.0705595,3.18925
614,10.652,3.93282,10,4.16,0.0817804,3.02967
615,10.7086,4.92302,10,5.38,0.0721827,3.27328
616,10.7368,3.8563,10,4.26,0.0697902,3.04605
617,9.6134,3.05703,10,3.41333,0.0721181,3.10756
618,9.74762,3.38694,10,3.88,0.0776217,3.2555
619,10.6042,2.82711,10,2.94,0.0669937,3.00483
620,10.6168,3.00006,10,3.35333,0.0658671,3.17894
621,10.6508,3.20845,10,3.32667,0.0685385,3.00617
622,10.6767,3.68111,10,3.71333,0.0677929,2.71361
623,9.66224,2.88682,10,3.11333,0.0673637,3.12625
624,10.7762,3.00776,10,3.25333,0.0697348,2.96656
625,10.6904,3.05141,10,3.1,0.0677138,3.06038
626,10.7162,2.89409,10,2.99333,0.0655647,2.92974
627,10.7539,3.63126,10,3.83333,0.0717312,2.77945
628,10.7143,3.55327,10,3.75333,0.0678571,2.96282
629,10.8635,3.10112,10,3.27333,0.0714974,2.97556
630,10.6629,3.38609,10,3.68667,0.066582,3.06658
631,10.7549,3.45353,10,3.70667,0.0688985,3.10076
632,9.60693,2.99108,9,3.19333,0.0711702,3.06834
633,10.8122,3.24163,10,3.58,0.0700053,3.14024
634,10.6753,3.50373,10,3.84,0.0657969,2.97495
635,8.68409,3.06144,10,3.54667,0.0668499,3.26883
636,10.6484,3.14665,10,3.4,0.067026,3.20597
637,9.72105,3.51678,10,3.88,0.0679361,2.91711
638,9.58003,3.22496,10,3.57333,0.0664524,3.07883
639,9.54748,2.65766,10,2.74667,0.0659287,3.36582
640,9.63839,2.27412,9,2.36667,0.0659555,3.44388
641,8.65117,2.72019,9,2.96667,0.0680088,3.18303
642,10.6876,3.01663,10,3.28667,0.0679451,3.31261
643,10.6677,3.17191,10,3.57333,0.0667196,3.17011
644,10.6763,2.94486,10,3.12,0.0681458,2.71807
645,9.64186,2.60446,10,2.98667,0.0682697,3.18471
646,10.6497,3.08302,10,3.58,0.0699139,3.36791
647,10.6553,3.19557,10,3.74,0.067395,3.27183
648,9.63869,2.97684,10,3.2,0.0685038,3.50184
649,9.65877,2.61683,9,2.91333,0.0675615,3.36643
650,10.7075,2.83111,10,3.29333,0.0684874,3.16371
651,10.5792,3.14122,10,3.84,0.0703122,3.22245
652,10.6228,3.00581,10,3.66667,0.0700051,3.12292
653,10.6586,3.08595,10,3.57333,0.0724978,3.44415
654,10.743,2.82365,10,3.59333,0.0660942,2.82733
655,10.668,3.3593,10,3.8,0.0688976,2.7794
656,10.615,2.70156,10,3.08667,0.0651742,3.11234
657,9.83485,3.29954,10,3.78,0.0675636,2.84729
658,9.80636,2.73223,10,2.90667,0.0675602,2.95267
659,9.66782,3.25086,10,3.98667,0.0677902,3.24101
660,9.77771,2.93374,10,3.57333,0.0695732,3.38031
661,10.6716,2.56126,10,3.27333,0.0660448,3.49043
662,9.69768,2.73593,10,3.20667,0.0717738,3.48496
663,10.8247,3.22119,10,3.7,0.0695526,3.10924
664,10.6675,2.65086,10,3.2,0.0710465,3.16368
665,9.72091,2.97537,10,3.37333,0.0716435,3.09681
666,10.6286,3.63494,10,3.98667,0.0681545,2.77511
667,9.67136,2.76205,9,3.06667,0.0649012,3.47687
668,10.7736,3.40313,10,3.57333,0.0670817,2.93037
669,10.8276,3.39077,10,3.80667,0.0698211,2.86444
670,10.7594,2.53417,10,2.71333,0.0645839,3.11726
671,10.7484,3.23787,10,3.70667,0.0684687,2.98003
672,9.7689,3.26297,10,3.61333,0.0703695,3.08169
673,9.7509,3.1036,10,3.41333,0.0681723,3.33063
674,10.7474,3.47141,10,3.62,0.06879,3.20736
675,9.77851,3.10861,10,3.20667,0.0680223,3.15494
676,10.7005,3.195,10,3.47333,0.068716,3.42612
677,10.7678,3.90725,10,4.07333,0.0700549,3.10169
678,10.643,3.71708,10,3.95333,0.0668605,3.20948
679,9.76152,3.58849,10,3.72667,0.0670793,3.25084
680,10.8293,3.41548,10,3.74,0.0673592,2.91379
681,10.6772,2.45131,10,2.63333,0.0637286,3.31801
682,9.61938,3.08483,9,3.20667,0.0660979,2.84352
683,10.7257,3.69905,10,3.86667,0.070913,2.80368
684,10.8562,3.78221,10,3.96667,0.0688541,2.75082
685,9.6975,3.22115,9,3.31333,0.0656768,2.97148
686,10.687,3.44499,10,3.53333,0.068882,3.01919
687,9.73928,3.19704,9,3.08667,0.0666216,2.9854
688,10.8009,3.63712,10,3.68667,0.0661682,2.88884
689,10.773,3.21636,10,3.44,0.066599,2.9873
690,10.7166,3.64833,10,3.96667,0.0732364,2.96301
691,9.6736,2.966,10,3.22,0.0654324,2.91564
692,9.73221,2.83126,10,3.10667,0.0676217,3.22239
693,10.6444,2.96136,10,3.32,0.0658604,3.12978
694,10.7414,3.5864,10,3.61333,0.0718049,3.27468
695,9.69764,3.40832,10,3.34,0.0649081,3.06337
696,10.6421,2.26974,10,2.41333,0.0686769,3.32976
697,10.7859,3.19767,10,3.2,0.069869,2.87108
698,9.63995,2.67627,10,2.9,0.0681434,3.37364
699,9.65029,2.55938,10,2.65333,0.0655838,3.16427
700,10.7094,3.00746,10,2.84667,0.0656777,2.96798
701,10.759,2.82273,10,2.94,0.067624,2.98856
702,10.7601,3.59614,10,3.72667,0.0641017,3.09035
703,10.724,3.97952,10,4.1,0.0667747,2.84849
704,10.673,2.92465,10,3.12667,0.0670726,3.53313
705,10.6949,3.36601,10,3.45333,0.0659585,3.13927
706,10.7427,3.6887,10,3.76,0.0658297,3.1891
707,10.7939,3.97236,10,4.06,0.0719547,3.21478
708,10.8691,3.35173,10,3.65333,0.0702294,3.03271
709,10.746,3.20418,10,3.15333,0.0702771,3.21444
710,10.7614,3.58477,10,3.58667,0.0677038,2.88112
711,10.7212,3.35395,10,3.4,0.0659183,3.22125
712,10.678,2.42996,10,2.63333,0.0667256,3.27111
713,10.6873,2.73903,10,2.82,0.0673063,3.52219
714,10.6603,2.97232,10,3.17333,0.0685855,3.67741
715,10.685,3.54086,10,4.22667,0.0677558,3.34364
716,10.6526,3.11441,10,3.4,0.0717934,3.6659
717,10.7984,3.55675,10,3.61333,0.0669607,3.28389
718,10.6292,2.71473,10,2.99333,0.0687186,3.45205
719,10.7297,2.73898,10,2.84667,0.0671258,3.33672
720,10.7061,3.05606,10,3.26,0.0680009,3.32916
721,10.7114,3.1528,10,3.16,0.067983,3.0113
722,9.69439,2.66135,9,2.56667,0.0675776,3.12689
723,9.80065,2.11934,10,1.98,0.0707239,3.22701
724,10.7384,2.99499,10,3.16667,0.0716553,3.46603
725,10.6401,2.4174,10,2.64,0.0640258,2.95495
726,10.6379,2.63377,10,3.05333,0.0693473,3.02855
727,10.5817,2.55939,10,2.80667,0.0685321,2.95777
728,10.6565,2.32093,10,2.57333,0.0678363,3.43071
729,10.6809,2.63606,10,2.67333,0.0651241,3.15195
730,9.69802,2.08411,9,2.26667,0.0647133,3.19142
731,9.67838,2.34828,10,2.66,0.0656181,3.16879
732,10.7141,2.58168,10,2.71333,0.0669344,3.23633
733,10.703,2.8964,10,2.90667,0.0693024,3.4496
734,9.61514,2.65371,9,2.76,0.0683753,3.55148
735,10.7855,2.84145,10,2.94667,0.0692701,2.97188
736,9.70075,2.71835,10,2.76,0.0680438,3.39186
737,10.7151,2.56317,10,2.62667,0.0672634,3.30054
738,7.76,2.13784,7,2.17333,0.0640075,3.5832
739,9.72554,1.98429,9,2,0.0649764,3.31399
740,9.72676,2.40611,10,2.58667,0.065615,3.33987
741,10.786,2.18112,10,2.26,0.0682358,3.40083
742,10.6421,2.19346,10,2.24667,0.0680874,3.30594
743,10.516,2.3646,10,2.65333,0.0663373,3.46664
744,10.5753,2.44933,10,2.68,0.0674972,3.57029
745,9.64884,2.59117,9,2.86,0.0690354,3.28715
746,10.8258,3.47787,10,3.54667,0.070685,3.36118
747,10.7247,3.18212,10,3.52667,0.0712177,3.53984
748,9.74837,2.60003,10,2.97333,0.0703196,3.24504
749,10.6099,2.80047,10,3,0.0689334,3.53632
750,10.6429,2.55667,10,2.95333,0.0645293,3.3123
751,10.7453,2.50015,10,2.85333,0.0670648,3.30958
752,10.8023,3.06276,10,3.32,0.068262,3.08847
753,9.76357,2.9215,10,3.36667,0.0668695,3.38705
754,9.54594,2.52929,9,2.87333,0.0671076,2.90584
755,10.6518,2.26884,10,2.48667,0.0666296,3.54054
756,9.61815,2.44811,9,2.6,0.0660338,3.05388
757,9.81324,2.72344,9,3.01333,0.0672866,3.16507
758,10.7148,2.63433,10,2.91333,0.0662043,2.94676
759,9.62899,2.41894,10,2.77333,0.071702,3.44718
760,9.63122,2.26503,10,2.79333,0.0680726,3.28307
761,9.65805,2.66773,10,2.8,0.0685782,2.58363
762,10.5507,2.06752,10,2.31333,0.0680669,3.01143
763,10.8064,2.56815,10,2.9,0.0687047,2.85573
764,10.5636,2.04846,10,2.22667,0.0665695,3.01022
765,10.6102,2.48959,10,2.69333,0.066808,2.88704
766,10.5555,2.9258,10,3.20667,0.0691707,3.16309
767,10.6454,2.25771,10,2.65333,0.066166,3.30978
768,9.80243,2.52817,10,2.72,0.0679185,2.74807
769,9.59588,2.16654,10,2.41333,0.0661018,2.83535
770,10.7021,2.87082,10,3.08,0.0721742,2.9179
771,9.64494,2.42907,9,2.51333,0.063468,3.04762
772,10.6991,2.86158,10,3.01333,0.0669413,3.12605
773,10.5633,3.78829,10,3.88,0.0677467,2.59386
774,10.7301,3.05843,10,3.36667,0.0665017,2.89328
775,10.8525,2.70294,10,2.88667,0.0689182,2.76634
776,9.79917,2.60268,10,2.9,0.0702051,3.02187
777,9.85163,2.37678,10,2.66667,0.0691036,2.88435
778,9.62475,2.15621,9,2.8,0.0667498,2.97663
779,9.59396,2.38711,9,2.59333,0.0667207,3.20604
780,10.8313,3.26377,10,3.85333,0.0695081,2.81791
781,10.6337,2.30897,10,2.75333,0.0689352,2.96535
782,9.81648,2.2803,9,2.88,0.0670955,2.58592
783,10.6245,2.36401,10,2.7,0.0664255,3.1664
784,9.60796,2.18452,10,2.54667,0.0677473,3.2505
785,9.7243,2.55697,10,3.02,0.0677674,3.13496
786,10.659,2.6196,10,3.23333,0.0700284,3.13394
787,9.70694,2.27142,9,2.98667,0.0626796,3.01703
788,10.6821,2.72698,10,3.26,0.07213,3.42765
789,9.67677,2.85527,9,3.25333,0.0674778,3.19671
790,10.6871,2.6414,10,3.02667,0.070971,2.88708
791,10.6527,2.30767,10,2.48667,0.0646409,3.11574
792,9.72938,2.66355,10,3.34,0.0689824,2.91357
793,8.68797,2.07732,10,2.50667,0.0681718,3.14255
794,9.73154,2.07655,9,2.23333,0.0645777,2.60454
795,10.6784,2.7613,10,3.08667,0.067078,3.00143
796,10.8061,2.86715,10,3.10667,0.067317,3.01981
797,9.78074,2.79687,10,3.1,0.0685816,2.89243
798,10.6534,2.53861,10,2.68,0.0696162,3.11936
799,10.6536,2.24433,10,2.34,0.0654303,2.82065
800,10.6895,2.38283,10,2.46,0.0649279,2.665
801,10.5967,2.35851,10,2.54667,0.0667184,2.86357
802,9.66936,2.33797,10,2.64,0.0686305,2.92868
803,10.7339,2.65951,10,3.00667,0.0653529,2.69724
804,8.75404,2.44558,9,2.75333,0.0648129,3.03635
805,8.67312,2.07501,9,2.33333,0.0671825,3.16584
806,10.778,3.05533,10,3.25333,0.0708278,2.9805
807,10.6761,2.58377,10,2.78667,0.0637623,3.14528
808,10.7112,2.56767,10,2.74667,0.0682831,3.07751
809,9.778,2.95474,10,2.98667,0.0666787,2.75027
810,9.78986,2.8192,10,2.98667,0.0682173,2.81776
811,10.6788,2.43611,10,2.58,0.067806,2.93426
812,9.69125,2.9228,10,2.84,0.0685583,2.74333
813,10.6332,3.10976,10,3.4,0.0630161,2.66771
814,10.6327,2.44062,10,2.71333,0.0668602,3.0122
815,9.76748,2.8241,10,3.14667,0.0717603,3.09919
816,9.76453,2.29772,10,2.40667,0.0634791,2.77705
817,10.7085,3.36915,10,3.60667,0.0682535,2.5888
818,10.697,2.61386,10,2.94667,0.0671615,2.79847
819,10.68,3.00088,10,3.18,0.0676928,2.88685
820,10.7134,2.8097,10,2.90667,0.0670231,2.82998
821,10.6895,2.18999,10,2.28667,0.0639677,2.82948
822,10.6149,2.50256,10,2.78,0.0717895,3.05325
823,9.76966,3.08851,10,3.37333,0.0646553,3.01007
824,9.68357,2.43074,9,2.54667,0.0686356,3.011
825,10.6993,2.80291,10,3.15333,0.069951,3.11181
826,9.72156,2.54962,10,2.7,0.0668195,2.68523
827,9.75295,3.06826,10,3.39333,0.0689716,2.89488
828,8.60874,2.70801,8,2.94,0.0679884,2.87696
829,9.72844,2.50376,10,2.80667,0.0636622,2.95715
830,9.76041,2.30438,10,2.61333,0.0674079,3.16854
831,9.71978,3.04163,10,3.4,0.0688245,2.92132
832,9.69922,2.92786,9,3.21333,0.0633238,2.75209
833,8.72871,2.59656,10,2.85333,0.0658136,2.88079
834,10.6427,2.65555,10,2.88667,0.0645672,2.86075
835,9.80215,2.86979,9,3.03333,0.0672661,2.68569
836,10.8556,2.99098,10,3.54667,0.0684223,2.51068
837,9.72764,2.4692,10,2.68,0.0645961,2.62459
838,9.68997,2.93392,9,3.09333,0.0704262,2.6072
839,9.56893,2.49013,9,2.82667,0.066989,2.81532
840,10.7087,2.71618,10,3.21333,0.0698149,2.98072
841,9.62269,2.53941,9,3.08,0.068499,2.96677
842,10.8585,2.61464,10,3,0.0693724,2.54011
843,9.7144,2.56635,10,2.83333,0.0661519,2.73169
844,10.6655,2.38783,10,2.53333,0.0667704,3.27827
845,10.6797,2.84391,10,3.24667,0.0673461,3.08517
846,9.70588,2.54145,10,2.96667,0.0681817,3.09832
847,8.74199,2.26235,9,2.57333,0.0638532,2.92988
848,9.78484,2.93684,10,3.27333,0.0671964,2.81621
849,9.71284,2.77116,10,3.08,0.065894,2.79673
850,9.73895,2.94165,10,3.36667,0.0646153,2.60643
851,10.8475,3.47349,10,3.63333,0.0679581,2.5258
852,9.61025,2.71659,10,2.87333,0.068408,2.84356
853,10.5449,2.50813,10,2.79333,0.0683685,2.9275
854,8.72035,2.52599,9,2.80667,0.0697151,3.11311
855,10.5618,3.01377,10,3.22,0.0669447,3.18505
856,10.5521,3.0541,10,3.24,0.0673917,3.19462
857,9.75664,3.05054,10,3.26,0.0667224,3.34931
858,10.6276,3.0664,10,3.31333,0.0694408,2.90735
859,10.6119,2.88778,10,3.17333,0.0665258,3.04556
860,10.5881,3.35827,10,3.66,0.0700307,2.86062
861,10.7073,3.73822,10,3.98667,0.068212,2.54777
862,10.5514,2.96686,10,3.27333,0.0673969,2.99087
863,10.7318,3.40149,10,3.71333,0.0688209,2.63001
864,9.7402,3.00786,10,3.27333,0.0631826,2.82266
865,10.593,3.31658,10,3.69333,0.0673998,3.09302
866,9.70648,2.99767,9,3.18,0.0655918,3.20856
867,10.6391,2.93944,10,3.12667,0.0648714,3.18631
868,9.72623,2.39952,10,2.71333,0.0621323,3.18283
869,10.6013,2.98434,10,3.16,0.0631448,2.87925
870,10.8243,3.36887,10,3.84,0.0671971,2.80287
871,9.66663,2.80159,10,3.19333,0.0708276,2.93058
872,10.8559,3.21643,10,3.48667,0.0657355,2.73296
873,8.71523,2.76208,9,3.03333,0.0698158,3.33835
874,9.61405,2.41674,9,2.66,0.0652624,2.68976
875,10.7169,3.74544,10,4.02667,0.0663264,2.692
876,9.73591,2.24609,10,2.46,0.0674768,2.8425
877,10.6023,2.63382,10,2.98667,0.0656921,2.698
878,9.57633,2.28018,9,2.56667,0.0657444,2.75469
879,10.7055,2.43596,10,2.95333,0.0680788,2.61933
880,9.65667,2.33253,10,2.54,0.0643284,2.77235
881,9.69096,2.4204,10,2.64,0.0660907,2.78117
882,10.5606,2.11029,10,2.24667,0.0690633,3.13088
883,10.6155,2.87778,10,3.08667,0.0672103,2.56312
884,9.6858,2.44889,10,2.9,0.0679719,2.81629
885,10.6495,2.78035,10,3.18667,0.0717302,3.06798
886,9.65217,2.31364,10,2.53333,0.0668014,3.40411
887,8.62915,1.89173,8,2.36,0.0693506,3.02506
888,10.7526,2.75871,10,3.13333,0.0654155,2.46489
889,9.74849,2.43819,10,2.78,0.0688216,2.74557
890,8.68257,2.34653,9,2.62,0.0677008,3.31252
891,10.6288,2.85562,10,3.14667,0.0706115,2.8877
892,8.79475,2.75221,10,3.09333,0.0688577,2.73226
893,9.81352,2.71614,10,3.44,0.0678605,2.74026
894,9.71424,2.02544,10,2.2,0.0613431,2.70725
895,9.80205,2.42402,9,2.92667,0.069343,2.78848
896,9.72496,2.02557,9,2.42667,0.0655867,2.78568
897,8.71578,2.13028,9,2.46,0.0697433,2.8246
898,8.76163,2.30395,10,2.48,0.0689665,2.56498
899,9.85039,2.51614,10,2.84667,0.0699691,2.35207
900,9.66787,2.31611,9,2.71333,0.0683825,2.52501
901,9.76395,2.22933,10,2.30667,0.0667303,2.5822
902,9.82925,2.00896,10,2.42,0.0690691,2.6468
903,8.66896,2.11161,10,2.37333,0.0655296,2.86029
904,8.69883,1.88361,9,2.14667,0.066362,2.89861
905,8.675,1.91208,9,2.28667,0.0700589,2.77033
906,9.64907,2.11427,9,2.33333,0.0665428,2.71161
907,10.7307,2.45234,10,2.95333,0.0690605,2.97332
908,8.65897,1.71987,9,2.21333,0.0676074,2.8843
909,8.65719,1.95602,10,2.54667,0.068059,3.05652
910,9.69567,2.13149,10,2.68,0.0653125,2.74794
911,9.75046,2.20944,9,2.40667,0.0676654,2.77462
912,10.7041,2.56079,10,2.94,0.069357,3.18048
913,8.67324,2.06953,9,2.31333,0.0691177,2.80175
914,10.6706,2.45183,10,2.68,0.0679791,3.12373
915,8.70444,2.08692,9,2.46,0.0680135,3.20036
916,9.83855,2.38899,10,2.84,0.067607,2.95265
917,10.7913,2.24267,10,2.86667,0.0692315,2.99475
918,10.5797,2.58286,10,3.24,0.0719945,2.92468
919,9.71512,2.60804,10,3.04667,0.067008,2.74797
920,10.812,2.29471,10,2.9,0.0681426,2.97227
921,9.65563,2.21928,10,2.68,0.0656373,2.82744
922,10.5753,2.72033,10,3.16667,0.0698412,2.93532
923,9.60125,2.62426,10,3.2,0.0679249,2.99115
924,9.72139,2.46357,10,2.68,0.0651641,2.58163
925,10.658,2.45641,10,2.68667,0.0700605,3.01184
926,9.67141,2.26419,9,2.68,0.0643931,2.82312
927,9.70945,3.02618,10,3.19333,0.0673081,2.81082
928,9.75939,2.82409,10,3.31333,0.0697923,2.81789
929,10.5797,2.68063,10,3.36667,0.0688708,2.61456
930,10.7636,2.4651,10,2.94,0.0684348,2.4976
931,10.63,2.81785,10,3.15333,0.064643,2.4131
932,10.6873,3.31134,10,3.6,0.0664308,2.91075
933,9.70033,2.73136,10,2.97333,0.0649851,2.70541
934,8.66814,2.31701,9,2.70667,0.0665499,2.81449
935,8.67775,2.20385,8,2.46667,0.0645444,2.93777
936,8.71214,2.45205,9,2.57333,0.070804,3.28643
937,9.57652,3.04225,10,3.58667,0.0658719,3.04801
938,9.74251,3.70497,10,4.39333,0.0682016,2.82736
939,9.76557,2.74989,9,3.24,0.0678675,2.8761
940,10.7325,3.58285,10,4.01333,0.0688454,2.70834
941,10.6919,3.63117,10,4.38,0.0708189,2.95876
942,10.683,3.24437,10,3.70667,0.0677317,2.58625
943,10.7442,3.21218,10,3.76667,0.0698033,2.50599
944,8.72029,2.54013,9,2.86,0.0638066,2.8325
945,10.5744,3.22898,10,3.62,0.0688272,2.85417
946,10.5881,3.13516,10,3.71333,0.0644602,2.84672
947,10.7238,3.34434,10,3.9,0.0698565,2.74704
948,10.7266,2.91048,10,3.2,0.0676707,2.84119
949,9.63031,2.88153,10,3.48,0.0677804,3.05891
950,10.6111,3.16419,10,3.67333,0.0681026,2.99682
951,8.78306,2.92025,10,3.34,0.0698474,3.06385
952,10.8092,3.4446,10,3.71333,0.0687863,2.6561
953,10.5751,2.98613,10,3.18,0.0680913,2.92901
954,10.788,3.55375,10,4.15333,0.0707196,2.68236
955,10.5645,2.88217,10,3.5,0.0691882,2.66677
956,10.692,2.85797,10,3.12667,0.0677136,2.57626
957,10.7299,3.39556,10,4.07333,0.0682776,2.56521
958,10.6991,2.62303,10,3.43333,0.067545,2.68164
959,10.5627,2.75711,10,3.11333,0.0683521,2.81229
960,10.744,2.3555,10,2.79333,0.0675056,2.91574
961,10.6005,2.67856,10,2.81333,0.0638941,3.02336
962,9.66955,2.331,10,2.44,0.0649921,2.93283
963,10.6687,2.67769,10,2.76667,0.0641824,2.66195
964,10.6824,3.28226,10,3.52667,0.0696273,2.65687
965,9.6867,2.70119,9,2.82,0.0673341,2.84018
966,10.6412,2.63713,10,2.84667,0.0680559,3.11481
967,10.735,2.84628,10,3.17333,0.0678603,2.98097
968,9.71005,2.48419,9,2.52,0.0654346,2.70936
969,10.7836,2.34436,10,2.36,0.064215,2.56384
970,10.669,2.27371,10,2.26667,0.0703488,3.06408
971,10.8047,2.21886,10,2.31333,0.0676826,2.25506
972,10.7384,2.68551,10,2.84,0.0709694,2.23795
973,9.72309,2.22632,10,2.48,0.0663576,2.43758
974,8.7077,2.52466,10,2.66,0.0662978,2.71466
975,9.73863,2.69527,10,2.82667,0.06751,2.87457
976,10.5746,2.2513,10,2.5,0.0676538,3.15557
977,10.7428,2.75676,10,2.86667,0.0646603,2.41721
978,10.7842,3.32706,10,3.67333,0.0721424,2.70955
979,10.8008,2.90317,10,3.25333,0.0695926,3.15111
980,9.6856,2.72202,10,3.14667,0.0676645,2.83577
981,10.6721,2.85504,10,3.15333,0.0692461,2.82608
982,10.6506,3.02666,10,3.26,0.0708547,3.01929
983,10.633,2.77857,10,3.4,0.0655722,2.8549
984,10.7881,3.54146,10,4.09333,0.0710007,2.72874
985,10.6916,2.98332,10,3.68,0.0696915,3.20828
986,9.73398,2.23373,10,2.86667,0.064533,2.96362
987,9.64259,2.62133,10,3.12667,0.0687875,2.95912
988,10.6114,2.67445,10,2.86,0.065769,2.79892
989,9.64516,2.47652,9,2.76,0.0702522,2.90074
990,10.6596,2.27832,10,2.54,0.0689102,2.68957
991,10.6844,2.80953,10,3.17333,0.0716683,2.60222
992,9.65592,2.50278,10,2.78667,0.0658628,2.85199
993,9.71397,2.35181,10,2.48,0.066909,2.43342
994,9.59376,2.53671,10,2.94667,0.0675831,2.54138
995,9.6849,2.33631,9,2.80667,0.0698333,2.78177
996,10.7482,3.32536,10,3.92,0.0726373,2.70342
997,10.5862,2.94891,10,3.27333,0.0682175,2.9138
998,9.76654,2.68858,10,3.40667,0.0705104,3.16939
999,9.72391,2.46738,10,2.79333,0.068482,3.24041
1000,8.54766,1.71057,9,1.82667,0.0655409,2.48858
