1,1.00952,0.181436,9,0.246667,0.0827671,1.2547
2,0.969677,0.235117,7,0.3,0.0665991,1.27925
3,1.00644,0.310001,3,0.113333,0.0709726,1.25813
4,1.71021,0.294286,5,0.0733333,0.0694561,0.865143
5,1.39251,0.347246,5,0.106667,0.0648517,0.709566
6,1.51309,0.360515,5,0.113333,0.0649575,0.853631
7,1.65434,0.354788,6,0.1,0.066997,0.617202
8,1.25537,0.368777,3,0.04,0.0674658,0.741939
9,1.48802,0.37635,4,0.04,0.0663188,0.715587
10,1.05882,0.387361,5,0.113333,0.0653655,0.705543
11,1.26964,0.377743,3,0.0933333,0.066351,0.836067
12,1.033,0.350405,5,0.166667,0.0674228,1.00051
13,1.69561,0.364211,5,0.18,0.0711031,1.17382
14,1.59281,0.403603,5,0.253333,0.0667228,1.05869
15,1.47043,0.406761,9,0.326667,0.0699698,1.08205
16,1.4443,0.37447,6,0.28,0.0707152,1.09762
17,1.76392,0.418367,10,0.266667,0.0653921,0.929602
18,2.37914,0.376765,8,0.286667,0.066297,0.949839
19,1.17663,0.409388,6,0.206667,0.0646642,0.89689
20,1.85896,0.40819,8,0.22,0.0672994,0.907039
21,2.12186,0.413107,8,0.413333,0.0708035,1.07302
22,1.63026,0.404962,7,0.393333,0.0683387,1.06621
23,1.42613,0.409767,5,0.26,0.0659465,1.02991
24,1.64841,0.419198,8,0.386667,0.0640634,0.980269
25,1.85211,0.416136,7,0.366667,0.0702599,1.21166
26,2.17726,0.428822,7,0.306667,0.0637704,1.01072
27,1.59175,0.385359,8,0.333333,0.0698974,1.14836
28,1.4875,0.388079,6,0.24,0.0699084,1.13391
29,1.84462,0.394166,6,0.166667,0.0660481,0.861162
30,1.64445,0.434626,8,0.313333,0.0666544,0.949577
31,1.39091,0.414636,6,0.36,0.0692142,1.12884
32,1.55,0.393494,7,0.253333,0.0653443,1.28563
33,2.10721,0.435606,7,0.3,0.0707527,1.17306
34,1.68119,0.392833,9,0.3,0.0682691,1.40428
35,1.358,0.387606,5,0.2,0.0677295,1.39637
36,1.63225,0.403275,6,0.26,0.0690318,1.12618
37,1.6022,0.399826,7,0.153333,0.0675776,1.15728
38,1.85803,0.433343,7,0.233333,0.0665479,1.17192
39,1.84532,0.40154,6,0.286667,0.0700684,1.5231
40,1.60171,0.402537,9,0.286667,0.0665617,1.29919
41,1.81863,0.427556,8,0.353333,0.0704609,1.25893
42,1.10594,0.365078,4,0.14,0.0667591,1.2999
43,1.12053,0.38625,3,0.14,0.069409,1.47841
44,1.02601,0.404157,5,0.253333,0.0676276,1.51923
45,1.24093,0.401593,4,0.193333,0.0662509,1.37377
46,1.28937,0.409339,6,0.266667,0.067088,1.52413
47,1.07616,0.404507,6,0.246667,0.0708025,1.64876
48,1.43112,0.421018,7,0.346667,0.0714188,1.5703
49,1.76621,0.454188,6,0.26,0.0658292,1.37884
50,0.958953,0.416527,4,0.213333,0.0648498,1.5655
51,1.70119,0.421559,7,0.24,0.0668074,1.56827
52,1.5832,0.427675,6,0.473333,0.0694827,1.65149
53,1.01871,0.413936,5,0.3,0.0638538,1.34132
54,1.19743,0.430016,6,0.36,0.0688403,1.53264
55,1.60399,0.414068,5,0.273333,0.0683568,1.49931
56,1.53357,0.409418,7,0.346667,0.068233,1.2077
57,1.22685,0.432033,5,0.313333,0.0683402,1.35128
58,1.63258,0.454138,7,0.553333,0.0676228,1.39246
59,1.19347,0.411082,5,0.4,0.0683893,1.67562
60,1.23221,0.40246,5,0.28,0.0684974,1.56815
61,1.37353,0.429551,5,0.42,0.0674293,1.49054
62,1.07108,0.41136,4,0.333333,0.0706354,1.55033
63,1.81438,0.422676,6,0.36,0.066939,1.62151
64,1.59399,0.44242,7,0.366667,0.0693328,1.58869
65,1.21681,0.432287,5,0.326667,0.0688675,1.75184
66,1.45172,0.489313,6,0.473333,0.0695226,1.5207
67,2.09215,0.455212,7,0.533333,0.0713922,1.57422
68,1.65487,0.484411,5,0.58,0.0675897,1.33763
69,1.82215,0.502393,8,0.64,0.0690469,1.30972
70,1.47753,0.462459,5,0.446667,0.0651771,1.44381
71,1.79853,0.457417,6,0.493333,0.0653422,1.38891
72,1.45138,0.425857,4,0.44,0.0679955,1.5933
73,1.51465,0.481127,6,0.62,0.0692396,1.42072
74,2.08655,0.527086,7,0.786667,0.066814,1.40995
75,2.11762,0.507225,7,0.813333,0.0653745,1.65366
76,1.76715,0.496675,7,0.726667,0.0672967,1.72459
77,1.11112,0.458233,8,0.52,0.066366,1.67117
78,1.79787,0.486458,8,0.82,0.067199,1.4323
79,1.46559,0.455426,10,0.753333,0.0656654,1.6314
80,1.8033,0.446158,9,0.646667,0.068928,1.64892
81,1.89411,0.490584,8,0.813333,0.0712235,1.79671
82,1.55725,0.479817,6,0.8,0.0654264,1.77436
83,1.68502,0.494976,7,0.68,0.0663356,1.66953
84,1.24794,0.461633,5,0.473333,0.066465,1.65506
85,1.04636,0.476186,6,0.486667,0.0654514,1.77486
86,1.58862,0.469847,5,0.54,0.0681889,1.91269
87,1.51779,0.490385,6,0.653333,0.0669722,1.82815
88,1.22039,0.463882,7,0.5,0.0637164,1.62082
89,2.03505,0.489347,7,0.6,0.0679337,2.11392
90,1.519,0.522591,6,0.833333,0.0677624,1.9439
91,1.60177,0.499068,7,0.826667,0.068915,1.86253
92,1.75097,0.444412,6,0.653333,0.0690185,1.81197
93,1.58508,0.408019,6,0.566667,0.0677941,1.60702
94,1.68615,0.418405,6,0.58,0.0677925,1.75174
95,2.15197,0.456047,9,0.766667,0.068199,1.84708
96,2.00276,0.466862,9,0.893333,0.0692921,1.95676
97,2.15241,0.457302,9,0.593333,0.0669176,1.61577
98,1.61263,0.4427,7,0.666667,0.064929,1.5608
99,1.66745,0.448446,8,0.493333,0.0677074,1.80698
100,1.27727,0.455394,7,0.46,0.0650149,1.65839
101,1.8505,0.428423,8,0.513333,0.0680813,1.71389
102,1.5556,0.410266,8,0.393333,0.0704446,1.7229
103,1.44897,0.4409,6,0.4,0.0693393,1.58085
104,1.66316,0.419692,5,0.306667,0.0658166,1.44289
105,2.00141,0.443639,9,0.393333,0.0685042,1.65871
106,1.24365,0.427007,4,0.246667,0.0647055,1.45125
107,1.55546,0.430618,7,0.36,0.0687352,1.28503
108,1.94234,0.422639,8,0.606667,0.0711849,1.68607
109,1.7289,0.489825,6,0.48,0.0666097,1.56848
110,1.31361,0.462645,7,0.5,0.0662961,1.81674
111,2.40272,0.484486,9,0.673333,0.0693776,1.83579
112,1.28699,0.474343,6,0.586667,0.0640175,1.82808
113,1.78323,0.42061,6,0.393333,0.0679051,1.81774
114,1.35035,0.429441,7,0.493333,0.0683158,1.75438
115,1.65485,0.441848,8,0.393333,0.0674545,1.71359
116,1.11796,0.451206,6,0.533333,0.0684144,1.81511
117,1.98755,0.461803,8,0.673333,0.0688765,1.9982
118,1.36999,0.456384,6,0.426667,0.0692928,2.00276
119,1.67527,0.432726,7,0.406667,0.0649891,1.89015
120,1.72087,0.482147,7,0.62,0.0701664,1.63938
121,1.33766,0.404755,5,0.233333,0.0668006,1.61051
122,1.24189,0.42361,6,0.36,0.0679406,1.65722
123,1.68179,0.471224,9,0.473333,0.0684745,1.60499
124,1.49836,0.450215,5,0.426667,0.0647952,1.52472
125,2.02217,0.481473,8,0.586667,0.0683623,1.5375
126,1.18743,0.438197,5,0.286667,0.066714,1.56824
127,1.11402,0.399614,6,0.313333,0.0640154,1.51528
128,1.28,0.441199,6,0.38,0.0674957,1.44582
129,1.87705,0.455849,7,0.566667,0.0664851,1.51805
130,1.80847,0.443235,9,0.44,0.0670026,1.4835
131,1.26521,0.397625,6,0.346667,0.0680912,1.73125
132,1.71527,0.442871,7,0.373333,0.0672748,1.39811
133,1.79292,0.424536,8,0.32,0.0649849,1.4734
134,1.75082,0.448295,7,0.373333,0.0651821,1.4678
135,1.56078,0.413401,8,0.22,0.0678818,1.6926
136,1.70025,0.41135,6,0.373333,0.0709098,1.6169
137,2.03565,0.44073,8,0.413333,0.0690867,1.4584
138,1.98544,0.417357,7,0.34,0.0676222,1.47719
139,2.0379,0.468554,7,0.686667,0.0714353,1.53557
140,2.07389,0.438111,7,0.413333,0.0679676,1.54781
141,1.66903,0.490576,5,0.593333,0.0684046,1.46138
142,1.89733,0.497279,7,0.82,0.0713406,1.71086
143,1.54516,0.44964,6,0.44,0.065698,1.51263
144,1.28341,0.435912,6,0.513333,0.0648817,1.34903
145,1.4773,0.486213,6,0.666667,0.0667153,1.41091
146,1.27931,0.441595,5,0.433333,0.069703,1.45652
147,1.19211,0.401097,4,0.28,0.0659528,1.50687
148,1.27696,0.464801,5,0.353333,0.0664862,1.34023
149,1.53087,0.430523,6,0.32,0.0682724,1.37643
150,1.62384,0.446372,5,0.373333,0.0654871,1.33373
151,1.25294,0.474395,6,0.493333,0.0672294,1.34785
152,2.02709,0.487018,7,0.6,0.0693181,1.39798
153,1.62122,0.490753,8,0.72,0.0708844,1.59964
154,1.71321,0.483034,6,0.62,0.0683975,1.63254
155,2.19906,0.568958,7,0.866667,0.0670568,1.50453
156,1.60717,0.463138,5,0.62,0.0655237,1.69885
157,2.00077,0.453605,7,0.486667,0.0664518,1.74564
158,1.88701,0.460227,6,0.58,0.0660004,1.65073
159,1.78153,0.474367,9,0.613333,0.0668018,1.72645
160,1.85079,0.488035,7,0.46,0.0691486,1.57416
161,1.4484,0.463274,5,0.453333,0.069917,1.43854
162,1.78026,0.458615,7,0.44,0.0639821,1.66205
163,1.67195,0.481618,7,0.58,0.0663667,1.76894
164,1.65179,0.435686,7,0.586667,0.0686551,1.78913
165,2.06127,0.467276,9,0.506667,0.0684915,1.77528
166,1.74003,0.450992,8,0.64,0.0698772,1.94147
167,1.37466,0.458293,7,0.66,0.0673993,2.01669
168,1.47926,0.453493,7,0.573333,0.0677464,1.86114
169,1.57248,0.447748,7,0.666667,0.0675743,1.68463
170,1.98538,0.433488,8,0.493333,0.0670004,1.72098
171,1.73903,0.465919,7,0.653333,0.0730616,1.93977
172,1.65917,0.433874,7,0.733333,0.072868,1.88983
173,1.93792,0.446121,8,0.546667,0.0682126,1.7111
174,1.66635,0.428298,9,0.373333,0.0686099,1.48985
175,1.59752,0.429906,7,0.406667,0.0637908,1.69585
176,1.61548,0.479899,9,0.626667,0.06591,1.53291
177,1.59972,0.460458,7,0.56,0.0677272,1.78619
178,1.8928,0.468318,8,0.573333,0.0670637,1.5484
179,1.3598,0.479326,8,0.526667,0.0704562,1.69923
180,1.41547,0.435038,4,0.3,0.0683012,1.67935
181,1.45178,0.459031,7,0.426667,0.06734,1.61523
182,1.44496,0.43468,5,0.46,0.0655141,1.66752
183,1.17855,0.447737,8,0.64,0.0687264,2.02506
184,1.04343,0.439037,5,0.573333,0.0668331,1.7565
185,1.77603,0.410566,6,0.32,0.0694438,1.67227
186,2.16657,0.447895,8,0.646667,0.0653819,1.49168
187,1.99846,0.494113,8,0.946667,0.0690274,1.78501
188,1.51271,0.448279,6,0.646667,0.0676768,1.81183
189,1.52801,0.456314,7,0.56,0.0681115,1.82256
190,1.4706,0.443917,7,0.566667,0.0664601,1.9427
191,1.65444,0.458053,7,0.706667,0.0688109,1.87375
192,1.6756,0.4599,7,0.633333,0.0659311,1.61348
193,1.81813,0.453469,7,0.64,0.067829,1.60732
194,1.48275,0.407713,6,0.406667,0.0632728,1.41686
195,2.46586,0.508657,9,0.613333,0.0680996,1.43652
196,1.60485,0.493479,6,0.64,0.0680886,1.91566
197,2.00143,0.500874,8,0.633333,0.0639673,1.5479
198,1.97404,0.503683,7,0.88,0.0684437,1.77622
199,1.30534,0.42914,4,0.366667,0.067859,2.00693
200,1.4366,0.475595,5,0.44,0.0643684,1.48876
201,2.29589,0.586372,9,1.07333,0.070136,1.64987
202,1.90887,0.472122,6,0.58,0.0662944,1.90159
203,2.00628,0.476754,9,0.546667,0.0681228,1.68872
204,1.71984,0.403631,6,0.226667,0.0660109,1.54538
205,1.25064,0.433926,6,0.406667,0.0686155,1.70134
206,1.8971,0.516083,7,0.813333,0.0693259,1.50547
207,1.89408,0.45724,8,0.48,0.0670594,1.68612
208,1.46431,0.428291,7,0.386667,0.0695389,1.66125
209,1.65421,0.471503,7,0.7,0.0671185,1.72283
210,1.78868,0.491468,7,0.586667,0.0686777,1.64313
211,1.26512,0.470568,7,0.66,0.0664343,1.77808
212,1.33912,0.453626,6,0.533333,0.0633691,1.39
213,1.59905,0.454711,7,0.573333,0.0669487,1.50224
214,1.83051,0.489063,8,0.626667,0.068309,1.52897
215,1.50395,0.472638,6,0.42,0.0653558,1.39556
216,1.67958,0.475731,6,0.56,0.0680217,1.59862
217,1.49508,0.431464,5,0.413333,0.0643844,1.63696
218,1.48835,0.427866,5,0.386667,0.0668497,1.47419
219,1.35546,0.452753,5,0.46,0.0664866,1.34244
220,2.02452,0.446038,8,0.366667,0.065369,1.14738
221,1.56819,0.435812,6,0.306667,0.0708114,1.55161
222,1.25926,0.442536,5,0.3,0.0686471,1.5501
223,1.62312,0.444773,7,0.446667,0.0673231,1.41759
224,2.07165,0.456573,8,0.5,0.0695598,1.48899
225,1.50523,0.415029,5,0.306667,0.0675557,1.30041
226,1.39303,0.415999,6,0.313333,0.073261,1.40569
227,1.50145,0.385654,7,0.253333,0.0668781,1.48174
228,1.60203,0.405572,6,0.313333,0.0704452,1.40434
229,1.24814,0.406568,5,0.346667,0.0686497,1.14918
230,1.24417,0.422939,7,0.36,0.0669906,1.16158
231,1.81356,0.439086,8,0.58,0.0680498,1.28815
232,1.76106,0.419825,7,0.426667,0.0711721,1.24114
233,1.18992,0.417499,5,0.3,0.0686197,0.978931
234,1.31438,0.439114,7,0.373333,0.0670415,0.98599
235,1.02084,0.428503,8,0.386667,0.0632634,1.12755
236,1.13339,0.390157,7,0.473333,0.0687033,1.26279
237,1.71599,0.397731,7,0.473333,0.0686151,1.43018
238,1.29157,0.449767,10,0.5,0.0695871,1.24794
239,1.73366,0.433152,8,0.42,0.0680084,1.1623
240,1.47364,0.444909,5,0.426667,0.0677326,1.12819
241,1.05334,0.419463,4,0.193333,0.0681141,1.32563
242,2.00554,0.47529,7,0.513333,0.0693341,1.23662
243,1.25688,0.41113,7,0.473333,0.0648556,1.26852
244,1.1947,0.425717,6,0.466667,0.065195,1.1674
245,1.00776,0.440423,4,0.466667,0.0672324,1.2023
246,1.48829,0.445564,6,0.48,0.0664121,1.2641
247,1.20744,0.46274,5,0.326667,0.0666489,1.28306
248,1.82859,0.412703,6,0.286667,0.0648797,1.19556
249,1.20343,0.445879,7,0.36,0.0649231,0.985944
250,1.19512,0.407738,4,0.266667,0.0620612,1.08207
251,1.29592,0.408543,7,0.393333,0.0678926,1.22047
252,1.44903,0.460377,6,0.286667,0.0691731,0.879018
253,2.60299,0.502622,10,0.613333,0.0707249,1.04021
254,1.31308,0.422378,7,0.346667,0.0669551,1.0381
255,1.51878,0.471115,7,0.393333,0.0682459,0.992418
256,1.25443,0.38436,4,0.24,0.0670185,1.15363
257,1.60537,0.450301,8,0.28,0.0683,0.940966
258,1.51277,0.39672,6,0.206667,0.0675053,1.10732
259,1.35649,0.424008,5,0.326667,0.0695722,1.10461
260,1.56804,0.446025,5,0.526667,0.0681141,1.15846
261,1.17918,0.419957,6,0.32,0.0662396,1.19636
262,1.19337,0.420049,5,0.393333,0.0677052,1.33671
263,1.37175,0.413236,4,0.346667,0.0672726,1.0363
264,1.43058,0.434791,7,0.4,0.0684878,1.1874
265,1.73096,0.444097,6,0.38,0.0704989,1.3946
266,1.18375,0.401615,5,0.506667,0.0660291,1.47028
267,1.22063,0.404308,3,0.24,0.0685292,1.57811
268,1.79374,0.403938,6,0.226667,0.0679472,1.28385
269,1.18792,0.436935,4,0.313333,0.0646085,1.25356
270,1.14158,0.431242,6,0.373333,0.0672266,1.40533
271,1.47629,0.431565,8,0.56,0.0697898,1.42119
272,1.19702,0.428125,5,0.386667,0.0657073,1.36342
273,1.49438,0.475737,8,0.566667,0.0670168,1.46398
274,1.47359,0.459141,6,0.553333,0.0663215,1.62768
275,1.42903,0.448872,6,0.48,0.0664469,1.50333
276,1.34182,0.456801,6,0.486667,0.0711464,1.36028
277,1.04494,0.435509,4,0.36,0.0707525,1.22269
278,1.48518,0.456815,5,0.373333,0.067291,1.0931
279,1.29787,0.429649,5,0.32,0.0653795,1.18713
280,1.75382,0.421413,8,0.526667,0.0656304,1.25919
281,1.49094,0.443711,5,0.413333,0.0670758,1.30462
282,1.28932,0.427239,5,0.373333,0.0659852,1.36854
283,1.50034,0.455512,8,0.46,0.0664571,1.31908
284,1.03815,0.430709,4,0.48,0.0693517,1.51333
285,1.36087,0.46815,8,0.733333,0.0690382,1.42187
286,1.28385,0.464211,7,0.686667,0.0679691,1.73932
287,1.81518,0.464226,6,0.853333,0.0698593,1.85734
288,1.54671,0.486555,6,0.926667,0.06966,1.86668
289,1.1618,0.442597,7,0.66,0.0657432,1.90969
290,1.44386,0.464254,7,0.566667,0.0678148,1.40823
291,1.30924,0.444022,5,0.546667,0.0670199,1.56623
292,1.45916,0.419725,4,0.546667,0.0667674,1.49893
293,1.47094,0.500165,5,0.6,0.0661582,1.55586
294,1.86173,0.485345,10,0.793333,0.0666428,1.72159
295,1.25281,0.463908,5,0.633333,0.0654529,1.52758
296,1.87498,0.509468,7,0.7,0.0659778,1.5184
297,1.3499,0.48314,5,0.566667,0.0672244,1.71175
298,1.40214,0.448846,5,0.426667,0.068555,1.80833
299,1.70428,0.516082,6,0.753333,0.0677009,1.46091
300,1.14601,0.489933,4,0.54,0.0674418,1.96402
301,1.145,0.470691,5,0.633333,0.0702517,1.82479
302,1.16281,0.48864,5,0.633333,0.0650904,1.69823
303,2.05938,0.490543,7,1.00667,0.0693834,2.11874
304,1.48943,0.458331,6,0.66,0.0698883,2.09725
305,1.636,0.463859,6,0.546667,0.0704326,1.54019
306,1.65666,0.459974,6,0.446667,0.0682378,1.83416
307,1.69362,0.479002,5,0.58,0.0647316,1.71041
308,2.00286,0.547584,7,1.06667,0.067239,1.62708
309,1.60474,0.478078,5,0.586667,0.0669366,1.68081
310,1.17133,0.423652,4,0.36,0.0689821,1.75665
311,1.50547,0.428425,6,0.44,0.0679417,1.3669
312,1.89883,0.463354,6,0.513333,0.0677853,1.35562
313,1.49259,0.433419,5,0.373333,0.0665436,1.45418
314,1.40664,0.4516,5,0.56,0.0645792,1.43008
315,1.47933,0.463664,6,0.64,0.0671733,1.58568
316,1.70778,0.461507,5,0.573333,0.0641535,1.37879
317,2.39701,0.505462,9,0.873333,0.0714377,1.55964
318,1.46179,0.443745,9,0.5,0.0674419,1.75409
319,1.50417,0.485464,6,0.7,0.0675296,1.42714
320,1.46854,0.513085,6,0.806667,0.0696472,1.45428
321,1.93581,0.511866,6,0.966667,0.0688059,1.45927
322,1.43067,0.407332,7,0.693333,0.0705633,1.39495
323,1.26669,0.401514,6,0.5,0.0662626,1.60488
324,1.48974,0.444362,6,0.566667,0.0656954,1.67851
325,1.5986,0.476259,7,0.686667,0.0678052,1.55741
326,1.50935,0.414395,5,0.366667,0.0708402,1.48408
327,1.28598,0.451487,6,0.38,0.0706158,1.47233
328,1.82915,0.437378,6,0.62,0.0673911,1.60359
329,1.63696,0.470372,6,0.74,0.0651487,1.49067
330,1.4389,0.435612,4,0.46,0.0647429,1.37769
331,1.5555,0.467039,6,0.493333,0.0714752,1.23927
332,1.51753,0.41189,6,0.44,0.0674377,1.47095
333,1.81712,0.430398,8,0.373333,0.0718147,1.43601
334,2.01311,0.475523,8,0.54,0.0714298,1.47446
335,1.61694,0.492297,8,0.466667,0.0680151,0.978036
336,2.01049,0.451964,7,0.293333,0.0705116,1.0842
337,2.05198,0.480141,8,0.493333,0.0689797,1.1077
338,2.50475,0.479858,10,0.56,0.0668902,1.32439
339,2.10493,0.446299,7,0.486667,0.0654146,1.30732
340,2.4664,0.48126,9,0.48,0.0677188,1.0617
341,2.01772,0.46358,9,0.426667,0.0685387,1.18315
342,2.00072,0.446706,7,0.34,0.0683018,1.03829
343,1.83372,0.436182,6,0.313333,0.0626638,1.14173
344,1.73228,0.468827,6,0.546667,0.0677434,1.29505
345,1.82029,0.517789,9,0.68,0.0720542,1.3564
346,2.26815,0.532798,8,0.8,0.069294,1.36124
347,2.0224,0.457558,7,0.493333,0.0694808,1.34468
348,1.46633,0.414518,6,0.353333,0.0659361,1.44309
349,1.55557,0.474413,6,0.513333,0.0670555,1.31032
350,1.87617,0.496298,7,0.633333,0.0694478,1.59951
351,1.41073,0.440147,4,0.4,0.0656531,1.54755
352,1.81182,0.466564,7,0.473333,0.0683809,1.29859
353,2.03268,0.438818,7,0.513333,0.0685732,1.63107
354,2.11732,0.457522,7,0.533333,0.0653835,1.4652
355,2.24686,0.457755,8,0.533333,0.0665503,1.52805
356,2.07868,0.534363,7,0.84,0.0692153,1.7281
357,1.13483,0.444056,3,0.3,0.0629847,1.57036
358,2.26559,0.528956,9,0.633333,0.0677789,1.56495
359,1.39849,0.480562,5,0.5,0.0666068,1.71331
360,1.94435,0.483446,8,0.46,0.0679116,1.59808
361,1.92372,0.506294,6,0.606667,0.0668404,1.84405
362,1.74572,0.455033,7,0.62,0.0712058,1.87215
363,1.73473,0.469911,6,0.673333,0.0689308,1.81307
364,1.65693,0.456875,6,0.626667,0.0685544,2.07218
365,1.4313,0.450921,5,0.426667,0.0649004,1.88738
366,1.7192,0.486316,7,0.866667,0.067056,1.86773
367,1.61278,0.500687,5,0.593333,0.0669931,1.84567
368,1.6974,0.433499,6,0.506667,0.0657253,1.88293
369,1.68341,0.426225,8,0.386667,0.0689431,1.71566
370,1.33839,0.457403,6,0.426667,0.0687921,1.98105
371,1.48512,0.404499,5,0.326667,0.0666524,1.95667
372,2.37628,0.480506,9,0.613333,0.0679653,1.72525
373,1.72761,0.480453,7,0.72,0.0690015,1.88364
374,1.74012,0.485666,6,0.613333,0.0682531,2.05278
375,1.32039,0.454728,6,0.48,0.0674231,1.75813
376,1.50216,0.451017,6,0.5,0.0671669,1.79722
377,1.72055,0.461712,7,0.58,0.0660201,1.93
378,1.34596,0.427108,6,0.406667,0.0661228,2.00065
379,1.92447,0.447154,8,0.453333,0.0683339,1.8384
380,1.87435,0.449259,7,0.74,0.0667702,2.05983
381,1.55033,0.4506,6,0.44,0.0665262,1.97551
382,1.71579,0.468836,8,0.473333,0.0668433,1.78755
383,1.72215,0.46432,7,0.426667,0.0665133,1.79123
384,1.42802,0.410611,6,0.333333,0.066633,1.82553
385,1.39796,0.432263,5,0.386667,0.0676696,1.86717
386,2.17647,0.470814,8,0.58,0.066316,1.87799
387,1.31392,0.431455,6,0.46,0.0677901,2.17045
388,2.12375,0.45458,7,0.76,0.0692274,2.15852
389,1.89566,0.461915,7,0.56,0.069793,2.1015
390,1.49184,0.455882,8,0.553333,0.0683315,1.82839
391,1.73895,0.470335,7,0.733333,0.0670055,1.97009
392,1.6946,0.460485,9,0.573333,0.0652805,2.06027
393,1.24583,0.440764,7,0.4,0.063161,2.00795
394,1.456,0.499077,8,0.673333,0.0658177,2.10302
395,1.38144,0.47117,7,0.58,0.06762,2.25349
396,1.80988,0.488563,7,0.466667,0.0628577,1.89839
397,1.84019,0.481859,8,0.626667,0.0681833,1.93327
398,1.51707,0.458673,6,0.42,0.0674195,1.86743
399,2.2537,0.474609,8,0.48,0.066096,1.97628
400,1.22088,0.458797,5,0.34,0.0633305,1.81782
401,1.547,0.467436,6,0.426667,0.0651376,2.20668
402,1.37719,0.504259,6,0.54,0.069565,2.05607
403,1.79698,0.473643,9,0.633333,0.0722748,2.23089
404,2.30129,0.463597,8,0.5,0.0669958,1.98012
405,1.85667,0.466378,8,0.666667,0.0687018,2.02882
406,1.72661,0.52231,8,0.866667,0.0639682,1.80872
407,1.82763,0.53083,7,0.713333,0.0645085,1.9841
408,2.2738,0.581004,8,1.06667,0.0684099,1.97368
409,1.55805,0.52486,6,0.826667,0.0674998,2.18308
410,1.80668,0.525681,6,0.78,0.0651732,2.19905
411,1.77739,0.477341,6,0.52,0.0669608,2.30595
412,2.18276,0.552751,8,0.82,0.0688242,2.16252
413,1.72201,0.521608,6,0.613333,0.0651982,2.322
414,2.21772,0.480372,8,0.493333,0.0649149,2.12625
415,1.64552,0.531937,7,0.693333,0.0656228,2.02177
416,1.83119,0.510274,8,0.693333,0.0695008,2.32532
417,2.0401,0.565649,8,0.866667,0.0690153,2.10812
418,2.00592,0.531752,8,0.726667,0.0649365,2.21314
419,2.03087,0.55404,7,0.726667,0.0686719,2.33227
420,1.97058,0.621836,8,1.14667,0.0697206,2.46622
421,1.83849,0.501283,9,0.666667,0.06878,2.28133
422,1.93588,0.500955,9,0.706667,0.0688378,2.38986
423,1.95097,0.503339,8,0.74,0.0649708,2.21089
424,1.66291,0.462048,7,0.66,0.0644659,2.07783
425,1.26544,0.472264,6,0.62,0.0620936,2.0535
426,1.82745,0.525722,10,0.893333,0.072736,2.38112
427,1.59335,0.477804,8,0.88,0.0695736,2.46429
428,1.74471,0.48423,7,0.893333,0.0686908,2.27503
429,1.85744,0.475844,9,0.966667,0.0675295,2.56918
430,1.43776,0.471555,8,0.586667,0.0701082,2.38088
431,1.86955,0.503826,8,0.766667,0.065758,2.14277
432,1.87976,0.534363,8,0.753333,0.0672336,2.18343
433,1.80838,0.508457,7,0.866667,0.0673099,2.25195
434,1.86564,0.492969,9,0.82,0.0696278,2.06692
435,1.78387,0.500152,7,0.78,0.0679974,2.08377
436,2.32509,0.517883,8,0.74,0.069772,2.33159
437,1.61952,0.442511,5,0.5,0.0659864,2.07305
438,1.91244,0.463246,6,0.506667,0.065792,2.00575
439,2.08616,0.487818,7,0.74,0.0698374,2.43339
440,2.28699,0.495653,10,0.753333,0.0667517,2.29947
441,2.10357,0.558695,8,1.04,0.0685386,2.2616
442,2.18701,0.544212,9,0.946667,0.0676458,2.21748
443,1.79084,0.489065,6,0.673333,0.0678419,2.18407
444,2.07617,0.625347,7,1.20667,0.0661416,2.24216
445,2.18539,0.65804,9,1.53333,0.0675844,2.51502
446,1.89675,0.550779,7,1.04,0.0659764,2.46955
447,2.16955,0.54456,8,0.96,0.0668505,2.49401
448,2.53096,0.559295,10,1.01333,0.0637998,2.04703
449,1.91174,0.535442,9,0.966667,0.0694549,2.53133
450,2.00892,0.561662,9,1.03333,0.0660527,2.18342
451,2.1179,0.616919,9,1.3,0.0660062,2.43404
452,2.35021,0.563493,9,1.16667,0.0642622,2.30307
453,1.95461,0.538068,9,0.986667,0.0680843,2.39181
454,1.9942,0.609614,9,1.16667,0.0693469,2.45021
455,1.95736,0.658364,8,1.37333,0.0698174,2.77121
456,2.16698,0.610923,9,1.27333,0.065715,2.39421
457,2.06408,0.607466,9,1.39333,0.0668187,2.54106
458,2.36571,0.571084,9,1.04,0.0621045,2.43837
459,2.04398,0.54336,7,0.86,0.064415,2.21295
460,2.52097,0.605968,9,1.42667,0.0689391,2.51382
461,2.13515,0.551187,8,1.2,0.0682027,2.82912
462,2.07419,0.634949,9,1.35333,0.0699281,2.61819
463,1.90669,0.585308,10,1.30667,0.0668427,2.54644
464,1.89183,0.585722,8,1.11333,0.0666305,2.6189
465,1.97905,0.602789,8,1.3,0.0677621,2.73657
466,2.24709,0.601661,10,1.27333,0.0687415,2.75593
467,1.97183,0.492424,7,0.913333,0.0662503,2.50929
468,1.80034,0.569289,8,1.22,0.0715307,2.94349
469,2.14821,0.575597,8,1.28667,0.0653381,2.67882
470,2.10457,0.638233,9,1.58,0.067548,2.85076
471,2.00215,0.566094,9,1.22,0.0655591,2.93607
472,2.03258,0.534852,7,1.18667,0.0660713,2.69818
473,1.98986,0.560723,8,1.24667,0.0686772,2.80545
474,2.42381,0.558891,10,1.32667,0.0672465,2.84535
475,1.88539,0.576363,8,1.16,0.0698559,2.61041
476,2.01746,0.538462,7,1.12667,0.0690872,2.96708
477,1.98524,0.541481,8,0.993333,0.0656133,2.61914
478,1.88401,0.598379,7,1.23333,0.0655936,2.82784
479,1.98281,0.604796,8,1.38667,0.0665702,2.85043
480,2.16541,0.581571,9,1.28667,0.0688277,2.72183
481,2.51067,0.592124,10,1.39333,0.0690539,2.68883
482,2.06125,0.641071,8,1.54,0.0673855,2.87019
483,2.15597,0.576845,8,1.24,0.0653471,2.83536
484,2.17009,0.645975,8,1.38,0.0652571,2.41203
485,1.98114,0.604037,7,1.08,0.0662079,2.54595
486,1.84858,0.552957,7,1.02667,0.0683821,2.46354
487,2.33426,0.580216,9,1,0.0681739,2.32051
488,2.05854,0.610813,8,1.3,0.0693551,2.78021
489,2.01814,0.533929,7,1.08667,0.069695,2.68605
490,1.94125,0.614945,7,1.22667,0.06834,2.8655
491,1.8746,0.546523,7,0.993333,0.0681739,2.79026
492,2.19622,0.529073,8,1.10667,0.0658874,2.43992
493,1.88378,0.547713,7,1.08667,0.0641717,3.05866
494,1.82749,0.530887,7,1.02667,0.0672995,2.68759
495,1.44796,0.561429,5,1.00667,0.0655577,2.4982
496,2.01007,0.573397,8,1.31333,0.0665306,2.80957
497,1.73999,0.518972,6,1.24,0.0668458,3.33667
498,1.87224,0.608184,7,1.21333,0.0677114,2.48711
499,2.4756,0.551572,9,0.973333,0.0632328,2.21611
500,2.18721,0.548859,8,0.846667,0.0676812,2.27313
501,1.77978,0.571239,6,1.09333,0.0680544,2.50552
502,2.45035,0.626413,9,1.46,0.0687022,2.51717
503,2.33748,0.571475,10,1.31333,0.0672685,2.83881
504,1.73975,0.547049,7,1.08667,0.0656906,2.72437
505,1.96036,0.585912,8,1.24667,0.06901,2.61967
506,1.99747,0.597726,8,1.47333,0.066959,2.61681
507,2.28851,0.556598,8,1.44667,0.0693435,2.80347
508,2.19264,0.623003,8,1.47333,0.0692817,2.88776
509,2.24862,0.574854,8,1.33333,0.0695604,3.10814
510,2.36979,0.576889,9,1.36,0.0689966,2.87835
511,1.81801,0.588759,7,1.39333,0.068363,3.38923
512,2.60649,0.587079,9,1.29333,0.0710955,3.08741
513,2.62235,0.696367,9,1.68,0.0702065,3.05361
514,2.62263,0.590321,9,1.37333,0.0720826,2.89628
515,2.38289,0.638792,9,1.56,0.0652104,2.62635
516,1.7104,0.565848,7,1.20667,0.0665595,2.51453
517,1.92581,0.529226,7,1.04,0.0671172,2.4974
518,2.2254,0.569607,8,1.49333,0.0675089,2.84113
519,2.63606,0.647363,10,1.60667,0.0678964,2.51067
520,2.00185,0.535407,7,1.24667,0.0645753,2.73292
521,2.39487,0.636072,8,1.6,0.0689559,2.92845
522,2.53574,0.558835,9,1.37333,0.0685515,3.05155
523,1.83687,0.570842,7,0.986667,0.0620798,2.82717
524,2.32754,0.565049,8,1.08667,0.068026,3.06272
525,2.1725,0.565162,8,1.04,0.0665043,2.74009
526,1.77427,0.596213,7,1.09333,0.0686172,2.83417
527,2.11975,0.54472,8,1.01333,0.0638209,2.66601
528,2.15613,0.545497,8,0.94,0.0644994,2.68356
529,2.19486,0.539266,8,1.07333,0.0662806,3.17351
530,1.85828,0.52759,7,1.08,0.0649555,3.03557
531,2.14165,0.586236,7,1.29333,0.066276,2.8572
532,2.62861,0.632325,10,1.39333,0.0682602,2.65946
533,2.39423,0.62654,8,1.33333,0.0680781,2.6318
534,1.8448,0.557018,7,1.14667,0.065397,2.8065
535,2.58224,0.607205,9,1.51333,0.0690845,3.20083
536,2.38567,0.724158,8,1.84667,0.0685594,2.93068
537,2.13788,0.603557,8,1.12,0.0654562,2.7851
538,2.01143,0.574107,8,0.92,0.0649181,2.84703
539,2.1626,0.560028,7,1.10667,0.067561,3.04704
540,2.10352,0.59349,7,1.32667,0.067589,3.02451
541,2.59032,0.618855,9,1.31333,0.0689845,2.82094
542,2.11162,0.675228,7,1.56667,0.0644004,2.76982
543,2.2835,0.6417,8,1.39333,0.0684622,2.57389
544,2.07373,0.581772,7,1.06667,0.0667945,2.70904
545,2.16086,0.548215,7,0.973333,0.067799,2.39578
546,2.5083,0.644208,9,1.30667,0.0679492,2.34334
547,2.86563,0.646678,10,1.38,0.0680085,2.57263
548,2.2045,0.592155,8,1.2,0.0701131,2.86381
549,2.14958,0.576662,7,1.12667,0.0680568,2.65706
550,2.13579,0.621793,7,1.20667,0.0644612,2.51482
551,2.39058,0.614256,8,1.18,0.0710272,2.26822
552,1.91248,0.549185,7,0.973333,0.0657989,2.3778
553,2.38209,0.572906,8,1.12667,0.0686881,2.57919
554,2.39697,0.537423,8,1.03333,0.0672541,2.45519
555,1.82879,0.561704,6,0.806667,0.0660783,2.18406
556,1.88745,0.52253,6,0.886667,0.07051,2.29529
557,2.35067,0.521032,8,0.793333,0.0673555,2.25084
558,2.4026,0.56867,8,0.98,0.0693308,2.33122
559,1.89693,0.611825,7,1.24,0.066099,2.62593
560,2.15629,0.535908,7,1.02667,0.0678615,3.09156
561,1.86393,0.516962,6,0.92,0.0651988,2.79796
562,2.16355,0.558167,7,0.96,0.0671087,2.71502
563,1.86808,0.604658,6,1.21333,0.0635132,2.49305
564,1.68559,0.507629,6,0.746667,0.0642194,2.54448
565,2.16299,0.541713,7,1.02,0.0648752,2.34116
566,1.70991,0.518533,5,0.6,0.065138,2.12297
567,2.38386,0.647172,8,1.34,0.0663873,2.2923
568,2.61792,0.610947,9,1.44667,0.0679141,2.38792
569,2.23562,0.64952,8,1.54667,0.0670997,2.49799
570,2.63428,0.663988,9,1.42,0.0708065,2.40275
571,2.6245,0.583498,9,1.22667,0.0697803,2.55884
572,2.46709,0.562471,9,1.32,0.066734,2.44767
573,1.64415,0.503992,7,0.94,0.0633576,2.52979
574,2.11469,0.525965,7,0.813333,0.0647301,2.1564
575,1.83764,0.527122,8,1.02667,0.0691535,2.29546
576,2.35839,0.593557,8,1.17333,0.0716171,2.18595
577,2.39309,0.603923,8,1.28667,0.0684788,2.35797
578,1.90027,0.595373,7,1.1,0.068242,2.32201
579,2.41369,0.557352,8,1.16,0.0688765,2.33637
580,1.66541,0.506114,6,0.746667,0.0679221,2.52019
581,2.39535,0.580171,8,1.1,0.0706056,2.27719
582,2.33748,0.606273,8,1.30667,0.0681946,2.34133
583,1.80271,0.566304,6,0.913333,0.0631156,2.59609
584,2.16695,0.543419,7,1.01333,0.0700759,2.4063
585,2.42389,0.583096,8,1.23333,0.0718398,2.39024
586,2.05839,0.610012,7,1.37333,0.0674413,2.13556
587,2.39188,0.685665,8,1.46,0.0652633,2.38087
588,2.34307,0.590319,9,1.18667,0.0669684,2.5504
589,1.89011,0.56055,6,1.06667,0.0659837,2.5774
590,2.37938,0.695975,8,1.57333,0.0674724,2.46043
591,1.88303,0.550715,6,1.12667,0.0648665,2.58044
592,2.57854,0.693034,9,1.59333,0.0682254,2.39759
593,2.09729,0.678715,8,1.56,0.0656208,2.69298
594,2.26754,0.646597,8,1.4,0.0647457,2.32727
595,2.36201,0.64137,8,1.38667,0.0682765,2.34834
596,2.29189,0.63682,8,1.5,0.0697238,2.62116
597,2.6132,0.604857,9,1.38,0.067583,2.61139
598,2.63969,0.672813,9,1.70667,0.0686359,2.80238
599,2.15672,0.591536,8,1.33333,0.0682721,2.76574
600,1.73331,0.592935,9,1.28667,0.0669702,2.54791
601,2.34784,0.690162,8,1.83333,0.0679295,2.634
602,2.59958,0.668144,9,1.55333,0.068458,2.36747
603,2.09631,0.610127,8,1.41333,0.0673531,2.7053
604,2.19927,0.619856,8,1.41333,0.0691637,2.58042
605,2.24539,0.594041,9,1.35333,0.0669421,2.51524
606,1.96811,0.586713,8,1.34,0.0693632,2.78658
607,2.37145,0.620378,8,1.62667,0.0670923,2.77224
608,2.20147,0.653752,9,1.5,0.0694499,2.83379
609,2.34681,0.584749,8,1.39333,0.0640764,2.85367
610,2.40387,0.628639,8,1.6,0.0705718,2.68459
611,2.2052,0.638784,8,1.43333,0.0676194,2.53363
612,2.74194,0.629434,10,1.34,0.0655859,2.46207
613,2.46527,0.679993,9,1.59333,0.0688411,2.59173
614,2.42835,0.718313,9,1.91333,0.0664541,2.5546
615,2.3581,0.689429,8,1.70667,0.0685709,2.6
616,2.45141,0.683249,10,1.64667,0.0684052,2.36566
617,2.29922,0.724098,9,1.92,0.0670986,2.20352
618,2.31158,0.672724,8,1.64667,0.0690429,2.50766
619,2.38302,0.630079,8,1.68,0.065309,2.54578
620,2.49612,0.773492,9,2.18667,0.0684498,2.44509
621,1.77054,0.590837,7,1.43333,0.0645633,2.50739
622,2.03844,0.477513,7,0.826667,0.067087,2.2464
623,2.03193,0.539313,8,1.25333,0.0661331,2.17672
624,2.71649,0.684292,10,1.83333,0.0691171,2.28388
625,2.22086,0.580965,10,1.36667,0.0684359,2.25334
626,2.7145,0.572766,10,1.26667,0.0681584,2.30451
627,2.02468,0.570491,7,1.10667,0.0653447,2.29296
628,2.35707,0.624883,9,1.55333,0.070697,2.21942
629,2.13307,0.662219,8,1.82,0.0706887,2.49622
630,2.50317,0.584462,9,1.62667,0.0693964,2.42333
631,2.1271,0.654477,9,1.58,0.0683943,2.21523
632,2.47571,0.659063,10,1.6,0.0693462,2.25983
633,2.75282,0.771894,10,1.96,0.0670056,2.13042
634,2.75964,0.720645,10,1.86,0.0665406,2.12788
635,2.52443,0.640707,9,1.49333,0.0671112,2.0033
636,2.27442,0.647855,8,1.49333,0.0644011,2.16032
637,2.51009,0.561727,9,1.16667,0.0669662,1.89192
638,2.1372,0.522837,7,1.13333,0.0683719,1.87934
639,2.46763,0.573256,9,1.38,0.0690721,1.82453
640,2.1337,0.551866,8,1.17333,0.0663186,2.01158
641,2.54495,0.610406,9,1.31333,0.0674872,1.87954
642,2.31757,0.568886,8,1.24,0.066928,2.29513
643,2.07007,0.565569,7,1.10667,0.0681887,1.99636
644,2.35257,0.59783,8,1.19333,0.0658972,2.10978
645,2.35955,0.67042,9,1.92667,0.0700548,2.24218
646,2.23691,0.664188,9,1.69333,0.0679051,2.15927
647,2.57474,0.617713,10,1.55333,0.0690299,2.17636
648,1.98687,0.53868,9,1.34,0.0690455,2.42863
649,2.30094,0.605239,8,1.54667,0.0630014,1.81357
650,2.54204,0.677717,9,1.54667,0.0737004,1.82911
651,2.48187,0.707637,9,2.07333,0.0674039,2.04874
652,1.77254,0.577688,9,1.06,0.0674322,2.40691
653,2.14116,0.610353,7,1.29333,0.0668476,1.96761
654,2.86806,0.825998,10,2.3,0.0709872,2.06763
655,2.53152,0.775089,10,2.06667,0.0671064,2.3821
656,1.98375,0.577877,8,1.34667,0.0712797,2.27157
657,2.84405,0.742883,10,1.88,0.0702574,2.25959
658,2.30006,0.69668,9,1.63333,0.0673009,2.16694
659,2.09539,0.544559,8,1.34667,0.0675319,2.52204
660,2.12204,0.58871,7,1.23333,0.0672694,2.02598
661,2.52371,0.688809,9,1.58,0.0678274,2.18714
662,2.26933,0.588483,8,1.33333,0.0673286,2.18983
663,1.939,0.534501,7,1.18,0.06367,2.23481
664,2.05209,0.548086,8,1.22667,0.0674853,2.35794
665,2.59279,0.658052,9,1.87333,0.0683109,2.30684
666,1.86276,0.629137,7,1.62,0.0656548,2.50112
667,1.79099,0.612209,7,1.42,0.0669589,2.19651
668,2.4025,0.662035,8,1.75333,0.0711084,2.24911
669,2.31431,0.6579,10,1.63333,0.0672509,2.17488
670,2.62219,0.745634,9,2.18,0.0693095,2.33079
671,2.17905,0.693375,8,1.8,0.0694808,2.18367
672,2.54525,0.671072,9,1.78,0.0694451,2.53923
673,2.57996,0.653202,9,1.62,0.067755,2.23664
674,2.45645,0.617373,9,1.43333,0.065757,2.3251
675,2.32988,0.596297,8,1.49333,0.0681542,2.48979
676,2.17405,0.558937,9,1.22667,0.0654682,2.23856
677,2.13319,0.658692,8,1.62667,0.0694742,2.74124
678,2.46061,0.706964,10,1.81333,0.0699818,2.30539
679,1.7833,0.56686,6,1.24667,0.067187,2.42425
680,2.32382,0.68458,9,1.52,0.0657705,2.62271
681,2.54511,0.644839,9,1.53333,0.0672036,2.63941
682,2.15411,0.650734,7,1.78667,0.0718401,2.67085
683,1.94768,0.594581,7,1.17333,0.0688638,2.80542
684,2.37911,0.641422,8,1.31333,0.0676163,2.98021
685,1.87517,0.578709,7,1.11333,0.0677102,2.81806
686,2.34812,0.655039,9,1.59333,0.068871,2.71968
687,2.50823,0.643793,9,1.45333,0.0686096,2.58106
688,2.16982,0.735463,8,1.74667,0.0667124,2.30996
689,2.83448,0.675538,10,1.65333,0.0680243,2.70105
690,2.79577,0.712565,10,1.93333,0.071644,2.72672
691,2.0898,0.61093,8,1.38,0.0675706,2.59289
692,2.09069,0.670479,8,1.72,0.0668142,2.50227
693,2.27028,0.560541,9,1.23333,0.0629065,2.86245
694,2.37694,0.750754,9,1.86,0.0702878,2.85559
695,2.50325,0.653305,10,1.81333,0.0671234,2.94212
696,2.68989,0.737007,10,2.06667,0.0682761,2.52521
697,2.72693,0.805477,10,2.39333,0.0674084,2.39874
698,2.62812,0.643098,9,1.66667,0.0691358,2.58019
699,2.52194,0.660811,9,1.42667,0.0665724,2.36941
700,2.29916,0.566078,8,0.873333,0.0634607,2.34223
701,2.76742,0.748976,10,1.94,0.0625129,2.36761
702,1.99761,0.643237,9,1.69333,0.0651588,2.13822
703,2.36977,0.690836,8,1.51333,0.0658163,2.11015
704,2.24732,0.650636,8,1.49333,0.0693533,2.28755
705,2.04058,0.612161,7,1.21333,0.0690382,2.17913
706,2.35714,0.692666,8,1.8,0.0685317,2.39593
707,2.24863,0.711155,8,1.87333,0.0656902,2.59414
708,2.3283,0.676828,9,1.69333,0.0655978,2.27316
709,2.32009,0.770417,8,2.07333,0.0696506,2.54082
710,2.81654,0.790337,10,2.32667,0.067264,2.39267
711,2.23836,0.653066,8,1.64,0.0657975,2.59616
712,2.41364,0.664511,9,1.64667,0.0695846,2.70248
713,2.08945,0.654394,8,1.65333,0.0672434,2.60322
714,2.45126,0.751795,10,2,0.0685735,2.26062
715,2.707,0.761448,10,1.99333,0.0693647,2.7189
716,2.1541,0.728519,7,2.06667,0.0639335,2.29034
717,2.58673,0.706808,9,1.82667,0.0682543,2.56844
718,2.54749,0.778558,9,2.29333,0.0697288,2.63629
719,2.35335,0.674046,8,1.75333,0.0701187,2.60128
720,2.08396,0.74682,7,1.83333,0.0663339,2.59691
721,2.25713,0.774026,9,2.2,0.0666662,2.73652
722,2.47389,0.660829,9,1.76667,0.0673649,2.67382
723,2.8159,0.826346,10,2.31333,0.0691037,2.35903
724,2.58087,0.792146,10,2.4,0.0682344,3.13667
725,1.92856,0.651844,7,1.51333,0.0668044,2.63114
726,2.2789,0.714259,9,1.80667,0.0651737,2.51196
727,2.54202,0.733099,9,1.95333,0.0698265,2.62921
728,2.01694,0.630599,7,1.56,0.0656004,2.4819
729,1.98497,0.70948,7,1.84,0.0680412,2.79083
730,2.54228,0.769136,9,2.34667,0.0702352,2.79315
731,2.55097,0.794758,9,2.17333,0.0664122,2.63633
732,2.34456,0.826461,8,2.36667,0.06989,2.91144
733,2.52406,0.941909,9,2.73333,0.0688021,2.73301
734,2.07238,0.835507,7,2.22667,0.0673723,2.84528
735,2.10515,0.687801,8,1.65333,0.0669461,2.72034
736,2.31191,0.728041,8,1.98667,0.0663333,2.7706
737,2.58658,0.888863,9,2.54667,0.0698396,2.56246
738,2.74403,0.883641,10,2.53333,0.0656659,2.63853
739,2.21096,0.643493,9,1.66,0.0697681,2.63133
740,2.54714,0.731068,9,1.89333,0.0651194,2.68457
741,1.92625,0.610015,7,1.42,0.0642444,2.92192
742,1.66023,0.591155,6,1.21333,0.0673375,2.70621
743,2.54659,0.72763,9,1.76,0.0677613,2.64949
744,1.93006,0.724208,8,1.84667,0.0657718,2.7379
745,2.40788,0.840095,9,2.28667,0.0678533,2.73102
746,2.42321,0.758015,8,2.10667,0.0684849,2.7444
747,2.18243,0.705913,8,2.06,0.0706588,2.93903
748,2.10757,0.632703,8,1.54667,0.068802,2.87159
749,1.70809,0.543409,6,0.98,0.0634691,2.52392
750,2.08491,0.603238,8,1.35333,0.0692309,2.46489
751,1.93515,0.727792,8,1.87333,0.0679713,2.35868
752,2.07678,0.706313,8,1.89333,0.068191,2.57265
753,2.13514,0.706108,8,2,0.0676139,2.58881
754,2.39036,0.76578,9,2.20667,0.0672274,2.59918
755,2.8452,0.820245,10,2.46,0.0696884,2.71284
756,2.26619,0.622336,9,1.63333,0.067643,2.59931
757,2.07822,0.656173,10,1.78,0.0664373,2.25276
758,2.34972,0.620802,8,1.32,0.0680838,2.33726
759,2.37339,0.766958,9,2.06,0.0704082,2.57553
760,2.45525,0.72463,9,1.72667,0.0671622,2.3927
761,2.45518,0.606743,9,1.46667,0.0660607,2.27649
762,2.14721,0.648046,7,1.41333,0.0684323,2.27838
763,2.27524,0.662606,9,1.52,0.069632,2.45834
764,2.21893,0.626438,8,1.56667,0.071193,2.38288
765,2.18523,0.53552,8,1.08,0.0663228,2.55529
766,2.36942,0.614985,8,1.39333,0.0661039,2.1516
767,2.3521,0.645088,8,1.49333,0.0681834,2.26147
768,2.77952,0.690998,10,1.69333,0.0696311,2.37649
769,1.97028,0.577785,7,1.24,0.067222,2.74089
770,2.77621,0.632098,10,1.41333,0.0694722,2.4984
771,2.61071,0.655898,9,1.52,0.0696129,2.46978
772,2.48312,0.557405,9,1.3,0.0654264,2.49586
773,2.43637,0.645975,9,1.47333,0.072439,2.34925
774,2.13185,0.527295,8,0.933333,0.0642914,2.0901
775,2.12414,0.545537,7,0.833333,0.067057,2.095
776,2.42265,0.558073,8,1.11333,0.0673493,2.18005
777,2.25832,0.582363,8,1.10667,0.0677565,2.20259
778,2.17163,0.627203,9,1.44667,0.0708991,2.30387
779,2.2897,0.6332,9,1.35333,0.0718406,2.56703
780,2.41493,0.600522,9,1.29333,0.0719567,2.579
781,2.29407,0.59554,8,1.11333,0.0687686,2.42415
782,2.13913,0.520819,7,0.88,0.0640769,2.49016
783,2.33956,0.575549,8,1.24,0.0682963,2.41682
784,2.01438,0.626218,7,1.13333,0.0694472,2.46324
785,2.54555,0.563816,9,1.12,0.067198,2.42025
786,2.21763,0.526998,8,0.866667,0.0649262,2.65095
787,2.50913,0.600814,9,0.993333,0.0686568,2.43057
788,2.36747,0.636103,8,1.28667,0.0668241,2.24277
789,2.26416,0.530882,9,0.933333,0.0654495,2.67105
790,2.52623,0.667734,9,1.48,0.0704645,2.31345
791,2.31395,0.649069,9,1.42667,0.0663343,2.42527
792,2.43333,0.568669,9,1.07333,0.0668373,2.49151
793,2.44345,0.674679,10,1.42667,0.0732225,2.22527
794,2.824,0.75384,10,1.75333,0.0659461,2.33475
795,2.38085,0.654768,8,1.31333,0.0685699,2.4971
796,2.32736,0.634102,8,1.54,0.0710563,2.72143
797,2.22823,0.577157,8,1.28,0.0658726,2.41348
798,2.57152,0.609433,9,1.44,0.0678081,2.40946
799,2.27716,0.628162,8,1.51333,0.0687763,2.61198
800,2.08589,0.599312,7,1.37333,0.068785,2.47841
801,2.20098,0.602126,8,1.29333,0.0670766,2.51143
802,2.15082,0.561431,8,1.07333,0.0703144,2.39607
803,2.58616,0.63604,10,1.32,0.0690487,2.336
804,2.08739,0.555554,8,1,0.0692798,2.46299
805,1.96854,0.583096,8,0.986667,0.0635257,2.23077
806,2.31848,0.594787,8,1.11333,0.0662733,2.01031
807,2.14617,0.658522,7,1.45333,0.0680674,2.40006
808,2.15662,0.56762,8,1.14,0.069463,2.35881
809,2.5141,0.621748,9,1.36,0.0725827,2.59277
810,2.54442,0.61434,9,1.24,0.0660453,2.22225
811,2.12344,0.580058,8,1.24667,0.0724639,2.60323
812,2.76468,0.570277,10,1.18667,0.0650435,2.28052
813,2.69652,0.666989,10,1.76667,0.0686584,2.21123
814,2.29028,0.577453,8,1.42667,0.0649521,2.27317
815,1.95063,0.52203,6,0.806667,0.067954,2.20016
816,2.10034,0.49661,7,0.993333,0.0663886,2.46418
817,2.09638,0.551007,7,1.05333,0.0682141,2.57465
818,2.31241,0.552895,9,1.02,0.0682093,2.28184
819,2.33947,0.547225,8,0.98,0.0694249,1.99402
820,2.56509,0.579623,9,1.23333,0.0676909,2.03714
821,2.7896,0.613041,10,1.26667,0.0700932,2.09996
822,2.10941,0.534182,7,1,0.0666884,2.02938
823,2.5046,0.561849,10,0.966667,0.069878,1.96858
824,2.13911,0.556468,8,1.13333,0.0661335,1.97859
825,1.67329,0.527203,5,0.793333,0.0646151,1.87332
826,2.55352,0.568497,9,0.946667,0.0674986,1.98463
827,2.3773,0.532725,8,0.793333,0.0654238,1.73712
828,2.10132,0.584145,8,1.10667,0.066555,1.99668
829,2.14579,0.541086,8,1.06667,0.0664339,1.82393
830,1.86851,0.453854,8,0.746667,0.0718563,2.08291
831,2.75123,0.575841,10,1.2,0.0716365,2.20272
832,1.91425,0.48446,7,0.753333,0.0652597,1.97265
833,2.29217,0.487531,8,0.693333,0.0664523,1.81816
834,2.7761,0.624177,10,1.28667,0.0718269,1.97668
835,2.54059,0.553456,9,1.12667,0.0689621,2.03927
836,2.33064,0.564385,9,1.05333,0.0674537,1.96329
837,2.14845,0.508629,8,0.893333,0.0662108,1.97866
838,1.90191,0.43587,7,0.606667,0.0678773,2.00253
839,2.29396,0.44672,8,0.506667,0.0650693,1.78746
840,2.34958,0.500247,9,0.72,0.0711171,2.02659
841,2.34133,0.497817,8,0.78,0.0734301,2.10958
842,2.31559,0.533032,8,0.926667,0.067664,2.17928
843,2.54185,0.550859,9,1.06667,0.0677546,2.23275
844,2.56599,0.602,9,1.27333,0.0659443,2.12501
845,2.13847,0.536912,8,0.94,0.06831,2.10465
846,2.31478,0.492576,8,0.933333,0.0686112,2.06411
847,2.22347,0.535153,9,0.933333,0.0680272,2.00527
848,2.29769,0.477812,8,0.666667,0.0690655,2.05018
849,2.15171,0.521143,8,0.833333,0.0660547,1.96019
850,2.57287,0.548588,9,0.9,0.0636545,1.94134
851,1.89463,0.475087,8,0.84,0.0623386,1.83377
852,1.81748,0.477235,6,0.713333,0.0662222,1.7969
853,1.82959,0.522424,6,0.866667,0.0663145,2.01422
854,2.11396,0.547586,9,1.03333,0.0677185,1.93154
855,2.36155,0.550098,10,0.98,0.0653483,2.06346
856,2.56391,0.593414,9,0.98,0.0695773,1.86138
857,2.83884,0.600122,10,1.14,0.0678057,2.0758
858,2.14054,0.520876,7,0.793333,0.0653387,2.10579
859,2.38376,0.47198,8,0.686667,0.0664748,1.86207
860,2.00003,0.422544,6,0.413333,0.0649154,1.68971
861,2.36188,0.463075,8,0.586667,0.0674615,1.49668
862,2.3072,0.499651,8,0.8,0.07001,1.7634
863,2.41035,0.512957,8,0.74,0.0672927,1.96902
864,1.9403,0.516678,7,0.926667,0.0691771,1.86438
865,2.16162,0.4472,8,0.693333,0.0720116,2.02427
866,1.69229,0.43527,8,0.42,0.0687413,1.82769
867,2.12332,0.483958,8,0.56,0.0688947,1.72636
868,1.92439,0.477407,7,0.68,0.0683815,1.73123
869,1.91779,0.463598,6,0.633333,0.0684438,1.4166
870,1.61582,0.458254,7,0.706667,0.0640856,1.5379
871,1.46983,0.423238,6,0.56,0.067341,1.72379
872,1.3313,0.427423,5,0.4,0.0643826,1.46331
873,1.97963,0.488186,8,0.566667,0.0666348,1.76822
874,2.13635,0.505323,7,0.666667,0.0660432,1.52708
875,1.88756,0.481025,6,0.726667,0.065031,1.84647
876,1.60956,0.471136,6,0.58,0.0663431,1.87645
877,1.84962,0.482215,7,0.726667,0.0694341,1.72443
878,2.60105,0.53855,9,0.86,0.0678264,1.70049
879,1.92061,0.566389,6,0.966667,0.065449,1.80593
880,1.9046,0.516346,7,0.866667,0.0668233,1.93736
881,1.87318,0.482,8,0.72,0.0685078,2.08247
882,2.05078,0.449076,8,0.566667,0.0675148,2.08879
883,2.12757,0.491482,7,0.593333,0.0711122,1.95686
884,1.81002,0.435218,8,0.566667,0.0675487,1.99423
885,2.03222,0.48984,8,0.733333,0.0692965,2.06729
886,1.91171,0.473906,6,0.68,0.0654702,1.96504
887,2.06319,0.532008,8,0.8,0.0659444,2.05325
888,1.93014,0.542709,8,0.713333,0.0673335,2.0779
889,2.29538,0.521654,9,0.6,0.0685944,1.92314
890,1.84682,0.476439,6,0.52,0.0670804,1.82667
891,2.1999,0.505146,8,0.786667,0.0661664,2.15057
892,2.6075,0.63799,9,1.35333,0.0671361,2.22071
893,2.5417,0.537359,9,0.866667,0.0670125,2.27222
894,2.31246,0.51568,8,0.72,0.0699746,2.04466
895,2.59796,0.616349,10,1.15333,0.0723209,2.18682
896,1.75685,0.50388,7,0.88,0.0643669,2.31681
897,2.54897,0.573381,9,1.03333,0.0690862,2.20304
898,2.16422,0.580186,8,1.14,0.0692948,2.32274
899,2.44314,0.542428,9,1.04,0.0709679,2.00154
900,2.33967,0.597457,8,1.06,0.0696688,2.16085
901,2.3033,0.615361,9,1.08667,0.0681618,2.02251
902,2.17655,0.627935,7,1.22,0.0701883,2.17069
903,1.83861,0.556627,7,0.94,0.0660213,1.95048
904,2.00661,0.586431,7,1.02,0.069751,2.06988
905,2.50823,0.573368,9,1.03333,0.0669063,2.28655
906,2.51686,0.562652,9,0.773333,0.0637624,2.00797
907,2.09036,0.558147,7,0.913333,0.0679209,2.02977
908,2.12825,0.651813,8,1.25333,0.0695157,2.15353
909,2.06027,0.50598,7,0.633333,0.0653656,1.95475
910,2.49644,0.494842,9,0.686667,0.0664996,1.92461
911,2.51984,0.607357,10,1.06,0.0676179,1.89198
912,2.31204,0.611261,9,1.20667,0.0661379,1.94607
913,2.52664,0.601093,9,1.23333,0.0700329,1.99772
914,2.74767,0.685457,10,1.38667,0.0690173,2.0989
915,2.11468,0.587484,7,1.07333,0.0670983,2.15432
916,2.31119,0.605624,9,1.12667,0.0677146,2.02845
917,2.07249,0.571705,8,1.05333,0.0679163,2.09961
918,2.55136,0.566831,10,0.94,0.0652625,2.16599
919,2.3897,0.564308,9,0.913333,0.068537,2.00111
920,2.50734,0.645059,9,1.32667,0.0675464,1.79366
921,2.31202,0.582914,8,1.02,0.0670196,2.02913
922,2.28198,0.549079,10,0.926667,0.0694454,1.86505
923,2.28547,0.60646,9,1.04667,0.0710264,1.91584
924,2.56055,0.511501,10,0.773333,0.0691955,2.1296
925,2.09424,0.47544,8,0.553333,0.0648404,2.09825
926,2.28015,0.537478,9,0.666667,0.0644599,1.88299
927,2.54386,0.541734,9,0.886667,0.0686058,2.00242
928,2.58894,0.597919,10,0.913333,0.0665978,2.19287
929,2.09126,0.525589,8,0.826667,0.0671734,2.36384
930,2.33242,0.52471,9,0.933333,0.0697546,2.16844
931,1.71326,0.553097,7,0.853333,0.0679606,1.91011
932,1.86709,0.578152,8,0.966667,0.0652366,1.83988
933,2.2662,0.538746,8,0.826667,0.0665818,1.89425
934,2.4997,0.572453,9,0.953333,0.0661748,2.00157
935,2.49669,0.552741,9,0.886667,0.0694452,2.18904
936,2.22418,0.556993,8,0.933333,0.0679197,1.93835
937,2.24764,0.6682,9,1.47333,0.0664277,2.00638
938,1.7054,0.537189,6,0.866667,0.0681895,2.25072
939,1.7619,0.599845,7,1.08,0.0703062,2.247
940,2.79416,0.707541,10,1.52,0.0674192,2.31596
941,1.91183,0.686294,7,1.42667,0.0672304,2.44388
942,2.37059,0.698233,8,1.55333,0.0651462,2.20026
943,2.25892,0.640394,9,1.28,0.0710068,2.39391
944,2.30364,0.576029,9,1.16,0.0749337,2.28307
945,2.52637,0.641418,9,1.25333,0.068219,2.07963
946,2.55195,0.674634,9,1.37333,0.0707928,1.97233
947,2.14985,0.608326,7,0.973333,0.0666478,1.99225
948,2.65435,0.648553,9,1.39333,0.0688956,1.93708
949,2.37171,0.617062,8,1.22667,0.0672341,2.18198
950,2.06977,0.667459,7,1.26,0.0670693,2.19507
951,2.58446,0.686532,9,1.46667,0.0670346,2.13882
952,2.50514,0.655564,9,1.31333,0.0642945,2.16267
953,2.16552,0.646042,7,1.33333,0.0691068,2.18153
954,2.34696,0.65249,8,1.48667,0.0704814,2.29125
955,2.26421,0.602646,8,1.27333,0.0666773,2.14906
956,2.75563,0.755429,10,1.78667,0.0702244,2.09082
957,2.31269,0.74215,8,1.82,0.0666533,2.06172
958,2.78946,0.756175,10,1.86,0.0677912,2.31278
959,1.97451,0.643517,7,1.43333,0.0659536,2.24962
960,2.50636,0.686297,9,1.56,0.0663328,2.10947
961,1.80759,0.589481,6,1.12,0.0664342,2.11864
962,2.60646,0.699621,9,1.59333,0.0661546,2.07742
963,2.32659,0.698045,8,1.68,0.0694977,2.43533
964,2.7036,0.756826,10,2.18667,0.0700684,2.37243
965,2.47265,0.595708,9,1.24667,0.0716684,2.4754
966,2.6297,0.69669,10,1.58667,0.0659996,2.26556
967,2.3153,0.646339,8,1.33333,0.0667875,2.36614
968,2.14919,0.625599,7,1.22,0.0650933,2.14772
969,2.55813,0.683206,9,1.49333,0.066906,2.45541
970,2.08579,0.575836,8,1.12,0.0667712,2.321
971,2.36045,0.648348,8,1.39333,0.0691588,2.32499
972,2.32396,0.672829,8,1.43333,0.0681256,2.21523
973,2.16047,0.665881,7,1.28,0.0696019,2.29179
974,2.34833,0.66052,8,1.46667,0.0680051,2.31512
975,2.30608,0.670571,8,1.52667,0.0673239,2.58531
976,2.31917,0.609491,8,1.19333,0.0672575,2.33277
977,2.12136,0.633259,8,1.3,0.0680386,2.33609
978,2.62812,0.670819,9,1.40667,0.0694806,2.08245
979,2.51925,0.658906,9,1.22667,0.0670521,2.01213
980,2.12428,0.582705,7,1.07333,0.0681474,2.12808
981,2.30569,0.631584,9,1.26,0.0704734,2.14195
982,2.29478,0.607606,8,1.19333,0.0647591,2.24817
983,1.71172,0.570355,7,1.14,0.0668933,2.45335
984,2.56812,0.663621,9,1.44,0.0689778,2.27854
985,2.01888,0.684572,8,1.66667,0.0682793,2.58979
986,2.74676,0.730932,10,1.89333,0.0719818,2.41018
987,2.33596,0.687988,9,1.72667,0.0667161,2.17429
988,2.70105,0.657579,10,1.69333,0.070895,2.23255
989,1.95319,0.603859,7,1.33333,0.067317,2.46954
990,2.76949,0.641881,10,1.59333,0.0705093,2.28211
991,2.40161,0.619721,8,1.41333,0.0692558,2.23902
992,2.07197,0.591426,8,1.17333,0.0659614,2.04001
993,2.61678,0.59094,9,1.32667,0.0707935,2.33877
994,1.8584,0.549914,6,1.04667,0.0678362,2.44764
995,2.56222,0.657594,9,1.48667,0.0703651,2.27347
996,2.73035,0.613589,10,1.24667,0.0649209,2.20895
997,2.00556,0.596694,7,1.10667,0.0655736,2.29348
998,2.37953,0.574714,8,1.14,0.0704183,2.36628
999,2.3492,0.571167,8,1.45333,0.0629235,2.23304
1000,1.92206,0.598818,7,1.27333,0.0661029,2.19329
