1,0.618475,0.184994,5,0.246667,0.0702198,1.22972
2,0.962704,0.26137,6,0.32,0.0668629,1.18763
3,0.759061,0.285001,3,0.08,0.0659347,0.937415
4,0.843141,0.337554,6,0.253333,0.0677607,0.878766
5,1.3742,0.329079,6,0.286667,0.069165,0.923471
6,0.615034,0.331766,3,0.1,0.0630776,0.774726
7,0.679129,0.366917,3,0.1,0.0678938,0.888482
8,1.12078,0.341207,7,0.353333,0.067332,1.09527
9,1.15592,0.366503,3,0.246667,0.0638765,1.21682
10,1.44661,0.369327,7,0.226667,0.0689899,0.86961
11,1.44865,0.363107,8,0.173333,0.0685639,0.77684
12,1.28367,0.371539,6,0.16,0.0689427,0.890564
13,0.640267,0.373147,3,0.113333,0.0694926,0.697837
14,0.674998,0.380481,7,0.193333,0.0676746,0.861913
15,0.647193,0.364305,6,0.24,0.0696975,1.00124
16,0.747006,0.381558,2,0.1,0.0678152,0.773276
17,1.1051,0.389738,4,0.0866667,0.065995,0.970503
18,0.980382,0.398917,2,0.0933333,0.0652747,1.16986
19,1.13021,0.393648,6,0.16,0.0667999,1.13957
20,0.587114,0.34038,4,0.0533333,0.066686,1.34137
21,0.651924,0.362692,3,0.1,0.0665563,1.07164
22,0.914048,0.35503,2,0.0666667,0.0695448,1.23819
23,0.83039,0.398515,2,0.0733333,0.0635666,0.997322
24,0.938204,0.405128,2,0.106667,0.0680344,1.08438
25,0.727744,0.351096,3,0.166667,0.0690136,1.05527
26,0.570363,0.357702,6,0.0933333,0.0690532,1.08455
27,0.736345,0.391133,3,0.106667,0.0693294,0.986768
28,0.74578,0.386254,5,0.0533333,0.0635592,0.972714
29,0.686807,0.385993,5,0.146667,0.0697131,0.871809
30,1.53578,0.368107,6,0.153333,0.066381,1.04374
31,0.948075,0.383627,5,0.166667,0.0650705,0.996464
32,1.19877,0.3798,5,0.16,0.0659754,0.904371
33,0.588039,0.370337,5,0.193333,0.0703417,0.922596
34,0.937829,0.366992,4,0.113333,0.0684163,0.86562
35,1.10743,0.391446,3,0.08,0.0688267,0.918259
36,1.07118,0.414448,5,0.206667,0.0667692,0.884263
37,0.709633,0.398935,6,0.113333,0.0626106,0.790823
38,0.731068,0.392732,4,0.106667,0.0656975,0.875758
39,0.625718,0.389576,3,0.0733333,0.0674984,0.96495
40,0.886181,0.395911,6,0.186667,0.0692034,0.939498
41,0.832135,0.38299,4,0.226667,0.0657342,0.859076
42,0.915666,0.403036,4,0.26,0.0688938,1.10831
43,1.19935,0.386344,5,0.186667,0.0714717,1.20785
44,0.931283,0.399197,6,0.206667,0.0679995,1.06041
45,0.882549,0.358228,2,0.0666667,0.0684299,1.08626
46,0.91485,0.393345,6,0.133333,0.067945,1.03086
47,0.915352,0.376653,2,0.0866667,0.0605882,1.04024
48,0.799244,0.382475,5,0.14,0.065417,1.07956
49,1.1453,0.384535,6,0.24,0.070013,1.09599
50,1.17768,0.409544,7,0.3,0.0699785,1.23969
51,1.11197,0.408079,5,0.34,0.0698284,1.24189
52,0.903456,0.412338,7,0.22,0.0673708,1.32612
53,1.17986,0.437708,5,0.38,0.0675415,1.12197
54,1.31181,0.423505,5,0.446667,0.0684157,1.23509
55,1.30888,0.416766,7,0.473333,0.0678352,1.28181
56,1.00035,0.401443,6,0.44,0.0682364,1.19673
57,0.980431,0.415394,4,0.36,0.0683101,1.34471
58,1.41154,0.439089,5,0.486667,0.0664416,1.46532
59,0.844137,0.382007,6,0.44,0.0653387,1.21346
60,1.20832,0.400494,7,0.413333,0.0670001,1.13388
61,2.04813,0.436508,8,0.54,0.0674223,1.16563
62,1.22124,0.404867,5,0.58,0.0657725,1.43569
63,1.37294,0.457171,6,0.693333,0.0693673,1.29086
64,1.6823,0.498077,7,1.08,0.0676486,1.22489
65,1.23578,0.443558,7,0.726667,0.0679422,1.21759
66,1.16018,0.414982,7,0.526667,0.0688331,1.36017
67,1.119,0.419864,5,0.52,0.0659129,1.23501
68,1.47306,0.440655,8,0.693333,0.0681492,1.26824
69,1.30825,0.411322,5,0.48,0.0655104,1.17921
70,1.19216,0.423409,5,0.553333,0.0656066,1.09222
71,1.11106,0.444924,6,0.46,0.0686192,1.16176
72,1.87687,0.476966,8,0.706667,0.0639675,0.993691
73,1.38289,0.473257,5,0.56,0.0694293,1.26276
74,1.23043,0.437988,4,0.446667,0.0727365,1.35393
75,1.05874,0.405279,4,0.346667,0.0675349,1.16035
76,1.43474,0.434371,4,0.38,0.0680181,1.01131
77,1.00167,0.441827,3,0.38,0.0698503,1.2742
78,1.19496,0.415874,4,0.293333,0.0654482,1.05886
79,1.24745,0.462674,5,0.473333,0.0637424,1.08564
80,1.71492,0.561667,6,0.9,0.0658222,1.18712
81,1.48992,0.492376,6,0.773333,0.0682478,1.38635
82,1.19578,0.419054,4,0.353333,0.0663744,1.26701
83,1.39048,0.511712,4,0.62,0.067874,1.27152
84,0.919941,0.415087,4,0.38,0.070075,1.39235
85,1.04292,0.417725,5,0.373333,0.0683034,1.31842
86,1.90117,0.549782,7,0.806667,0.0714754,1.29514
87,1.40992,0.434463,5,0.486667,0.0684798,1.628
88,1.00732,0.441581,2,0.306667,0.0617927,1.26717
89,1.38506,0.4911,5,0.66,0.0659848,1.38385
90,1.2596,0.402364,5,0.226667,0.0658588,1.3536
91,1.18697,0.449522,4,0.486667,0.0697958,1.34636
92,1.20598,0.454131,6,0.813333,0.0681431,1.44029
93,1.71522,0.523897,6,1.04,0.069833,1.27771
94,1.33351,0.502683,5,0.64,0.065067,1.22458
95,1.48702,0.446815,7,0.66,0.0690194,1.33922
96,1.15862,0.458961,6,0.506667,0.0712578,1.4681
97,1.52839,0.497884,6,0.546667,0.0705928,1.14541
98,1.19887,0.441683,6,0.573333,0.0667386,1.32955
99,1.68545,0.521782,7,0.78,0.0688648,1.16449
100,1.40683,0.438189,5,0.506667,0.0713026,1.42699
101,1.47242,0.519607,5,0.546667,0.070593,1.28082
102,1.26907,0.551526,6,0.84,0.0673998,1.25854
103,1.68567,0.508061,6,0.786667,0.0702456,1.24167
104,1.46723,0.487475,6,0.586667,0.0638185,1.16807
105,1.4958,0.425389,9,0.526667,0.0669344,1.15336
106,1.18124,0.428397,8,0.273333,0.0668729,1.3279
107,1.48145,0.481796,7,0.493333,0.0666215,1.34374
108,1.68675,0.55596,7,1.08667,0.0714725,1.5922
109,1.49101,0.539539,8,1,0.0688471,1.43087
110,1.74122,0.535948,6,0.766667,0.0707802,1.44447
111,1.94882,0.576807,7,1.01333,0.0708786,1.37652
112,1.54971,0.558832,7,0.893333,0.070545,1.48542
113,1.13513,0.446895,4,0.546667,0.064589,1.43971
114,1.66432,0.45439,6,0.593333,0.0683644,1.44262
115,1.6745,0.524074,7,0.88,0.0651269,1.36675
116,1.47315,0.477366,7,0.66,0.066848,1.42699
117,1.5251,0.528609,7,0.94,0.0677961,1.50939
118,1.19976,0.411862,6,0.353333,0.0682515,1.58395
119,1.18932,0.42305,7,0.506667,0.0670058,1.41725
120,1.2762,0.452332,6,0.72,0.0700157,1.48183
121,1.49656,0.494852,5,0.926667,0.0674082,1.47354
122,1.91323,0.486382,9,0.646667,0.0702217,1.61351
123,1.62005,0.509283,7,0.866667,0.064981,1.47436
124,1.6253,0.519039,9,0.72,0.0663033,1.34153
125,1.71802,0.507418,7,0.9,0.0667331,1.44542
126,2.05839,0.500302,9,0.833333,0.0632477,1.37551
127,1.72584,0.487053,9,0.72,0.068485,1.45762
128,1.6877,0.501407,6,0.686667,0.0695457,1.3369
129,1.45124,0.496452,6,0.746667,0.0627045,1.455
130,2.16224,0.562091,9,0.993333,0.0684611,1.30414
131,1.90186,0.574279,8,0.846667,0.0676579,1.3939
132,1.49462,0.458979,6,0.606667,0.0664865,1.56151
133,1.97644,0.497207,9,0.686667,0.0662886,1.38026
134,2.05878,0.533077,7,0.786667,0.0673258,1.58804
135,2.01233,0.560698,8,1.25333,0.0692798,1.79711
136,1.44437,0.431923,7,0.806667,0.0619121,1.56083
137,1.97688,0.475153,7,0.98,0.0658532,1.68171
138,2.17013,0.451997,8,0.54,0.0659201,1.45918
139,1.78018,0.465348,6,0.74,0.0652622,1.48165
140,1.98144,0.501368,8,0.993333,0.0682597,1.60226
141,1.95219,0.532003,10,1.22,0.0679332,1.61511
142,1.8044,0.513996,7,0.8,0.069601,1.6464
143,1.90162,0.468722,8,0.726667,0.0707339,1.56993
144,2.06785,0.566632,9,1.41333,0.0678308,1.63875
145,1.9462,0.513493,8,0.926667,0.0688784,1.6431
146,2.03715,0.50721,8,0.833333,0.069743,1.61354
147,1.48912,0.49922,7,1.12,0.0666805,1.81868
148,2.15249,0.499305,9,0.88,0.0664719,1.51706
149,1.9042,0.482211,8,0.713333,0.0681613,1.64083
150,2.45408,0.555518,10,0.926667,0.0696936,1.46669
151,2.06966,0.501268,8,0.866667,0.0686408,1.69625
152,1.63528,0.522789,7,0.866667,0.0678535,1.49488
153,1.6802,0.555902,7,1.06,0.0668985,1.4651
154,1.9839,0.601297,7,1.14667,0.0652721,1.53173
155,2.0562,0.588681,8,1.28,0.0689536,1.75549
156,1.91363,0.583648,6,1.29333,0.0707454,1.76406
157,2.02063,0.539099,8,1.04667,0.0676268,1.59077
158,1.54891,0.467908,7,0.6,0.0641906,1.4172
159,2.02867,0.502402,7,0.72,0.0653991,1.43597
160,1.63391,0.531047,6,0.973333,0.0638145,1.46633
161,1.50811,0.474739,7,0.673333,0.0715111,1.64427
162,1.87881,0.521962,7,0.7,0.0634064,1.48709
163,1.74384,0.498476,8,0.64,0.0656406,1.68299
164,1.56747,0.494072,7,0.72,0.0644433,1.47134
165,1.54299,0.486645,7,0.786667,0.0698634,1.64959
166,1.49743,0.442557,5,0.613333,0.0684765,1.6943
167,1.76593,0.461551,6,0.58,0.0683893,1.51973
168,1.84461,0.548024,7,0.746667,0.0634228,1.62493
169,1.31954,0.440379,7,0.413333,0.0663929,1.68599
170,2.01676,0.481949,7,0.64,0.0664803,1.52405
171,1.64619,0.513709,7,0.746667,0.0678701,1.38507
172,1.5885,0.469679,8,0.713333,0.0703124,1.69179
173,1.69218,0.505435,8,0.693333,0.0673202,1.36206
174,1.51643,0.469446,6,0.58,0.0665894,1.50463
175,1.4652,0.489033,5,0.573333,0.0656244,1.32933
176,1.45575,0.486299,6,0.68,0.0674579,1.44089
177,1.7433,0.551779,7,0.853333,0.0677552,1.36833
178,1.00421,0.434363,3,0.406667,0.0658672,1.41151
179,1.07445,0.448017,4,0.426667,0.066154,1.42267
180,1.22193,0.463144,10,0.653333,0.0707873,1.68708
181,1.58039,0.425025,6,0.513333,0.0653735,1.68495
182,1.88582,0.463932,8,0.926667,0.0695742,1.6255
183,1.20821,0.429221,7,0.433333,0.0720229,1.50836
184,1.41476,0.458575,4,0.38,0.0646823,1.33569
185,1.19819,0.446273,3,0.446667,0.0677065,1.53791
186,2.15325,0.467439,7,0.553333,0.0673024,1.64877
187,2.0996,0.490862,7,0.86,0.0696662,1.86396
188,1.18077,0.465503,4,0.48,0.0652129,1.73476
189,1.92614,0.479744,7,0.613333,0.0702412,1.7131
190,2.24048,0.520778,8,0.96,0.0732565,1.81176
191,1.38032,0.452029,6,0.853333,0.0671251,2.02147
192,1.36877,0.352162,4,0.24,0.0687544,1.69949
193,2.15702,0.511481,8,0.766667,0.0696968,1.55818
194,1.96204,0.466408,8,0.646667,0.0668465,1.75177
195,1.92226,0.484993,7,0.6,0.0693717,1.54038
196,1.84639,0.518517,6,0.886667,0.0664633,1.8125
197,1.75285,0.514933,7,0.866667,0.0682876,2.10627
198,1.78115,0.495039,7,0.74,0.0643095,1.71428
199,1.91132,0.523578,7,0.92,0.0675977,1.9568
200,1.58227,0.530135,6,0.88,0.0673194,1.97194
201,1.61569,0.495706,8,0.8,0.0644154,2.06083
202,2.15251,0.484924,10,0.866667,0.0643977,2.01784
203,2.16921,0.545026,9,0.986667,0.0697507,1.92226
204,2.4648,0.631834,10,1.44667,0.0680108,1.99135
205,2.20335,0.562447,9,1.17333,0.0678016,2.09371
206,2.01487,0.607709,9,1.26,0.0704708,2.16616
207,2.16629,0.586148,9,1.24,0.0671782,2.02763
208,2.02276,0.605376,8,1.23333,0.0651211,2.22526
209,2.00392,0.536551,7,1.19333,0.0674768,2.27518
210,2.26724,0.586152,10,1.48,0.0670588,2.1793
211,2.4163,0.552482,10,1.51333,0.067698,2.32045
212,2.18326,0.6359,9,1.74667,0.0673871,2.44893
213,2.23179,0.596055,9,1.58,0.0690088,2.67376
214,1.96636,0.577899,7,1.54,0.0697111,2.62109
215,2.37104,0.623165,9,1.70667,0.0684754,2.37479
216,1.59481,0.502082,6,1.10667,0.0674911,2.71228
217,2.33545,0.59519,9,1.37333,0.0671063,2.46377
218,2.24612,0.634153,9,1.76,0.0704416,2.56198
219,1.76242,0.538944,7,1.44,0.0663168,2.70655
220,2.39964,0.573233,9,1.38,0.0690288,2.70561
221,2.28088,0.592887,8,1.66667,0.0660563,2.79458
222,2.21843,0.632747,9,1.86667,0.068885,2.59105
223,2.43793,0.624484,9,1.84,0.0658196,2.58497
224,2.24861,0.650414,8,1.8,0.0653958,2.58395
225,2.28399,0.591053,9,1.48,0.0682605,2.47476
226,2.77239,0.622317,10,1.56667,0.0658935,2.28081
227,1.81159,0.599528,8,1.39333,0.0614398,2.39323
228,2.26088,0.588114,9,1.64,0.0652302,2.38566
229,1.522,0.555552,9,1.66,0.0725679,2.61015
230,1.82435,0.550733,8,1.48667,0.0710599,2.42348
231,2.47599,0.575822,9,1.42667,0.0706996,2.12888
232,2.35476,0.590491,8,1.46,0.068107,2.12728
233,2.32943,0.714261,9,2.16,0.0708439,1.8152
234,2.61174,0.690262,10,1.76667,0.0680716,2.41281
235,2.63241,0.598523,10,1.62667,0.0659701,2.07798
236,2.67955,0.59344,10,1.91333,0.0715497,2.21884
237,2.20948,0.565356,9,1.46,0.0676593,2.07543
238,2.68161,0.515595,10,1.27333,0.0683406,1.99406
239,2.38792,0.608497,9,1.35333,0.0644934,2.02939
240,2.54393,0.61174,10,1.42667,0.067838,2.02375
241,2.20621,0.581861,8,1.27333,0.0665442,2.12749
242,2.50991,0.750673,9,2.11333,0.0690935,1.81923
243,2.40023,0.662922,10,1.72,0.0677009,2.39289
244,2.50655,0.793066,9,2.31333,0.0650335,2.04931
245,2.28578,0.699652,9,1.91333,0.065649,2.33385
246,2.06118,0.577345,7,1.32,0.0664625,2.44161
247,2.49035,0.781859,10,2.51333,0.0689992,2.24431
248,2.57034,0.8437,9,2.64,0.0674528,2.36113
249,2.37184,0.746565,9,2.26667,0.0711138,2.83524
250,2.53735,0.764227,9,2.39333,0.0663052,2.76982
251,2.7929,0.809685,10,2.47333,0.0696113,2.43738
252,2.60493,0.870838,10,2.9,0.0667753,2.67731
253,2.47734,0.792001,9,2.4,0.0677578,2.64182
254,2.74114,0.758123,10,2.24667,0.0676272,2.23831
255,1.9246,0.725526,8,2.02667,0.0653287,2.50988
256,1.96092,0.733015,8,1.88,0.0667467,2.56458
257,2.53215,0.751571,9,2.22,0.0688344,2.5286
258,2.29661,0.811305,9,2.42667,0.0652367,2.2632
259,2.52509,0.754366,10,2.36,0.0652987,2.2975
260,2.71548,0.877501,10,2.97333,0.0701934,2.24604
261,2.28758,0.786236,9,2.54,0.0708507,2.6471
262,2.53628,0.621937,9,1.7,0.0679962,2.49497
263,2.50222,0.706013,10,1.93333,0.0672754,2.07736
264,2.37042,0.681254,9,2.00667,0.0689869,2.59292
265,2.2506,0.664779,8,2.04,0.0661414,2.3532
266,2.54479,0.809215,9,2.32,0.0659073,2.2637
267,2.71552,0.798721,10,2.32667,0.0683206,2.26018
268,2.46839,0.72104,9,2.04667,0.0668907,2.33315
269,2.19555,0.545132,9,1.33333,0.0688677,2.92727
270,2.45032,0.773111,9,2.22,0.0709304,2.3068
271,2.29288,0.67242,8,1.76,0.0676122,2.33146
272,2.53358,0.805379,9,2.70667,0.0701146,2.48087
273,2.3082,0.674873,10,2.03333,0.0689265,2.42888
274,2.34797,0.716708,10,2.35333,0.068048,2.26814
275,2.48555,0.683269,10,1.87333,0.0711033,2.28592
276,2.18693,0.600059,9,1.55333,0.0663015,2.23391
277,2.31699,0.684674,10,1.68,0.0681704,2.58749
278,2.28385,0.586235,9,1.54,0.0661938,2.37008
279,2.04171,0.636191,8,1.69333,0.0682547,2.31687
280,2.22983,0.657908,9,1.78,0.065815,2.18276
281,1.7249,0.564195,7,1.28,0.0631124,2.45166
282,2.14413,0.552315,8,1.51333,0.0688399,2.60848
283,2.33121,0.700237,9,1.98667,0.068693,2.28929
284,2.0854,0.608785,7,1.55333,0.0674615,2.28181
285,1.80768,0.567634,7,1.28,0.0691472,2.3042
286,2.54888,0.650599,9,1.86667,0.0689201,2.06968
287,2.31836,0.629613,8,1.72,0.0691693,2.20596
288,2.07008,0.639367,7,1.48,0.0661586,2.06324
289,2.28295,0.673127,9,1.77333,0.0696907,2.39656
290,2.07239,0.632082,9,1.43333,0.0654802,1.99756
291,2.30429,0.68109,9,1.64,0.0646158,1.99818
292,2.50147,0.703589,9,1.92667,0.0698645,2.23402
293,2.17762,0.522946,8,0.98,0.0653523,1.82387
294,1.866,0.600133,7,1.2,0.0677874,2.18751
295,2.33131,0.628671,8,1.45333,0.0697868,2.27065
296,2.51488,0.632116,9,1.34667,0.0693312,2.30083
297,2.75304,0.620299,10,1.34667,0.0703108,2.4545
298,2.29382,0.660902,9,1.49333,0.0676196,2.10505
299,2.13617,0.649104,9,1.59333,0.0682771,2.40566
300,2.29338,0.691941,9,1.76,0.0703664,2.06884
301,2.30294,0.588865,8,1.23333,0.0659513,2.17252
302,1.96817,0.613459,9,1.62667,0.064516,2.31601
303,2.01402,0.604737,8,1.75333,0.0638145,2.14568
304,2.84606,0.684421,10,1.77333,0.0703604,2.18769
305,2.25715,0.636001,8,1.52,0.0655226,2.24493
306,2.22704,0.672936,10,1.84,0.0693412,2.44612
307,2.10854,0.752315,9,2.36,0.0668895,2.37416
308,2.45115,0.693061,10,2.18667,0.0698783,2.32368
309,2.00362,0.741683,8,2.11333,0.0676032,2.47281
310,2.57993,0.82283,10,2.60667,0.070033,2.59885
311,2.3374,0.663432,9,1.92667,0.0677828,2.35997
312,2.79561,0.657548,10,2.09333,0.0690457,2.5754
313,2.40634,0.700124,10,1.84,0.068687,2.53614
314,2.73138,0.795266,10,2.27333,0.0698293,2.29463
315,2.51903,0.798799,10,2.24,0.0688107,2.40062
316,2.34373,0.753952,9,2.18667,0.0645304,2.42088
317,2.581,0.951065,10,3.23333,0.0718115,2.62646
318,2.2637,0.802583,8,2.40667,0.0660346,2.44641
319,2.03156,0.683756,9,2.03333,0.0670339,2.68768
320,2.36878,0.800289,10,2.76667,0.0688281,2.48687
321,2.24319,0.785212,9,2.60667,0.0670451,2.41555
322,2.48003,0.838068,10,2.83333,0.0702167,2.4688
323,2.5857,0.888452,10,3.04,0.0693317,2.40859
324,2.54468,0.89298,10,3.12,0.0688117,2.63044
325,2.58392,0.913075,10,3.27333,0.0687937,2.70944
326,2.51176,0.888885,10,3.24667,0.0669229,2.7596
327,2.34195,0.785997,10,2.47333,0.0665724,2.3924
328,2.76023,0.899927,10,3.03333,0.0701491,2.38022
329,2.51923,0.797527,10,2.38,0.0663043,2.68682
330,2.40192,0.739232,9,2.34667,0.0701663,2.83114
331,2.29764,0.857968,9,2.73333,0.066624,2.70111
332,2.56779,0.961768,10,3.01333,0.0652333,2.67551
333,2.14126,0.69395,8,2.02667,0.0656129,2.85301
334,1.99488,0.709516,8,1.96,0.0596631,2.75121
335,2.319,0.884188,9,3.25333,0.0682721,3.02074
336,2.27943,0.822379,9,2.80667,0.0669273,2.7532
337,2.43965,0.84989,9,3.05333,0.0728852,3.10352
338,2.23777,0.765636,9,2.31333,0.066213,2.94412
339,2.58943,0.808461,10,2.64,0.0625224,2.70555
340,2.53851,0.886605,10,3.10667,0.0693561,2.63751
341,2.28201,0.806613,10,2.93333,0.070365,2.78586
342,2.25382,0.677291,9,2.37333,0.0687239,3.03927
343,2.55698,0.8129,9,2.82,0.0678833,2.89929
344,2.52466,0.86573,9,3,0.0667885,3.08064
345,2.4924,0.833915,9,2.81333,0.072777,2.8244
346,2.55547,0.907194,10,3.16,0.0681431,2.85642
347,2.48215,0.774912,9,2.69333,0.0678487,3.018
348,2.2802,0.792044,9,2.54667,0.0694974,2.70494
349,2.56969,0.830167,10,2.53333,0.0687067,2.7856
350,2.65574,0.745853,10,2.59333,0.0719904,2.93827
351,2.44191,0.72894,10,2.49333,0.0696977,3.02723
352,2.63281,0.787926,10,2.53333,0.0704428,2.95804
353,2.18674,0.739895,9,2.26667,0.0655575,2.80869
354,2.28824,0.677222,8,2.20667,0.067194,3.00341
355,2.21871,0.708568,9,2.18,0.0693528,2.88024
356,2.7072,0.889579,10,2.77333,0.0651274,2.71584
357,2.29477,0.736716,9,2,0.0649619,2.68536
358,2.01327,0.607893,8,1.64,0.0675423,2.86016
359,2.77495,0.842844,10,2.78,0.0704551,2.61802
360,2.30718,0.823391,9,2.82,0.0668346,2.82796
361,2.76788,0.862577,10,2.83333,0.0670757,2.57247
362,2.42017,0.85168,10,2.94667,0.0681666,2.73519
363,2.49144,0.730292,9,2.26667,0.0638723,2.70428
364,2.11903,0.796287,8,2.53333,0.0690301,2.92803
365,2.54599,0.852348,10,2.88,0.0698541,3.06792
366,2.29731,0.779576,8,2.4,0.0675547,3.33109
367,2.36107,0.832346,9,2.88,0.0703373,3.15162
368,2.45244,0.818226,10,2.85333,0.0676722,3.10351
369,2.51066,0.731675,10,2.42667,0.0692,3.02584
370,2.44346,0.839897,10,2.64667,0.0670217,2.70231
371,2.61933,0.856841,9,2.90667,0.0715033,3.0187
372,2.26352,0.684069,9,2.3,0.0640819,3.04071
373,2.19201,0.677409,8,2.14667,0.0676273,3.16788
374,2.55277,0.859589,10,3.32667,0.06608,3.06325
375,2.08563,0.733272,9,2.38667,0.0676203,2.97683
376,2.57795,0.858019,10,3.09333,0.0734513,2.98194
377,2.10732,0.749824,9,2.64,0.0666252,3.2581
378,2.53891,0.718602,9,2.52667,0.0705121,3.19742
379,2.0991,0.739898,9,2.56667,0.0640874,2.74536
380,2.17431,0.823727,8,2.84667,0.0650147,2.83346
381,2.58833,0.952047,10,3.56667,0.0710739,2.95219
382,2.73213,0.964535,10,3.80667,0.0704882,3.0952
383,2.5423,0.902799,9,3.06667,0.0672723,3.05038
384,2.53814,0.864404,9,2.78,0.0688481,3.04014
385,2.53227,0.828066,9,2.86667,0.0667041,2.81195
386,2.36804,0.76302,9,2.52,0.0640568,2.95903
387,2.11209,0.798901,9,2.68,0.0673696,2.91405
388,2.368,0.770082,8,2.26,0.0659386,2.76642
389,2.54435,0.836521,10,2.88667,0.0707132,2.93065
390,2.58184,0.782746,10,2.55333,0.0666894,2.84945
391,2.29305,0.732417,10,2.65333,0.0674189,3.01561
392,2.10194,0.69019,9,2.18667,0.0658346,2.77765
393,2.67538,0.751925,10,2.53333,0.0679892,3.00748
394,2.57014,0.793147,10,2.74667,0.0640097,2.94541
395,2.59463,0.80344,9,2.68667,0.0666028,2.74002
396,2.45362,0.799668,10,2.54667,0.0686647,2.87149
397,2.50161,0.715498,9,2.12667,0.0667022,2.73406
398,2.51772,0.838833,10,2.75333,0.0714319,3.22822
399,2.49786,0.777098,9,2.58,0.0712671,3.56853
400,2.69834,0.846437,10,2.90667,0.0663563,2.83185
401,2.02519,0.743063,9,2.64667,0.0666226,2.84442
402,2.48523,0.897798,10,3.08667,0.0688332,2.60209
403,2.30935,0.820022,9,2.7,0.0671774,2.59851
404,2.76179,0.806898,10,2.6,0.0644212,2.63645
405,2.22761,0.66745,10,2.12667,0.0668028,2.95542
406,2.07849,0.689633,8,1.89333,0.06603,2.68545
407,2.46094,0.686914,10,2.4,0.0687274,2.70429
408,2.39586,0.784085,9,2.61333,0.0689082,2.64198
409,2.65624,0.85156,10,2.85333,0.0696339,2.75573
410,2.7252,0.769158,10,2.41333,0.066977,2.62699
411,2.57155,0.86189,9,2.80667,0.0702761,2.82692
412,2.35907,0.764459,10,2.68667,0.068052,2.75825
413,2.69743,0.986498,10,3.46667,0.0692034,2.61898
414,2.59166,0.936823,10,3.53333,0.0664481,2.63272
415,2.50897,0.798123,10,2.74,0.0646802,2.81924
416,2.27671,0.862993,10,3.04,0.0646618,2.9704
417,2.52707,0.924237,9,3.23333,0.0693734,3.14708
418,2.24756,0.791822,9,2.71333,0.0684632,3.09089
419,2.48288,0.913234,10,3.10667,0.0667198,2.56525
420,2.50007,0.911913,10,3.56,0.0689091,2.91782
421,2.408,0.899987,9,3.20667,0.069366,2.83586
422,2.48386,0.793937,10,2.62667,0.0683026,3.15493
423,2.57699,0.807925,9,2.73333,0.0672865,2.60696
424,2.08354,0.729839,9,2.30667,0.0678247,2.75643
425,2.2457,0.801253,10,2.64,0.0647916,2.3655
426,2.1916,0.808634,9,2.74,0.0685111,2.66864
427,2.60014,0.767529,10,2.69333,0.0669223,2.81943
428,2.48111,0.861579,9,2.87333,0.0685852,2.82335
429,2.56011,0.819438,10,2.6,0.0691661,2.97779
430,2.34208,0.677619,8,1.86667,0.0655928,3.17547
431,2.72496,0.722694,10,2.27333,0.0679578,3.13309
432,2.22796,0.703764,8,2.09333,0.0638433,2.87086
433,2.46345,0.832942,10,2.66,0.0690078,2.79938
434,2.79281,0.967428,10,3.26667,0.0644901,2.84615
435,2.34674,0.796879,8,2.47333,0.0678418,3.23962
436,2.19108,0.830377,9,2.96667,0.0647365,2.79999
437,2.2468,0.961158,9,3.60667,0.0681762,3.22528
438,2.52695,0.911814,10,3.38,0.0691933,2.95739
439,2.2434,0.960801,9,3.28667,0.0682801,3.32954
440,2.30649,0.841834,9,2.9,0.0649438,3.42125
441,2.72756,0.905541,10,3.4,0.06869,3.20232
442,2.82754,0.916011,10,3.18,0.0670685,2.77329
443,2.57186,0.917835,9,3.50667,0.0674233,2.73583
444,2.75707,0.849859,10,3.09333,0.0671868,2.93466
445,2.546,0.901514,9,3.22,0.0643027,2.69164
446,2.88184,1.08039,10,3.80667,0.0699609,2.5007
447,2.30767,0.819424,9,2.74,0.0674252,2.90513
448,2.52578,0.944717,10,3.60667,0.0688935,2.7566
449,2.47858,1.04928,10,4.07333,0.0685359,3.07165
450,2.31303,0.858117,8,3.34667,0.0694683,3.03631
451,2.34816,0.858675,10,3.19333,0.0699739,2.72688
452,2.54409,0.893766,10,3.18,0.0700626,3.0182
453,2.51097,0.843611,9,2.87333,0.0675422,2.88656
454,2.60142,0.954183,10,3.38667,0.0678333,2.7602
455,2.50704,0.808943,10,2.77333,0.0677422,3.17336
456,2.43536,0.926299,9,3.29333,0.066836,2.86625
457,2.72389,0.987346,10,3.66,0.0648257,2.96956
458,2.26998,0.856402,8,2.86,0.0650116,2.75638
459,2.54016,0.910489,9,3.64667,0.070463,2.90924
460,2.78509,0.961722,10,3.47333,0.0674168,2.66783
461,2.42724,0.871211,10,3.32667,0.0685702,3.01777
462,2.8665,0.953159,10,3.58667,0.0738846,2.92523
463,2.46545,0.818252,9,3.07333,0.0685217,3.04344
464,2.58542,0.86385,9,3.10667,0.0671193,3.00726
465,2.47742,0.885171,10,3.42,0.0690748,2.74599
466,2.125,0.749765,9,2.75333,0.0672733,3.04717
467,2.51811,0.957007,9,3.28,0.0664548,2.69855
468,2.32023,0.802067,9,2.59333,0.0659788,2.78128
469,2.24381,0.783235,9,2.54,0.0664963,2.6194
470,2.44518,0.7124,10,2.35333,0.0656095,2.71003
471,2.75968,0.815144,10,2.67333,0.0677157,2.5943
472,2.7615,0.869584,10,3.28667,0.0660552,2.75668
473,2.66468,0.900337,10,3.36,0.0694387,3.12747
474,2.73211,0.758014,10,2.75333,0.0659682,2.92982
475,2.67199,0.915588,10,3.66667,0.0718959,2.81418
476,2.31084,0.800131,9,3.23333,0.0667574,2.92135
477,2.3966,0.790291,9,2.84,0.066164,2.73566
478,2.75752,0.924328,10,3.46,0.0667446,2.55892
479,1.94821,0.707533,9,2.26,0.0627622,3.02518
480,2.15937,0.871247,9,3.05333,0.0695374,2.76325
481,2.23649,0.682359,9,2.15333,0.0660648,2.50726
482,2.37755,0.716939,9,2.07333,0.0651845,2.43544
483,2.50118,0.911887,10,3.04667,0.0682906,2.31106
484,2.59044,0.78506,10,2.44,0.0695044,2.61929
485,2.64343,0.76062,10,2.26,0.0664865,2.31475
486,2.39084,0.726755,9,2.34,0.0690782,2.73029
487,2.45806,0.783515,10,2.46667,0.0650767,2.59918
488,1.98943,0.64214,9,1.92,0.0622617,2.9584
489,2.29395,0.710825,10,2.31333,0.0690796,3.07587
490,2.56927,0.808804,10,2.73333,0.0658612,2.91464
491,2.36361,0.830313,9,2.68,0.0639377,2.88989
492,2.22032,0.640089,9,2.08667,0.0674209,3.00316
493,2.09093,0.736261,10,2.39333,0.0693572,2.96321
494,2.55475,0.826544,10,2.72667,0.0642605,2.65666
495,2.26447,0.659855,8,2.12,0.0663562,2.88281
496,2.3349,0.731299,9,2.36667,0.068344,2.89076
497,2.52772,0.766935,10,2.79333,0.0682912,2.88193
498,2.20428,0.689564,8,2.04667,0.0663095,2.93073
499,2.44706,0.718259,10,2.28,0.0643775,2.76775
500,2.0898,0.698876,9,2.4,0.0675324,2.78376
501,2.59609,0.778441,9,2.78,0.0650308,2.81146
502,2.46497,0.76991,10,2.8,0.0699515,2.72626
503,2.48589,0.79503,10,2.79333,0.0651543,2.90939
504,2.57425,0.691124,10,2.42,0.0656764,2.96376
505,2.23118,0.744659,9,2.78667,0.0657407,3.02854
506,2.50132,0.782606,10,2.78667,0.0677024,2.97681
507,2.78751,0.764493,10,2.68667,0.0696717,2.93945
508,2.19716,0.738653,10,2.36,0.0679137,2.9869
509,1.99801,0.640063,9,2.03333,0.0650845,2.77851
510,2.54806,0.787616,10,2.78667,0.0670538,2.80759
511,2.68537,0.88994,10,3.3,0.0721503,2.80477
512,2.39804,0.796192,9,2.66667,0.0670846,2.64321
513,2.08882,0.618323,8,2.10667,0.0658699,3.07341
514,1.96149,0.65581,10,2.2,0.0689318,2.82173
515,2.6617,0.756238,10,2.72667,0.06811,2.73201
516,2.50111,0.720485,9,2.44,0.0669496,2.87632
517,2.64905,0.790354,10,2.80667,0.071757,3.05985
518,2.10794,0.654614,8,2.17333,0.0693501,3.09134
519,2.2141,0.811712,9,2.62667,0.0672656,2.51967
520,2.49667,0.686729,10,2.4,0.0702658,2.72031
521,2.21498,0.715435,9,2.58667,0.0742562,2.98763
522,2.30504,0.70347,10,2.40667,0.0651131,2.67502
523,2.55806,0.747045,10,2.56,0.072176,2.68168
524,2.21482,0.664374,9,2.12667,0.0677757,3.02461
525,2.31719,0.731847,9,2.44,0.068308,2.71728
526,2.33812,0.700053,9,2.16667,0.065487,2.90878
527,2.52826,0.807607,10,2.69333,0.0730972,2.8308
528,2.5401,0.830106,10,2.89333,0.071136,2.6082
529,2.71356,0.773172,10,2.81333,0.0694745,2.76848
530,2.51212,0.645016,9,2.10667,0.0665252,2.55452
531,2.63409,0.834922,10,2.69333,0.0727883,2.41214
532,2.77264,0.823393,10,3.14667,0.0733127,2.65238
533,2.84574,0.88803,10,3.07333,0.0702012,2.67316
534,2.63062,0.926707,10,2.90667,0.0706957,2.71305
535,2.84582,0.89908,10,3.22667,0.0672955,2.57434
536,2.82747,0.967204,10,3.7,0.0671981,2.72882
537,2.75136,0.725998,10,2.4,0.0708677,2.8827
538,2.59808,0.678456,10,2.17333,0.0675687,2.83961
539,2.37685,0.818053,9,2.60667,0.0659976,2.72372
540,2.54112,0.804943,9,2.99333,0.0670328,2.56167
541,2.58531,0.61708,10,2.08,0.0979511,2.92348
542,2.45173,0.746605,10,2.64667,0.0694294,2.74903
543,2.70208,0.78576,10,2.84667,0.0672187,2.77942
544,2.41728,0.76612,10,2.23333,0.064993,2.82959
545,2.63667,0.808956,10,2.69333,0.0693775,2.85222
546,2.18847,0.704277,9,2.37333,0.0653585,2.67169
547,2.605,0.975521,10,3.35333,0.0694781,2.42841
548,2.63257,0.849157,10,2.75333,0.0658176,2.27669
549,2.27769,0.754756,9,2.48667,0.0658129,2.6003
550,2.62734,0.736349,9,2.39333,0.0691321,2.74758
551,2.64421,0.948704,10,3.42667,0.066486,2.54578
552,2.72703,0.959287,10,3.56,0.0688904,2.5996
553,2.53764,0.90023,9,3.16,0.0660232,2.75461
554,2.15383,0.656739,8,1.76667,0.0679961,3.55579
555,2.5025,0.926656,9,2.96,0.0693817,3.08117
556,2.03892,0.711597,9,2.49333,0.067228,3.00545
557,2.84972,1.08166,10,3.55333,0.0698986,2.68978
558,2.79688,1.0069,10,3.44,0.0705117,2.82379
559,2.79666,0.895212,10,3.16,0.066764,2.41191
560,2.21191,0.770479,8,2.17333,0.0699343,2.82908
561,2.69202,0.704078,10,2.22667,0.0659887,2.4254
562,2.77737,1.01034,10,3.4,0.0674354,2.34654
563,2.57565,0.875141,9,2.68,0.0658743,2.63672
564,2.44909,0.860413,9,2.92,0.0687585,2.88868
565,2.56727,0.791601,9,2.61333,0.0719153,3.01933
566,2.60318,0.932546,9,3.13333,0.0661599,2.63902
567,2.79239,1.06292,10,3.92667,0.0677786,2.81836
568,2.88358,1.05259,10,3.88,0.0701183,2.85573
569,2.62587,0.969605,10,3.58667,0.0641807,2.93291
570,2.62365,1.00282,9,3.64667,0.0711274,2.6628
571,2.31628,0.881509,8,2.73333,0.0668735,2.85537
572,2.87935,1.07118,10,3.93333,0.0697001,2.7608
573,2.60531,1.01191,9,3.62667,0.0708931,2.57468
574,2.83158,0.895268,10,3.23333,0.0726874,2.6002
575,2.63827,0.890182,10,3.15333,0.0722311,2.77351
576,2.4728,0.765671,9,2.38,0.0669735,2.76369
577,2.68409,1.00704,10,3.45333,0.0733632,2.97031
578,2.13661,0.814394,9,2.43333,0.0693755,3.03632
579,2.86135,1.04516,10,3.76667,0.0726077,2.91643
580,2.82411,1.06478,10,3.52667,0.069481,2.55175
581,2.30503,0.918719,9,3.22667,0.0702241,2.53787
582,2.55057,0.932273,10,2.98,0.0634593,2.38564
583,2.48132,0.901781,9,3.14,0.0686921,2.89947
584,2.2637,0.865411,9,2.80667,0.0651326,2.82796
585,2.43553,0.903695,9,2.94,0.069355,2.6874
586,2.56465,0.844452,9,2.84667,0.0747865,3.15863
587,2.73853,0.924912,10,3.07333,0.0686498,2.57169
588,2.49653,0.929011,9,3.02,0.0667826,3.00095
589,2.48589,0.986874,9,3.62667,0.0685296,2.67426
590,2.6937,0.93279,10,3.42667,0.0661538,2.61738
591,2.59916,0.984348,9,3.52,0.069838,2.82335
592,2.64285,0.984254,10,3.8,0.0729107,3.01035
593,2.5869,1.11966,10,4.28,0.0753722,2.80704
594,2.34272,0.886721,9,2.98,0.0675274,3.06095
595,2.83964,1.06427,10,3.88667,0.0683245,2.69054
596,2.33114,0.841593,8,2.82,0.0668803,2.97954
597,2.47433,0.942956,9,3.36,0.0730463,2.76696
598,2.46028,1.0076,9,3.54667,0.0712192,2.84694
599,2.44961,0.989966,10,3.38667,0.0709123,3.04036
600,2.54855,0.843454,9,3.08667,0.0796686,2.93463
601,2.06989,0.745345,8,2.41333,0.0681078,3.06502
602,2.66727,0.913267,10,3.22667,0.0689495,2.89814
603,2.32102,0.84617,8,2.88,0.0628809,2.62122
604,2.57828,0.945213,10,3.08,0.0710153,2.79803
605,2.11022,0.813852,9,2.8,0.0683676,2.89111
606,2.43466,0.695726,9,2.1,0.0662337,2.77522
607,2.57572,0.843249,9,3.03333,0.0681957,2.68239
608,2.43373,0.777424,10,2.95333,0.0710706,3.05568
609,2.37372,0.825119,9,2.84,0.0678165,2.92544
610,2.53748,0.961372,10,3.38,0.0704277,2.96324
611,2.54542,0.836528,9,2.81333,0.0657289,2.76191
612,2.82818,1.05788,10,4.13333,0.0732935,2.92307
613,2.42516,0.919457,9,3.25333,0.0643424,2.84114
614,2.74416,1.07089,10,3.84667,0.067168,2.8098
615,2.23383,0.906514,10,3.32667,0.0692643,3.15731
616,2.45116,0.871602,10,3.24667,0.0696724,2.90388
617,2.61457,0.87236,10,3.05333,0.0683912,2.93867
618,2.52172,0.934862,10,3.66,0.0702305,2.94772
619,2.48976,0.890645,10,2.92667,0.0711423,3.00943
620,2.7436,0.905401,10,3.47333,0.0700745,2.60944
621,2.65319,0.838568,10,2.87333,0.0688475,2.78951
622,2.49361,0.750854,9,2.38667,0.0662652,2.82333
623,2.52617,0.78308,10,2.62667,0.0678798,2.97896
624,2.61446,0.862954,9,3.04667,0.0674997,2.90701
625,2.71164,0.882407,10,3.29333,0.0654322,2.59388
626,2.50124,0.735877,10,2.62,0.0656517,2.92388
627,2.77751,0.825613,10,3.03333,0.0692358,2.74923
628,2.51862,0.705616,9,2.48667,0.0662862,2.88705
629,2.28692,0.797753,9,2.7,0.0683612,2.86186
630,2.56964,0.899453,9,3.08667,0.0660528,2.83252
631,2.78778,0.996178,10,3.68667,0.0692287,2.94952
632,2.6529,1.02133,10,3.68,0.0699919,3.07103
633,2.37133,0.907104,10,3.37333,0.0683294,2.99539
634,2.53598,0.994722,10,3.63333,0.0692665,2.93077
635,2.6186,0.959515,10,3.42667,0.0678381,3.17129
636,2.26485,0.892806,9,3.1,0.0646535,2.9459
637,2.73211,0.959812,10,3.7,0.0689702,2.64792
638,2.46138,0.810479,9,2.96667,0.0702343,3.14781
639,2.04847,0.738078,7,2.42667,0.0656281,2.78831
640,2.60431,0.866335,10,2.91333,0.0701538,2.82559
641,2.6645,0.983573,10,3.44667,0.0699928,2.77653
642,2.72586,0.97759,10,3.34667,0.0672673,2.87186
643,2.78042,0.875425,10,3.52667,0.071668,3.17889
644,2.29347,0.83757,9,2.96,0.0688106,2.81684
645,2.67647,0.787293,10,2.71333,0.0713324,2.74653
646,2.71727,0.824108,10,2.68667,0.0714253,2.75474
647,2.66356,0.785832,10,2.62,0.0671426,2.62327
648,2.40897,0.653709,9,2.03333,0.0664537,2.98476
649,2.77015,0.810927,10,2.74667,0.0642652,2.54783
650,2.26464,0.72881,8,2.20667,0.0651949,2.97693
651,2.56514,0.871087,10,2.73333,0.0686518,2.75267
652,2.2779,0.707516,8,2.08667,0.0658774,2.7581
653,2.4315,0.83383,9,2.78667,0.0656693,2.61781
654,2.2378,0.78768,8,2.38667,0.0653246,2.84715
655,2.41022,0.780031,9,2.19333,0.065028,2.65406
656,2.47727,0.85373,9,2.88,0.0678389,2.63944
657,2.27072,0.912984,9,2.64,0.0654175,2.64832
658,2.38887,0.885607,9,3.08,0.0683067,2.49343
659,2.88584,1.00075,10,3.50667,0.068314,2.646
660,2.68816,0.888485,10,3.32667,0.069187,2.7775
661,2.52366,0.866634,9,2.79333,0.06993,2.96529
662,2.73167,0.925347,10,3.58667,0.0728688,2.90733
663,2.61785,0.929794,10,3.2,0.0654842,2.82801
664,2.5688,0.840363,10,2.95333,0.0737223,3.00553
665,2.18517,0.631042,10,2.08,0.0708142,3.03643
666,2.85548,0.902575,10,2.96667,0.0696728,2.36485
667,2.64944,0.821751,10,2.62,0.0700339,2.61202
668,2.5356,0.919722,10,3.14,0.069435,2.82213
669,2.54718,0.911632,10,3.35333,0.0703149,3.12328
670,2.56104,0.954196,9,3.10667,0.0663496,2.9014
671,2.67701,0.893383,10,3.05333,0.0639588,2.72337
672,2.75051,1.00218,10,3.54,0.0697377,2.92669
673,2.2984,0.841145,9,2.70667,0.0656209,2.59257
674,2.2774,0.776422,9,2.5,0.0686188,3.21438
675,2.44321,0.791237,9,2.37333,0.0667346,2.6267
676,2.57125,0.986488,10,3.31333,0.067065,2.87171
677,2.0908,0.824857,8,2.72,0.0688903,3.34674
678,2.3052,0.895491,9,2.91333,0.0689259,3.11851
679,2.7227,0.984039,10,3.46667,0.0729955,2.89596
680,2.23183,0.774159,8,2.84667,0.0661564,3.02589
681,2.80249,1.14851,10,3.8,0.0666209,2.72661
682,2.43555,1.00847,9,3.35333,0.0694447,3.09211
683,2.52703,0.848849,10,2.92667,0.0729067,3.43906
684,2.62774,0.973409,9,3.52,0.0682228,3.09407
685,2.5111,0.925841,10,3.16667,0.072107,3.01449
686,2.13645,0.833377,8,2.7,0.0666167,2.99956
687,2.4522,0.897334,9,2.94,0.068436,2.77014
688,2.59521,0.820024,10,2.82,0.0683628,2.6788
689,2.54472,0.841797,10,2.7,0.0645601,2.68135
690,2.73572,1.06274,10,3.70667,0.0731621,2.60343
691,2.50155,1.04643,10,3.61333,0.0693305,2.88259
692,2.57466,0.89933,9,3.08,0.0685922,3.07033
693,2.43566,0.83449,9,2.85333,0.068008,2.93943
694,2.25923,0.82186,8,2.44,0.0642289,2.51998
695,2.71091,0.897371,10,2.84667,0.065706,2.25106
696,2.66255,0.983782,10,3.62,0.0693114,2.69873
697,2.69172,0.914572,10,3.20667,0.0672276,2.74917
698,2.91707,1.10466,10,3.84667,0.068249,2.96895
699,2.15401,0.821493,8,2.69333,0.0651916,3.32566
700,2.60315,1.01289,10,3.34,0.065106,3.0706
701,2.69095,1.05384,10,3.62667,0.0668302,3.0373
702,2.60671,0.992475,10,3.47333,0.0658541,2.61909
703,2.63136,0.916141,9,3.19333,0.0705951,3.1927
704,2.8492,0.971712,10,3.42,0.0700014,3.06036
705,2.64586,1.01619,10,3.47333,0.0677427,2.88074
706,2.93734,1.09306,10,3.93333,0.0674752,2.71547
707,2.23357,0.827763,8,2.7,0.0678557,3.03396
708,2.87501,1.11261,10,3.88,0.0669635,2.72294
709,2.66398,1.10528,10,3.95333,0.0652063,2.70747
710,2.73625,0.960033,10,3.5,0.0711995,3.06934
711,2.68868,1.12403,10,3.92667,0.0701321,2.88142
712,2.6484,1.18753,10,4.29333,0.0711087,2.84923
713,2.82115,1.16086,10,4.31333,0.0662807,2.74343
714,2.37727,1.03773,8,3.60667,0.0701535,3.13682
715,2.62439,1.16218,9,4.05333,0.066196,2.84219
716,2.33315,0.992146,9,3.26667,0.0662168,2.90121
717,2.75074,1.1189,10,3.86,0.0658254,2.27904
718,2.50158,1.05883,9,3.88,0.0683844,2.97377
719,2.7344,1.10417,10,4.27333,0.0689058,3.06643
720,2.32901,0.793879,8,2.76667,0.06597,3.0784
721,2.42758,0.790644,9,2.91333,0.0652262,3.07131
722,2.85049,1.02439,10,3.82667,0.0698711,2.80894
723,2.37977,0.837762,9,3.13333,0.0704001,2.94691
724,2.74862,1.00315,10,3.49333,0.0687184,2.7073
725,2.71669,0.996366,10,3.66667,0.0688529,3.07496
726,2.5418,1.11274,10,4.25333,0.0690929,2.95579
727,2.463,1.01048,9,3.67333,0.068367,3.14654
728,2.67035,0.976683,10,3.71333,0.0669669,3.04676
729,2.51071,0.89482,9,3.31333,0.0632109,2.59486
730,2.70956,0.988856,10,3.92667,0.0675836,2.76135
731,2.78028,0.915354,10,3.40667,0.0657371,2.61782
732,2.49989,1.00613,10,3.5,0.0684503,2.81626
733,2.78942,0.89429,10,2.90667,0.0626769,2.6926
734,2.76065,0.877302,10,3.16667,0.0698038,2.76682
735,2.6217,0.967151,10,3.38,0.0688777,2.84418
736,2.55011,0.941752,10,3.53333,0.0765234,2.88581
737,2.81851,0.943911,10,3.24667,0.0726932,3.11345
738,2.50666,0.863124,10,2.96,0.0676637,2.89246
739,2.61108,1.03304,10,3.8,0.0652865,2.60873
740,2.58884,1.08286,10,3.65333,0.0660539,2.44123
741,2.66409,1.0196,10,3.84,0.0672018,2.80295
742,2.51779,1.06203,10,3.85333,0.0684029,2.65056
743,2.77501,1.02156,10,3.62667,0.06499,2.62214
744,2.34497,0.950634,10,3.29333,0.0688517,2.87419
745,2.43846,0.966937,9,3.31333,0.084962,2.92001
746,2.52901,0.83242,10,3.10667,0.0802618,3.19328
747,2.74378,1.0248,10,3.78667,0.0730251,2.69961
748,2.48898,0.96133,10,3.62667,0.0713469,2.88828
749,2.81912,0.920866,10,4.06,0.0713717,2.69812
750,2.63398,0.908457,10,3.26,0.0688251,2.97324
751,2.49477,0.938877,9,3.32667,0.0679621,2.79
752,2.56446,0.81576,10,2.77333,0.066527,3.10424
753,2.58046,0.890281,9,3.16667,0.0715472,2.88334
754,2.48277,0.953148,9,3.36,0.0645384,2.89664
755,2.8404,1.19525,10,4.45333,0.0645112,2.12428
756,2.4996,1.06641,9,3.88,0.0729375,2.91857
757,2.73552,1.0675,10,3.80667,0.0650685,2.68927
758,2.85283,0.862856,10,3.09333,0.0673624,3.0209
759,2.78357,1.08794,10,4.01333,0.0679026,2.85766
760,2.83055,1.0791,10,4.05333,0.0701477,3.29096
761,2.37032,0.989898,9,3.47333,0.0694875,3.10978
762,2.54679,0.991699,9,3.76,0.0646277,2.80331
763,2.35278,0.948145,9,3.46667,0.0710678,3.15327
764,2.6171,1.08165,10,3.94,0.074133,2.84582
765,2.77318,1.07846,10,3.84,0.0713539,2.53893
766,2.33774,0.987162,10,3.39333,0.0644305,2.66136
767,2.68271,1.11845,10,3.99333,0.0690549,2.59056
768,2.49444,0.957682,9,3.26,0.0671071,2.67177
769,2.497,0.930283,9,3.18,0.0681506,2.88336
770,2.19758,0.922379,8,2.94,0.0675881,2.92981
771,2.83393,1.02917,10,3.74667,0.0650766,2.61343
772,2.46431,1.01996,9,3.48667,0.0689926,2.80916
773,2.65789,1.02283,10,3.52,0.0672276,2.81342
774,2.76815,1.01544,10,3.72,0.0680447,2.90354
775,2.72807,1.11389,10,3.98667,0.0665595,2.96631
776,2.49264,0.958408,10,3.17333,0.0661122,3.27341
777,2.6322,1.13973,10,4.04667,0.0668074,2.57054
778,2.44368,1.07514,9,3.8,0.0695707,2.92484
779,2.7089,1.03139,10,3.47333,0.0674228,2.80975
780,2.48722,1.04119,9,3.42667,0.0683936,2.87956
781,2.41144,1.08792,10,3.85333,0.0691189,2.95896
782,2.51541,1.17493,9,4.28667,0.0687127,2.93778
783,2.34247,0.924265,8,3.04667,0.0658279,3.10057
784,2.52819,0.968314,10,3.2,0.0656549,3.05123
785,2.52028,1.00292,10,3.33333,0.0788181,2.7875
786,2.78647,1.12619,10,4.03333,0.0651567,2.70163
787,2.75949,1.21614,10,4.28,0.0697416,2.73303
788,2.75039,1.09863,10,3.93333,0.0681706,3.18213
789,2.24946,0.98517,9,3.34667,0.0672212,3.37056
790,2.40831,0.872037,10,3.07333,0.0655194,3.09334
791,2.72831,1.12417,10,4.04667,0.0716431,2.93565
792,2.74178,1.2,10,4.17333,0.0758749,2.80563
793,2.42363,0.951008,10,3.18667,0.0690307,3.39273
794,2.57361,1.06199,10,3.63333,0.0699611,3.07542
795,2.73631,1.07105,10,3.77333,0.0669473,2.98222
796,2.74445,1.09784,10,4.04,0.0714074,3.00861
797,2.56562,1.01931,10,3.32,0.06704,2.7362
798,2.51117,1.10241,10,3.58,0.0711017,2.79598
799,2.524,1.06226,10,3.74667,0.0777713,3.03678
800,2.32309,1.01762,9,3.53333,0.0684057,3.09078
801,2.58618,1.12051,9,3.69333,0.0694912,2.67449
802,2.64715,1.08621,10,3.76667,0.0671305,2.87264
803,2.67761,1.09852,10,3.96,0.0679963,2.92281
804,2.51103,1.03444,9,3.4,0.0668787,2.96359
805,2.56501,1.06027,10,3.68,0.0649606,3.04047
806,2.69556,1.00252,9,3.3,0.0670892,2.90312
807,2.7157,1.06392,10,3.87333,0.0693032,2.85072
808,2.74394,1.07339,10,3.40667,0.0629774,2.69366
809,2.58666,1.1028,10,4.02667,0.0718567,2.9965
810,2.55949,1.02801,9,3.73333,0.066814,2.99978
811,2.59544,1.06197,10,3.96,0.0720932,2.7866
812,2.18456,0.955652,9,3.5,0.0703168,3.35251
813,2.40956,1.06588,10,3.82667,0.0703744,3.01206
814,2.77025,1.12498,10,4.05333,0.0753866,3.09719
815,2.48434,1.02121,10,3.60667,0.0693285,3.03171
816,2.84621,1.13839,10,4.26,0.070421,2.71832
817,2.71853,0.997643,10,3.15333,0.0675749,2.72335
818,2.4527,1.01985,10,3.6,0.0657939,2.91167
819,2.76317,1.18201,10,4.35333,0.069869,3.1263
820,2.36965,0.952228,9,3.12667,0.0644589,2.99007
821,2.81562,1.09924,10,3.90667,0.0695018,2.8764
822,2.52607,0.945137,9,3.32,0.0712324,3.11808
823,2.70756,1.09889,10,4.07333,0.0716986,2.99029
824,2.52856,0.948329,9,3.52,0.0653695,3.08305
825,2.78523,1.20159,10,4.34667,0.0693818,2.68267
826,2.81461,1.17515,10,3.97333,0.0712284,2.62924
827,2.73779,1.24845,10,4.5,0.0751496,2.81193
828,2.46647,0.84077,9,2.51333,0.0687462,3.22931
829,2.66532,1.10862,10,3.80667,0.0672921,2.76768
830,2.46181,1.07408,10,3.72,0.0693536,3.00259
831,2.39557,1.01301,10,3.44,0.0769742,2.71536
832,2.53332,0.991081,10,3.17333,0.0672794,3.24689
833,2.845,1.2779,10,4.73333,0.0711298,2.97708
834,2.55687,1.06861,9,3.60667,0.0753975,3.15622
835,2.50646,1.09424,10,3.68667,0.0662869,2.99156
836,2.46126,1.20507,9,4.18667,0.0679075,2.82958
837,2.48664,1.0283,9,3.50667,0.0654924,2.86262
838,2.37023,0.962914,9,3.22,0.0630112,3.12071
839,2.69975,1.16675,10,4.21333,0.0666242,2.99993
840,2.26695,0.966412,8,3.15333,0.0738059,3.05789
841,2.67573,1.02049,10,3.61333,0.124731,2.96577
842,2.54511,1.00011,9,3.34,0.0699686,2.85151
843,2.57735,0.926699,10,3.1,0.066865,2.9534
844,2.71453,1.14135,10,3.9,0.071001,2.67781
845,2.87929,1.263,10,4.48,0.0734758,2.56924
846,2.76866,1.14785,10,4.06667,0.0724102,2.63375
847,2.48225,1.14372,9,3.93333,0.0640522,2.83883
848,2.61898,1.11769,10,3.80667,0.066615,2.96717
849,2.57661,1.22787,10,4.43333,0.0676699,2.79017
850,2.78581,1.18453,10,4.04,0.0703675,2.78434
851,2.76743,1.1181,10,3.87333,0.0700335,2.63851
852,2.75127,1.14924,10,4.59333,0.0708562,2.57152
853,2.77336,1.24029,10,4.76,0.0663404,2.62876
854,2.89137,1.28783,10,4.70667,0.0693501,2.54838
855,2.49167,0.927215,9,3.20667,0.0684611,2.72899
856,2.48374,1.11356,9,3.58667,0.06421,2.67358
857,2.79093,1.40665,10,5.18,0.0687675,2.51789
858,2.7753,1.17643,10,4.16667,0.0819163,2.66454
859,2.71054,1.18282,10,4.08,0.0801167,2.88727
860,2.48016,1.11463,10,4.23333,0.0704406,2.87111
861,2.51919,1.09856,9,3.90667,0.0833402,3.12066
862,2.71166,1.09932,10,3.81333,0.0674062,3.00297
863,2.42411,0.92784,9,3.47333,0.0681749,3.16385
864,2.73223,1.11189,10,4.05333,0.0911771,3.0285
865,2.70653,0.978688,10,3.98,0.0675321,3.12648
866,2.47904,1.15013,9,4.00667,0.070918,3.04442
867,2.45847,0.996029,9,3.52667,0.0650357,2.96725
868,2.75095,1.25498,10,4.66,0.065287,2.75427
869,2.47274,1.03907,10,3.79333,0.0697551,3.15028
870,2.49203,1.01887,9,3.56,0.072042,2.87019
871,2.21441,0.99555,8,3.34,0.0736437,3.02109
872,2.81425,1.31047,10,4.98667,0.0709208,2.62623
873,2.73326,1.1609,10,4.14,0.0697659,2.77694
874,2.48235,1.03932,9,3.8,0.0656818,3.1339
875,2.12585,0.868121,8,2.80667,0.0655423,3.12304
876,2.52599,1.1581,10,4.23333,0.0697891,2.80544
877,2.72885,0.997092,10,3.54,0.067998,2.90262
878,2.52037,1.05887,9,3.87333,0.067472,2.834
879,2.80025,1.11905,10,4.2,0.0661425,2.83183
880,2.56119,1.13527,10,4.08,0.0717749,3.11006
881,2.75208,1.06798,10,4.15333,0.0672476,2.76356
882,2.37915,0.948946,9,3.4,0.0677081,3.27844
883,2.48321,1.07705,9,3.83333,0.0667105,3.12126
884,2.82723,1.24534,10,4.46667,0.06731,2.77419
885,2.79621,1.2117,10,4.51333,0.0734205,3.14231
886,2.28085,0.971865,9,3.31333,0.0660295,2.82334
887,2.28235,0.793002,8,2.68667,0.0695221,3.04365
888,2.55081,1.04526,10,3.71333,0.0709812,3.16411
889,2.49773,0.971136,9,3.46667,0.0652708,3.0935
890,2.53604,1.20793,10,4.52667,0.0676976,2.93413
891,2.24521,0.97113,9,3.53333,0.0696673,3.60863
892,2.80054,1.26125,10,4.70667,0.0682741,2.80305
893,2.68548,1.19375,10,4.56667,0.0695424,3.26993
894,2.64227,1.32223,10,4.92,0.0686698,2.87773
895,2.49555,1.08677,10,3.81333,0.0989625,3.17324
896,2.74672,1.26432,10,5.04667,0.100872,2.86311
897,2.783,1.0551,10,3.82667,0.0687649,2.98951
898,2.30377,0.872831,9,3.17333,0.0700074,3.13586
899,2.72966,0.922915,10,3.36667,0.0686187,2.954
900,2.63471,1.25518,9,4.53333,0.0701665,2.88382
901,2.66911,1.2218,10,4.24,0.0742452,3.12709
902,2.49285,1.12769,10,4.36667,0.0719491,2.9069
903,2.46886,0.979255,10,3.48,0.0685745,2.99037
904,2.60794,1.11627,10,4.33333,0.0732734,3.1138
905,2.74699,1.00479,10,3.76667,0.0692052,3.08753
906,2.5405,0.968177,10,3.34,0.0716255,3.49769
907,2.65525,1.17109,10,4.09333,0.0695652,3.19146
908,2.49525,1.05726,10,3.98,0.0697226,2.80857
909,2.49755,0.940008,9,3.3,0.0692205,3.1062
910,2.46153,1.16446,10,4.34,0.06934,3.08476
911,2.67859,1.11896,10,4.15333,0.0898651,3.23061
912,2.52193,1.19186,10,4.38,0.0711917,2.97329
913,2.44043,1.17378,10,4.46,0.0666431,2.80788
914,2.76241,1.22143,10,4.68,0.0674534,2.66039
915,2.6696,1.05397,10,3.96667,0.0703811,3.51126
916,2.72684,1.15793,10,4.54667,0.0970712,2.64597
917,2.68006,1.2136,10,4.80667,0.16408,3.07212
918,2.55211,1.00925,9,3.58,0.0686108,3.3426
919,2.79706,1.2283,10,4.32,0.0731083,2.98173
920,2.5341,1.07983,10,3.88667,0.0688849,3.4907
921,2.72059,1.19398,10,4.49333,0.0660271,3.0118
922,2.73226,1.0081,10,3.78667,0.0711352,3.17401
923,2.54332,1.19158,10,4.31333,0.0726097,2.81862
924,2.47528,1.07384,9,3.73333,0.0735325,3.1867
925,2.51668,1.0224,9,3.56,0.0664694,2.84698
926,2.74946,1.02984,10,3.92667,0.069274,3.10805
927,2.78647,1.1657,10,4.18,0.0674901,3.00048
928,2.66463,1.31536,10,4.78667,0.0705003,2.99261
929,2.41864,0.964452,10,3.21333,0.0637217,3.01366
930,2.69112,1.14632,10,4.21333,0.06958,3.12984
931,2.79163,1.23241,10,4.50667,0.0733392,3.15869
932,2.73645,1.16931,10,4.13333,0.066178,2.75899
933,2.69925,1.08417,10,3.56667,0.0686672,2.93567
934,2.54995,1.10921,9,3.81333,0.076545,2.89428
935,2.7247,1.18915,10,4.23333,0.0719517,3.25983
936,2.60264,1.11,10,3.96,0.101259,3.00308
937,2.71068,1.06831,10,3.96,0.0691392,2.93544
938,2.55743,1.14635,10,4.08,0.0678498,2.73612
939,2.59319,1.10972,9,4.20667,0.0723676,3.07529
940,2.50945,1.04268,10,3.78667,0.0660702,2.82134
941,2.69632,0.970432,10,3.72667,0.0698504,3.05645
942,2.49462,0.974018,10,3.9,0.0712819,2.96347
943,2.68951,0.935449,10,3.33333,0.0705971,3.26262
944,2.68201,1.09863,10,4.40667,0.0694236,3.00366
945,2.49409,1.03862,9,3.65333,0.0675251,2.79976
946,2.80976,1.14281,10,4.38667,0.0677612,2.51988
947,2.43284,1.01303,9,3.68,0.070486,3.12748
948,2.80462,1.24542,10,4.68,0.0717501,2.77081
949,2.28822,0.958198,9,3.44,0.0671426,2.9244
950,2.77144,1.07292,10,4.00667,0.0686524,2.79097
951,2.86084,1.17189,10,4.4,0.0678275,2.46787
952,2.63124,0.851962,10,2.95333,0.0692267,2.86985
953,2.74965,1.08467,10,3.86667,0.0676052,2.75562
954,2.69525,1.14301,10,4.04,0.0716797,2.68003
955,2.5085,1.00638,10,3.44667,0.0681325,2.71002
956,2.75115,0.985271,10,3.58667,0.0709266,2.65529
957,2.82964,1.06264,10,3.84,0.0719809,2.66771
958,2.67867,1.03089,10,3.29333,0.0656247,2.5421
959,2.46212,1.08443,9,3.92,0.0691521,2.72741
960,2.51191,1.07125,9,3.74667,0.0643721,2.53174
961,2.70898,1.0966,10,3.68667,0.065838,2.69452
962,2.77076,0.931741,10,3.42667,0.069237,3.03933
963,2.517,0.936256,9,3.5,0.0690569,3.04984
964,2.86021,1.1347,10,4.18667,0.0703949,2.63073
965,2.70454,1.07005,10,4,0.0695075,2.7435
966,2.71124,0.976856,10,3.6,0.0675653,2.93911
967,2.78633,1.19861,10,4.80667,0.0656695,2.68537
968,2.31462,0.920459,9,3.21333,0.0626863,2.66128
969,2.79582,1.13771,10,4.27333,0.0649265,2.50986
970,2.61065,1.06733,10,4.38667,0.0675543,2.56443
971,2.59476,0.967264,10,3.53333,0.068917,2.78423
972,2.50193,0.955383,10,3.57333,0.0663275,2.69027
973,2.52373,0.978385,10,3.71333,0.0686014,2.63826
974,2.36915,0.813869,10,2.93333,0.0672343,2.50456
975,2.51054,1.04864,9,4.07333,0.0701042,2.79156
976,2.82609,1.16903,10,4.52,0.0723401,2.63528
977,2.28156,0.960002,8,3.44667,0.0712445,2.63681
978,2.74943,0.959706,10,3.66667,0.0675775,2.6328
979,2.84126,1.06562,10,4.24,0.0658193,2.47487
980,2.30452,0.889377,9,3.24667,0.0673584,2.85437
981,2.52597,1.07146,10,4.02,0.0699051,3.08455
982,2.79734,1.08477,10,4.41333,0.0707475,2.73227
983,2.78018,0.89521,10,3.32667,0.0709561,2.98648
984,2.66297,0.980409,10,3.51333,0.0682901,2.74956
985,2.51383,0.861702,10,3.49333,0.0698853,3.08205
986,2.89961,1.05038,10,4.19333,0.104469,3.00499
987,2.61064,0.995883,10,3.72667,0.0692972,3.10056
988,2.81432,1.07313,10,4.02,0.0790669,2.96468
989,2.54396,1.09931,10,4.24,0.0677188,3.08651
990,2.40485,0.956861,9,3.37333,0.0727624,3.09042
991,2.63973,1.00132,10,4.04,0.069503,3.065
992,2.69753,1.02334,10,3.97333,0.0686971,2.91761
993,2.65839,0.989821,10,3.66,0.0669599,2.83039
994,2.54865,0.883619,10,3.36,0.0715984,3.28888
995,2.44424,0.850633,9,3.02667,0.0711776,3.333
996,2.26261,0.957841,8,3.35333,0.0688398,3.23685
997,2.44211,0.921994,10,3.19333,0.0688634,3.12987
998,2.36338,0.926994,9,3.24667,0.0694845,2.98808
999,2.77553,1.07233,10,3.8,0.0680765,2.8975
1000,2.81319,1.11427,10,3.88,0.0688892,2.82841
