1,0.426841,0.120007,4,0.266667,0.0719426,1.24485
2,0.402611,0.146294,3,0.1,0.0664166,0.943185
3,0.381326,0.17392,3,0.0533333,0.0656872,0.706588
4,0.422832,0.188999,3,0.1,0.0637509,0.702726
5,0.573552,0.181605,3,0.0533333,0.0684927,0.772657
6,0.581765,0.188427,3,0.0733333,0.0685582,0.922191
7,0.636018,0.187732,3,0.133333,0.0662771,0.768337
8,0.367437,0.18621,5,0.146667,0.0688787,0.776674
9,0.556332,0.198044,3,0.06,0.0657141,0.604464
10,0.611572,0.201295,4,0.0866667,0.0704097,0.842769
11,0.620455,0.216366,4,0.246667,0.0708421,0.885968
12,0.884883,0.216288,5,0.166667,0.065636,0.721238
13,0.651024,0.231406,3,0.266667,0.0649788,0.907873
14,0.449445,0.189516,2,0.0866667,0.0659306,1.09631
15,0.802331,0.207438,5,0.306667,0.0679976,0.927644
16,0.532256,0.244349,5,0.293333,0.0685019,0.960863
17,0.471018,0.228187,2,0.106667,0.0671983,0.97411
18,0.64155,0.232689,3,0.2,0.0654224,0.868558
19,0.634655,0.21615,3,0.153333,0.0655042,0.887483
20,0.505591,0.217216,3,0.133333,0.0677051,1.01583
21,0.377211,0.210597,5,0.14,0.0671967,1.02797
22,0.758925,0.205208,4,0.146667,0.0654278,0.877773
23,0.688397,0.223567,3,0.0933333,0.0662611,0.819063
24,0.714136,0.218356,3,0.1,0.0654753,0.821486
25,0.633636,0.218406,2,0.0466667,0.0698939,0.747196
26,0.593522,0.224976,2,0.133333,0.0637824,0.756882
27,0.654812,0.220682,4,0.1,0.0730905,0.828334
28,0.620555,0.236223,3,0.1,0.0714035,0.907117
29,0.752147,0.248851,4,0.246667,0.0648482,0.763433
30,0.826666,0.236342,4,0.326667,0.0661693,0.853373
31,0.72399,0.235766,3,0.213333,0.067895,0.953569
32,1.00464,0.269188,5,0.366667,0.0664611,0.9268
33,0.937683,0.26097,4,0.333333,0.067341,0.995524
34,0.803576,0.228087,5,0.426667,0.0660074,1.17125
35,0.747593,0.231875,4,0.26,0.0664588,1.25295
36,0.736685,0.251796,5,0.353333,0.0668377,1.19486
37,0.677564,0.251583,4,0.193333,0.0680238,1.11146
38,0.626228,0.244666,6,0.286667,0.0650937,1.14309
39,0.879659,0.286929,5,0.546667,0.0670553,1.30009
40,0.959799,0.252425,7,0.286667,0.0675971,1.13578
41,0.647672,0.251014,7,0.346667,0.0680075,1.25252
42,0.925602,0.24167,7,0.366667,0.0664014,1.29727
43,0.738083,0.241857,4,0.353333,0.0648012,1.24985
44,1.01266,0.261415,5,0.373333,0.0712109,1.29743
45,0.913681,0.262474,6,0.36,0.0674668,1.39976
46,0.843375,0.239012,5,0.246667,0.0660851,1.23664
47,0.996895,0.27716,6,0.406667,0.0681695,1.27268
48,0.794806,0.238822,6,0.26,0.0684695,1.41076
49,0.629131,0.251072,4,0.213333,0.0668919,1.36415
50,0.667059,0.238863,4,0.266667,0.0680319,1.46172
51,0.667054,0.225279,6,0.233333,0.0678805,1.37499
52,0.889893,0.26415,8,0.406667,0.0665757,1.37188
53,0.696371,0.24437,7,0.4,0.0664169,1.47604
54,1.39119,0.237422,7,0.4,0.0639021,1.48332
55,0.702728,0.244432,6,0.406667,0.0682101,1.36421
56,0.845168,0.243305,7,0.393333,0.0682819,1.36639
57,0.705248,0.263693,5,0.36,0.0657582,1.31936
58,0.858399,0.245884,5,0.306667,0.0686429,1.1371
59,0.717576,0.246178,4,0.24,0.0677182,1.09954
60,0.907956,0.258594,4,0.306667,0.0662833,1.20323
61,1.11284,0.271315,6,0.413333,0.0676266,1.11722
62,0.629863,0.243879,6,0.246667,0.0673285,1.27626
63,0.780799,0.280506,4,0.353333,0.0654948,1.04198
64,0.697096,0.273959,4,0.3,0.0676155,1.26572
65,0.586517,0.247179,5,0.293333,0.0669425,1.21155
66,0.921125,0.266578,5,0.326667,0.0683699,1.3359
67,0.690103,0.236882,5,0.373333,0.06573,1.43131
68,0.571715,0.238264,3,0.193333,0.0685231,1.34228
69,0.850973,0.239545,4,0.26,0.0679862,1.40326
70,0.774097,0.282018,6,0.393333,0.065601,1.3236
71,0.886924,0.287198,7,0.573333,0.0685112,1.59124
72,0.912893,0.284455,5,0.586667,0.0669535,1.46267
73,1.00319,0.295403,7,0.526667,0.0650763,1.35627
74,0.975937,0.262609,6,0.52,0.065799,1.43367
75,0.651833,0.235485,5,0.393333,0.0656622,1.65747
76,0.779084,0.273678,5,0.6,0.0693334,1.69478
77,0.722179,0.249208,6,0.646667,0.0679277,1.66832
78,1.38593,0.299154,10,0.853333,0.0680586,1.56099
79,0.945917,0.235938,7,0.38,0.0642527,1.4398
80,0.908264,0.246231,6,0.44,0.0672029,1.45881
81,0.697903,0.236831,8,0.373333,0.0687703,1.45175
82,0.969277,0.275253,6,0.413333,0.0685208,1.269
83,0.886719,0.278662,9,0.713333,0.0672783,1.57985
84,1.05248,0.288988,6,0.62,0.0659772,1.72992
85,0.923694,0.253428,6,0.573333,0.0717988,1.76496
86,0.942562,0.274292,7,0.526667,0.0667481,1.51424
87,1.07939,0.263444,6,0.533333,0.07207,1.55267
88,0.892097,0.284788,7,0.546667,0.0679388,1.41589
89,1.13144,0.307951,6,0.633333,0.0636708,1.19438
90,1.08289,0.286336,5,0.52,0.0671919,1.41078
91,0.839041,0.238941,6,0.38,0.0701555,1.65175
92,0.805746,0.239518,8,0.586667,0.0678336,1.5279
93,0.923634,0.299761,9,0.766667,0.0684562,1.42503
94,0.713785,0.270411,6,0.493333,0.0660492,1.34006
95,1.22745,0.28951,6,0.74,0.0647753,1.55168
96,1.26898,0.322068,7,0.846667,0.0652188,1.67792
97,0.670421,0.259099,8,0.66,0.0680053,1.93807
98,0.886457,0.282083,6,0.64,0.0659956,1.90678
99,1.00392,0.292438,6,0.813333,0.0692022,1.75446
100,0.937474,0.294046,4,0.773333,0.0695039,1.97841
101,0.678849,0.247471,6,0.493333,0.0693315,1.73972
102,1.21566,0.313355,7,0.92,0.0676432,1.97311
103,0.858752,0.276236,6,0.733333,0.0613216,1.85429
104,0.981496,0.290269,6,0.853333,0.0680562,1.85613
105,0.944787,0.286493,5,0.64,0.0652299,1.77394
106,0.910115,0.290428,5,0.566667,0.0679439,1.82851
107,0.77541,0.29735,5,0.686667,0.0670609,1.84047
108,0.909007,0.316876,6,0.953333,0.0685777,1.90808
109,0.919506,0.304041,5,0.886667,0.0700937,1.91971
110,0.909593,0.293411,5,0.633333,0.0724169,2.02553
111,1.20187,0.321374,7,0.933333,0.0674103,1.78969
112,0.818971,0.311944,5,0.893333,0.065532,1.97567
113,1.02956,0.366915,7,1.48,0.0717651,1.96075
114,1.32601,0.289538,8,0.82,0.0693329,1.88324
115,0.699583,0.249537,4,0.506667,0.0674545,2.10394
116,1.36578,0.355971,7,1.22,0.067555,1.96756
117,1.08194,0.326455,7,0.96,0.0641161,1.76594
118,1.12593,0.277751,7,0.88,0.0662671,2.15966
119,1.4224,0.345687,8,1.26,0.0675833,2.19824
120,1.31349,0.338394,9,0.986667,0.0641599,1.89968
121,1.83131,0.449488,10,1.98667,0.0666435,2.32358
122,1.30308,0.419071,8,2.22667,0.0680712,2.40132
123,0.887565,0.276663,8,1.12667,0.0692753,2.4287
124,1.48271,0.348295,9,1.66667,0.070094,2.51528
125,1.42406,0.40947,9,2.11333,0.0676871,2.60593
126,1.12367,0.361015,6,1.40667,0.0658635,2.6142
127,1.26118,0.375449,9,1.84667,0.0698941,2.93536
128,1.18582,0.373556,7,1.78667,0.0671099,2.6578
129,1.2571,0.322423,8,1.49333,0.0648054,2.51029
130,1.43006,0.414379,9,1.76,0.0659842,2.22289
131,1.13668,0.378787,7,1.7,0.0677598,2.32999
132,1.23219,0.374104,8,1.44,0.0638364,2.47717
133,1.49633,0.380057,9,1.94,0.0664931,2.49868
134,1.3528,0.364359,8,1.30667,0.0637501,2.3785
135,1.11849,0.338975,7,1.26667,0.0668265,2.31451
136,1.13319,0.382399,8,1.40667,0.0665874,2.2369
137,1.08118,0.289668,7,0.966667,0.0672984,2.39446
138,1.19912,0.317529,7,1.16667,0.0668541,2.28971
139,1.31167,0.426569,8,1.63333,0.0649319,2.37574
140,1.33876,0.422645,9,1.86667,0.064832,2.50115
141,1.28871,0.414569,9,1.8,0.0684339,2.42421
142,1.54313,0.538497,9,2.64667,0.0664098,2.39237
143,1.3978,0.454135,8,2.07333,0.0669085,2.74082
144,1.17043,0.346067,8,1.47333,0.064609,2.74769
145,1.11027,0.289048,7,1.05333,0.0659361,2.59215
146,1.00003,0.319649,9,1.06,0.0661836,2.34735
147,0.95572,0.300742,7,0.833333,0.0643145,2.30838
148,1.40698,0.336013,9,1.63333,0.0699978,2.45997
149,1.51088,0.382667,9,1.78,0.0707276,2.1505
150,1.3396,0.395547,9,1.9,0.0701245,2.56356
151,0.998835,0.341763,5,1.06667,0.067894,2.77137
152,1.14503,0.343566,7,1.19333,0.0655403,2.46228
153,1.04261,0.326344,7,1.12667,0.0666911,2.71759
154,1.50507,0.400315,9,1.66,0.063528,2.47933
155,0.953827,0.343539,6,1.21333,0.0698646,3.1798
156,1.22648,0.373279,10,1.79333,0.0684831,2.71876
157,1.46762,0.33786,10,1.44667,0.0672458,2.742
158,1.17833,0.346263,7,1.76667,0.0724641,2.96866
159,1.23775,0.391135,8,1.89333,0.065958,2.72723
160,1.48063,0.39905,8,1.85333,0.0708229,2.81317
161,1.13728,0.344836,7,1.42667,0.0649235,2.77591
162,1.39972,0.405548,8,1.87333,0.068149,2.62948
163,1.42351,0.410337,8,1.86667,0.066909,2.31293
164,1.36658,0.404675,8,1.7,0.0691679,2.5683
165,1.2587,0.392523,7,1.78,0.0684238,2.78267
166,1.24516,0.416518,9,2.10667,0.0688516,2.87162
167,1.40168,0.329298,8,1.44667,0.0698537,2.62712
168,1.14523,0.371174,8,1.56667,0.0672406,2.44044
169,1.12313,0.382749,8,1.63333,0.0684953,2.58357
170,1.40473,0.336712,9,1.63333,0.0686738,2.83682
171,1.38898,0.39873,8,1.88667,0.0658731,2.4773
172,1.2388,0.388614,9,1.72667,0.0690321,2.57068
173,1.39966,0.327397,8,1.46667,0.0671346,2.8181
174,1.10853,0.318159,6,1.04667,0.062895,2.38204
175,1.0902,0.35695,8,1.58667,0.0701161,2.4363
176,1.29987,0.301091,8,0.893333,0.0646846,2.67648
177,1.27385,0.400966,9,1.57333,0.0670134,2.77769
178,1.39948,0.370708,8,1.80667,0.0679849,2.80563
179,1.40365,0.458842,9,2.30667,0.0687375,2.86032
180,1.58524,0.476982,10,2.62667,0.0666468,2.84295
181,1.3099,0.462813,9,2.53333,0.0679962,3.11681
182,1.06212,0.386781,7,1.92667,0.0700892,2.96223
183,1.40306,0.454544,8,2.77333,0.0718783,2.8904
184,1.22044,0.347598,8,1.70667,0.0697369,2.90494
185,1.48294,0.518905,8,2.34667,0.0636195,2.30409
186,1.1658,0.37248,7,1.6,0.0650884,3.11489
187,1.33217,0.476832,8,2.32,0.0699959,2.94218
188,1.03287,0.340687,8,1.92,0.0654276,3.03113
189,1.37372,0.388523,8,2.07333,0.0717467,2.76776
190,1.1067,0.397349,8,1.85333,0.0647954,2.86964
191,1.16164,0.390161,7,1.63333,0.0617903,2.7836
192,1.27904,0.351969,9,1.54667,0.0659655,3.04091
193,1.50534,0.476782,9,2.55333,0.070178,2.82585
194,1.43533,0.449943,9,2.10667,0.0687221,2.61416
195,1.16975,0.4183,8,1.92,0.0676613,3.01634
196,1.23211,0.368049,9,1.48667,0.0671179,3.06685
197,1.07869,0.331129,8,1.56667,0.0712764,3.19071
198,1.24533,0.428008,8,1.97333,0.0679004,2.87284
199,1.57261,0.499576,9,2.49333,0.0659521,2.75747
200,1.31324,0.446206,8,2.16,0.0669098,2.94127
201,1.13389,0.408345,9,1.94,0.076139,3.23393
202,1.38317,0.453925,9,2.39333,0.0690601,3.18006
203,1.34566,0.38085,8,1.68667,0.0698716,3.63659
204,1.06813,0.370227,7,1.82,0.0658378,3.11394
205,1.4496,0.550142,9,2.97333,0.0676668,3.01721
206,1.39736,0.446021,9,2.17333,0.0686448,3.62373
207,1.45377,0.378234,9,1.88,0.0659979,3.40952
208,1.32454,0.416511,8,2.12,0.0677489,3.27396
209,1.53551,0.358054,9,1.76,0.0653682,3.10958
210,1.42888,0.36585,10,1.86667,0.0667293,3.05931
211,1.28464,0.362408,8,1.66667,0.0676848,3.16063
212,1.28843,0.358753,8,1.47333,0.0688498,3.04941
213,1.16056,0.352278,7,1.52667,0.0661591,2.7422
214,1.40588,0.343276,9,1.29333,0.0639476,2.86797
215,1.2141,0.406285,8,1.6,0.0652748,2.6455
216,1.51386,0.438042,9,2.20667,0.0685478,2.98313
217,1.45405,0.454755,8,2.22667,0.0699732,3.2137
218,1.38184,0.447499,8,2.12,0.0654679,3.34058
219,1.15172,0.371739,8,1.79333,0.0706587,3.14187
220,1.35717,0.423644,9,2.00667,0.0674931,3.22016
221,1.25674,0.412562,7,2.08667,0.0671494,3.35554
222,1.49298,0.374039,9,1.54,0.0645837,3.0371
223,1.57101,0.40726,10,1.79333,0.0717949,3.40814
224,1.25149,0.462224,7,2.07333,0.0684466,3.1411
225,1.29224,0.552178,8,2.76,0.0668731,3.16828
226,1.50923,0.498492,9,2.50667,0.067294,2.93183
227,1.49861,0.563089,9,2.96667,0.0734334,3.43462
228,1.47203,0.514849,9,2.52667,0.0674442,3.15006
229,1.61172,0.511621,10,2.39333,0.071895,3.32084
230,1.4103,0.492592,8,2.26667,0.0661568,3.3476
231,1.29672,0.497643,9,2.35333,0.0677537,3.21513
232,1.26804,0.438711,9,2.26,0.0686293,3.43771
233,1.17238,0.480916,8,2.34,0.0666447,3.09036
234,1.61018,0.510852,10,2.56,0.0677745,3.24725
235,1.34438,0.446796,7,2.14667,0.0708293,3.45253
236,1.58829,0.48347,9,2.38,0.0701575,3.64258
237,1.17303,0.441971,7,2.05333,0.0684504,3.07047
238,1.42595,0.510151,9,2.47333,0.0625875,2.78579
239,1.19184,0.463435,8,2.10667,0.0658406,3.11382
240,1.22036,0.424356,7,1.96667,0.0690665,3.12415
241,1.35285,0.470679,8,2.16667,0.068561,3.07866
242,1.17433,0.344755,8,1.29333,0.0680255,3.35896
243,1.25641,0.395766,8,1.63333,0.0634074,2.88387
244,1.49932,0.511621,10,2.74,0.0707683,3.25199
245,0.787363,0.360091,4,1.17333,0.0651806,3.27276
246,1.61769,0.531557,9,2.62667,0.0685595,3.05965
247,1.33158,0.506724,8,2.61333,0.068445,3.25898
248,1.22388,0.440467,8,1.92667,0.0668586,3.28729
249,1.75326,0.571884,10,2.88,0.0667401,3.10462
250,1.15199,0.484632,8,2.27333,0.0668981,3.22805
251,1.42254,0.559427,10,3.08,0.0707079,3.12919
252,1.34747,0.42535,7,2.01333,0.0712823,2.98078
253,1.26564,0.483654,8,2.45333,0.0672107,3.01291
254,1.24779,0.479915,8,2.34667,0.0670336,3.03654
255,1.36382,0.477839,9,2.86,0.0691912,2.82874
256,1.33427,0.409313,8,1.84667,0.0654418,2.71197
257,1.32407,0.512783,8,2.40667,0.0658868,2.64287
258,1.06786,0.400587,8,1.86,0.062079,2.80659
259,1.23951,0.377585,9,1.59333,0.0648811,2.71417
260,1.29804,0.477548,9,2.37333,0.0685229,2.9096
261,1.28664,0.435922,9,2.43333,0.0693541,3.08917
262,1.2941,0.435921,8,2.34667,0.0691294,3.09188
263,1.23055,0.430393,9,2.08,0.0676724,2.9951
264,1.42764,0.530782,10,2.88667,0.0664107,2.66828
265,1.16903,0.378843,8,1.62667,0.0662154,3.01789
266,1.20946,0.418492,7,1.90667,0.0651355,2.90255
267,1.23208,0.456747,9,2.15333,0.0659671,2.96565
268,1.28576,0.529798,9,2.77333,0.0693124,2.85449
269,1.52435,0.381898,9,1.5,0.0655172,3.30804
270,1.37792,0.458276,9,2.32,0.0725527,2.98262
271,1.41008,0.519161,9,2.29333,0.0692982,3.57421
272,1.33359,0.386007,8,1.84667,0.0665798,3.26635
273,1.46098,0.515964,9,2.66667,0.0668138,2.96098
274,1.42671,0.512293,9,2.93333,0.0687888,3.25231
275,1.27021,0.426401,9,2.1,0.0696688,3.40457
276,1.30026,0.415889,9,2.27333,0.0694605,3.29732
277,1.29236,0.429352,8,2.13333,0.0668331,3.0015
278,1.37237,0.514356,10,2.7,0.0671189,2.87603
279,1.43325,0.41076,9,1.88667,0.0650431,3.62795
280,1.36519,0.489874,8,2.39333,0.0696739,3.34222
281,1.26091,0.399457,9,1.94667,0.0660901,3.34056
282,1.49142,0.464586,10,2.52,0.0647483,2.79808
283,1.28768,0.375989,8,1.67333,0.0678013,3.4289
284,1.19993,0.397457,9,1.63333,0.0680369,3.14411
285,1.45801,0.439825,9,2.38667,0.0700327,3.35267
286,1.2906,0.366152,9,2.07333,0.0671182,3.59239
287,1.40448,0.43589,9,2.1,0.06703,3.04138
288,1.26081,0.436197,9,2.26,0.0673277,3.35387
289,1.53499,0.486679,9,2.72667,0.0705071,3.0176
290,1.31563,0.470802,9,2.75333,0.0674827,3.27274
291,1.39602,0.429535,9,2.43333,0.066086,3.34918
292,1.30762,0.418187,9,2.33333,0.0662072,3.31029
293,1.35744,0.417239,10,1.98667,0.064356,3.34082
294,1.33849,0.426229,9,2.06,0.066868,3.36594
295,1.25848,0.465689,8,2.48,0.0681264,3.22818
296,1.60663,0.442764,10,2.35333,0.0735131,3.33
297,1.47632,0.506847,9,2.78,0.0687741,3.4189
298,1.44041,0.495514,9,2.57333,0.0661174,3.17642
299,1.19015,0.408506,8,1.84667,0.0666425,3.36937
300,1.49546,0.497903,10,3.12,0.0691799,3.35874
301,1.78642,0.479103,10,2.36,0.070587,3.22553
302,1.11076,0.348783,7,1.38,0.0653368,3.19996
303,1.42912,0.466127,10,2.3,0.0710354,2.8902
304,1.3551,0.403152,8,1.81333,0.0656573,3.32101
305,1.60513,0.500864,9,2.44667,0.0693602,3.08995
306,1.43254,0.40429,9,2.25333,0.0690916,3.18654
307,1.13664,0.380939,9,1.84,0.0662613,2.95936
308,1.38737,0.436244,10,2.21333,0.0723586,2.92005
309,1.48817,0.421853,10,2.17333,0.0665552,2.74343
310,1.64054,0.408531,10,2.2,0.070875,2.71645
311,1.62729,0.464568,10,2.34,0.0643283,2.45175
312,1.25811,0.376392,8,1.70667,0.0648448,2.74425
313,1.39948,0.384837,9,1.91333,0.0688823,2.95264
314,1.35408,0.427876,9,2.05333,0.0680808,2.58942
315,1.17791,0.395821,8,1.63333,0.0669875,2.53462
316,1.53378,0.392083,10,1.8,0.0708666,2.85669
317,1.45639,0.358923,9,1.53333,0.0696582,3.12855
318,1.55155,0.408512,10,1.99333,0.068127,2.91795
319,1.65037,0.44647,10,2.29333,0.0691266,2.58475
320,1.27547,0.428877,9,2.14,0.066496,2.67802
321,1.32847,0.340916,8,1.37333,0.0654918,2.99514
322,1.09621,0.351709,8,1.3,0.067108,2.6986
323,1.23582,0.373426,9,1.62667,0.0698321,2.677
324,1.37713,0.474747,9,2.16667,0.0677958,2.90395
325,1.32352,0.366304,9,1.72,0.0654583,2.83912
326,1.54437,0.423958,8,1.94667,0.0680542,2.41696
327,1.41312,0.443706,9,2.35333,0.066498,2.6843
328,1.44491,0.376504,9,2.01333,0.0672287,2.87256
329,1.11891,0.340778,7,1.54,0.0703553,2.63195
330,1.24256,0.372517,10,1.53333,0.065937,2.40634
331,1.17834,0.401354,8,1.76,0.0678397,2.34385
332,1.3895,0.398069,7,1.64667,0.0652577,2.74999
333,1.41039,0.465432,8,2.22667,0.066407,2.53458
334,1.39965,0.346622,7,1.48667,0.068,3.00041
335,1.39029,0.43438,8,1.89333,0.0660032,2.54664
336,1.23799,0.400888,8,1.7,0.066147,2.80199
337,1.49423,0.352669,9,1.26667,0.0727088,3.15481
338,1.17705,0.412436,8,1.79333,0.0683476,2.57185
339,1.39991,0.430647,9,1.9,0.077902,2.92982
340,1.40926,0.467016,8,2.04,0.0666785,2.93045
341,1.53459,0.511638,9,2.86,0.0863223,2.68964
342,0.856052,0.3369,5,1.28,0.0633643,3.02961
343,1.31725,0.429438,9,2.02,0.0676187,2.96867
344,1.73483,0.551284,10,2.57333,0.0693229,2.83579
345,1.39085,0.400691,8,1.66,0.0681692,2.98957
346,1.5108,0.521231,8,2.31333,0.0716244,3.20648
347,1.2199,0.481105,9,2.29333,0.0644516,3.06063
348,1.49174,0.450956,9,2.07333,0.0702419,2.92643
349,1.21529,0.447892,8,2.27333,0.0699337,3.00203
350,1.40396,0.544455,8,2.70667,0.0655196,2.80371
351,1.1012,0.390069,7,1.90667,0.0688136,3.08122
352,1.44035,0.441387,8,2.23333,0.0695908,2.98158
353,1.40985,0.410202,9,1.9,0.0679672,3.13889
354,1.3244,0.465006,8,2.38,0.0702629,3.24986
355,1.31092,0.466893,8,2.28667,0.0654444,3.11554
356,1.64948,0.4723,9,2.52667,0.0670707,3.23413
357,1.2239,0.460213,7,2.23333,0.0667824,3.1411
358,1.68369,0.500289,10,2.64667,0.0682188,2.90087
359,1.48486,0.517049,9,2.49333,0.0705556,3.02101
360,1.33627,0.45384,9,2.24,0.0673622,3.09218
361,1.38858,0.389244,7,1.74,0.0635808,2.91737
362,1.64176,0.516178,10,2.61333,0.0714096,3.05733
363,1.76992,0.425064,10,2.13333,0.0682443,3.15482
364,1.44137,0.471334,9,2.36,0.0676745,3.30262
365,1.3373,0.402463,8,1.86,0.0675989,3.42914
366,1.38827,0.449423,8,1.97333,0.0668468,3.27565
367,1.5551,0.463073,9,2.28667,0.0709817,3.68993
368,1.40324,0.502322,9,2.54,0.0680448,3.48311
369,1.48774,0.563174,9,3.11333,0.0696837,3.36267
370,1.29217,0.432975,9,2.04,0.0696614,3.38203
371,1.35687,0.478472,9,2.42667,0.0696025,3.4715
372,1.46894,0.431647,9,2.12667,0.0689724,3.69944
373,1.439,0.42876,8,2.10667,0.0668367,3.39366
374,1.21344,0.45983,8,2.44667,0.0659573,3.42552
375,1.59627,0.497925,10,2.54667,0.0685335,3.06043
376,1.31095,0.461085,9,2.08,0.0710894,3.39144
377,1.3013,0.414197,9,1.98667,0.0670239,3.45311
378,1.49723,0.500461,10,2.68667,0.0712268,3.22878
379,1.16037,0.394911,9,1.92,0.0659082,3.12907
380,1.2928,0.518203,9,2.6,0.064088,3.05439
381,1.32372,0.478069,9,2.27333,0.0676949,3.41618
382,1.38969,0.565993,9,3.21333,0.069178,3.15173
383,1.25772,0.483891,9,2.31333,0.0678135,3.4702
384,1.26341,0.495484,8,2.37333,0.0685415,3.38824
385,1.43934,0.53054,9,2.70667,0.0659078,3.18865
386,1.23217,0.473891,8,2.15333,0.0630948,3.17922
387,1.37419,0.448902,9,2.22667,0.0710214,3.7301
388,1.48152,0.38958,9,1.67333,0.0650575,3.62187
389,1.12905,0.494366,8,2.34667,0.0887511,3.65558
390,1.31761,0.497684,9,2.62,0.0711229,3.35837
391,1.50522,0.45772,9,2.26,0.065842,3.10224
392,1.28447,0.530507,9,2.60667,0.0725134,2.95896
393,1.2848,0.39177,7,1.74667,0.0676985,3.2517
394,1.21194,0.398343,8,1.88,0.0687719,3.10261
395,1.18934,0.435966,8,2.11333,0.0666686,3.311
396,1.35602,0.404953,9,2.02667,0.0696715,3.19685
397,1.3895,0.388188,8,1.67333,0.0665185,2.94425
398,1.30842,0.451026,8,2.46,0.0682908,2.98081
399,1.09759,0.390182,7,1.93333,0.0670706,3.26807
400,1.25483,0.38459,8,1.9,0.0687066,3.46596
401,1.19616,0.463102,10,2.25333,0.0701973,3.51782
402,1.51118,0.454064,9,2.38667,0.0678416,3.17034
403,1.10112,0.345256,8,1.44,0.064245,3.21382
404,1.45634,0.403772,9,1.72,0.0670674,3.59685
405,1.29276,0.3657,10,1.47333,0.0650508,3.31097
406,1.33259,0.460172,8,2.24667,0.07002,3.39896
407,1.08255,0.388561,7,1.68667,0.0661105,3.35465
408,1.52436,0.445508,10,2.28,0.0692981,3.58525
409,1.25803,0.380941,8,1.52667,0.0684945,3.66426
410,1.34249,0.375675,8,1.57333,0.0644468,3.20859
411,1.10412,0.403223,7,1.70667,0.0690084,3.30004
412,1.57795,0.472124,10,2.24,0.0656887,3.21875
413,1.47793,0.468139,9,2.64,0.0710866,3.19324
414,1.46325,0.379165,9,1.72,0.0675106,3.11303
415,1.50291,0.428922,9,2.06,0.072165,3.11569
416,1.48007,0.417822,9,1.64,0.0669125,2.89863
417,1.36376,0.370515,8,1.51333,0.0653939,3.14858
418,1.35606,0.337045,8,1.28,0.0639629,3.14414
419,1.60005,0.517572,10,2.68667,0.0658642,2.92336
420,1.29413,0.408505,8,2.02667,0.0668154,3.07302
421,1.36091,0.455914,8,2.32,0.0700566,3.34794
422,1.25006,0.428318,8,2.03333,0.0683803,3.1342
423,1.5115,0.466289,10,2.35333,0.0685554,3.06569
424,1.33982,0.426035,10,2.2,0.0687306,3.32792
425,1.46806,0.38665,9,1.87333,0.0688839,3.02287
426,1.39933,0.500907,10,2.52,0.0695101,3.08718
427,1.46091,0.567772,10,2.99333,0.0697447,3.43879
428,1.50813,0.485154,10,2.48667,0.072858,3.48881
429,1.38438,0.463193,9,2.32,0.0655691,3.03105
430,1.39968,0.520128,9,2.6,0.0692296,3.0919
431,1.68567,0.516924,10,2.57333,0.0683075,2.89696
432,1.39392,0.431599,8,1.87333,0.0650694,3.0772
433,1.46346,0.409351,10,1.71333,0.0694063,3.41969
434,1.5271,0.515588,9,2.48,0.0672961,3.2364
435,1.65819,0.472931,10,2.34667,0.0701132,3.15584
436,1.63318,0.490327,10,2.33333,0.0662435,3.12054
437,1.52732,0.489788,10,2.34667,0.0679742,3.32189
438,1.52072,0.485096,9,2.44667,0.0688876,3.19364
439,1.54283,0.475606,9,2.06,0.0639706,3.15397
440,1.2793,0.479107,9,2.28667,0.0722999,3.51186
441,1.52688,0.539748,10,2.66667,0.0648868,2.96534
442,1.31027,0.547056,9,2.87333,0.0695297,3.48852
443,1.42407,0.452173,9,2.14667,0.0695804,3.02909
444,1.53414,0.5374,9,2.58,0.065476,3.07343
445,1.38305,0.433878,8,2.01333,0.0613002,3.04881
446,1.67723,0.509514,10,2.67333,0.0688447,3.18819
447,1.36122,0.45814,10,2.36,0.0675577,3.46248
448,1.62556,0.525214,10,2.7,0.0656001,3.16617
449,1.55047,0.647327,9,3.62667,0.0684222,3.04038
450,1.55624,0.501928,9,2.72,0.0683759,3.30603
451,1.49656,0.415415,9,1.92667,0.0641866,3.27273
452,1.40624,0.455457,9,2.34667,0.0678081,3.4099
453,1.1473,0.44819,7,2.36,0.0696018,3.24645
454,1.27576,0.488142,8,2.62667,0.0683653,3.44796
455,1.46257,0.515281,9,2.64,0.0693483,3.50309
456,1.3489,0.451732,9,2.16667,0.0676944,2.97412
457,1.47828,0.532018,9,2.75333,0.069093,2.87046
458,1.54653,0.543657,10,2.97333,0.0685628,2.80022
459,1.15846,0.323496,7,1.30667,0.0625142,3.52184
460,1.48787,0.549411,9,2.83333,0.068342,2.93243
461,1.31915,0.469266,9,2.39333,0.0657525,3.36663
462,1.6749,0.538174,10,2.93333,0.0683247,3.33081
463,1.38793,0.501731,9,2.8,0.0724816,3.56261
464,1.28732,0.459692,8,2.31333,0.0688346,3.22569
465,1.57613,0.479385,9,2.44,0.0673534,2.84559
466,1.4354,0.451763,10,2.28,0.0673138,3.19561
467,1.36886,0.487124,9,2.42667,0.0675807,2.94245
468,1.32333,0.509115,9,2.72667,0.0709673,3.43299
469,1.44027,0.46954,9,2.20667,0.0666494,3.08348
470,1.29426,0.45268,9,2.24,0.0720372,3.29693
471,1.16513,0.399842,10,1.78667,0.068842,3.29795
472,1.52891,0.509198,10,2.49333,0.0725375,3.70003
473,1.51626,0.520674,9,2.45333,0.0641553,3.30403
474,1.3232,0.405179,9,1.93333,0.0674636,3.39651
475,1.66295,0.443846,10,2.27333,0.0707781,3.46286
476,1.48591,0.436245,9,2.15333,0.063998,3.34282
477,1.60155,0.472613,10,2.1,0.0687602,3.19354
478,1.212,0.452131,8,2.31333,0.0688898,3.6488
479,1.6875,0.479864,10,2.37333,0.0661662,3.14946
480,1.56176,0.508985,10,2.58,0.0693467,3.0145
481,1.3909,0.512134,9,2.66,0.0662927,3.01236
482,1.6458,0.52537,10,2.80667,0.067991,3.1651
483,1.58163,0.50706,10,2.61333,0.0712408,3.566
484,1.54982,0.513201,9,2.37333,0.0675051,3.17261
485,1.35311,0.473044,9,2.22667,0.066799,3.36479
486,1.17195,0.444047,8,2.04667,0.0680817,3.41657
487,1.58126,0.604651,10,3.08,0.0704624,3.25344
488,1.44773,0.496933,10,2.46667,0.0691335,3.50113
489,1.47759,0.507906,10,2.50667,0.0662026,2.88093
490,1.46659,0.424769,10,1.96667,0.0663785,2.8486
491,1.1623,0.357071,8,1.50667,0.0681485,2.99015
492,1.35495,0.407928,9,2.02667,0.0662321,3.03155
493,1.2515,0.462502,9,2.49333,0.0674334,3.15405
494,1.59573,0.501649,9,2.65333,0.0692561,3.2851
495,1.47489,0.560286,10,2.81333,0.0694922,3.31455
496,1.5008,0.449458,9,2.18,0.0659324,3.1104
497,1.48397,0.508753,10,2.73333,0.0675743,3.06232
498,1.54014,0.484143,10,2.57333,0.0662838,3.57215
499,1.41912,0.479038,9,2.56667,0.0680336,3.1429
500,1.53521,0.557778,10,3.03333,0.0688178,3.24548
501,1.52128,0.485761,10,2.44,0.069313,3.13683
502,1.60673,0.515966,10,2.76,0.0707231,3.14005
503,1.64807,0.521339,10,2.64667,0.0642952,2.95976
504,1.50252,0.46441,9,2.03333,0.0658119,3.1705
505,1.56953,0.494726,9,2.30667,0.0670746,2.98631
506,1.7346,0.601378,10,3.12,0.0651439,2.4925
507,1.63496,0.520393,10,2.66667,0.0663632,2.80972
508,1.33378,0.460064,9,2.3,0.0644326,3.01919
509,1.45312,0.554754,9,2.89333,0.0701234,2.96946
510,1.60201,0.528629,10,2.88667,0.069893,3.23302
511,1.5337,0.485019,10,2.63333,0.0662778,2.90205
512,1.48048,0.50016,9,2.78667,0.0684078,3.06377
513,1.44278,0.37518,10,2.11333,0.0695069,3.14206
514,1.54824,0.444651,10,2.3,0.0675905,3.05058
515,1.40246,0.432609,9,2.19333,0.0697198,3.3731
516,1.51575,0.49617,10,2.48,0.0680472,3.19236
517,1.36892,0.499361,9,2.58,0.0672125,2.83714
518,1.47192,0.463321,10,2.45333,0.0665132,3.14393
519,1.6917,0.539933,10,2.88667,0.0651722,2.64067
520,1.30927,0.410373,9,2.08,0.0629239,3.0868
521,1.4847,0.397465,10,2.13333,0.0689721,3.10196
522,1.4673,0.446059,9,2.3,0.0711813,2.92968
523,1.34996,0.459324,9,2.24,0.0682821,3.21183
524,1.60874,0.493767,10,2.71333,0.0723884,3.10176
525,1.32564,0.470021,8,2.14,0.0667992,3.29425
526,1.52603,0.481299,10,2.62,0.0691664,3.18365
527,1.47558,0.437297,9,2.16667,0.0682138,3.25361
528,1.33688,0.469152,9,2.28667,0.0676605,3.02972
529,1.57005,0.533954,10,2.77333,0.0672667,3.01978
530,1.57127,0.444453,10,2.42667,0.0694752,3.44007
531,1.37815,0.444585,9,2.16,0.0686019,3.31191
532,1.48152,0.426948,9,2.02,0.0696887,3.14841
533,1.57907,0.421668,9,2.28,0.0650633,2.9665
534,1.36379,0.412821,9,1.82667,0.0654162,3.0617
535,1.64775,0.387516,10,1.98,0.0725423,3.24812
536,1.49757,0.37965,9,1.56,0.065272,2.75376
537,1.58124,0.461468,10,2.28667,0.0668173,3.18252
538,1.51301,0.422711,9,2.10667,0.0671099,3.10927
539,1.56542,0.374842,10,1.71333,0.0650825,3.3652
540,1.52039,0.41655,10,1.90667,0.0708298,3.24309
541,1.586,0.414586,10,1.77333,0.0657089,3.23598
542,1.50164,0.443116,9,2.15333,0.0702547,3.00307
543,1.31766,0.426492,8,2.02667,0.0656239,3.37943
544,1.22844,0.335996,7,1.46667,0.0691579,3.24272
545,1.59106,0.425948,10,2.08667,0.0702424,3.38564
546,1.49175,0.391952,10,1.96667,0.0677414,3.45199
547,1.55406,0.420725,8,2.03333,0.0660129,3.55849
548,1.62596,0.408929,10,2.01333,0.0674087,3.41136
549,1.29835,0.420171,7,1.84,0.0681257,3.25673
550,1.53843,0.447019,10,2.21333,0.0680585,3.01943
551,1.32364,0.426203,9,2.14667,0.0689002,3.11239
552,1.59259,0.411966,10,1.80667,0.0682247,3.16145
553,1.50365,0.42649,9,2.26,0.0690231,3.23194
554,1.15851,0.300627,7,1.10667,0.0673224,3.10695
555,1.33219,0.349465,8,1.44667,0.0684759,2.90101
556,1.46501,0.361998,10,1.51333,0.0689192,2.74097
557,1.41999,0.376763,9,1.88,0.0680211,2.83007
558,1.47061,0.505786,10,2.57333,0.0690278,3.01096
559,1.46877,0.44712,9,2.24,0.0713111,3.39681
560,1.34139,0.423256,10,2.20667,0.0702449,3.02611
561,1.48543,0.426988,9,2.12667,0.0693177,2.92706
562,1.36865,0.434183,10,2.21333,0.070295,2.77773
563,1.39672,0.393712,9,1.74,0.0661811,2.68998
564,1.54414,0.452622,10,2.12667,0.069378,2.89693
565,1.74168,0.515196,9,2.54,0.0710147,2.89312
566,1.53497,0.427267,9,2.03333,0.0671038,2.8703
567,1.38058,0.408777,9,2.09333,0.0686071,2.86412
568,1.64643,0.454971,9,2.26667,0.0717018,3.19777
569,1.47587,0.345183,9,1.44,0.0655161,2.85349
570,1.38714,0.332732,8,1.35333,0.0646262,3.03294
571,1.29657,0.41794,8,1.86,0.0700305,2.95607
572,1.64826,0.487715,10,2.33333,0.0686162,2.77718
573,1.31627,0.382387,8,1.80667,0.0623042,2.92219
574,1.64208,0.440993,9,2.06,0.0675455,2.88716
575,1.4937,0.389122,9,1.98667,0.0700461,2.93432
576,1.46463,0.38538,8,1.93333,0.0695803,2.63577
577,1.53363,0.45725,10,2.20667,0.0681356,2.69939
578,1.45199,0.480571,9,2.66667,0.0690139,2.73635
579,1.71712,0.454575,10,2.54,0.0669082,2.66824
580,1.56023,0.521262,9,2.62667,0.0673939,2.69373
581,1.60093,0.456969,9,2.41333,0.0716275,3.11795
582,1.56271,0.484724,10,2.61333,0.0714975,2.88392
583,1.45917,0.422964,9,2.24,0.07208,3.34787
584,1.38914,0.395204,8,1.74,0.0663805,3.03059
585,1.2902,0.481259,8,2.54,0.0676124,2.95686
586,1.60063,0.538574,10,3.27333,0.0715257,2.80552
587,1.70086,0.490599,10,2.76,0.0676543,3.12551
588,1.51348,0.47301,9,2.4,0.0681118,3.3679
589,1.41766,0.430201,8,2.16667,0.0674451,3.34069
590,1.51925,0.469473,9,2.24,0.0682374,2.80818
591,1.54614,0.463567,9,2.54,0.0699773,3.25878
592,1.29405,0.384265,7,1.69333,0.0652381,2.97671
593,1.54187,0.4273,9,1.96,0.0672241,3.33817
594,1.54448,0.496985,9,2.91333,0.0739702,3.05934
595,1.43689,0.496603,9,2.6,0.0705488,3.21665
596,1.23798,0.486495,8,2.8,0.0714992,3.14019
597,1.42215,0.453391,9,2.24667,0.0669816,3.13027
598,1.46716,0.471578,8,2.3,0.0695014,3.07982
599,1.48384,0.532838,9,3.04667,0.0686652,3.22062
600,1.44192,0.467611,9,2.64,0.0673783,3.04605
601,1.4997,0.447299,9,2.52667,0.0693035,3.24834
602,1.48009,0.509752,9,2.78,0.0680002,2.90194
603,1.61697,0.517318,10,2.84,0.072563,3.38268
604,1.43126,0.5062,10,2.71333,0.0716227,3.12106
605,1.50592,0.504298,10,2.63333,0.0705977,3.34319
606,1.70024,0.505614,10,2.68,0.0686757,3.04327
607,1.48571,0.420568,9,2.01333,0.0639484,2.81285
608,1.66478,0.51353,10,3.08667,0.0720663,3.06153
609,1.46711,0.498806,9,2.66,0.065563,3.01843
610,1.489,0.493664,9,2.6,0.0663512,3.00163
611,1.44082,0.469705,10,2.54,0.0697617,3.10377
612,1.62889,0.44861,10,2.24667,0.0663262,2.85765
613,1.50854,0.487505,9,2.6,0.0673543,3.16396
614,1.47753,0.376522,9,1.96667,0.065777,3.01824
615,1.32864,0.460682,9,2.12667,0.0664682,2.89618
616,1.41316,0.406298,9,2.05333,0.0700195,2.95079
617,1.42636,0.402791,10,1.96,0.0669672,2.90636
618,1.49723,0.399734,9,1.92,0.0677676,3.271
619,1.50857,0.354109,9,1.66667,0.0704999,3.3058
620,1.30215,0.404554,8,1.94667,0.0666882,2.8532
621,1.8002,0.479557,10,2.60667,0.0677161,2.77515
622,1.38285,0.418089,8,2.19333,0.0682449,2.92746
623,1.34754,0.341877,8,1.3,0.0663002,2.56631
624,1.20718,0.372477,9,1.72,0.0659001,2.85725
625,1.36287,0.36409,9,1.84,0.0689451,2.74991
626,1.36009,0.370262,8,1.7,0.068583,2.62617
627,1.28906,0.331872,9,1.43333,0.0695788,2.8196
628,1.52852,0.39289,9,1.94,0.0681505,2.53707
629,1.3745,0.380311,9,2.01333,0.0685842,2.8043
630,1.46502,0.381998,9,1.99333,0.0691077,3.08393
631,1.57471,0.369512,9,1.74,0.0704648,2.92481
632,1.60532,0.342812,9,1.49333,0.0672983,2.58311
633,1.50621,0.368652,9,1.62,0.0676546,2.77063
634,1.33018,0.344104,8,1.60667,0.0701206,2.55249
635,1.4607,0.342983,9,1.86667,0.0742665,2.70007
636,1.59565,0.408696,10,2,0.069616,2.3089
637,1.51459,0.361686,9,1.75333,0.0705009,2.68893
638,1.37553,0.33551,8,1.62,0.0689708,2.44932
639,1.47406,0.461944,9,2.18667,0.0676051,2.40882
640,1.32872,0.428136,9,2.32,0.0731844,2.79063
641,1.42205,0.418821,9,2.28667,0.0709414,3.01813
642,1.32631,0.422362,8,1.96667,0.0682492,2.57694
643,1.31439,0.398933,9,2.19333,0.0673961,2.67306
644,1.55626,0.380103,10,2.06667,0.0669796,2.33751
645,1.26349,0.356033,8,1.75333,0.0676709,2.58016
646,1.57966,0.334299,9,1.50667,0.0716863,2.38748
647,1.44236,0.400582,8,1.68667,0.0686012,2.29285
648,1.47378,0.353252,9,1.51333,0.0669199,2.30078
649,1.35952,0.373873,7,1.62667,0.0676954,2.1948
650,1.34295,0.37397,9,1.52667,0.0657271,2.11135
651,1.54309,0.424524,10,2.13333,0.0711748,2.29812
652,1.48502,0.458405,9,2.10667,0.0694523,2.49214
653,1.13707,0.326696,7,1.28,0.0676856,2.36625
654,1.33463,0.345951,7,1.37333,0.0684309,2.38471
655,1.32992,0.383784,10,1.63333,0.0651802,2.41672
656,1.26752,0.347875,8,1.36667,0.0656304,2.73847
657,1.22953,0.369947,7,1.58,0.0655203,2.61921
658,1.30501,0.337162,7,1.44667,0.0666277,2.47533
659,1.31507,0.345452,8,1.56,0.0674343,2.6017
660,1.37543,0.4126,10,1.9,0.0687228,2.6086
661,1.57171,0.448682,10,2.19333,0.0735821,2.67119
662,1.50617,0.423405,8,1.93333,0.0677081,2.57718
663,1.25828,0.366263,8,1.62,0.0694711,2.78128
664,1.41561,0.370392,9,1.78667,0.0690971,2.74699
665,1.14497,0.346183,7,1.32,0.06851,2.81106
666,1.56695,0.399042,10,1.83333,0.0722482,2.51874
667,1.15297,0.367492,8,1.56,0.066948,2.40867
668,1.0922,0.344368,7,1.64,0.0675798,2.44325
669,1.28203,0.389583,8,1.82667,0.0671829,2.75425
670,1.57455,0.352847,10,1.7,0.067549,2.7058
671,1.0689,0.351345,8,1.49333,0.0698154,2.67924
672,1.27723,0.342276,7,1.35333,0.0672054,2.2195
673,1.04859,0.295002,9,1.08,0.0664511,2.5163
674,1.40856,0.343023,8,1.38,0.0670687,2.08726
675,1.45805,0.402979,9,1.84,0.0676994,2.41293
676,1.38701,0.430162,8,2.08667,0.06736,2.82215
677,1.26552,0.413982,8,1.97333,0.0722893,2.89516
678,1.34377,0.38907,8,2.02,0.0687236,2.75485
679,1.34171,0.436514,9,1.97333,0.0674011,2.95105
680,1.51405,0.400153,9,1.83333,0.0668994,2.77713
681,1.0771,0.306102,8,1.20667,0.0667252,2.88341
682,1.28511,0.364615,8,1.56,0.0680752,2.78133
683,1.0437,0.337418,6,1.34,0.064369,2.98206
684,1.4494,0.465731,9,2.26667,0.0679436,2.95533
685,1.28032,0.407362,8,1.73333,0.0670835,2.9231
686,1.33088,0.412894,9,1.67333,0.065304,2.92163
687,1.30379,0.446997,7,1.94,0.0668786,2.75383
688,1.28384,0.355797,7,1.57333,0.0695016,2.83976
689,1.32016,0.446929,8,2.02667,0.070086,2.78651
690,1.46161,0.384666,9,1.50667,0.0651909,2.65714
691,1.30254,0.421178,8,1.72,0.0666042,3.00917
692,1.62424,0.515237,10,2.21333,0.0696801,2.89719
693,1.38959,0.371908,8,1.4,0.0694497,3.22059
694,1.43876,0.459571,8,1.96,0.064743,2.81138
695,1.1535,0.37577,8,1.67333,0.071189,3.32565
696,1.2343,0.426204,9,1.72667,0.0685226,2.97816
697,1.47728,0.451135,10,1.74667,0.0667351,3.06462
698,1.30537,0.403705,9,1.55333,0.0688809,2.83729
699,1.298,0.422191,7,1.8,0.0700131,2.95047
700,1.26584,0.39389,8,1.62667,0.0685745,3.16952
701,1.40853,0.471572,8,1.99333,0.0644013,2.7844
702,1.17808,0.407306,6,1.67333,0.0687556,3.18526
703,1.37373,0.435537,8,2.03333,0.0643273,2.74224
704,1.28132,0.44048,7,1.94667,0.0694932,3.00476
705,1.28827,0.434831,9,1.89333,0.069246,2.95557
706,1.57487,0.465601,9,2.18667,0.0653943,3.25472
707,1.49876,0.503523,10,2.57333,0.06878,3.34492
708,1.42294,0.4377,8,2.12667,0.0669735,3.26351
709,1.42496,0.481335,9,2.30667,0.0702939,3.24264
710,1.71221,0.484526,10,2.41333,0.0689699,2.95284
711,1.20321,0.422841,9,1.95333,0.0706351,3.28263
712,1.36641,0.552254,8,2.85333,0.07179,3.21752
713,1.44993,0.538564,8,2.68,0.0675955,3.04805
714,1.37096,0.419005,9,1.99333,0.0741452,3.29943
715,1.30282,0.477383,8,2.37333,0.0718261,3.30377
716,1.54,0.432913,9,1.95333,0.0659454,3.60571
717,1.41112,0.487945,9,2.12667,0.0802097,3.34228
718,1.35455,0.456623,8,2.10667,0.0674291,3.59363
719,1.62156,0.565952,10,2.89333,0.0709767,3.38502
720,1.47135,0.396245,9,1.74,0.0707262,3.73883
721,1.52656,0.457562,10,2.35333,0.0685548,3.38519
722,1.46816,0.387187,9,1.75333,0.0693708,3.51624
723,1.507,0.565218,9,3.12,0.0711709,3.17153
724,1.51751,0.52945,9,2.56667,0.0685496,3.50546
725,1.42851,0.504576,9,2.65333,0.0708007,3.38813
726,1.58014,0.485863,9,2.42667,0.0695719,3.30179
727,1.71292,0.593818,10,3.13333,0.0710144,3.32274
728,1.2812,0.482715,8,2.44667,0.0752679,3.73966
729,1.62056,0.585391,10,3.31333,0.0741005,3.61452
730,1.35067,0.43573,9,2.08,0.0696075,3.56995
731,1.39553,0.445965,9,2.3,0.0734355,3.54206
732,1.49197,0.47545,9,2.66,0.067946,3.50719
733,1.30091,0.340428,8,1.67333,0.0704913,4.00018
734,1.48899,0.425856,9,2.10667,0.0656094,3.36435
735,1.71352,0.583428,10,3.2,0.0676818,3.32277
736,1.36151,0.473678,10,2.3,0.0675047,3.38393
737,1.48027,0.461957,8,2.18,0.0652119,3.11347
738,1.64435,0.415231,10,1.86,0.0698403,3.70718
739,1.47912,0.526047,9,2.96,0.0729266,3.30121
740,1.42664,0.435127,9,2.34667,0.0666608,3.16375
741,1.54785,0.54754,9,3.01333,0.0671149,3.11048
742,1.37444,0.467397,8,2.57333,0.0687597,3.32591
743,1.60535,0.591901,10,3.11333,0.0670192,3.09629
744,1.22248,0.423637,8,2.10667,0.0737472,3.67619
745,1.6008,0.460254,9,2.47333,0.0734087,3.37467
746,1.40806,0.499596,8,2.32667,0.0680898,3.43422
747,1.68851,0.550776,10,2.93333,0.0739684,3.27942
748,1.68593,0.531914,9,3.12667,0.0725181,3.33504
749,1.1652,0.390496,8,1.99333,0.0732987,3.94514
750,1.53479,0.477219,9,2.65333,0.0763012,3.46398
751,1.57178,0.63281,10,3.63333,0.0732306,3.40704
752,1.49017,0.437532,9,2.39333,0.0723973,3.58677
753,1.70092,0.552583,10,3.19333,0.0983347,3.86801
754,1.74338,0.573779,10,3.09333,0.184346,3.27755
755,1.39293,0.52601,10,2.82667,0.0694616,3.56327
756,1.50288,0.498795,9,2.82667,0.0739536,3.53121
757,1.59963,0.530524,10,2.74,0.0691734,3.16316
758,1.50715,0.526381,10,2.98667,0.0700659,3.42994
759,1.26233,0.479826,8,2.58667,0.0690294,3.55241
760,1.75688,0.549557,10,3.23333,0.0700081,3.19109
761,1.38392,0.538581,9,2.87333,0.0720151,3.65457
762,1.60236,0.477322,9,2.54667,0.0689738,3.24327
763,1.36668,0.420249,9,2.3,0.0718163,3.392
764,1.62693,0.514897,10,2.76,0.0687369,3.36285
765,1.5515,0.482663,9,2.28,0.0728766,3.2998
766,1.55862,0.403735,9,1.74,0.0677932,3.1851
767,1.41651,0.522259,8,2.68667,0.0693885,3.0982
768,1.29513,0.386692,8,1.97333,0.0682296,3.3046
769,1.3659,0.415373,8,2.1,0.0680901,3.17432
770,1.41868,0.463729,9,2.54667,0.068463,3.25208
771,1.29189,0.410692,8,1.8,0.0664326,3.30042
772,1.45323,0.427394,10,2.08667,0.0691178,3.49556
773,1.35916,0.429043,9,2.02667,0.0650675,3.10216
774,1.38446,0.452236,10,2.13333,0.0689106,2.86128
775,1.57914,0.514331,9,2.46,0.0692519,3.05172
776,1.1665,0.405737,7,1.84,0.067198,3.2573
777,1.4345,0.45232,9,2.13333,0.0674081,3.35361
778,1.80687,0.541876,10,2.66,0.071832,3.22348
779,1.5108,0.463701,9,2.06667,0.0720829,3.28352
780,1.49489,0.523166,8,2.59333,0.0709702,3.27392
781,1.35881,0.425926,9,2.04,0.068254,3.18779
782,1.26965,0.438055,8,2.03333,0.0653499,2.95062
783,1.15902,0.405466,7,1.71333,0.0684901,3.09375
784,1.40656,0.477196,8,2.36667,0.0727285,3.10149
785,1.44456,0.473307,10,2.56667,0.0749651,2.74538
786,1.39293,0.421869,10,1.96667,0.0803618,3.06765
787,1.38126,0.414376,9,2.04,0.067886,3.09806
788,1.28787,0.387309,8,1.74667,0.0667875,3.04497
789,1.22328,0.400107,8,1.74,0.0645035,3.12634
790,1.51785,0.493552,9,2.52667,0.0696851,3.15443
791,1.28261,0.361686,9,1.67333,0.0685363,2.93478
792,1.11214,0.367921,8,1.5,0.066702,3.16058
793,1.74249,0.493473,10,2.56,0.0692958,2.90304
794,1.4912,0.461746,9,2.56,0.0744852,3.17713
795,1.66485,0.563607,10,2.84,0.0706272,3.04582
796,1.44422,0.402584,9,2.1,0.0664977,3.3329
797,1.7021,0.532387,9,3.02667,0.0718578,3.0559
798,1.45137,0.437655,9,2.34,0.0676386,2.95558
799,1.42388,0.472376,10,2.37333,0.0681154,3.09014
800,1.51898,0.479428,10,2.63333,0.0710361,3.29037
801,1.57638,0.435935,9,2.27333,0.0742796,3.54198
802,1.50661,0.431749,9,2.31333,0.0689381,3.28061
803,1.60975,0.440998,9,2.26,0.0676974,3.1879
804,1.55694,0.512844,9,2.62667,0.0688815,3.03704
805,1.28641,0.39544,9,1.80667,0.0664009,3.0463
806,1.5444,0.46197,9,2.06,0.0687477,2.8149
807,1.70942,0.461112,10,2.29333,0.0667952,2.80058
808,1.55138,0.38606,9,1.63333,0.0671331,2.73837
809,1.6621,0.469699,10,2.24667,0.0680014,2.77731
810,1.56646,0.410406,9,1.68,0.0652731,2.41093
811,1.4647,0.423125,8,1.9,0.0664878,2.56662
812,1.35505,0.424965,9,1.98667,0.0675273,2.86482
813,1.671,0.499947,10,2.44667,0.0718285,3.08249
814,1.48077,0.458951,9,2.20667,0.0672431,3.11646
815,1.51995,0.455062,9,2.28,0.0702428,3.41109
816,1.50022,0.532379,10,2.64667,0.0695827,2.89191
817,1.53839,0.498996,9,2.52667,0.0714647,2.94053
818,1.6537,0.503925,10,2.56667,0.0701498,3.16636
819,1.38374,0.439527,9,2.18,0.0708563,3.68716
820,1.50143,0.464594,9,2.36667,0.0691052,3.25259
821,1.47296,0.495957,9,2.30667,0.0657215,3.13919
822,1.47528,0.438296,8,1.98,0.0636246,2.94869
823,1.54583,0.415892,9,1.72,0.067844,3.03906
824,1.22744,0.46263,9,2.28667,0.0677201,3.31926
825,1.61611,0.433553,9,2.08,0.068022,3.31895
826,1.52244,0.425532,9,2.11333,0.0696895,3.24781
827,1.27816,0.443157,9,2.19333,0.0726329,3.29883
828,1.56375,0.485776,10,2.56667,0.0666917,3.10924
829,1.30497,0.474208,9,2.67333,0.0677156,3.30891
830,1.47592,0.456552,9,2.59333,0.0685276,3.28127
831,1.5513,0.355388,10,1.55333,0.0661593,3.28386
832,1.26168,0.416797,9,1.92,0.0675825,3.219
833,1.26651,0.440292,8,2.14,0.068331,3.20126
834,1.65353,0.490386,9,2.77333,0.0677525,2.9633
835,1.51996,0.506236,9,2.77333,0.0711094,3.141
836,1.38783,0.440261,8,2.08667,0.0668638,3.09183
837,1.37479,0.357021,10,1.40667,0.0644187,3.07648
838,1.29413,0.391464,7,1.51333,0.0698535,3.34918
839,1.62137,0.509964,9,2.62667,0.067249,3.28634
840,1.41024,0.463829,9,2.20667,0.0682178,3.47102
841,1.18898,0.416604,8,2.02667,0.0674018,3.70678
842,1.51932,0.450331,9,2.02667,0.0713801,3.50873
843,1.34613,0.396259,9,1.68,0.0689649,3.17336
844,1.38819,0.371746,8,1.50667,0.06912,3.14623
845,1.20638,0.380388,8,1.74667,0.0690793,3.23389
846,1.40059,0.41133,8,1.94,0.074744,3.68346
847,1.39197,0.433519,7,1.85333,0.0657064,3.20334
848,1.29894,0.413098,7,1.81333,0.0697306,3.28089
849,1.44891,0.525336,8,2.78667,0.0731339,3.52766
850,1.50119,0.516164,9,2.76,0.0713822,3.31112
851,1.22856,0.403023,7,2.06,0.0701491,3.64498
852,1.43957,0.511215,8,2.98667,0.0730284,3.49621
853,1.32949,0.484063,9,2.75333,0.0710912,3.71065
854,1.25237,0.482234,8,2.46667,0.0686892,3.49435
855,1.31183,0.420704,8,2.23333,0.0668804,3.61651
856,1.20503,0.373751,7,1.6,0.0670603,3.39868
857,1.08113,0.389241,7,1.92,0.0704223,3.4705
858,1.27318,0.495573,8,2.64,0.0720819,3.46068
859,1.16299,0.395017,7,1.97333,0.0666937,3.48215
860,1.2731,0.508665,8,2.58,0.0654463,3.29398
861,1.15603,0.44651,8,2.28667,0.0699252,3.72142
862,1.2456,0.459311,8,2.03333,0.0710886,3.43192
863,0.986269,0.385362,8,1.50667,0.0680734,3.59278
864,1.19485,0.391185,7,1.77333,0.0675601,3.54517
865,1.34794,0.407942,8,1.75333,0.0668677,3.59569
866,1.13786,0.329024,8,1.12,0.0676204,3.49526
867,1.23196,0.437196,8,1.76667,0.0681534,3.16479
868,1.17833,0.374486,7,1.56667,0.0665691,3.43634
869,1.1799,0.462733,7,2.02,0.0669587,3.4904
870,1.40177,0.510796,9,2.48667,0.068601,3.67307
871,1.26904,0.496105,8,2.74,0.0666842,3.6117
872,1.18935,0.427634,8,2.12,0.0699065,3.90004
873,1.29692,0.432394,8,2.12,0.0679526,3.62789
874,1.45928,0.514966,9,2.42667,0.0662157,3.34541
875,1.49384,0.520263,9,2.7,0.0719339,3.71381
876,1.32711,0.490124,8,2.53333,0.0674405,3.56366
877,1.28946,0.486129,8,2.58,0.0703679,3.80106
878,1.20512,0.425852,7,2.13333,0.0682903,3.4527
879,1.19266,0.386631,8,1.56,0.067653,3.65626
880,1.43073,0.439151,9,2.16,0.069125,3.73084
881,1.32029,0.505099,8,2.54,0.0690626,3.47963
882,1.30747,0.548772,8,2.82667,0.0699411,3.52657
883,1.21065,0.431211,10,2.38667,0.0676843,3.32873
884,1.33296,0.469984,8,2.56667,0.0668805,3.36743
885,1.17446,0.426655,7,2.23333,0.0685965,3.47759
886,1.31714,0.499712,9,2.73333,0.0703596,3.37913
887,1.27224,0.453089,8,2.64,0.07299,3.29336
888,1.39165,0.541928,9,3.32667,0.0724149,3.12324
889,1.08109,0.385531,7,1.98,0.0633685,3.42039
890,1.3249,0.433298,8,2.03333,0.0659511,3.10557
891,1.16066,0.420494,7,1.74667,0.0673169,3.34894
892,1.1,0.393195,6,1.70667,0.0652593,3.28471
893,1.22935,0.415009,8,1.95333,0.0662877,2.91203
894,1.35889,0.506336,8,2.68,0.0710364,3.06219
895,1.3648,0.429656,9,2.12,0.0734241,3.22287
896,1.09377,0.383938,7,1.68667,0.0684402,2.88584
897,1.22125,0.409355,8,1.82667,0.0713657,3.129
898,1.1002,0.376717,7,1.77333,0.0680321,3.19695
899,1.63761,0.372276,10,2.01333,0.0681466,2.84281
900,0.907982,0.302428,7,1.23333,0.069367,3.07586
901,1.28755,0.377559,8,1.42,0.0655544,2.6774
902,1.23938,0.438693,8,1.92667,0.0677724,2.71103
903,1.25575,0.454894,7,2.17333,0.0665858,2.96868
904,1.35444,0.457295,8,2.10667,0.0693793,2.88169
905,1.64823,0.504809,10,2.42667,0.0758365,3.08898
906,1.50863,0.518099,9,2.68667,0.0701458,3.08579
907,1.09567,0.334452,7,1.20667,0.0671099,3.19048
908,1.1099,0.39484,6,1.84667,0.0683889,3.53198
909,1.32133,0.394355,8,1.96667,0.0697131,3.00001
910,1.14822,0.398681,6,1.8,0.0687795,3.22282
911,1.17608,0.351351,9,1.48,0.0686378,3.08552
912,1.05036,0.422158,7,2.04667,0.0673959,3.33971
913,1.4501,0.47241,8,2.38,0.0696075,3.19699
914,1.2,0.405368,7,1.84,0.0679636,3.2974
915,1.22672,0.31795,7,1.34667,0.0669363,3.46711
916,1.22556,0.441773,8,2.12,0.0667276,3.17955
917,1.17054,0.391385,7,1.76,0.0652263,3.10163
918,1.33442,0.434585,8,2,0.0702864,2.91509
919,1.30775,0.442175,8,1.78667,0.0655468,2.94498
920,0.99066,0.278079,6,0.8,0.0626675,2.9415
921,1.10374,0.361918,9,1.55333,0.0725732,3.12531
922,1.24459,0.419151,8,1.85333,0.0685756,3.02023
923,1.19706,0.429257,8,1.93333,0.0709112,3.1341
924,1.09082,0.381148,9,1.83333,0.0678817,3.05027
925,1.56181,0.464173,9,2.30667,0.0685278,3.21339
926,1.2464,0.307056,8,1.38,0.06466,3.33284
927,1.35875,0.381348,9,1.48667,0.0685176,3.15405
928,1.06258,0.3934,6,1.9,0.0701993,3.48484
929,1.54142,0.50509,9,2.60667,0.0671806,3.39507
930,1.14907,0.438247,6,2.24667,0.0680299,3.40502
931,0.897202,0.349588,6,1.54,0.0655845,3.38957
932,1.37621,0.38401,9,1.80667,0.0657716,3.20159
933,1.54858,0.515919,9,2.92,0.0696522,3.52101
934,1.08559,0.352588,7,1.56667,0.0696505,3.74126
935,1.3072,0.371907,7,1.94,0.0704806,3.70714
936,1.4694,0.483017,8,2.40667,0.0667997,2.93683
937,1.29046,0.415468,8,1.94,0.0655789,3.24499
938,1.39764,0.452211,10,2.23333,0.068973,3.11011
939,1.2616,0.433148,7,2.10667,0.0654117,3.60211
940,1.20384,0.451254,8,2.38,0.0675667,3.39038
941,1.17466,0.414533,8,2.26,0.0693603,3.48702
942,1.3464,0.457569,9,2.39333,0.0662276,3.29626
943,1.30483,0.426888,8,2.14,0.0678793,3.48387
944,1.35593,0.46193,9,2.50667,0.0697509,3.51661
945,1.33824,0.473472,8,2.59333,0.0684755,3.34756
946,1.51313,0.542607,9,3.06667,0.0695237,3.01038
947,1.27235,0.481373,8,2.68667,0.0692504,3.74919
948,1.0893,0.434655,6,2.03333,0.0640828,3.39291
949,1.23757,0.435995,9,2.47333,0.066177,3.53861
950,1.31613,0.469021,8,2.44,0.0649207,3.36801
951,1.40968,0.455236,8,2.34667,0.0657798,3.90327
952,1.51809,0.547585,9,3.16667,0.0698439,3.15359
953,1.4968,0.522525,9,3.01333,0.0705778,3.43736
954,1.53863,0.509531,10,2.95333,0.0736892,3.59535
955,1.19644,0.459275,7,2.4,0.0680957,3.33928
956,1.19836,0.381878,8,1.63333,0.0656788,3.20542
957,1.23874,0.418198,7,2.24,0.068118,3.50386
958,1.29776,0.443917,8,2.43333,0.0720708,3.37952
959,1.07989,0.417564,7,1.86667,0.0668386,3.37472
960,1.28082,0.415647,9,2.06667,0.0714379,3.36078
961,1.17359,0.382044,7,1.73333,0.0665435,3.22445
962,1.0641,0.311897,7,1.22,0.0674701,3.42249
963,1.23484,0.376205,7,1.68,0.0689221,3.18343
964,1.45999,0.459752,9,2.42667,0.071132,3.27041
965,1.30016,0.46489,8,2.44,0.086132,3.27807
966,1.4337,0.471908,8,2.68667,0.0696635,3.27378
967,1.27799,0.432274,8,2.18,0.0715512,3.36524
968,1.33721,0.440064,8,2.06667,0.0683381,3.42926
969,1.34673,0.393031,8,1.88,0.0685102,2.94718
970,1.46183,0.496914,9,2.43333,0.06982,2.7513
971,1.60242,0.434205,9,2.32667,0.0703334,3.05122
972,1.26556,0.412351,7,1.72667,0.0670136,2.75052
973,1.20883,0.391744,8,1.88,0.0688954,3.22837
974,1.44674,0.501654,9,2.4,0.0689911,3.14304
975,1.38737,0.458393,8,2.28,0.0642504,2.75426
976,1.16234,0.429878,7,2.10667,0.0680484,3.18053
977,1.2247,0.418018,7,2.1,0.0659674,3.22633
978,1.1155,0.383996,8,1.77333,0.0653207,3.20226
979,1.59351,0.478772,9,2.45333,0.0716951,3.13437
980,1.49507,0.538023,9,2.86667,0.0686141,2.905
981,1.39316,0.424259,8,2.25333,0.0677022,2.94307
982,1.42359,0.471467,10,2.38,0.0718474,3.17794
983,1.36934,0.44544,10,2.28,0.0687957,2.9936
984,1.45816,0.49931,10,2.75333,0.0677896,3.11348
985,1.33746,0.456095,10,2.36667,0.069796,3.05619
986,1.38032,0.400185,10,1.72,0.0661512,3.11785
987,1.25627,0.420826,8,2.08667,0.0645296,2.96401
988,1.2205,0.429264,10,2.34667,0.066759,3.37145
989,1.23981,0.430248,8,2.02667,0.0682257,3.03353
990,1.08524,0.388664,7,1.75333,0.0673851,3.29171
991,1.52606,0.474126,9,2.58,0.0712844,3.13341
992,1.50937,0.47256,9,2.49333,0.0683668,3.19997
993,1.42206,0.459949,9,2.38,0.070195,3.09019
994,1.3798,0.467133,8,2.39333,0.0652661,3.29328
995,1.21033,0.455477,7,2.14667,0.0669437,3.12318
996,1.45665,0.497321,10,2.61333,0.0695414,3.04134
997,1.35779,0.517871,8,2.70667,0.0641918,3.0796
998,1.34125,0.518958,9,2.9,0.0686653,3.57664
999,1.37703,0.534825,9,3.26,0.0757023,3.45706
1000,1.24323,0.452381,7,2.45333,0.0661513,3.33701
