1,11.775,3.97596,3,0.133333,0.076923,1.34246
2,11.911,5.88724,3,0.106667,0.0683464,0.908798
3,14.9338,7.22993,3,0.0333333,0.066348,0.779703
4,14.7057,7.98211,5,0.08,0.0708862,0.863759
5,14.794,7.21234,4,0.0933333,0.0668572,0.699697
6,12.9874,8.07124,5,0.12,0.0683417,0.826947
7,15.5943,7.3218,3,0.193333,0.0662364,1.02026
8,13.7108,7.91547,3,0.153333,0.0677312,0.788433
9,13.6846,8.24717,5,0.213333,0.0693577,0.817813
10,15.7212,7.62858,3,0.106667,0.0677976,0.703754
11,14.3625,7.56242,3,0.12,0.0671392,0.690704
12,13.7339,7.87796,4,0.0866667,0.0679001,0.643114
13,13.7201,7.47076,5,0.246667,0.0670696,0.827665
14,12.8706,7.22988,4,0.113333,0.06688,0.811256
15,14.1188,7.47777,7,0.16,0.0676296,0.844218
16,13.9216,8.13022,8,0.133333,0.0696736,0.984147
17,13.2176,7.26053,4,0.166667,0.0675769,0.808241
18,13.0616,7.59649,3,0.14,0.0675236,0.766365
19,13.204,8.4352,4,0.12,0.0694303,0.727211
20,14.5324,7.94476,7,0.16,0.0699589,1.08365
21,13.085,7.94607,4,0.12,0.0689078,1.00172
22,15.7949,7.92459,7,0.266667,0.0657557,1.01267
23,15.2629,7.32126,4,0.18,0.065048,1.20775
24,17.6447,8.29051,6,0.213333,0.0651499,1.23153
25,15.4467,8.49079,6,0.233333,0.0689218,1.31221
26,12.96,7.89471,3,0.133333,0.0648415,1.22581
27,14.0219,8.11759,5,0.206667,0.0655015,1.40804
28,15.169,9.06916,4,0.113333,0.0681432,1.24335
29,17.2302,9.11501,4,0.186667,0.0664281,1.30121
30,17.185,8.63734,5,0.306667,0.0694187,1.60875
31,14.7656,8.09675,5,0.186667,0.0651571,1.26835
32,17.0851,9.35486,5,0.24,0.0682607,1.43318
33,15.6433,8.38113,3,0.153333,0.0660162,1.40265
34,16.1512,9.21537,5,0.306667,0.0687908,1.52933
35,15.2324,7.86397,3,0.0933333,0.0667635,1.02253
36,16.3185,8.53121,4,0.12,0.0642076,0.996573
37,18.0424,9.34412,6,0.213333,0.0683514,1.01553
38,16.4436,9.15034,5,0.253333,0.0677284,1.32036
39,19.4009,9.46785,5,0.34,0.0704469,1.4312
40,19.1929,8.80829,6,0.366667,0.066675,1.46604
41,19.0281,9.45713,5,0.453333,0.0770125,1.58959
42,16.2446,9.30138,6,0.493333,0.0690267,1.73491
43,21.2022,10.2387,8,0.78,0.0677209,1.67918
44,19.2236,10.2505,6,0.846667,0.0713426,1.70592
45,23.6763,10.2306,9,0.92,0.0686873,2.15185
46,19.5542,10.4092,8,0.92,0.068542,2.1967
47,24.632,10.3409,10,0.906667,0.0666651,1.89913
48,20.0192,10.276,7,1.06667,0.0647337,1.92746
49,22.827,10.6215,9,1.05333,0.0688404,2.46482
50,19.7608,10.7878,7,1.39333,0.0678261,2.77811
51,23.5943,11.0346,9,1.63333,0.0683601,3.4115
52,22.938,11.3704,9,2.34667,0.0815392,3.37951
53,21.9275,12.8702,9,2.07333,0.0699924,3.70224
54,24.364,12.2902,9,2.24667,0.101268,3.67281
55,22.6058,11.4703,9,2.14667,0.0727632,3.52097
56,23.0743,12.8918,10,2.44,0.108965,3.29866
57,24.1567,13.8478,9,2.47333,0.0712502,2.79304
58,24.6786,14.648,10,3.06,0.109702,2.89174
59,23.4409,13.6167,9,3.38,0.0762829,2.95996
60,21.709,12.1393,8,2.54,0.0678319,3.31534
61,23.3388,14.3517,9,3.22,0.0706701,2.96235
62,24.6886,14.5381,10,3.84667,0.0766785,2.87695
63,23.5316,14.44,9,3.71333,0.0699181,3.25668
64,22.327,13.3662,9,2.85333,0.069997,3.13607
65,24.6844,11.008,10,2.76,0.14141,2.98158
66,22.2677,10.9792,8,2.36,0.0787304,3.19597
67,23.506,12.4204,9,2.43333,0.07598,3.50931
68,24.4089,13.4728,9,3.12667,0.0720852,3.53485
69,21.9545,12.7477,8,2.59333,0.0681342,3.21132
70,24.6262,14.5432,10,3.77333,0.0672748,2.87625
71,24.6103,14.9033,10,3.9,0.174822,3.60253
72,24.6744,15.3183,10,3.60667,0.113525,2.90041
73,23.5499,13.8198,9,3.23333,0.256871,3.53089
74,24.6437,14.7168,10,4.04,0.105237,3.42485
75,24.7269,15.7625,10,4.23333,0.102903,3.07902
76,24.6596,14.8373,10,3.82667,0.0653127,2.89184
77,24.6703,14.5482,10,3.92,0.0819618,3.08893
78,23.8622,15.7652,10,3.48,0.0716593,3.42671
79,23.6695,14.3116,10,3.64667,0.066679,3.27362
80,24.2299,15.2942,10,3.70667,0.0732304,3.28601
81,24.601,14.424,10,3.53333,0.0865667,3.50055
82,24.6786,14.4822,9,3.76667,0.0769228,3.72399
83,24.114,14.3157,9,3.67333,0.0684761,3.73989
84,24.721,15.7986,10,4.27333,0.0729164,3.31751
85,23.7739,14.6239,10,3.78667,0.0828182,3.34083
86,23.6423,15.3083,10,4.24,0.0687386,3.50582
87,23.2536,15.179,8,3.92,0.071929,3.47659
88,24.6537,15.0785,10,4.24667,0.0700334,3.17252
89,24.6403,15.4877,10,4.12667,0.0830846,3.44987
90,23.8909,15.3961,10,4.47333,0.0873987,3.1072
91,24.7062,14.7739,10,4.11333,0.0697389,3.13782
92,24.364,15.8226,10,3.9,0.076287,3.08029
93,24.702,15.5647,10,3.85333,0.0657354,2.97429
94,23.8819,14.6647,10,3.65333,0.0722662,3.30663
95,24.6854,15.1866,10,3.35333,0.0693835,3.07317
96,23.6999,14.9732,10,3.68667,0.0726689,3.19811
97,23.4247,14.2012,9,3.64,0.0862601,3.83192
98,24.6544,15.7734,10,4.55333,0.0713415,3.167
99,24.6293,14.2064,10,3.82,0.0662742,3.61284
100,24.6686,14.7432,10,4.35333,0.0661252,3.28921
101,22.6559,13.9798,9,3.54,0.0715495,3.74148
102,23.776,15.3061,9,3.97333,0.0685301,3.8874
103,24.5979,15.3088,10,4.18667,0.105641,3.17606
104,23.8826,13.6754,9,3.14667,0.0663522,2.93418
105,24.3696,14.7055,9,4.24667,0.0894049,3.10324
106,24.7127,16.8589,10,4.71333,0.0696711,3.22391
107,23.5901,15.2542,9,3.06,0.0715371,3.69298
108,23.3925,15.527,10,3.54667,0.150822,3.3504
109,24.6562,15.2801,10,3.65333,0.0688832,3.10725
110,24.7203,14.4762,10,3.04667,0.0683986,3.10021
111,24.6886,13.582,10,2.56667,0.0665841,2.80017
112,24.6286,14.783,10,3.83333,0.0724313,2.8779
113,23.8585,13.3919,10,3.14667,0.0662632,3.49154
114,24.6627,16.218,10,4.28667,0.0676858,3.19769
115,22.6556,14.0893,9,3.54,0.0916403,3.43047
116,24.732,16.0043,10,4.08,0.0683464,3.1136
117,23.5067,14.173,8,3.09333,0.116825,3.12789
118,24.6851,17.1135,10,4.34,0.0704308,3.14743
119,24.2564,15.229,9,3.74667,0.0667583,3.31853
120,24.7227,17.2598,10,5.15333,0.0714923,2.96757
121,24.6037,15.3678,10,3.89333,0.0722372,2.84496
122,24.6644,15.3767,10,3.64667,0.0708161,3.39291
123,21.4994,15.366,9,3.33333,0.114271,3.6439
124,23.5743,15.5144,8,3.65333,0.0686934,3.68055
125,22.5918,14.1956,10,3.07333,0.0742613,3.62854
126,24.452,14.6774,9,3.62667,0.0658896,2.98844
127,24.234,14.6504,9,3.12667,0.0786001,3.26125
128,23.6875,14.5104,9,3.9,0.0673276,3.56286
129,23.4739,15.0958,9,3.48,0.0706157,3.59973
130,24.6986,13.4574,10,3.13333,0.0719577,3.36537
131,24.3299,15.5021,9,4.10667,0.0819415,3.64583
132,24.6254,16.7573,9,4.82,0.140614,3.25731
133,22.6085,14.6145,9,3.75333,0.137965,3.4466
134,24.2764,15.3383,9,3.91333,0.108483,3.19963
135,22.7849,15.4216,9,3.64,0.249306,3.3758
136,24.3499,16.046,9,3.88,0.0716774,3.67502
137,23.9909,14.1425,9,3.3,0.0724593,3.43247
138,23.1906,13.908,10,3.37333,0.0663703,3.06757
139,23.1253,15.7958,9,3.96667,0.0689663,3.17789
140,24.7127,16.3346,10,4.38,0.0685004,3.18194
141,23.7709,15.29,9,3.48,0.0753708,3.15571
142,23.9737,14.3141,9,3.61333,0.0697971,3.12347
143,24.7086,16.2626,10,4.28,0.0738037,2.99316
144,24.6962,15.1838,10,3.76667,0.0728826,3.57633
145,24.7162,14.8955,10,3.79333,0.0673367,3.70562
146,23.068,14.1626,9,2.99333,0.0730851,3.67823
147,24.294,15.5048,9,3.8,0.427083,3.58397
148,24.6986,15.6049,10,4.10667,0.0685127,3.36149
149,24.6213,14.7974,10,4.28667,0.239948,3.3268
150,24.2496,14.0982,9,3.62667,0.0923058,3.61539
151,24.6686,17.1195,10,4.91333,0.343972,3.93264
152,23.2949,16.059,10,4.02,0.070756,3.83026
153,24.5869,13.3736,10,3.78667,0.0645388,3.37849
154,24.6944,16.7647,10,4.69333,0.159114,3.30603
155,24.6403,15.5781,10,4.18,0.12236,3.52723
156,24.6962,15.5892,10,4.18667,0.0711508,3.85343
157,24.6786,15.1127,10,3.85333,0.114775,3.27419
158,24.6803,15.0747,10,3.34,0.100897,3.58553
159,24.6603,14.9696,10,3.45333,0.076874,3.22238
160,24.1506,16.5736,9,4.39333,0.0743087,3.53546
161,22.8419,15.181,9,3.36,0.0664706,3.69417
162,24.1762,14.9994,9,3.62,0.080986,3.98146
163,24.6862,17.5095,10,4.81333,0.273958,3.90597
164,24.6103,15.9182,9,4.34,0.727289,3.96613
165,24.6844,18.2534,10,5.06667,0.0724688,3.50744
166,24.6969,17.1622,10,4.96,0.107803,3.46709
167,24.6669,14.9034,10,4.18667,0.0780689,3.48024
168,24.6503,15.6191,10,4.28,0.145636,3.37746
169,23.6146,14.3359,9,3.47333,0.0775837,3.65903
170,24.5772,15.8314,9,4.1,0.0820537,4.05478
171,24.6279,16.5075,10,3.99333,0.0696524,3.97122
172,24.6279,14.7338,10,3.73333,0.149831,3.42696
173,24.6344,16.3833,10,4.26,0.113519,3.75172
174,23.6716,13.9045,10,3.40667,0.144557,3.70126
175,24.6744,13.3757,10,3.42,0.0636428,3.48175
176,23.1719,13.7464,9,2.98,0.0720025,3.94065
177,24.6462,15.1984,10,3.64,0.121969,3.70845
178,24.532,14.3909,9,3.76,0.073787,3.70971
179,24.0992,13.8805,9,3.22,0.105344,4.00164
180,23.136,14.119,9,3.54,0.122891,3.53588
181,24.6386,15.3008,10,3.56667,0.0957174,3.94669
182,24.1716,14.4775,9,3.74667,0.0678405,3.34208
183,24.6703,15.9239,10,4.19333,0.0684597,3.75682
184,24.522,14.4446,9,3.56,0.107465,3.80887
185,22.0659,13.2288,8,2.82667,0.0665072,4.01049
186,24.6462,14.5472,10,3.82667,0.0678207,3.64122
187,23.5946,14.1127,9,3.77333,0.0836324,3.67005
188,22.7012,13.6851,9,3.2,0.436934,4.01353
189,24.6237,13.3854,10,3.2,0.15656,4.05052
190,23.4709,13.7461,10,3.32,0.196461,3.99253
191,23.8243,14.7958,9,3.98667,0.377835,3.75071
192,24.6679,16.3777,10,4.54667,0.0870262,3.6601
193,23.645,14.6966,9,3.69333,0.0707404,3.48266
194,24.7203,15.1639,10,3.51333,0.204045,3.81111
195,24.6844,15.6788,10,3.72667,0.0813168,3.67737
196,24.6344,16.1207,10,4.16667,0.0663209,2.99882
197,24.7369,17.5699,10,5.00667,0.066771,2.95871
198,23.8799,15.4955,9,4.06,0.0730494,3.67117
199,23.2485,15.1124,8,2.88667,0.119355,3.85088
200,24.6344,15.3332,9,3.8,0.0706388,3.62177
201,24.7027,16.7128,10,4.40667,0.0710444,3.56396
202,24.2413,14.9372,9,4.08,0.0786554,3.58937
203,24.6537,15.3708,10,4.02,0.0715635,3.61426
204,24.6969,16.5551,10,4.41333,0.130419,4.07454
205,24.6862,17.8602,10,4.76,0.47532,3.81826
206,23.2557,15.0247,9,3.76,0.185098,3.90615
207,24.272,15.0987,10,3.74,0.0829844,3.66179
208,24.6596,16.044,10,4.18667,0.0738656,3.43641
209,23.9192,15.2592,9,3.61333,0.076786,3.88594
210,24.7069,15.9026,10,4.16,0.181011,3.91448
211,24.7027,16.8196,10,4.34667,0.0808209,3.68459
212,24.732,15.1212,10,3.72667,0.0775738,3.49425
213,24.6379,14.9481,10,3.87333,0.067905,3.48315
214,23.0259,13.9319,9,3.24667,0.0692099,3.80959
215,24.6462,15.9167,10,4.84667,0.0666497,3.37769
216,24.732,17.3964,10,4.85333,0.0781491,3.30253
217,24.6586,15.4026,10,3.98667,0.0679859,3.38621
218,22.6528,15.7673,9,4.24,0.124776,3.40478
219,24.7144,14.3546,10,4.08,0.0708972,3.56638
220,24.6862,16.6655,10,4.53333,0.0781769,3.59115
221,23.6933,15.1616,9,4.05333,0.0910838,3.81816
222,23.7592,14.6606,9,4.03333,0.0679255,3.64449
223,22.2611,14.1448,9,3.64,0.0705201,4.02167
224,23.8623,15.5865,10,4.38667,0.0660921,4.00535
225,24.6827,15.3843,10,4.25333,0.0686856,3.91476
226,24.6903,14.4885,10,4.14667,0.0686665,4.19797
227,24.7203,15.6726,10,4.3,0.0697713,3.36828
228,24.6886,14.9343,10,4.07333,0.0681153,3.54758
229,23.1472,15.6351,9,4.12667,0.067706,3.8936
230,24.7137,15.8626,10,4.46,0.0727898,3.7055
231,24.711,14.8342,10,3.22667,0.148963,3.65255
232,24.6744,15.448,10,4.01333,0.438342,3.93922
233,23.1663,15.1797,8,3.12,0.070149,3.76788
234,24.7286,15.7319,10,3.70667,0.0674554,3.35896
235,24.3189,15.258,10,3.81333,0.0710842,3.45689
236,22.7788,14.7649,9,3.6,0.0668659,3.24869
237,23.6143,15.1064,9,2.89333,0.0674157,3.34587
238,23.716,14.6729,9,3.24667,0.069781,3.17322
239,24.6462,16.5982,10,3.84667,0.069433,3.0626
240,24.6762,15.0641,10,3.94,0.138867,2.68199
241,23.914,15.784,9,3.30667,0.134585,3.10822
242,23.6185,16.2029,10,3.83333,0.0687343,3.15097
243,24.7303,17.2619,10,4.07333,0.0968508,3.28086
244,23.7263,15.9888,10,4.32,0.0698942,3.07273
245,23.3139,14.0329,9,3.58667,0.0810996,3.32646
246,24.7269,15.9596,10,4.66,0.0687226,3.17005
247,24.6703,15.6754,10,4.05333,0.0719992,3.79541
248,24.652,16.8773,10,4.94,0.0725661,3.14564
249,23.9213,16.3061,10,4.9,0.174283,3.21065
250,21.2994,12.7704,8,2.98667,0.115026,3.62628
251,24.7244,14.7106,10,4.02,0.0957072,2.85605
252,23.7147,15.0407,10,4.09333,0.108994,3.30827
253,22.8005,15.3867,9,3.76667,0.142989,3.03568
254,22.6046,15.4156,9,3.88,0.0667726,3.26649
255,24.6637,17.0611,10,4.08,0.0699392,3.2632
256,24.6644,15.7962,10,4.04667,0.0664824,2.9198
257,24.6744,16.364,10,4.4,0.105049,3.37371
258,24.7003,16.2669,10,4.28667,0.0690713,3.15439
259,24.6986,15.4164,10,3.78667,0.066201,2.66036
260,24.7344,16.5226,10,4.4,0.0885244,2.86167
261,24.4699,13.9201,10,3.93333,0.0679258,3.19574
262,24.701,17.0089,10,4.89333,0.241698,3.59656
263,24.7262,17.993,10,5.63333,0.154451,2.97912
264,24.7203,16.2624,10,5.10667,0.0955715,2.97437
265,24.6803,17.4187,10,5.1,0.0724131,3.06409
266,23.4311,16.0477,9,4.55333,0.115488,2.98958
267,24.7444,17.6947,10,5.16,0.0775558,2.86804
268,24.6903,16.7747,10,4.56667,0.136281,3.266
269,23.0988,16.5369,10,4.80667,0.0890429,3.10419
270,24.6986,17.1496,10,5.49333,0.192909,2.65846
271,24.7151,17.9924,10,5.55333,0.0737413,2.92689
272,24.7427,17.9412,10,5.38,0.0824714,2.75325
273,24.7162,16.4186,10,5.39333,0.0914033,2.52831
274,24.7086,16.0568,10,4.76667,0.0709729,3.18853
275,24.6696,17.9721,10,5.32667,0.0917938,2.97949
276,22.6619,14.8976,9,4.07333,0.0695108,3.63485
277,24.7227,15.8614,9,4.54667,0.0725296,3.33996
278,23.0383,15.6327,9,3.81333,0.0750994,3.77048
279,24.6551,16.2355,10,4.94,0.121364,3.24311
280,24.6444,15.7709,10,4.29333,0.0664265,3.24416
281,24.6703,15.5696,10,4.49333,0.234319,3.55801
282,23.2522,15.2738,9,4.00667,0.0670447,3.30073
283,24.6762,16.4124,10,4.97333,0.307037,3.27981
284,23.7516,15.7704,9,4.08667,0.178681,3.5819
285,24.7227,16.3318,10,4.12,0.0690133,2.86415
286,24.7244,16.8304,10,4.84667,0.0719237,3.17434
287,23.5009,15.6321,9,4.15333,0.0906676,3.38277
288,22.5746,15.6943,9,4.32667,0.0863805,3.39532
289,23.8163,15.0283,9,4.06667,0.0815832,3.45348
290,24.7062,15.9527,10,4.23333,0.0840472,2.93879
291,24.692,17.8146,10,5.14667,0.384439,2.94014
292,24.2906,14.2636,9,3.97333,0.162329,3.46952
293,23.4467,14.7998,9,3.83333,0.459241,4.10541
294,23.804,15.6698,9,4.33333,0.0693366,3.35903
295,24.623,16.5326,10,4.57333,0.201202,3.43843
296,23.066,13.552,9,2.88667,0.0734988,3.26833
297,24.6579,17.5888,10,5.02,0.0875253,3.14291
298,24.6886,17.0609,10,5.04667,0.0673339,3.04886
299,23.3732,16.2223,9,3.57333,0.127949,3.55711
300,23.5526,14.9586,9,3.80667,0.0668639,2.9776
301,22.9396,14.5511,8,2.92,0.066775,3.68157
302,24.7286,14.7415,10,4.04667,0.13957,3.43541
303,24.6786,15.8946,10,4.34,0.0667263,3.62082
304,24.6193,16.0967,9,4.25333,0.0869655,3.6586
305,24.1947,14.6696,10,4.1,0.0770592,3.39433
306,24.6286,16.2563,10,4.80667,0.0957472,3.54023
307,23.8336,14.4785,9,3.94667,0.0676097,3.35542
308,24.7186,16.3656,10,4.58667,0.0758681,3.31283
309,24.642,15.5918,10,4.38667,0.0678105,2.98918
310,23.9482,14.4836,9,3.60667,0.0756739,3.40149
311,23.3392,14.8326,9,3.21333,0.0661392,3.25716
312,24.682,15.0759,10,3.81333,0.0895087,3.17422
313,24.6886,16.0349,10,4.19333,0.068633,3.48716
314,24.582,14.6881,10,4.10667,0.0782851,3.41254
315,24.7262,15.6063,10,4.23333,0.0686092,3.55768
316,24.7003,16.2107,10,4.88,0.0661675,3.4891
317,24.7103,15.0495,10,4.17333,0.105769,3.68278
318,24.6903,16.4635,10,5.25333,0.219169,3.38909
319,23.3816,16.0549,9,5.18,0.119785,2.9699
320,24.672,14.3715,10,4.41333,0.0761502,3.05881
321,23.1282,13.1864,9,3.58,0.0682786,3.31798
322,24.6644,16.1866,10,4.18667,0.0717568,3.37083
323,24.6779,16.674,10,4.81333,0.0701037,3.0769
324,24.7527,16.6431,10,5.05333,0.101594,2.85241
325,24.7244,16.2282,10,4.66,0.088903,3.00923
326,24.7427,17.4638,10,4.98667,0.0877821,2.86327
327,24.7186,16.5056,10,5.04667,0.0706659,2.68948
328,24.5089,16.8922,9,5.02667,0.0746541,2.77202
329,24.7386,17.1215,10,5.88667,0.127525,3.0342
330,24.7079,16.979,10,4.89333,0.073422,2.63649
331,24.7369,16.3686,10,4.65333,0.071592,2.64484
332,24.6927,16.2269,10,5.03333,0.0671506,2.68879
333,24.6503,15.1864,10,4.67333,0.0694618,3.22917
334,24.7044,16.1979,10,4.84667,0.0695147,3.14225
335,24.4913,16.6907,9,5.2,0.222606,3.22621
336,23.5606,14.1718,9,4.20667,0.0862775,3.00634
337,24.6237,15.0822,10,4.81333,0.0757108,3.09393
338,24.0213,15.7972,10,4.86,0.0892367,3.29717
339,24.1823,14.6672,9,3.84,0.127623,3.68195
340,24.6162,14.3475,10,3.31333,0.0677547,3.13214
341,24.3423,14.79,9,3.92,0.0795354,3.39559
342,24.692,15.4441,10,4.04667,0.0817062,3.2452
343,24.6079,16.4055,9,4.44667,0.0967008,3.50468
344,24.4357,15.2972,9,4.43333,0.144244,3.14716
345,24.1754,15.7658,9,4.48667,0.066909,3.35057
346,24.2592,15.0901,10,3.96,0.0715458,2.96342
347,24.7586,17.2806,10,4.83333,0.0823212,3.04503
348,23.8916,14.1008,9,3.46667,0.0679896,3.004
349,24.7069,16.7361,10,4.94,0.0711362,3.05195
350,23.6699,13.296,9,3.3,0.0665021,2.79839
351,24.7186,16.074,10,4.34,0.0699035,3.08493
352,24.7269,16.6511,10,4.58,0.0720263,3.21847
353,24.6603,14.2396,10,3.9,0.0640117,2.86861
354,24.7244,16.5836,10,4.50667,0.0696032,3.04989
355,23.8085,14.3659,9,3.75333,0.0653452,2.97149
356,24.7103,15.7255,10,4.22667,0.0661675,3.0017
357,24.6486,14.729,10,3.89333,0.064727,3.10295
358,24.7186,16.7768,10,4.35333,0.0715265,2.87461
359,23.3753,15.0458,9,4.13333,0.114696,2.81276
360,21.1617,13.2019,9,2.94,0.0653903,3.17931
361,24.6244,14.8872,10,3.57333,0.0715905,2.83673
362,24.6103,13.9445,10,3.71333,0.0833448,2.58757
363,24.7351,15.6135,10,4.69333,0.0736597,3.01952
364,24.7069,14.9304,10,3.82,0.0674424,2.76002
365,24.7327,16.8977,10,4.27333,0.0754309,2.83077
366,24.6986,15.0161,10,4.16,0.0699509,2.87601
367,24.6986,14.865,10,4.21333,0.0700406,2.62169
368,24.7451,14.9159,10,4.1,0.073085,2.66457
369,24.6986,14.9373,10,4.32,0.157681,2.70147
370,23.3616,13.7524,10,3.47333,0.0831216,3.55253
371,23.3888,14.4815,9,3.60667,0.0670878,2.75091
372,24.7162,14.4886,10,3.78,0.0837676,3.24425
373,22.1641,13.3668,8,3.02667,0.0674678,3.30189
374,21.559,12.5281,10,2.66,0.0656967,3.46152
375,24.0172,14.4401,10,3.00667,0.11688,3.21348
376,24.2506,15.5411,9,3.76667,0.0747485,2.98829
377,24.6179,16.2419,10,4.06667,0.191886,3.03185
378,24.0519,14.8361,9,3.50667,0.0680461,2.95641
379,24.7203,15.0367,10,3.86,0.0782009,2.83282
380,24.025,14.5158,9,3.24667,0.0660375,3.07277
381,23.5536,14.4775,9,3.82667,0.0679108,3.45589
382,24.7244,15.3746,10,4.14667,0.0659759,2.8216
383,23.2516,14.5226,9,3.58,0.0873471,3.68275
384,24.6744,15.364,10,3.97333,0.0985617,3.40675
385,24.6903,16.3619,10,3.74,0.073106,3.01693
386,24.6962,17.1868,10,4.40667,0.0874921,2.82931
387,24.6279,15.7944,10,4.44667,0.0752042,3.14163
388,24.7386,16.4527,10,4.61333,0.0786325,3.00266
389,23.8392,14.7154,10,3.79333,0.165992,3.2471
390,24.7151,16.1448,10,4.31333,0.0747135,3.15107
391,24.7044,14.9826,10,4.03333,0.0682366,3.12766
392,24.7069,15.7423,10,4.58,0.0712043,2.60516
393,24.7162,15.8471,10,4.27333,0.102551,3.26864
394,24.732,15.8812,10,4.15333,0.122914,3.35484
395,24.6562,16.2691,10,5.08667,0.102166,3.26579
396,24.0402,14.8239,9,3.65333,0.0716031,3.51128
397,23.7175,13.3878,9,2.8,0.0793703,3.58
398,24.6244,15.2133,10,3.67333,0.165176,3.05387
399,23.3505,15.0111,10,3.53333,0.0843316,3.02362
400,24.7262,16.2023,10,4.48,0.0670892,2.96126
401,24.6944,17.6114,10,4.88,0.255409,3.05303
402,24.6927,15.4515,10,4.21333,0.147649,3.33214
403,22.2801,13.6794,8,2.96667,0.0688069,3.36799
404,24.7286,15.0053,10,3.06,0.074402,3.11027
405,24.7044,15.5828,10,3.26667,0.0722413,3.43557
406,23.5347,14.7243,9,2.74,0.0880928,2.99655
407,23.2477,15.0769,9,2.92,0.0688027,2.843
408,23.8399,14.1437,9,2.71333,0.0709281,3.3055
409,22.1111,13.8833,9,2.63333,0.0691682,3.51432
410,23.814,14.2592,9,2.42667,0.0662223,3.10223
411,23.735,14.6857,9,2.66667,0.0776895,3.3738
412,24.7327,15.569,10,3.79333,0.0968199,3.125
413,24.7193,15.6307,10,4.06667,0.0815602,3.12767
414,23.2515,15.531,10,3.6,0.0705176,3.5963
415,24.513,14.9795,9,3.32667,0.106766,3.63586
416,24.6903,15.7243,10,4.37333,0.107518,3.21722
417,24.6603,15.5815,10,4.06667,0.0716802,3.26727
418,23.8877,13.9689,9,3.45333,0.0952758,3.58505
419,24.6962,15.0487,10,4.54667,0.0668864,3.1656
420,24.6854,16.803,10,4.78,0.0707693,3.06941
421,24.6944,16.7217,10,5.00667,0.0947154,2.8523
422,23.8726,16.7395,10,4.56667,0.0689954,2.8993
423,24.7179,14.5627,10,3.22,0.0743055,3.34584
424,24.6162,14.6545,10,3.74,0.0649445,3.3399
425,24.7244,14.0168,10,3.56,0.0776291,3.2476
426,24.4047,15.0297,9,3.06,0.0694669,3.41276
427,24.6737,14.9482,10,3.38667,0.0700743,3.42255
428,23.8175,13.6488,9,3.22,0.0730554,3.08561
429,23.6843,13.8336,9,3.28667,0.0689194,2.82395
430,24.6979,16.0992,10,4.8,0.0670351,2.68836
431,24.6703,14.6781,10,3.36667,0.0697842,2.7459
432,24.681,14.3949,10,3.20667,0.0679069,2.86481
433,23.835,15.4274,10,3.71333,0.0893867,3.13186
434,23.129,14.2969,9,2.91333,0.06727,3.59804
435,23.8539,14.0048,9,2.96667,0.0686651,3.38711
436,24.6986,16.0845,10,4.19333,0.0716027,2.87485
437,23.965,15.135,9,3.54,0.068427,2.98253
438,24.4313,15.6329,10,3.81333,0.0699856,2.95235
439,24.712,16.3477,10,4.28,0.0688779,2.9186
440,24.0799,15.4955,10,4.52667,0.0663331,3.17753
441,22.6841,14.5039,8,3.20667,0.0690913,3.14112
442,23.0815,14.1612,9,3.06667,0.0662456,3.11699
443,22.906,13.3935,8,2.85333,0.06586,3.30717
444,24.0575,16.714,9,4.42,0.0708049,3.19887
445,24.4837,13.8217,9,3.90667,0.0661231,3.32665
446,24.138,15.6407,9,3.86,0.0725375,3.40388
447,24.7169,14.8804,10,4.15333,0.0688271,3.06838
448,24.7103,15.7351,10,4.62,0.0681686,2.99318
449,24.6786,15.3755,10,4.62,0.0916614,3.2972
450,24.6262,16.2662,10,4.66,0.0724989,3.334
451,24.7044,15.6678,10,4.22,0.0687932,3.40139
452,23.426,16.5793,10,5.04667,0.0676079,3.11291
453,23.1443,12.6733,8,2.65333,0.0680325,3.42499
454,24.382,14.8688,9,3.76667,0.0684149,3.55632
455,23.8475,15.5461,9,3.83333,0.0705682,3.68532
456,24.7186,15.8472,10,3.73333,0.064716,3.4547
457,24.7169,14.6582,10,3.48667,0.0690759,3.41641
458,24.6969,15.823,10,4.27333,0.0739162,3.39376
459,24.4247,16.526,9,4.22667,0.0708498,3.61266
460,24.7251,17.4725,10,4.8,0.0728016,3.42497
461,24.6937,14.0159,10,3.56667,0.0684101,3.35023
462,24.711,15.099,10,3.90667,0.0686138,3.0356
463,24.721,16.7623,10,4.78667,0.0707216,3.25401
464,24.7286,15.6461,10,4.07333,0.0678332,3.44235
465,23.1598,14.1845,9,3.12,0.0657984,3.75252
466,24.6986,14.8872,10,3.47333,0.0685319,3.56103
467,23.1466,14.8678,9,3.32667,0.0707016,3.47524
468,23.0139,15.0756,8,3.74,0.0741653,3.33081
469,22.9115,14.5812,9,3.88667,0.0837497,3.07783
470,24.2047,14.5236,9,3.5,0.0722811,3.14839
471,24.6396,15.2651,9,3.58,0.0671749,3.04805
472,24.6179,15.3741,10,4.00667,0.0691338,2.92159
473,22.1803,13.6522,8,3.26667,0.0946839,3.47616
474,23.9226,14.8527,9,3.42667,0.0682314,3.43607
475,23.5189,13.8958,9,3.08,0.0657118,3.50688
476,23.6253,14.5094,9,2.98667,0.0687705,3.54034
477,24.7386,15.4333,10,3.4,0.0675775,3.33794
478,24.2872,13.8082,9,3.02667,0.0711894,3.18242
479,24.682,15.4299,10,3.78,0.0699679,3.26124
480,23.5967,15.4356,9,4.23333,0.0696221,3.55532
481,24.6803,14.3248,10,4.3,0.067754,3.07852
482,24.6279,15.2825,10,3.90667,0.0693916,3.50957
483,23.049,14.6664,9,3.75333,0.0649568,3.14795
484,24.1479,14.3807,9,4.02667,0.0681182,3.27837
485,24.672,15.226,10,4.34,0.0788298,3.58796
486,24.7162,15.295,10,4.24,0.0692643,3.24727
487,24.6944,16.3517,10,4.58,0.0703728,3.34388
488,24.7286,17.1657,10,5.3,0.0741374,2.90469
489,23.786,14.9767,9,3.88667,0.0765751,3.29142
490,24.6279,15.0484,10,4.1,0.183275,3.0372
491,24.7151,15.7466,10,4.15333,0.0825965,3.21923
492,24.7386,16.9324,10,5.10667,0.0800828,2.67969
493,23.575,13.4713,9,3.11333,0.0769078,3.49202
494,24.7027,15.4242,10,3.93333,0.109008,3.29179
495,24.6869,16.0039,10,3.82,0.0687254,3.6724
496,23.7857,15.1201,9,3.85333,0.15635,3.39658
497,23.8429,16.6945,10,4.24,0.0723322,3.13785
498,24.4354,15.8445,9,4.02,0.0923127,3.07438
499,24.7086,14.5823,10,3.67333,0.0779638,3.34269
500,24.7486,17.7359,10,5.27333,0.177701,3.50062
501,22.8089,14.3144,8,3.36667,0.0670747,3.68477
502,24.6862,15.7676,10,4.38,0.0669982,3.62646
503,23.2822,13.897,9,3.92,0.153182,3.54651
504,24.324,15.2839,10,4.12,0.0886989,3.35808
505,24.672,16.4865,10,4.35333,0.0780308,3.2972
506,23.3067,13.9335,8,3.24667,0.0770317,3.46058
507,24.2879,13.9676,9,4.07333,0.0759035,3.35079
508,24.7227,15.7014,10,4.39333,0.070664,3.20733
509,24.6944,15.5446,10,4.79333,0.22449,3.14351
510,24.751,16.2628,10,4.99333,0.0761802,3.0955
511,24.7337,15.3466,10,4.06667,0.130467,2.86718
512,24.732,13.802,10,3.50667,0.0863897,3.48256
513,24.6862,16.5553,10,4.72667,0.0974901,3.46221
514,24.7144,16.629,10,5.16,0.0737316,2.86884
515,24.7303,15.8013,10,4.43333,0.0683204,3.21529
516,24.7344,16.6284,10,4.89333,0.0707337,3.14068
517,24.6537,16.778,10,5.04,0.175625,3.32131
518,24.7344,16.6005,10,5.14667,0.132572,3.51631
519,24.7269,15.4405,10,4.31333,0.0699552,3.6605
520,24.7169,15.8014,10,4.15333,0.0939303,3.36966
521,22.2493,14.2386,9,3.97333,0.0803451,3.33306
522,24.7103,14.0072,10,3.92667,0.0692099,3.35963
523,24.7027,15.6966,10,4.12,0.183302,3.4334
524,22.723,12.7697,9,2.97333,0.163144,3.59236
525,24.7544,16.3304,10,4.76,0.0722572,3.43321
526,24.2089,15.7483,10,4.52667,0.070725,3.08726
527,24.7162,15.5587,10,4.25333,0.0757533,3.51682
528,24.263,14.8275,9,4.13333,0.351008,3.3642
529,24.7044,14.3182,10,3.61333,0.0691363,3.82571
530,23.824,13.57,9,3.48,0.122331,4.05704
531,24.6786,13.511,10,2.94667,0.0698393,3.62948
532,24.6986,13.5248,10,3.1,0.128412,3.90983
533,23.8772,16.0003,9,4.27333,0.0800926,3.54116
534,24.6744,14.7353,10,3.8,0.076093,3.79631
535,24.3172,14.9075,9,3.83333,0.0813541,3.48906
536,24.6986,15.1485,10,4.48,0.073729,3.33237
537,24.6962,14.4675,10,3.93333,0.0689633,3.56997
538,24.1067,15.5903,10,4.21333,0.067826,3.58341
539,23.5993,15.0687,10,4.10667,0.130703,3.34143
540,24.6686,15.6261,10,4.3,0.0771976,3.59684
541,24.7044,14.6159,10,4.16,0.0764365,3.1348
542,24.6762,15.8026,10,4.09333,0.0736795,3.56545
543,24.6862,15.8655,10,4.54667,0.0688948,3.11978
544,24.0592,14.7341,10,3.50667,0.0707532,3.36329
545,24.692,14.7499,10,4.23333,0.108607,3.45443
546,24.7162,15.6615,10,4.19333,0.0707731,3.21163
547,24.7193,15.842,10,4.45333,0.0836181,3.0672
548,24.7162,15.6966,10,4.63333,0.068981,3.5384
549,24.7227,14.6535,10,4.32,0.0872607,3.41063
550,24.7186,17.3516,10,5.21333,0.0789298,3.31951
551,24.7144,16.3314,10,5.06,0.0726911,3.18403
552,24.5879,14.7053,10,4.94667,0.069701,2.91621
553,24.6627,15.3942,10,4.48,0.087827,3.21659
554,22.7251,13.6601,10,3.90667,0.0750575,3.75272
555,23.1072,14.8537,9,4.55333,0.104136,3.52378
556,24.063,14.4744,10,4.29333,0.067756,3.49347
557,24.7051,15.8341,10,5.17333,0.126704,3.79141
558,24.671,15.8567,10,4.64667,0.0769569,3.9194
559,24.6186,15.3595,9,4.12,0.107054,3.57663
560,24.6737,15.5984,10,4.49333,0.0743706,3.95909
561,24.6927,16.2014,10,5.29333,0.455791,3.47459
562,24.6837,16.4015,10,4.93333,0.250393,2.9027
563,23.0919,16.2422,9,4.85333,0.108293,3.5444
564,24.6986,16.6864,10,4.90667,0.0824725,3.23774
565,24.681,15.6417,10,4.84667,0.084528,3.11878
566,24.7103,15.8864,10,4.78667,0.0960592,3.12657
567,24.6803,15.0951,10,4.68667,0.0753277,2.81336
568,23.4964,14.0156,9,3.6,0.0682886,3.34661
569,24.672,14.9417,10,4.84,0.0858255,3.36142
570,22.9025,14.3157,10,4.10667,0.072152,3.54079
571,24.7086,15.6215,10,4.40667,0.0717085,3.62911
572,24.662,15.6039,10,4.5,0.0685473,3.73725
573,24.6637,14.5713,10,4.6,0.0663814,3.22197
574,24.1833,15.8584,9,4.63333,0.116401,3.75256
575,23.9505,14.8633,9,4.36667,0.069289,3.74315
576,24.1257,16.124,10,4.93333,0.0735369,3.3572
577,24.093,14.6757,10,4.07333,0.0833842,3.62734
578,23.7763,15.499,9,4.29333,0.164301,3.52411
579,24.6486,14.9461,10,4.16667,0.121231,3.2093
580,24.6962,16.2827,10,4.74,0.0819445,3.20029
581,23.6377,15.6134,10,4.23333,0.145859,3.39082
582,24.6644,14.8169,10,4.48,0.0742419,3.69261
583,24.5813,16.319,9,4.80667,0.28855,3.5022
584,24.6786,17.548,10,5.08667,0.153193,3.59677
585,24.7144,15.7323,10,3.75333,0.0871976,3.73838
586,24.7003,16.9564,10,4.92667,0.126934,3.26486
587,24.682,15.9136,10,4.04667,0.0728533,3.45952
588,24.7286,16.2322,10,4.31333,0.0990649,3.41476
589,24.7186,15.9647,10,5.02667,0.0807718,3.25106
590,24.6903,16.5307,10,5.47333,0.124946,3.32259
591,23.3136,15.0022,9,4.07333,0.089349,3.7278
592,24.6903,15.4015,10,4.38,0.117675,3.50055
593,23.0047,14.8246,9,3.64667,0.282374,3.64807
594,24.6154,15.3359,10,4.16667,0.079514,3.65866
595,24.7086,16.8375,10,4.93333,0.0685034,2.8924
596,24.692,16.0445,10,4.98,0.0829155,3.11157
597,22.6321,13.9068,9,3.98,0.0838791,3.22087
598,24.1333,14.581,10,4.45333,0.0669145,3.18557
599,24.7462,16.6514,10,5.20667,0.0719176,3.11917
600,22.9705,14.239,9,4.18,0.0730298,3.38065
601,23.5875,15.5441,10,4.80667,0.112436,3.06614
602,23.9964,12.6692,9,3.44,0.0688597,3.47663
603,24.2964,15.7614,10,4.34,0.0716276,3.30849
604,24.1775,15.3393,10,3.98,0.0705893,3.44492
605,24.1475,15.3472,9,3.76,0.0711575,3.51231
606,23.5849,13.6139,9,3.44,0.0723279,3.54883
607,24.6786,15.576,10,4.30667,0.0721334,3.78634
608,23.6875,14.3367,9,3.36667,0.183707,3.83516
609,22.8383,14.7828,8,3.71333,0.0714782,4.09091
610,24.6462,15.5576,10,4.34667,0.075354,3.62951
611,24.7086,14.2506,10,3.44,0.0910334,3.96675
612,24.6762,15.454,10,4.36,0.0798613,3.33053
613,23.189,14.4099,9,3.94,0.0663746,3.43733
614,23.2231,13.2392,9,3.56,0.0679241,3.15695
615,24.4737,15.2968,10,4.25333,0.0724469,3.15438
616,24.662,13.9928,10,3.90667,0.0683721,3.21375
617,24.6803,14.988,10,3.8,0.0724714,3.39575
618,22.2931,14.9059,9,3.83333,0.0732353,3.22656
619,24.6586,15.8314,10,4.69333,0.0775946,3.41701
620,23.0043,14.3897,10,4.22,0.0659219,3.3231
621,23.3405,13.2704,9,3.63333,0.0626391,3.27231
622,24.6944,14.8341,10,4.48,0.0684942,3.35696
623,24.6562,14.2922,10,3.72667,0.0669118,3.43941
624,23.5988,13.825,9,3.32,0.0682693,3.92854
625,24.4554,15.7159,9,4.45333,0.112668,3.79334
626,23.4936,15.5317,9,4.50667,0.0981463,3.60721
627,24.6444,15.469,10,4.04667,0.0757551,3.78137
628,24.4613,15.31,10,4.25333,0.0692457,3.13992
629,22.8746,13.542,9,3.12667,0.133998,3.67009
630,24.6337,14.9209,10,4.30667,0.0734308,3.44717
631,24.7203,15.1615,10,4.59333,0.0719535,3.60107
632,24.6569,14.6531,10,4.37333,0.119628,3.90518
633,24.6344,14.3579,10,4.47333,0.510092,3.64559
634,24.672,13.6652,10,4.23333,0.0679569,3.33494
635,24.6837,14.6442,10,4.45333,0.262368,3.16964
636,22.917,14.9163,9,4.07333,0.135216,3.18884
637,23.9153,14.3601,10,3.84667,0.222365,3.6511
638,24.4403,14.3204,9,3.76667,0.0872549,3.69581
639,24.6786,14.6439,10,4.16667,0.0798222,3.91531
640,24.6803,14.0152,10,3.70667,0.0888126,4.11524
641,23.7553,13.7667,9,3.98667,0.0730708,3.83601
642,24.6537,15.4252,10,4.20667,0.0742935,3.62051
643,23.148,13.476,8,2.96667,0.0657009,3.67699
644,24.4386,14.3855,9,3.95333,0.145128,3.59247
645,24.1499,14.6254,10,4.14,0.0703603,3.81048
646,24.6762,14.5221,10,3.92,0.119377,3.70835
647,24.6903,15.8391,10,4.66,0.0763808,3.50153
648,24.5803,15.1458,10,3.9,0.157734,3.74751
649,23.3663,13.7254,9,3.80667,0.068657,3.42223
650,23.7643,13.5629,9,3.75333,0.0703161,3.34956
651,24.6537,13.8681,10,4.14,0.143051,3.28983
652,24.7344,14.2525,10,3.83333,0.0659538,3.48187
653,24.7003,12.466,10,3.46,0.0961938,3.65047
654,24.7144,15.2746,10,4.64,0.0699546,3.36537
655,24.7427,16.0764,10,5.06667,0.0855217,3.14166
656,24.6844,15.9961,10,4.94,0.0807874,3.37979
657,24.2043,13.9806,9,3.76667,0.0901252,3.6833
658,24.7386,15.8226,10,4.60667,0.103302,3.50726
659,24.6662,12.8027,10,2.86,0.124237,3.68059
660,22.5966,13.0899,9,3.05333,0.0649622,3.72706
661,24.7103,15.7246,10,4.13333,0.0685748,3.69989
662,24.7269,15.6629,10,4.39333,0.0662023,3.75191
663,24.7303,16.0966,10,4.68,0.0721773,3.33893
664,24.6779,15.5371,10,4.59333,0.0929818,3.4392
665,24.7062,15.6828,10,4.26667,0.0684261,3.71575
666,23.664,14.8324,10,4.41333,0.18182,3.53285
667,24.7237,15.858,10,4.32,0.11208,3.45197
668,24.7427,16.059,10,5.11333,0.0715236,2.91971
669,24.7403,17.0294,10,4.99333,0.0912163,2.70371
670,24.7386,15.1278,10,4.36,0.0676071,2.66157
671,24.6762,16.9624,10,5.54667,0.071703,2.50276
672,22.7363,12.9757,9,3.78,0.069161,2.98085
673,24.6344,15.4205,10,4.4,0.0693646,3.09885
674,24.7327,15.3208,10,4.87333,0.0708276,2.6739
675,23.7367,16.2185,10,4.31333,0.109367,3.08024
676,23.4264,14.0097,10,4.08,0.0737849,3.05206
677,22.8136,13.8965,9,3.71333,0.0646494,2.69189
678,24.6679,14.9367,10,4.61333,0.0644469,2.87926
679,22.8557,14.457,9,3.58,0.069504,2.95843
680,24.6586,13.4391,10,3.22667,0.0726093,3.17259
681,24.6503,15.138,10,3.59333,0.0752388,3.37829
682,24.5213,15.0553,9,4.12667,0.0711274,3.23083
683,24.7327,16.7333,10,5.01333,0.0731742,2.92196
684,24.732,15.4809,10,4.36667,0.069467,2.95889
685,24.7244,14.338,10,3.94,0.0689805,3.22769
686,23.4516,15.8009,9,3.74667,0.0691585,3.30232
687,23.6508,15.3626,9,4.26667,0.0812698,3.40652
688,23.5233,15.0829,9,3.84,0.0664302,3.24819
689,24.7127,15.62,10,4.30667,0.0688695,3.41928
690,24.5313,14.4657,9,3.74,0.0644151,3.28137
691,23.5705,15.1088,9,4.3,0.0701465,3.27597
692,23.9816,15.2222,9,4.18667,0.0655869,3.39168
693,23.7885,14.639,10,3.55333,0.065111,3.57683
694,24.6762,14.969,10,4.06667,0.0684483,3.35984
695,24.5844,14.089,9,3.68667,0.0646893,3.53535
696,24.6786,15.9958,10,4.67333,0.0708433,3.4513
697,23.3722,14.0275,9,4.08,0.162222,3.79344
698,24.4479,15.4459,10,4.47333,0.17537,3.59599
699,23.5859,13.6024,9,3.39333,0.0651142,3.54635
700,24.1857,14.8969,9,4.10667,0.389714,3.87822
701,23.8357,16.2418,9,4.88667,0.0702955,4.08491
702,24.3523,16.8293,9,4.26667,0.0713551,3.66322
703,24.6862,15.2792,10,4.4,0.0822317,3.75021
704,24.6969,15.2276,10,4.48,0.0692158,3.57762
705,24.7234,17.2666,10,5.06667,0.0711803,3.42341
706,24.7227,15.11,10,4.62667,0.0929431,3.48169
707,24.651,16.633,10,4.72667,0.0781797,3.60852
708,24.3362,14.9797,10,4.22667,0.0932138,3.72695
709,24.632,15.9075,10,4.57333,0.0707704,3.80425
710,24.6544,16.2479,10,4.66,0.0910222,3.68034
711,24.6362,15.2363,10,4.18,0.0710311,3.49622
712,24.5644,15.6004,9,4.48667,0.0981156,3.35815
713,24.6969,15.3827,10,4.25333,0.0829121,3.96074
714,24.2396,14.7929,9,4.04667,0.0670538,3.45098
715,24.6879,16.2147,10,4.36667,0.0721701,3.80031
716,24.7203,15.8955,10,4.42667,0.0698705,3.08516
717,24.7044,14.8991,10,4.27333,0.0662406,3.06103
718,24.245,14.6129,9,4.13333,0.0725088,3.30893
719,24.7069,15.6927,10,4.34,0.0668477,3.21644
720,24.7027,16.4628,10,5.04,0.0707946,3.34662
721,23.9126,15.1319,9,4.29333,0.0691169,3.3695
722,23.9954,14.6761,9,4.08,0.0665464,3.51178
723,22.5832,14.257,9,4.02,0.0642135,3.156
724,24.6744,15.9419,10,4.04667,0.0733014,3.67774
725,24.731,16.2532,10,4.92,0.0712999,3.60102
726,24.0257,14.8098,9,3.79333,0.0623306,3.4917
727,24.652,16.4142,10,4.78667,0.0699079,3.7527
728,24.642,15.6182,10,4.38667,0.0689567,3.6333
729,24.7486,16.1251,10,4.70667,0.0698037,3.52993
730,24.2296,15.1533,10,3.94,0.560762,4.16503
731,24.6986,16.1724,10,4.40667,0.0719021,3.78014
732,24.652,15.8947,10,4.35333,0.064282,3.72099
733,24.7203,16.1098,10,4.38,0.127721,3.567
734,23.505,14.3616,9,3.59333,0.0673709,3.47419
735,23.2982,15.0942,10,3.91333,0.0706444,3.70945
736,24.6862,13.837,10,3.35333,0.0892985,3.16808
737,23.8482,15.0187,9,3.36,0.0689762,3.61495
738,24.6254,15.6892,10,3.63333,0.0676351,3.3226
739,24.7127,14.9362,10,3.65333,0.0691367,3.55526
740,21.9191,13.8256,9,3.23333,0.0814218,3.80281
741,24.6927,15.521,10,4.18,0.0730591,3.12021
742,24.6786,14.9656,10,4.17333,0.0900585,3.48411
743,24.6944,15.6746,10,4.59333,0.0707333,3.05897
744,24.6937,15.224,10,4.2,0.114093,3.15652
745,24.6444,13.8444,10,3.89333,0.277702,3.35947
746,24.7044,15.6215,10,5.36,0.107455,3.27428
747,24.3754,14.948,10,4.62,0.0662128,3.52103
748,24.6386,14.7197,10,4.95333,0.0693246,3.22847
749,24.7293,16.2002,10,4.95333,0.0703211,2.98631
750,24.7262,16.5073,10,4.94667,0.0766292,3.43264
751,24.7186,17.5312,10,5.13333,0.0714391,3.21201
752,24.6162,15.1437,10,3.88,0.0848349,3.16369
753,24.7369,15.9652,10,3.93333,0.0674673,3.35994
754,23.3452,14.0132,9,3.68667,0.144846,3.6978
755,24.4513,15.1304,9,3.46667,0.0662538,3.20723
756,24.642,16.7414,10,4.74,0.0698768,2.99331
757,24.652,15.0489,10,3.81333,0.0675615,3.59961
758,24.4764,15.1982,9,4.04667,0.0691812,3.09175
759,24.6427,13.3811,10,3.55333,0.0671409,3.43077
760,24.6862,14.8033,10,3.55333,0.0689383,3.52899
761,23.2402,13.9952,9,3.26667,0.0968186,3.17594
762,24.1882,16.1003,9,4.08667,0.089276,3.29051
763,23.4864,15.3645,10,4.18,0.144483,3.4099
764,24.692,15.7489,10,4.37333,0.150565,3.18664
765,24.7237,14.8657,10,3.78667,0.0673807,2.99808
766,24.6744,16.1734,10,4.30667,0.0674893,3.3972
767,24.672,15.5974,10,4.02,0.067754,3.69902
768,24.6762,15.8673,10,4.00667,0.231155,3.78809
769,24.1343,14.5737,9,3.38667,0.0664015,3.55119
770,23.5449,14.5451,9,3.47333,0.071408,3.77706
771,24.0023,15.29,9,3.88667,0.687351,3.83601
772,24.0706,15.1135,10,4.32667,0.0976758,3.30554
773,23.3522,14.7391,9,3.84,0.0796727,3.47804
774,24.6444,16.4545,10,5.23333,0.157116,3.18249
775,24.6579,16.9703,10,4.93333,0.0709445,3.47587
776,24.642,17.0428,10,4.7,0.069735,3.47517
777,24.6627,13.8326,10,3.52,0.230201,3.29648
778,24.6237,15.0606,10,4.23333,0.079186,3.02358
779,24.3037,15.9481,9,4.76,0.132548,3.34501
780,24.2296,13.5036,9,3.71333,0.104989,3.71871
781,24.6503,14.7161,10,3.87333,0.426856,3.7149
782,24.4086,14.8502,10,4.22,0.0680025,3.27926
783,24.6969,15.6344,10,4.42,0.47822,3.5384
784,23.127,14.0631,8,3.81333,0.107933,3.4917
785,23.1367,14.2544,9,3.94667,0.0657338,3.53275
786,24.3444,13.3882,9,3.28,0.105543,4.09081
787,23.357,13.4956,9,3.43333,0.0732332,4.00984
788,24.7044,14.5248,10,4.09333,0.065739,3.4359
789,22.7129,14.926,9,3.62,0.0679438,3.44348
790,22.6566,14.9027,10,3.89333,0.0704946,3.50061
791,24.5962,14.0813,10,3.85333,0.226875,3.29381
792,23.2036,13.2428,9,2.95333,0.0680359,3.89729
793,24.0599,16.2243,10,4.17333,0.101791,3.41548
794,24.632,14.8201,10,3.63333,0.11477,3.46732
795,23.5764,13.5153,9,3.23333,0.0663785,3.22796
796,24.6096,17.0618,10,4.54667,0.0850153,3.36091
797,24.6837,16.2502,10,4.85333,0.0665965,2.67446
798,24.6262,15.7341,10,4.3,0.087395,3.25105
799,24.6386,16.0563,10,4.42667,0.220265,3.47267
800,23.2166,15.2519,9,3.52667,0.0859861,3.56451
801,24.582,13.5061,10,2.95333,0.0640023,3.3325
802,23.1593,15.0558,9,3.62,0.0696315,3.67234
803,23.7956,14.2337,9,3.30667,0.0716574,3.59525
804,24.5954,15.9753,9,3.65333,0.0897379,3.10913
805,24.1609,15.9325,9,3.58,0.0705925,2.9971
806,24.6379,14.946,10,3.32,0.0716577,3.23831
807,24.7427,15.052,10,3.84667,0.0671702,2.59595
808,23.2288,14.6682,9,3.46667,0.0650051,3.20482
809,24.6503,15.7671,10,3.37333,0.0672467,3.19536
810,24.6803,14.8667,10,3.52,0.0789178,3.07928
811,24.6944,14.5868,10,3.2,0.0684635,3.16771
812,24.7003,14.8136,10,3.32667,0.0702442,3.0096
813,24.6986,15.6876,10,3.9,0.0703639,2.94966
814,24.7069,15.268,10,3.26,0.0694491,3.37135
815,23.3516,14.915,9,3.82,0.0701984,2.82195
816,24.7079,15.5375,10,4.16,0.0657726,2.61751
817,24.6554,15.0145,10,4.36667,0.066854,2.59779
818,24.7003,13.1799,10,3.43333,0.0684279,2.93737
819,24.6013,14.5387,9,3.94667,0.0704207,2.76685
820,24.7293,16.8534,10,4.95333,0.0863568,2.86697
821,24.7103,16.5854,10,4.68,0.0677203,2.82286
822,22.987,14.5298,9,4.16,0.0664786,2.9125
823,24.6851,16.0193,10,4.7,0.0657625,2.73425
824,24.7486,17.8515,10,5.54,0.0688537,2.4589
825,22.9276,13.3181,8,3.18667,0.0667208,3.02865
826,24.7044,13.9689,10,3.28667,0.0672124,2.93808
827,23.6106,14.9864,9,4.00667,0.0657996,2.86794
828,24.6903,14.9919,10,4.04667,0.0641097,3.19701
829,24.7569,15.9645,10,4.64667,0.065581,2.83536
830,23.1516,14.1608,9,3.62,0.066603,2.74687
831,24.6703,13.9854,10,2.79333,0.0647951,2.86067
832,23.4512,15.5966,9,3.79333,0.0677244,3.13549
833,24.7203,16.5259,10,4.33333,0.0681424,2.63673
834,24.7303,16.6505,10,4.63333,0.0689633,3.25844
835,24.3772,15.5446,9,4.14,0.0661917,2.9858
836,24.6927,16.1251,10,4.2,0.0647692,2.6017
837,23.7223,15.6835,9,4.18,0.0684189,2.94747
838,24.7144,16.0384,10,4.22667,0.0699033,3.34318
839,22.9783,14.2454,10,3.23333,0.0692171,3.5705
840,24.672,15.9394,10,4.09333,0.0707068,3.22003
841,24.6503,15.592,10,3.8,0.0679219,3.29983
842,22.6442,12.9047,10,2.34667,0.0659984,3.23808
843,24.6586,14.8506,10,3.04,0.0699347,3.14596
844,22.6463,14.4503,9,3.49333,0.0690347,3.06364
845,24.7044,15.2691,10,3.45333,0.0701178,2.78498
846,24.6196,14.3537,10,3.02667,0.16737,3.26474
847,23.9526,14.8317,9,3.69333,0.0664934,2.97386
848,24.6944,15.2012,10,3.70667,0.067589,3.20701
849,24.6179,15.6008,10,3.98667,0.0660572,3.08136
850,23.0285,14.0182,8,3.69333,0.0833697,3.74634
851,24.7003,16.899,10,4.18,0.0721746,3.04571
852,24.6979,16.6319,10,4.75333,0.148214,3.35419
853,23.1162,13.3002,9,2.62,0.106759,3.68166
854,24.6703,16.22,10,4.44,0.0764027,3.38943
855,22.7388,14.1055,8,3.13333,0.0621724,3.45218
856,23.6975,15.5791,10,3.27333,0.118308,3.63636
857,22.8744,14.7712,9,3.72667,0.123527,3.4548
858,24.6679,16.1321,10,4.52,0.0696644,2.90164
859,23.2925,15.8466,9,4.42,0.0946638,3.25904
860,23.9389,16.9368,9,4.52667,0.0707366,3.3207
861,24.5696,15.1267,9,3.92,0.0697413,3.05578
862,24.7044,14.13,10,3.34,0.0690723,3.3542
863,24.6427,15.5996,10,4,0.104521,3.53351
864,24.7144,16.2639,10,4.25333,0.0701774,3.24556
865,23.6096,14.9186,9,3.69333,0.0696553,3.2529
866,23.9257,14.7136,9,4.06,0.0692313,3.20787
867,24.6579,14.693,10,3.44667,0.066916,3.04867
868,24.0502,14.9126,9,3.58667,0.0686216,2.99041
869,23.2621,15.7351,9,4.08667,0.0694769,3.14956
870,23.7826,14.7699,9,3.39333,0.0662974,2.98142
871,24.7027,14.551,10,3.78667,0.0763768,3.05734
872,24.454,15.9533,10,4.36,0.070463,2.83896
873,22.3138,15.1282,10,3.61333,0.0912399,3.03966
874,24.7003,16.1238,10,3.85333,0.0736733,3.21468
875,24.045,14.4238,9,3.20667,0.0694902,3.57927
876,24.662,13.6739,10,3.50667,0.071451,3.44032
877,24.6179,16.4673,10,4.69333,0.141787,3.29379
878,24.6803,15.4813,10,4.20667,0.0728692,3.32142
879,23.384,14.4038,9,3.56667,0.0673899,2.74805
880,24.6462,15.7831,10,4.34667,0.0714001,2.80594
881,23.5618,15.8337,9,4.96667,0.070014,3.01567
882,24.6962,16.9464,10,5.3,0.0712814,2.90295
883,24.7103,13.2086,10,3.31333,0.0951719,3.5694
884,24.6979,16.5673,10,5.06667,0.0809018,2.98021
885,23.9837,13.5185,9,3.52667,0.0628969,3.20459
886,24.7086,16.1892,10,4.50667,0.0723777,3.54124
887,24.6527,15.7465,10,4.28667,0.0688755,3.34726
888,24.7086,16.3971,10,4.78667,0.0701629,3.02755
889,24.7169,16.6263,10,4.79333,0.0701752,3.0798
890,24.642,15.8676,10,4.66,0.152372,3.23147
891,24.7169,16.5279,10,4.92667,0.0943419,3.23771
892,24.7344,16.6619,10,4.38667,0.0763156,3.13379
893,23.4875,15.0881,9,4.28,0.0679772,2.79503
894,24.682,14.1683,10,4.13333,0.0702702,3.35448
895,23.8216,15.2378,10,3.92667,0.102128,3.09142
896,23.1473,15.9464,9,4.54667,0.0740561,2.77088
897,22.7664,15.0741,9,4.15333,0.0665259,2.92513
898,23.7036,15.4192,10,3.91333,0.0764759,3.21017
899,24.7262,15.032,10,4.25333,0.064549,2.68412
900,22.6332,14.447,9,4,0.0669621,3.16038
901,23.1929,15.4658,10,4.19333,0.0690982,3.03706
902,24.7144,16.8687,10,4.97333,0.0697441,2.87822
903,24.6644,15.8437,10,4.92667,0.0677342,2.69474
904,24.6879,15.7069,10,4.48667,0.275459,3.08406
905,23.743,14.9765,9,4.03333,0.0683762,2.75522
906,24.6703,15.7031,10,3.81333,0.069856,3.17796
907,23.8233,13.9444,9,3.26,0.0821715,3.128
908,24.6986,14.4597,10,3.90667,0.0655026,2.77574
909,23.3777,16.0402,9,4.28667,0.0881549,3.28134
910,24.6827,15.6164,10,4.2,0.0756411,3.5495
911,24.701,15.7051,10,4.42667,0.24676,3.19826
912,24.6203,13.8521,10,3.49333,0.111178,3.29395
913,24.721,15.6571,10,4.38,0.0689273,3.02257
914,24.741,16.3745,10,5.28,0.0694212,3.0618
915,24.7186,15.6783,10,4.84667,0.0738596,3.29702
916,24.6762,14.1382,10,3.89333,0.0888871,3.33954
917,24.7003,15.8078,10,4.32,0.07127,3.71564
918,24.3264,15.1743,9,4.3,0.0698024,3.29125
919,23.8982,16.3249,9,4.66667,0.100177,3.2026
920,23.0943,14.6657,9,4.01333,0.0765632,3.47077
921,24.671,13.8413,10,3.85333,0.072616,3.20108
922,22.7505,13.3222,9,3.67333,0.0648579,3.33374
923,24.692,13.9266,10,3.31333,0.103491,4.07936
924,24.7044,16.0185,10,4.39333,0.0690215,3.29434
925,24.7303,15.4902,10,3.61333,0.0855497,3.79744
926,24.7062,14.8415,10,3.42667,0.081236,3.56071
927,23.6528,15.5586,9,3.80667,0.0691072,3.77215
928,24.662,14.962,10,3.32667,0.0781466,3.75186
929,23.4915,14.4883,9,3.48,0.0680721,3.5799
930,24.244,16.0534,9,3.89333,0.122477,3.39618
931,24.2623,14.1825,9,3.20667,0.0659996,3.31699
932,24.7103,14.3347,10,3.77333,0.0824184,3.62244
933,24.6686,13.8907,10,4.10667,0.121097,3.27011
934,24.7037,15.6009,10,4.22,0.11753,3.66832
935,23.5699,13.7502,9,3.44,0.0641292,3.47588
936,24.2154,13.9827,9,3.68667,0.0665237,3.53776
937,23.7954,14.3578,10,4.18667,0.133361,3.36524
938,23.8122,14.6179,10,4.12667,0.125841,3.36694
939,22.406,14.3922,8,3.98667,0.0671115,3.3754
940,24.5144,13.447,10,3.66667,0.0669115,3.65718
941,23.6902,14.3339,9,3.77333,0.0801577,3.63299
942,24.7344,14.8554,10,3.82667,0.0683336,3.25083
943,24.1306,15.0919,10,4.25333,0.0678026,3.38975
944,24.7103,15.5479,10,4.48,0.069185,3.3035
945,23.2293,13.4968,9,3.95333,0.0660953,3.17865
946,22.1272,13.1614,8,3.40667,0.0675467,3.60418
947,23.1583,14.5675,9,3.96,0.0715991,3.23223
948,24.6727,14.946,10,3.96667,0.0681475,3.49804
949,23.6209,13.9482,8,3.68667,0.0694075,3.56462
950,24.2372,13.4945,9,3.46,0.0678868,3.29394
951,24.0409,14.3879,9,3.94,0.0669678,3.13456
952,24.692,13.5618,10,4.06667,0.0646424,2.78484
953,22.5282,12.6273,10,3.60667,0.0671041,2.92214
954,23.6575,14.0909,9,4.06667,0.0672724,3.16595
955,24.7062,14.9726,10,4.68,0.0761634,3.13265
956,23.374,12.4361,8,2.94667,0.064563,2.91483
957,23.5216,13.9512,9,2.78,0.0705758,3.323
958,24.0475,13.7505,9,2.76667,0.0677549,3.10918
959,23.1515,12.972,9,2.62,0.0741995,3.03119
960,24.7186,14.9363,10,3.72,0.0676358,2.72759
961,24.7186,15.5911,10,4.44,0.109688,3.04212
962,24.1664,15.4918,10,4.04,0.0709612,3.50049
963,23.9854,15.6995,10,4.07333,0.0685483,3.23676
964,24.7444,15.4776,10,4.12667,0.068669,2.80413
965,24.6686,16.9004,10,4.93333,0.0733801,2.7158
966,21.3131,13.0568,7,2.68667,0.06684,3.39836
967,23.1132,15.3604,9,3.72667,0.0667806,3.17186
968,24.6944,16.7694,10,4.82,0.0735115,3.09064
969,23.5882,15.4681,9,3.99333,0.0648903,3.31476
970,23.8079,14.9337,9,4.26667,0.0656231,2.88863
971,23.2113,13.8193,8,3.16,0.0681233,3.50669
972,23.7943,15.4537,9,4.14,0.0819465,3.53273
973,24.6603,16.0293,10,3.97333,0.0750187,3.40581
974,24.6486,16.7981,10,4.64,0.0764802,3.22745
975,23.635,14.9324,9,3.75333,0.0711772,3.47238
976,24.7086,16.7031,10,4.58,0.0745479,3.29624
977,24.7069,15.1697,10,3.62667,0.0709464,3.75162
978,24.7244,15.2256,10,3.95333,0.0685136,3.57822
979,24.721,16.3569,10,4.77333,0.0740946,3.38324
980,22.7088,13.7688,9,3.46,0.0709413,3.22205
981,24.7527,16.8269,10,4.82667,0.0847293,3.00251
982,24.7044,17.3678,10,5.1,0.076892,3.1263
983,24.7286,15.2865,10,4.50667,0.0710809,2.8182
984,23.4406,13.5348,9,3.48,0.0956023,3.02048
985,24.6703,13.5229,10,3.44,0.0661701,3.36015
986,24.7303,15.3188,10,4.52,0.0690448,3.00582
987,23.0996,13.6901,9,3.44667,0.0624433,3.02941
988,22.9306,14.9844,9,3.86,0.0676927,3.25994
989,23.4402,12.7505,9,3.31333,0.0842878,3.4869
990,22.7419,14.5951,10,3.66,0.0891989,3.26199
991,23.3588,13.9347,9,3.05333,0.0702679,3.8666
992,23.7056,12.8591,10,2.96,0.14679,4.16202
993,24.421,13.9687,10,3.28667,0.0726722,3.87307
994,23.4526,12.8984,9,3.38667,0.0623168,3.34951
995,23.7357,14.7074,9,3.96667,0.113117,3.65728
996,22.2857,13.4421,9,3.69333,0.0698984,3.53679
997,24.7344,14.1615,10,3.53333,0.109975,3.13622
998,24.7127,15.5017,10,4.08,0.0683185,3.13411
999,24.7086,15.3768,10,4.52,0.0822254,2.95807
1000,24.7327,14.6295,10,3.28667,0.0692795,3.18777
