1,0.211628,0.00409446,5,0.166667,0.0701007,1.16025
2,0.285933,0.0109749,6,0.38,0.0691179,1.11148
3,0.285933,0.0103171,6,0.426667,0.0691179,1.48344
4,0.285933,0.0182643,8,0.566667,0.0705259,1.28696
5,0.295894,0.0233548,6,0.72,0.0676138,1.25577
6,0.295894,0.0335801,8,0.946667,0.0752591,1.20375
7,0.295894,0.0406566,6,1.61333,0.0672161,1.3461
8,0.295894,0.029282,6,1.26667,0.0679997,1.2473
9,0.295894,0.0416611,5,1.64,0.0671278,1.24246
10,0.295894,0.057672,5,1.94,0.0890224,1.25914
11,0.295894,0.058805,6,1.90667,0.0755968,1.15812
12,0.295894,0.0578852,6,1.64,0.0685485,1.0095
13,0.295894,0.0587717,6,1.65333,0.0681204,1.11018
14,0.295894,0.0716795,7,2.01333,0.0717704,1.22288
15,0.295894,0.0746685,6,1.98,0.127795,1.11824
16,0.295894,0.0651015,8,1.81333,0.106146,1.20568
17,0.295894,0.0773498,7,2.02667,0.0899912,1.05472
18,0.295894,0.0813767,9,2.06,0.108023,1.09917
19,0.295894,0.0880092,9,2.07333,0.0696983,1.21524
20,0.295894,0.085166,9,2.15333,0.110417,1.35868
21,0.295894,0.0787255,6,2.15333,0.0910711,1.24266
22,0.295894,0.0842401,6,2.08667,0.0729179,1.23588
23,0.295894,0.0995335,6,2.19333,0.107211,1.35536
24,0.295894,0.085693,7,2.12,0.0807907,1.12353
25,0.295894,0.0872686,8,1.9,0.0672174,1.15033
26,0.302803,0.103746,8,2.28,0.0685328,1.15496
27,0.302803,0.103739,7,2.24,0.106792,1.03438
28,0.360494,0.112851,7,2.32,0.0756311,1.01279
29,0.360494,0.096094,7,2.05333,0.068461,1.18947
30,0.360494,0.102388,7,2.36,0.0708228,1.12233
31,0.360494,0.111112,7,2.26,0.068255,1.21432
32,0.360494,0.116453,7,2.53333,0.0764158,1.22353
33,0.369323,0.11632,8,2.46667,0.0744184,1.205
34,0.369323,0.106697,7,2.36667,0.153195,1.29447
35,0.369323,0.112227,7,2.42,0.0731193,1.21207
36,0.369323,0.113767,7,2.41333,0.0865817,1.26114
37,0.369323,0.103812,7,2.28667,0.0675663,1.14326
38,0.369323,0.105648,7,2.17333,0.0677509,1.17444
39,0.369323,0.122228,8,2.64,0.0673116,1.29259
40,0.374306,0.10918,8,2.22667,0.0673116,1.30214
41,0.374306,0.109565,8,2.3,0.0677048,1.35888
42,0.374306,0.104541,8,2.29333,0.0823087,1.17533
43,0.374306,0.107345,8,2.26,0.0678802,1.14252
44,0.374306,0.115207,8,2.51333,0.0754248,1.29261
45,0.374306,0.110434,8,2.52,0.0671692,1.30675
46,0.374306,0.104565,8,2.49333,0.0673554,1.37838
47,0.381068,0.10868,8,2.70667,0.0745524,1.31513
48,0.3813,0.119738,8,2.58667,0.0671842,1.26618
49,0.3813,0.11008,8,2.24667,0.0671626,1.34062
50,0.3813,0.110663,8,2.62667,0.0724682,1.28905
51,0.455494,0.125288,8,2.68667,0.0678649,1.39163
52,0.455494,0.109605,8,2.31333,0.0678649,1.36445
53,0.455494,0.122012,8,2.57333,0.0889147,1.38015
54,0.455494,0.120399,8,2.57333,0.071849,1.46049
55,0.455494,0.115626,8,2.46667,0.10837,1.47246
56,0.455494,0.10094,8,2.25333,0.0735247,1.41503
57,0.455494,0.10821,8,2.46,0.0680197,1.32239
58,0.455494,0.124176,8,2.54,0.0774353,1.51107
59,0.455494,0.121649,8,2.51333,0.0672612,1.57019
60,0.455494,0.12512,8,2.61333,0.0688879,1.46639
61,0.455494,0.116184,8,2.57333,0.0825785,1.62076
62,0.455494,0.119887,8,2.46,0.0686051,1.4794
63,0.455494,0.108906,8,2.42,0.0679174,1.48232
64,0.455494,0.117222,8,2.38667,0.068403,1.52582
65,0.455494,0.118885,8,2.46667,0.0671809,1.60727
66,0.455494,0.122772,9,2.63333,0.0692941,1.62071
67,0.455494,0.131212,9,2.72,0.0955148,1.72022
68,0.500444,0.123165,9,2.73333,0.0686668,1.79142
69,0.500444,0.111136,9,2.4,0.068469,1.56937
70,0.500444,0.118578,10,2.64,0.0675208,1.6916
71,0.500444,0.128708,9,2.73333,0.0674156,1.87582
72,0.500444,0.132591,8,2.76667,0.074821,1.88668
73,0.500444,0.127612,8,2.71333,0.0683462,1.83089
74,0.506563,0.127899,8,2.60667,0.0704655,1.73307
75,0.506563,0.142585,8,3.01333,0.0671417,2.23533
76,0.559527,0.13434,8,2.71333,0.0671432,1.98049
77,0.559527,0.127038,8,2.67333,0.0691996,2.18097
78,0.559527,0.143213,8,2.86667,0.0671906,2.10642
79,0.559527,0.15034,8,3.02,0.0695533,1.93682
80,0.559527,0.136797,8,2.90667,0.0674449,1.78411
81,0.559527,0.147203,8,3.02667,0.079317,2.11936
82,0.559527,0.154791,8,3.10667,0.0696758,1.9896
83,0.559527,0.156454,9,3.23333,0.0678657,1.98169
84,0.559527,0.167145,10,3.52667,0.0738129,2.32094
85,0.576121,0.168673,9,3.46667,0.0675153,2.29151
86,0.576121,0.176821,9,3.66667,0.067149,2.33333
87,0.576121,0.166618,9,3.41333,0.0680467,2.31868
88,0.576121,0.17548,9,3.49333,0.0695658,2.40128
89,0.673926,0.158923,9,3.38667,0.0671291,2.2582
90,0.673926,0.181617,10,3.44667,0.0671259,2.36069
91,0.673926,0.189078,10,3.77333,0.0732353,2.33869
92,0.673926,0.174042,10,3.5,0.0674651,2.38598
93,0.673926,0.16973,10,3.24,0.0671261,2.28131
94,0.673926,0.192382,10,3.65333,0.0679303,2.36884
95,0.673926,0.185996,10,3.64,0.0673745,2.48818
96,0.673926,0.190756,10,3.77333,0.0674079,2.38436
97,0.673926,0.190471,10,3.95333,0.0757729,2.43691
98,0.673926,0.172685,10,3.40667,0.0673988,2.34792
99,0.673926,0.157793,10,3.21333,0.0842678,2.23297
100,0.673926,0.182852,10,3.8,0.142035,2.25436
101,0.706907,0.181965,10,3.65333,0.0746089,2.44183
102,0.706907,0.201948,10,4.11333,0.0678909,2.49887
103,0.729424,0.191131,10,3.63333,0.0734531,2.16889
104,0.729424,0.182066,10,3.54667,0.0675059,2.16252
105,0.729424,0.200028,10,3.9,0.0708222,2.19041
106,0.729424,0.203165,10,3.99333,0.0672195,2.4341
107,0.729424,0.192836,10,3.81333,0.0698002,2.2809
108,0.729424,0.211883,10,4.03333,0.0830367,2.20642
109,0.729424,0.220689,10,4.08667,0.0769798,2.27782
110,0.729424,0.190747,10,3.76667,0.0873474,2.3396
111,0.729424,0.216829,10,4.18,0.157209,2.39657
112,0.729424,0.196695,10,3.94667,0.117075,2.20963
113,0.729424,0.222617,10,4.01333,0.0679123,2.40109
114,0.729424,0.229936,10,4.18,0.0690198,2.34658
115,0.729424,0.229657,9,4.11333,0.0674296,2.34686
116,0.729424,0.210123,9,3.66667,0.0906526,2.27469
117,0.729424,0.216421,10,3.62,0.0681037,2.01222
118,0.729424,0.208832,10,3.74,0.0671394,2.07443
119,0.729424,0.208904,10,3.48,0.0742118,1.96295
120,0.729424,0.211734,10,3.55333,0.0873058,2.06335
121,0.729424,0.219464,10,3.83333,0.0806976,2.17571
122,0.729424,0.211879,10,4.00667,0.0691527,2.11664
123,0.729424,0.208972,10,4.30667,0.067126,2.20361
124,0.729424,0.197606,10,3.91333,0.072098,2.11152
125,0.729424,0.209175,10,3.94,0.0875372,2.15922
126,0.729424,0.192909,10,3.65333,0.0723427,2.2014
127,0.729424,0.213108,10,3.96,0.0794362,2.12995
128,0.710064,0.218626,10,4.17333,0.067224,2.19157
129,0.710064,0.216898,10,3.90667,0.0717051,2.0694
130,0.710064,0.239655,10,4.34667,0.0676564,2.13263
131,0.710064,0.217112,10,4.09333,0.0734779,2.31026
132,0.710064,0.200575,10,3.81333,0.0672477,2.06769
133,0.71073,0.203134,10,3.86667,0.0673967,1.99096
134,0.71073,0.23365,10,4.34667,0.0715151,2.2272
135,0.71073,0.213425,10,4.05333,0.0684488,2.10417
136,0.71073,0.194594,10,3.80667,0.0694851,1.98534
137,0.71073,0.216423,10,4.02667,0.0688732,1.92598
138,0.71073,0.22665,10,4.02,0.0673721,2.26325
139,0.71073,0.250975,10,4.49333,0.069182,2.19272
140,0.71073,0.255207,10,4.86,0.0683994,2.32376
141,0.71073,0.253809,10,4.56667,0.0680426,2.57897
142,0.71073,0.241425,10,4.59333,0.0685061,2.19856
143,0.729906,0.245747,9,4.34667,0.0754187,2.27471
144,0.729906,0.23761,9,4.46,0.0708448,2.3213
145,0.729906,0.247308,9,4.48667,0.25586,2.33488
146,0.729906,0.228239,9,4.33333,0.0675596,2.55487
147,0.729906,0.248239,9,4.37333,0.0739907,2.30818
148,0.729906,0.220387,9,4.14667,0.0684506,2.38413
149,0.729906,0.238023,9,4.36,0.0682557,2.34631
150,0.729906,0.201176,9,3.62667,0.128636,2.26027
151,0.729906,0.234535,9,4.38,0.0694475,2.21369
152,0.729906,0.238494,9,4.38667,0.068947,2.27857
153,0.729906,0.237248,9,4.38667,0.075565,2.18048
154,0.729906,0.238468,9,4.38,0.0680767,2.33839
155,0.729906,0.251567,9,4.35333,0.0738238,2.36022
156,0.729906,0.249113,9,4.38,0.109629,2.35078
157,0.729906,0.229674,9,4.15333,0.0675071,2.24893
158,0.729906,0.215974,9,3.9,0.185393,2.27899
159,0.729906,0.228136,9,4.27333,0.0713143,2.20977
160,0.729906,0.218597,9,3.55333,0.0757889,2.24883
161,0.729906,0.215674,10,3.79333,0.0671393,2.29985
162,0.729906,0.22921,10,4.05333,0.147699,2.32291
163,0.729906,0.231723,10,4.03333,0.067848,2.03174
164,0.729906,0.218015,10,3.90667,0.0678125,2.31914
165,0.729906,0.237501,10,4.12,0.0672474,2.29845
166,0.729906,0.233572,10,3.94,0.0757902,2.05661
167,0.729906,0.252528,10,4.33333,0.070107,2.06121
168,0.72108,0.262936,10,4.32667,0.0691729,2.08612
169,0.72108,0.26916,10,4.64,0.0832091,2.2336
170,0.72108,0.263682,10,4.77333,0.069409,2.16776
171,0.724934,0.231747,10,4.22,0.158158,2.34401
172,0.724934,0.234245,10,4.38667,0.0679729,2.20772
173,0.724934,0.236064,10,4.28667,0.0685307,2.39991
174,0.724934,0.2399,10,4.34667,0.0675308,2.37906
175,0.724934,0.234854,10,4.2,0.0829388,2.18486
176,0.724934,0.228357,10,4.08667,0.0775171,2.10393
177,0.724934,0.255857,10,4.57333,0.149016,2.28821
178,0.724934,0.279673,10,4.82,0.183424,2.19885
179,0.724934,0.261183,10,4.75333,0.0736075,2.2764
180,0.724934,0.229518,10,4.26667,0.0684707,2.20651
181,0.724934,0.228503,10,4.35333,0.114274,2.41343
182,0.724934,0.243888,10,4.58667,0.0749793,2.44549
183,0.724934,0.232412,10,3.99333,0.112431,2.34337
184,0.724934,0.246292,10,4.36667,0.090191,2.50627
185,0.729512,0.242739,10,4.16667,0.0819032,2.34206
186,0.729512,0.251438,9,4.14,0.0795104,2.31984
187,0.729512,0.259806,9,4.73333,0.0674825,2.24478
188,0.729512,0.273278,9,4.8,0.0685249,2.49699
189,0.729512,0.276311,10,4.78,0.0693833,2.23121
190,0.729512,0.244068,9,4.16667,0.0846477,2.14157
191,0.729512,0.257542,9,4.44,0.0672068,2.17093
192,0.729512,0.278896,9,4.76667,0.122433,2.34681
193,0.729512,0.260546,10,4.37333,0.0674224,2.35339
194,0.729512,0.257941,10,4.35333,0.0677462,2.43922
195,0.729512,0.27316,9,4.56667,0.0672002,2.23888
196,0.737058,0.263216,9,4.31333,0.068123,2.29527
197,0.737058,0.25693,9,4.25333,0.0683604,2.25363
198,0.737058,0.24024,10,4.25333,0.0736031,2.48997
199,0.737058,0.272577,9,4.44,0.0699015,2.36028
200,0.737058,0.265531,10,4.16667,0.0714249,2.26552
201,0.737058,0.258353,10,4.09333,0.080958,2.12192
202,0.737058,0.274614,10,4.31333,0.0721711,2.25102
203,0.737058,0.284599,10,4.54,0.0676666,2.16039
204,0.737058,0.300113,10,4.54667,0.0675259,2.27217
205,0.737058,0.307648,10,4.71333,0.068493,2.33076
206,0.738083,0.263668,10,4.42667,0.0922569,2.4377
207,0.738083,0.262586,10,4.17333,0.0760052,2.31041
208,0.738257,0.276149,10,4.41333,0.0878005,2.50457
209,0.738257,0.275399,10,4.53333,0.0707054,2.13797
210,0.738257,0.265754,10,4.4,0.0792126,2.20074
211,0.738257,0.272337,10,4.34667,0.110193,2.28836
212,0.738257,0.254076,10,4.3,0.0725367,2.10894
213,0.738257,0.243393,10,4.28667,0.0752887,2.18459
214,0.738257,0.252133,10,4.07333,0.17029,2.2402
215,0.738257,0.282044,10,4.87333,0.545501,2.55927
216,0.738257,0.269094,10,4.31333,0.0672024,2.46255
217,0.738257,0.311432,10,4.73333,0.0678838,2.36594
218,0.741289,0.324029,10,5.11333,0.125952,2.29054
219,0.741289,0.296983,10,4.59333,0.0678617,2.20252
220,0.741289,0.315703,10,5.1,0.251285,2.26161
221,0.741289,0.28149,10,4.47333,0.327952,2.24108
222,0.741289,0.295013,10,4.62667,0.067644,2.19009
223,0.741289,0.310465,10,4.71333,0.0771753,2.32093
224,0.741289,0.321386,10,4.85333,0.17026,2.34875
225,0.741289,0.315311,10,4.79333,0.071451,2.1441
226,0.741289,0.310004,10,4.85333,0.0691787,2.37258
227,0.741289,0.276673,10,4.43333,0.0832023,2.28053
228,0.741289,0.27933,10,4.46,0.170454,2.36093
229,0.741289,0.291465,10,4.51333,0.0761562,2.0995
230,0.741289,0.302627,10,4.68667,0.0887264,2.31436
231,0.741289,0.273246,10,4.41333,0.0959289,2.30519
232,0.741289,0.298027,10,4.81333,0.101795,2.42857
233,0.741289,0.304979,10,4.68667,0.0671751,2.35126
234,0.741289,0.279501,10,4.40667,0.0690214,2.36304
235,0.741289,0.263223,10,4.30667,0.082733,2.33182
236,0.741289,0.245037,10,3.96,0.0672477,2.1446
237,0.742081,0.281484,10,4.52,0.0815582,2.43497
238,0.742081,0.289383,10,4.48667,0.178242,2.38652
239,0.742081,0.275337,10,4.22,0.0727294,2.5564
240,0.742081,0.2776,10,4.25333,0.106125,2.44159
241,0.742081,0.318297,10,4.97333,0.0726583,2.3573
242,0.742081,0.304033,10,4.72667,0.0851799,2.2863
243,0.742081,0.319407,10,5.05333,0.211234,2.33234
244,0.794617,0.290243,10,4.74,0.0784479,2.56196
245,0.794617,0.273972,10,4.34,0.0724419,2.43961
246,0.794617,0.280043,10,4.69333,0.0713677,2.47079
247,0.794617,0.263199,10,4.7,0.0921471,2.51432
248,0.794617,0.270513,10,4.5,0.183957,2.6612
249,0.794617,0.29095,10,4.8,0.067481,2.58767
250,0.794617,0.277425,10,4.56667,0.0834297,2.33899
251,0.794617,0.261318,10,4.38667,0.0676981,2.22468
252,0.794617,0.312241,10,5.16667,0.124496,2.63521
253,0.794617,0.29686,10,4.92,0.0820439,2.49326
254,0.794617,0.285686,10,4.68667,0.110695,2.52878
255,0.794617,0.287999,10,5.10667,0.0842274,2.56357
256,0.794617,0.271584,10,4.72,0.0672397,2.44765
257,0.794617,0.314128,10,5.07333,0.0745513,2.65701
258,0.794617,0.284538,10,4.87333,0.0727897,2.39855
259,0.794617,0.318708,10,5.44667,0.0719636,2.50743
260,0.794617,0.301094,10,5.07333,0.0808729,2.66293
261,0.794617,0.285933,10,4.96667,0.0820586,2.42478
262,0.794617,0.296865,10,5.06,0.0825363,2.59852
263,0.794617,0.309137,10,4.90667,0.0675225,2.45056
264,0.794617,0.301367,10,4.74667,0.0770219,2.66896
265,0.794617,0.298568,10,4.98667,0.0680281,2.78342
266,0.794617,0.282247,10,4.75333,0.0685169,2.45945
267,0.794617,0.312044,10,5.08,0.0756728,2.53668
268,0.794617,0.34898,10,5.5,0.0811074,2.63771
269,0.738328,0.31843,10,5.12,0.0811074,2.48436
270,0.738328,0.299844,10,4.94,0.0746399,2.54503
271,0.741408,0.302596,10,4.93333,0.105492,2.39435
272,0.741408,0.303717,10,5.31333,0.0771619,2.69347
273,0.741408,0.288621,10,4.98667,0.20998,2.6612
274,0.745414,0.309298,10,4.85333,0.114614,2.59403
275,0.748009,0.315874,10,5.13333,0.0730609,2.55223
276,0.748009,0.334863,10,5.14,0.0840998,2.34677
277,0.748009,0.332877,10,5.27333,0.0682628,2.44739
278,0.748009,0.310976,10,5.04667,0.0734351,2.50936
279,0.748009,0.328398,10,5.15333,0.169771,2.37701
280,0.748009,0.308465,10,5.17333,0.0687217,2.55666
281,0.748009,0.335402,10,5.54,0.0684621,2.66268
282,0.748009,0.344388,10,5.29333,0.0672475,2.43226
283,0.748009,0.330507,10,5.32667,0.0673546,2.46188
284,0.748009,0.337583,10,5.43333,0.0671479,2.49141
285,0.748009,0.351625,10,5.36667,0.0750722,2.40188
286,0.748009,0.356003,10,5.49333,0.199934,2.63208
287,0.748009,0.338687,10,5.19333,0.0671266,2.45364
288,0.748009,0.339924,10,5.23333,0.0674279,2.45385
289,0.748009,0.299193,10,4.85333,0.0728519,2.5034
290,0.748009,0.339029,10,5.24667,0.0696793,2.59011
291,0.748029,0.334374,10,5.30667,0.0772518,2.50415
292,0.748029,0.30454,10,4.92,0.186313,2.72549
293,0.748029,0.328102,10,5.04,0.0743079,2.64947
294,0.748029,0.317606,10,5.15333,0.0766801,2.67889
295,0.748029,0.288345,10,4.64667,0.0673139,2.54313
296,0.748029,0.30951,10,5.11333,0.0731942,2.58157
297,0.748029,0.327674,10,5.17333,0.0748156,2.4357
298,0.748029,0.305208,10,4.7,0.0678014,2.49074
299,0.748029,0.305441,10,4.78,0.0705961,2.28488
300,0.748029,0.320827,10,4.94,0.231827,2.51935
301,0.748029,0.30456,10,4.71333,0.070419,2.5678
302,0.748029,0.28712,10,4.89333,0.068097,2.46794
303,0.748029,0.244633,10,4.07333,0.0845121,2.56336
304,0.748029,0.291963,10,4.84667,0.0801372,2.72132
305,0.748029,0.290235,10,4.5,0.0675946,2.3934
306,0.748029,0.27702,10,4.7,0.0947095,2.6358
307,0.748029,0.292712,10,4.64667,0.201898,2.60502
308,0.748029,0.299767,10,4.56,0.0903412,2.61121
309,0.748029,0.320133,10,4.94667,0.0811588,2.34564
310,0.748029,0.301678,10,4.98,0.0672206,2.38797
311,0.748029,0.294871,10,4.68667,0.0947294,2.4778
312,0.748029,0.319969,10,4.98667,0.0754608,2.52293
313,0.748029,0.311211,10,4.82667,0.0960797,2.26382
314,0.748029,0.312244,10,4.6,0.0674026,2.1962
315,0.765841,0.300675,10,4.51333,0.0762836,2.37125
316,0.765841,0.2824,10,4.58667,0.11062,2.46317
317,0.765841,0.31605,10,4.84667,0.0775953,2.43713
318,0.765841,0.280123,10,4.21333,0.0733083,2.51768
319,0.765841,0.302463,10,4.68,0.0674332,2.29331
320,0.765841,0.301441,10,4.60667,0.0723479,2.34004
321,0.765841,0.316712,10,4.62667,0.153101,2.36134
322,0.765841,0.317715,10,4.63333,0.111323,2.48809
323,0.765841,0.330285,10,4.98667,0.0723378,2.44167
324,0.765841,0.298684,10,4.72,0.0911068,2.72606
325,0.765841,0.293667,10,4.42,0.0682027,2.526
326,0.765841,0.290885,10,4.52,0.0731088,2.60563
327,0.765841,0.306018,10,4.78667,0.155356,2.59712
328,0.765841,0.282954,10,4.36667,0.0681892,2.28022
329,0.765841,0.355723,10,5.22,0.111884,2.57878
330,0.765841,0.329477,10,4.89333,0.0729658,2.5563
331,0.765841,0.313621,10,4.82667,0.0675941,2.56871
332,0.765841,0.310876,10,4.78,0.0672592,2.43923
333,0.765841,0.343627,10,5.2,0.101506,2.42629
334,0.765841,0.356214,10,5.44,0.10369,2.6149
335,0.765841,0.303659,10,4.62,0.0677675,2.60206
336,0.765841,0.306318,10,4.64,0.0848975,2.6661
337,0.765841,0.340517,10,5.18667,0.0690026,2.77201
338,0.765841,0.290951,10,4.66,0.0942856,2.54786
339,0.765841,0.309698,10,4.83333,0.0941845,2.6316
340,0.752453,0.32016,10,4.82667,0.0680416,2.51699
341,0.752453,0.300704,10,4.87333,0.0783621,2.58411
342,0.752453,0.305686,10,4.7,0.0830802,2.65324
343,0.752453,0.309145,10,4.8,0.0830795,2.44518
344,0.752453,0.303981,10,4.74667,0.06931,2.541
345,0.752453,0.316176,10,5.14,0.0682493,2.57719
346,0.752453,0.325699,10,5.34667,0.0673934,2.46381
347,0.751649,0.292869,10,4.86667,0.0866079,2.63586
348,0.751649,0.317811,10,5.22667,0.0695042,2.67777
349,0.751649,0.312726,10,4.86,0.0749594,2.54495
350,0.751649,0.319322,10,5.13333,0.0671801,2.58191
351,0.751649,0.311753,10,5,0.0855618,2.56962
352,0.751649,0.297343,10,4.78,0.0782904,2.53619
353,0.751649,0.27976,10,4.58,0.0678893,2.61103
354,0.751649,0.302941,10,4.94667,0.0683938,2.66151
355,0.751649,0.292154,10,4.6,0.0990198,2.55593
356,0.751649,0.305513,9,4.86,0.0749504,2.64283
357,0.751649,0.290947,9,4.94,0.0842032,2.55847
358,0.751649,0.288438,9,4.78,0.0682181,2.56644
359,0.751649,0.304289,9,4.92,0.100193,2.61194
360,0.751649,0.304436,9,5.14,0.0702442,2.75063
361,0.751649,0.296482,9,4.82667,0.0726671,2.42787
362,0.751649,0.273891,9,4.77333,0.0683627,2.65344
363,0.751649,0.289704,9,4.61333,0.0847599,2.61816
364,0.751649,0.282221,10,4.60667,0.0671748,2.48787
365,0.795914,0.325001,10,4.94667,0.068609,2.45272
366,0.795914,0.332853,10,5.06,0.0908221,2.61116
367,0.795914,0.318858,10,5.00667,0.141625,2.57499
368,0.795914,0.299124,10,4.71333,0.08253,2.62424
369,0.795914,0.296995,10,4.44667,0.0672009,2.34421
370,0.795914,0.278333,10,4.54,0.0763241,2.48159
371,0.795914,0.293526,10,4.45333,0.0675092,2.1914
372,0.795914,0.317294,10,4.59333,0.068582,2.44003
373,0.795914,0.327583,10,4.74667,0.0693178,2.42972
374,0.795914,0.308888,10,4.63333,0.0678962,2.329
375,0.795914,0.31151,10,4.74667,0.0708927,2.35346
376,0.795914,0.275952,10,4.63333,0.0681252,2.5407
377,0.795914,0.28756,10,4.51333,0.152831,2.58041
378,0.795914,0.299004,10,4.58,0.0859925,2.45174
379,0.795914,0.332597,10,5.02,0.0677516,2.62801
380,0.795914,0.330219,10,5.06667,0.067154,2.86595
381,0.795914,0.32094,10,4.96,0.0677214,2.67584
382,0.795914,0.319091,10,5.08,0.0676283,2.66176
383,0.795914,0.349602,10,5.49333,0.0997916,2.56594
384,0.795914,0.311345,10,4.91333,0.0706603,2.76416
385,0.795914,0.345308,10,5.12,0.172206,2.45448
386,0.795914,0.330552,10,4.96,0.0672299,2.5008
387,0.795914,0.310456,10,5.04667,0.0715496,2.55814
388,0.795914,0.327881,10,4.96,0.0671266,2.41122
389,0.795914,0.325143,10,5.01333,0.069463,2.39499
390,0.745745,0.36333,10,5.51333,0.0672473,2.5724
391,0.745745,0.349241,10,5.33333,0.0977517,2.41941
392,0.745745,0.342083,10,5.26667,0.185081,2.69551
393,0.745745,0.322494,9,4.87333,0.0767059,2.38019
394,0.745745,0.344386,9,5.25333,0.0747772,2.54562
395,0.745745,0.328269,9,5.22667,0.0693556,2.52144
396,0.745745,0.323405,10,5.18,0.0745438,2.59412
397,0.745745,0.295164,10,4.67333,0.06753,2.41109
398,0.745745,0.322779,10,5.20667,0.0687622,2.48482
399,0.745745,0.334818,10,5.28667,0.0671877,2.37953
400,0.754451,0.349422,10,5.57333,0.0672669,2.33338
401,0.754451,0.312679,10,5.07333,0.0671605,2.58311
402,0.754451,0.329714,10,5.02,0.0690124,2.58005
403,0.754451,0.326192,10,5.25333,0.0671289,2.60759
404,0.754451,0.35621,10,5.26667,0.0671369,2.61683
405,0.754451,0.334524,10,5.17333,0.067128,2.51601
406,0.755878,0.29316,10,4.81333,0.0671265,2.49089
407,0.755878,0.323546,10,5.09333,0.0671264,2.49445
408,0.755878,0.341677,10,5.31333,0.0671514,2.49757
409,0.755878,0.343874,10,5.34,0.0671504,2.27914
410,0.76765,0.356735,10,5.36667,0.0671317,2.43652
411,0.76765,0.331272,10,5.10667,0.0686274,2.52233
412,0.76765,0.319832,10,5.10667,0.0678898,2.61675
413,0.76765,0.303235,10,5,0.0672053,2.66043
414,0.76765,0.328593,10,5.07333,0.0671286,2.42926
415,0.76765,0.31194,10,4.78,0.0671286,2.48781
416,0.76765,0.30142,10,4.78667,0.0671261,2.52343
417,0.76765,0.332603,10,5.11333,0.0671271,2.41982
418,0.76765,0.340443,10,5.45333,0.0671259,2.60238
419,0.76765,0.319702,10,5.12667,0.0921314,2.71983
420,0.76765,0.330439,10,5.04,0.067126,2.62907
421,0.76765,0.312582,9,4.84,0.0673545,2.52134
422,0.76765,0.319437,10,5.14667,0.0699988,2.69757
423,0.76765,0.305489,10,4.89333,0.0672578,2.69102
424,0.76765,0.3278,10,5.04,0.0679726,2.71999
425,0.76765,0.293185,10,4.62,0.0671938,2.56855
426,0.76765,0.308577,10,4.96667,0.0690511,2.7055
427,0.76765,0.330698,10,5.34,0.067141,2.73577
428,0.76765,0.344004,10,5.37333,0.0671327,2.53772
429,0.76765,0.341621,10,5.4,0.0672265,2.72271
430,0.76765,0.345679,10,5.43333,0.0674075,2.72485
431,0.76765,0.332803,10,5.25333,0.0715646,2.57079
432,0.76765,0.317908,10,4.74667,0.0672936,2.34603
433,0.76765,0.336071,10,5.12,0.0686681,2.5522
434,0.76765,0.32503,10,5.03333,0.145598,2.51453
435,0.755903,0.339771,10,5.26667,0.0675438,2.44705
436,0.755903,0.337189,10,5.22,0.067335,2.52407
437,0.755903,0.323973,10,5.10667,0.0682816,2.71945
438,0.750736,0.29115,10,4.69333,0.0809118,2.71921
439,0.750736,0.303855,10,4.84667,0.183204,2.62467
440,0.750736,0.299606,10,4.70667,0.0676792,2.45995
441,0.750736,0.317414,10,5.06,0.0767153,2.44289
442,0.750736,0.318983,10,4.79333,0.0872373,2.56129
443,0.786167,0.33068,10,5.03333,0.067337,2.43608
444,0.786167,0.345766,10,5.4,0.0758344,2.52196
445,0.786167,0.350611,10,5.31333,0.068055,2.52067
446,0.786167,0.359967,10,5.66,0.0761818,2.57849
447,0.786167,0.363794,10,5.52667,0.0741714,2.56234
448,0.786167,0.348339,10,5.20667,0.0672282,2.50553
449,0.786167,0.343709,10,5.47333,0.0700514,2.40966
450,0.787396,0.332279,10,5.08667,0.0672688,2.43824
451,0.787396,0.355494,10,5.39333,0.0772858,2.57169
452,0.787396,0.311315,10,4.76,0.0812677,2.61335
453,0.787396,0.327304,10,5.14,0.0683846,2.76791
454,0.800337,0.339734,10,5.05333,0.0673698,2.3247
455,0.800337,0.339236,10,5.2,0.0725796,2.40795
456,0.800337,0.317345,10,5.08667,0.0813997,2.52139
457,0.800337,0.326964,10,5.01333,0.0866457,2.65661
458,0.800337,0.317634,10,5.04667,0.0719539,2.48915
459,0.800337,0.334675,10,5.49333,0.0898015,2.63931
460,0.800337,0.337138,10,5.26,0.0697369,2.4889
461,0.800337,0.363872,10,5.56,0.071094,2.51525
462,0.800337,0.349472,10,5.46667,0.0946529,2.46459
463,0.800337,0.369677,10,5.62667,0.0756262,2.36337
464,0.800337,0.361005,10,5.61333,0.128504,2.57124
465,0.800337,0.32506,10,5.2,0.0680367,2.44066
466,0.800337,0.319201,10,5.10667,0.0687457,2.45638
467,0.800337,0.341461,10,5.43333,0.0674533,2.68433
468,0.800337,0.321881,10,5.15333,0.0671392,2.56928
469,0.800337,0.312202,10,5.18667,0.0671904,2.78425
470,0.800337,0.305707,10,4.88,0.0702191,2.45149
471,0.800337,0.340426,10,5.38667,0.0671411,2.35654
472,0.800337,0.309938,10,5.34,0.0688988,2.57706
473,0.800337,0.287355,10,4.68,0.06716,2.49117
474,0.800337,0.266927,10,4.7,0.0708628,2.57791
475,0.800337,0.285085,10,4.76,0.0672589,2.30879
476,0.800337,0.30963,10,5.01333,0.0678484,2.58829
477,0.800337,0.316744,10,5.14,0.073693,2.66676
478,0.800337,0.333865,10,5.06,0.0683943,2.44339
479,0.78508,0.298948,10,4.64,0.0757859,2.58516
480,0.78508,0.294695,10,4.78667,0.0675635,2.63296
481,0.78508,0.318913,10,5.12667,0.078377,2.74598
482,0.78508,0.324668,10,4.93333,0.068778,2.67307
483,0.78508,0.318561,10,5.03333,0.0712918,2.73622
484,0.78508,0.319859,10,5.10667,0.0771071,2.67827
485,0.78508,0.319204,10,4.9,0.0685252,2.62777
486,0.78508,0.323202,10,5,0.0676765,2.61067
487,0.78508,0.341772,10,5.19333,0.067274,2.5307
488,0.78508,0.337803,10,5.29333,0.0671444,2.49722
489,0.78508,0.343232,10,5.46667,0.0671868,2.58792
490,0.78508,0.32537,10,5.09333,0.0688145,2.5816
491,0.780968,0.332838,10,5.06667,0.0671429,2.44487
492,0.780968,0.32346,10,5.04667,0.0690748,2.48081
493,0.749688,0.320043,10,4.96667,0.0672842,2.44485
494,0.75313,0.321515,10,4.94667,0.0723695,2.67971
495,0.75313,0.311426,10,4.85333,0.0680576,2.47379
496,0.75313,0.310972,10,4.96667,0.075726,2.62462
497,0.75313,0.31293,10,5.19333,0.067131,2.6264
498,0.75313,0.306531,10,5,0.0671344,2.55001
499,0.75313,0.329656,10,5.14,0.0680357,2.64426
500,0.75313,0.326666,10,5.08667,0.067589,2.72468
501,0.75313,0.323168,10,5.01333,0.0672574,2.62225
502,0.75313,0.32011,10,5.16667,0.194445,2.62187
503,0.75313,0.297833,10,4.7,0.0674128,2.58939
504,0.75313,0.333235,10,5.32667,0.067412,2.72196
505,0.75313,0.346774,10,5.55333,0.0738175,2.60563
506,0.75313,0.327555,10,5.32,0.0745773,2.73409
507,0.75313,0.324685,10,5.13333,0.0671262,2.61373
508,0.75313,0.336738,10,5.23333,0.0674545,2.87401
509,0.75313,0.336993,10,5.38,0.0696764,2.85292
510,0.75313,0.316009,10,5.17333,0.0683859,2.66994
511,0.75313,0.336542,10,5.12,0.0671295,2.66715
512,0.75313,0.327113,10,4.95333,0.0671379,2.76787
513,0.75313,0.324247,10,5.06667,0.0681821,2.68011
514,0.75313,0.347067,10,5.22,0.0694828,2.64331
515,0.75313,0.354848,10,5.32,0.0671489,2.58293
516,0.75313,0.329092,10,5.02667,0.0683435,2.63844
517,0.75313,0.314208,10,4.85333,0.0715922,2.71481
518,0.75313,0.307269,10,4.93333,0.0681565,2.78246
519,0.752264,0.324422,10,5.04667,0.067216,2.88568
520,0.752264,0.286514,10,4.48,0.0671259,2.65868
521,0.752264,0.288581,10,4.72667,0.067126,2.71021
522,0.752264,0.305763,10,4.8,0.0732672,2.93384
523,0.752264,0.327835,10,5.05333,0.0691466,2.68842
524,0.752264,0.336363,10,5.28667,0.0676733,2.744
525,0.752264,0.293813,10,4.86,0.0671314,2.92932
526,0.752264,0.317489,10,5.02667,0.0796601,2.89318
527,0.752264,0.302545,10,4.81333,0.0900173,2.79243
528,0.752264,0.326678,10,5.01333,0.0671328,2.47396
529,0.752264,0.294414,10,4.74667,0.0681039,2.56615
530,0.753304,0.335041,10,5.13333,0.090772,2.73098
531,0.753304,0.32354,10,5.05333,0.0671309,2.55255
532,0.754172,0.308604,10,4.76,0.067126,2.46573
533,0.754172,0.323721,10,4.92,0.0862186,2.7708
534,0.779066,0.311129,10,4.90667,0.0800843,2.60574
535,0.779066,0.287511,10,4.47333,0.0703391,2.46906
536,0.779066,0.283882,10,4.56667,0.0841258,2.68105
537,0.780907,0.314852,10,4.66,0.0672856,2.54063
538,0.780907,0.314944,10,4.81333,0.0671456,2.4573
539,0.780907,0.318046,10,4.93333,0.0674848,2.43851
540,0.780907,0.329882,10,5.02667,0.0671612,2.52728
541,0.780907,0.330518,10,5.17333,0.0672198,2.6833
542,0.780907,0.344769,10,5.34667,0.0706953,2.68415
543,0.783645,0.325754,10,5.1,0.0674206,2.62795
544,0.783645,0.331754,10,5.05333,0.0671386,2.5486
545,0.783645,0.294422,10,4.62667,0.0674431,2.67977
546,0.783645,0.305204,10,4.86667,0.0693462,2.45648
547,0.783645,0.296117,10,4.94,0.0807949,2.81134
548,0.783645,0.35483,10,5.44,0.0698347,2.54631
549,0.783645,0.375322,10,5.75333,0.0679623,2.75279
550,0.783645,0.319894,10,5.00667,0.0699301,2.67754
551,0.783645,0.351735,10,5.5,0.103456,2.61961
552,0.783645,0.340667,10,5.42667,0.0672199,2.40533
553,0.783645,0.317091,10,4.88667,0.0671293,2.46844
554,0.783645,0.33325,10,5.18,0.067141,2.43557
555,0.783645,0.312373,10,4.88,0.0676198,2.68159
556,0.783645,0.350821,10,5.36667,0.0678412,2.6691
557,0.783645,0.356067,10,5.51333,0.0677819,2.66893
558,0.783645,0.346025,10,5.2,0.0680226,2.62402
559,0.783645,0.357524,10,5.48,0.0671372,2.62515
560,0.783645,0.35809,10,5.35333,0.0671372,2.4859
561,0.783645,0.328067,10,5.01333,0.0671291,2.68351
562,0.783645,0.35743,10,5.24667,0.0720431,2.62071
563,0.783645,0.318401,10,4.77333,0.0672154,2.74119
564,0.783645,0.355241,10,5.44667,0.067821,2.55075
565,0.783645,0.345705,10,5.14667,0.0671276,2.66857
566,0.783645,0.333101,10,5.12667,0.067126,2.69554
567,0.783645,0.353202,10,5.44667,0.0672221,2.48451
568,0.759927,0.320422,10,4.99333,0.0671273,2.48787
569,0.759927,0.380517,10,5.56667,0.067263,2.27933
570,0.759927,0.335763,10,4.97333,0.067258,2.58397
571,0.809784,0.34321,10,5.18,0.0689872,2.51214
572,0.809784,0.315483,10,4.76,0.0674159,2.59351
573,0.809784,0.33737,10,4.94667,0.0673681,2.40953
574,0.809784,0.354726,10,5.39333,0.0673705,2.33935
575,0.809784,0.346126,10,5.20667,0.0673705,2.38826
576,0.809784,0.347612,10,5.09333,0.0674638,2.31402
577,0.809784,0.359412,10,5.62667,0.0992225,2.6455
578,0.809784,0.335038,10,5.13333,0.0864789,2.51551
579,0.809784,0.35212,10,5.34667,0.0688664,2.53377
580,0.809784,0.355707,10,5.52,0.0675866,2.54435
581,0.809784,0.358825,10,5.31333,0.0707759,2.33397
582,0.809784,0.380082,10,5.53333,0.127666,2.31194
583,0.809784,0.350784,10,5.26667,0.0716954,2.32703
584,0.809784,0.344099,10,5.18,0.0672265,2.48497
585,0.809784,0.360444,10,5.5,0.0674722,2.6592
586,0.809784,0.361171,10,5.47333,0.0765848,2.63908
587,0.809784,0.3402,10,5.47333,0.118258,2.65544
588,0.809784,0.329377,10,5.36,0.118258,2.55713
589,0.809784,0.34278,10,5.38667,0.0671457,2.65911
590,0.809784,0.358151,10,5.47333,0.0673995,2.62215
591,0.809784,0.344226,10,5.12667,0.0795289,2.49127
592,0.809784,0.364059,10,5.48667,0.0682551,2.48614
593,0.809784,0.352276,10,5.41333,0.0779008,2.58409
594,0.809784,0.3423,10,5.18667,0.0671274,2.55199
595,0.809784,0.367292,10,5.80667,0.0672018,2.49656
596,0.764159,0.353082,10,5.47333,0.16304,2.45343
597,0.764159,0.336153,10,5.49333,0.109034,2.60209
598,0.764159,0.338771,10,5.14,0.0671259,2.45231
599,0.764159,0.346457,10,5.4,0.067126,2.42413
600,0.781788,0.389767,10,5.91333,0.0671264,2.67378
601,0.781788,0.365197,10,5.63333,0.172357,2.65269
602,0.781788,0.344138,10,5.36,0.129716,2.52958
603,0.781788,0.379203,10,5.72,0.236294,2.7087
604,0.781788,0.356601,10,5.53333,0.0675934,2.48757
605,0.781788,0.367728,10,5.44667,0.0685726,2.69176
606,0.781788,0.343325,10,5.09333,0.0757163,2.55826
607,0.781788,0.343393,10,5.05333,0.115402,2.52337
608,0.781788,0.382114,10,5.71333,0.0673299,2.48181
609,0.781788,0.408348,10,5.99333,0.0814221,2.49241
610,0.781788,0.382548,10,5.79333,0.0753355,2.43321
611,0.781788,0.372668,10,5.6,0.135428,2.52136
612,0.781788,0.370036,10,5.66,0.0709972,2.59195
613,0.781788,0.34577,10,5.32,0.0676355,2.50115
614,0.781788,0.352579,10,5.41333,0.0674965,2.81446
615,0.781788,0.393341,10,5.86,0.115673,2.4396
616,0.781788,0.375237,10,5.7,0.185784,2.65428
617,0.781788,0.386814,10,5.70667,0.0680955,2.57833
618,0.781788,0.365465,10,5.52,0.474577,2.5812
619,0.781788,0.359596,10,5.24,0.0671277,2.57174
620,0.781788,0.347154,10,5.18667,0.0957562,2.81898
621,0.781788,0.364603,10,5.55333,0.0682677,2.59592
622,0.781788,0.364989,10,5.31333,0.0671473,2.64594
623,0.781788,0.371223,10,5.54,0.0671462,2.55831
624,0.781788,0.370388,10,5.54667,0.0920424,2.55876
625,0.757099,0.354517,10,5.34,0.0674884,2.7018
626,0.757099,0.337241,10,5.14,0.101232,2.49815
627,0.757099,0.342995,10,5.36,0.067134,2.44713
628,0.757099,0.345917,10,5.57333,0.0732327,2.70583
629,0.757099,0.330048,10,5.19333,0.0721804,2.63847
630,0.757099,0.329253,10,5.21333,0.0708243,2.74906
631,0.757099,0.378443,10,5.62667,0.329254,2.74931
632,0.757099,0.369248,10,5.61333,0.067357,2.58577
633,0.757099,0.367633,10,5.58667,0.0673246,2.6468
634,0.757099,0.356567,10,5.34,0.0897519,2.53373
635,0.757099,0.338702,10,5.31333,0.0865858,2.38424
636,0.757099,0.31899,10,4.90667,0.0691929,2.55645
637,0.757099,0.33298,10,5.46667,0.0672858,2.67251
638,0.757099,0.305736,10,5.19333,0.0681006,2.68663
639,0.757099,0.334505,10,5.15333,0.0831646,2.53615
640,0.757099,0.351266,10,5.25333,0.070726,2.5088
641,0.757099,0.340818,10,5.33333,0.069587,2.63426
642,0.775392,0.347656,10,5.22,0.0718084,2.51891
643,0.775392,0.360982,10,5.52,0.0749321,2.64883
644,0.775392,0.340679,10,5.34667,0.067837,2.58204
645,0.775392,0.34434,10,5.60667,0.0788711,2.71936
646,0.775392,0.34934,10,5.45333,0.180068,2.67825
647,0.775392,0.338498,10,5.38,0.437775,2.68103
648,0.775392,0.351313,10,5.38,0.0671293,2.59735
649,0.775392,0.378721,10,5.75333,0.0886669,2.54151
650,0.775392,0.389099,10,5.9,0.133,2.52745
651,0.775392,0.353247,10,5.5,0.0752642,2.55697
652,0.775392,0.352639,10,5.33333,0.0788235,2.37974
653,0.775392,0.374101,10,5.41333,0.0697458,2.41341
654,0.775392,0.404441,10,5.84667,0.0674931,2.43333
655,0.775392,0.417224,10,6.12667,0.06714,2.56162
656,0.775392,0.382962,10,5.80667,0.0671302,2.66059
657,0.775392,0.389021,10,5.76667,0.0671314,2.58009
658,0.775392,0.376814,10,5.60667,0.0675679,2.45483
659,0.775392,0.373103,10,5.55333,0.0686395,2.48274
660,0.775392,0.369977,10,5.48667,0.0931956,2.40463
661,0.775392,0.376335,10,5.36,0.134104,2.38916
662,0.775392,0.350681,10,5.42,0.067326,2.3407
663,0.775392,0.355629,10,5.38,0.0671691,2.48909
664,0.775392,0.381297,10,5.74,0.0686726,2.54587
665,0.791436,0.362948,10,5.39333,0.0672198,2.48828
666,0.791436,0.346382,10,5.43333,0.0825625,2.6907
667,0.791436,0.335962,10,5.01333,0.0678925,2.3619
668,0.791436,0.337077,10,5.28667,0.0679597,2.38908
669,0.791436,0.358148,10,5.42667,0.0677945,2.73815
670,0.791436,0.371786,10,5.46,0.067439,2.52662
671,0.791436,0.393493,10,5.84,0.0673862,2.46107
672,0.791436,0.379681,10,5.81333,0.0702336,2.41128
673,0.791436,0.375128,10,5.72,0.0672131,2.42889
674,0.791436,0.385537,10,5.85333,0.0719048,2.54993
675,0.791436,0.364976,10,5.44,0.0695881,2.54027
676,0.791436,0.417837,10,6.00667,0.0671478,2.45497
677,0.791436,0.436977,10,6.30667,0.0715285,2.46242
678,0.791436,0.407922,10,5.96,0.0676057,2.50473
679,0.791436,0.43089,10,6.32,0.0671891,2.39264
680,0.791436,0.418452,10,6.07333,0.0671395,2.34736
681,0.791436,0.39454,10,5.92667,0.0980323,2.44937
682,0.791436,0.372019,10,5.60667,0.216268,2.53791
683,0.791436,0.350891,10,5.55333,0.0673805,2.52272
684,0.791436,0.368409,10,5.60667,0.0671292,2.28272
685,0.792432,0.374092,10,5.65333,0.0671309,2.47121
686,0.792432,0.380633,10,5.8,0.0681413,2.47006
687,0.792432,0.406382,10,6.15333,0.0814286,2.56082
688,0.792432,0.349178,10,5.43333,0.0710909,2.53242
689,0.792432,0.388295,10,5.88,0.0671724,2.53471
690,0.792432,0.376906,10,5.54,0.113878,2.45614
691,0.792432,0.417771,10,6.31333,0.464485,2.63941
692,0.792432,0.398193,10,5.98,0.0671259,2.70891
693,0.792432,0.405229,10,5.92667,0.421574,2.65525
694,0.792432,0.385432,10,5.83333,0.0744798,2.52085
695,0.792432,0.410784,10,6.12667,0.0703055,2.64782
696,0.792432,0.37356,10,5.7,0.0678056,2.57178
697,0.792432,0.40714,10,6.24667,0.0918518,2.5144
698,0.792432,0.406341,10,6.04667,0.114033,2.62571
699,0.792432,0.37598,10,5.56,0.0671267,2.3048
700,0.792432,0.389855,10,5.89333,0.235996,2.45635
701,0.792432,0.421712,10,6.20667,0.067162,2.40557
702,0.792432,0.420528,10,6.23333,0.067162,2.34352
703,0.792432,0.393028,10,6.06667,0.0995261,2.65291
704,0.792432,0.410837,10,6.28,0.0684062,2.48769
705,0.792432,0.407445,10,6.01333,0.0672865,2.51035
706,0.792432,0.371206,10,5.55333,0.0671259,2.39247
707,0.792432,0.392415,10,5.88,0.0718535,2.57654
708,0.792432,0.393822,10,6.05333,0.0716286,2.67803
709,0.792432,0.392727,10,6.12,0.0673987,2.3854
710,0.784514,0.373648,10,5.62,0.06807,2.49886
711,0.784514,0.388008,10,5.87333,0.239588,2.78107
712,0.784514,0.367603,10,5.70667,0.0671375,2.59332
713,0.784514,0.377209,10,5.74,0.0681679,2.65445
714,0.784514,0.393186,10,5.92667,0.186941,2.60221
715,0.784514,0.39579,10,5.86,0.0696442,2.54582
716,0.784514,0.39365,10,5.98,0.0713131,2.55396
717,0.791738,0.393588,10,5.98,0.0710092,2.54717
718,0.791738,0.380046,10,6.02667,0.0673194,2.61475
719,0.791738,0.374794,10,5.7,0.0671262,2.60496
720,0.791738,0.391698,10,5.97333,0.355015,2.5385
721,0.791738,0.399948,10,5.91333,0.069482,2.4877
722,0.80267,0.394985,10,5.84,0.0705194,2.49802
723,0.80267,0.409653,10,6.03333,0.0672826,2.5798
724,0.80267,0.405403,10,6.06,0.0694459,2.52133
725,0.80267,0.401862,10,5.82,0.0673068,2.41659
726,0.80267,0.417833,10,6.2,0.0683738,2.64644
727,0.80267,0.378308,10,5.76667,0.147042,2.47529
728,0.80267,0.403767,10,5.84667,0.185408,2.48843
729,0.80267,0.393771,10,5.77333,0.0694529,2.4946
730,0.80267,0.369515,10,5.63333,0.107492,2.62634
731,0.80267,0.417928,10,6.09333,0.158581,2.80206
732,0.80267,0.39706,10,6.02,0.0690929,2.5803
733,0.80267,0.394912,10,6.03333,0.0694642,2.58296
734,0.80267,0.393145,10,5.95333,0.0671451,2.6953
735,0.80267,0.397326,10,5.88,0.0782634,2.54284
736,0.80267,0.409109,10,6.16,0.0990109,2.37203
737,0.80267,0.419346,10,6.26,0.178625,2.47955
738,0.80267,0.417223,10,6.33333,0.0691876,2.58538
739,0.80267,0.393076,10,6.05333,0.0689701,2.52587
740,0.80267,0.407441,10,5.89333,0.171954,2.59081
741,0.80267,0.403181,10,5.96667,0.0852696,2.50797
742,0.80267,0.42001,10,6,0.0852696,2.37864
743,0.80267,0.39234,10,5.87333,0.0678299,2.55422
744,0.80267,0.376952,10,5.73333,0.0671362,2.64954
745,0.80267,0.402267,10,6.27333,0.0719297,2.61275
746,0.80267,0.380835,10,5.72667,0.0681791,2.61003
747,0.79367,0.399838,10,6.16,0.228522,2.52922
748,0.79367,0.427035,10,6.38,0.0738739,2.60315
749,0.79367,0.397399,10,6.11333,0.0738739,2.68416
750,0.79367,0.414263,10,6.02,0.0671392,2.48567
751,0.789643,0.392281,10,6.00667,0.0698529,2.5502
752,0.789643,0.383389,10,5.98667,0.0781949,2.59908
753,0.789643,0.377568,10,5.72,0.071576,2.56105
754,0.789643,0.365995,10,5.76667,0.168698,2.60339
755,0.789643,0.416897,10,6.26,0.0714059,2.48999
756,0.789643,0.391355,10,5.94667,0.0693464,2.41843
757,0.789643,0.387094,10,6.10667,0.0693464,2.5984
758,0.789643,0.377295,10,6.08,0.0680891,2.81188
759,0.789643,0.382524,10,5.93333,0.0733248,2.54217
760,0.789643,0.360759,10,5.63333,0.0755328,2.72865
761,0.763119,0.373412,10,5.82,0.16144,2.85933
762,0.763119,0.389427,10,5.76667,0.096286,2.51263
763,0.763119,0.380013,10,5.85333,0.0710701,2.78277
764,0.763119,0.36659,10,5.60667,0.092844,2.66667
765,0.763119,0.361634,10,5.58667,0.0674036,2.56803
766,0.763119,0.389748,10,5.81333,0.067342,2.51277
767,0.768215,0.372743,10,5.68,0.0671389,2.5993
768,0.768215,0.386656,10,6.04,0.0676259,2.50654
769,0.768215,0.378048,10,6.06,0.0671313,2.85972
770,0.768215,0.339749,10,5.44667,0.0693748,2.62237
771,0.768215,0.363145,10,5.94667,0.0729546,2.6659
772,0.768215,0.386597,10,6.21333,0.0733893,2.74128
773,0.768215,0.439504,10,6.62667,0.0797843,2.65734
774,0.768215,0.370962,10,5.72667,0.100551,2.6523
775,0.768215,0.394474,10,6.16667,0.0744523,2.70674
776,0.768215,0.369103,10,5.98,0.080361,2.73697
777,0.768215,0.391044,10,5.98667,0.149082,2.59666
778,0.768215,0.39775,10,6.06667,0.237355,2.58353
779,0.768215,0.362855,10,5.74,0.0675686,2.78092
780,0.785715,0.382871,10,6.01333,0.0675686,2.52037
781,0.785715,0.359925,10,5.62667,0.0672647,2.77238
782,0.785715,0.384639,10,5.89333,0.0672647,2.61265
783,0.785715,0.353277,10,5.75333,0.0672236,2.89444
784,0.785715,0.386767,10,6.07333,0.0711898,2.81033
785,0.785715,0.394397,10,6.09333,0.0744778,2.70337
786,0.785715,0.414857,10,6.3,0.0700808,2.77471
787,0.785715,0.371842,10,5.7,0.445165,2.89458
788,0.785715,0.365556,10,5.68667,0.0672354,2.60275
789,0.785715,0.392435,10,5.86,0.0673407,2.64461
790,0.785715,0.379712,10,5.93333,0.0758436,2.63976
791,0.785715,0.368665,10,5.68667,0.0674367,2.73931
792,0.785715,0.395075,10,6.03333,0.0898402,2.71864
793,0.785715,0.368428,10,5.70667,0.0725798,2.8067
794,0.785715,0.37667,10,5.84667,0.0686535,2.57402
795,0.785715,0.386357,10,6.04667,0.0705003,2.65104
796,0.785715,0.38085,10,5.80667,0.083257,2.53349
797,0.785715,0.394296,10,5.86667,0.0691384,2.60018
798,0.785715,0.380618,10,5.91333,0.0671271,2.5136
799,0.785715,0.344037,10,5.26,0.0671271,2.77304
800,0.785715,0.334547,10,5.24667,0.144687,2.69361
801,0.785715,0.328348,10,5.06667,0.0671893,2.7131
802,0.785715,0.352078,10,5.39333,0.142516,2.68555
803,0.785715,0.358131,10,5.70667,0.0671408,2.68124
804,0.785715,0.338682,10,5.24,0.07106,2.78901
805,0.774505,0.340863,10,5.54667,0.067126,2.79532
806,0.774505,0.356249,10,5.42667,0.0671431,2.61799
807,0.754244,0.333283,10,5.40667,0.0693072,2.82031
808,0.754244,0.336627,10,5.2,0.0780261,2.73919
809,0.754244,0.324724,10,5.06,0.0672394,2.78041
810,0.747817,0.30808,10,4.94,0.0722613,2.79451
811,0.747817,0.314032,10,4.8,0.118975,2.68855
812,0.771531,0.315325,10,4.90667,0.130997,2.77738
813,0.771531,0.314589,10,4.99333,0.0671817,2.91079
814,0.771531,0.306069,10,4.94667,0.0678999,2.89643
815,0.771531,0.314075,10,4.96667,0.0696777,2.82217
816,0.771531,0.332388,10,5.10667,0.067126,2.7767
817,0.771531,0.32016,10,4.86,0.0698704,2.50866
818,0.771531,0.344452,10,5.4,0.0685085,2.63677
819,0.771531,0.369713,10,5.76,0.0673244,2.62056
820,0.771531,0.338085,10,5.23333,0.0671658,2.59012
821,0.771531,0.348148,10,5.38667,0.0671266,2.42987
822,0.771531,0.357849,10,5.55333,0.0671261,2.46577
823,0.771531,0.343764,10,5.44667,0.0684126,2.51125
824,0.771531,0.334033,10,5.38667,0.0681927,2.56324
825,0.771531,0.370685,10,5.84667,0.101959,2.78939
826,0.771531,0.365219,10,5.69333,0.0679584,2.71569
827,0.771531,0.370172,10,5.74667,0.0775957,2.65339
828,0.771531,0.376142,10,5.70667,0.110983,2.76139
829,0.771531,0.391304,10,5.97333,0.0684012,2.61757
830,0.771531,0.401186,10,6.17333,0.0726761,2.67242
831,0.771531,0.40096,10,5.88,0.0738314,2.48877
832,0.771531,0.373673,10,5.57333,0.0679499,2.46971
833,0.743976,0.348812,10,5.35333,0.0684861,2.56044
834,0.743976,0.330752,10,5.26,0.206302,2.66721
835,0.743976,0.35875,10,5.40667,0.067394,2.61133
836,0.743976,0.368855,10,5.92,0.0671303,2.55078
837,0.743976,0.384332,10,5.98667,0.0697623,2.66497
838,0.743976,0.365546,10,5.74667,0.0673984,2.58793
839,0.743976,0.375187,10,5.68667,0.0710165,2.57869
840,0.743976,0.373427,10,5.74,0.068086,2.70935
841,0.768413,0.390586,10,5.71333,0.0750419,2.44555
842,0.768413,0.409414,10,5.92,0.0698756,2.58559
843,0.768413,0.376139,10,5.71333,0.174308,2.5537
844,0.768413,0.379558,10,5.91333,0.0746767,2.65993
845,0.768413,0.357309,10,5.55333,0.0691087,2.50893
846,0.768413,0.403164,10,6.01333,0.067372,2.34024
847,0.768413,0.399444,10,5.84,0.105808,2.38083
848,0.768413,0.386492,10,5.88667,0.120877,2.44935
849,0.768413,0.366969,10,5.75333,0.0671318,2.55565
850,0.81019,0.36794,10,5.73333,0.0749906,2.72492
851,0.81019,0.382551,10,5.68,0.067581,2.6365
852,0.81019,0.360675,10,5.52667,0.177644,2.60694
853,0.81019,0.388309,10,5.97333,0.0680407,2.7497
854,0.81019,0.380145,10,5.88667,0.0673326,2.60382
855,0.81019,0.399202,10,6.04,0.0672021,2.51205
856,0.81019,0.374323,10,5.82667,0.0671783,2.63876
857,0.81019,0.386569,10,5.88,0.0673765,2.68611
858,0.81019,0.398143,10,6.18,0.110236,2.5549
859,0.81019,0.396079,10,6.25333,0.262198,2.70726
860,0.81019,0.404424,10,6.30667,0.0671343,2.70961
861,0.81019,0.37168,10,5.87333,0.0678137,2.75894
862,0.81019,0.356277,10,5.52,0.0688319,2.65378
863,0.81019,0.358739,10,5.48667,0.0671703,2.62533
864,0.81019,0.387683,10,5.86,0.246178,2.6704
865,0.81019,0.391299,10,5.99333,0.0725048,2.55782
866,0.81019,0.411691,10,6.10667,0.079232,2.59956
867,0.81019,0.375594,10,5.74667,0.0671271,2.46344
868,0.81019,0.37038,10,5.9,0.169713,2.59658
869,0.81019,0.360975,10,5.50667,0.0718449,2.31831
870,0.81019,0.35451,10,5.5,0.14303,2.63251
871,0.81019,0.378505,10,5.78,0.0799284,2.51058
872,0.81019,0.378916,10,5.61333,0.0707496,2.56217
873,0.81019,0.381749,10,5.72,0.067369,2.50673
874,0.81019,0.403683,10,6.13333,0.0671268,2.63222
875,0.796783,0.387583,10,5.92,0.0673193,2.62628
876,0.796783,0.375708,10,5.75333,0.0671567,2.74252
877,0.796783,0.371769,10,5.86,0.080863,2.6342
878,0.796783,0.357087,10,5.62,0.067388,2.83433
879,0.796783,0.368056,10,5.84,0.614546,2.80085
880,0.796783,0.35876,10,5.64,0.0874997,2.60135
881,0.796783,0.367768,10,5.7,0.0696509,2.51706
882,0.796783,0.364434,10,5.53333,0.107779,2.68487
883,0.796783,0.388312,10,5.92,0.0754747,2.53151
884,0.796783,0.351892,10,5.3,0.0671752,2.57712
885,0.796783,0.335718,10,5.22667,0.0681256,2.86228
886,0.796783,0.378753,10,5.81333,0.0672329,2.7994
887,0.796783,0.349137,10,5.61333,0.0696424,2.55277
888,0.788246,0.353455,10,5.63333,0.0979315,2.68383
889,0.766354,0.334464,10,5.17333,0.0690603,2.66946
890,0.763592,0.322756,10,5.00667,0.105942,2.79501
891,0.763592,0.361956,10,5.40667,0.0680458,2.61639
892,0.763592,0.349171,10,5.18,0.131575,2.78355
893,0.763592,0.343809,10,5.24667,0.0805142,2.86623
894,0.763592,0.3604,10,5.32,0.09786,2.58345
895,0.763592,0.362126,10,5.52667,0.071433,2.66729
896,0.763592,0.362344,10,5.44667,0.0709804,2.81408
897,0.786293,0.386906,10,5.59333,0.0676468,2.4919
898,0.786293,0.34196,10,5.44667,0.0671286,2.67575
899,0.786293,0.385345,10,5.94667,0.0732786,2.7718
900,0.786293,0.328025,10,5.00667,0.0675521,2.80625
901,0.786293,0.386218,10,5.65333,0.0672104,2.77455
902,0.786293,0.369907,10,5.58667,0.067131,2.55843
903,0.786293,0.383372,10,5.66,0.0671259,2.48308
904,0.786293,0.370303,10,5.84667,0.0671313,2.80315
905,0.786293,0.365743,10,5.53333,0.0747647,2.84021
906,0.786293,0.355947,10,5.37333,0.0675863,2.72156
907,0.786293,0.350408,10,5.36,0.0689389,2.692
908,0.786293,0.35382,10,5.40667,0.067185,2.71207
909,0.786293,0.390021,10,5.70667,0.0671259,2.75989
910,0.786293,0.364723,10,5.51333,0.0674159,2.70992
911,0.786293,0.363419,10,5.45333,0.0671259,2.86052
912,0.786293,0.372944,10,5.59333,0.182683,2.85901
913,0.786293,0.36896,10,5.59333,0.0808129,2.85438
914,0.786293,0.377703,10,5.53333,0.0681812,2.7029
915,0.786293,0.359282,10,5.6,0.0679654,2.60011
916,0.786293,0.369336,10,5.38667,0.0820406,2.75783
917,0.786293,0.340892,10,5.30667,0.0674324,2.55307
918,0.786293,0.370276,10,5.44,0.0676238,2.73463
919,0.786293,0.398887,10,5.81333,0.070538,2.84774
920,0.786293,0.353094,10,5.32,0.0671724,2.54678
921,0.786293,0.377397,10,5.62667,0.0683306,2.56281
922,0.77759,0.353758,10,5.41333,0.118701,2.69808
923,0.77759,0.334372,10,5.18,0.0671509,2.69752
924,0.77759,0.339197,10,5.08667,0.0671522,2.62706
925,0.77759,0.354293,10,5.4,0.0805168,2.65902
926,0.77759,0.37614,10,5.54667,0.0749145,2.62153
927,0.77759,0.363416,10,5.32667,0.0671677,2.35869
928,0.77759,0.364648,10,5.28667,0.067126,2.65231
929,0.770889,0.373042,10,5.33333,0.0671269,2.57673
930,0.770889,0.352779,10,5.27333,0.0682972,2.56125
931,0.770889,0.357655,10,5.44667,0.0671789,2.45251
932,0.743332,0.366,10,5.27333,0.0671643,2.52407
933,0.786772,0.353909,10,5.24667,0.0671261,2.48657
934,0.786772,0.368194,10,5.56667,0.0671259,2.74831
935,0.786772,0.343584,10,5.08667,0.070901,2.64703
936,0.786772,0.357381,10,5.36,0.0671447,2.62774
937,0.786772,0.365312,10,5.5,0.101418,2.64077
938,0.786772,0.38766,10,5.84,0.0673285,2.72961
939,0.786772,0.345512,10,5.38667,0.0673602,2.63788
940,0.797975,0.360649,10,5.46667,0.0671401,2.63273
941,0.797975,0.360621,10,5.28,0.0671288,2.55753
942,0.797975,0.360533,10,5.36,0.0671308,2.51457
943,0.797975,0.390405,10,5.86667,0.0683299,2.81767
944,0.797975,0.351685,10,5.18667,0.0676737,2.63819
945,0.797975,0.370963,10,5.44667,0.0671261,2.78305
946,0.797975,0.384827,10,5.72667,0.0680203,2.66606
947,0.797975,0.367837,10,5.51333,0.0678071,2.6921
948,0.797975,0.355277,10,5.26,0.0681476,2.7323
949,0.797975,0.372136,10,5.32667,0.0672797,2.60387
950,0.797975,0.379321,10,5.47333,0.0671406,2.6418
951,0.797975,0.349128,10,5.18667,0.0671263,2.70398
952,0.797975,0.383589,10,5.69333,0.0671762,2.59376
953,0.797975,0.356322,10,5.24,0.0707198,2.78454
954,0.797975,0.351756,10,5.34667,0.0741244,2.84262
955,0.797975,0.383708,10,5.68667,0.0671261,2.6563
956,0.797975,0.396904,10,5.86,0.0676085,2.73632
957,0.797975,0.382215,10,5.52667,0.0671261,2.63246
958,0.797975,0.40279,10,5.77333,0.0671261,2.62298
959,0.797975,0.405283,10,5.78667,0.0671297,2.71633
960,0.797975,0.379188,10,5.55333,0.0678541,2.74355
961,0.797975,0.389365,10,5.80667,0.0671303,2.63751
962,0.797975,0.391147,10,5.78667,0.0677732,2.6217
963,0.797975,0.390884,10,5.81333,0.347422,2.66641
964,0.797975,0.377999,10,5.52,0.0676572,2.6575
965,0.772538,0.382422,10,5.40667,0.0673415,2.53942
966,0.772538,0.395885,10,5.84667,0.083728,2.67159
967,0.772538,0.409146,10,5.92667,0.0693831,2.50578
968,0.772538,0.356897,10,5.45333,0.0727298,2.56448
969,0.772538,0.376416,10,5.72,0.069289,2.55574
970,0.772538,0.35982,10,5.54,0.0671259,2.62992
971,0.772538,0.363685,10,5.56667,0.126658,2.65918
972,0.772538,0.376416,10,5.52,0.150811,2.64529
973,0.772538,0.366184,10,5.47333,0.0671276,2.42406
974,0.772538,0.332372,10,5.01333,0.0671313,2.46535
975,0.772538,0.351317,10,5.7,0.0671915,2.6019
976,0.772538,0.402072,10,6.06667,0.067352,2.47064
977,0.772538,0.390067,10,5.84667,0.0702458,2.47925
978,0.772538,0.363677,10,5.80667,0.0689606,2.76391
979,0.772538,0.36233,10,5.62667,0.0671596,2.48623
980,0.772538,0.363203,10,5.46667,0.0980869,2.45616
981,0.772538,0.382114,10,5.64667,0.0681184,2.37832
982,0.772538,0.376464,10,5.83333,0.067368,2.50548
983,0.772538,0.378176,10,5.86667,0.068213,2.56719
984,0.772538,0.369701,10,5.54667,0.0743461,2.46136
985,0.776153,0.382777,10,5.84667,0.0671263,2.42914
986,0.776153,0.37345,10,5.86,0.0734293,2.53848
987,0.776153,0.377755,10,5.52,0.067171,2.27265
988,0.776153,0.364393,10,5.60667,0.188801,2.3668
989,0.776153,0.384901,10,5.91333,0.0672159,2.49448
990,0.776153,0.398759,10,5.92667,0.364885,2.42505
991,0.801049,0.369041,10,5.63333,0.114045,2.32617
992,0.807791,0.34319,10,5.33333,0.0756153,2.32906
993,0.807791,0.379543,10,5.76,0.0727254,2.6099
994,0.807791,0.374218,10,5.44667,0.0723918,2.29034
995,0.807791,0.370186,10,5.76667,0.101923,2.44958
996,0.807791,0.384083,10,5.9,0.0691464,2.48418
997,0.807791,0.372729,10,5.78667,0.0680204,2.40812
998,0.807791,0.367377,10,5.35333,0.0681286,2.27471
999,0.807791,0.360099,10,5.66667,0.0671447,2.45087
1000,0.807791,0.338014,10,5.18667,0.0676464,2.41857
