1,0.224773,0.00510219,5,0.193333,0.0687836,1.20934
2,0.224773,0.0105352,5,0.5,0.0671466,1.19166
3,0.224773,0.0147948,5,0.58,0.0727779,1.31577
4,0.224773,0.0194783,5,0.713333,0.0679541,1.12482
5,0.224773,0.0214019,5,0.9,0.0689641,0.925539
6,0.224773,0.0305082,5,1.26667,0.0782381,1.06363
7,0.224773,0.0298858,5,1.28,0.0678336,1.05237
8,0.224773,0.0402241,6,1.48,0.0695235,1.115
9,0.307021,0.0368459,6,1.42667,0.0684247,1.01972
10,0.307021,0.0517304,5,1.26667,0.0695976,1.03436
11,0.307021,0.0626117,5,1.64,0.069937,1.02658
12,0.307021,0.0571067,5,1.37333,0.0789748,0.891086
13,0.307021,0.0615581,8,1.62,0.0818716,0.982784
14,0.307021,0.0620345,5,1.61333,0.0703727,1.05554
15,0.307021,0.0694288,5,1.74,0.0677359,1.10876
16,0.307021,0.0819763,8,1.94667,0.146792,1.1645
17,0.307021,0.0726022,8,1.86667,0.0796976,1.25446
18,0.307021,0.0813576,8,1.83333,0.0702927,1.06052
19,0.307021,0.0905229,5,1.94,0.0934499,1.1633
20,0.359302,0.0903345,6,2.12667,0.0701226,1.14125
21,0.379941,0.0953863,8,2.21333,0.0671661,1.11974
22,0.379941,0.0932174,7,1.86667,0.0673068,1.09899
23,0.379941,0.0979272,7,2,0.067126,1.03603
24,0.379941,0.0894937,7,2,0.067366,1.09026
25,0.379941,0.112643,7,2.18,0.0671769,1.08168
26,0.384769,0.122287,7,2.34,0.0705609,1.09676
27,0.384769,0.123888,7,2.35333,0.0673979,1.10995
28,0.384769,0.113494,7,2.19333,0.079824,1.20507
29,0.384769,0.129927,7,2.26667,0.0676849,1.16765
30,0.384845,0.137605,7,2.51333,0.0672252,1.28679
31,0.384845,0.119621,8,2.32667,0.0672456,1.46579
32,0.395979,0.134254,7,2.34,0.0672483,1.08659
33,0.395979,0.136187,8,2.43333,0.067127,1.12058
34,0.395979,0.146339,7,2.44,0.0675733,1.10433
35,0.395979,0.131937,8,2.57333,0.0673074,1.14154
36,0.395979,0.150048,8,2.64667,0.0672038,1.36941
37,0.395979,0.135736,7,2.48,0.067135,1.34072
38,0.395979,0.126171,7,2.50667,0.0671282,1.21998
39,0.404216,0.134263,8,2.59333,0.0672576,1.25499
40,0.404216,0.133398,7,2.41333,0.0687646,1.22509
41,0.404216,0.14188,7,2.8,0.0672847,1.21687
42,0.404216,0.139745,7,2.63333,0.0671261,1.12315
43,0.404216,0.145085,7,2.59333,0.0672411,1.18443
44,0.404216,0.140212,7,2.53333,0.0674685,1.20717
45,0.404216,0.136347,7,2.46667,0.0671902,1.10526
46,0.404216,0.153201,7,2.76,0.0671259,1.28873
47,0.404216,0.156922,7,2.77333,0.0671466,1.23004
48,0.404216,0.138199,10,2.74,0.0671259,1.2755
49,0.45854,0.144894,7,2.68,0.0671508,1.45302
50,0.45854,0.13898,8,2.58,0.0671281,1.43874
51,0.45854,0.150846,7,2.52667,0.0742364,1.2621
52,0.45854,0.148832,8,2.54,0.0751703,1.15947
53,0.45854,0.155533,7,2.72,0.0671526,1.20269
54,0.45854,0.155773,7,2.65333,0.0671259,1.24683
55,0.45854,0.158561,8,2.82,0.0672967,1.3715
56,0.473916,0.154648,8,2.78,0.0671526,1.37886
57,0.473916,0.161178,8,2.88,0.0671273,1.18264
58,0.473916,0.138216,8,2.42,0.0674492,1.22246
59,0.473916,0.16529,8,2.93333,0.0671549,1.29172
60,0.473916,0.173342,8,2.91333,0.0671504,1.4063
61,0.480201,0.17459,8,2.84,0.0671435,1.50871
62,0.480201,0.161988,8,2.62,0.0671262,1.27092
63,0.480201,0.173396,8,2.79333,0.067126,1.37104
64,0.480201,0.179623,8,2.92667,0.0672698,1.32804
65,0.480201,0.153505,8,2.54,0.0671288,1.30883
66,0.481466,0.155835,8,2.7,0.0671263,1.27788
67,0.519524,0.159973,8,2.72667,0.0671277,1.41018
68,0.519524,0.163046,8,2.70667,0.0671422,1.33385
69,0.519524,0.16206,8,2.74,0.0671282,1.3982
70,0.519524,0.169735,8,2.85333,0.0671266,1.41099
71,0.519524,0.168408,8,2.94,0.0673072,1.49807
72,0.519524,0.176849,8,2.99333,0.0671337,1.54553
73,0.519524,0.163329,8,2.90667,0.069601,1.48221
74,0.519524,0.196567,8,3.19333,0.0671273,1.44282
75,0.519524,0.182863,8,2.86667,0.072255,1.61101
76,0.519524,0.176702,8,2.77333,0.0671291,1.41429
77,0.541796,0.191322,8,3.22,0.0671278,1.64428
78,0.541796,0.172653,8,2.99333,0.0671271,1.61022
79,0.541796,0.177003,8,2.95333,0.067159,1.4428
80,0.541796,0.198994,8,3.25333,0.0671263,1.42753
81,0.541796,0.202656,8,3.33333,0.0671273,1.45463
82,0.541796,0.188733,9,3.27333,0.0671264,1.35275
83,0.541796,0.187352,8,3.12,0.0679076,1.33948
84,0.541796,0.211444,8,3.27333,0.0671457,1.30087
85,0.541796,0.217384,8,3.48667,0.067134,1.51064
86,0.541796,0.225387,8,3.5,0.0671358,1.40788
87,0.541796,0.20183,8,3.22667,0.073417,1.3879
88,0.541796,0.192066,8,3.12667,0.067126,1.56859
89,0.541796,0.211637,8,3.46,0.0671278,1.54892
90,0.541796,0.21975,8,3.24,0.0718734,1.32603
91,0.541796,0.216977,8,3.34667,0.0672007,1.54192
92,0.541796,0.233962,8,3.39333,0.0711592,1.42286
93,0.575923,0.204361,9,3.29333,0.0671262,1.47001
94,0.575923,0.200312,9,3.1,0.0671259,1.51292
95,0.575923,0.220391,9,3.4,0.0671263,1.3126
96,0.575923,0.199647,9,3.16667,0.0671263,1.33624
97,0.575923,0.223465,9,3.26,0.0671302,1.32075
98,0.575923,0.223323,9,3.37333,0.0672919,1.43099
99,0.575923,0.215107,9,3.32,0.0671406,1.34774
100,0.575923,0.220617,9,3.26667,0.0671259,1.33417
101,0.575923,0.232911,9,3.42667,0.0681223,1.249
102,0.575923,0.219348,9,3.17333,0.067126,1.3977
103,0.575923,0.187855,9,3.03333,0.0683658,1.46
104,0.575923,0.229665,9,3.5,0.067126,1.42242
105,0.575923,0.223632,9,3.39333,0.067126,1.33881
106,0.575923,0.218487,9,3.36,0.0671259,1.41741
107,0.575923,0.224047,9,3.42,0.0673515,1.40157
108,0.581656,0.246098,9,3.74,0.0671259,1.51217
109,0.581656,0.219723,9,3.26667,0.0671381,1.74569
110,0.581656,0.23767,9,3.52667,0.0671259,1.50032
111,0.581656,0.231242,9,3.61333,0.0675439,1.54885
112,0.581656,0.246522,9,3.54,0.0751787,1.48081
113,0.581656,0.237113,9,3.49333,0.0671672,1.46816
114,0.581656,0.225484,9,3.5,0.067126,1.58125
115,0.581656,0.242647,9,3.62667,0.0671265,1.68991
116,0.581656,0.249028,9,3.82,0.0671369,1.63759
117,0.581656,0.255408,9,3.80667,0.0671259,1.56064
118,0.581656,0.244682,8,3.58,0.067127,1.44001
119,0.581656,0.238048,8,3.57333,0.0671272,1.55408
120,0.581656,0.237938,8,3.4,0.067126,1.53847
121,0.581656,0.225514,8,3.45333,0.0671259,1.57169
122,0.581656,0.237997,8,3.52,0.0671266,1.52259
123,0.581656,0.234948,8,3.47333,0.0671266,1.6401
124,0.581656,0.212606,8,3.40667,0.0671279,1.61651
125,0.581656,0.218632,8,3.34667,0.067126,1.66197
126,0.581656,0.233017,8,3.58667,0.06713,1.5963
127,0.581656,0.247199,8,3.71333,0.0685554,1.58477
128,0.581656,0.23644,8,3.4,0.0671259,1.43229
129,0.581656,0.239489,8,3.46,0.0712512,1.49475
130,0.581656,0.251648,8,3.58,0.0734097,1.55121
131,0.581656,0.240242,8,3.66,0.0671321,1.55195
132,0.581656,0.223674,8,3.5,0.067126,1.78027
133,0.573993,0.240118,8,3.58667,0.0671265,1.4039
134,0.573993,0.251302,8,3.77333,0.0671353,1.53411
135,0.573993,0.236486,9,3.68,0.0671259,1.79903
136,0.573993,0.230202,9,3.49333,0.0671296,1.43608
137,0.573993,0.252915,9,3.80667,0.0671359,1.61049
138,0.573993,0.243129,9,3.58,0.0671259,1.49443
139,0.573993,0.222734,9,3.42667,0.0671259,1.54879
140,0.573993,0.221644,9,3.32,0.067127,1.37363
141,0.573993,0.241511,9,3.60667,0.0671261,1.33969
142,0.573993,0.24781,9,3.58667,0.0671274,1.27841
143,0.573993,0.236438,9,3.48667,0.0671259,1.27156
144,0.573993,0.228748,9,3.44,0.0674302,1.28986
145,0.573993,0.244747,9,3.76,0.0671265,1.46584
146,0.573993,0.22809,9,3.37333,0.0671259,1.35476
147,0.573993,0.225124,9,3.39333,0.0725539,1.60516
148,0.573993,0.235071,9,3.49333,0.0671259,1.50822
149,0.573993,0.229403,9,3.58667,0.0671696,1.56267
150,0.573993,0.236567,9,3.57333,0.0671259,1.51787
151,0.51637,0.242397,9,3.8,0.0671551,1.48927
152,0.51668,0.222687,9,3.40667,0.0672031,1.55242
153,0.51668,0.228447,9,3.6,0.0671266,1.71131
154,0.51668,0.217508,8,3.42,0.0671259,1.46944
155,0.51668,0.244121,8,3.61333,0.0671259,1.47414
156,0.51668,0.249002,8,3.98,0.0671272,1.65321
157,0.51668,0.217785,8,3.44,0.0671314,1.72377
158,0.51668,0.218656,8,3.36667,0.0671264,1.72147
159,0.51668,0.235096,8,3.64667,0.0671279,1.87992
160,0.531628,0.251311,8,3.89333,0.0675573,1.87077
161,0.55495,0.252619,8,4.02,0.0671259,1.8766
162,0.55495,0.231352,8,3.73333,0.0671561,1.83398
163,0.55495,0.255979,8,4.18,0.0671322,2.07549
164,0.55495,0.26312,8,4.14,0.067126,1.99031
165,0.561805,0.240354,8,3.93333,0.0671447,1.76775
166,0.561805,0.239203,9,3.72667,0.0671259,1.76999
167,0.561805,0.250592,8,3.84,0.067126,1.82836
168,0.561805,0.238823,8,3.89333,0.0671407,1.79931
169,0.561805,0.24157,8,4.07333,0.0671371,2.04393
170,0.561805,0.209284,8,3.53333,0.0671363,2.02147
171,0.561805,0.231187,8,3.92667,0.0671774,1.88574
172,0.561805,0.245772,8,4.06,0.0671269,1.9701
173,0.561805,0.234758,8,3.78,0.067126,1.92757
174,0.561805,0.235758,8,4,0.0671302,2.25637
175,0.642713,0.272145,8,4.43333,0.0671367,2.37786
176,0.642713,0.241746,8,4.10667,0.0671286,2.25362
177,0.642713,0.239274,8,4.1,0.0748567,2.33039
178,0.642713,0.251398,8,4.16667,0.0673879,2.20456
179,0.675793,0.251795,8,4.07333,0.0671427,2.07013
180,0.675793,0.237209,8,4.03333,0.0674425,2.35688
181,0.675793,0.224471,8,4.02,0.0718085,2.31367
182,0.675793,0.254428,8,4.3,0.0688928,2.20877
183,0.675793,0.226993,9,3.9,0.0671327,2.1877
184,0.675793,0.256809,8,4.17333,0.0671265,2.12211
185,0.675793,0.267261,9,4.44667,0.0868736,2.08977
186,0.675793,0.262155,8,4.22,0.0671264,2.03424
187,0.675793,0.249793,8,4.27333,0.0671336,2.3967
188,0.675793,0.224506,8,3.94667,0.06713,2.21915
189,0.675793,0.236597,8,4.05333,0.0671425,2.22598
190,0.675793,0.236135,8,4.06,0.0686729,2.14208
191,0.675793,0.227322,8,3.96667,0.067126,1.94494
192,0.675793,0.243108,8,4.22667,0.0671515,2.09503
193,0.675793,0.236755,8,4.04667,0.0671397,2.27761
194,0.675793,0.236857,8,3.91333,0.0671283,2.12925
195,0.675793,0.216721,8,3.76,0.067216,2.2973
196,0.675793,0.212074,8,3.72,0.0671305,2.1653
197,0.675793,0.22033,8,3.72667,0.06713,2.35373
198,0.675793,0.237861,8,3.68,0.067162,2.03429
199,0.675793,0.234694,8,3.94,0.0705693,2.24213
200,0.675793,0.219947,8,3.94,0.0671789,2.22375
201,0.675793,0.242083,8,4.28,0.0671261,2.29954
202,0.675793,0.265445,8,4.11333,0.0671402,2.1033
203,0.675793,0.241241,8,3.9,0.070443,2.17309
204,0.578525,0.236213,8,3.90667,0.0671519,2.20514
205,0.578525,0.230182,8,3.73333,0.0671916,2.07078
206,0.578525,0.247276,8,3.99333,0.0688918,2.20339
207,0.592564,0.243484,8,3.99333,0.0671435,2.18739
208,0.592564,0.261683,8,4.19333,0.067126,2.28406
209,0.592564,0.27806,9,4.34,0.0679418,2.26721
210,0.592564,0.268454,8,4.08,0.0671259,2.21992
211,0.592564,0.290577,8,4.62,0.0688303,2.2746
212,0.592564,0.261225,9,4.02,0.0672023,2.17223
213,0.592564,0.265171,9,4.37333,0.0671264,2.3654
214,0.592564,0.240022,9,4.13333,0.067126,2.34497
215,0.592564,0.251063,9,4.02,0.0679376,2.29497
216,0.645853,0.261484,9,4.36667,0.0671329,2.42482
217,0.645853,0.256914,9,4.28,0.0672481,2.32295
218,0.645853,0.2603,9,4.32667,0.0671259,2.40788
219,0.645853,0.234324,8,4.22,0.0671576,2.40211
220,0.645853,0.263032,8,4.14667,0.0673184,2.07187
221,0.645853,0.252195,8,4.18,0.067233,2.2665
222,0.645853,0.267736,8,4.45333,0.06713,2.32968
223,0.645853,0.264072,8,4.28667,0.0671284,2.23844
224,0.645853,0.269094,8,4.5,0.0675732,2.35357
225,0.645853,0.264418,8,4.23333,0.0671654,2.18388
226,0.645853,0.290574,9,4.72,0.086692,2.17721
227,0.695114,0.29048,9,4.54,0.0671303,1.93211
228,0.695114,0.254509,9,4.17333,0.0752149,2.25903
229,0.695114,0.249849,9,4.12667,0.0671321,2.09953
230,0.695114,0.26366,9,4.15333,0.0671271,2.07197
231,0.695114,0.27306,9,4.40667,0.0671519,2.32746
232,0.695114,0.25277,9,4.12,0.0671259,2.11156
233,0.695114,0.246872,9,4.14,0.0671259,2.31378
234,0.695114,0.266002,9,4.30667,0.0671301,2.22752
235,0.695114,0.26671,9,4.38667,0.0671264,2.24392
236,0.695114,0.256018,9,4.12,0.067126,2.19101
237,0.695114,0.266549,9,4.18667,0.0707553,2.16381
238,0.695114,0.27158,9,4.36,0.0671475,2.18122
239,0.695114,0.260139,9,4.04667,0.0678455,2.25415
240,0.695114,0.241519,9,3.96,0.0671264,2.10543
241,0.695114,0.245203,9,4.02667,0.0671261,2.09843
242,0.695114,0.253605,9,4.25333,0.0671259,2.12655
243,0.695114,0.236937,9,3.92667,0.0671709,2.14548
244,0.695114,0.235628,9,3.88667,0.067126,2.23688
245,0.695114,0.242142,9,4.07333,0.0915376,2.32653
246,0.695114,0.23207,9,3.88667,0.0671276,2.20903
247,0.695114,0.256253,9,4.34,0.0671395,2.27653
248,0.695114,0.242134,9,4.12,0.0671506,2.43506
249,0.695114,0.232441,9,3.90667,0.0672418,2.1844
250,0.708142,0.247055,10,3.94,0.067128,2.10239
251,0.708142,0.26184,10,4.05333,0.0671269,2.19642
252,0.708142,0.265619,10,4.26,0.0671259,2.35049
253,0.708142,0.262969,10,4.17333,0.0671266,2.26573
254,0.708142,0.253537,10,4.12667,0.067126,2.28846
255,0.708142,0.269427,10,4.29333,0.0676088,2.28083
256,0.719334,0.279268,10,4.36667,0.0806616,2.28533
257,0.719334,0.26316,10,4.11333,0.0671259,2.26463
258,0.719334,0.25159,9,3.92,0.0671259,2.28948
259,0.719334,0.274083,9,4.36667,0.0671267,2.38829
260,0.719334,0.248399,9,3.96667,0.0685051,2.36156
261,0.719334,0.24538,9,4.1,0.0671263,2.29658
262,0.719334,0.220386,9,3.68667,0.0671259,2.19363
263,0.719334,0.254327,9,4.12667,0.067128,2.28453
264,0.719334,0.282544,9,4.33333,0.0696735,2.35522
265,0.719334,0.268557,9,4.31333,0.0671269,2.35085
266,0.719334,0.253291,9,4.12,0.0671259,2.5065
267,0.719334,0.246882,9,4.02667,0.0671264,2.29928
268,0.719334,0.223221,9,3.6,0.0671261,2.21887
269,0.719334,0.250763,9,4,0.0678119,2.20182
270,0.719334,0.235663,9,4,0.067126,2.42068
271,0.719334,0.262945,9,4.18667,0.0671517,2.139
272,0.719334,0.262365,9,4.27333,0.067126,2.29893
273,0.719334,0.267908,9,4.25333,0.0671273,2.2962
274,0.719334,0.274882,9,4.26,0.0787056,2.29838
275,0.719334,0.257037,9,4.1,0.06715,2.09484
276,0.719334,0.243729,9,3.96667,0.0671259,2.3252
277,0.719334,0.276148,9,4.43333,0.0671621,2.30407
278,0.719334,0.262824,9,4.18,0.0671444,2.33815
279,0.719334,0.261714,9,4.06667,0.0685714,2.33064
280,0.719334,0.250485,9,4.11333,0.0672372,2.22569
281,0.578747,0.242149,8,4.06,0.0671297,2.23662
282,0.578747,0.248515,8,4.06,0.067126,2.29028
283,0.578747,0.265508,8,3.96667,0.0672006,2.15538
284,0.578747,0.248024,8,3.8,0.0671261,2.14924
285,0.578747,0.280698,8,4.24,0.067126,2.10371
286,0.63848,0.272839,8,4.23333,0.067141,2.3408
287,0.63848,0.253574,8,3.96667,0.0671259,2.34519
288,0.63848,0.244924,8,3.85333,0.0671259,2.18917
289,0.63848,0.265631,8,4.04667,0.0705392,2.20098
290,0.63848,0.255627,8,3.96,0.0671259,2.18192
291,0.63848,0.257075,8,4.14667,0.067126,2.14853
292,0.63848,0.254132,8,3.93333,0.0671259,2.26646
293,0.63848,0.257292,8,3.89333,0.0671268,2.21237
294,0.63848,0.25892,8,4.08,0.0671725,2.28409
295,0.63848,0.277101,8,4.06,0.0671259,2.20945
296,0.63848,0.23957,8,3.82667,0.067126,2.10808
297,0.63848,0.262168,8,3.82667,0.0671259,2.06729
298,0.63848,0.257097,8,3.86667,0.0671259,1.94913
299,0.63848,0.272429,8,4.22,0.0671383,2.23724
300,0.63848,0.253714,8,3.61333,0.0671381,2.13239
301,0.63848,0.268392,8,4.02667,0.0671263,2.07675
302,0.63848,0.292192,8,4.27333,0.0671645,2.02903
303,0.63848,0.264251,8,3.96667,0.067126,1.91029
304,0.63848,0.275251,8,4.22,0.0671288,2.14231
305,0.63848,0.269705,8,4.04667,0.0671259,2.08594
306,0.63848,0.290979,8,4.21333,0.0671259,2.09166
307,0.63848,0.249093,8,3.76,0.0671564,2.08225
308,0.63848,0.26672,8,3.90667,0.0671286,2.13835
309,0.63848,0.26821,8,3.72667,0.0671259,1.92005
310,0.63848,0.274702,8,3.97333,0.0672094,1.94698
311,0.558477,0.275882,9,4.02,0.0671259,2.02861
312,0.558477,0.26334,8,3.96667,0.0671266,2.06577
313,0.558477,0.248895,8,3.64667,0.0671259,1.93485
314,0.558477,0.246338,8,3.64667,0.0671287,2.01951
315,0.558477,0.275166,8,3.96667,0.0671348,2.14815
316,0.558477,0.267756,8,3.79333,0.0671259,1.94779
317,0.558477,0.275662,8,3.96667,0.0671633,1.98606
318,0.558477,0.265165,8,3.84667,0.0671259,2.07553
319,0.611759,0.278488,8,4.00667,0.0671259,1.91122
320,0.611759,0.258414,8,3.68667,0.0671259,1.87935
321,0.611759,0.270167,8,3.72,0.067126,1.96769
322,0.611759,0.268192,8,3.74667,0.0671266,1.94606
323,0.611759,0.253728,8,3.58667,0.0671266,1.93702
324,0.611759,0.257005,8,3.63333,0.0671735,2.03066
325,0.611759,0.280667,8,3.92667,0.0671259,1.91047
326,0.611759,0.280117,8,3.86667,0.222084,2.07116
327,0.611759,0.269197,8,3.72667,0.0671259,1.94801
328,0.611759,0.293673,8,3.98667,0.0671259,2.04124
329,0.616217,0.275005,9,3.84667,0.0671259,1.85692
330,0.616217,0.27094,9,3.54667,0.0671259,1.80179
331,0.616217,0.269863,9,3.56,0.0671259,1.84185
332,0.616217,0.281231,9,3.74667,0.0671259,1.79477
333,0.616217,0.279959,9,3.82667,0.0751703,1.99018
334,0.616217,0.263967,9,3.76,0.0671259,1.81505
335,0.616217,0.247698,9,3.56667,0.0671259,1.88676
336,0.616217,0.248666,9,3.62,0.0671259,2.06748
337,0.616217,0.272914,9,3.96,0.0671266,2.03507
338,0.616217,0.264983,9,3.79333,0.0671259,1.97047
339,0.616217,0.295082,9,4.06667,0.0671259,1.88973
340,0.616217,0.291199,9,4.03333,0.0671443,1.83132
341,0.616217,0.288747,9,4.04,0.0671259,1.86512
342,0.616217,0.26061,9,3.69333,0.0671259,1.83828
343,0.616217,0.269235,9,3.74,0.0671259,2.02632
344,0.616217,0.270285,9,3.78,0.0671259,1.78918
345,0.616217,0.268537,9,3.8,0.0671279,2.01427
346,0.616217,0.276869,9,3.76667,0.0671261,1.86633
347,0.616217,0.278627,9,3.78667,0.0671259,1.74507
348,0.616217,0.268496,9,3.67333,0.0671259,1.79585
349,0.616217,0.271174,9,3.76,0.067126,1.85116
350,0.616217,0.266653,9,3.70667,0.0671259,1.97164
351,0.616217,0.265512,9,3.66667,0.0671266,1.85861
352,0.646225,0.276621,9,3.88,0.0671301,1.86197
353,0.646225,0.267577,9,3.74,0.0671259,1.7865
354,0.646225,0.260795,9,3.61333,0.0671259,1.70938
355,0.646225,0.275981,9,3.9,0.0671259,1.69576
356,0.646225,0.284539,9,3.97333,0.0671279,1.82173
357,0.646225,0.269304,9,3.81333,0.0671268,1.8931
358,0.646225,0.264895,9,3.71333,0.0671259,1.84023
359,0.646225,0.260728,9,3.71333,0.0671259,1.74362
360,0.646225,0.249731,9,3.64,0.0671259,2.0262
361,0.646225,0.251769,10,3.47333,0.0671288,1.71528
362,0.646225,0.243939,10,3.55333,0.0672524,1.75818
363,0.646225,0.247312,10,3.64667,0.0671277,1.94888
364,0.646225,0.256082,10,3.62667,0.0671259,1.79964
365,0.646225,0.253051,10,3.76667,0.0671417,1.97737
366,0.646225,0.252077,10,3.56,0.0671261,1.60154
367,0.646225,0.271871,10,3.79333,0.0671259,1.75201
368,0.646225,0.269614,10,3.69333,0.0671259,1.6991
369,0.646225,0.252277,10,3.44,0.0671259,1.64973
370,0.646225,0.227071,10,3.26,0.0671259,1.76594
371,0.646225,0.234372,10,3.49333,0.0671263,1.98608
372,0.646225,0.260831,10,3.69333,0.0671259,1.64386
373,0.646225,0.246054,10,3.37333,0.0671259,1.61955
374,0.646225,0.251177,10,3.56667,0.0673025,1.76925
375,0.646225,0.251548,10,3.53333,0.0671259,1.53938
376,0.646225,0.26705,10,3.78667,0.0671259,1.72116
377,0.531588,0.241533,9,3.32,0.0671259,1.61502
378,0.531588,0.234557,9,3.21333,0.0671259,1.64739
379,0.531588,0.247362,9,3.49333,0.0671259,1.63455
380,0.531588,0.239443,9,3.34667,0.067126,1.78969
381,0.531588,0.243823,9,3.5,0.0671259,1.81671
382,0.531588,0.243946,9,3.45333,0.0671259,1.71558
383,0.531588,0.210559,9,3.04,0.0671259,1.69466
384,0.531588,0.218703,9,3.01333,0.0671264,1.60461
385,0.531588,0.247355,9,3.45333,0.0671259,1.67674
386,0.531588,0.239843,9,3.54,0.0671263,1.8284
387,0.531588,0.248941,9,3.51333,0.0671259,1.7353
388,0.531588,0.254807,9,3.68,0.0671259,1.78229
389,0.531588,0.233285,9,3.30667,0.0671259,1.77155
390,0.531588,0.242692,9,3.55333,0.0671261,1.77137
391,0.531588,0.253377,9,3.54667,0.0671699,1.65017
392,0.531588,0.267209,9,3.59333,0.0671259,1.65474
393,0.531588,0.256434,9,3.41333,0.0671259,1.6458
394,0.531588,0.249491,9,3.49333,0.0671659,1.59525
395,0.531588,0.250683,9,3.40667,0.0671259,1.62445
396,0.531588,0.252246,9,3.42667,0.067126,1.66199
397,0.531588,0.256282,9,3.51333,0.0671262,1.67211
398,0.566631,0.232739,9,3.26667,0.0671259,1.56349
399,0.566631,0.263177,9,3.5,0.0671259,1.67911
400,0.566631,0.262516,9,3.64667,0.0671262,1.67667
401,0.566631,0.260358,9,3.54,0.0671327,1.78469
402,0.566631,0.253779,9,3.38667,0.0671266,1.60275
403,0.566631,0.278897,9,3.60667,0.0671259,1.57685
404,0.566631,0.25879,9,3.54,0.0671259,1.70622
405,0.566631,0.254041,9,3.60667,0.0673632,1.8676
406,0.566631,0.244826,9,3.28667,0.0671259,1.57754
407,0.566631,0.266746,9,3.51333,0.0671259,1.64598
408,0.566631,0.255438,9,3.42,0.0671259,1.75158
409,0.566631,0.255992,9,3.46,0.0671259,1.56856
410,0.566631,0.254379,9,3.29333,0.0671259,1.59426
411,0.566631,0.256765,9,3.35333,0.0671259,1.7011
412,0.566631,0.273224,9,3.63333,0.0671294,1.74023
413,0.566631,0.267478,9,3.53333,0.0671259,1.49515
414,0.566631,0.281477,9,3.52667,0.0671259,1.55817
415,0.566631,0.29129,9,3.72,0.067126,1.49461
416,0.566631,0.2958,9,3.74667,0.0671259,1.59268
417,0.566631,0.28269,9,3.61333,0.0671259,1.44752
418,0.566631,0.27837,9,3.58667,0.0671259,1.47369
419,0.566631,0.2616,9,3.44,0.0671261,1.46665
420,0.566631,0.277612,9,3.48,0.0671261,1.48958
421,0.566631,0.261941,9,3.39333,0.0671269,1.5935
422,0.566631,0.255763,9,3.35333,0.0671259,1.43251
423,0.475915,0.257662,5,3.28,0.067126,1.33791
424,0.475915,0.262552,5,3.34,0.0671259,1.4314
425,0.475915,0.262592,5,3.32667,0.0674189,1.55649
426,0.475915,0.258142,5,3.3,0.0671259,1.52809
427,0.475915,0.263689,5,3.28,0.067128,1.3654
428,0.475915,0.269032,5,3.38,0.0671259,1.42563
429,0.475915,0.24434,5,3.23333,0.0671259,1.42344
430,0.475915,0.26492,5,3.48,0.0671259,1.66955
431,0.475915,0.265879,5,3.4,0.0671259,1.57552
432,0.475915,0.245247,5,3.31333,0.0671263,1.4141
433,0.475915,0.252949,5,3.39333,0.0671259,1.37284
434,0.475915,0.255393,6,3.36667,0.0671892,1.56541
435,0.47606,0.257441,6,3.4,0.067126,1.48024
436,0.47606,0.275219,5,3.52,0.0671259,1.47955
437,0.47606,0.253008,6,3.34,0.0671259,1.3833
438,0.47606,0.259671,5,3.34667,0.0671279,1.41445
439,0.475781,0.273371,5,3.38,0.0671259,1.29474
440,0.475781,0.261833,5,3.36667,0.0674918,1.3165
441,0.473594,0.247003,6,3.40667,0.0671259,1.45354
442,0.473594,0.270215,5,3.46,0.067146,1.40626
443,0.473594,0.266891,5,3.39333,0.0671266,1.30062
444,0.473594,0.268635,5,3.43333,0.067138,1.28552
445,0.473594,0.26748,5,3.31333,0.0671259,1.32545
446,0.473594,0.273623,5,3.52,0.067126,1.38212
447,0.473594,0.274019,7,3.58,0.0671266,1.38959
448,0.473594,0.274618,5,3.45333,0.067126,1.44752
449,0.472913,0.282922,5,3.55333,0.0675915,1.31082
450,0.472913,0.270612,5,3.34,0.0671734,1.32392
451,0.472913,0.253463,5,3.24,0.0671262,1.3438
452,0.472913,0.276098,5,3.33333,0.067126,1.22556
453,0.472913,0.270924,5,3.44,0.0671414,1.37004
454,0.472913,0.262067,5,3.31333,0.067205,1.55239
455,0.472913,0.256924,5,3.47333,0.0671259,1.41981
456,0.472913,0.262464,5,3.34,0.0671259,1.39534
457,0.472913,0.27867,5,3.50667,0.0671259,1.34184
458,0.4744,0.245941,5,3.44,0.0671259,1.35937
459,0.4744,0.273114,5,3.52,0.0671648,1.35202
460,0.474714,0.287434,5,3.66,0.0671259,1.30164
461,0.474714,0.258119,5,3.38667,0.0672999,1.25729
462,0.474714,0.28095,5,3.65333,0.0671259,1.34454
463,0.474714,0.279703,5,3.54,0.0671263,1.39508
464,0.474714,0.260155,5,3.31333,0.067126,1.30255
465,0.474714,0.271412,5,3.45333,0.0671265,1.24908
466,0.474714,0.305412,5,3.74,0.0671259,1.28835
467,0.474714,0.280338,5,3.52667,0.0671259,1.3346
468,0.474714,0.281308,5,3.48,0.0674147,1.36474
469,0.47702,0.26846,5,3.44667,0.0671265,1.26043
470,0.47702,0.286469,5,3.51333,0.0671266,1.26536
471,0.47702,0.268786,5,3.47333,0.0671268,1.313
472,0.47702,0.282376,6,3.55333,0.0671259,1.34574
473,0.47702,0.272582,5,3.52,0.0671264,1.23339
474,0.47702,0.268895,5,3.32667,0.0671259,1.27088
475,0.47702,0.292587,5,3.62667,0.0671264,1.25653
476,0.47702,0.285954,5,3.72,0.0710452,1.50249
477,0.47702,0.27272,5,3.51333,0.0671259,1.36795
478,0.47702,0.294737,5,3.66,0.067126,1.27466
479,0.47702,0.286224,5,3.69333,0.0671267,1.29478
480,0.47702,0.286031,5,3.55333,0.0671389,1.26175
481,0.47702,0.281634,5,3.56,0.0671295,1.21607
482,0.47702,0.27974,5,3.38,0.0671259,1.04529
483,0.47702,0.266931,5,3.38,0.0673102,1.25075
484,0.47702,0.249297,5,3.17333,0.0671259,1.13072
485,0.47702,0.274973,5,3.40667,0.067132,1.14117
486,0.47702,0.293087,5,3.58,0.067131,1.09408
487,0.47702,0.278448,6,3.46667,0.0671259,1.1804
488,0.47702,0.261338,6,3.27333,0.0671259,1.22017
489,0.47702,0.277413,6,3.5,0.067126,1.25223
490,0.47702,0.267739,6,3.36667,0.0671275,1.19666
491,0.47702,0.280936,6,3.44667,0.0671259,1.30565
492,0.47702,0.242428,6,3.14667,0.0671259,1.41686
493,0.47702,0.268644,6,3.32,0.0671271,1.335
494,0.4764,0.276003,6,3.41333,0.0671259,1.31397
495,0.4764,0.28004,6,3.57333,0.067126,1.34457
496,0.4764,0.278495,6,3.43333,0.067128,1.39193
497,0.4764,0.270163,6,3.4,0.0671259,1.34873
498,0.4764,0.296334,6,3.70667,0.0671259,1.31356
499,0.4764,0.300757,6,3.85333,0.0671278,1.34873
500,0.473981,0.267202,6,3.34667,0.0671263,1.45102
501,0.473981,0.264616,6,3.48667,0.0671544,1.30905
502,0.473981,0.265289,6,3.5,0.0671261,1.31379
503,0.473981,0.267965,6,3.47333,0.067126,1.40419
504,0.473981,0.275138,6,3.56667,0.0672169,1.38676
505,0.47431,0.27096,6,3.54,0.0671566,1.50419
506,0.47431,0.254167,6,3.26,0.0671261,1.30813
507,0.47431,0.260397,6,3.32667,0.0671263,1.4126
508,0.47431,0.261145,6,3.28667,0.067126,1.28343
509,0.47431,0.277397,6,3.41333,0.0671311,1.38032
510,0.47431,0.274369,6,3.44667,0.0671259,1.34745
511,0.474439,0.271403,6,3.51333,0.067524,1.35707
512,0.474439,0.257376,6,3.33333,0.0671261,1.38769
513,0.475625,0.271757,6,3.46,0.067126,1.441
514,0.475625,0.282505,6,3.5,0.0671324,1.29142
515,0.475625,0.270871,6,3.36,0.0671259,1.38844
516,0.547614,0.268721,6,3.41333,0.0671755,1.43535
517,0.547614,0.26265,6,3.32,0.067131,1.43793
518,0.547614,0.263663,6,3.31333,0.0673818,1.53307
519,0.547614,0.282257,6,3.46,0.170434,1.51098
520,0.547614,0.274266,6,3.35333,0.0671533,1.47495
521,0.547614,0.272625,6,3.47333,0.0671259,1.31893
522,0.547614,0.277409,6,3.45333,0.0671327,1.3727
523,0.547614,0.284636,6,3.43333,0.0671259,1.26855
524,0.547614,0.253597,6,3.28,0.0671259,1.27444
525,0.547614,0.284834,6,3.6,0.0671264,1.37287
526,0.547614,0.270728,6,3.46,0.0671259,1.37474
527,0.547614,0.26313,6,3.24667,0.0671259,1.42323
528,0.547614,0.265322,6,3.36,0.067126,1.3111
529,0.547614,0.276862,6,3.51333,0.0671259,1.21849
530,0.547614,0.285113,6,3.55333,0.0671259,1.3756
531,0.547614,0.264468,6,3.24,0.0671259,1.31644
532,0.547614,0.260982,6,3.33333,0.0675005,1.40391
533,0.547614,0.264593,6,3.27333,0.0671259,1.26732
534,0.547614,0.251989,6,3.20667,0.067126,1.44298
535,0.547614,0.267674,6,3.23333,0.0671261,1.34467
536,0.547614,0.273596,6,3.46,0.0671259,1.20589
537,0.547614,0.260093,6,3.3,0.0671267,1.40177
538,0.547614,0.257028,6,3.38667,0.0671259,1.45595
539,0.547614,0.262815,6,3.29333,0.0671264,1.45706
540,0.547614,0.268321,6,3.31333,0.0671261,1.33356
541,0.476268,0.269006,6,3.42667,0.067126,1.35208
542,0.476501,0.261568,6,3.28667,0.0671259,1.38415
543,0.476501,0.280418,6,3.38,0.0671259,1.3205
544,0.477887,0.269157,6,3.35333,0.0671259,1.28596
545,0.477887,0.260796,6,3.21333,0.0671278,1.2144
546,0.477887,0.279201,6,3.42,0.0671259,1.40653
547,0.477887,0.274323,6,3.32,0.067126,1.26267
548,0.477887,0.277608,6,3.30667,0.0671259,1.20406
549,0.477887,0.280509,6,3.42667,0.0671834,1.27175
550,0.477887,0.268984,6,3.36667,0.0671261,1.3185
551,0.477887,0.265403,6,3.26,0.0671259,1.18054
552,0.477887,0.262151,6,3.21333,0.0671259,1.28118
553,0.477887,0.271002,6,3.48667,0.067126,1.39912
554,0.477887,0.273366,6,3.32667,0.0671259,1.183
555,0.477887,0.28873,6,3.46667,0.0671259,1.2647
556,0.477887,0.278893,6,3.38,0.0671279,1.20476
557,0.477887,0.281647,6,3.44,0.0671264,1.31088
558,0.477887,0.28819,6,3.58667,0.0671259,1.27565
559,0.477887,0.265996,6,3.18667,0.067127,1.15716
560,0.477887,0.290537,6,3.61333,0.0672524,1.32413
561,0.477887,0.273677,6,3.34667,0.0671268,1.29154
562,0.477887,0.258027,6,3.28667,0.0671259,1.44907
563,0.477887,0.274315,6,3.42,0.0671271,1.24998
564,0.477887,0.270519,9,3.37333,0.0671259,1.2389
565,0.477887,0.276464,7,3.46,0.0671268,1.26667
566,0.477887,0.26313,6,3.32667,0.0677495,1.31803
567,0.477887,0.274343,8,3.38667,0.0671259,1.29752
568,0.477887,0.2572,6,3.17333,0.0671262,1.07996
569,0.4767,0.268472,6,3.41333,0.0671259,1.28195
570,0.4767,0.277835,6,3.44667,0.0671259,1.22149
571,0.4767,0.280194,6,3.47333,0.0671277,1.351
572,0.4767,0.279014,6,3.42,0.0671669,1.28979
573,0.481529,0.258937,6,3.16667,0.067126,1.14008
574,0.481529,0.254186,5,3.28,0.0671259,1.23082
575,0.481529,0.269959,5,3.38,0.0671342,1.24405
576,0.481529,0.277447,5,3.40667,0.067135,1.20885
577,0.484112,0.289529,5,3.62667,0.0671259,1.24395
578,0.484112,0.271739,5,3.39333,0.0671259,1.35228
579,0.484112,0.266327,5,3.41333,0.067126,1.26713
580,0.484112,0.266976,5,3.34667,0.0671259,1.19436
581,0.484112,0.252776,6,3.21333,0.0671259,1.25614
582,0.484112,0.275528,6,3.41333,0.0671287,1.31825
583,0.484112,0.276663,6,3.4,0.0671286,1.42836
584,0.484112,0.277512,6,3.42,0.0671259,1.30631
585,0.484112,0.2764,6,3.41333,0.0671259,1.2635
586,0.484112,0.2729,6,3.45333,0.0676705,1.27461
587,0.484112,0.2857,6,3.52,0.0672418,1.18739
588,0.484112,0.267235,6,3.35333,0.0671259,1.33819
589,0.484112,0.25236,6,3.03333,0.0671259,1.19628
590,0.484112,0.28466,6,3.49333,0.0671407,1.23816
591,0.484112,0.257882,6,3.2,0.0671259,1.29595
592,0.484112,0.275067,6,3.48,0.0671281,1.34657
593,0.484112,0.283318,6,3.52,0.0671259,1.28455
594,0.484112,0.308426,6,3.79333,0.0671259,1.15701
595,0.484112,0.288487,6,3.52667,0.0671259,1.21162
596,0.484112,0.302074,6,3.58667,0.0671259,1.32191
597,0.484112,0.292884,6,3.51333,0.0678249,1.27631
598,0.484112,0.284446,6,3.44,0.0671259,1.28273
599,0.484112,0.283474,6,3.42667,0.0671265,1.31704
600,0.484112,0.288452,5,3.40667,0.0671259,1.14178
601,0.484112,0.282772,5,3.5,0.0671304,1.35508
602,0.478991,0.296855,5,3.51333,0.0671259,1.334
603,0.478991,0.298729,5,3.52,0.0671286,1.24812
604,0.479266,0.303247,5,3.68667,0.0671261,1.34142
605,0.479266,0.26403,5,3.35333,0.0671259,1.35094
606,0.479266,0.281153,5,3.34667,0.0671259,1.37583
607,0.479266,0.268279,5,3.35333,0.0671259,1.285
608,0.479266,0.280735,5,3.43333,0.0672402,1.33859
609,0.479266,0.275574,5,3.36,0.0671259,1.27643
610,0.479266,0.26294,5,3.32,0.0671259,1.48713
611,0.479266,0.259872,5,3.32,0.0671281,1.43664
612,0.479266,0.252364,5,3.29333,0.067126,1.35363
613,0.479266,0.284121,5,3.53333,0.0671586,1.40859
614,0.479266,0.281674,6,3.42667,0.0671555,1.27376
615,0.479266,0.279096,5,3.42,0.0671259,1.28798
616,0.479266,0.275586,5,3.33333,0.0671268,1.40592
617,0.479266,0.274416,5,3.46,0.067126,1.37455
618,0.479266,0.282722,5,3.48667,0.0671259,1.32845
619,0.479266,0.299519,5,3.83333,0.0671436,1.31928
620,0.479266,0.280294,5,3.46,0.0671266,1.30151
621,0.479266,0.293558,5,3.52,0.0671296,1.28225
622,0.479266,0.300407,5,3.56667,0.0671296,1.2935
623,0.479266,0.285163,5,3.56,0.0671301,1.48842
624,0.479433,0.25931,6,3.3,0.0671259,1.35701
625,0.479433,0.264568,6,3.27333,0.0671267,1.47707
626,0.479433,0.275072,6,3.34,0.0671259,1.43021
627,0.47955,0.260139,5,3.23333,0.0671261,1.42863
628,0.479862,0.268101,5,3.37333,0.0671566,1.39801
629,0.479862,0.26808,5,3.53333,0.0671281,1.40324
630,0.479862,0.27208,6,3.44,0.0671259,1.29466
631,0.479862,0.288423,5,3.57333,0.0671259,1.45928
632,0.479862,0.27685,7,3.46,0.0671265,1.39987
633,0.479862,0.264711,9,3.34667,0.0671259,1.35411
634,0.479862,0.269954,5,3.46,0.0671807,1.41236
635,0.479862,0.282448,5,3.53333,0.0672043,1.22228
636,0.479862,0.268428,5,3.39333,0.067126,1.31094
637,0.479862,0.28562,5,3.48667,0.0671276,1.26067
638,0.479862,0.289756,5,3.58,0.067126,1.4625
639,0.479862,0.256759,5,3.21333,0.067126,1.46369
640,0.479862,0.281614,5,3.60667,0.0671422,1.38744
641,0.479862,0.294107,5,3.62667,0.0671473,1.23017
642,0.479862,0.274547,5,3.43333,0.0671269,1.21485
643,0.479862,0.27976,5,3.56667,0.0671266,1.20611
644,0.479862,0.282191,5,3.53333,0.0671261,1.38084
645,0.479862,0.28411,5,3.56667,0.0671331,1.31945
646,0.479862,0.277334,5,3.5,0.0671366,1.24656
647,0.479862,0.25248,5,3.12,0.0671299,1.37032
648,0.479862,0.261173,5,3.39333,0.0671259,1.27373
649,0.479862,0.297063,5,3.69333,0.0671259,1.19694
650,0.479862,0.282656,5,3.45333,0.0671262,1.05356
651,0.479862,0.263566,5,3.36667,0.0671277,1.25933
652,0.479862,0.277345,5,3.32667,0.0671259,1.16193
653,0.479796,0.279284,5,3.42667,0.0695922,1.2051
654,0.481221,0.292106,5,3.52,0.0675161,1.24661
655,0.481221,0.284398,5,3.55333,0.0671261,1.21499
656,0.481221,0.268871,5,3.33333,0.067146,1.31648
657,0.481221,0.303799,5,3.82667,0.0671299,1.30518
658,0.489322,0.287315,9,3.58,0.0671259,1.12425
659,0.489322,0.293651,9,3.54667,0.067126,1.03966
660,0.489322,0.252756,5,3.21333,0.067126,1.16644
661,0.489322,0.27062,5,3.33333,0.0678794,1.29159
662,0.489322,0.260642,5,3.27333,0.0672671,1.23234
663,0.489322,0.263163,6,3.45333,0.0671259,1.24102
664,0.489322,0.293291,5,3.70667,0.0671261,1.25334
665,0.489322,0.255528,5,3.37333,0.0671262,1.20599
666,0.489322,0.281158,5,3.53333,0.0671261,1.16943
667,0.489322,0.298232,5,3.56,0.0688568,1.15575
668,0.489322,0.271501,5,3.36,0.0671282,1.20294
669,0.489322,0.270087,5,3.38,0.0671267,1.27386
670,0.489322,0.266176,5,3.53333,0.0671458,1.27644
671,0.489322,0.285905,5,3.52,0.0671261,1.14525
672,0.489322,0.269788,6,3.34667,0.0685024,1.21099
673,0.489322,0.272393,5,3.34,0.0671266,1.19441
674,0.489322,0.290006,5,3.57333,0.0671303,1.19658
675,0.489322,0.291309,5,3.48667,0.0671266,1.08049
676,0.489322,0.277808,5,3.55333,0.067223,1.41815
677,0.489322,0.283579,5,3.48667,0.0671259,1.2907
678,0.489322,0.254444,5,3.26,0.0671259,1.20635
679,0.489322,0.265722,5,3.3,0.0671796,1.31706
680,0.489322,0.273914,5,3.48667,0.0671259,1.16074
681,0.489322,0.278714,5,3.52667,0.0671272,1.23882
682,0.489322,0.261579,5,3.21333,0.0671259,1.18613
683,0.482407,0.291161,6,3.64,0.0693536,1.40548
684,0.482407,0.294919,5,3.54667,0.0676869,1.17898
685,0.482407,0.293884,5,3.54667,0.0685538,1.26612
686,0.482407,0.307325,5,3.66,0.0694296,1.26951
687,0.482407,0.2837,6,3.41333,0.0671259,1.0996
688,0.482407,0.270395,6,3.38667,0.0671259,1.14042
689,0.482407,0.276839,9,3.42,0.0671259,1.17459
690,0.482407,0.277202,9,3.40667,0.0671259,1.2219
691,0.482407,0.280016,5,3.40667,0.0671261,1.10252
692,0.480893,0.304771,6,3.75333,0.0671299,1.30181
693,0.480893,0.288053,5,3.44667,0.0671277,1.26218
694,0.480893,0.271366,5,3.36667,0.0678682,1.23235
695,0.480893,0.279635,5,3.38,0.0671276,1.07574
696,0.480997,0.27954,5,3.30667,0.0671379,1.23638
697,0.480997,0.28741,5,3.44667,0.0672178,1.09108
698,0.480997,0.289796,6,3.43333,0.0671264,0.967013
699,0.480997,0.284172,5,3.48667,0.0671302,1.0598
700,0.480997,0.268937,5,3.38,0.0671259,1.23192
701,0.480997,0.287404,5,3.46667,0.0671259,1.12247
702,0.480997,0.272734,5,3.36,0.0671259,1.0965
703,0.480997,0.285874,5,3.38,0.067126,1.19775
704,0.480997,0.269099,5,3.34667,0.0671278,1.24145
705,0.480997,0.252771,5,3.16,0.0671293,1.16872
706,0.480997,0.272139,5,3.42667,0.0671261,1.2841
707,0.480997,0.279083,5,3.54,0.0671259,1.12709
708,0.480997,0.28573,6,3.52,0.0672658,1.24779
709,0.481785,0.296467,5,3.55333,0.0673439,1.12161
710,0.481785,0.28409,5,3.49333,0.0671267,1.21515
711,0.481785,0.279623,5,3.4,0.0671259,1.05047
712,0.483012,0.290163,5,3.49333,0.0671579,1.04937
713,0.483012,0.302688,5,3.58,0.0671259,1.14463
714,0.483012,0.290217,5,3.54,0.0671259,1.07198
715,0.483012,0.261247,5,3.26667,0.0671259,1.03214
716,0.483012,0.312751,5,3.66667,0.0671259,1.18679
717,0.483012,0.288557,7,3.40667,0.0671259,1.18197
718,0.483012,0.282957,5,3.44,0.0711458,1.11541
719,0.483012,0.285026,5,3.49333,0.0671259,1.04639
720,0.483012,0.278764,5,3.32667,0.0688801,1.27092
721,0.483012,0.270192,5,3.17333,0.0672131,1.17877
722,0.483012,0.284485,5,3.42,0.0671263,1.13442
723,0.483012,0.260398,6,3.27333,0.0671266,1.1931
724,0.483012,0.281613,5,3.37333,0.0671611,1.04918
725,0.483012,0.285065,5,3.49333,0.0671259,1.07809
726,0.483012,0.244774,5,3.12,0.0671259,1.11854
727,0.483216,0.275677,5,3.5,0.0671259,1.12628
728,0.483433,0.282251,6,3.52,0.0671293,1.22128
729,0.483433,0.287421,6,3.54667,0.0671557,1.13279
730,0.483433,0.27706,6,3.43333,0.0671319,1.19418
731,0.483433,0.266424,5,3.32,0.0671296,1.10669
732,0.483433,0.281203,5,3.51333,0.0671487,1.16394
733,0.483433,0.287324,5,3.59333,0.0690687,1.28623
734,0.483433,0.27916,5,3.55333,0.0671259,1.17733
735,0.483433,0.283261,5,3.60667,0.067192,1.14036
736,0.483433,0.269363,5,3.3,0.0671259,1.11349
737,0.483433,0.285221,5,3.42,0.0671343,1.16088
738,0.483433,0.278413,5,3.44,0.0671312,1.16133
739,0.483433,0.267824,5,3.22667,0.0671301,1.1499
740,0.483433,0.257617,5,3.18667,0.0671572,1.38851
741,0.483433,0.264503,5,3.27333,0.0671259,1.3525
742,0.483433,0.284806,5,3.38667,0.0671264,1.20137
743,0.483433,0.253674,5,3.1,0.0671267,1.30488
744,0.483433,0.274747,5,3.46667,0.0671261,1.18829
745,0.483433,0.252752,5,3.15333,0.0671261,1.19937
746,0.483433,0.267141,5,3.36667,0.0671259,1.17112
747,0.483433,0.26048,5,3.3,0.0672432,1.32187
748,0.483433,0.279655,5,3.57333,0.0671286,1.47535
749,0.483433,0.267641,7,3.32667,0.0671261,1.24838
750,0.483433,0.272765,7,3.41333,0.0672161,1.38042
751,0.483433,0.259807,5,3.28667,0.0671259,1.11867
752,0.483433,0.279765,5,3.41333,0.0671259,1.25426
753,0.480614,0.256744,6,3.1,0.0671259,1.15954
754,0.480614,0.274341,6,3.34,0.0674835,1.2207
755,0.479864,0.26906,6,3.34,0.0671261,1.193
756,0.479864,0.291162,5,3.5,0.0671262,1.20235
757,0.479864,0.278078,5,3.43333,0.0672372,1.12525
758,0.479864,0.264163,5,3.34667,0.0675515,1.35118
759,0.479864,0.264,5,3.29333,0.067126,1.28628
760,0.479864,0.250394,7,3.26,0.0671524,1.2113
761,0.479864,0.268999,5,3.45333,0.0672642,1.50315
762,0.479864,0.268782,8,3.33333,0.0671365,1.05213
763,0.479864,0.271104,5,3.46,0.0671752,1.19266
764,0.479864,0.260669,5,3.35333,0.0671276,1.26158
765,0.479864,0.269858,5,3.36667,0.0671259,1.19933
766,0.479864,0.292441,5,3.56667,0.0671289,1.13535
767,0.478622,0.269962,5,3.4,0.0671267,1.15604
768,0.478622,0.271092,5,3.34,0.0671344,1.05927
769,0.478622,0.2582,5,3.28667,0.0671627,1.30854
770,0.478622,0.279928,5,3.43333,0.067126,1.09462
771,0.478622,0.265595,5,3.32667,0.0671424,1.243
772,0.478622,0.280679,5,3.50667,0.0672686,1.30488
773,0.479243,0.275055,5,3.4,0.067127,1.1533
774,0.479243,0.281376,5,3.53333,0.0675162,1.22007
775,0.479243,0.282875,6,3.50667,0.0671277,1.09558
776,0.479243,0.284647,6,3.62,0.0671363,1.16313
777,0.479243,0.27597,5,3.50667,0.0671259,1.30986
778,0.479243,0.2717,5,3.44667,0.067126,1.2627
779,0.479243,0.270729,7,3.52,0.0671284,1.30603
780,0.479243,0.258782,5,3.32667,0.0671355,1.25054
781,0.479243,0.282554,6,3.51333,0.0671308,1.18164
782,0.479243,0.300994,5,3.62,0.0674875,1.15939
783,0.479243,0.303516,5,3.60667,0.0673376,1.04539
784,0.479243,0.285121,5,3.42667,0.0671259,1.05958
785,0.479243,0.276564,5,3.36,0.0671306,1.15211
786,0.479243,0.276247,5,3.50667,0.0671259,1.20676
787,0.479243,0.27827,5,3.53333,0.0671259,1.19571
788,0.479243,0.269677,6,3.40667,0.0671268,1.17374
789,0.479243,0.276372,5,3.37333,0.0671259,1.21623
790,0.479243,0.295666,5,3.58667,0.0671259,1.11309
791,0.479243,0.281576,7,3.5,0.0671259,1.184
792,0.479243,0.284146,5,3.5,0.0671263,1.08715
793,0.479243,0.282096,5,3.45333,0.067126,1.0884
794,0.479243,0.290992,5,3.54,0.0671259,1.05739
795,0.479243,0.302054,5,3.64667,0.0671366,1.04485
796,0.479243,0.280329,6,3.52667,0.0671259,1.17864
797,0.479243,0.288268,5,3.49333,0.0671278,1.089
798,0.478517,0.2822,5,3.48667,0.0671269,1.0642
799,0.478517,0.2831,5,3.5,0.0672238,1.24977
800,0.478517,0.296822,5,3.66,0.0671264,1.14848
801,0.478517,0.268301,5,3.43333,0.0671261,1.1909
802,0.478517,0.278956,5,3.58667,0.0671286,1.2094
803,0.478517,0.276564,5,3.59333,0.0672435,1.0604
804,0.478517,0.275661,5,3.35333,0.0671259,1.09317
805,0.478517,0.290775,6,3.64,0.0671259,1.10905
806,0.478517,0.293827,6,3.66,0.0671262,1.17146
807,0.478517,0.286205,6,3.50667,0.0671261,1.11328
808,0.478517,0.288456,6,3.59333,0.0672041,1.21593
809,0.478517,0.285354,6,3.62,0.0671598,1.26429
810,0.478517,0.274858,6,3.44,0.0671544,1.14971
811,0.478517,0.275063,6,3.44667,0.0671259,1.31236
812,0.478517,0.258747,6,3.36,0.0671259,1.18895
813,0.478517,0.2446,6,3.24,0.0671259,1.14789
814,0.478517,0.2779,6,3.57333,0.0671259,1.26504
815,0.478517,0.274525,6,3.55333,0.0671259,1.24304
816,0.478517,0.268258,6,3.38,0.0671266,1.15653
817,0.478517,0.276974,6,3.46667,0.0674613,1.36685
818,0.478517,0.290098,6,3.67333,0.0671259,1.17694
819,0.477131,0.29085,6,3.78,0.0671265,1.27013
820,0.477131,0.281797,6,3.58,0.0671259,1.09378
821,0.477131,0.273656,6,3.51333,0.0671259,1.21594
822,0.477131,0.259607,6,3.42,0.0671259,1.24186
823,0.477131,0.276174,6,3.42,0.0671262,1.25136
824,0.477131,0.292016,6,3.72,0.0671259,1.10087
825,0.477131,0.295743,6,3.76,0.0999502,1.25691
826,0.477131,0.26814,6,3.44,0.0671261,1.3438
827,0.477131,0.273141,6,3.26,0.0671259,1.06679
828,0.477131,0.268957,6,3.38,0.0671265,1.20859
829,0.477131,0.280245,6,3.58667,0.0671259,1.09457
830,0.477131,0.291046,6,3.60667,0.0671447,1.10883
831,0.477364,0.286011,6,3.54667,0.0671259,1.18437
832,0.475696,0.294801,6,3.63333,0.0671431,1.22612
833,0.475696,0.280981,6,3.52667,0.067126,1.16929
834,0.475696,0.272384,6,3.41333,0.0671259,1.07243
835,0.479261,0.2968,6,3.66,0.0921887,1.09173
836,0.479261,0.284722,6,3.45333,0.0671259,1.20378
837,0.479261,0.288705,6,3.44,0.0671259,1.11713
838,0.479261,0.290557,6,3.5,0.067126,1.17699
839,0.479261,0.268208,6,3.29333,0.0671267,1.16932
840,0.479261,0.280742,6,3.46,0.0671285,1.23916
841,0.479261,0.278144,6,3.47333,0.0671259,1.20234
842,0.479261,0.272637,6,3.39333,0.0671324,1.29989
843,0.479261,0.274856,6,3.4,0.0671259,1.26604
844,0.479261,0.284215,6,3.56,0.067126,1.15571
845,0.479261,0.278345,6,3.45333,0.0671264,1.06311
846,0.479261,0.27787,6,3.34667,0.0671287,1.24457
847,0.480066,0.275352,6,3.44,0.0671259,1.14006
848,0.480066,0.271519,6,3.38667,0.0671587,1.2936
849,0.480066,0.294378,6,3.60667,0.0671337,1.18221
850,0.480066,0.291784,6,3.58667,0.0672458,1.17528
851,0.480066,0.27263,6,3.26,0.0671273,1.25507
852,0.480066,0.287584,6,3.59333,0.0671259,1.15949
853,0.480066,0.276362,6,3.44,0.0671259,1.14729
854,0.480066,0.291424,6,3.51333,0.067141,1.0616
855,0.480066,0.292468,6,3.62667,0.067165,1.14122
856,0.480066,0.277217,6,3.36,0.0681005,1.19293
857,0.480066,0.285209,6,3.47333,0.067126,1.20843
858,0.480066,0.271115,6,3.35333,0.0675278,1.30622
859,0.480066,0.289878,6,3.6,0.0671843,1.412
860,0.480066,0.270748,6,3.38,0.0671261,1.27461
861,0.480066,0.259735,6,3.29333,0.0671259,1.36352
862,0.480066,0.278364,6,3.40667,0.0671259,1.35065
863,0.480066,0.28285,6,3.44,0.0672045,1.36675
864,0.480066,0.262918,6,3.33333,0.0672152,1.37722
865,0.480066,0.267679,6,3.35333,0.067126,1.28871
866,0.480066,0.273307,6,3.41333,0.0671282,1.34797
867,0.480066,0.256694,6,3.18667,0.0671291,1.34587
868,0.480066,0.274591,6,3.3,0.0671267,1.24346
869,0.480066,0.273521,6,3.34667,0.0671304,1.28622
870,0.480066,0.271967,6,3.43333,0.0671329,1.24573
871,0.480066,0.272469,6,3.46,0.067695,1.3101
872,0.479701,0.254335,6,3.29333,0.0671272,1.27708
873,0.479701,0.280674,6,3.6,0.0671294,1.48962
874,0.479701,0.283411,6,3.62667,0.0671259,1.38188
875,0.479701,0.285137,6,3.60667,0.067741,1.32577
876,0.479701,0.256513,6,3.18,0.0671259,1.24209
877,0.479701,0.254798,6,3.24667,0.0671351,1.43835
878,0.479701,0.27311,6,3.4,0.0671259,1.42707
879,0.479701,0.270655,6,3.44667,0.067129,1.48318
880,0.479701,0.275303,6,3.54667,0.0671265,1.24357
881,0.479701,0.258561,6,3.26667,0.0671259,1.20387
882,0.479701,0.260818,6,3.10667,0.0671279,1.3455
883,0.479767,0.252478,5,3.13333,0.0671259,1.20455
884,0.482649,0.257555,5,3.14,0.0671268,1.21665
885,0.482649,0.256121,5,3.16,0.0671266,1.29092
886,0.482649,0.260998,5,3.17333,0.0671262,1.23274
887,0.482649,0.256433,6,3.16,0.067126,1.36957
888,0.482649,0.26892,5,3.42667,0.0671563,1.50391
889,0.482649,0.259894,5,3.18667,0.0671259,1.44095
890,0.482649,0.260509,7,3.17333,0.0671272,1.3473
891,0.482649,0.269082,5,3.26,0.0671593,1.32446
892,0.482649,0.271216,5,3.28,0.0671264,1.27855
893,0.482649,0.241256,5,2.82,0.0671259,1.18009
894,0.482649,0.260269,5,3.2,0.0671264,1.28426
895,0.482838,0.266871,5,3.28,0.0671259,1.33412
896,0.482838,0.252383,5,3.11333,0.0671259,1.38653
897,0.482838,0.286019,5,3.53333,0.0671261,1.40939
898,0.482838,0.267279,5,3.34,0.0671403,1.30777
899,0.482838,0.270941,8,3.3,0.0671262,1.33288
900,0.482838,0.258123,5,3.34,0.0671259,1.46602
901,0.482838,0.252955,5,3.14,0.0689705,1.36684
902,0.482838,0.249414,6,3.21333,0.0671383,1.39337
903,0.482838,0.267161,6,3.33333,0.0671261,1.43904
904,0.680821,0.266087,8,3.32667,0.0671259,1.45589
905,0.680821,0.267336,8,3.29333,0.0671259,1.34665
906,0.680821,0.264592,8,3.32,0.0671259,1.46414
907,0.680821,0.256704,8,3.06,0.0671261,1.43722
908,0.680821,0.289032,8,3.6,0.0671262,1.4968
909,0.680821,0.256226,8,3.2,0.0672764,1.33287
910,0.680821,0.280698,8,3.44667,0.0671259,1.3183
911,0.680821,0.263878,8,3.34667,0.0671259,1.28999
912,0.680821,0.265106,8,3.27333,0.0671273,1.32534
913,0.680821,0.274098,8,3.34,0.0673038,1.29043
914,0.680821,0.271342,8,3.36667,0.0671289,1.49299
915,0.680821,0.269526,8,3.15333,0.0671259,1.37751
916,0.680931,0.273745,8,3.42667,0.0671259,1.61316
917,0.680931,0.273521,8,3.38667,0.067126,1.47804
918,0.680931,0.295265,8,3.65333,0.0671259,1.47992
919,0.680931,0.244775,8,3.02,0.0671259,1.48873
920,0.680931,0.276749,8,3.31333,0.0671262,1.43539
921,0.680931,0.267321,8,3.24667,0.067126,1.35107
922,0.680931,0.287497,8,3.55333,0.0671265,1.36096
923,0.680931,0.281335,8,3.48,0.0677593,1.53343
924,0.680931,0.290792,9,3.53333,0.0671259,1.41883
925,0.680931,0.28322,8,3.49333,0.0671259,1.40403
926,0.680931,0.278184,8,3.50667,0.0671326,1.41106
927,0.680931,0.279392,8,3.36667,0.0671277,1.45714
928,0.680931,0.260192,8,3.26667,0.0671325,1.45202
929,0.680931,0.251415,8,3.17333,0.0671259,1.44469
930,0.680931,0.266066,8,3.32667,0.0671259,1.44395
931,0.680931,0.254756,8,3.14667,0.0671266,1.35042
932,0.680931,0.27918,8,3.38,0.0671259,1.33887
933,0.680931,0.278881,8,3.40667,0.0671262,1.30965
934,0.680931,0.262591,8,3.23333,0.0671259,1.3535
935,0.680931,0.28381,8,3.5,0.0671287,1.37582
936,0.680931,0.302299,8,3.63333,0.0671259,1.32442
937,0.680931,0.263951,8,3.36667,0.0671261,1.31355
938,0.680931,0.274129,8,3.46,0.0671259,1.41869
939,0.681196,0.300174,8,3.68,0.0671259,1.41098
940,0.681196,0.285322,8,3.42,0.067126,1.4088
941,0.681196,0.288894,8,3.44667,0.0671259,1.35132
942,0.681196,0.267821,8,3.3,0.0671262,1.47691
943,0.681196,0.254423,8,3.16667,0.0671259,1.41492
944,0.681196,0.265451,8,3.45333,0.0671259,1.55164
945,0.681196,0.251747,8,3.14667,0.0671541,1.24091
946,0.681196,0.253298,8,3.13333,0.0671271,1.37351
947,0.681196,0.270007,8,3.28,0.0671259,1.30892
948,0.681196,0.25145,8,3.14667,0.06714,1.37122
949,0.681196,0.288951,8,3.51333,0.067126,1.37611
950,0.681196,0.276835,8,3.42,0.0671259,1.34691
951,0.681196,0.273283,8,3.39333,0.0671259,1.21271
952,0.681196,0.27524,8,3.44,0.0671261,1.42396
953,0.681196,0.266713,9,3.30667,0.0671259,1.26019
954,0.681196,0.273427,8,3.4,0.0671259,1.42962
955,0.681196,0.271651,8,3.46,0.0681271,1.29782
956,0.681196,0.271258,8,3.28,0.067136,1.41855
957,0.681196,0.285179,8,3.48,0.0672296,1.42038
958,0.681196,0.257271,8,3.1,0.0671259,1.39876
959,0.681196,0.259911,8,3.16,0.0676823,1.45552
960,0.681196,0.2601,8,3.18,0.0671259,1.39974
961,0.681196,0.262226,8,3.24667,0.0671259,1.45807
962,0.681196,0.262382,8,3.38,0.0671263,1.38033
963,0.681196,0.263467,8,3.33333,0.0671267,1.44796
964,0.479283,0.250937,6,3.06,0.0671259,1.33197
965,0.479283,0.284795,5,3.42,0.0671259,1.43191
966,0.479283,0.286535,5,3.44,0.0671374,1.41198
967,0.479413,0.254825,5,3.19333,0.067218,1.41476
968,0.479413,0.262728,5,3.17333,0.0671259,1.27307
969,0.479413,0.291664,5,3.71333,0.0671368,1.41286
970,0.479413,0.273328,5,3.55333,0.0671259,1.40576
971,0.479413,0.275478,5,3.53333,0.0674759,1.53011
972,0.479413,0.275144,5,3.42,0.0671434,1.478
973,0.479413,0.303161,5,3.7,0.0671261,1.37628
974,0.479413,0.276734,6,3.39333,0.0671263,1.37817
975,0.479413,0.277069,5,3.43333,0.0671263,1.44944
976,0.479413,0.285041,7,3.47333,0.0671261,1.41785
977,0.479413,0.276787,5,3.43333,0.0671287,1.40011
978,0.479413,0.279047,5,3.5,0.0671896,1.46638
979,0.479413,0.277106,5,3.44,0.067128,1.47272
980,0.479413,0.286017,5,3.45333,0.0671262,1.29546
981,0.480577,0.314379,5,3.71333,0.0680599,1.38179
982,0.480577,0.286321,5,3.39333,0.0671259,1.20843
983,0.480577,0.253118,5,3.13333,0.0671259,1.38726
984,0.480577,0.270207,6,3.36667,0.0671259,1.38635
985,0.480577,0.29214,5,3.60667,0.0671262,1.26294
986,0.480577,0.272023,5,3.20667,0.0671259,1.38933
987,0.480577,0.284,5,3.34667,0.0671259,1.28979
988,0.480577,0.29211,5,3.67333,0.0671261,1.478
989,0.480577,0.273153,5,3.22,0.0671764,1.14484
990,0.480577,0.296572,5,3.68,0.0671259,1.4232
991,0.480577,0.273693,6,3.44,0.0671263,1.37599
992,0.482031,0.28024,6,3.5,0.0671291,1.28219
993,0.482031,0.270866,7,3.44,0.06713,1.27293
994,0.482031,0.288862,8,3.58,0.067126,1.37917
995,0.482031,0.297525,8,3.73333,0.0671259,1.46073
996,0.482031,0.289659,7,3.57333,0.0671259,1.29846
997,0.482684,0.280939,5,3.46667,0.067127,1.33675
998,0.482684,0.288998,5,3.50667,0.0671288,1.43183
999,0.482684,0.294864,5,3.45333,0.0671273,1.28388
1000,0.482684,0.298979,5,3.58,0.0671338,1.30495
