1,0.201015,0.00544448,6,0.233333,0.0676266,1.3672
2,0.201015,0.00805145,5,0.373333,0.0720625,1.36578
3,0.201015,0.0147155,6,0.553333,0.0742754,1.24555
4,0.201015,0.01609,6,0.746667,0.0714976,1.60189
5,0.20442,0.0237707,6,1.12,0.0773637,1.73435
6,0.391812,0.0381424,7,1.76667,0.121022,1.77172
7,0.391812,0.0328705,9,2.36667,0.0950919,2.0365
8,0.391812,0.045159,9,2.82,0.238835,1.98391
9,0.391812,0.0499169,9,1.86,0.12802,1.37999
10,0.391812,0.0604351,9,2.49333,0.0831277,1.94827
11,0.391812,0.0662133,9,2.24,0.128404,1.90965
12,0.391812,0.075336,9,2.25333,0.0740223,1.86742
13,0.396573,0.072764,8,2.64,0.170617,2.32724
14,0.396573,0.0670469,8,2.04,0.0677244,1.85209
15,0.396573,0.0895519,9,2.5,0.0676232,2.07558
16,0.396573,0.0869347,8,2.65333,0.0980141,2.01588
17,0.439352,0.100409,8,2.66667,0.0983023,2.16018
18,0.454104,0.110181,8,2.67333,0.0703047,1.92291
19,0.454104,0.107547,8,2.54,0.123777,1.78103
20,0.454104,0.0931241,8,2.28,0.15086,1.90783
21,0.454104,0.107193,10,2.78,0.0898822,1.92011
22,0.454104,0.123604,8,3.08,0.135793,2.00624
23,0.454104,0.113978,8,3.19333,0.297848,2.19016
24,0.666241,0.115187,9,2.86667,0.130084,1.88833
25,0.666241,0.1376,9,3.02667,0.122168,1.98642
26,0.666241,0.143377,9,3.42,0.111047,2.02947
27,0.666241,0.138194,9,3.26667,0.0879148,2.02922
28,0.666241,0.133004,10,3.09333,0.077001,1.73231
29,0.666241,0.130575,10,3.14,0.0718249,1.93868
30,0.666241,0.127077,10,2.73333,0.0781243,1.94223
31,0.666241,0.136275,9,2.72667,0.160493,1.76488
32,0.666241,0.137336,8,2.78,0.100179,1.65854
33,0.666241,0.146745,8,2.88,0.0908309,1.90342
34,0.666241,0.14793,9,2.86,0.085011,1.797
35,0.666241,0.155435,9,2.82,0.117165,1.87466
36,0.666241,0.166436,10,3.12667,0.0674127,2.08739
37,0.666241,0.155358,9,2.89333,0.16663,1.9185
38,0.666241,0.164958,9,3.03333,0.0729685,1.79911
39,0.666241,0.14923,9,2.89333,0.103193,1.7602
40,0.666241,0.170661,9,3.09333,0.0872135,1.89358
41,0.666241,0.160847,8,2.92,0.0678451,1.66589
42,0.666241,0.158771,8,2.89333,0.0672699,1.87767
43,0.666241,0.163662,9,2.86,0.161512,1.82719
44,0.666241,0.177973,9,2.88,0.123989,1.55633
45,0.666241,0.191075,9,3.30667,0.0796849,1.74301
46,0.666241,0.183819,10,3.25333,0.0672811,1.7367
47,0.666241,0.185395,8,3.6,0.162036,1.9791
48,0.666241,0.208545,8,3.72,0.0817235,1.93808
49,0.664515,0.189857,9,3.68,0.067201,2.02633
50,0.667199,0.18789,9,3.61333,0.0878285,1.91791
51,0.667752,0.193944,9,3.63333,0.0672375,1.69129
52,0.667752,0.199462,9,3.35333,0.0679857,1.7861
53,0.667752,0.225309,10,4.03333,0.0694465,1.93764
54,0.667752,0.204622,10,3.54667,0.0689918,1.91923
55,0.667752,0.215038,10,3.85333,0.068365,2.02828
56,0.667752,0.214271,10,3.92667,0.0772651,2.01854
57,0.667752,0.230368,10,4.28667,0.0672877,2.34463
58,0.667752,0.216099,10,4.09333,0.0728697,2.3241
59,0.667752,0.211667,10,3.78,0.0694318,2.30916
60,0.667752,0.221098,10,3.98667,0.0685668,2.11424
61,0.667752,0.247065,10,4.44,0.0671832,2.17631
62,0.667752,0.264378,10,4.69333,0.0709552,2.22155
63,0.667752,0.253444,10,4.38,0.12169,2.33709
64,0.667752,0.238742,10,4.46667,0.0760888,2.30227
65,0.687237,0.243401,10,4.08,0.0736067,2.28494
66,0.687237,0.265523,10,4.85333,0.081414,2.34906
67,0.687237,0.248474,10,4.3,0.0677676,2.29943
68,0.692855,0.28451,10,4.98667,0.0741346,2.12604
69,0.692855,0.263259,10,4.54,0.0707465,2.26895
70,0.692855,0.263797,10,4.32667,0.0780025,2.30237
71,0.692855,0.272062,10,4.68667,0.0867868,2.38799
72,0.750557,0.265698,10,4.53333,0.138162,2.37813
73,0.750557,0.278426,10,4.59333,0.088782,2.50991
74,0.750557,0.299534,10,4.65333,0.0707472,2.25913
75,0.751392,0.267104,10,4.45333,0.0720126,2.48324
76,0.751392,0.271676,10,4.58,0.0909373,2.5588
77,0.751392,0.27033,10,4.56,0.0671446,2.42941
78,0.751392,0.284254,10,4.82667,0.230875,2.7182
79,0.751392,0.291319,10,4.95333,0.0791765,2.44334
80,0.751392,0.278228,10,4.82,0.0750168,2.64209
81,0.751392,0.276044,9,4.59333,0.0792998,2.75182
82,0.751392,0.268223,9,4.46,0.0672529,2.71502
83,0.751392,0.291441,10,4.76,0.0930687,2.46846
84,0.751392,0.29614,10,4.71333,0.0851271,2.44602
85,0.751392,0.273175,10,4.52667,0.146835,2.72871
86,0.751392,0.283462,10,4.80667,0.068539,2.66617
87,0.751392,0.292595,10,4.44667,0.0764395,2.7844
88,0.793115,0.29726,10,4.49333,0.067918,2.39396
89,0.793115,0.27337,10,4.30667,0.0685034,2.48939
90,0.793115,0.282369,10,4.62667,0.0745327,2.7126
91,0.793115,0.28972,10,4.52,0.0904475,2.37286
92,0.793115,0.297678,10,4.90667,0.0673643,2.42797
93,0.793115,0.331272,10,5.04,0.0672309,2.79181
94,0.793115,0.281019,10,4.44,0.0809754,2.59712
95,0.793115,0.31705,10,4.95333,0.070935,2.58657
96,0.793115,0.307552,10,4.60667,0.0973308,2.39763
97,0.793115,0.297205,10,4.68667,0.0708508,2.34399
98,0.793115,0.288799,10,4.42667,0.0852707,2.46602
99,0.793115,0.310937,10,4.9,0.180692,2.89652
100,0.793115,0.299187,10,4.84,0.08739,2.4877
101,0.793115,0.282021,10,4.81333,0.215468,2.59973
102,0.793115,0.280688,10,4.6,0.0690122,2.90154
103,0.793115,0.329091,10,5.14667,0.104484,2.6525
104,0.793115,0.299277,10,4.62,0.0852564,2.34951
105,0.793115,0.272659,10,4.32667,0.12921,2.50078
106,0.793115,0.323108,10,5.06667,0.194379,2.60541
107,0.821534,0.332656,10,5.14667,0.316107,2.67205
108,0.821534,0.327362,10,5.33333,0.0701118,2.63891
109,0.821534,0.322845,10,4.86,0.103993,2.68062
110,0.821534,0.343534,10,5.21333,0.238226,2.4283
111,0.821534,0.293286,10,4.68,0.0884338,2.61664
112,0.821534,0.309087,10,4.96667,0.0677356,2.76245
113,0.821534,0.333185,10,5.22667,0.213031,2.55126
114,0.821534,0.303442,10,4.90667,0.072519,2.61664
115,0.821534,0.300556,10,4.82667,0.0678341,2.61046
116,0.824913,0.327869,10,5.23333,0.123453,2.55301
117,0.824913,0.315868,10,5.03333,0.110964,2.68079
118,0.824913,0.327637,10,5.30667,0.178627,2.72085
119,0.824913,0.349386,10,5.33333,0.0947357,2.64482
120,0.824913,0.335016,10,5.06,0.132712,2.59635
121,0.824913,0.331543,10,5.32,0.114683,2.47297
122,0.824913,0.332755,10,5.16667,0.0690512,2.60121
123,0.824913,0.347524,10,5.40667,0.499003,2.59482
124,0.824913,0.332102,10,5.13333,0.0749887,2.56877
125,0.824913,0.34216,10,5.38,0.07382,2.73615
126,0.824913,0.347654,10,5.23333,0.157397,2.61691
127,0.824913,0.348547,10,5.36,0.185195,2.57498
128,0.824913,0.359848,10,5.39333,0.133128,2.54644
129,0.824913,0.348564,10,5.22,0.0985129,2.44795
130,0.824913,0.368013,10,5.64,0.0672964,2.53093
131,0.824913,0.354912,10,5.68,0.0705201,2.64198
132,0.824913,0.362991,10,5.70667,0.100508,2.65877
133,0.824913,0.344521,10,5.35333,0.0671586,2.64187
134,0.824913,0.350221,10,5.57333,0.0689296,2.46165
135,0.824913,0.34684,10,5.30667,0.106134,2.6034
136,0.824913,0.353472,10,5.28,0.0763898,2.41274
137,0.824913,0.366213,10,5.58,0.0802144,2.64838
138,0.824913,0.340979,10,5.42667,0.0762775,2.69884
139,0.824913,0.341573,10,5.39333,0.0672916,2.67203
140,0.824913,0.370087,10,5.66,0.0749695,2.53762
141,0.784788,0.35799,10,5.48667,0.0838814,2.75973
142,0.784788,0.346775,10,5.10667,0.0770988,2.80521
143,0.789561,0.327614,10,5.2,0.0704401,2.65952
144,0.789561,0.357722,10,5.43333,0.0733838,2.64374
145,0.789561,0.342187,10,5.28,0.0976996,2.81504
146,0.789561,0.340046,10,5.24,0.0766392,2.70296
147,0.789561,0.33435,10,5.03333,0.0682343,2.49964
148,0.789561,0.317615,10,4.97333,0.133342,2.56986
149,0.822836,0.332115,10,5.15333,0.0736088,2.56825
150,0.822836,0.33611,10,5.38667,0.0673977,2.45642
151,0.822836,0.395529,10,5.92667,0.0693484,2.48612
152,0.822836,0.356565,10,5.30667,0.0827177,2.53084
153,0.822836,0.356719,10,5.34667,0.0818417,2.46873
154,0.822836,0.338512,10,5.22667,0.0676162,2.42871
155,0.822836,0.345144,10,5.31333,0.189818,2.63021
156,0.822836,0.337794,10,5.21333,0.0671728,2.2323
157,0.822836,0.333003,10,5.20667,0.0721083,2.42595
158,0.822836,0.34118,10,5.22667,0.0685604,2.40863
159,0.822836,0.348184,10,5.47333,0.0819359,2.69759
160,0.822836,0.354043,10,5.24667,0.073834,2.51168
161,0.822836,0.360564,10,5.48,0.0830509,2.46999
162,0.822836,0.357618,10,5.30667,0.0744773,2.36782
163,0.822836,0.347804,10,5.38667,0.0714297,2.48131
164,0.822836,0.343542,10,5.38,0.0853183,2.55585
165,0.822836,0.370478,10,5.77333,0.0674345,2.4784
166,0.822836,0.339983,10,5.27333,0.17405,2.57987
167,0.822836,0.318163,10,5.1,0.0701727,2.78395
168,0.822836,0.331585,10,5.13333,0.0681677,2.34154
169,0.822836,0.36019,10,5.46,0.110998,2.68008
170,0.822836,0.345274,10,5.30667,0.0719809,2.53427
171,0.822836,0.373252,10,5.78,0.0913204,2.57853
172,0.822836,0.364628,10,5.58,0.0695526,2.55364
173,0.822836,0.4156,10,5.96667,0.154883,2.30282
174,0.776963,0.316266,10,4.89333,0.0671473,2.41533
175,0.776963,0.350925,10,5.30667,0.0690706,2.47656
176,0.776963,0.36792,10,5.44,0.119734,2.6091
177,0.776963,0.346964,10,5.36,0.10353,2.45314
178,0.776963,0.343544,10,5.32667,0.0672557,2.33702
179,0.776963,0.341487,10,5.45333,0.0678931,2.5487
180,0.796108,0.361722,10,5.30667,0.205952,2.30497
181,0.796108,0.365288,10,5.57333,0.131391,2.56044
182,0.796108,0.350207,10,5.38667,0.0743599,2.48642
183,0.796108,0.365992,10,5.64667,0.162748,2.63532
184,0.796108,0.362375,10,5.62667,0.0677295,2.44378
185,0.796108,0.350746,10,5.56667,0.0715622,2.58605
186,0.796108,0.326628,10,5.29333,0.0724339,2.43655
187,0.796108,0.326635,10,5.34667,0.0795912,2.36831
188,0.796108,0.337418,10,5.22,0.0729085,2.42629
189,0.796108,0.34506,10,5.05333,0.0759653,2.26393
190,0.796108,0.352309,10,5.37333,0.0685768,2.52531
191,0.796108,0.371968,10,5.66667,0.412915,2.62378
192,0.796108,0.341959,10,5.29333,0.0671419,2.60121
193,0.796108,0.328225,10,5.10667,0.0675544,2.69167
194,0.796108,0.358905,10,5.51333,0.0681068,2.78286
195,0.796108,0.352149,10,5.41333,0.0687649,2.4355
196,0.796108,0.343657,10,5.34,0.0776122,2.60001
197,0.796108,0.367103,10,5.63333,0.176003,2.63705
198,0.796108,0.376233,10,5.83333,0.0701771,2.63518
199,0.796108,0.375283,10,5.7,0.0673668,2.46822
200,0.796108,0.379391,10,5.79333,0.0696975,2.60182
201,0.796108,0.360751,10,5.46667,0.0704223,2.60985
202,0.796108,0.354607,10,5.5,0.0671347,2.59655
203,0.796108,0.369756,10,5.73333,0.0671284,2.50277
204,0.796108,0.367375,10,5.59333,0.102082,2.59651
205,0.780045,0.360374,10,5.42,0.136358,2.49819
206,0.780045,0.36451,10,5.54,0.0672737,2.6057
207,0.780045,0.31379,10,5.02667,0.0681864,2.44142
208,0.773548,0.340177,10,5.34,0.0716064,2.66658
209,0.773548,0.344656,10,5.47333,0.0943148,2.65339
210,0.773548,0.367779,10,5.46667,0.114283,2.65964
211,0.773548,0.363112,10,5.28,0.0686904,2.6082
212,0.773548,0.343044,10,5.62,0.0711187,2.49718
213,0.773548,0.347664,10,5.54,0.067358,2.4622
214,0.773548,0.348357,10,5.64667,0.0750718,2.51886
215,0.773548,0.35346,10,5.40667,0.138106,2.50997
216,0.773548,0.346569,10,5.73333,0.0829242,2.63391
217,0.770725,0.332363,10,5.32,0.0692823,2.48173
218,0.754334,0.329693,10,4.88667,0.0850968,2.49031
219,0.754334,0.363787,10,5.56667,0.106131,2.56032
220,0.754334,0.357121,10,5.38667,0.10566,2.53098
221,0.808533,0.356975,10,5.46,0.0777534,2.49687
222,0.808533,0.355568,10,5.40667,0.0677023,2.61706
223,0.808533,0.353739,10,5.26667,0.0732594,2.3666
224,0.808533,0.339762,10,5.22,0.0695325,2.45505
225,0.808533,0.36375,10,5.54,0.0786284,2.53381
226,0.808533,0.351682,10,5.32667,0.0674406,2.46322
227,0.808533,0.363568,10,5.36,0.143033,2.39508
228,0.808533,0.345943,10,5.16667,0.070824,2.48155
229,0.808533,0.32478,10,5.29333,0.0679967,2.64744
230,0.808533,0.329038,10,5.16,0.0822719,2.55177
231,0.808533,0.318585,10,4.74667,0.0778997,2.67669
232,0.808533,0.342943,10,5.12667,0.0725887,2.36705
233,0.808533,0.344406,10,5.40667,0.0676131,2.57302
234,0.808533,0.343251,10,5.34,0.0768555,2.69457
235,0.808533,0.374107,10,5.66,0.0695689,2.46802
236,0.808533,0.364837,10,5.45333,0.0693846,2.3608
237,0.808533,0.329156,10,5.17333,0.0681543,2.46783
238,0.808533,0.323502,10,4.92667,0.0690142,2.5694
239,0.808533,0.349442,10,5.23333,0.113002,2.56271
240,0.808533,0.340921,10,5.15333,0.0671652,2.30259
241,0.808533,0.341927,10,5.12667,0.067762,2.37081
242,0.808533,0.362319,10,5.48667,0.0777303,2.36786
243,0.808533,0.31781,10,4.92,0.068454,2.3355
244,0.808533,0.333971,10,4.88,0.0676041,2.45567
245,0.808533,0.354951,10,5.13333,0.0679521,2.27315
246,0.797037,0.335121,10,5.07333,0.0683887,2.39761
247,0.797037,0.306638,10,4.79333,0.0688621,2.58101
248,0.797037,0.333261,10,5.2,0.137368,2.53241
249,0.797037,0.337048,10,5.22667,0.0673082,2.57063
250,0.797037,0.352181,10,5.38667,0.0680323,2.63516
251,0.753627,0.357566,10,5.3,0.0761185,2.58341
252,0.753627,0.359883,10,5.41333,0.0763246,2.44912
253,0.753627,0.328779,10,4.91333,0.0737288,2.69448
254,0.753627,0.341288,10,5.12667,0.0675401,2.61985
255,0.753336,0.355018,10,5.44,0.0675401,2.41081
256,0.753336,0.356095,10,5.34,0.0687371,2.55593
257,0.753336,0.322125,10,5.1,0.0674978,2.42839
258,0.753336,0.329166,10,5.26667,0.0673854,2.45197
259,0.753148,0.308883,10,5.05333,0.0676876,2.5374
260,0.762433,0.344342,10,5.26,0.0910608,2.67207
261,0.762433,0.365597,10,5.48,0.0795132,2.44814
262,0.762433,0.283466,10,4.54,0.08531,2.29998
263,0.762433,0.324416,10,5.12667,0.0751125,2.40724
264,0.762433,0.32809,10,4.86667,0.0684406,2.408
265,0.762433,0.324831,10,5.31333,0.081742,2.51681
266,0.762433,0.34485,10,5.43333,0.173656,2.5082
267,0.762433,0.333503,10,5.31333,0.067217,2.66726
268,0.762433,0.350601,10,5.56667,0.0792583,2.54311
269,0.762433,0.37016,10,5.98,0.0685286,2.48603
270,0.762433,0.378996,10,5.88667,0.0734565,2.66938
271,0.762433,0.369795,10,5.49333,0.0810171,2.75573
272,0.762433,0.388896,10,5.74,0.081531,2.44175
273,0.762433,0.359937,10,5.4,0.0752491,2.32256
274,0.762433,0.36751,10,5.56,0.0679447,2.51757
275,0.762433,0.349888,10,5.44667,0.0671347,2.6192
276,0.762433,0.372367,10,5.86,0.0671454,2.57038
277,0.762627,0.374888,10,5.64667,0.0798461,2.5557
278,0.762627,0.370755,10,5.57333,0.0757549,2.532
279,0.764918,0.38903,10,5.56,0.0672286,2.27499
280,0.764918,0.408905,10,5.9,0.0815054,2.42292
281,0.764918,0.400662,10,6.05333,0.0672973,2.47618
282,0.764918,0.39555,10,5.82667,0.0690595,2.44833
283,0.764918,0.404671,10,5.8,0.272404,2.43976
284,0.791039,0.401799,10,5.94667,0.0889849,2.47095
285,0.791039,0.399841,10,5.76667,0.0685961,2.42041
286,0.791039,0.390235,10,5.68667,0.0680655,2.4807
287,0.791039,0.380706,10,5.69333,0.0672689,2.46426
288,0.791039,0.392377,10,5.98,0.0679408,2.59778
289,0.791039,0.372305,10,5.76667,0.116258,2.73387
290,0.791039,0.365041,10,5.53333,0.0674007,2.70241
291,0.791039,0.379721,10,5.37333,0.0725087,2.39298
292,0.791039,0.351943,10,5.22667,0.0990698,2.70132
293,0.791039,0.396525,10,5.85333,0.0683731,2.52348
294,0.791039,0.382523,10,5.76,0.142193,2.59496
295,0.791039,0.383713,10,5.72,0.0676145,2.43936
296,0.791039,0.390244,10,5.77333,0.067133,2.6719
297,0.791039,0.401967,10,5.78667,0.0671656,2.58247
298,0.791039,0.377729,10,5.59333,0.0867006,2.54913
299,0.791039,0.341721,10,5.22,0.0675182,2.65643
300,0.791039,0.36439,10,5.53333,0.0678515,2.64795
301,0.791039,0.365722,10,5.61333,0.142153,2.78808
302,0.791039,0.401282,10,5.82667,0.0713061,2.38663
303,0.791039,0.38875,10,6.01333,0.0920641,2.62896
304,0.791039,0.346748,10,5.56667,0.0750424,2.63042
305,0.794578,0.378053,10,5.68,0.0771214,2.79657
306,0.794578,0.362835,10,5.72,0.110486,2.66992
307,0.794578,0.3703,10,5.53333,0.0671909,2.60122
308,0.794578,0.367157,10,5.64,0.0712815,2.56125
309,0.794578,0.348801,10,5.52,0.0671305,2.47794
310,0.794578,0.366199,10,5.81333,0.068009,2.78041
311,0.794578,0.364558,10,5.33333,0.0671368,2.52942
312,0.794578,0.360974,10,5.56667,0.0758603,2.65493
313,0.794578,0.358266,10,5.47333,0.0717714,2.79257
314,0.794578,0.373436,10,5.37333,0.0694219,2.53692
315,0.794578,0.371918,10,5.46,0.0690367,2.55273
316,0.794578,0.39379,10,5.63333,0.0672147,2.40806
317,0.794578,0.408742,10,5.82,0.0674358,2.5001
318,0.794578,0.390094,10,5.90667,0.133463,2.50701
319,0.794578,0.358151,10,5.4,0.0673116,2.78811
320,0.794578,0.373535,10,5.32,0.07723,2.38465
321,0.794578,0.35005,10,5.4,0.0686821,2.82036
322,0.794578,0.358462,10,5.29333,0.0685136,2.52959
323,0.794578,0.377447,10,5.36,0.067168,2.35703
324,0.794578,0.323163,10,5.02667,0.0671262,2.48225
325,0.794578,0.356369,10,5.19333,0.0671533,2.65234
326,0.794578,0.390622,10,5.69333,0.070587,2.6129
327,0.830159,0.358527,10,5.27333,0.0674115,2.44012
328,0.830159,0.381241,10,5.67333,0.0730468,2.71598
329,0.830159,0.399563,10,5.54667,0.092785,2.44916
330,0.830159,0.361986,10,5.36,0.120016,2.54044
331,0.830159,0.368399,10,5.54667,0.0835528,2.64483
332,0.830159,0.388212,10,5.84,0.0694793,2.63394
333,0.830159,0.406436,10,6.04667,0.0773096,2.6214
334,0.830159,0.358672,10,5.26,0.0712866,2.43294
335,0.830159,0.439873,10,6.20667,0.0682728,2.52115
336,0.830159,0.41456,10,5.74667,0.0675804,2.3389
337,0.830159,0.418997,10,5.94667,0.0726996,2.47857
338,0.830159,0.398528,10,5.70667,0.067224,2.52088
339,0.830159,0.376941,10,5.5,0.0671483,2.7058
340,0.830159,0.400181,10,5.87333,0.0675829,2.46724
341,0.830159,0.38507,10,5.54,0.311082,2.48591
342,0.830159,0.397627,10,5.67333,0.0675798,2.31115
343,0.830159,0.38921,10,5.56667,0.0673977,2.42612
344,0.830159,0.366267,10,5.28,0.0686066,2.59726
345,0.830159,0.396157,10,5.79333,0.0673101,2.42389
346,0.830159,0.401806,10,5.52667,0.0711917,2.522
347,0.830159,0.393095,10,5.60667,0.0675597,2.53165
348,0.830159,0.414096,10,5.93333,0.0866923,2.518
349,0.830159,0.414417,10,5.91333,0.0672652,2.31495
350,0.830159,0.384012,10,5.62667,0.0673208,2.48448
351,0.830159,0.375188,10,5.49333,0.0741659,2.36997
352,0.764635,0.354289,10,5.24,0.0675868,2.48805
353,0.764635,0.359518,10,5.26667,0.0677244,2.62532
354,0.764635,0.357352,10,5.31333,0.0671649,2.34739
355,0.764635,0.371321,10,5.5,0.0762257,2.7129
356,0.764635,0.362564,10,5.58,0.0782442,2.74844
357,0.764635,0.341684,10,5.3,0.0796182,2.62444
358,0.764635,0.376537,10,5.77333,0.0714432,2.63814
359,0.764635,0.374242,10,5.45333,0.0677625,2.39966
360,0.757009,0.335719,9,5.26667,0.0672965,2.5398
361,0.757009,0.325739,10,5.1,0.0672376,2.54682
362,0.757009,0.366109,10,5.46,0.0672376,2.48534
363,0.757009,0.345991,9,5.1,0.0678706,2.40413
364,0.757009,0.380187,9,5.61333,0.0677171,2.52822
365,0.757009,0.361658,9,5.12667,0.0678724,2.52444
366,0.757009,0.381538,10,5.66,0.0699668,2.2908
367,0.757009,0.369794,10,5.2,0.067536,2.18555
368,0.769028,0.378132,10,5.47333,0.0671769,2.18532
369,0.769028,0.375635,9,5.48667,0.0730921,2.56376
370,0.769028,0.409145,10,5.78,0.0847229,2.22792
371,0.769028,0.420711,9,5.81333,0.0706166,2.30998
372,0.769028,0.382141,10,5.28,0.0671504,2.38956
373,0.769028,0.423563,10,5.81333,0.0699431,2.37897
374,0.769028,0.401591,10,5.7,0.0672445,2.52031
375,0.769028,0.388099,10,5.65333,0.0688228,2.46101
376,0.769028,0.407722,10,5.78,0.0681888,2.34193
377,0.80168,0.373873,10,5.49333,0.0674048,2.4651
378,0.80168,0.384536,10,5.76,0.0693968,2.51399
379,0.80168,0.399468,10,5.88,0.077133,2.53943
380,0.80168,0.389021,10,5.60667,0.0864981,2.46338
381,0.80168,0.392993,10,5.78,0.0734004,2.32736
382,0.80168,0.392522,10,5.88,0.0671543,2.46561
383,0.80168,0.397272,10,5.69333,0.0685094,2.24977
384,0.80168,0.391081,10,5.87333,0.0781019,2.37129
385,0.80168,0.395181,10,5.44,0.157609,2.16694
386,0.80168,0.393874,10,5.90667,0.287305,2.37476
387,0.80168,0.382488,10,5.66,0.0675159,2.5019
388,0.80168,0.38369,10,5.61333,0.0672462,2.45376
389,0.80168,0.377333,10,5.66,0.0700128,2.39801
390,0.80168,0.368175,10,5.75333,0.0671274,2.60271
391,0.80168,0.379789,10,5.55333,0.0672733,2.54109
392,0.80168,0.364162,10,5.62667,0.08644,2.52175
393,0.80168,0.370261,10,5.72,0.0764149,2.44974
394,0.80168,0.375944,10,5.7,0.0709328,2.41546
395,0.80168,0.366702,10,5.33333,0.248601,2.36617
396,0.80168,0.33815,10,5.20667,0.070033,2.47622
397,0.80168,0.313781,10,4.82667,0.0762159,2.44688
398,0.80168,0.354984,10,5.46,0.072189,2.51247
399,0.80168,0.327806,10,4.99333,0.0671399,2.21888
400,0.80168,0.37104,10,5.59333,0.0689441,2.45887
401,0.80168,0.354602,10,5.26,0.0712383,2.3357
402,0.787033,0.359356,10,5.43333,0.0695273,2.58831
403,0.787033,0.349266,10,5.41333,0.0718011,2.43637
404,0.787033,0.368009,10,5.50667,0.0907372,2.41814
405,0.787033,0.333321,10,5,0.0841335,2.51392
406,0.787033,0.350945,10,5.2,0.0674264,2.36912
407,0.787033,0.375743,10,5.62,0.0732009,2.50478
408,0.787033,0.343375,10,5.06667,0.0672265,2.38058
409,0.787033,0.363016,10,5.32,0.0672993,2.38939
410,0.805232,0.380326,10,5.66667,0.067402,2.29296
411,0.805232,0.371522,10,5.59333,0.0675715,2.44108
412,0.805232,0.361897,10,5.71333,0.0671375,2.34039
413,0.805232,0.35727,10,5.64667,0.139685,2.5772
414,0.805232,0.360466,10,5.66667,0.0671842,2.55278
415,0.805232,0.396208,10,6.06,0.0894424,2.47849
416,0.805232,0.382975,10,5.96,0.120997,2.49061
417,0.805232,0.390084,10,5.87333,0.0671762,2.48409
418,0.805232,0.374382,10,5.51333,0.0671295,2.5022
419,0.805232,0.370541,10,5.6,0.0692687,2.32547
420,0.789421,0.361045,10,5.56,0.0702398,2.35561
421,0.789421,0.373955,10,5.82,0.0679767,2.49468
422,0.789421,0.336543,10,4.99333,0.0692438,2.51009
423,0.789421,0.353626,10,5.69333,0.25508,2.72424
424,0.789421,0.366339,10,5.68667,0.0675269,2.54591
425,0.789421,0.364072,10,5.82,0.0676095,2.43425
426,0.789421,0.367968,10,5.91333,0.0671402,2.55509
427,0.789421,0.399424,10,6.1,0.0689931,2.4476
428,0.789421,0.36203,10,5.64,0.0795311,2.49735
429,0.789421,0.373237,10,5.84667,0.0684129,2.54869
430,0.789421,0.389604,10,6.12,0.0677159,2.46279
431,0.789421,0.389913,10,6.04667,0.0724417,2.6653
432,0.818145,0.390889,10,5.92667,0.0700695,2.38205
433,0.818145,0.381313,10,6.02667,0.081837,2.39685
434,0.818145,0.394349,10,6.06,0.0672576,2.47644
435,0.818145,0.365602,10,5.72,0.0805138,2.50412
436,0.818145,0.381941,10,6.09333,0.0691958,2.47369
437,0.818145,0.397139,10,5.92,0.0757724,2.45552
438,0.818145,0.380267,10,5.78,0.0917405,2.46647
439,0.818145,0.374612,10,5.90667,0.0844522,2.69033
440,0.818145,0.361386,10,5.58,0.111786,2.45404
441,0.818145,0.389841,10,6.10667,0.0683606,2.44429
442,0.818145,0.390226,10,5.92667,0.0709592,2.3161
443,0.818145,0.371157,10,6.07333,0.132746,2.53487
444,0.818145,0.374269,10,5.78,0.0673535,2.45149
445,0.818145,0.387658,10,5.81333,0.0930508,2.58598
446,0.818707,0.379713,10,6.04,0.0719393,2.38524
447,0.818707,0.370481,10,5.91333,0.0672629,2.26086
448,0.818707,0.36927,10,5.95333,0.0971207,2.47049
449,0.820626,0.398333,10,6.07333,0.126013,2.39542
450,0.820626,0.375832,10,5.72,0.0671271,2.30297
451,0.820626,0.379371,10,5.85333,0.0705909,2.22211
452,0.820626,0.378513,10,5.94667,0.155239,2.54544
453,0.820626,0.400324,10,6.16667,0.0902962,2.35383
454,0.820626,0.374413,10,5.84667,0.13094,2.23309
455,0.820626,0.392723,10,5.97333,0.134111,2.43332
456,0.820626,0.363812,10,5.52,0.0680248,2.27497
457,0.820626,0.383898,10,5.80667,0.175548,2.43009
458,0.820626,0.336205,10,5.4,0.158869,2.34503
459,0.820626,0.378252,10,6.04,0.071741,2.36668
460,0.820626,0.356103,10,5.59333,0.191502,2.4408
461,0.820626,0.353199,10,5.36,0.0683343,2.25474
462,0.820626,0.337044,10,5.4,0.176127,2.41176
463,0.820626,0.322926,10,5.22667,0.069538,2.28694
464,0.820626,0.326234,10,5.40667,0.143298,2.55111
465,0.820626,0.341632,10,5.86667,0.0825414,2.50527
466,0.820626,0.324612,10,5.38,0.0687748,2.64825
467,0.820626,0.360037,10,5.86667,0.206875,2.75145
468,0.820626,0.362734,10,5.93333,0.0675275,2.41039
469,0.820626,0.397589,10,6.08667,0.068478,2.44508
470,0.820626,0.39533,10,6.07333,0.0721492,2.43595
471,0.820626,0.358297,10,5.36,0.0862169,2.39538
472,0.820626,0.384399,10,5.84,0.067228,2.51587
473,0.820626,0.352582,10,5.68667,0.0674165,2.46375
474,0.80702,0.359821,10,5.63333,0.181389,2.51137
475,0.80702,0.379308,10,5.81333,0.108562,2.55189
476,0.80702,0.361182,10,5.54,0.077468,2.48889
477,0.80702,0.363607,10,5.50667,0.0982689,2.54531
478,0.80702,0.374005,10,5.66667,0.178354,2.51834
479,0.80702,0.380037,10,5.78667,0.0679507,2.44904
480,0.80702,0.352744,10,5.33333,0.0675845,2.4038
481,0.80702,0.359626,10,5.55333,0.0676653,2.52012
482,0.80702,0.357947,10,5.58667,0.0730401,2.32645
483,0.80702,0.38234,10,5.82,0.0739327,2.36504
484,0.80702,0.375224,10,5.82,0.0673959,2.46717
485,0.80702,0.369857,10,5.62667,0.0690333,2.5186
486,0.80702,0.342967,10,5.3,0.067127,2.3279
487,0.80702,0.357986,10,5.70667,0.0906172,2.43393
488,0.80702,0.369962,10,5.86667,0.0986367,2.45637
489,0.80702,0.397269,10,6.02,0.0739304,2.28694
490,0.80702,0.335136,10,5.17333,0.0694178,2.21652
491,0.80702,0.332679,10,5.22667,0.0694005,2.50448
492,0.80702,0.344944,10,5.46667,0.0760615,2.53855
493,0.80702,0.360235,10,5.57333,0.067996,2.57817
494,0.80702,0.384539,10,5.88667,0.0683859,2.35995
495,0.759196,0.375195,10,5.57333,0.0672337,2.30983
496,0.759196,0.364151,10,5.64,0.0672187,2.32747
497,0.759196,0.350806,10,5.49333,0.0760003,2.49338
498,0.759196,0.381191,10,5.64,0.0772989,2.35077
499,0.759196,0.397499,10,5.89333,0.0702431,2.34197
500,0.759196,0.348315,10,5.40667,0.0694213,2.25752
501,0.759196,0.333205,10,5.22667,0.0676118,2.23271
502,0.780935,0.377186,10,5.64,0.072147,2.48386
503,0.780935,0.382476,10,5.66,0.0671472,2.43694
504,0.780935,0.371768,10,5.62667,0.0769453,2.5218
505,0.780935,0.372675,10,5.68667,0.0696969,2.52593
506,0.780935,0.386507,10,5.78,0.0732704,2.34815
507,0.780935,0.35935,10,5.70667,0.0698918,2.4574
508,0.780935,0.340634,10,5.22,0.0676816,2.46639
509,0.780935,0.353692,10,5.66,0.0677903,2.46305
510,0.780935,0.358936,10,5.49333,0.0794687,2.29797
511,0.800589,0.37645,10,5.88,0.0672183,2.38811
512,0.800589,0.376624,10,5.93333,0.0671295,2.42292
513,0.800589,0.353667,10,5.39333,0.0687186,2.4533
514,0.800589,0.350419,10,5.5,0.0716051,2.50941
515,0.809052,0.361389,10,5.56,0.0766541,2.63299
516,0.809052,0.350609,10,5.64667,0.0712176,2.52268
517,0.809052,0.364781,10,5.79333,0.0797891,2.53404
518,0.809052,0.356911,10,5.76,0.0937416,2.56704
519,0.809052,0.353232,10,5.38667,0.0680044,2.35298
520,0.809052,0.366527,10,5.56,0.0710901,2.57843
521,0.809052,0.368619,10,5.74,0.0788467,2.34627
522,0.809052,0.366136,10,5.46,0.0684042,2.26138
523,0.809052,0.330156,10,5.41333,0.0945154,2.34585
524,0.809052,0.313484,10,5.12667,0.067345,2.50449
525,0.809052,0.333682,10,5.03333,0.0915562,2.518
526,0.809052,0.342545,10,5.42667,0.0674624,2.31771
527,0.809052,0.324513,10,5.11333,0.0682095,2.40399
528,0.809052,0.325175,10,5.32667,0.067183,2.3192
529,0.809052,0.316997,10,5.41333,0.0674203,2.62719
530,0.809052,0.276497,10,4.54,0.0677301,2.66885
531,0.809052,0.311376,10,5.08,0.068283,2.49234
532,0.809052,0.302039,10,5.26,0.0672711,2.60217
533,0.809052,0.315903,10,5.40667,0.172153,2.60689
534,0.809052,0.341398,10,5.66,0.206921,2.49457
535,0.809052,0.320863,10,5.39333,0.0678796,2.55897
536,0.809052,0.347539,10,5.58667,0.292647,2.57441
537,0.809052,0.349002,10,5.61333,0.187188,2.5855
538,0.810851,0.332197,10,5.29333,0.0703952,2.66893
539,0.810851,0.337722,10,5.50667,0.0700445,2.50607
540,0.810851,0.34881,10,5.41333,0.0718819,2.35812
541,0.810851,0.343528,10,5.30667,0.0695456,2.6032
542,0.810851,0.335814,10,5.32,0.0846527,2.55513
543,0.810851,0.355796,10,5.45333,0.0729847,2.45177
544,0.810851,0.366947,10,5.84,0.0674288,2.59653
545,0.810851,0.341559,10,5.36667,0.0671357,2.56527
546,0.810851,0.348218,10,5.38,0.0832033,2.5031
547,0.810851,0.366922,10,5.53333,0.0672502,2.45595
548,0.810851,0.358255,10,5.60667,0.0671563,2.40657
549,0.810851,0.329315,10,5.24,0.116954,2.48396
550,0.810851,0.393562,10,5.91333,0.0674673,2.44245
551,0.810851,0.351098,10,5.53333,0.0673922,2.4998
552,0.810851,0.330104,10,5.32,0.420863,2.69053
553,0.810851,0.340403,10,5.42667,0.0730086,2.43377
554,0.810851,0.372864,10,5.8,0.0673183,2.43506
555,0.810851,0.365627,10,5.62,0.243252,2.27678
556,0.810851,0.365429,10,5.68,0.0671294,2.52859
557,0.810851,0.355802,10,5.48,0.0678376,2.36964
558,0.810851,0.385185,10,5.99333,0.178032,2.4145
559,0.810851,0.359415,10,5.55333,0.0702692,2.39924
560,0.810851,0.371311,10,5.64667,0.0671259,2.45777
561,0.810851,0.363598,10,5.35333,0.067723,2.11433
562,0.810851,0.372507,10,5.58,0.0671965,2.34307
563,0.794578,0.345589,10,5.43333,0.0671259,2.43329
564,0.794578,0.365188,10,5.74667,0.0679376,2.48316
565,0.794578,0.357917,10,5.54,0.0696482,2.50253
566,0.794578,0.397614,10,5.96,0.0817047,2.33891
567,0.794578,0.35241,10,5.24667,0.0671272,2.36141
568,0.794578,0.368431,10,5.90667,0.0713389,2.36058
569,0.794578,0.378836,10,5.96,0.0671264,2.26575
570,0.794578,0.36406,10,5.60667,0.0844699,2.59055
571,0.794578,0.359813,10,5.28,0.2105,2.4739
572,0.742702,0.33516,10,5.27333,0.187003,2.38625
573,0.742702,0.359026,10,5.48,0.0683077,2.2848
574,0.746227,0.357085,10,5.5,0.067494,2.4355
575,0.760087,0.382755,10,5.79333,0.15946,2.51991
576,0.760087,0.368135,10,5.45333,0.0674431,2.19847
577,0.760087,0.366631,10,5.62,0.067521,2.37202
578,0.760087,0.352696,10,5.40667,0.0750753,2.30625
579,0.760087,0.345318,10,5.05333,0.0702531,2.36656
580,0.760966,0.386862,10,5.69333,0.069931,2.37575
581,0.760966,0.352746,10,5.34,0.191048,2.45543
582,0.764613,0.366585,10,5.54667,0.06731,2.2454
583,0.764613,0.375794,10,5.34667,0.0679194,2.16898
584,0.804185,0.382472,10,5.45333,0.0720676,2.29922
585,0.804185,0.384617,10,5.83333,0.0671639,2.47426
586,0.804185,0.371095,10,5.52,0.0672753,2.22941
587,0.814277,0.357117,10,5.48,0.0694325,2.41443
588,0.814277,0.353409,10,5.56667,0.0671278,2.32619
589,0.814277,0.35421,10,5.36,0.0700722,2.22895
590,0.814277,0.325012,10,5.06,0.0682077,2.21251
591,0.814277,0.351505,10,5.35333,0.0702763,2.42583
592,0.814277,0.354344,10,5.32,0.212137,2.1983
593,0.814277,0.356656,10,5.32667,0.0671324,2.26701
594,0.814277,0.362311,10,5.31333,0.0702297,2.22098
595,0.814277,0.345552,10,5.27333,0.0709854,2.23785
596,0.814277,0.356366,10,5.38667,0.0693559,2.12307
597,0.814277,0.346888,10,5.28667,0.0675667,2.34813
598,0.814277,0.352689,10,5.40667,0.0671289,2.21445
599,0.814277,0.38517,10,5.76,0.06729,2.30271
600,0.814277,0.389369,10,5.64667,0.0680222,1.97991
601,0.814277,0.337583,10,5.23333,0.0671589,2.334
602,0.814277,0.369588,10,5.59333,0.0899515,2.16235
603,0.814277,0.382951,10,5.58667,0.239065,2.12501
604,0.814277,0.330157,10,5.17333,0.0673574,2.00992
605,0.814277,0.360516,10,5.52667,0.0676829,2.09765
606,0.814277,0.36254,10,5.24667,0.0674509,2.11945
607,0.814277,0.358075,10,5.33333,0.10842,2.13271
608,0.814277,0.325687,10,5.18,0.259787,2.10506
609,0.814277,0.319941,10,5.1,0.0783681,2.06733
610,0.814277,0.323643,10,5.08,0.0675621,2.07251
611,0.814277,0.337156,10,5.21333,0.169763,2.41983
612,0.808022,0.384724,10,5.65333,0.067235,2.07848
613,0.808022,0.376309,10,5.68,0.118057,2.30354
614,0.808022,0.389531,10,5.82,0.0881715,2.33036
615,0.808022,0.381877,10,5.63333,0.0701318,1.99403
616,0.808022,0.407182,10,5.84,0.0686095,2.16564
617,0.811403,0.386778,10,5.5,0.0804587,2.20657
618,0.811403,0.358267,10,5.25333,0.0671748,2.13557
619,0.811403,0.389898,10,5.55333,0.0687605,2.17174
620,0.811403,0.395528,10,5.60667,0.0671799,2.28785
621,0.811403,0.371354,10,5.41333,0.153224,2.05301
622,0.811403,0.404871,10,5.79333,0.0689867,2.26331
623,0.811403,0.400696,10,5.63333,0.0674276,1.97993
624,0.811403,0.36868,10,5.31333,0.0672316,1.90179
625,0.811403,0.386622,10,5.50667,0.0673646,2.03901
626,0.811403,0.380596,10,5.63333,0.0676359,2.13222
627,0.811403,0.374114,10,5.54,0.0674758,2.24387
628,0.811403,0.369375,10,5.4,0.0671283,2.17813
629,0.811403,0.37366,10,5.4,0.0672651,2.18973
630,0.811403,0.381622,10,5.64,0.0720703,2.2562
631,0.811403,0.37859,10,5.68,0.085899,2.40832
632,0.811403,0.371469,10,5.62,0.0671566,2.26569
633,0.811403,0.379356,10,5.43333,0.0674409,2.23488
634,0.811403,0.39882,10,5.96667,0.067198,2.25273
635,0.811403,0.40547,10,5.84,0.0777777,2.29021
636,0.811403,0.399651,10,5.76,0.0671442,2.31994
637,0.811403,0.366249,10,5.46667,0.0671311,2.37512
638,0.811403,0.391254,10,5.61333,0.0671289,2.27117
639,0.811403,0.415829,10,5.9,0.132839,2.39071
640,0.811403,0.426049,10,6.08667,0.193783,2.43264
641,0.811403,0.407075,10,5.82,0.0686335,2.40302
642,0.756653,0.390257,10,5.68667,0.0675831,2.4406
643,0.756653,0.403687,10,5.80667,0.0675002,2.4342
644,0.756653,0.410572,10,5.68,0.0672555,2.43517
645,0.756653,0.366021,10,5.23333,0.0677882,2.44004
646,0.756653,0.404273,10,5.75333,0.0775498,2.38457
647,0.756653,0.405573,10,5.86,0.067321,2.29421
648,0.756653,0.412634,10,5.86667,0.0714417,2.413
649,0.756653,0.367088,10,5.36,0.0671469,2.38245
650,0.788155,0.363231,10,5.26667,0.068009,2.33461
651,0.788155,0.386005,10,5.64,0.06783,2.38569
652,0.788155,0.386485,10,5.48667,0.068012,2.33775
653,0.788155,0.415319,10,6.08,0.0674556,2.23324
654,0.788155,0.378305,10,5.53333,0.0672707,2.61441
655,0.788155,0.384056,10,5.42,0.0671886,2.60579
656,0.788155,0.357866,10,5.36,0.0671309,2.35068
657,0.788155,0.380293,10,5.44667,0.0754906,2.2492
658,0.788155,0.353517,10,5.12667,0.0671699,2.21708
659,0.788155,0.396381,10,5.74667,0.0672864,2.32829
660,0.788155,0.382371,10,5.60667,0.0675245,2.4556
661,0.788155,0.368087,10,5.37333,0.0674371,2.46008
662,0.788155,0.37801,10,5.36,0.0671714,2.48237
663,0.788155,0.3862,10,5.5,0.0714223,2.47171
664,0.788155,0.380126,10,5.45333,0.0671294,2.25383
665,0.788334,0.341422,10,4.81333,0.067126,2.22836
666,0.788334,0.38777,10,5.42667,0.0671646,2.1588
667,0.788334,0.370217,10,5.24,0.0674265,2.31723
668,0.788334,0.371794,10,5.21333,0.0671403,2.21943
669,0.788334,0.340338,10,4.88667,0.0678322,2.14432
670,0.788334,0.359444,10,5.23333,0.121285,2.22426
671,0.788334,0.363278,10,5.2,0.0671265,2.12742
672,0.788334,0.36753,10,5.18667,0.0678863,2.15569
673,0.788334,0.368445,10,5.15333,0.0690484,2.16984
674,0.788334,0.378279,10,5.37333,0.0701975,2.12232
675,0.788334,0.364526,10,5.09333,0.0676601,2.1737
676,0.788334,0.369627,10,5.38667,0.0671322,2.23594
677,0.788334,0.372341,10,5.46,0.0913154,2.29758
678,0.788334,0.389082,10,5.68667,0.081826,2.29403
679,0.788334,0.406377,10,5.7,0.0684064,2.1823
680,0.788334,0.38374,10,5.61333,0.0674321,2.38724
681,0.788334,0.399849,10,5.88667,0.0685261,2.36151
682,0.788334,0.373048,10,5.16,0.0671328,2.36031
683,0.788334,0.379052,10,5.40667,0.0672337,2.18529
684,0.788334,0.379201,10,5.56667,0.0672559,2.29738
685,0.788334,0.36697,10,5.30667,0.0730695,2.25594
686,0.788334,0.360835,10,5.14,0.0693046,2.08495
687,0.788334,0.374694,10,5.36,0.0710645,2.26913
688,0.788334,0.367713,10,5.45333,0.0672446,2.33038
689,0.788334,0.405212,10,5.88,0.0677505,2.23562
690,0.750475,0.369763,10,5.16667,0.0671551,2.13738
691,0.750475,0.395561,10,5.71333,0.0671306,2.35151
692,0.811863,0.36307,10,5.32667,0.0718187,2.21514
693,0.811863,0.371195,10,5.25333,0.072081,2.19645
694,0.811863,0.377525,10,5.44667,0.0688642,2.30878
695,0.811863,0.410676,10,5.96,0.067198,2.37542
696,0.811863,0.399163,10,5.64,0.0671297,2.26979
697,0.811863,0.383784,10,5.54667,0.0685971,2.38459
698,0.811863,0.38042,10,5.42,0.079759,2.37253
699,0.811863,0.379307,10,5.36,0.0710141,2.27513
700,0.811863,0.379101,10,5.52,0.10903,2.2722
701,0.811863,0.381591,10,5.47333,0.068443,2.33004
702,0.811863,0.35161,10,5.18667,0.067663,2.19616
703,0.81243,0.34131,10,5.12667,0.0671466,2.31543
704,0.81243,0.351118,10,5.18,0.0674699,2.43771
705,0.81243,0.336385,10,5.06,0.0674998,2.39139
706,0.81243,0.32312,10,4.77333,0.0671632,2.27659
707,0.81243,0.338227,10,5.05333,0.0723255,2.21082
708,0.81243,0.330842,10,5.07333,0.0671613,2.20017
709,0.81243,0.352411,10,5.24,0.0671266,2.35239
710,0.81243,0.338895,10,5.12,0.0671794,2.25592
711,0.81243,0.320847,10,5.12667,0.0717531,2.3853
712,0.81243,0.349892,10,5.35333,0.067738,2.37841
713,0.81243,0.350031,10,5.16,0.0685199,2.25746
714,0.81243,0.341124,10,5.17333,0.077616,2.34065
715,0.81243,0.334926,10,5.16667,0.0708169,2.3534
716,0.81243,0.337337,10,5.14,0.0719516,2.3132
717,0.81243,0.331149,10,4.93333,0.0672318,2.45304
718,0.81243,0.325264,10,4.82667,0.069367,2.29873
719,0.81243,0.351774,10,5.23333,0.0720529,2.24774
720,0.81243,0.332211,10,5.03333,0.0671333,2.28047
721,0.81243,0.369638,10,5.28,0.0710409,2.37844
722,0.81243,0.30149,10,4.56,0.0676077,2.14539
723,0.81243,0.335923,10,5.19333,0.111541,2.51865
724,0.81243,0.33742,10,5.06,0.0687321,2.4353
725,0.81243,0.372389,10,5.24667,0.0828995,2.23061
726,0.81243,0.360153,10,5.24667,0.0671316,2.20905
727,0.81243,0.385816,10,5.53333,0.0682095,2.30188
728,0.811847,0.361624,10,5.34,0.0671441,2.23931
729,0.811847,0.375798,10,5.53333,0.0671332,2.26235
730,0.811847,0.369222,10,5.38667,0.0680045,2.21688
731,0.811847,0.39459,10,5.55333,0.0671346,2.19511
732,0.811847,0.39909,10,5.73333,0.0675259,2.27687
733,0.811847,0.35298,10,5.05333,0.0672971,2.28936
734,0.811847,0.373733,10,5.36,0.0671277,2.52499
735,0.811847,0.404181,10,5.70667,0.0672901,2.13129
736,0.811847,0.403496,10,5.64667,0.0672055,2.13534
737,0.811847,0.386143,10,5.47333,0.0671726,2.21191
738,0.811847,0.364283,10,5.19333,0.0672885,2.28336
739,0.811847,0.343219,10,5.1,0.0675456,2.43002
740,0.811847,0.348683,10,4.88667,0.0684157,2.49439
741,0.811847,0.384213,10,5.48,0.0692344,2.41372
742,0.811847,0.409682,10,5.72667,0.24665,2.31918
743,0.811847,0.383319,10,5.44667,0.0682868,2.32391
744,0.811847,0.369753,10,5.42667,0.0774107,2.2624
745,0.777315,0.368509,10,5.24,0.0671278,2.15443
746,0.777315,0.37876,10,5.38,0.0692673,2.21049
747,0.777315,0.38435,10,5.33333,0.109501,2.41705
748,0.777315,0.351433,10,4.92,0.0734298,2.19302
749,0.781791,0.361428,10,5.12,0.0699452,2.35504
750,0.781791,0.391359,10,5.39333,0.0677264,2.37636
751,0.781791,0.392721,10,5.32,0.0671259,2.14478
752,0.781791,0.395102,10,5.39333,0.0671507,2.48222
753,0.781791,0.376438,10,5.26,0.0674324,2.45158
754,0.781791,0.387396,10,5.4,0.0873199,2.47125
755,0.787168,0.387048,10,5.32667,0.0672818,2.38996
756,0.787168,0.363608,10,5.03333,0.0681954,2.37127
757,0.787168,0.371076,9,5.38,0.0680472,2.28076
758,0.787168,0.372392,9,5.22667,0.0677377,2.12289
759,0.787168,0.375204,9,5.24667,0.0695083,2.17663
760,0.787168,0.371501,9,5.30667,0.0695538,2.11836
761,0.787168,0.370692,9,5.08667,0.0697078,2.09302
762,0.787168,0.39137,9,5.42,0.0687715,2.09807
763,0.787168,0.370429,9,5.28,0.0708556,2.34065
764,0.787168,0.362864,9,4.97333,0.0671331,2.05698
765,0.787168,0.360492,10,4.92,0.0781531,2.19265
766,0.787168,0.377332,10,5.26,0.0671745,1.9942
767,0.787168,0.362011,9,5.17333,0.0734917,2.2631
768,0.787168,0.359644,9,5.08667,0.0937162,2.01588
769,0.787168,0.325343,9,4.66,0.0675901,2.25871
770,0.787168,0.373356,9,5.17333,0.0835708,2.40779
771,0.787168,0.354553,9,5.02667,0.0925925,2.08641
772,0.787168,0.35422,9,5.13333,0.0680283,2.38571
773,0.787168,0.355471,9,5.2,0.0673985,2.22363
774,0.787168,0.341858,9,5.04,0.0672457,2.15027
775,0.787168,0.375207,10,5.37333,0.0685222,2.12777
776,0.787168,0.379508,10,5.38,0.0697517,2.43511
777,0.787168,0.368886,10,5.32667,0.0679315,2.03124
778,0.787168,0.335208,10,4.68,0.0674532,2.22517
779,0.787168,0.338827,10,4.93333,0.0673466,2.26322
780,0.747172,0.377795,10,5.25333,0.0671383,2.14989
781,0.740146,0.3452,10,5.06,0.0671304,2.16314
782,0.740146,0.370081,10,5.46667,0.0675708,2.17357
783,0.740146,0.387971,10,5.67333,0.0690646,2.2157
784,0.740146,0.345368,10,5.18,0.0691794,2.34176
785,0.743978,0.344141,10,5.22,0.0671614,2.33514
786,0.743978,0.372897,10,5.54667,0.0678671,2.25871
787,0.743978,0.345345,10,4.95333,0.0694461,2.3051
788,0.743978,0.338574,10,5.01333,0.0698118,2.22616
789,0.743978,0.320197,10,4.78,0.0691594,2.48606
790,0.743978,0.341077,10,5.02,0.0796345,2.29769
791,0.743978,0.329814,10,4.7,0.067425,2.32778
792,0.743978,0.349334,10,5.20667,0.0674139,2.39769
793,0.743978,0.313787,10,4.65333,0.122725,2.46252
794,0.743978,0.348474,10,5.1,0.067946,2.42949
795,0.743978,0.351757,9,5.12667,0.0673435,2.39772
796,0.743978,0.357732,9,5.05333,0.0679885,2.33295
797,0.743978,0.372539,9,5.4,0.0673772,2.44044
798,0.751036,0.342632,9,5.04,0.0671315,2.58585
799,0.751036,0.364658,9,5.26,0.0671556,2.24611
800,0.751036,0.358303,9,5.32,0.0673708,2.44251
801,0.751036,0.385339,10,5.69333,0.0682001,2.56763
802,0.751036,0.370922,9,5.34,0.0671817,2.33482
803,0.751036,0.38422,10,5.58,0.0680696,2.45848
804,0.751036,0.40061,10,5.64667,0.0671652,2.32908
805,0.751036,0.340388,10,5.03333,0.0677706,2.48699
806,0.751036,0.358787,10,5.22667,0.067388,2.29375
807,0.751036,0.356591,10,5.49333,0.0671495,2.41092
808,0.751036,0.333885,10,5.2,0.101228,2.50759
809,0.751036,0.350938,10,5.14667,0.069144,2.46602
810,0.751036,0.336713,10,5.02667,0.067126,2.37584
811,0.756992,0.389083,10,5.70667,0.0703647,2.45331
812,0.756992,0.390748,10,5.8,0.0674979,2.40346
813,0.756992,0.341385,10,5.16,0.0691262,2.55239
814,0.756992,0.346973,10,5.06,0.0700849,2.52447
815,0.756992,0.360596,10,5.32667,0.0688802,2.52656
816,0.756992,0.339444,10,5.1,0.0671856,2.49804
817,0.756992,0.358176,10,5.36667,0.0679058,2.7579
818,0.756992,0.362657,10,5.51333,0.0677241,2.48611
819,0.756992,0.361139,10,5.42,0.0671538,2.53596
820,0.756992,0.352223,10,5.14,0.067126,2.37916
821,0.756992,0.37395,10,5.36667,0.0677551,2.47697
822,0.756992,0.333675,10,4.97333,0.067126,2.59052
823,0.756992,0.355329,10,5.44667,0.0671698,2.66335
824,0.756992,0.327534,10,5.01333,0.0679858,2.45367
825,0.756992,0.34251,10,5.2,0.0682501,2.67632
826,0.756992,0.325051,10,5.03333,0.0680567,2.67963
827,0.756992,0.349437,10,5.37333,0.0682917,2.49977
828,0.756992,0.364816,10,5.45333,0.0677801,2.42382
829,0.756992,0.332877,10,5.04667,0.0675317,2.72709
830,0.756992,0.365893,10,5.74,0.0672678,2.58486
831,0.756992,0.340947,9,5.26,0.067133,2.69902
832,0.756992,0.353196,9,5.38667,0.0678029,2.63521
833,0.756992,0.331376,9,5.03333,0.0671261,2.50224
834,0.756992,0.33614,9,4.91333,0.0671274,2.70828
835,0.756992,0.344071,10,5.21333,0.06718,2.56876
836,0.742122,0.343833,10,5.34,0.0671308,2.55038
837,0.747147,0.358501,10,5.34667,0.0672828,2.57972
838,0.747147,0.35452,10,5.36667,0.0713001,2.56039
839,0.747147,0.341705,10,5.02,0.0671445,2.46321
840,0.747147,0.340064,10,5.06,0.0676927,2.54922
841,0.747147,0.345346,10,4.98667,0.0671862,2.65014
842,0.747147,0.379702,10,5.35333,0.0671264,2.47953
843,0.747147,0.381864,10,5.69333,0.0678119,2.66582
844,0.747147,0.382591,10,5.58,0.0684931,2.46814
845,0.762017,0.374303,10,5.38,0.0671622,2.4338
846,0.762017,0.397827,10,5.6,0.0694577,2.5603
847,0.762017,0.378671,10,5.28667,0.0709964,2.41012
848,0.762017,0.385143,10,5.48,0.0672614,2.46955
849,0.762017,0.377075,10,5.58667,0.0671261,2.47897
850,0.762017,0.368621,10,5.34,0.0674526,2.65388
851,0.762017,0.327174,10,5.02667,0.0672112,2.53055
852,0.762451,0.351693,10,5.24,0.0672614,2.49766
853,0.762451,0.398001,10,5.84667,0.0671277,2.42051
854,0.762451,0.343582,10,5.06667,0.0672255,2.19543
855,0.762451,0.384451,10,5.66667,0.0671311,2.49698
856,0.762451,0.389977,10,5.80667,0.0685472,2.46048
857,0.762451,0.358946,10,5.48667,0.0674731,2.62654
858,0.762451,0.359939,10,5.26,0.0671416,2.48412
859,0.762451,0.328974,10,4.9,0.0671734,2.58826
860,0.763744,0.369703,9,5.62667,0.0672878,2.58757
861,0.76433,0.367652,9,5.46,0.0674961,2.32647
862,0.76433,0.327085,9,4.92667,0.0671898,2.75826
863,0.76433,0.354907,9,5.42667,0.0689182,2.49346
864,0.764689,0.390323,9,5.69333,0.0671272,2.36404
865,0.765236,0.360787,10,5.27333,0.0671665,2.41215
866,0.765236,0.379332,9,5.46667,0.067132,2.40296
867,0.765236,0.402068,10,5.87333,0.0671531,2.40068
868,0.765236,0.406356,9,5.82,0.0671262,2.32643
869,0.76545,0.342152,9,5.13333,0.0673087,2.44772
870,0.767559,0.334172,10,5.04,0.0676708,2.35346
871,0.767559,0.377742,10,5.4,0.0671724,2.43513
872,0.767559,0.35702,10,5.3,0.0679095,2.6589
873,0.776647,0.35099,10,5.24667,0.0680965,2.69165
874,0.776647,0.354429,10,5.14,0.0674273,2.45133
875,0.776647,0.333268,10,5.11333,0.0672109,2.61044
876,0.776647,0.351844,10,5.26,0.0671671,2.5077
877,0.776647,0.358788,10,5.25333,0.0672523,2.4336
878,0.776647,0.346917,10,5.12667,0.067167,2.59497
879,0.776647,0.341596,10,5.15333,0.0673668,2.49818
880,0.776647,0.393953,10,5.62,0.067152,2.43886
881,0.776647,0.350448,10,5.12,0.0708282,2.39633
882,0.776647,0.37209,10,5.39333,0.0672179,2.38586
883,0.776647,0.371503,10,5.24667,0.0709119,2.24387
884,0.776647,0.383018,10,5.42,0.0674095,2.58568
885,0.776647,0.351834,10,5.25333,0.0682191,2.54187
886,0.776647,0.373059,10,5.52667,0.067126,2.36618
887,0.776647,0.412184,10,5.76,0.069477,2.35565
888,0.776647,0.370565,10,5.29333,0.0675774,2.39099
889,0.769471,0.388277,10,5.66667,0.067126,2.31088
890,0.769471,0.356763,10,5.35333,0.0676989,2.58247
891,0.769471,0.383661,10,5.64667,0.06888,2.41898
892,0.769471,0.363751,10,5.50667,0.0671324,2.39674
893,0.769471,0.379074,10,5.48,0.0672576,2.38544
894,0.769471,0.384668,10,5.60667,0.0671264,2.43177
895,0.769471,0.370378,10,5.43333,0.0671293,2.44604
896,0.769471,0.366078,10,5.45333,0.0671412,2.55368
897,0.769471,0.352239,10,5.15333,0.0671259,2.57889
898,0.769471,0.345114,10,4.94,0.0671474,2.3517
899,0.769471,0.355013,10,5.14667,0.067136,2.48306
900,0.769471,0.370111,10,5.36,0.0671273,2.39486
901,0.769471,0.417989,10,5.87333,0.0700924,2.42974
902,0.769471,0.395537,10,5.58,0.0671985,2.37486
903,0.772477,0.390731,10,5.68667,0.0671275,2.55421
904,0.772477,0.37695,10,5.37333,0.0671393,2.29706
905,0.772477,0.363981,10,5.14667,0.067126,2.41961
906,0.772477,0.362785,10,5.14667,0.0671262,2.43512
907,0.772477,0.413569,10,5.86667,0.0677037,2.52623
908,0.772477,0.41267,10,5.91333,0.0673955,2.60795
909,0.772477,0.348037,10,5.18,0.0690968,2.62173
910,0.772477,0.401298,10,5.82,0.0683057,2.62848
911,0.772477,0.395508,10,5.71333,0.0675942,2.42906
912,0.772477,0.399734,10,5.66,0.0706372,2.48781
913,0.772477,0.329165,10,5.08,0.0681115,2.4832
914,0.772477,0.371874,10,5.38667,0.0680554,2.44688
915,0.772477,0.365738,10,5.31333,0.0671324,2.47032
916,0.772477,0.36708,10,5.3,0.0687406,2.30627
917,0.772477,0.346263,10,4.99333,0.0672748,2.34671
918,0.772477,0.330026,10,5.00667,0.067872,2.49314
919,0.772477,0.345433,10,5.25333,0.0673887,2.647
920,0.772477,0.332183,10,4.88667,0.067126,2.45527
921,0.772477,0.329328,10,4.89333,0.067127,2.26495
922,0.772477,0.317982,10,4.88,0.0671466,2.40685
923,0.772477,0.348136,10,5.01333,0.0672055,2.70458
924,0.772477,0.331163,10,4.92667,0.0671303,2.46094
925,0.772477,0.364131,10,5.49333,0.0672552,2.38654
926,0.772477,0.341929,10,5.16667,0.0671285,2.26992
927,0.772477,0.326934,10,4.78,0.0671275,2.44457
928,0.769471,0.357349,10,5.16,0.0693387,2.36265
929,0.769471,0.347826,10,5.02,0.0671684,2.40523
930,0.769471,0.342221,10,5.13333,0.0671413,2.24245
931,0.769471,0.328137,10,4.92,0.0671261,2.45701
932,0.769471,0.348985,10,4.90667,0.0685392,2.55702
933,0.769471,0.39803,10,5.66667,0.0695742,2.46137
934,0.769471,0.341864,10,4.96,0.0671304,2.64357
935,0.766282,0.353418,9,5.18,0.0688691,2.79015
936,0.766282,0.36198,9,5.28667,0.0671893,2.73687
937,0.766282,0.397292,10,5.65333,0.0692554,2.54581
938,0.766282,0.401102,10,5.64667,0.0671261,2.40947
939,0.766282,0.370263,10,5.48667,0.0671702,2.53183
940,0.766282,0.377405,10,5.42,0.0671713,2.68359
941,0.766282,0.367347,9,5.42667,0.0671292,2.69763
942,0.766282,0.381603,9,5.25333,0.0681971,2.43556
943,0.766282,0.354763,10,5.20667,0.0673343,2.54896
944,0.766282,0.366272,9,5.32667,0.0672093,2.64829
945,0.766282,0.364089,9,5.23333,0.0674173,2.57341
946,0.791184,0.340346,10,4.98,0.067126,2.59533
947,0.791184,0.382795,10,5.42,0.0695957,2.6954
948,0.791184,0.371959,10,5.38667,0.0685074,2.70299
949,0.791184,0.383848,10,5.71333,0.0699602,2.8937
950,0.791184,0.350946,10,5.24,0.0683421,2.6377
951,0.791184,0.313145,10,4.73333,0.067126,2.7549
952,0.791184,0.356869,10,5.24667,0.0671274,2.8244
953,0.791184,0.37792,10,5.44,0.0673432,2.65733
954,0.791184,0.35628,10,5.38,0.0673012,2.68575
955,0.791184,0.32066,10,4.70667,0.0671259,2.58637
956,0.791184,0.335625,10,4.84667,0.0671312,2.62318
957,0.791184,0.318398,10,4.86667,0.0690039,2.821
958,0.791184,0.363777,10,5.22667,0.0671296,2.52745
959,0.791184,0.370282,10,5.42,0.0671463,2.66873
960,0.791184,0.361986,10,5.32667,0.153333,2.74796
961,0.791184,0.326987,10,4.67333,0.0671259,2.59534
962,0.791184,0.325058,10,4.77333,0.0671259,2.53847
963,0.791184,0.333035,10,4.98667,0.0671963,2.66062
964,0.791184,0.353586,10,5.26,0.0675635,2.79897
965,0.791184,0.298933,10,4.42,0.0671433,2.75118
966,0.791184,0.310047,10,4.69333,0.0680476,2.79499
967,0.791184,0.323689,10,4.78667,0.067644,2.66821
968,0.791184,0.325994,10,4.75333,0.0681326,2.76495
969,0.791184,0.347903,10,5.22,0.0671484,2.6075
970,0.791184,0.3712,10,5.24667,0.0672993,2.55463
971,0.752035,0.332882,10,4.94667,0.0671304,2.64695
972,0.752035,0.350222,10,5.00667,0.0678057,2.64445
973,0.752035,0.307004,10,4.52,0.0675746,2.74273
974,0.752035,0.315978,10,4.58667,0.0671786,2.86511
975,0.752035,0.303066,10,4.46667,0.0671681,2.5564
976,0.750157,0.313443,10,4.61333,0.0671466,2.59332
977,0.750157,0.303398,9,4.38667,0.0678073,2.37133
978,0.750157,0.332973,9,4.71333,0.0671455,2.57194
979,0.750157,0.323728,9,4.59333,0.0682429,2.80764
980,0.750157,0.31295,9,4.53333,0.0671461,2.56331
981,0.750157,0.333467,9,5.08667,0.0681854,2.79077
982,0.750157,0.29119,9,4.24667,0.0681936,2.63182
983,0.750157,0.364476,9,5.10667,0.0671272,2.73432
984,0.750157,0.321382,10,4.86,0.067127,2.52923
985,0.750157,0.338514,10,4.98,0.0671292,2.44376
986,0.750157,0.323016,10,4.78667,0.0702567,2.52101
987,0.750157,0.33132,10,4.93333,0.0687854,2.53429
988,0.750157,0.327291,10,4.88,0.0671298,2.51144
989,0.750157,0.326403,10,4.86667,0.0673823,2.5026
990,0.750157,0.341342,10,5.08667,0.0684783,2.58065
991,0.70919,0.353413,10,5.19333,0.0672823,2.57124
992,0.70919,0.32912,10,4.75333,0.0672797,2.4745
993,0.72629,0.342141,10,5.04,0.0678826,2.6356
994,0.72629,0.353678,10,5.30667,0.0672768,2.5773
995,0.72629,0.326869,10,4.84,0.0671828,2.4326
996,0.72629,0.375089,10,5.33333,0.0673132,2.29937
997,0.72629,0.327468,10,4.91333,0.0673459,2.3005
998,0.72629,0.35908,10,5.26,0.0672986,2.36144
999,0.72629,0.353063,10,5.41333,0.0672764,2.33681
1000,0.738011,0.36024,10,5.4,0.0692005,2.37798
