1,11.7524,2.90069,5,0.346667,0.0746913,1.28446
2,10.3164,3.76959,8,0.26,0.0692221,1.11706
3,10.9936,4.81023,3,0.1,0.0698734,0.907202
4,10.8281,5.53062,5,0.286667,0.0711131,0.626628
5,11.275,6.2231,4,0.38,0.0690223,0.682616
6,12.1631,6.63631,2,0.24,0.0675408,0.62504
7,10.9235,5.80605,4,0.36,0.0643871,0.606311
8,9.71003,5.29254,8,0.113333,0.0682116,0.794587
9,14.7051,7.08461,3,0.4,0.066305,0.92406
10,12.8102,6.65395,4,0.333333,0.0700306,0.83688
11,13.1321,7.05071,5,0.38,0.0711826,0.74501
12,11.6524,7.27478,6,0.426667,0.0681425,0.741699
13,12.382,7.73615,6,0.426667,0.0694589,0.749993
14,14.4698,8.04998,6,0.686667,0.0716883,0.930132
15,12.9381,6.93084,7,0.66,0.0689907,0.807687
16,13.9736,6.53078,4,0.4,0.0660915,0.901812
17,14.148,7.74625,6,0.353333,0.0668348,0.847751
18,13.3636,7.87667,8,0.826667,0.0692047,0.969345
19,13.6581,7.98152,6,0.473333,0.0676341,0.995786
20,13.315,8.44841,3,0.293333,0.0693207,0.938957
21,14.0079,7.7828,5,0.633333,0.0682108,0.913019
22,14.8756,7.74584,4,0.6,0.0697303,0.916955
23,13.3959,7.80774,3,0.206667,0.0630781,0.861475
24,12.7007,6.6147,5,0.153333,0.0684261,0.962313
25,14.3634,7.82423,5,0.626667,0.0702137,0.930743
26,14.5501,7.86808,3,0.453333,0.0675358,0.841551
27,13.3684,7.48969,3,0.333333,0.0681372,1.05154
28,12.8289,7.52275,4,0.573333,0.0699701,1.01787
29,14.6083,8.72151,6,0.606667,0.0687304,1.01087
30,12.4971,7.58432,4,0.473333,0.0681239,0.853721
31,14.093,8.29753,5,0.573333,0.0668415,0.800357
32,13.6514,8.0982,4,0.353333,0.0698067,0.906831
33,14.6104,8.60612,5,0.726667,0.0694291,0.910356
34,13.5628,7.65917,5,0.473333,0.0680652,0.866552
35,13.8234,7.37509,4,0.233333,0.0675672,0.686354
36,14.3966,8.53336,7,0.4,0.0664776,1.0103
37,13.4632,7.89031,5,0.293333,0.0656578,0.721428
38,14.0737,8.98625,7,0.606667,0.0677214,0.929159
39,14.2667,8.15373,4,0.366667,0.0696033,0.830893
40,14.625,8.20286,4,0.433333,0.0670196,0.871885
41,14.7607,7.89755,8,0.793333,0.0703869,1.05943
42,14.0601,7.76117,4,0.406667,0.0662958,1.09908
43,13.1848,8.22895,5,0.446667,0.0684304,1.09163
44,15.2493,7.89253,5,0.42,0.0653843,1.10784
45,14.8942,8.43481,3,0.34,0.0694266,1.17606
46,15.1621,8.08044,5,0.373333,0.0694077,1.11481
47,16.1273,8.45111,7,0.746667,0.081609,1.20764
48,15.1525,8.94328,4,0.766667,0.0693015,1.22853
49,16.5214,8.17049,7,0.673333,0.0701228,1.18317
50,16.1823,8.97881,5,0.793333,0.0691277,1.36516
51,16.7356,8.40344,6,1.07333,0.0712994,1.27968
52,15.1769,8.6017,4,0.8,0.0645427,1.27064
53,16.0397,7.99997,8,0.793333,0.0746114,1.39714
54,14.4185,8.43661,7,0.806667,0.0660353,1.38418
55,15.2948,8.10628,5,0.726667,0.0650163,1.24258
56,14.1923,7.71696,6,0.76,0.067304,1.13412
57,15.5675,8.30032,6,0.886667,0.0691348,1.27544
58,14.5489,8.55439,7,0.786667,0.0724429,1.3191
59,14.3646,8.29405,4,0.466667,0.0751267,1.35978
60,14.8407,8.24196,6,0.74,0.0678231,1.2298
61,14.6848,7.85526,7,0.553333,0.0658011,1.30433
62,14.1098,8.46872,5,0.546667,0.0659525,1.2087
63,12.5335,8.79568,4,0.293333,0.0654839,1.12955
64,16.6676,8.24093,6,0.746667,0.0661179,1.18748
65,17.2794,8.04947,7,0.586667,0.0678421,1.05931
66,16.3929,8.24629,7,0.886667,0.0692378,1.14324
67,16.5103,8.34896,8,0.766667,0.0648523,1.14435
68,15.2634,8.40475,5,0.84,0.0704173,1.28116
69,16.3356,7.8705,7,0.566667,0.069013,1.07248
70,15.3435,8.20772,6,0.746667,0.0659415,0.930962
71,16.5162,8.37594,6,0.946667,0.0672575,1.28451
72,14.2046,7.97552,5,0.466667,0.0683787,1.19322
73,16.7483,8.27129,7,0.646667,0.0700878,1.06002
74,16.5314,8.59712,7,1.04,0.0679521,1.03487
75,15.8938,8.79815,6,1.2,0.0685681,1.39042
76,17.7062,8.23359,9,1.04667,0.0679996,1.2168
77,17.8606,8.7604,7,0.893333,0.0668319,1.08489
78,18.45,8.7589,8,1.03333,0.0669614,1.18179
79,16.9298,8.57406,8,1.18,0.0686987,1.40117
80,16.1565,8.12736,6,0.7,0.0692854,1.25926
81,17.2387,8.65957,6,0.793333,0.0660902,1.47747
82,17.7284,8.15151,10,0.646667,0.0659355,1.21443
83,16.1284,8.89544,6,0.94,0.0699011,1.40921
84,17.58,8.82638,8,1.05333,0.0680488,1.33644
85,17.7499,8.30758,8,0.953333,0.0667429,1.55406
86,17.0675,8.11692,7,0.96,0.0708022,1.47799
87,18.1889,9.16127,8,1.52667,0.0695778,1.52562
88,17.4465,9.23725,7,1.08,0.0666793,1.49081
89,17.023,8.43635,6,1.06,0.063862,1.35871
90,16.9541,8.96309,7,1.01333,0.070751,1.44916
91,19.1127,8.98951,9,0.96,0.0683497,1.48087
92,18.4767,9.01255,8,1.00667,0.0697133,1.48035
93,15.9142,8.56433,8,1.08667,0.0683149,1.7829
94,17.0535,8.68346,9,1.38667,0.0689556,1.60013
95,15.2767,8.50178,7,1.21333,0.0703733,1.68173
96,17.1639,8.54894,7,0.706667,0.0683925,1.53589
97,16.9622,8.09363,6,0.84,0.0676447,1.46791
98,18.4645,8.83734,9,1.06667,0.0691868,1.6022
99,17.5013,8.98511,9,1.06667,0.0692851,1.60262
100,16.9876,8.70141,8,0.833333,0.0696295,1.66057
101,17.7349,8.88956,8,1.10667,0.0702843,1.53441
102,19.1668,9.03118,9,1.48667,0.0664865,1.71455
103,18.3527,8.9653,8,1.08,0.0676694,1.68028
104,18.268,8.48779,7,1.17333,0.0671481,1.62694
105,17.0054,8.50459,8,1.42667,0.0652841,1.62729
106,17.8789,9.1101,7,1.28667,0.0695666,1.75022
107,18.4643,8.65533,8,1.44,0.0698352,1.58444
108,18.0952,8.46846,8,1.33333,0.069059,1.68099
109,17.2798,8.78161,8,1.45333,0.0711621,1.76892
110,17.8963,9.57751,8,1.38,0.0706501,1.71901
111,18.9406,8.75078,9,1.16,0.0665255,1.72653
112,18.9515,8.38296,9,1.00667,0.0670127,1.60284
113,17.7766,7.56438,8,0.773333,0.0814123,1.56052
114,16.0913,8.45258,6,0.78,0.0977765,1.67975
115,18.6533,8.74348,8,1.16667,0.0694233,1.82942
116,18.8855,8.05206,8,1.05333,0.0707406,1.54231
117,15.9502,8.1221,7,0.766667,0.078637,1.66373
118,16.701,8.40957,9,0.693333,0.0678293,1.49818
119,15.7651,8.18114,7,0.893333,0.0686071,1.46544
120,15.5861,8.222,10,0.74,0.106043,1.47564
121,14.7782,8.76208,8,0.673333,0.0674922,1.4542
122,16.948,8.25007,6,0.82,0.0689211,1.50927
123,18.3738,8.71991,8,1.3,0.0692705,1.76285
124,16.3913,8.1031,6,0.926667,0.0657557,1.51639
125,16.4347,7.78044,7,0.826667,0.0662357,1.47056
126,16.059,7.5602,6,0.753333,0.0669747,1.42938
127,15.7838,8.40481,5,0.693333,0.0727565,1.41472
128,16.5721,8.4699,7,0.833333,0.0726057,1.42901
129,17.8427,8.29504,8,0.813333,0.0665594,1.37426
130,15.1052,8.74184,7,0.86,0.0700503,1.47252
131,15.6189,8.17185,5,0.593333,0.068437,1.60951
132,15.8609,8.13902,7,0.893333,0.0670101,1.57676
133,16.2619,8.02688,6,1.52,0.0704489,2.32968
134,16.9462,8.72607,9,2.05333,0.0745411,1.82971
135,16.0866,7.74402,7,1.23333,0.0708961,2.21181
136,17.3477,8.05059,8,1.23333,0.0657795,2.02561
137,16.4789,8.55644,7,1.84667,0.0667622,2.15455
138,18.2593,7.78513,9,1.48667,0.0688277,2.46024
139,17.6345,7.88094,6,1.26,0.0675392,2.17303
140,18.2345,8.13532,8,1.13333,0.0703996,2.23884
141,18.4824,8.02055,8,1.22,0.0710352,2.41546
142,17.3673,8.74532,7,1.69333,0.0691272,2.05333
143,18.8231,8.99461,8,1.46,0.0672569,1.80865
144,17.6559,8.17084,7,1.06667,0.0670793,1.59593
145,15.7417,8.64291,5,0.813333,0.0650953,1.94131
146,16.5557,8.84234,8,1.14667,0.0676482,1.79727
147,14.8476,7.97081,5,0.626667,0.0675351,1.97869
148,17.5857,8.34308,8,1.31333,0.0653387,1.78766
149,18.341,8.29241,9,1.31333,0.0678133,1.91809
150,16.9883,8.89816,7,1.21333,0.0675606,2.10926
151,16.5565,8.55152,6,1.06,0.0714474,1.99272
152,14.7566,8.03168,6,0.466667,0.0690542,1.7623
153,15.913,9.10705,8,1.16667,0.066242,1.73923
154,18.1122,8.89649,8,1.41333,0.0676651,1.95512
155,14.8293,8.72146,5,1.2,0.0681208,1.80419
156,16.1868,8.52518,7,0.713333,0.0664157,1.59677
157,15.3591,8.91874,6,0.926667,0.0683028,1.84994
158,16.1448,8.29199,7,1.20667,0.0685144,1.74578
159,14.8484,8.50209,5,0.886667,0.065917,1.67572
160,14.0109,7.94075,4,0.626667,0.0615412,1.53395
161,15.2819,8.12917,7,0.7,0.0664732,1.52417
162,17.6338,8.8509,6,1.1,0.0648265,1.50844
163,17.7296,9.35131,10,1.64667,0.0685283,1.96049
164,15.7093,8.36733,7,1.32667,0.0642678,1.96574
165,14.0645,7.90098,6,0.826667,0.0691097,1.77228
166,18.0987,8.75748,6,1.31333,0.0665344,2.00561
167,17.6912,8.91685,6,1.38,0.0668464,1.97059
168,15.858,9.19126,6,0.893333,0.0693937,1.80101
169,15.5184,8.80065,7,1.13333,0.0714919,1.82625
170,15.6465,8.80034,7,0.886667,0.0680619,1.83558
171,16.2448,8.52001,7,0.88,0.0672723,1.74505
172,15.7864,7.87003,6,0.593333,0.0702605,1.76018
173,16.7405,9.20267,7,1.12,0.0672186,1.69124
174,14.0272,7.98967,7,0.633333,0.06647,1.78697
175,14.6265,8.40688,5,0.873333,0.0663613,1.82811
176,15.9524,9.17058,7,1.63333,0.0725599,1.89127
177,14.9456,8.26952,5,0.94,0.0688254,1.79176
178,15.9512,9.16634,6,1.2,0.0662966,1.66916
179,16.4833,9.08581,6,1.04,0.0688967,1.80626
180,16.3922,9.15087,6,1.27333,0.0688422,1.78808
181,14.1509,8.55641,8,1.23333,0.0689571,2.04423
182,15.7301,8.27738,6,0.886667,0.0649083,2.0538
183,15.9896,9.81469,7,1.28,0.0654872,1.95545
184,16.0061,9.19497,7,1.32667,0.0697161,2.09362
185,14.7038,9.00942,5,0.933333,0.0659511,2.01077
186,16.2971,7.88629,6,0.66,0.0663106,1.75373
187,16.7856,8.67343,5,0.846667,0.0625283,1.7653
188,17.3757,9.42841,6,0.993333,0.0682219,1.89324
189,14.4867,8.81184,7,1.26667,0.0715523,1.85019
190,15.7189,9.52583,7,0.98,0.0690183,1.7917
191,16.436,9.769,8,1.63333,0.069635,1.79598
192,15.0286,8.47903,8,1.00667,0.066774,1.68102
193,17.3855,9.25118,7,2.90667,0.0688261,2.94028
194,17.3055,8.423,8,1.94,0.0694741,2.6009
195,18.3661,8.56676,9,2.66667,0.0677589,2.70243
196,18.311,8.79644,9,2.41333,0.0661403,2.58868
197,18.0754,9.57806,10,3.41333,0.0683348,2.44445
198,15.7444,8.69717,8,2.40667,0.0699225,2.6555
199,18.5808,9.05386,9,2.5,0.0675483,2.5559
200,18.1666,9.81561,8,2.41333,0.0667521,2.33198
201,17.1193,9.39451,9,2.38667,0.0695664,2.46041
202,18.5474,8.93746,10,2.22667,0.0640823,2.33141
203,16.9771,8.68297,8,1.92667,0.0664171,2.45813
204,16.9856,9.26828,7,1.90667,0.0648219,2.29555
205,19.2345,10.5887,9,3.02,0.065761,2.37303
206,17.9633,10.0681,9,2.48,0.0698486,2.46718
207,17.9156,10.0819,9,2.87333,0.0634713,2.3132
208,17.0103,10.2074,10,2.9,0.0688109,2.34697
209,17.1285,9.57306,9,1.94,0.108938,2.49599
210,18.0276,9.05065,9,2.12,0.0680731,2.45819
211,17.9622,9.48446,9,2.1,0.0665584,2.44071
212,18.8683,9.55949,10,2.34667,0.0679126,2.40811
213,19.4823,9.84246,10,2.48667,0.0665677,2.23312
214,17.3273,9.55356,9,2.00667,0.0673161,2.50181
215,18.18,10.0166,8,2.44667,0.0686373,2.27795
216,18.76,10.7926,9,2.68667,0.0672425,2.4436
217,19.0879,10.1909,9,2.70667,0.0679016,2.28128
218,18.5517,9.20143,8,1.91333,0.0653511,2.36349
219,18.3571,9.77985,9,2.7,0.0695748,2.54411
220,19.1675,10.4614,9,2.85333,0.0706127,2.31916
221,18.4676,9.92387,8,2.10667,0.0677412,2.57998
222,19.4822,10.2603,10,2.40667,0.068845,2.47651
223,19.4842,10.9843,10,3.22,0.0659714,2.41023
224,18.119,9.77973,8,2.62,0.0728613,2.51381
225,18.8384,11.4603,9,3.50667,0.0704941,2.34818
226,18.267,11.1885,9,2.93333,0.0916092,2.3108
227,18.4077,9.98215,8,2.02667,0.0679777,2.33099
228,16.7689,9.5687,7,1.84667,0.0689006,2.5273
229,17.6056,10.3574,9,2.12,0.0689936,2.82467
230,18.1773,10.0167,8,1.64,0.0670971,2.59723
231,18.0458,9.24925,9,1.86667,0.0696314,2.30739
232,19.4838,9.86047,10,2.26667,0.0683545,2.11043
233,16.7728,9.72851,7,2.01333,0.0664564,2.38881
234,17.6953,9.05836,9,1.76667,0.0657232,2.18397
235,18.1343,9.89469,8,1.83333,0.06366,2.28944
236,17.0193,8.85904,8,1.54667,0.0663166,2.33132
237,16.4544,8.66693,7,1.4,0.065742,2.27865
238,17.5578,9.12084,8,1.72667,0.0685704,2.13425
239,19.2105,9.61233,9,2.02,0.0686521,2.29558
240,17.6937,9.90037,7,1.88667,0.0696603,2.24987
241,18.3289,10.8558,8,2.1,0.0680556,2.19959
242,17.4788,9.26772,8,1.49333,0.0688043,2.43611
243,17.1684,9.69722,6,1.59333,0.0689269,2.3404
244,17.2822,9.50821,7,1.11333,0.0681391,2.34822
245,18.0396,10.0304,9,1.86667,0.070411,2.27115
246,17.4675,9.7231,8,1.86667,0.0686724,2.47746
247,16.2851,10.0617,8,1.97333,0.0671304,2.33657
248,16.9952,9.18738,6,1.12,0.0666823,2.26428
249,17.4753,9.60444,7,1.60667,0.0680111,2.27049
250,17.2784,9.72915,7,1.34,0.0671744,2.32301
251,17.7578,9.55745,7,1.5,0.0671343,2.23141
252,17.918,10.4945,8,2.48667,0.0685187,2.28448
253,17.1202,10.0529,7,1.5,0.0681004,2.33394
254,19.0919,11.2298,9,3.94,0.0761167,2.82272
255,18.4867,11.2685,9,3.76,0.0693181,2.77983
256,19.2749,11.0216,9,3.3,0.0614466,2.79737
257,18.5408,10.8564,9,3.68,0.0661654,2.53434
258,19.0355,10.4672,8,2.6,0.0686584,2.65414
259,17.3775,9.86543,8,2.17333,0.0751294,3.03556
260,19.0595,9.84858,9,2.18,0.0625206,2.82036
261,18.5573,9.74114,9,1.86,0.0689829,2.92774
262,17.9097,10.0703,8,1.9,0.074557,2.73847
263,18.2353,9.79696,8,2.45333,0.0659081,2.54687
264,19.2627,10.0183,9,2.42,0.0713298,2.59596
265,18.4419,10.2936,8,2.52667,0.073016,2.82978
266,19.0692,10.9691,9,2.88,0.101131,2.517
267,17.5053,10.4218,8,2.41333,0.0693235,2.73597
268,17.5902,10.5025,10,2.22,0.0673328,2.4207
269,17.8174,10.4859,8,1.8,0.0675732,2.38807
270,19.4843,9.97964,10,2.2,0.0741823,2.70622
271,17.7385,10.3193,9,2.44,0.0685832,2.51648
272,16.4072,9.9607,9,1.5,0.0797753,2.69581
273,18.6691,10.2468,8,1.93333,0.0686847,2.55523
274,18.4322,10.698,8,2.12667,0.0683208,2.71526
275,19.4841,10.5921,10,2.44,0.0680435,2.47023
276,18.686,10.7254,9,2.66667,0.0684399,2.52945
277,17.7258,10.4134,8,2.1,0.0669088,2.69826
278,17.9629,10.2122,9,2.22667,0.066246,2.65161
279,18.4136,10.9067,8,2.56667,0.0702639,2.70764
280,17.2975,10.3577,9,2.16667,0.0674121,2.60542
281,17.9698,11.2973,8,2.18667,0.14283,2.84089
282,18.087,11.0494,9,2.44,0.0653306,2.45103
283,17.6027,10.0232,9,2,0.0719507,2.8143
284,18.7616,10.6318,9,2.16,0.0731294,2.57238
285,18.8168,11.3202,9,2.75333,0.0679627,2.85211
286,17.7266,9.92455,9,1.89333,0.0655741,2.6196
287,17.7437,10.8109,8,2.06,0.065821,2.72462
288,18.6386,10.9918,9,2.78,0.0644875,2.39353
289,17.6924,9.58885,8,1.71333,0.0650535,2.71437
290,19.2073,10.7039,9,2.45333,0.0658135,2.30715
291,18.7426,9.81839,9,2.33333,0.0691141,2.57253
292,18.2145,10.9288,9,2.48,0.0733171,2.55675
293,18.4035,11.206,9,2.60667,0.0673684,2.60669
294,19.1907,11.2634,9,2.77333,0.0686633,2.36455
295,19.1302,10.2989,9,2.38667,0.0635761,2.39011
296,19.4844,10.6876,10,2.46667,0.0721862,2.64032
297,17.8708,10.5207,10,2.38,0.0673214,2.67983
298,18.3401,10.1693,9,2.39333,0.0674719,2.7181
299,18.082,10.5577,10,2.56,0.0651794,2.44523
300,18.5463,10.0178,8,1.98,0.0677326,2.42057
301,18.9739,10.6321,9,2.37333,0.0699111,2.59738
302,16.6381,9.76284,10,1.85333,0.0670533,2.49522
303,19.0049,10.6422,8,1.87333,0.0784564,2.313
304,19.4841,10.4585,10,2.56,0.0652668,2.25699
305,19.0737,10.3225,9,2.26,0.0679367,2.79116
306,18.8004,11.2608,10,3.15333,0.0732018,2.59436
307,17.6474,10.6135,9,2.4,0.0697249,2.4335
308,19.4839,10.8461,10,2.74,0.0678743,2.6641
309,18.3858,11.1226,9,2.82,0.0686302,2.7085
310,19.4829,11.3631,10,2.92,0.0698885,2.59319
311,18.2,10.583,8,2.19333,0.0687093,2.84262
312,19.4828,11.024,10,2.52,0.078158,2.75692
313,17.5628,9.94305,8,1.76,0.0652505,2.52571
314,18.2399,11.1689,9,1.97333,0.0667854,2.6704
315,19.4852,11.0692,10,2.55333,0.0956966,2.76636
316,19.4834,10.1208,10,2.6,0.0679786,2.60004
317,18.9633,10.9454,10,3.10667,0.0762651,2.55582
318,18.7994,11.3003,9,2.51333,0.0680385,2.57866
319,16.3256,9.82868,8,1.57333,0.0660081,2.72534
320,18.7011,10.5942,10,1.98667,0.0917613,2.94118
321,19.4822,9.78308,10,1.97333,0.0709511,2.73397
322,18.5666,10.1659,8,1.86,0.0708278,2.73805
323,18.5811,9.9807,8,2.25333,0.0656785,2.41747
324,19.0741,10.4038,10,2.58,0.0696888,2.5626
325,18.7347,9.92085,10,1.75333,0.0695201,2.84338
326,18.3379,10.4225,8,2.1,0.0852993,2.50263
327,18.5889,10.3159,9,2.34,0.0667758,2.62584
328,18.2977,10.1963,8,1.66,0.0704797,2.89282
329,18.9938,9.99747,9,2.12,0.0702312,2.67524
330,18.1509,10.5796,8,2.12667,0.0654537,2.81229
331,17.5624,9.82159,9,2.11333,0.0696389,3.00223
332,17.7217,9.79507,8,1.97333,0.0680048,2.57643
333,17.4038,9.31037,7,1.28,0.064198,2.45956
334,19.0746,9.91782,9,1.84667,0.0697567,2.7937
335,18.3587,10.1233,9,1.92667,0.0643969,2.40462
336,17.3162,10.4902,7,1.83333,0.0715247,2.57885
337,18.7959,9.21723,9,2,0.0776375,2.52524
338,19.1504,10.6054,9,2.14667,0.067577,2.50733
339,18.5623,10.3394,9,2.36,0.0674927,2.37952
340,18.5317,9.05378,9,1.44,0.066458,2.78507
341,19.3303,9.60473,10,1.82,0.0698899,2.42245
342,18.8435,9.2317,9,1.52,0.0643603,2.50842
343,18.3974,9.64851,9,1.75333,0.0721048,2.719
344,15.9163,9.03373,7,1.28667,0.0646085,2.36497
345,18.1786,9.969,8,1.83333,0.0702996,2.61724
346,18.5148,9.45534,10,2.98667,0.0656981,2.69206
347,18.7423,9.73918,9,2.33333,0.0662853,2.75869
348,18.3487,9.87118,8,3.21333,0.0721566,2.99121
349,19.0884,10.0977,9,3.77333,0.0780032,2.79268
350,18.0723,9.39251,8,2.79333,0.0759243,3.35719
351,17.8397,9.19168,8,2.44,0.0685094,3.19746
352,19.1258,10.325,9,2.38,0.121173,3.26595
353,19.1439,9.83243,10,3.08,0.0825083,3.02604
354,19.2904,9.53949,9,2.44667,0.0684257,3.34274
355,18.78,10.0366,10,3.34,0.220224,3.02661
356,18.4751,10.0221,9,2.68667,0.0671163,3.08723
357,17.4323,9.68502,9,2.16,0.0666399,3.2987
358,17.0341,10.1064,9,2.1,0.0674776,3.15488
359,18.2498,8.95451,8,1.48667,0.0682127,3.17204
360,17.0292,9.65545,8,1.64667,0.0660797,2.97293
361,17.8594,9.18446,9,2.01333,0.0654897,2.75709
362,19.043,10.2363,9,2.11333,0.0694737,3.06349
363,18.4575,10.2421,9,2.34,0.0841908,2.67323
364,18.8755,9.30834,9,2.34,0.066734,2.62087
365,18.7718,11.1963,9,3.12,0.0719493,2.70845
366,19.2965,10.2388,10,3.00667,0.0708624,2.88176
367,18.9214,11.0684,9,2.80667,0.0681621,2.68123
368,18.9465,10.2126,9,2.45333,0.0699749,2.8227
369,19.4379,9.97009,9,2.62667,0.0744128,2.94432
370,18.3556,10.7333,8,2.53333,0.180076,2.80648
371,18.774,10.8869,9,2.97333,0.0689738,2.58565
372,18.353,10.4507,9,2.76667,0.0780254,2.84754
373,19.4829,10.846,10,2.88667,0.0678025,2.77502
374,18.8885,11.0729,9,3.28,0.071608,2.93328
375,19.4831,10.4755,10,2.82667,0.0679647,2.69154
376,18.2678,10.841,7,1.85333,0.0676987,3.19213
377,19.045,9.9158,9,1.88667,0.0676164,3.05488
378,18.6889,10.1423,8,0.666667,0.0721843,3.27126
379,18.0197,9.01939,7,0.733333,0.0665439,2.64559
380,19.2555,9.85581,8,0.946667,0.0681807,3.01786
381,19.4835,9.32959,10,0.786667,0.0658916,2.66985
382,18.9816,9.7786,9,1.59333,0.0701372,2.93979
383,19.483,9.77274,10,1.32667,0.0694337,2.86651
384,19.4817,10.2593,10,1.58667,0.068376,2.97869
385,17.4968,10.2463,7,1.49333,0.0654228,2.98521
386,19.4847,10.7966,10,2.22667,0.0694243,2.88419
387,19.2907,10.7056,9,2.41333,0.0715674,2.87945
388,17.0902,10.033,8,1.86667,0.0889352,3.06386
389,19.4844,10.2281,10,2.47333,0.0684313,2.71979
390,19.4835,10.7085,10,2.52,0.07128,2.84583
391,19.2173,10.7786,9,2.17333,0.0677955,2.73936
392,18.1231,9.69617,8,1.72667,0.0692532,2.81176
393,19.0362,10.3256,9,2.08,0.0681572,2.60772
394,18.0267,9.3615,7,1.26667,0.0661259,2.68738
395,17.5358,9.73121,8,1.62667,0.0703475,2.89107
396,18.5379,9.94581,10,1.8,0.0713151,2.6829
397,18.1012,9.95672,8,1.68667,0.066067,2.56482
398,18.886,10.6183,8,2.02,0.0685889,2.63965
399,19.1993,10.203,9,1.79333,0.0668288,2.52585
400,19.4807,11.3565,10,2.42667,0.0675884,2.53893
401,18.8202,10.7555,8,2.07333,0.0672374,2.60239
402,19.4816,10.8342,10,2.26667,0.070385,2.75287
403,18.1834,10.3281,8,1.58,0.0692337,2.82559
404,17.9885,9.94686,8,1.51333,0.0640028,2.62536
405,18.264,10.2015,8,1.47333,0.0664834,2.77617
406,19.2989,9.75835,10,1.39333,0.0675628,2.54833
407,19.2388,9.10707,10,0.966667,0.0721489,2.99749
408,17.5443,9.89259,8,1.12667,0.0677937,3.04457
409,16.9314,8.99553,6,0.793333,0.068418,2.54797
410,18.0912,8.75067,9,0.913333,0.0655577,2.7494
411,17.3061,8.93599,8,1.01333,0.0636674,2.30879
412,18.0952,8.53943,8,0.7,0.0666286,2.74041
413,17.642,8.94382,8,0.873333,0.0690744,2.63654
414,17.0246,8.5471,9,0.9,0.069732,2.35323
415,19.1776,9.4601,9,1.36,0.0676731,2.23298
416,17.7531,8.73367,9,1.25333,0.0682737,2.5639
417,19.2452,8.3939,9,0.973333,0.065914,2.43057
418,17.867,8.13653,10,0.846667,0.0691692,2.13603
419,19.2434,9.10081,7,0.953333,0.0689416,2.50448
420,19.4854,10.0727,10,1.65333,0.0694635,2.25696
421,17.4487,9.60292,9,1.38667,0.0689053,2.6549
422,17.4354,8.87411,9,1.20667,0.0651235,2.57878
423,19.4827,9.12603,10,1.46667,0.0704036,2.63504
424,18.4231,8.81538,9,1.02,0.0670783,2.40174
425,17.9171,8.92819,8,1.20667,0.0691405,2.75883
426,19.2081,11.0227,9,2.2,0.0691779,2.44863
427,18.3159,9.6999,8,1.25333,0.069733,2.74885
428,19.483,10.3974,10,1.83333,0.0714191,2.42228
429,19.4825,9.42469,10,2.02,0.0704398,2.57927
430,18.1926,9.50269,9,1.49333,0.0675527,2.43072
431,18.414,9.50662,9,1.98,0.0701977,2.51211
432,17.4364,10.1026,7,1.88,0.0685546,2.60075
433,17.6805,8.81888,9,1.39333,0.0671856,2.66135
434,17.2055,8.56979,8,1.36667,0.0680887,2.52323
435,18.97,9.51776,8,1.50667,0.0655345,2.26552
436,18.4787,10.1345,9,2.04667,0.0654531,2.39317
437,19.4828,9.76442,10,1.75333,0.0686997,2.58162
438,17.7076,9.70552,8,1.89333,0.0669878,2.49113
439,19.1304,9.60593,9,2.05333,0.0682796,2.56521
440,18.9959,9.49928,9,1.62,0.0678519,2.22763
441,18.4964,9.03958,9,1.39333,0.0661819,2.34218
442,18.6167,9.70823,9,1.71333,0.066273,2.35057
443,18.8953,9.50218,10,1.76667,0.064116,2.13482
444,18.6032,8.73205,9,1.17333,0.0679208,2.42867
445,17.7294,9.28767,10,1.40667,0.0684067,2.24025
446,18.1985,8.65616,8,1.28667,0.0653866,2.2413
447,17.2423,9.05274,8,1.34,0.0662507,2.31742
448,18.7294,9.51648,9,1.61333,0.0623849,2.15843
449,19.0169,9.84003,10,1.60667,0.0689628,2.51496
450,18.9767,9.6396,10,1.83333,0.0676199,2.49059
451,15.8877,10.6811,6,1.88667,0.0669529,2.5814
452,18.2417,11.0175,9,2.46,0.0728699,2.57416
453,16.8687,9.82297,6,1.7,0.0659454,2.9868
454,16.3071,8.41995,8,0.886667,0.0678334,2.42766
455,16.9433,8.80835,7,1.02667,0.0675631,2.63954
456,18.596,9.16013,9,1.59333,0.0705903,2.76339
457,18.1662,8.60774,9,1.42,0.0708758,2.87029
458,19.4841,10.1815,10,2.06667,0.0649034,2.36197
459,17.8821,8.93321,7,1.35333,0.0677175,2.6006
460,18.1952,9.78696,8,1.56,0.0665253,2.65116
461,17.7591,9.52411,10,1.54,0.0712484,2.70578
462,19.4833,9.04253,10,1.01333,0.0673482,2.49539
463,19.4844,9.58537,10,1.97333,0.0686755,2.37018
464,18.3163,9.30487,8,1.68,0.0684398,2.34842
465,19.0867,9.15967,10,1.54667,0.0662834,2.70411
466,18.3762,9.67635,9,1.86667,0.0671267,2.37077
467,18.873,8.4344,9,1.1,0.0756096,2.75875
468,18.4709,9.81073,7,1.6,0.0692196,2.63156
469,18.4015,9.62264,9,1.50667,0.06694,2.53069
470,18.3706,10.0554,8,1.65333,0.0664099,2.32893
471,18.7589,10.3954,9,2.22,0.0690723,2.27534
472,18.6743,10.3675,9,2.51333,0.0722138,2.60863
473,19.1348,10.0476,9,2.26667,0.0646214,2.32667
474,17.5135,10.236,8,2.31333,0.0687964,2.75396
475,19.4838,11.0694,10,2.96667,0.0684636,2.38699
476,18.5473,10.2988,10,1.65333,0.0682814,2.62686
477,19.483,9.39965,10,1.89333,0.0665846,2.41503
478,18.8496,10.0178,9,2.28,0.0689532,2.45941
479,18.1247,9.63578,8,2.18667,0.0717766,2.68824
480,18.6702,10.0123,9,2.26667,0.0676494,2.39577
481,18.8169,10.9986,9,3.70667,0.0667413,2.68938
482,17.777,9.38628,9,2.30667,0.067586,2.8246
483,18.2953,10.2275,9,3.38,0.0656822,2.70841
484,18.9064,9.23965,9,2.46,0.0701472,2.77793
485,18.6385,9.15499,9,1.79333,0.0704594,2.60471
486,18.2069,8.8157,8,1.15333,0.066556,2.03138
487,14.3604,8.3276,5,0.773333,0.0690445,2.56287
488,16.572,9.49463,8,1.60667,0.0653954,2.29717
489,18.2994,8.95745,9,1.90667,0.067808,2.09479
490,17.8896,10.0417,9,2.4,0.0670294,2.2864
491,19.4836,10.0169,10,2.41333,0.0701118,2.12894
492,17.0707,10.4594,8,2.03333,0.064929,2.09084
493,18.4352,10.2986,9,2.44667,0.0663553,2.17955
494,19.4849,11.2032,10,2.72667,0.0688154,2.16538
495,18.07,9.52216,9,1.91333,0.0675248,2.39169
496,17.019,9.19957,7,1.63333,0.0705732,2.38713
497,18.7559,10.6876,10,2.28,0.0687629,2.05387
498,18.4034,9.80446,10,2.16667,0.0675394,2.17402
499,17.6896,10.3109,8,1.95333,0.0661302,2.23399
500,17.0167,9.7059,7,1.48,0.0689209,2.09057
501,18.1396,9.95054,8,2.01333,0.067738,2.41699
502,18.6586,9.91551,10,2.12,0.0649117,2.15018
503,18.2536,10.0238,8,2.27333,0.0671854,2.03512
504,19.0764,10.7005,9,2.67333,0.0727141,2.30362
505,17.3675,9.24626,7,1.84,0.067743,2.14745
506,18.1444,9.73325,9,1.97333,0.0693585,2.19358
507,18.8651,9.74836,9,2.1,0.0639411,2.14445
508,18.2573,10.1321,9,2.14667,0.0666393,2.18708
509,19.4828,11.5187,10,2.76667,0.0682573,2.32931
510,18.4311,10.8867,9,2.76,0.0703842,2.3303
511,18.4581,11.2976,8,2.60667,0.0683512,2.45215
512,19.0198,11.483,9,3.27333,0.067426,2.1729
513,18.4584,10.567,8,2.7,0.0677076,2.48581
514,18.949,10.2347,9,2.61333,0.06602,2.30997
515,18.7103,10.4734,9,2.42,0.0687728,2.43826
516,17.4448,9.93632,7,1.82,0.0639402,2.36021
517,18.4808,10.3475,8,2.25333,0.0692637,2.37024
518,18.0418,9.65427,8,1.96667,0.0610064,2.13221
519,19.4844,11.2443,10,3.38667,0.0671534,2.25623
520,18.3476,9.79496,7,1.72667,0.0648652,2.48009
521,17.7106,9.73945,7,2.09333,0.0654738,2.33541
522,17.2399,10.1335,7,2.01333,0.0660392,2.60325
523,19.4809,10.2,10,2.30667,0.0698643,2.79807
524,17.8412,9.501,7,1.91333,0.0642278,2.67612
525,17.1966,10.1484,7,1.74667,0.0632424,2.66673
526,19.4815,11.3611,10,2.91333,0.0675695,2.60839
527,19.0404,10.8278,9,2.79333,0.0648535,2.26526
528,19.0995,11.1557,9,3,0.0666729,2.41394
529,18.9364,10.0191,9,2.34,0.0686356,2.70588
530,19.4824,10.8832,10,2.54,0.0672543,2.24054
531,16.7551,9.674,9,1.74667,0.0663981,2.59129
532,17.9704,10.4227,9,2.48667,0.0677746,2.50431
533,19.483,11.013,10,3.02667,0.067111,2.36186
534,18.2801,10.4484,8,2.42667,0.0657698,2.72522
535,18.8951,11.1825,9,2.89333,0.0685592,2.42002
536,18.2889,10.5981,9,2.10667,0.0670855,2.39025
537,18.3167,11.1785,9,2.54667,0.0702571,2.63035
538,18.8198,11.25,9,2.81333,0.0678782,2.58937
539,18.6569,11.0226,9,2.46667,0.0690646,2.83013
540,18.8292,11.5556,8,2.87333,0.0701273,2.73184
541,18.9785,10.0387,9,2.27333,0.0655423,2.73916
542,19.4838,10.376,10,2.44667,0.0723209,2.4792
543,18.8205,9.91082,9,1.78667,0.0656109,2.26658
544,18.0772,9.22593,8,1.51333,0.0702037,2.19337
545,17.5724,10.5783,9,2.67333,0.0704599,2.09097
546,16.3776,9.73562,8,1.74,0.067011,2.2034
547,18.825,9.39226,10,1.58,0.0674386,2.14582
548,18.4373,10.5552,8,1.95333,0.0687367,2.24118
549,17.2689,9.70488,7,2.00667,0.0662644,2.3769
550,19.4839,10.1732,10,2.44,0.0662666,2.27694
551,16.9521,9.64453,7,1.74667,0.0672188,2.55754
552,17.9039,10.1759,7,1.84667,0.0655589,2.54683
553,17.7813,9.58113,8,1.58667,0.0665013,2.63339
554,18.6264,10.6294,9,2.26,0.0696878,2.25615
555,17.4068,10.254,8,2.23333,0.0719221,2.33204
556,18.676,10.4883,10,2.51333,0.0711299,2.50701
557,17.7383,9.57545,7,1.52667,0.0709137,2.49032
558,17.8013,10.3496,8,1.98667,0.0706321,2.53343
559,18.4355,9.90518,9,1.95333,0.0686333,2.56155
560,18.0814,10.672,9,2.82,0.0733885,2.74923
561,18.1005,10.1848,9,2.63333,0.0701561,2.57303
562,18.3652,9.86094,8,1.75333,0.0678569,2.60062
563,16.6806,10.5672,8,2.35333,0.0703653,2.71983
564,17.5028,9.02231,7,1.95333,0.0717269,2.68247
565,17.3421,9.82475,8,2.1,0.0676476,2.42227
566,18.6686,10.0351,9,2.32,0.0698582,2.6533
567,16.5742,10.0055,8,2.23333,0.0721469,2.62463
568,16.7227,9.60927,9,1.36,0.0662701,2.76872
569,18.7766,9.91184,9,1.96,0.0696116,2.59518
570,18.8463,11.1121,9,2.60667,0.0730789,2.52317
571,18.2617,9.12832,9,2,0.0703686,2.62606
572,19.4034,10.3563,9,2.25333,0.0674493,2.52259
573,18.812,9.66389,8,1.54667,0.0711555,2.70721
574,17.033,8.62106,8,1.01333,0.0664157,2.76233
575,17.3727,9.25364,6,0.92,0.0661105,2.77153
576,18.3622,9.16225,9,1.36,0.0667401,2.39881
577,19.4813,9.60103,10,2.08667,0.0675898,2.12039
578,18.0763,9.14146,9,1.36667,0.0698811,2.34096
579,18.4847,9.50096,8,1.68,0.0686949,2.41688
580,16.3279,8.7005,7,1.16,0.089903,2.58637
581,18.2442,9.371,8,1.62,0.0701919,2.42168
582,17.2965,8.96321,9,1.79333,0.0672732,2.28256
583,18.3629,9.61706,8,1.57333,0.0684086,2.33468
584,19.2592,9.14012,10,1.94667,0.0699761,2.36509
585,17.069,8.86684,6,1.32667,0.0699625,2.40379
586,19.0358,9.23749,9,1.68667,0.0644849,1.92492
587,18.7371,9.78954,9,2.10667,0.0708582,2.23677
588,17.4216,9.18752,8,1.50667,0.0701085,2.48167
589,19.4818,8.76274,10,1.94,0.0676242,2.37384
590,17.3773,9.79426,8,1.87333,0.0674232,2.39508
591,17.5294,9.4852,8,1.73333,0.0680018,2.5222
592,19.0994,9.50687,9,1.97333,0.0681211,2.38962
593,16.5073,9.63777,7,1.8,0.0687038,2.49004
594,18.4078,9.79574,9,2.16667,0.0681662,2.57289
595,17.3569,9.33714,8,1.78667,0.066907,2.54492
596,17.4177,9.76509,7,1.44667,0.0688054,2.61536
597,18.8797,8.99087,9,1.59333,0.0695512,2.53717
598,18.133,10.3982,9,1.79333,0.0653684,2.28488
599,18.295,10.0197,9,1.72,0.0650803,2.40442
600,18.3302,9.58597,8,1.85333,0.0677992,2.57225
601,19.1224,11.3707,9,3.22667,0.0663452,2.77652
602,18.7173,10.3387,8,2.62,0.0688104,2.64098
603,18.5828,10.1179,8,2.09333,0.0660074,2.50219
604,18.7403,10.1092,9,2.24,0.0690839,2.49869
605,18.9918,10.4995,9,2.86667,0.0674776,2.69394
606,18.5532,10.5269,8,2.17333,0.0706515,2.84283
607,18.6607,9.52673,8,1.80667,0.0712746,2.8231
608,18.4523,10.2513,8,1.92667,0.0689863,2.77263
609,18.4511,9.73083,9,1.81333,0.0659158,2.50851
610,19.0895,10.8944,9,2.89333,0.07185,2.58543
611,18.7951,10.1406,9,1.78,0.0653644,2.53253
612,17.5739,10.0269,8,1.7,0.0632172,2.18998
613,17.4572,10.2715,7,1.66667,0.0654868,2.42908
614,18.6423,10.0818,8,1.66667,0.0657363,2.33101
615,18.4732,10.9154,8,2.4,0.0649479,2.32077
616,17.6882,10.1636,9,1.4,0.0675186,2.4703
617,19.4814,10.7102,10,2.24,0.0771348,2.38185
618,18.2122,9.27191,8,1.50667,0.0651728,2.49457
619,17.9348,10.1013,8,1.5,0.0828269,2.57275
620,17.9164,10.3873,8,1.56667,0.0663026,2.54614
621,17.9461,10.7118,8,2,0.0664702,2.72742
622,18.6638,10.9461,9,1.97333,0.0705725,2.44878
623,19.4823,10.8122,10,2.15333,0.066735,2.43449
624,19.4139,10.8057,9,2.26,0.0726889,2.4476
625,18.6629,10.8581,9,2.38,0.0718046,2.61103
626,18.9836,10.6828,9,2.18667,0.0703097,2.58418
627,19.4824,10.2358,10,1.93333,0.0680232,2.46081
628,18.4276,9.6652,8,1.46,0.0659866,2.45072
629,18.2913,10.5554,8,1.85333,0.0704555,2.5173
630,18.9578,9.91974,10,1.82,0.0711898,2.62237
631,18.6936,10.5789,9,1.94,0.0628234,2.82866
632,17.8372,10.0669,9,1.98,0.0707439,3.41898
633,17.0155,9.32005,7,1.72,0.0673092,3.14645
634,18.8542,9.78908,9,1.77333,0.0686914,2.91696
635,18.6247,9.03082,8,1.20667,0.0653911,2.82016
636,18.6832,9.67383,9,1.34,0.068911,2.95235
637,17.6643,9.81846,8,1.30667,0.0744448,3.06366
638,17.8255,9.81079,8,1.1,0.0691774,2.82216
639,19.4832,9.58845,10,1.59333,0.0703658,2.72181
640,18.4472,8.92503,9,0.933333,0.065219,2.50649
641,19.0185,9.28863,9,1.36,0.0687323,2.21564
642,18.6788,9.3679,9,1.48667,0.0669796,2.39506
643,18.7806,9.92746,9,1.42,0.0664297,2.49646
644,18.9368,10.1778,9,1.80667,0.0669838,2.65964
645,19.0585,9.53529,9,1.74667,0.06876,2.88491
646,18.9453,9.11491,9,1.18667,0.0691616,2.79451
647,19.4818,9.05742,10,1.32,0.0691731,2.50155
648,18.2303,8.85959,10,1.16667,0.0672222,2.66954
649,18.7156,9.72455,9,1.34,0.0695556,2.56587
650,18.6756,9.18338,9,1.22667,0.0654234,2.67879
651,18.4518,9.33614,9,1.56667,0.0671365,2.39877
652,19.3064,9.69991,9,1.79333,0.0704003,2.62276
653,18.762,9.98791,9,2.02667,0.0687496,2.49738
654,19.0362,10.5218,9,2.02667,0.0706699,2.74573
655,19.4822,10.4472,10,2.44667,0.0731039,2.68316
656,18.327,9.31583,8,1.27333,0.0649111,2.46147
657,19.4842,9.71172,10,1.79333,0.067564,2.5519
658,19.4844,9.56899,10,1.65333,0.0645714,2.43633
659,18.6636,9.83408,9,1.38,0.0675392,2.71653
660,18.692,9.45217,9,1.42,0.0701335,2.71651
661,19.2115,11.3121,9,2.81333,0.0679504,2.63568
662,19.4839,10.9125,10,2.92,0.0700728,2.88723
663,18.9448,10.8795,9,1.85333,0.076742,2.82221
664,19.4837,9.05825,10,1.46667,0.066016,2.74097
665,18.2097,9.40828,8,1.30667,0.0674545,2.76376
666,18.6115,9.26307,9,1.52667,0.07109,2.75704
667,18.7541,9.54764,8,1.54,0.0661139,2.4996
668,18.4887,9.47373,10,1.47333,0.0696644,2.65684
669,18.8174,9.69906,8,1.65333,0.0724144,2.50704
670,19.4848,10.3258,10,1.86,0.0684985,2.39982
671,18.5308,9.9443,8,1.6,0.0633766,2.51057
672,17.9793,9.45245,8,1.46667,0.065201,2.2468
673,19.2038,10.7175,10,2.04667,0.0692368,2.17639
674,19.159,10.6008,10,1.88,0.0675998,2.28967
675,18.6844,9.72676,9,1.36,0.0659269,2.41469
676,18.7267,10.7348,9,2.14,0.0704437,2.48023
677,19.2354,10.5502,9,1.81333,0.0705028,2.63525
678,19.4841,9.58086,10,1.98,0.0776147,2.46121
679,18.1501,9.78856,8,1.44667,0.0652892,2.59338
680,18.1462,10.2139,8,1.88667,0.0683498,2.50443
681,19.4833,9.82415,10,1.8,0.0655342,2.53287
682,18.5966,10.2001,9,1.81333,0.0718851,2.42568
683,19.4834,10.6188,10,1.96667,0.0666108,2.59391
684,17.5335,10.503,9,2.11333,0.0641288,2.31872
685,17.6684,10.3001,8,1.74,0.0679869,2.73689
686,19.0113,10.3902,9,1.97333,0.0712714,2.46875
687,19.4821,10.5603,10,2.43333,0.0746301,2.46756
688,19.0594,10.4038,9,2.03333,0.0653849,2.60857
689,19.4842,11.364,10,3.13333,0.0714504,2.50177
690,19.4833,10.3171,10,1.98,0.0679557,2.5102
691,19.4852,11.8745,10,3.22667,0.0675045,2.99487
692,19.4843,11.603,10,2.8,0.0671203,3.20712
693,19.4834,11.5716,10,3.35333,0.0685259,2.78636
694,19.4847,10.7331,10,2.70667,0.0725567,3.05755
695,18.3127,10.9835,9,2.22,0.0699145,3.24435
696,18.6909,11.4081,9,2.5,0.0716985,2.81091
697,19.2888,10.6963,9,2.05333,0.0686487,2.80214
698,18.7513,11.1637,8,2.28,0.0693773,3.11959
699,19.4823,11.4597,10,2.48,0.0693137,3.16057
700,19.4834,9.76509,10,1.98,0.068305,2.92164
701,18.7558,9.45337,9,1.67333,0.0675963,2.9667
702,19.0905,10.2175,9,2.26,0.0724798,3.03094
703,19.2914,10.9767,9,2.53333,0.0675794,2.76819
704,19.4824,9.93683,10,2.18,0.0681622,3.16623
705,19.4846,10.5933,10,2.36667,0.0697832,3.16086
706,19.483,10.7791,10,2.03333,0.0691485,3.07259
707,19.109,10.8878,9,2.10667,0.069288,2.94484
708,18.906,10.1687,9,2.06,0.0683726,2.94544
709,18.2733,10.449,8,1.7,0.0659173,2.97389
710,18.2309,10.8627,8,2.24,0.0679644,3.03006
711,18.9062,10.8583,9,2.51333,0.0646024,2.7396
712,19.4829,10.29,10,2.37333,0.0727119,2.95397
713,19.01,11.1889,9,2.83333,0.0686846,2.61347
714,19.4839,11.206,10,2.78,0.0705954,2.84354
715,18.2318,9.8588,8,1.64667,0.073641,2.9113
716,18.8903,9.9762,9,1.66,0.0670284,2.51895
717,19.2505,10.5509,9,2.31333,0.0691523,2.8164
718,18.4834,10.6913,9,1.85333,0.0670988,2.55841
719,18.5052,9.33551,9,1.69333,0.076205,2.71497
720,18.8707,9.96778,10,1.9,0.0694637,2.75501
721,18.7995,11.493,9,3.17333,0.068267,2.95111
722,18.6486,10.2461,9,2.12667,0.0625838,2.92075
723,18.5789,10.9456,8,2.26667,0.0691009,3.27676
724,18.9526,10.4458,10,2.41333,0.0716316,3.167
725,17.9049,9.90476,10,1.88,0.065672,2.71429
726,19.4841,9.72066,10,1.94667,0.0683032,2.57879
727,19.2045,10.2478,9,1.90667,0.0708714,3.04222
728,19.4825,9.41422,10,1.80667,0.0662669,2.878
729,19.4828,9.94924,10,1.88,0.066462,2.92495
730,18.5228,9.70397,8,1.67333,0.0665531,2.91596
731,19.1364,10.4253,8,1.84667,0.0684717,3.04474
732,18.3944,9.46134,8,1.45333,0.068651,3.09491
733,19.1898,10.2167,9,1.92667,0.0864262,2.91417
734,19.4834,10.1238,10,2.32667,0.0682231,2.69188
735,19.4829,9.93434,10,1.8,0.0704776,2.7989
736,18.8584,9.39077,9,1.35333,0.0659306,2.56549
737,18.9176,10.2345,9,1.96,0.0674162,2.79691
738,18.6756,10.6312,9,1.94667,0.0683931,2.74266
739,18.5043,10.621,9,2.26667,0.0714253,2.88867
740,18.4173,10.2533,8,1.76667,0.0644525,2.65575
741,19.4834,11.2026,10,2.1,0.0672668,2.72023
742,19.484,10.3859,10,2.27333,0.0673734,2.72924
743,18.2638,10.9489,8,2.09333,0.0677586,2.66895
744,18.9451,10.7883,9,2.36667,0.0693275,2.57167
745,18.5992,10.5352,9,2.34,0.0714832,2.84785
746,18.8558,10.44,9,2.08,0.0716601,2.75866
747,19.2075,11.1019,9,2.51333,0.0682514,2.43301
748,19.4839,10.046,10,2.28667,0.0708433,2.65789
749,18.2782,9.77447,8,2.02667,0.0651911,2.67856
750,19.2088,10.391,9,1.96,0.0688891,2.77591
751,18.3117,10.1059,8,2.72667,0.0667839,2.28941
752,18.4445,9.32227,10,2.32,0.069421,2.85573
753,17.3566,9.31657,7,1.25333,0.0648028,2.49865
754,16.8181,8.75908,7,1.29333,0.0667443,2.70506
755,16.7461,9.13687,7,1.24667,0.0679562,2.76613
756,17.0532,9.07048,7,1.14667,0.0655065,2.75207
757,19.3596,9.33032,9,1.54667,0.066484,2.77138
758,17.7518,9.27621,7,1.23333,0.0674547,2.74846
759,18.5291,9.91743,9,1.56667,0.0686513,2.88271
760,19.2704,9.61536,10,2.08,0.0706223,2.57688
761,17.6607,10.0445,8,2,0.0668921,2.43833
762,18.3412,10.1331,10,2.24,0.071014,2.52422
763,19.0421,9.91052,9,2.03333,0.0701898,2.63317
764,19.0217,10.0245,9,1.26,0.0661365,2.45558
765,17.2434,9.7321,9,1.71333,0.0679925,2.63593
766,19.0589,10.242,10,2.24,0.0667686,2.68504
767,17.9429,10.2905,9,1.73333,0.0658663,2.51902
768,18.7379,10.9413,9,2.48,0.0687888,2.74219
769,16.7403,9.35978,6,1.34667,0.0647716,2.67095
770,18.8397,10.2481,10,2.72667,0.069389,2.46099
771,18.3773,10.2638,8,1.96,0.0720963,2.98347
772,17.7018,9.79491,8,2.16667,0.0663395,2.74785
773,19.239,10.9122,9,2.65333,0.0673032,2.78286
774,19.484,10.6904,10,2.96,0.0682398,2.7208
775,19.2451,10.8089,10,2.68,0.0670707,2.69777
776,18.6016,10.0994,9,2.52,0.0656477,2.70998
777,17.9096,11.0364,9,2.31333,0.069534,2.59125
778,17.0853,10.5214,9,2.14,0.0685679,2.73948
779,18.7124,10.17,9,2.16,0.0688185,2.68747
780,18.4589,10.5829,10,2.38667,0.0713964,2.75972
781,17.5442,10.3372,8,1.34667,0.0656963,2.66467
782,18.3555,10.3666,8,1.66667,0.0638901,2.52777
783,18.7621,10.9853,8,1.78667,0.0646501,2.56744
784,18.6526,9.9996,8,1.89333,0.0665853,2.52833
785,17.5217,9.56709,9,1.75333,0.0670564,2.33849
786,18.3899,10.3136,9,2.08667,0.0795635,2.51982
787,18.3081,9.78898,8,1.64,0.0694291,2.47946
788,17.566,9.94041,8,1.69333,0.0695258,2.79319
789,19.4837,10.0332,10,2.18667,0.0696202,2.66862
790,18.2627,9.8504,9,1.90667,0.0685547,2.7287
791,18.7897,10.5009,9,2.06,0.0663577,2.46508
792,18.2859,9.89158,8,1.23333,0.0667882,2.71376
793,18.2745,9.69844,9,1.68,0.0697141,2.57064
794,18.9807,9.81769,8,1.96,0.0676246,2.70334
795,19.1286,10.213,9,2.03333,0.0684126,2.88849
796,19.1288,10.4745,9,1.80667,0.0673924,2.43902
797,18.6231,9.36561,9,1.26,0.0654571,2.71948
798,18.3737,9.6007,8,1.36667,0.0666428,2.50378
799,19.4829,9.77645,10,1.68667,0.0669367,2.31338
800,19.204,10.8271,9,2.38,0.0712416,2.43883
801,19.4828,10.1928,10,1.88,0.0687202,2.857
802,19.4843,10.8082,10,2.81333,0.0697102,2.64011
803,18.1957,9.56372,9,1.46,0.0624246,2.64991
804,18.8948,10.2588,8,1.86667,0.0632594,2.4576
805,19.4804,10.8462,10,2.34,0.0713018,2.91834
806,18.4945,9.92584,9,2.12667,0.0717254,2.89105
807,19.4823,10.5588,10,2.19333,0.0718881,2.69499
808,18.6806,10.3998,10,2.13333,0.0694436,2.71045
809,18.2845,10.1935,8,1.39333,0.0640148,2.68128
810,18.7419,10.3131,9,1.95333,0.0664968,2.60828
811,19.4844,9.85943,10,2.78667,0.153894,3.11988
812,19.4346,9.76585,9,1.61333,0.090491,3.27681
813,19.0232,9.94402,9,2.13333,0.0960978,3.48007
814,19.4805,9.83618,10,2.12667,0.0691823,3.05084
815,19.4711,9.93595,9,2.00667,0.0650789,3.04199
816,19.4847,10.8737,10,2.09333,0.066698,3.04204
817,19.4819,9.9483,10,2.2,0.0664154,3.14895
818,18.3752,9.22371,9,1.88,0.134818,3.27096
819,19.4263,10.6843,9,2.20667,0.0692019,3.22548
820,18.7968,10.6386,8,2.02667,0.0685617,3.08916
821,17.3445,10.4632,7,1.88,0.0671343,3.15669
822,19.4823,11.4292,10,2.57333,0.0679525,3.04912
823,18.8771,10.5398,9,2.25333,0.0658792,2.84554
824,19.2235,10.8938,9,2.28667,0.0648478,2.72462
825,19.2885,10.9103,9,2.58667,0.0710758,2.91248
826,19.4847,10.4458,10,2.45333,0.0799425,3.06088
827,19.484,11.4673,10,3.16,0.0686456,2.69307
828,18.8409,10.3235,9,2.24,0.0660116,2.73702
829,19.4839,11.0819,10,2.79333,0.0699205,2.95211
830,19.0227,11.7061,10,2.8,0.0683228,2.89033
831,19.2919,10.943,9,2.25333,0.0681681,2.72333
832,19.4838,10.4999,10,2.55333,0.0677217,2.68287
833,19.4839,10.3341,10,2.23333,0.0667823,2.66911
834,19.0129,10.9379,10,2.48,0.0839547,2.73557
835,18.4202,11.0362,8,2.46667,0.275553,2.86871
836,19.4845,12.2122,10,3.30667,0.0666189,2.74693
837,19.4828,11.367,10,2.75333,0.0666909,2.8935
838,18.1078,11.3127,8,2.38667,0.0926653,2.71023
839,19.4842,10.8418,10,2.32667,0.0658018,2.97989
840,18.1583,10.7265,9,2.11333,0.0815637,2.83685
841,19.4841,9.51248,10,1.69333,0.0717958,3.31166
842,19.4833,9.16007,10,1.66667,0.0689339,3.39749
843,19.2852,9.74647,9,1.48,0.0707113,3.11926
844,18.567,9.87968,9,1.77333,0.0652738,2.88696
845,18.8051,10.3282,9,1.82,0.0726836,2.81243
846,19.1078,9.72325,9,1.16667,0.0679253,2.77629
847,19.4834,10.6428,10,2.05333,0.0756103,2.97133
848,19.4834,9.98725,10,2.01333,0.0835333,2.78089
849,19.1662,9.83631,9,1.64667,0.0659906,2.96835
850,19.4832,10.0428,10,1.82667,0.0838504,3.03435
851,19.4839,10.1322,10,1.53333,0.0746859,3.18689
852,19.4833,9.58893,10,1.73333,0.0685068,2.91421
853,19.4836,10.558,10,1.92667,0.070093,3.10116
854,18.7425,11.453,9,2.63333,0.0750465,3.0546
855,18.5857,10.1491,9,2.07333,0.0728557,3.08335
856,18.0361,9.59604,8,1.54,0.0689892,3.03246
857,17.9916,9.13929,8,1.14,0.0633985,3.01558
858,19.0835,9.94581,9,1.55333,0.0694078,3.01598
859,18.7668,10.1039,9,1.47333,0.078746,3.1332
860,18.7332,10.0614,9,1.44667,0.0713786,3.15839
861,19.1665,10.7537,9,1.94667,0.0683151,3.0387
862,17.8146,10.0419,8,1.62,0.0644153,3.10428
863,19.4836,10.3186,10,1.85333,0.0686512,2.74906
864,19.4837,10.1069,10,1.7,0.0694275,2.75225
865,19.4818,11.0911,10,2.56,0.0734774,2.79941
866,19.4815,10.4962,10,1.91333,0.0739267,3.0998
867,19.4838,10.4188,10,2.20667,0.0674519,2.81217
868,19.482,11.2423,10,2.58,0.0691029,2.91931
869,18.9501,10.0532,10,2.03333,0.0697331,2.95457
870,18.8176,9.97186,10,1.87333,0.0658362,2.75714
871,17.9732,9.956,7,1.57333,0.10058,3.60851
872,18.3025,9.49596,8,1.66,0.0680284,3.47587
873,18.1343,10.4111,7,2.12,0.0775567,3.53012
874,18.8518,10.3497,9,2.41333,0.0713368,3.44653
875,19.2474,10.8532,9,2.07333,0.167197,3.48259
876,19.4827,9.54939,10,2.14,0.078011,3.11813
877,19.4834,10.999,10,2.57333,0.0756883,2.82396
878,18.7593,9.45263,9,1.92,0.067943,3.11841
879,18.9639,9.85358,9,2.08667,0.065879,3.00468
880,19.484,10.8239,10,3.18667,0.0707595,2.82292
881,19.4838,10.7187,10,3.06,0.0751902,3.24197
882,19.4836,10.9977,10,2.91333,0.0994899,3.47084
883,19.4826,11.5865,10,2.82667,0.176949,3.48895
884,18.8422,10.7702,9,2.48,0.0692706,3.12345
885,18.7732,11.3498,9,2.93333,0.0669272,3.14709
886,19.4842,11.0635,10,2.49333,0.0691242,3.18264
887,19.4841,11.3035,10,3.11333,0.070354,2.85273
888,18.9211,11.1626,9,2.94667,0.0695658,3.09361
889,18.7986,11.2374,9,2.76667,0.0670195,2.8666
890,19.168,10.3666,9,2.68,0.0664126,2.83924
891,19.4842,11.9198,10,3.24667,0.0724586,3.03504
892,19.0215,10.5959,10,2.87333,0.0671354,3.03105
893,19.1065,11.4806,9,2.88,0.0637442,2.74179
894,19.1667,11.6857,9,2.94667,0.0730286,3.12207
895,18.7719,11.5244,8,2.56,0.0700854,2.77972
896,19.4829,11.6181,10,3.41333,0.0692092,2.72507
897,19.0704,11.0113,9,2.57333,0.0713705,3.08943
898,19.4842,11.9593,10,3.16,0.0774927,3.20789
899,19.4833,11.2928,10,3.06,0.0764099,3.15748
900,19.4851,12.3664,10,3.52,0.0697366,3.05717
901,18.6422,9.62979,8,2.08,0.0841551,3.51804
902,18.9721,9.1721,9,1.84667,0.0659925,3.32649
903,19.4837,9.16323,10,1.67333,0.230875,3.75912
904,18.8078,9.87549,9,1.82,0.0724877,3.56698
905,19.0247,9.88697,9,1.84667,0.0678461,3.10458
906,17.8355,9.66101,8,1.70667,0.070107,3.07304
907,19.4846,10.4874,10,2.61333,0.0712001,3.46044
908,18.8129,10.1322,10,2.08,0.0701411,3.50551
909,18.5016,9.90824,8,1.68667,0.0663127,3.18528
910,19.0773,10.105,9,2.31333,0.0698828,3.22551
911,18.6882,9.72423,9,1.8,0.0781855,3.49078
912,19.4839,10.3514,10,2.04,0.0709063,3.28587
913,19.485,10.115,10,2.17333,0.0676579,2.94866
914,18.4891,10.2669,10,1.96667,0.0779883,3.26491
915,19.4829,10.3272,10,2.28667,0.0661826,3.18604
916,18.6985,10.9943,9,2.62667,0.0698258,3.07789
917,19.4833,10.2201,10,2.34,0.0753911,2.94797
918,19.4841,10.8195,10,2.49333,0.0708701,3.31498
919,19.482,10.7021,10,2.62667,0.0711704,3.04526
920,18.6846,9.77415,10,2.16667,0.0690398,3.12155
921,18.8527,10.5862,10,2.26,0.0750784,2.99875
922,19.142,10.2323,9,2.21333,0.0673629,3.1198
923,18.5384,10.9338,9,2.42,0.0649894,2.85203
924,19.4842,10.4914,10,2.13333,0.0648794,2.95271
925,19.4827,10.467,10,2.25333,0.0691793,3.03223
926,19.484,11.0403,10,2.78667,0.0734653,2.84082
927,19.4838,9.68078,10,2.28,0.0669865,2.88137
928,19.4839,10.7146,10,2.37333,0.066404,2.83226
929,19.4822,11.1842,10,2.53333,0.0806967,2.8536
930,19.4846,10.5545,10,1.97333,0.06346,2.84671
931,18.7949,8.99637,9,1.79333,0.0776438,3.53515
932,18.7965,10.3269,10,2.10667,0.0912253,3.27904
933,19.4843,10.5911,10,2.58,0.147928,3.40585
934,19.0273,10.2537,9,2.33333,0.102774,3.55845
935,18.7125,10.1761,9,2.26,0.0686787,3.3057
936,19.4847,9.53899,10,2.23333,0.0695159,3.23859
937,19.484,10.7506,10,2.46667,0.0690307,3.12681
938,19.2659,9.21557,9,1.78,0.0680999,3.2072
939,18.6875,10.0229,9,2.10667,0.129813,3.34053
940,18.2846,9.39388,8,1.84,0.0638919,3.10517
941,18.8191,10.5417,9,2.26,0.0668213,3.0086
942,19.4845,10.7002,10,2.50667,0.0678787,3.03093
943,19.2088,10.1431,9,2.14667,0.0654684,3.41879
944,19.4833,10.3239,10,2.26667,0.0676136,3.1341
945,19.4831,10.5423,10,2.06,0.0685371,3.36625
946,19.2228,10.3062,10,2.22667,0.0980428,3.28428
947,19.4842,10.867,10,2.28,0.0783739,3.58362
948,18.6148,9.88881,9,2.09333,0.291422,3.29664
949,19.4835,11.1677,10,2.35333,0.0698892,3.03319
950,19.0811,9.96833,9,1.72,0.0675159,3.17378
951,19.4846,10.0504,10,1.9,0.0770699,3.29904
952,19.4832,11.0515,10,2.35333,0.0658682,2.8429
953,19.4836,10.2996,10,2.2,0.0756754,3.09811
954,19.4833,10.9944,10,2.60667,0.0827806,3.14725
955,19.2089,10.2918,9,1.77333,0.0725964,3.20803
956,19.4831,10.6672,10,1.78,0.0707997,3.27648
957,19.4827,10.4034,10,2.29333,0.0777002,2.84435
958,19.4819,10.211,10,1.84,0.0685246,2.87834
959,19.1415,9.75941,10,1.65333,0.103768,3.12532
960,18.6161,9.9764,9,1.44,0.0658287,2.94234
961,17.722,9.73261,8,1.98,0.0664314,3.30423
962,19.4831,10.9826,10,2.54667,0.0715591,3.47399
963,18.595,9.38676,9,1.58,0.0859505,3.55385
964,18.9001,9.21039,9,2.39333,0.0657267,3.28731
965,18.7649,8.78478,9,1.96,0.145022,3.12531
966,19.4822,9.14684,10,2.46,0.0742569,2.88684
967,18.5298,9.0788,10,1.79333,0.0678215,3.05373
968,19.484,9.19368,10,2.34667,0.0708702,3.11247
969,19.4842,10.1596,10,2.70667,0.0738918,2.91238
970,18.23,10.0708,8,2.07333,0.0665808,2.81698
971,18.1473,10.314,8,1.73333,0.0659311,2.90707
972,19.4844,9.3383,10,1.6,0.0685545,3.23573
973,19.4838,9.46768,10,1.68667,0.0704611,3.05158
974,18.8568,10.3692,9,2.44,0.0755767,2.67586
975,18.5177,9.63308,9,2.06667,0.071627,3.14132
976,19.1879,9.68431,9,1.76667,0.0718404,3.31022
977,18.9494,9.69645,9,1.97333,0.0887616,2.72112
978,18.7096,9.70805,9,1.88,0.0877909,2.75473
979,17.9515,10.1048,9,1.73333,0.0798877,2.97688
980,19.4846,10.059,10,1.68,0.0659109,2.68988
981,19.4835,10.8421,10,2.11333,0.0706212,2.85372
982,19.4836,10.0552,10,1.79333,0.0682104,2.87874
983,18.7146,10.1647,9,1.78667,0.0668432,2.93706
984,19.3003,10.6625,9,2.02667,0.0690394,2.96242
985,19.4828,10.1189,10,2.18667,0.0698041,2.92167
986,18.2947,10.1855,10,2.13333,0.0703401,2.69159
987,18.5074,9.87733,9,1.56,0.0659692,2.72259
988,19.4839,10.1228,10,1.93333,0.06805,2.80979
989,19.484,10.3722,10,2.28667,0.0691437,2.79463
990,19.4823,11.2753,10,2.64,0.0789974,2.68323
991,18.3609,10.5698,10,2.90667,0.152047,2.68486
992,19.4832,11.0439,10,2.64667,0.0687083,2.80928
993,18.6613,11.209,9,2.66,0.0683146,2.59584
994,19.2823,10.2647,9,2.14667,0.0672256,2.56662
995,19.4827,10.6498,10,2.18,0.0838395,2.65901
996,18.5336,10.7733,10,2.00667,0.0675297,2.56103
997,19.4836,11.6171,10,2.53333,0.0700527,2.81345
998,18.6729,9.97875,9,1.82667,0.0658291,2.89379
999,19.4825,11.1979,10,2.48,0.0728341,2.64575
1000,19.0035,11.1637,9,1.83333,0.0700295,2.96083
