1,10.4828,3.01493,6,0.273333,0.0860158,1.04307
2,10.9328,3.68602,6,0.14,0.0794034,1.05705
3,10.9537,4.62549,5,0.266667,0.0696793,0.996286
4,14.8361,5.2629,8,0.253333,0.0703179,0.878877
5,12.2537,5.49933,3,0.56,0.0692655,1.2105
6,11.3157,5.232,5,0.373333,0.066888,0.96796
7,13.6591,5.27893,6,0.54,0.0705198,1.12043
8,11.6574,4.75188,8,0.266667,0.0714988,0.927618
9,11.0578,5.19411,4,0.18,0.0673645,0.964159
10,12.5893,5.53584,3,0.0866667,0.0655028,0.838339
11,12.8847,5.36752,3,0.0733333,0.0706574,0.923253
12,15.1818,5.45563,5,0.233333,0.0681708,0.950702
13,14.7023,5.33891,3,0.113333,0.0652377,0.785641
14,11.12,5.75153,3,0.06,0.0662602,0.700999
15,13.627,5.54711,3,0.146667,0.071766,0.82627
16,13.9781,5.43227,4,0.226667,0.0651818,0.859578
17,12.8647,5.80235,4,0.186667,0.0712046,0.990582
18,11.2803,5.71373,6,0.193333,0.0648731,0.759563
19,12.3634,6.23842,8,0.346667,0.0688346,0.917913
20,12.783,6.3035,4,0.24,0.0674375,0.902081
21,13.2462,6.32749,3,0.173333,0.0679743,1.20294
22,14.5938,6.41175,7,0.3,0.0681585,1.02305
23,13.2141,6.38041,5,0.273333,0.0663583,0.924849
24,13.413,6.20991,6,0.293333,0.0681715,1.01427
25,14.9202,6.37615,5,0.38,0.0683516,1.13632
26,16.5896,6.5252,7,0.193333,0.0647253,0.923053
27,17.1482,6.5382,7,0.3,0.0702057,1.26818
28,17.9833,6.22646,5,0.273333,0.0653364,1.18446
29,13.8036,6.69904,4,0.193333,0.0658485,1.02623
30,17.2743,6.21909,6,0.326667,0.0655028,1.03011
31,16.1425,6.33464,4,0.16,0.0654525,1.26402
32,13.7291,6.39167,5,0.213333,0.0681867,1.15989
33,13.0955,6.84625,4,0.166667,0.0675431,1.21124
34,17.3947,6.4019,4,0.346667,0.0679381,1.26859
35,17.3389,6.72488,4,0.22,0.0677504,1.10369
36,16.9051,7.37151,6,0.38,0.0713517,1.34147
37,15.4491,7.74685,5,0.44,0.0699446,1.36519
38,15.935,7.13959,5,0.306667,0.0647897,1.22591
39,14.5708,6.87852,5,0.38,0.0684562,1.19447
40,16.4114,7.5107,5,0.313333,0.0681514,1.11898
41,17.7916,7.58779,5,0.38,0.0666875,1.20075
42,14.0607,7.43888,4,0.326667,0.0652816,1.14421
43,14.6462,7.25733,9,0.36,0.0713615,1.27947
44,17.6713,7.08561,7,0.34,0.0707941,1.18547
45,16.5149,7.69303,3,0.333333,0.0683174,1.38608
46,17.1797,7.93893,5,0.38,0.0691421,1.20432
47,15.7132,7.86703,7,0.393333,0.0678798,1.33089
48,17.7306,7.61494,10,0.52,0.0708818,1.28186
49,16.2346,6.89423,8,0.46,0.0686726,1.281
50,17.2548,7.03412,9,0.533333,0.0661156,1.27889
51,18.3678,7.25888,9,0.433333,0.0649681,1.17213
52,18.0488,7.22065,8,0.353333,0.0676965,1.23804
53,18.0623,7.16722,7,0.6,0.0721174,1.43032
54,18.6129,7.33277,9,0.593333,0.0743913,1.26431
55,18.0885,7.78422,7,0.586667,0.0650968,1.1629
56,19.3647,7.63743,9,0.713333,0.0632027,1.33717
57,18.2898,7.79249,9,0.713333,0.0666827,1.18181
58,19.3488,7.57374,9,0.646667,0.0697182,1.18889
59,16.9534,8.1898,10,0.8,0.0672969,1.30801
60,17.3088,7.72423,7,0.593333,0.0662255,1.08495
61,18.5599,7.75567,9,0.64,0.0715191,1.17366
62,18.8202,8.03566,9,0.613333,0.0698845,1.16131
63,18.8639,7.68746,9,0.9,0.071765,1.12531
64,17.6778,8.29719,8,0.98,0.0714051,1.33788
65,18.0197,7.80774,9,0.58,0.065089,1.36252
66,18.068,8.39784,7,0.633333,0.067695,1.25003
67,16.7428,8.28471,8,0.726667,0.0668967,1.48057
68,16.8167,8.40056,9,1.36,0.0727254,1.45502
69,17.7301,8.4723,8,1.35333,0.0740532,1.58597
70,18.6554,7.98925,9,0.853333,0.06338,1.39729
71,19.2834,7.94118,9,0.933333,0.0722058,1.3644
72,16.4718,7.65521,7,0.7,0.0657952,1.38821
73,15.2345,8.12116,7,0.72,0.0680246,1.34212
74,17.8187,7.84372,6,0.48,0.0640455,1.41223
75,17.7382,7.91886,7,0.546667,0.066613,1.25629
76,17.2881,7.62828,8,0.693333,0.0674582,1.25127
77,19.4856,8.04301,10,0.926667,0.0686985,1.36266
78,17.6217,8.56697,7,0.953333,0.0699464,1.65775
79,18.3368,7.80905,9,0.713333,0.0642117,1.28395
80,17.7303,8.03978,10,0.94,0.0688849,1.45572
81,18.839,8.059,9,0.84,0.0696625,1.53846
82,15.8054,7.75501,5,0.446667,0.0673446,1.44273
83,14.8296,8.3305,6,0.813333,0.0687826,1.23032
84,16.931,8.61774,7,0.78,0.0686088,1.28268
85,17.3867,8.67076,8,0.68,0.0767637,1.41679
86,16.362,8.75043,6,0.653333,0.0689816,1.52811
87,16.7511,7.87979,5,0.473333,0.0678199,1.38547
88,18.6167,7.92044,8,0.613333,0.0702484,1.32005
89,14.8677,8.25838,6,0.58,0.0777246,1.36469
90,14.3025,7.5567,5,0.606667,0.0748851,1.22956
91,18.2276,7.52249,6,0.293333,0.065378,1.35916
92,16.319,7.59384,6,0.393333,0.0692411,1.25013
93,15.5379,8.62419,7,0.546667,0.0718837,1.23279
94,17.8464,7.86622,8,0.933333,0.0675587,1.22096
95,16.2988,7.59939,7,0.88,0.0663835,1.26177
96,16.4888,7.60395,6,0.72,0.0680744,1.36573
97,16.0458,8.009,5,0.846667,0.0675594,1.54166
98,16.3384,8.72836,5,0.573333,0.0787277,1.53805
99,13.2687,8.0063,5,0.56,0.0717347,1.53697
100,14.9199,7.74805,8,0.646667,0.078173,1.77078
101,15.4289,6.88777,6,0.42,0.0673548,1.54422
102,14.0618,8.06169,6,0.633333,0.0695648,1.57664
103,15.3246,8.08004,4,0.36,0.0683497,1.62909
104,15.2015,8.46632,6,0.646667,0.0711237,1.5429
105,14.1241,8.15209,3,0.306667,0.0791652,1.58924
106,18.234,7.66262,7,0.28,0.069784,1.52618
107,17.0612,8.05593,6,0.546667,0.0677603,1.37666
108,18.4865,10.5062,8,1.66,0.0683382,1.58818
109,17.7436,9.58487,7,1.94667,0.0711822,1.77923
110,17.8498,7.93265,7,0.793333,0.06885,2.08336
111,17.5877,8.42154,7,1.04667,0.0757563,2.02484
112,17.6684,8.09583,8,0.686667,0.0695269,1.62525
113,15.8115,8.06612,7,0.693333,0.066844,1.91787
114,17.808,7.73408,7,0.593333,0.0680725,1.92764
115,15.7668,8.69036,5,0.906667,0.0691716,2.12954
116,17.0508,8.66206,7,0.846667,0.070288,1.93266
117,18.2521,8.68786,7,0.8,0.0682315,2.16954
118,17.9718,8.87852,8,1.16,0.0704061,2.23427
119,17.1256,8.53148,6,0.52,0.0736344,2.06058
120,16.4973,8.7051,7,0.86,0.0656366,1.88111
121,15.7492,8.93407,8,0.886667,0.0668706,2.05222
122,15.076,8.45166,9,1.1,0.0694342,2.33517
123,19.4814,8.90968,10,1.11333,0.0684373,2.03057
124,17.3081,9.6968,9,1.14,0.0708982,2.17507
125,18.7994,9.23026,9,1.12,0.0665668,2.07666
126,17.0481,9.64605,7,0.8,0.0704879,2.03809
127,16.0931,8.55221,5,0.653333,0.0671105,2.07951
128,16.7949,9.12174,7,0.693333,0.071383,2.22335
129,19.0462,9.49641,9,1.12667,0.0741989,1.95727
130,19.2383,9.83089,9,1.20667,0.0725332,2.06717
131,16.3417,9.2613,5,0.933333,0.0674389,2.21236
132,16.899,9.70266,6,1.32,0.0713325,2.21987
133,16.3704,9.50166,6,1.06667,0.0705634,2.03708
134,17.4318,9.15877,8,0.7,0.0709281,1.96169
135,16.509,9.35006,7,1.12,0.0772807,2.22306
136,18.5584,9.72727,7,1.38,0.0813819,2.14016
137,16.8215,9.29419,6,0.813333,0.0694865,2.2514
138,15.9254,9.23727,7,1.34667,0.156996,2.71686
139,17.6453,9.01848,8,1.48667,0.0727081,2.80826
140,16.0324,9.60339,5,0.933333,0.0679816,2.37351
141,16.9563,8.76198,9,1.05333,0.0692409,1.95921
142,17.0842,9.68512,9,0.913333,0.0857433,1.99166
143,18.7185,8.15667,9,0.8,0.0783177,2.28135
144,17.0465,9.49124,7,1.27333,0.0672315,2.04571
145,16.0508,9.02104,7,1.20667,0.0665694,2.08601
146,16.6009,9.34159,6,1.46,0.0667295,2.04381
147,17.8785,9.93343,8,1.91333,0.0732207,2.2801
148,18.8044,9.51894,9,1.61333,0.0697432,2.40874
149,17.6745,9.595,9,2.04667,0.0662468,2.07835
150,18.5985,10.9353,9,2.34667,0.0683699,2.22814
151,19.1217,9.98872,9,1.92,0.0789519,2.26996
152,18.5271,9.26014,9,1.46667,0.0687536,2.12443
153,18.192,10.8151,9,2.61333,0.0679681,1.88368
154,17.8395,10.0088,8,2.14,0.0667449,2.41363
155,16.4241,9.66566,8,1.55333,0.0666841,2.37017
156,17.6139,10.5755,9,2.14667,0.224131,2.32923
157,18.3042,9.96897,9,2.08667,0.063791,2.07602
158,18.0551,10.5304,8,2.28,0.124778,2.31371
159,17.9395,9.11706,7,1.56667,0.0655331,2.32423
160,16.9303,9.3745,7,1.77333,0.0714514,2.2661
161,17.4781,8.59043,8,1.70667,0.0676652,2.36036
162,17.3981,9.27201,7,1.31333,0.0659009,2.07489
163,17.4537,9.69991,8,1.62,0.0662502,2.30213
164,15.9224,9.52405,6,1.56,0.0718388,2.499
165,17.1842,10.0135,9,2.00667,0.0668585,2.33499
166,17.1335,10.1812,8,1.98667,0.0676264,2.34562
167,16.1854,9.10755,8,1.38667,0.0901799,2.3317
168,18.1418,10.3895,7,2.55333,0.0726062,2.63231
169,18.2851,9.54183,9,1.76667,0.0667357,2.30549
170,17.4186,9.99727,7,2.01333,0.0703351,2.78436
171,15.8477,8.9368,6,1.6,0.0833671,2.22125
172,17.8712,9.48287,7,1.68,0.0684229,2.24896
173,16.7992,9.3245,8,1.46667,0.0691714,2.39447
174,16.3958,8.75217,8,1.39333,0.0792363,2.28389
175,19.4832,8.68082,10,1.23333,0.0751872,2.28104
176,18.1558,8.5294,9,1.67333,0.0686954,2.3075
177,17.2495,8.88706,6,1.28,0.0743971,2.37057
178,17.3255,9.6024,9,2.34,0.068536,2.55228
179,18.3505,9.24058,9,1.99333,0.0708685,2.45766
180,15.9979,8.9406,10,1.48667,0.079558,2.52741
181,17.7666,8.96716,8,1.46,0.094884,2.56103
182,18.6958,9.49772,10,1.83333,0.0691823,2.33652
183,16.6841,9.26996,8,2.03333,0.0849391,2.56175
184,17.5751,9.374,9,1.7,0.067912,2.58053
185,19.4824,9.9062,10,2.14,0.0717897,2.5257
186,17.1187,9.62875,7,1.68667,0.0671699,2.41408
187,17.2568,9.6717,7,1.87333,0.0678998,2.70818
188,17.7889,9.409,8,2.19333,0.0677141,2.55024
189,18.8489,9.75471,9,2.16,0.070796,2.7397
190,18.1133,9.22875,8,2.11333,0.0700709,2.60225
191,16.5272,9.10194,8,1.50667,0.0648112,2.47811
192,18.043,9.98122,9,2.09333,0.0695171,2.59547
193,18.4647,9.97426,9,1.78667,0.099342,2.69219
194,18.042,9.75206,8,1.65333,0.127696,2.5331
195,19.4838,9.13468,10,2.09333,0.0694353,2.44821
196,19.2225,9.63495,9,1.47333,0.0748204,2.60529
197,18.2075,9.54675,8,1.59333,0.0680645,2.36281
198,19.0918,11.255,9,2.96667,0.0703993,2.95255
199,18.6135,11.3162,9,2.85333,0.47615,2.89779
200,19.1653,11.0026,9,2.77333,0.0905496,2.63254
201,18.5491,10.8985,8,2.27333,0.0663124,2.84049
202,19.1924,10.4342,9,2.98667,0.0685739,2.66574
203,19.2075,10.9679,10,2.91333,0.065753,2.63564
204,19.4834,10.7385,10,2.88667,0.0813505,2.88718
205,19.0167,10.7499,9,2.55333,0.0867135,2.92345
206,18.8502,11.2479,9,2.61333,0.0976294,3.06262
207,18.284,9.92983,9,2.09333,0.0671331,3.012
208,18.9496,10.1721,9,2.36,0.0715304,2.98589
209,19.0907,11.1527,9,3.08,0.0701143,2.78675
210,18.2355,10.7754,9,2.46,0.0683773,2.7364
211,17.6379,10.4308,8,2.33333,0.0698439,2.8627
212,19.2172,10.914,9,2.98,0.0700007,2.67296
213,19.4827,11.3795,10,3.01333,0.0685731,2.71149
214,19.1899,10.9749,9,2.74,0.0682093,2.7259
215,19.4827,11.5974,10,3.04667,0.0739059,2.96719
216,19.4824,10.7715,10,2.95333,0.149158,2.95111
217,19.4834,11.2713,10,2.96,0.0729234,2.81483
218,17.7517,10.2329,8,2.17333,0.0722313,2.56412
219,18.7843,10.3747,9,2.51333,0.0658833,2.50196
220,18.8945,10.2009,9,2.09333,0.0690665,2.86506
221,17.9782,9.64938,8,1.51333,0.0632001,2.57283
222,18.7584,10.1675,8,1.94,0.0770546,2.73068
223,18.287,10.833,8,2.66667,0.0714435,2.61019
224,18.5157,10.0455,8,2.01333,0.0691087,2.73677
225,19.1379,10.2234,9,2.44667,0.0694836,2.6717
226,18.2982,10.2046,9,2.24,0.0676127,2.55998
227,19.3124,10.6686,10,2.85333,0.07448,2.56474
228,18.5224,8.82746,8,2.06667,0.0908834,3.38037
229,18.5765,10.6184,9,2.66667,0.0704317,3.26611
230,18.116,10.7238,8,2.09333,0.353695,3.25796
231,17.7938,9.42272,9,1.88,0.0712843,2.86659
232,18.7611,9.24957,9,2.34667,0.0684285,2.74235
233,18.0768,9.78263,9,2.15333,0.0714789,3.02628
234,18.5383,9.6189,9,2.25333,0.0689983,2.59664
235,18.1077,9.73825,8,2.15333,0.063569,2.52042
236,19.2134,10.9272,10,3.05333,0.0699316,2.95477
237,18.8939,10.0209,8,1.84667,0.0663136,2.71136
238,18.4741,9.84819,8,2.11333,0.0682573,3.15654
239,18.7706,9.96155,9,2.74,0.0710548,2.72956
240,18.1739,9.85169,9,2.15333,0.0654218,2.72757
241,19.3758,9.97948,9,2.02,0.0676693,2.82849
242,19.4829,10.2723,10,2.20667,0.0680935,2.61764
243,19.484,10.5836,10,2.79333,0.071501,3.13848
244,18.1866,10.5545,9,2.45333,0.0703118,2.99905
245,18.7523,10.6174,10,2.17333,0.0671884,2.82744
246,18.6844,10.3252,10,2.63333,0.067329,2.73341
247,19.1699,10.5326,9,2.54,0.0682454,2.73321
248,18.7803,10.7334,9,2.21333,0.062832,2.59798
249,17.882,10.1748,8,1.89333,0.0694426,3.02838
250,18.9829,10.9533,9,2.41333,0.066577,2.75996
251,18.5702,10.2417,8,2.38,0.0676378,2.83521
252,18.1121,10.0801,9,2.22667,0.0672701,2.7527
253,18.3982,11.4102,8,2.38,0.0671162,2.71096
254,18.8608,10.7073,8,2.15333,0.0666767,2.70642
255,18.7808,10.5366,9,2.11333,0.0689918,3.07459
256,18.7587,10.8959,9,2.37333,0.0644667,2.66673
257,19.4839,11.0889,10,3.07333,0.067516,2.68363
258,17.8996,10.2681,9,2.64,0.0689006,2.96397
259,17.7516,10.3971,8,2.42,0.0714708,2.98652
260,19.1205,10.8954,10,3.34667,0.0699273,2.70805
261,18.4708,9.37028,8,2.4,0.0693614,3.03213
262,17.8667,9.46081,8,2.14667,0.0636473,2.6303
263,19.2245,9.78621,9,2.2,0.0673231,3.09614
264,18.5171,10.4176,10,3.08667,0.0689597,2.91228
265,19.4832,10.2285,10,2.52,0.0655262,2.64804
266,18.2697,9.48268,8,2.29333,0.0763997,3.10688
267,19.4841,10.0097,10,2.35333,0.0694249,2.88192
268,18.9579,9.30191,9,2.34,0.0656922,2.50247
269,19.4831,10.0602,10,2.14667,0.0690799,2.90751
270,18.8633,10.2262,9,2.26667,0.0850356,2.60795
271,18.5243,10.0661,9,1.98667,0.070415,2.82504
272,19.0409,9.99338,9,2.04667,0.0710618,2.72162
273,18.9501,10.0937,9,2.46,0.0737767,3.13553
274,19.1876,10.1993,9,2.38,0.0872309,2.93899
275,17.6957,9.69824,9,1.90667,0.0668149,2.69298
276,18.9399,9.91117,9,2.64667,0.0665676,2.69188
277,19.1168,10.7859,9,2.62,0.0677104,2.61795
278,18.7731,10.1993,8,2.18667,0.0649733,2.59615
279,19.4834,9.57503,10,2.70667,0.0676296,2.72082
280,18.2417,9.63391,7,1.57333,0.0664329,2.72824
281,18.406,9.93562,9,1.91333,0.0701318,2.70238
282,19.4844,10.1138,10,2.08667,0.0727274,2.71363
283,19.4817,10.5605,10,2.1,0.0678401,2.6612
284,19.484,10.7258,10,2.46667,0.0709382,2.82509
285,19.0367,10.6351,8,2.08667,0.0663536,2.63277
286,17.8629,10.3992,8,1.67333,0.0812403,2.87728
287,19.2781,10.051,9,2.36667,0.0654312,2.51097
288,18.4315,10.1886,9,2.77333,0.0699106,3.00675
289,18.6326,9.99635,9,2.72667,0.0672185,2.87395
290,17.6536,9.55486,8,2.34,0.0715386,2.89247
291,18.7001,8.93113,9,1.68,0.0672007,2.56824
292,18.5614,9.15267,8,1.93333,0.0669795,2.4801
293,18.412,10.3605,10,2.14667,0.0678651,2.64065
294,19.0074,10.2666,9,2.21333,0.0643456,2.78406
295,18.7213,9.61488,8,1.97333,0.0663703,2.95421
296,18.3656,10.4341,8,2.3,0.107036,3.12387
297,17.7801,10.2312,8,2.18667,0.0697829,3.18249
298,18.6114,10.6241,9,2.38667,0.0681598,3.09661
299,18.396,10.5269,8,2.4,0.148721,3.21814
300,18.8863,10.341,9,2.27333,0.0702312,2.98653
301,19.4822,10.634,10,2.18667,0.0717071,2.9364
302,19.4837,9.98822,10,2.59333,0.073978,2.78028
303,19.0799,10.8427,9,2.38667,0.0684831,2.70145
304,19.1143,9.85441,9,2.47333,0.0705085,2.62704
305,19.4841,9.51306,10,2.04,0.0669379,2.64436
306,18.9902,9.63583,9,2.01333,0.0677574,2.89838
307,19.4821,9.82512,10,2.24667,0.0717095,2.6615
308,19.4819,9.80434,10,2.09333,0.0662039,2.53343
309,18.4189,10.0021,8,2.18,0.0695917,2.79491
310,19.1656,10.7268,9,2.6,0.0858643,2.71963
311,19.0996,10.3369,9,2.22667,0.068776,2.67876
312,18.4183,10.4228,9,2.24,0.0768881,2.43306
313,19.4832,9.71676,10,2.32,0.0673832,2.32739
314,19.4826,9.11704,10,1.78,0.070414,2.54773
315,19.4842,10.3668,10,2.15333,0.0683733,2.46145
316,19.4844,10.0661,10,1.88667,0.068049,2.59352
317,18.8737,10.0397,8,2.02,0.0835509,2.54416
318,17.7678,10.0745,7,2.08,0.0686947,2.71019
319,19.4825,10.2693,10,2.52,0.0675169,2.63203
320,19.4819,11.4447,10,2.78,0.072454,2.48221
321,19.4828,9.77263,10,2.06667,0.0682119,2.7248
322,17.8978,9.90019,7,1.84,0.0688057,2.62306
323,18.9042,9.9543,9,1.94,0.0670032,2.57632
324,19.4826,9.75681,10,2.20667,0.0695548,2.57453
325,18.9138,8.87816,9,1.62,0.0682569,2.69801
326,19.2359,10.7867,10,2.89333,0.0689867,2.36812
327,18.8715,10.0949,9,2.46667,0.0686243,2.48212
328,19.1002,10.3419,9,2.34,0.0712728,2.49941
329,18.5204,10.0505,9,2.47333,0.0696937,2.57591
330,18.9449,10.4706,9,2.45333,0.0645711,2.70114
331,18.6472,9.44286,8,1.97333,0.0624505,2.57172
332,18.5767,10.0577,9,2.3,0.0791212,2.65814
333,18.0258,9.53133,10,2.23333,0.0705207,2.70729
334,18.7492,9.89863,8,2.1,0.0676098,2.60902
335,17.5601,9.8818,8,1.88,0.0677281,2.58143
336,19.4829,10.3709,10,2.89333,0.0672335,2.2755
337,18.9824,10.7339,9,2.76,0.0700075,2.56163
338,18.1071,10.5541,8,2.49333,0.0676983,2.48297
339,19.484,11.165,10,2.72667,0.0769094,2.42013
340,19.2885,10.6729,10,2.94667,0.074991,2.67126
341,18.8222,10.0915,9,2.61333,0.076111,2.59327
342,19.4829,10.4547,10,2.64667,0.0677263,2.37019
343,19.4833,10.537,10,2.83333,0.0681076,2.62894
344,19.2313,10.8999,10,2.66,0.0693826,2.35874
345,19.1021,10.5091,9,2.64,0.0686374,2.56827
346,18.2919,10.5097,9,2.74667,0.0682877,2.5202
347,18.5622,10.9089,9,2.81333,0.0723175,2.58711
348,19.4826,10.6699,10,3.1,0.0695867,2.03074
349,19.0147,9.35269,9,2.14,0.0650872,2.08821
350,17.8262,9.56362,10,1.94667,0.069184,2.22186
351,18.2211,9.05738,8,1.79333,0.0685863,2.46323
352,18.328,8.89589,7,1.57333,0.0679843,2.34665
353,19.4836,9.31125,10,1.55333,0.068244,2.12089
354,19.1491,9.89862,9,2.29333,0.0646315,2.06975
355,18.4011,9.16051,10,1.67333,0.068445,2.40705
356,18.6508,9.62177,9,1.94667,0.0687963,2.26637
357,17.1932,9.75929,7,1.74667,0.0764689,2.56032
358,18.3043,9.3055,8,1.96667,0.0701944,2.25012
359,19.4467,9.75173,9,2.18,0.0761916,2.52873
360,19.0868,10.1602,10,2.65333,0.0678874,2.13594
361,19.2533,10.1389,10,2.74,0.0846705,2.36903
362,17.972,9.24856,8,1.97333,0.0662993,2.31465
363,18.8721,9.84674,10,2.18667,0.0685028,2.3364
364,18.9756,9.7947,10,2.38667,0.0691911,2.44308
365,18.9676,10.2022,9,2.26,0.0658401,2.32933
366,19.4855,10.6282,10,3.25333,0.068597,2.29489
367,18.5728,10.2483,9,2.84,0.0716966,2.50759
368,18.2005,9.88622,8,2.08667,0.0688042,2.4909
369,19.2163,10.6587,9,3.03333,0.072528,2.52376
370,19.2452,10.2689,9,2.23333,0.0701635,2.51963
371,18.8781,10.5152,9,2.62,0.209163,2.50639
372,19.4855,10.2672,10,2.72,0.0692415,2.8758
373,18.8806,10.4806,9,2.56,0.0682405,2.48274
374,18.6655,10.5961,8,2.3,0.0660029,2.35992
375,18.3437,10.4172,9,2.20667,0.0698804,2.46932
376,18.069,10.5951,8,1.72,0.0652532,2.34154
377,19.485,10.5584,10,2.55333,0.0719077,2.39089
378,19.254,8.69433,10,2.75333,0.0724003,2.53272
379,18.4231,8.15919,10,2.48,0.0682197,2.68164
380,18.2148,9.27633,9,2.93333,0.10828,2.76142
381,17.9613,9.52847,8,2.24667,0.0665313,2.70801
382,18.5029,8.96531,9,2.27333,0.0675302,2.68266
383,19.4838,9.77644,10,2.56667,0.0680597,2.35581
384,17.6158,9.76031,9,2.64667,0.0828951,2.61407
385,19.4838,9.87827,10,2.58,0.0713028,2.355
386,16.7927,8.42175,8,1.66,0.0677684,2.50828
387,18.7409,8.97019,9,2.05333,0.0708751,2.88438
388,17.6646,8.52405,8,1.50667,0.06276,2.46158
389,17.4732,9.14029,8,1.84,0.0691782,2.80279
390,17.8625,9.60829,7,2.02667,0.0691844,2.71118
391,18.382,9.72066,10,2.28667,0.0707715,2.62852
392,18.067,9.34387,9,1.92,0.0672045,2.59977
393,17.7995,9.29898,8,1.42,0.0644215,2.56445
394,18.1363,9.55711,8,1.71333,0.0679357,2.57424
395,17.4828,9.63933,8,1.71333,0.0681621,2.68467
396,17.9887,9.23277,8,1.68667,0.0675439,2.51761
397,18.7826,10.3491,9,2.21333,0.072535,2.58547
398,19.0331,10.4284,9,2.18,0.0699983,2.56502
399,19.0137,10.3749,9,2.42,0.0690835,2.38985
400,19.0587,9.51035,9,1.72,0.0695205,2.68974
401,18.8176,9.98462,9,1.92,0.0673966,2.45208
402,19.2627,10.4963,9,2.24667,0.0689781,2.78145
403,18.8329,9.99758,9,1.90667,0.0670122,2.70548
404,18.2281,8.83948,10,1.67333,0.0673778,2.55596
405,18.0529,9.58802,8,1.79333,0.0663068,2.3954
406,18.8188,9.76817,9,1.92,0.0673754,2.58533
407,17.2259,9.47678,8,1.42667,0.0638917,2.68387
408,17.6879,9.8708,8,2.42,0.072812,2.55794
409,17.0611,9.35153,9,2.4,0.0844402,2.56973
410,17.5584,8.89049,9,1.6,0.06712,2.29371
411,18.8143,9.45405,10,2.72,0.0669484,2.19657
412,18.3334,9.59487,10,2.3,0.0723649,2.20408
413,18.9055,8.39315,10,2.27333,0.0804858,2.38487
414,18.4888,9.03213,9,1.73333,0.069247,2.23372
415,17.4916,9.19312,8,1.82667,0.06942,2.29315
416,18.5557,9.60834,10,2.51333,0.0642803,2.14685
417,16.362,8.82713,8,1.58,0.0689789,2.47845
418,19.485,8.83025,10,2.06667,0.0674083,2.40188
419,16.9979,9.31652,8,1.3,0.0694627,2.48507
420,18.502,8.94089,8,1.78667,0.0687478,2.40598
421,17.4237,9.63749,8,2.22667,0.0726615,2.48801
422,17.7803,8.87695,7,1.94,0.0704237,2.56491
423,18.6416,9.11737,10,2.00667,0.0678243,2.51304
424,19.233,9.54259,10,2.70667,0.0687303,2.25197
425,17.3278,9.66806,8,1.98,0.0635771,2.2456
426,18.7307,9.66343,8,2.06,0.0686973,2.4545
427,19.2637,10.5824,9,2.93333,0.0725116,2.50321
428,18.2189,8.70649,8,1.65333,0.0648,2.33613
429,18.9625,9.73113,8,2.18,0.0731605,2.51871
430,18.7482,8.9187,8,1.71333,0.0664759,2.34887
431,18.3507,10.0864,8,1.96,0.0684991,2.58592
432,16.9264,9.54434,10,2.00667,0.0689201,2.62297
433,19.0737,9.55993,9,2.35333,0.0694276,2.33453
434,19.4819,9.92919,10,2.84667,0.0678537,2.54299
435,18.3804,9.83675,8,2.27333,0.0654496,2.46803
436,18.209,8.88406,8,1.72,0.0657971,2.26849
437,17.5036,8.82377,7,1.56,0.0682686,2.61896
438,16.9371,9.6812,9,2.58,0.0670671,2.1959
439,17.9494,10.0979,8,2.48667,0.0663663,2.23667
440,18.3055,9.8675,9,2.58667,0.0680468,2.03235
441,17.4596,9.20076,7,2.39333,0.0667926,1.77337
442,17.6312,9.09009,9,2.28667,0.0695809,1.82275
443,18.0282,9.74319,8,2.14,0.0686408,1.82736
444,16.7941,9.26919,9,2.1,0.0658078,1.72681
445,18.9081,9.32166,8,2.03333,0.0643041,1.82382
446,19.2295,9.09222,9,1.84667,0.0692162,1.91358
447,17.3621,9.53178,9,2.1,0.0691581,2.21212
448,18.4272,9.3456,9,1.97333,0.0671737,2.27539
449,18.5556,10.6136,8,2.97333,0.0641603,2.17092
450,18.713,10.7426,9,3.22667,0.0692193,2.45467
451,18.9498,9.84963,9,3.02,0.0685014,2.26182
452,17.1293,9.54216,8,2.22,0.0662583,2.398
453,18.3864,9.71373,9,2.62,0.0667736,2.24405
454,18.3872,10.0475,8,2.31333,0.06705,2.26736
455,17.6577,9.66102,7,1.67333,0.0664199,2.47776
456,18.2443,10.3137,8,2.08667,0.0694613,2.27499
457,16.377,9.98192,7,1.87333,0.0673606,2.33179
458,19.298,10.463,9,3.26,0.0658369,2.06122
459,17.4803,10.0589,7,1.58667,0.0650615,2.34367
460,17.0443,9.89103,8,1.68667,0.0802741,2.49083
461,18.0827,9.94424,8,2.12667,0.0659591,2.3795
462,18.2899,9.7599,8,2.02667,0.0679555,2.49772
463,18.94,10.2903,9,2.25333,0.0684705,2.35423
464,17.4623,9.89028,8,1.76667,0.0659966,2.48982
465,16.9907,10.2089,8,1.76,0.0662291,2.38284
466,17.7376,10.1424,10,1.97333,0.0683224,2.53028
467,16.9001,9.71425,9,1.92,0.0656236,2.55014
468,19.4829,9.83726,10,2.76667,0.0675836,1.98196
469,18.9352,9.1017,9,2.18667,0.0649636,2.27191
470,19.483,9.40377,10,2.2,0.0672156,2.57093
471,18.9256,8.95881,9,1.76667,0.0668474,2.49785
472,18.9707,9.79148,9,2.03333,0.0641677,2.26541
473,18.0638,9.04724,9,2,0.0685615,2.51608
474,18.314,9.37831,9,2.5,0.0705631,2.69933
475,18.1419,9.96,10,2.37333,0.0696304,2.78299
476,17.653,9.92411,8,2.26,0.0691187,2.62534
477,19.483,9.25259,10,1.73333,0.0634902,2.51125
478,18.1527,9.36608,9,1.86,0.0694925,2.47775
479,19.0258,9.15601,9,2.01333,0.0681,2.82436
480,18.2672,9.84984,10,2.54667,0.0687199,2.48025
481,19.483,9.8313,10,2.14,0.067571,2.34648
482,17.4864,9.27611,7,2.06667,0.0654131,2.41811
483,18.9621,9.94316,9,2.03333,0.0684594,2.63956
484,19.4824,9.4912,10,2.08667,0.0664615,2.66983
485,19.3564,8.4244,9,1.68,0.067936,2.81338
486,19.4835,9.53396,10,2.08667,0.0696486,2.66784
487,18.117,9.1167,9,1.90667,0.0680309,2.5974
488,17.5535,9.29123,8,1.68667,0.0677529,2.47696
489,19.1459,9.09704,9,1.37333,0.067616,2.55647
490,17.5566,9.41561,7,1.43333,0.0695689,2.75248
491,18.185,8.70362,8,1.37333,0.0688336,2.90512
492,18.4515,9.79142,10,2.35333,0.0671174,2.65271
493,19.1135,9.79175,9,1.99333,0.068296,2.66167
494,19.4717,9.89168,9,2.04,0.0655781,2.62554
495,19.2651,9.92467,9,2.08667,0.0723355,2.55269
496,18.8926,9.65235,10,1.99333,0.0657918,2.39205
497,17.8441,9.17584,9,1.59333,0.0684699,2.64163
498,19.4821,10.6033,10,3.22667,0.0735859,2.74777
499,18.8237,9.39792,9,2.12,0.0650344,2.59798
500,17.9814,8.92533,6,1.28667,0.0677214,2.50304
501,17.8871,9.98221,7,1.71333,0.0699397,2.76118
502,19.4832,9.00397,10,1.68667,0.0665593,2.83408
503,18.5588,8.80609,9,1.66,0.0655374,2.59731
504,18.6483,8.98923,9,1.73333,0.0668709,2.43494
505,18.9629,9.87316,9,1.86,0.0714189,2.58949
506,18.6409,8.89465,9,1.81333,0.0664927,2.72896
507,18.5245,9.88669,10,1.98,0.0686374,3.04904
508,18.3411,9.02653,8,1.4,0.065607,2.84594
509,17.5867,9.21885,9,1.72,0.0650507,2.85004
510,18.9087,10.7482,10,2.45333,0.0681153,2.93615
511,19.4835,10.0045,10,2.86,0.0713354,3.10571
512,18.54,9.30362,8,1.45333,0.0677939,2.98166
513,17.8684,9.58342,8,1.66,0.0778233,3.07668
514,19.0547,10.2243,9,1.98667,0.0637305,2.79443
515,17.9311,9.1113,8,1.31333,0.0641696,2.8123
516,17.6831,9.55106,9,1.52667,0.0691325,2.83549
517,18.5256,9.90128,9,1.91333,0.0676097,2.75084
518,18.3482,9.72444,10,2.23333,0.0723664,3.29765
519,19.2173,9.48837,9,2.04667,0.0687397,3.18111
520,18.9834,10.6203,9,1.94667,0.0652731,3.01786
521,19.4835,9.26294,10,2.04,0.070845,3.10205
522,18.265,9.63046,9,1.94667,0.0732383,3.04399
523,18.9303,9.65435,10,1.88667,0.0651157,2.68526
524,18.5732,9.0907,8,1.59333,0.0685004,2.66756
525,18.1817,9.97807,9,1.82667,0.0668079,3.00198
526,19.0993,10.7938,10,2.29333,0.0692075,2.7721
527,18.0883,9.3229,9,1.9,0.0721384,3.31267
528,17.911,9.60116,8,2.7,0.0694307,2.69504
529,19.1988,9.52586,9,2.58667,0.0694298,2.58406
530,19.288,10.027,9,2.98,0.0715591,2.67133
531,17.9629,9.28472,9,2.67333,0.0704558,2.89062
532,18.3174,8.89075,8,2.18667,0.0716575,2.85873
533,18.5511,8.96644,8,1.92,0.0699959,2.61123
534,18.235,9.50186,9,2.32667,0.0688236,2.86442
535,17.689,8.97395,10,1.56,0.0673818,2.59865
536,18.4421,8.84013,9,1.84667,0.0686596,2.59963
537,18.2616,9.359,10,2.38667,0.072699,2.63304
538,18.2859,9.59384,8,2.16,0.0722906,2.55792
539,18.3043,9.37622,9,1.98,0.0664309,2.60529
540,19.2348,10.0611,10,1.95333,0.0653396,2.5952
541,18.6499,9.04189,9,2,0.071003,2.67431
542,17.7514,9.08636,8,2.18,0.0650618,2.47041
543,18.3784,8.97457,8,1.56667,0.066844,2.56556
544,19.4826,10.0138,10,2.38667,0.0656926,2.60349
545,19.4829,9.76987,10,2.08,0.063224,2.57908
546,17.5006,8.95505,8,1.4,0.0678447,3.16127
547,17.7519,9.13246,8,1.66,0.0671659,3.04509
548,18.5137,9.21413,8,1.74667,0.0674034,2.85571
549,19.48,9.78312,10,2.30667,0.0679267,2.76439
550,19.0731,9.18607,9,1.68,0.0701619,3.00844
551,18.5896,9.30704,8,1.69333,0.0651363,2.55892
552,18.1763,9.35415,10,2.14667,0.065046,2.46965
553,18.4551,9.22076,10,2.02,0.0664797,2.77709
554,18.2507,9.80887,8,2.06667,0.0653727,2.67501
555,19.0255,9.33713,9,1.85333,0.0673231,2.61137
556,18.5417,8.89063,9,1.95333,0.0691771,2.78969
557,19.4826,9.88833,10,2.49333,0.0703908,2.58743
558,18.1725,8.47494,9,1.92,0.0727686,2.79743
559,18.9014,9.32213,9,1.80667,0.0705289,2.60455
560,18.1075,8.98999,9,1.90667,0.0663241,2.70035
561,17.3722,7.83111,8,1.50667,0.073247,2.76157
562,18.3731,8.52155,8,1.38667,0.0705169,3.10387
563,18.5689,7.8551,9,1.28,0.0687564,2.98071
564,18.2051,7.97916,9,1.24,0.0673618,2.93913
565,17.1486,7.94488,8,1.14667,0.0640384,3.05821
566,17.6906,7.80388,8,1.46,0.0709682,3.12499
567,16.4724,7.49426,8,0.873333,0.0682443,3.32737
568,18.2919,8.61955,9,1.12,0.0706405,3.29713
569,17.0507,8.23633,7,1.05333,0.0655183,2.79049
570,19.4828,8.76332,10,1.60667,0.0681895,2.73598
571,17.1056,8.49822,7,1.35333,0.0703508,2.703
572,16.4267,8.74932,6,1.16,0.0690358,2.7039
573,18.8646,9.27236,9,1.56667,0.068791,2.68843
574,19.0536,8.65239,9,1.52,0.0700778,2.67672
575,17.8975,9.38466,8,1.81333,0.0691981,2.81413
576,18.4716,8.65327,9,1.56,0.0688197,2.75428
577,18.7162,9.0509,9,1.49333,0.0668619,2.61319
578,18.8557,8.9906,10,1.7,0.0684398,2.63996
579,18.1506,8.79191,8,1.63333,0.0682153,2.78381
580,19.483,9.42451,10,2.00667,0.0728462,2.5993
581,19.4808,10.0605,10,2.13333,0.0711281,2.7145
582,19.4816,9.41901,10,1.78667,0.069822,2.68443
583,18.5252,9.49802,9,1.44,0.0694707,2.72744
584,18.5559,9.22474,9,1.44,0.0683722,2.72017
585,18.8152,9.69266,9,1.83333,0.0655386,2.52404
586,18.4559,9.88921,9,1.67333,0.0687114,2.88757
587,18.4773,9.48974,7,1.66667,0.0664109,2.54943
588,19.218,10.4838,9,2.36667,0.0704139,2.13944
589,18.0718,10.1063,8,2.02,0.0644227,2.2974
590,19.2366,10.2895,10,2.01333,0.0677332,2.31013
591,17.974,8.94364,8,1.15333,0.0667918,2.07453
592,18.37,9.59774,7,1.50667,0.0685122,1.97944
593,18.1814,8.82539,8,1.33333,0.0660476,2.09372
594,17.7257,8.77869,8,1.14667,0.0656632,2.13364
595,18.3866,9.1964,9,1.26667,0.06554,2.21711
596,19.4838,9.53674,10,1.58667,0.0664972,2.22466
597,17.6658,9.57607,7,1.21333,0.0647665,2.4908
598,17.8048,9.03941,8,1.37333,0.0713094,2.80121
599,18.2912,9.16323,9,1.17333,0.0687533,2.59167
600,19.2081,10.4028,10,2.01333,0.0677358,2.52036
601,19.2042,9.53025,9,1.92667,0.0647144,2.51745
602,18.9663,9.6678,9,1.63333,0.0715625,2.90768
603,17.338,9.39927,7,1.48667,0.0696577,2.63134
604,18.3183,9.89279,8,1.71333,0.0742918,2.95838
605,19.2078,9.33709,9,1.64667,0.0642337,2.79078
606,18.3975,9.82685,8,1.8,0.0646783,2.65803
607,19.0835,9.59185,10,1.84667,0.0708537,2.66959
608,17.4884,9.93417,7,1.41333,0.0642693,2.65508
609,19.4821,9.79528,10,2,0.0711459,2.85167
610,18.9175,9.47258,9,1.64,0.0668188,2.82594
611,18.7388,9.67551,9,1.38667,0.0701204,3.06656
612,18.4839,9.49263,9,1.44667,0.0686007,2.72488
613,18.221,10.0343,8,1.85333,0.0689164,2.54602
614,18.2778,9.33348,8,1.44667,0.0687049,2.73375
615,18.6332,9.30805,9,1.64667,0.0662841,2.63833
616,18.2907,9.22333,9,1.24667,0.067718,2.69885
617,18.6822,9.45064,8,1.7,0.0672238,2.75066
618,17.4665,9.68177,7,1.69333,0.0674867,2.79483
619,18.1776,10.043,8,1.90667,0.0702311,3.0817
620,17.5838,9.30149,6,1.35333,0.0692627,2.74796
621,18.8861,9.40353,8,1.78667,0.0698803,2.82324
622,18.4267,8.46245,8,1.40667,0.0657083,2.39952
623,18.8046,9.30416,9,1.52,0.0695363,2.70272
624,18.2389,9.66042,9,1.83333,0.0669815,2.38478
625,18.3184,8.7886,8,1.46667,0.0715637,2.44973
626,18.8726,9.69082,8,1.93333,0.0680651,2.48758
627,19.0802,9.95919,9,1.88667,0.0700326,2.50682
628,19.0376,9.30774,9,1.62667,0.0633633,2.31969
629,18.9406,9.80048,8,1.74667,0.064437,2.53577
630,18.7443,9.4464,9,1.66667,0.0695665,2.46539
631,17.7922,9.46219,8,1.93333,0.0674609,2.96536
632,17.5128,9.16736,7,1.63333,0.0676861,2.43296
633,18.6763,10.0718,8,2.04667,0.0669105,2.28365
634,16.8695,8.47433,7,1.04667,0.0674801,2.54983
635,17.7024,9.64816,8,1.74667,0.0651451,2.34282
636,19.4846,9.90395,10,1.44667,0.064883,2.59768
637,19.485,9.31575,10,1.96,0.0699461,2.65549
638,17.5706,10.2255,8,2,0.0669364,2.5388
639,18.7795,9.62553,9,1.82667,0.0709299,2.71998
640,18.7728,9.54168,9,2.06667,0.0676282,2.64475
641,18.1695,9.62165,8,1.79333,0.0673803,2.72621
642,18.0095,9.36813,8,1.37333,0.0688762,2.71715
643,18.1716,9.71796,9,1.50667,0.0650018,2.49041
644,17.9289,9.49103,8,1.62667,0.0713258,3.02097
645,19.4839,10.1482,10,2,0.0695065,2.83584
646,18.7594,10.0863,9,1.62667,0.0699998,2.72837
647,18.49,9.08967,8,1.24667,0.0684289,2.82572
648,18.8252,9.35669,9,2.47333,0.065838,2.76007
649,19.4826,9.3784,10,2.26,0.0712874,3.11871
650,19.1712,9.16891,9,2.42,0.0696259,2.7467
651,18.7109,9.2636,9,2.07333,0.0678674,2.70731
652,18.5142,9.33383,9,1.99333,0.0696905,2.44817
653,19.4842,9.08431,10,2.42,0.0664905,2.31109
654,17.966,9.25508,9,1.62667,0.0683779,2.77942
655,19.483,10.7294,10,3.22667,0.0728873,2.42235
656,18.7798,9.27411,10,2.49333,0.069489,2.69081
657,18.7,8.86123,9,1.72667,0.0685847,2.61037
658,19.4839,9.4378,10,2.24667,0.0690324,2.51419
659,18.4997,9.29185,9,2.40667,0.0724218,2.72325
660,19.4843,8.41544,10,2.53333,0.0697754,2.45431
661,19.4823,9.24915,10,2.13333,0.0666301,2.43502
662,18.7756,8.8941,9,1.84667,0.0686659,2.58701
663,18.5724,8.95762,9,1.40667,0.0648084,2.46814
664,18.7562,8.89069,8,1.22667,0.0675261,2.18338
665,19.4835,9.16625,10,1.85333,0.0652433,2.33421
666,19.0094,8.7804,9,2.05333,0.0705857,2.63583
667,18.9336,8.91404,9,1.92,0.0709374,2.80349
668,18.6231,8.51363,9,1.46667,0.0674455,2.52149
669,19.4831,8.9623,10,1.50667,0.0664258,2.41828
670,19.4844,10.0135,10,2.32667,0.0722349,2.37314
671,19.4829,10.1196,10,2.28,0.0725117,2.21404
672,19.0127,9.27841,9,1.84,0.0678756,2.26311
673,18.5038,9.61617,8,1.86667,0.0666769,2.20989
674,19.1963,9.80647,10,1.62,0.0674246,2.18891
675,18.2221,9.18875,8,1.81333,0.0643757,2.0667
676,18.9387,9.44099,9,2.09333,0.0652597,2.30667
677,17.6485,9.89761,9,1.71333,0.0647868,2.19305
678,18.2899,8.50311,8,1.91333,0.0672685,2.61715
679,18.1486,8.94803,9,1.78667,0.0671319,2.67513
680,19.4814,9.82216,10,2.56,0.0696418,2.54079
681,17.8898,8.98922,9,2,0.0665433,2.90574
682,18.3157,7.38019,8,1.52,0.0690319,2.63981
683,18.7008,7.72468,9,1.64,0.0682282,2.41421
684,19.4845,8.09862,10,1.72,0.0696573,2.21241
685,18.922,8.71414,9,1.90667,0.0673926,2.28768
686,19.4841,9.07576,10,2.04667,0.0670578,2.0771
687,18.1801,9.07209,8,1.88,0.0652573,2.08831
688,18.9981,8.55013,9,1.92,0.0662528,2.06871
689,18.6452,8.81041,9,1.99333,0.064607,2.10786
690,18.8018,9.40122,9,2.24667,0.0689282,2.01232
691,18.8223,8.98857,9,2.49333,0.0675305,2.00931
692,18.8024,8.92897,9,2.46667,0.0702976,2.16275
693,18.1366,8.30426,8,1.94667,0.0694846,2.34211
694,18.8456,9.24653,10,2.16,0.065471,2.3165
695,18.5539,9.08015,9,1.84667,0.0698381,2.43387
696,19.4851,9.40184,10,2.46,0.0666549,2.05768
697,19.4834,10.1755,10,2.74,0.0707313,2.31781
698,18.2804,9.63945,8,2.22667,0.0648042,2.45013
699,19.4838,9.47028,10,2.28667,0.0719775,2.50204
700,18.3602,9.7398,8,2.20667,0.0702885,2.45789
701,19.4833,8.96631,10,2.21333,0.0664632,2.23993
702,17.7315,9.12519,8,1.96667,0.0661578,2.37491
703,19.2892,9.1543,9,1.90667,0.0666355,2.2887
704,18.7784,9.27725,10,2.23333,0.0688003,2.31431
705,18.1382,8.92641,9,1.54,0.0660275,2.22852
706,19.4831,9.35888,10,2.05333,0.0693634,2.32539
707,18.9568,9.84367,9,2.29333,0.0700143,2.25904
708,19.4836,8.64032,10,4.16667,0.0678477,2.29545
709,18.7572,9.2045,9,3.67333,0.066191,2.55039
710,19.4828,8.74888,10,3.39333,0.0663415,2.49663
711,19.1723,8.95628,9,3.32,0.0675182,2.46638
712,19.4813,8.38817,10,2.99333,0.0705196,2.28148
713,18.6659,8.64758,10,3.49333,0.0663233,2.38033
714,18.2215,8.63254,9,2.72667,0.0659444,2.48452
715,18.8462,9.09854,10,3.06,0.0703577,2.63728
716,18.8725,9.59248,10,2.80667,0.0679966,2.58008
717,19.4836,9.04871,10,2.75333,0.0746502,2.80458
718,19.4846,9.62095,10,3.44,0.0702637,2.47059
719,19.4832,9.18126,10,3.07333,0.0695462,2.50614
720,19.0352,9.40827,10,2.85333,0.0664961,2.36315
721,18.15,9.22135,9,2.4,0.0677684,2.40522
722,18.8563,9.74618,9,2.46667,0.0622536,2.33505
723,19.0734,9.49641,9,2.86,0.0699372,2.403
724,19.233,10.1695,9,2.79333,0.0705266,2.88006
725,19.4841,10.2139,10,3.54,0.0660298,2.30749
726,19.484,10.6826,10,3.71333,0.0661811,2.0303
727,18.9169,10.7266,9,3.67333,0.0720546,2.55449
728,19.4822,10.3654,10,3.44667,0.0663551,2.29355
729,18.5704,10.3293,9,3.50667,0.0677422,2.52364
730,19.4817,10.574,10,3.51333,0.0670094,2.40565
731,19.2477,11.4662,10,3.66,0.0727297,2.60199
732,19.2422,9.80001,9,3.02,0.0672875,2.51386
733,18.2207,10.3223,8,2.66667,0.0661149,2.69859
734,19.4814,9.61005,10,3.15333,0.0665808,2.26407
735,19.4841,10.1994,10,2.99333,0.0686879,2.57305
736,19.4824,10.7652,10,3.24667,0.0701147,2.34888
737,18.0972,9.91553,9,2.90667,0.0682408,2.57271
738,19.4844,8.99803,10,2.92667,0.0709692,2.59444
739,19.4849,9.01263,10,2.91333,0.0705464,2.49758
740,18.0555,8.57821,9,2.13333,0.0644688,2.69511
741,18.7157,9.3831,9,2.49333,0.0685495,3.00354
742,18.0541,8.67506,8,1.70667,0.0820107,3.05202
743,18.8717,8.88196,9,2.56,0.0771166,2.95005
744,16.4116,8.8899,7,1.74,0.0693364,3.02883
745,18.3785,10.195,9,2.93333,0.0723275,2.95105
746,18.7072,8.434,10,2.38,0.0679663,2.57705
747,19.483,10.1341,10,3.11333,0.071744,2.71495
748,18.6374,9.1039,10,2.13333,0.0700242,2.67953
749,17.8271,9.75337,8,1.98667,0.071442,3.05214
750,17.9613,9.24955,8,1.94667,0.0682997,2.91046
751,17.3653,7.98481,8,1.60667,0.0683092,2.99717
752,18.4516,8.339,9,1.58667,0.0626525,2.73895
753,18.7313,9.64046,10,2.24667,0.0772394,2.70668
754,18.6642,9.13554,8,2.15333,0.064809,2.77657
755,19.2826,9.42079,10,2.76667,0.0713975,2.50251
756,19.4829,9.97393,10,2.52667,0.0728424,2.71986
757,19.4846,10.0127,10,2.62667,0.0683175,2.59637
758,19.1077,9.77823,9,2.14667,0.069162,2.91205
759,18.6247,9.01896,9,1.81333,0.0679437,2.84127
760,19.4825,10.6605,10,2.88,0.0750323,2.54743
761,18.4277,9.92278,8,2.62667,0.0686837,2.51078
762,17.8615,10.2155,7,1.9,0.0644413,2.5275
763,19.4827,10.7095,10,3.16,0.072677,2.36121
764,18.6399,9.97236,9,2.38,0.0639194,2.39429
765,18.2259,9.75483,8,2.37333,0.0686004,2.57584
766,19.4824,9.6169,10,2.09333,0.0700991,2.66545
767,19.4841,10.0696,10,2.64,0.0713582,2.63822
768,17.5887,7.59368,10,2.57333,0.0672515,2.95242
769,19.033,7.97376,9,2.63333,0.0658037,2.74525
770,18.8123,9.36277,9,2.88667,0.078091,3.07789
771,18.6565,8.66467,9,2.47333,0.100143,3.21405
772,19.1674,8.94493,9,2.44667,0.068651,2.60398
773,19.1837,9.40607,9,2.90667,0.0734051,3.01395
774,17.9377,8.6527,8,2.18,0.0636666,2.56905
775,18.6082,9.18756,9,2.58,0.0667966,2.65212
776,18.3516,8.0604,8,1.96,0.0696933,2.6713
777,19.3191,9.52028,9,2.74,0.0680406,2.61828
778,18.0574,9.55045,9,2.33333,0.06866,2.69825
779,19.2337,9.35241,9,1.98667,0.0682064,2.46596
780,19.369,9.80793,10,2.52,0.0710177,2.71424
781,18.6859,10.1656,9,2.45333,0.0670227,2.56444
782,18.921,9.66202,9,2.27333,0.0697573,2.47826
783,19.3064,9.64773,9,2.44,0.0689908,2.73337
784,18.3995,9.65053,9,2.44667,0.0678086,2.61803
785,18.3727,9.68457,9,2.51333,0.0716148,2.62774
786,18.7679,10.0218,9,3.22667,0.0705221,2.56531
787,19.0991,9.49305,9,2.45333,0.0700491,2.52163
788,16.3535,8.80064,7,1.48667,0.0671621,2.60049
789,18.7602,10.0436,9,2.50667,0.0638321,2.42245
790,19.2364,10.1018,9,2.67333,0.0706035,2.4724
791,18.5153,9.95457,9,2.46,0.0690367,2.77226
792,18.2285,10.1394,9,2.44667,0.0673702,2.44718
793,18.9747,10.4724,9,2.8,0.0826653,3.01914
794,18.3704,10.4639,9,2.77333,0.0742175,2.87159
795,19.2208,10.1342,9,2.35333,0.0691692,2.74734
796,18.2611,9.82743,9,2.15333,0.0687419,2.95603
797,19.4824,10.2039,10,2.86667,0.074183,2.7172
798,18.4202,9.16723,9,2.96,0.0663848,2.86848
799,18.5074,8.59125,8,2.36667,0.0683905,2.72181
800,17.7025,8.83629,8,2.58,0.0736687,2.81684
801,18.5403,9.40292,8,3.14,0.0698403,2.62761
802,18.4408,9.40713,8,2.94,0.0696698,2.4552
803,19.4848,10.5556,10,3.95333,0.0710931,2.74876
804,17.7413,9.62941,7,2.8,0.0704115,2.99709
805,18.9772,9.12008,9,2.38,0.070046,2.73085
806,19.4843,9.07165,10,2.82,0.0709579,2.77662
807,15.8847,8.08081,9,1.59333,0.0645109,2.75754
808,17.7178,8.81059,8,1.93333,0.065726,2.44657
809,19.4831,8.78864,10,2.25333,0.0688446,2.67901
810,18.4803,9.316,10,2.87333,0.0699733,2.34034
811,17.5373,9.13828,7,2.12,0.0666277,2.55555
812,18.9901,8.96579,9,2.39333,0.0683636,2.56425
813,19.4818,9.00592,10,2.39333,0.0677764,2.57567
814,18.4581,8.67958,9,2.04667,0.0683265,2.79028
815,16.0808,9.38757,7,1.74,0.0698427,2.96497
816,18.9381,9.73865,9,2.62667,0.0685177,2.40499
817,19.4828,9.72506,10,2.86,0.0731656,2.63575
818,19.4855,9.85211,10,3.60667,0.0674817,2.55762
819,18.7821,9.67001,9,2.76667,0.0767819,2.78419
820,19.0397,8.82697,9,2.11333,0.0846803,2.61437
821,19.4839,9.16209,10,2.46,0.0740201,2.6441
822,19.4822,8.70963,10,2.10667,0.0631066,2.25063
823,17.9109,9.12215,8,2.24667,0.0658521,2.55477
824,19.4835,9.64078,10,3.14,0.0706623,2.41783
825,19.483,9.42515,10,2.73333,0.0686222,2.50098
826,18.8001,9.42187,9,2.28,0.0674049,2.46929
827,18.2748,9.9745,9,2.28667,0.0689898,2.80676
828,18.2285,9.36939,8,3.20667,0.075123,3.30936
829,18.5883,8.68986,9,2.15333,0.0682954,2.75815
830,19.4824,9.013,10,2.97333,0.0699017,2.65849
831,17.6355,7.49217,7,1.52,0.0639342,2.61109
832,16.5918,9.14071,8,2.41333,0.0692727,2.53436
833,17.7821,7.37865,9,1.72667,0.0657218,2.36543
834,18.2488,8.02131,8,1.64,0.0691792,2.52941
835,19.4829,8.47133,10,2.12667,0.0686405,2.30206
836,18.2654,8.59256,9,2.02,0.0685658,2.52499
837,17.3911,8.90528,9,2.25333,0.0680042,2.5868
838,17.2337,8.90711,6,1.45333,0.0654096,2.36861
839,18.4379,9.61322,9,2.54667,0.0684914,2.4133
840,18.5219,9.66814,8,2.14,0.068367,2.29774
841,19.1932,9.37831,9,1.86,0.0678232,2.15251
842,18.0252,8.83576,9,2.06,0.0677736,2.10998
843,18.0437,10.0111,9,2.52,0.0664504,2.22869
844,16.9851,9.18319,9,2.20667,0.0688094,2.65424
845,18.2194,10.0705,9,2.82,0.0699807,2.60809
846,19.4848,9.99306,10,3.17333,0.071881,2.44858
847,17.9243,8.85097,8,1.75333,0.065233,2.63713
848,17.9308,9.89594,7,2.14,0.0686446,2.7134
849,17.0143,9.14453,7,2.16,0.0659854,2.52726
850,19.4821,10.1828,10,3.02,0.0744172,2.50224
851,19.483,9.61809,10,2.42,0.0669277,2.55811
852,17.285,8.37234,7,1.50667,0.0611575,2.40798
853,17.9576,9.57719,8,2.16667,0.0667628,2.75015
854,18.5684,10.2376,9,2.70667,0.0710548,2.78417
855,19.2914,9.17528,10,2.92,0.0704826,2.58752
856,17.6473,9.22945,8,2.08,0.0659308,2.71458
857,18.8947,9.42424,9,2.02,0.0661087,2.7728
858,19.1242,9.86227,10,3.64,0.0699942,2.02337
859,19.077,8.34266,9,2.83333,0.0687309,2.29597
860,18.0854,8.74528,8,2.24667,0.0691891,2.8534
861,19.2346,8.1135,9,2.35333,0.0698154,2.49425
862,19.1995,7.68808,9,1.92,0.0668367,2.73147
863,17.8825,7.75466,8,1.58,0.0699684,2.73755
864,16.8875,7.26474,7,1.33333,0.0653094,2.58145
865,18.5779,8.60241,9,1.96667,0.0678865,2.56985
866,18.1553,8.69144,9,2.03333,0.0682359,2.68459
867,18.8657,9.05803,9,1.85333,0.0652467,2.46876
868,18.9539,7.95418,9,1.41333,0.0635128,2.38708
869,17.4863,7.7544,9,1.46667,0.0681294,2.58576
870,19.4825,8.32438,10,1.56667,0.0675102,2.60416
871,18.7731,9.01185,9,1.84,0.0726832,2.93353
872,18.3903,8.03144,8,1.68667,0.0656932,2.68799
873,17.8509,7.778,10,1.8,0.0692956,2.82062
874,18.6392,8.30606,9,2.09333,0.0710647,2.73277
875,19.4836,8.92798,10,2.40667,0.0673179,2.3877
876,19.4828,8.48911,10,2.54667,0.0702269,2.20409
877,18.23,8.47212,8,1.71333,0.0704424,2.49497
878,18.4129,8.22579,8,1.39333,0.0650256,2.39509
879,17.8305,7.69708,8,1.2,0.0636114,2.31587
880,19.4833,9.83449,10,2.46,0.0683157,2.111
881,18.5015,9.40421,9,2.2,0.0680202,2.23446
882,18.5212,9.25723,9,2.32667,0.0723179,2.54304
883,17.723,8.97747,9,2.13333,0.0658216,2.26058
884,19.22,9.13086,9,2.1,0.068461,2.44072
885,16.5319,8.2745,9,1.63333,0.0676439,2.36232
886,17.404,9.36294,8,1.64,0.0698304,2.59456
887,19.1956,9.52213,9,2.01333,0.0656174,2.51893
888,19.4832,9.34551,10,2.95333,0.0789348,2.49654
889,17.3847,7.75538,9,2.08667,0.0711281,2.77306
890,19.4832,9.22384,10,3.30667,0.0717582,2.54531
891,19.4834,8.88126,10,3.14,0.0756939,2.82084
892,18.1359,8.40145,9,2.40667,0.0675394,2.76703
893,19.0348,8.45468,10,2.12667,0.0684118,2.76023
894,19.4826,8.81589,10,2.42,0.0666271,2.7204
895,19.4821,8.91454,10,2.42667,0.0648273,2.31259
896,19.204,8.2262,9,2.79333,0.0677675,2.61019
897,18.5263,8.15864,8,1.84,0.0621838,2.71208
898,18.0854,8.75732,8,1.97333,0.0674686,2.93702
899,18.6776,8.35546,9,1.93333,0.0669196,2.7911
900,18.7414,9.36393,9,2.26667,0.0658263,2.44714
901,18.3397,8.78535,10,2.02,0.0682101,2.44538
902,19.1721,8.86272,9,2.47333,0.0669294,2.61573
903,18.5692,9.05812,9,2.18667,0.0661049,2.4855
904,18.4825,8.89436,9,1.90667,0.0675056,2.37025
905,19.483,8.89503,10,2.05333,0.0666826,2.39817
906,17.437,8.50831,9,1.85333,0.0735122,2.81488
907,18.365,9.42795,8,2.37333,0.0672034,2.34515
908,18.588,9.25892,10,2.16667,0.0921201,2.47483
909,18.6134,9.72568,9,2.58,0.0717162,2.77437
910,19.1156,9.02203,10,2.27333,0.0678329,2.65805
911,19.4816,9.21585,10,2.60667,0.071032,2.54775
912,19.4836,9.70139,10,2.71333,0.0696803,2.89493
913,18.1503,9.59933,8,1.80667,0.0667958,2.94129
914,19.4817,9.63548,10,2.47333,0.0679651,2.7441
915,19.4836,9.59932,10,2.42,0.0720891,2.79764
916,17.8439,9.0275,8,2.16667,0.0674455,2.46032
917,19.4824,9.09364,10,2.57333,0.0682426,2.61305
918,17.9859,7.78892,9,2.3,0.0684526,2.69719
919,18.6009,8.08467,9,2.04667,0.0654288,2.9175
920,18.7762,10.041,9,3.08,0.0710536,2.79971
921,18.7231,9.24555,9,2.46667,0.0713188,3.02341
922,19.4843,9.74213,10,3.11333,0.0718239,2.77387
923,18.7978,8.85088,9,2.58,0.0697186,2.80754
924,19.4834,8.94532,10,2.64667,0.069318,2.65512
925,18.5503,8.8652,10,2.31333,0.0653581,2.86109
926,18.5095,9.39334,9,2.34,0.0684399,3.37561
927,19.4811,9.02679,10,2.38667,0.0714194,3.04843
928,19.4839,9.48383,10,2.69333,0.0692517,3.22651
929,19.4832,9.62928,10,2.74,0.068265,2.89299
930,19.1918,10.1152,10,3.06667,0.0731386,2.97021
931,19.4819,8.64739,10,2.32,0.0686552,2.89467
932,19.4833,9.49195,10,2.88667,0.0688125,2.97614
933,19.4828,9.05662,10,2.46,0.068653,2.5826
934,18.4246,9.28966,9,2.40667,0.0682994,2.78215
935,18.7175,9.38204,9,2.59333,0.071578,2.93558
936,18.6357,10.1018,9,2.72,0.0686748,2.77863
937,18.6642,9.96094,9,2.85333,0.0679405,2.9471
938,17.9089,9.53599,8,2.22667,0.0658209,2.85858
939,19.2369,9.19456,10,2.57333,0.069384,2.70471
940,19.4826,10.4328,10,3.02,0.0701718,2.67148
941,19.4833,10.0779,10,2.90667,0.0653648,2.65199
942,19.4842,9.75868,10,2.86,0.0703177,2.65665
943,17.6123,9.1287,8,2.26,0.068022,2.70644
944,18.3356,9.76872,9,2.56,0.0660906,2.53052
945,18.308,10.4821,9,2.96667,0.0663653,2.81402
946,19.4831,10.9883,10,3.23333,0.0658622,2.65697
947,17.7546,9.81502,9,2.72,0.0706072,2.85191
948,19.0408,8.87609,9,2.28,0.0708734,3.12045
949,19.1845,7.55097,9,1.94,0.0678566,2.93311
950,19.2638,8.52141,10,2.65333,0.0705279,2.82455
951,19.4835,8.05564,10,2.16667,0.0671995,2.50826
952,18.5994,8.02536,9,1.75333,0.0679501,2.65591
953,18.06,8.56575,9,1.74,0.0713972,2.8049
954,19.4816,8.24949,10,2.19333,0.0660025,2.60091
955,18.912,8.87965,9,2.34,0.070423,2.93718
956,18.608,9.24786,9,2.51333,0.0645117,2.74212
957,18.9506,8.89952,9,1.82667,0.0648283,2.54291
958,19.4812,8.88205,10,2.31333,0.0639369,2.61908
959,18.7482,8.55872,9,2.24,0.0693194,2.8832
960,18.2593,9.07622,8,2.15333,0.0689704,3.32269
961,19.4833,9.27577,10,2.8,0.0689931,2.89848
962,18.7093,9.67524,9,2.70667,0.0658094,2.82363
963,19.1898,10.4168,10,3.05333,0.0693829,2.77745
964,19.4835,10.1983,10,3.18,0.0704274,2.93555
965,19.1856,9.92692,9,2.6,0.0673604,2.83244
966,19.4832,10.1354,10,2.84667,0.0735787,2.9465
967,18.5706,8.82639,10,2.38667,0.0682096,2.58159
968,18.993,8.93683,10,1.76667,0.0622343,2.71496
969,19.4828,10.0515,10,2.3,0.0669994,2.95388
970,18.9685,9.65464,10,2.64667,0.0711408,3.04917
971,19.4832,9.92457,10,2.70667,0.0713015,2.86655
972,19.4829,9.41796,10,2.42,0.0667135,2.77862
973,19.4823,9.66649,10,2.41333,0.0653885,2.5056
974,19.4832,9.723,10,2.58,0.0697457,2.58386
975,18.8696,9.90254,9,2.41333,0.0690443,2.61627
976,18.6245,9.70928,9,2.13333,0.0683538,2.59624
977,18.9664,9.92493,9,2.19333,0.0703879,2.68488
978,16.0865,8.59689,7,1.5,0.0663615,2.85425
979,18.7861,8.97164,9,2.14667,0.065073,2.37326
980,17.6163,10.0266,9,2.09333,0.064846,2.91723
981,19.4816,9.66961,10,2.28667,0.0696782,3.36607
982,18.3813,9.55611,9,1.83333,0.0652752,3.13795
983,18.7187,9.75571,9,2.24667,0.067516,3.03366
984,17.2406,8.69317,9,1.51333,0.0678609,3.13709
985,18.7635,8.91179,7,1.64667,0.0656705,3.07798
986,18.7201,9.63237,9,2.56667,0.0664579,2.73205
987,17.8662,9.26745,8,1.74667,0.0640362,2.5667
988,18.9873,9.92459,9,2.43333,0.0660611,2.60336
989,19.4813,9.24159,10,2.54667,0.0725526,2.9804
990,18.8236,9.63325,9,2.55333,0.0702433,2.98402
991,19.168,9.79023,9,2.66,0.0682683,2.73061
992,18.2816,9.40989,9,2.38667,0.0744014,2.86685
993,19.4832,10.4501,10,2.83333,0.0657202,2.82246
994,19.4817,10.2473,10,2.22667,0.0644367,2.97627
995,18.9262,10.0913,9,2.43333,0.0692646,3.03182
996,19.4823,10.1085,10,1.56,0.0693891,3.29497
997,19.4812,9.36197,10,2.00667,0.0660234,3.067
998,18.6894,9.91043,10,2.64667,0.0717599,2.99032
999,19.4816,10.3403,10,2.56667,0.0664553,2.90007
1000,19.4835,9.92478,10,2.81333,0.0694492,2.89513
