6.227536
2.301756
1.057548
2.141114
4.299367
1.071679
1.625167
3.767795
1.133402
1.221838
1.939211
6.282086
3.852277
1.161748
1.072608
3.590107
5.869648
1.302327
1.110504
1.837272
4.201653
1.398878
1.499084
1.145358
1.057548
4.260732
3.344194
1.102665
4.130605
3.289087
1.454006
1.801188
1.128928
4.654514
1.572494
1.057548
1.689995
1.535683
1.102665
1.100644
1.40371
4.260441
3.168184
2.205604
2.540899
6.253443
5.909787
1.089125
1.057548
3.784883
2.124793
4.179083
1.139553
1.481501
1.057548
1.049742
2.329659
1.447805
1.661844
1.863132
3.873124
1.616838
1.5772
1.530503
2.671041
1.16255
1.647806
1.134514
2.530755
2.78635
1.42077
2.370308
2.440071
1.106152
3.161985
1.76934
1.782728
1.649516
1.081869
1.161797
6.905408
1.402701
1.704472
1.224443
2.630148
1.538106
1.877931
3.509545
1.924868
1.625874
4.649288
3.878697
2.249625
1.09936
3.41659
3.15426
1.057548
4.11089
2.81435
1.608987
1.090969
2.517259
5.737864
1.240792
4.277054
1.107321
1.635624
1.885194
1.239507
6.353283
1.192206
1.238207
3.015344
1.427033
6.191825
1.079753
2.97274
1.560835
5.476196
1.607922
3.375981
4.761481
1.998706
1.058431
4.340037
3.252172
1.290139
1.065642
5.932709
1.159402
1.069137
1.504646
1.138325
1.171119
1.507168
1.161457
1.794931
2.316072
2.475842
4.540614
1.214066
1.659767
1.075786
2.653594
1.915354
3.788137
2.018181
1.311135
1.104781
1.065696
4.544217
5.615577
1.482984
1.056264
1.098624
2.006485
1.090971
1.057548
1.914506
4.496123
1.124275
5.481135
1.068336
4.263204
1.530078
1.374691
6.925005
1.134359
3.46245
1.433071
1.62947
4.230564
2.771936
1.721851
1.173367
1.150382
1.58405
1.173569
4.514334
1.092618
2.291606
1.217998
1.057548
1.06541
5.820639
1.793774
2.724121
4.865271
5.680864
1.206628
1.546837
5.351036
1.057548
3.796364
1.517379
1.593522
3.044557
3.103291
1.227647
2.254406
1.245796
3.782271
1.449922
2.920326
4.694269
3.713122
2.92799
3.578003
1.684401
