1,0.126188,0.00188912,5,0.18,0.0709964,1.1884
2,0.0731716,0.00327471,12,0.526667,0.0674792,1.16236
3,0.283044,0.00754907,8,0.426667,0.0686158,1.15747
4,0.142318,0.00674539,6,0.52,0.0672252,1.05503
5,0.0902938,0.0041481,7,0.406667,0.0685055,1.82714
6,0.0720109,0.00463056,4,0.333333,0.067901,1.05431
7,0.169053,0.00686861,9,0.68,0.0672218,1.51373
8,0.238131,0.0132424,10,0.893333,0.0685664,1.01105
9,0.24718,0.0220351,12,1.64,0.0677203,1.2389
10,0.192576,0.0219212,9,2.1,0.0690546,1.13372
11,0.167474,0.0275386,11,2.64,0.0706474,0.993292
12,0.144735,0.020333,8,2.44,0.0667865,1.03333
13,0.158166,0.0360603,10,3.14667,0.0676564,1.06795
14,0.191111,0.0426784,11,2.83333,0.0679407,1.11481
15,0.187006,0.0437668,11,3.09333,0.0678652,1.2611
16,0.159861,0.0176169,14,2.67333,0.0678684,1.25966
17,0.234214,0.0545995,12,3.66,0.0692922,1.44475
18,0.238435,0.0525649,11,3.75333,0.0688172,1.11295
19,0.308978,0.0618732,11,4.12,0.0698802,1.10722
20,0.230529,0.0726802,12,3.9,0.0670625,1.19617
21,0.182203,0.0426636,10,3.3,0.0686989,0.947325
22,0.233488,0.0558705,13,2.80667,0.0670351,1.14926
23,0.324744,0.0574742,14,3.54667,0.0677812,1.43851
24,0.235356,0.0507819,13,3.45333,0.0688926,1.47595
25,0.25885,0.0547894,12,3.64667,0.0692608,1.54532
26,0.315841,0.0588036,11,3.14,0.0666993,1.48968
27,0.273878,0.0559558,20,3.34,0.0697909,1.74075
28,0.315254,0.0587018,20,4.26,0.068937,1.49469
29,0.213398,0.0479207,18,3.17333,0.0644185,1.41151
30,0.189288,0.0591304,20,3.66667,0.0662251,1.43967
31,0.345267,0.0419045,19,3.18667,0.0691819,1.34161
32,0.370595,0.0603588,20,4.4,0.0707257,1.54381
33,0.275543,0.0764122,17,4.56667,0.0694874,1.42807
34,0.434935,0.0902889,19,5.54,0.0686567,1.45522
35,0.353619,0.0506945,19,3.03333,0.0652107,1.5083
36,0.463271,0.067915,18,3.71333,0.0697054,1.61861
37,0.408962,0.0731679,18,3.25333,0.0677692,1.42992
38,0.488821,0.0837833,17,5.02667,0.0687202,1.59648
39,0.397351,0.07408,19,4.23333,0.0716805,1.67688
40,0.399204,0.0762901,17,4.4,0.0686971,1.61984
41,0.360571,0.0561681,19,4.12,0.0669776,1.58862
42,0.391395,0.0572799,17,3.74667,0.0659566,1.51598
43,0.400466,0.0730627,20,4.76667,0.0690966,1.91262
44,0.425355,0.0814991,18,4.4,0.0686246,1.93538
45,0.456321,0.0711438,15,3.38667,0.0671669,2.09808
46,0.35626,0.0535828,13,2.7,0.0658107,1.87002
47,0.377534,0.0757365,15,4.07333,0.0644428,2.3776
48,0.376544,0.0795243,17,4.27333,0.067673,2.31524
49,0.584302,0.13077,19,5.60667,0.0720844,2.00985
50,0.36512,0.0852614,18,4.76,0.119271,1.9953
51,0.513329,0.116964,20,5.7,0.0908585,1.91524
52,0.394336,0.100566,17,4.64,0.070607,2.01918
53,0.397873,0.0544107,16,3.56667,0.0664801,1.93808
54,0.467753,0.0963058,19,4.7,0.066394,2.11818
55,0.475355,0.0975164,18,4.68,0.0678721,2.11699
56,0.462616,0.0883639,17,4.48667,0.067664,2.25915
57,0.597891,0.0961475,17,4.34667,0.0675888,1.96807
58,0.613892,0.107182,18,4.74667,0.0662706,2.08573
59,0.522536,0.113685,16,4.9,0.0678144,2.08703
60,0.506028,0.0965476,16,4.55333,0.067154,2.41875
61,0.522007,0.136409,17,6.50667,0.0669148,2.25399
62,0.467867,0.108867,17,5.55333,0.0685548,2.35013
63,0.570824,0.0992586,19,4.94,0.0655771,2.31646
64,0.569823,0.116623,20,6.27333,0.0693585,2.22447
65,0.63151,0.111539,18,5.87333,0.0715274,2.32095
66,0.576267,0.119952,18,5.71333,0.0678716,2.0646
67,0.657052,0.133222,18,6.2,0.0654955,2.17251
68,0.5305,0.106289,18,5.11333,0.0646231,2.27708
69,0.487367,0.123876,16,5.9,0.0770988,2.6234
70,0.563952,0.104835,17,5.22667,0.0670515,2.27024
71,0.575024,0.112809,18,5.20667,0.0934575,2.36955
72,0.490627,0.093371,16,4.74667,0.0726808,2.50712
73,0.442248,0.120524,15,5.65333,0.0697633,2.40049
74,0.632812,0.0757616,17,3.86,0.068817,2.15026
75,0.42837,0.0710344,20,3.85333,0.0669105,2.39177
76,0.527237,0.0985163,19,4.78667,0.0685479,2.1951
77,0.485409,0.0946012,14,5.11333,0.0668351,2.40102
78,0.387724,0.0911588,18,4.39333,0.0828434,2.33835
79,0.544409,0.113839,16,5.24667,0.0684565,2.38047
80,0.590988,0.0992127,18,4.66,0.0672737,2.16139
81,0.479512,0.101035,15,4.57333,0.0730072,2.26096
82,0.537887,0.10799,17,5.12667,0.0679397,2.64056
83,0.574669,0.117007,17,5.56,0.0683055,2.35289
84,0.597322,0.13266,18,6.00667,0.0677431,2.29997
85,0.655577,0.157555,18,6.92667,0.0697907,2.42408
86,0.680232,0.12967,19,6.10667,0.0679033,2.22649
87,0.623936,0.15216,17,6.64667,0.0668481,2.38322
88,0.583988,0.138309,18,7.07333,0.0744123,2.31361
89,0.535933,0.11375,18,5.76667,0.0696671,2.72925
90,0.622181,0.115707,19,5.82,0.0682212,2.63477
91,0.612075,0.138969,16,5.91333,0.0676478,2.51004
92,0.502761,0.125296,16,5.90667,0.0684068,2.65856
93,0.652042,0.127908,17,6.44,0.0692452,2.62276
94,0.563306,0.134023,17,6.51333,0.0675384,2.87413
95,0.625883,0.134921,19,6.52667,0.0691794,2.51645
96,0.533959,0.12984,15,5.86667,0.0684472,2.86914
97,0.636371,0.153423,17,6.18667,0.0709144,2.96295
98,0.616402,0.161414,19,6.96,0.069452,2.8913
99,0.622211,0.138014,17,6.34667,0.0693239,2.75002
100,0.519852,0.147088,18,6.18,0.0658641,3.05513
101,0.577565,0.116115,17,5.34,0.0655104,2.54729
102,0.675905,0.151584,18,6.66,0.0693049,2.55122
103,0.570852,0.147779,19,6.14667,0.0672356,2.65069
104,0.507522,0.149682,16,5.9,0.0673981,3.07142
105,0.679563,0.156484,18,6.8,0.0679232,2.76531
106,0.561219,0.148113,15,6.81333,0.067919,2.87048
107,0.552866,0.153227,18,6.31333,0.0682397,2.72519
108,0.6199,0.139974,18,6.08667,0.0673367,2.8041
109,0.541063,0.147203,17,5.88,0.0687433,2.6747
110,0.657705,0.169526,19,6.60667,0.0685312,2.64805
111,0.644246,0.122509,19,5.18,0.0658899,2.5653
112,0.661964,0.149349,19,5.61333,0.0697415,2.66516
113,0.640829,0.149023,18,5.73333,0.0688417,2.79447
114,0.677412,0.183296,18,7.19333,0.0697021,2.918
115,0.60956,0.153467,20,6.09333,0.0672058,2.9825
116,0.59701,0.115686,17,4.98,0.0665772,2.77075
117,0.565429,0.146628,20,5.97333,0.0680211,3.14353
118,0.693912,0.175348,18,6.82667,0.0671737,2.81851
119,0.551675,0.121849,17,5.01333,0.0646135,2.97324
120,0.589342,0.157306,19,6.44667,0.0673728,2.7376
121,0.614431,0.162979,18,6.74667,0.0688311,2.96083
122,0.550142,0.145437,19,6.14667,0.0697,2.78337
123,0.625445,0.145754,18,6.17333,0.0697803,3.03319
124,0.538419,0.160884,18,6.80667,0.0700207,2.75341
125,0.527319,0.152588,16,6.29333,0.0669346,2.59911
126,0.556403,0.173675,17,6.74,0.0677142,2.97939
127,0.625409,0.16532,18,6.21333,0.0665603,2.80584
128,0.637173,0.166854,19,6.64667,0.0778638,2.82862
129,0.52333,0.14415,18,5.92667,0.0670334,2.94638
130,0.546463,0.132553,17,5.37333,0.0666389,3.06077
131,0.532839,0.148944,17,5.56667,0.0668265,2.9089
132,0.597266,0.154715,19,6.59333,0.0678129,2.67619
133,0.556482,0.151157,17,6.08,0.0678934,2.65407
134,0.599306,0.164345,19,7.35333,0.0723543,2.76974
135,0.528687,0.168563,17,6.00667,0.0659308,2.52541
136,0.642739,0.13738,19,5.68,0.069107,2.80979
137,0.66268,0.169665,18,6.36667,0.0687686,2.85252
138,0.530199,0.17472,19,7.06667,0.0657511,2.99058
139,0.690995,0.223308,19,7.59333,0.0712381,2.78094
140,0.639346,0.193842,17,7.1,0.0665077,2.94727
141,0.66341,0.164198,19,6.37333,0.066898,2.56723
142,0.652229,0.1586,19,6.29333,0.0700827,2.99169
143,0.669267,0.17412,18,6.89333,0.0670624,2.73526
144,0.605287,0.118041,19,4.99333,0.0705017,2.81607
145,0.538745,0.158354,17,6.44,0.0654974,2.8662
146,0.61659,0.155576,18,6.61333,0.0685191,3.04246
147,0.576763,0.146557,17,6.24,0.0660134,3.18983
148,0.632643,0.171614,20,7.00667,0.0676986,3.01797
149,0.605649,0.152988,19,6.10667,0.0680886,2.96077
150,0.616121,0.153205,20,6.54667,0.0687705,2.95333
151,0.701596,0.220986,20,8.52667,0.0704698,2.87085
152,0.696132,0.125111,18,5.4,0.0671005,2.82433
153,0.645626,0.199499,20,7.62667,0.0670345,2.85431
154,0.58388,0.194382,18,7.54667,0.06598,2.89288
155,0.709332,0.158651,20,6.25333,0.064824,2.84132
156,0.686014,0.188059,19,7.13333,0.069303,2.97562
157,0.675068,0.215128,18,7.92,0.067176,2.9052
158,0.688228,0.222683,19,8.19333,0.0690366,2.8795
159,0.671676,0.201634,19,7.34,0.0647679,2.67326
160,0.654568,0.179845,19,7.25333,0.0671869,2.94541
161,0.747347,0.22143,20,8.06667,0.0687221,3.0127
162,0.701288,0.178123,19,7.10667,0.0696383,2.80931
163,0.656282,0.172206,19,6.57333,0.0673701,2.82617
164,0.68887,0.163099,20,5.94667,0.0668742,2.86824
165,0.662682,0.175066,19,6.68667,0.0692762,2.92096
166,0.745393,0.230722,20,8.38,0.0684955,2.70135
167,0.656654,0.200074,19,7.74667,0.0690818,3.00868
168,0.682849,0.221013,20,8.12,0.0689796,2.95519
169,0.673142,0.256688,19,8.66,0.0656567,2.96206
170,0.671194,0.204209,20,7.54,0.0690066,2.85772
171,0.674959,0.203027,19,7.43333,0.0686096,2.85957
172,0.667059,0.2201,20,7.69333,0.0681955,2.89218
173,0.558076,0.178604,18,6.76,0.0650941,3.06455
174,0.548154,0.183939,17,7.09333,0.0686545,2.86268
175,0.691788,0.199895,20,7.3,0.0665209,2.77722
176,0.704238,0.199652,20,7.02667,0.0661796,2.7735
177,0.702327,0.187913,18,7.16667,0.0672473,2.70335
178,0.639838,0.184015,18,6.84,0.0679659,3.08115
179,0.664689,0.199857,17,6.85333,0.0679981,2.61958
180,0.762342,0.234237,20,8.19333,0.0677488,2.67802
181,0.680001,0.176337,19,6.5,0.0667017,2.85381
182,0.784544,0.191397,20,6.98667,0.0673526,2.87733
183,0.730459,0.175741,19,6.95333,0.0680787,3.08174
184,0.701385,0.228739,20,8.60667,0.0688998,2.7932
185,0.643782,0.158221,18,6.00667,0.0738937,3.01912
186,0.67612,0.163062,19,6.22,0.0679174,3.19733
187,0.64336,0.168638,19,6.57333,0.0674156,3.447
188,0.694116,0.213214,18,7.28667,0.0686641,3.04093
189,0.680187,0.163507,20,5.72,0.0681789,2.99436
190,0.749966,0.202561,20,7.46667,0.069691,3.08181
191,0.629349,0.149759,19,5.80667,0.0686332,3.16018
192,0.733588,0.204971,20,7.80667,0.0716532,3.08499
193,0.660486,0.202447,19,7.07333,0.06749,2.75904
194,0.661608,0.183765,18,6.94667,0.0669699,2.94596
195,0.659716,0.195105,19,7.56667,0.0660804,2.65591
196,0.69714,0.178935,20,7,0.0668402,2.64016
197,0.657985,0.15811,18,5.81333,0.0656793,2.92534
198,0.639646,0.156498,18,5.93333,0.0669391,3.10486
199,0.684018,0.169681,19,6.40667,0.0699139,2.97656
200,0.70912,0.18792,19,7.45333,0.0684042,3.02521
201,0.664937,0.175803,19,6.64,0.066182,2.76103
202,0.681786,0.176249,19,6.83333,0.0666599,2.76561
203,0.756417,0.175446,19,6.96667,0.0894603,3.34372
204,0.601517,0.181025,17,6.77333,0.0678771,3.1339
205,0.70179,0.189883,19,6.99333,0.0687818,2.87329
206,0.654262,0.203822,19,8.20667,0.06914,2.97149
207,0.689121,0.173961,20,6.86667,0.0662666,2.9028
208,0.726174,0.191047,20,7.97333,0.0690889,2.79424
209,0.671349,0.210237,19,7.82,0.0686771,2.85994
210,0.620956,0.20547,19,7.8,0.0692059,3.02181
211,0.686041,0.175814,20,7.2,0.0681284,3.2996
212,0.616088,0.183385,17,7.12,0.0684002,2.96003
213,0.647881,0.18545,19,6.74667,0.0679573,2.94732
214,0.858221,0.225601,20,8.2,0.0698063,2.69176
215,0.632594,0.196943,19,6.94,0.0661346,2.69722
216,0.730428,0.215526,20,7.79333,0.0683175,2.73449
217,0.684726,0.18284,20,6.86667,0.0664369,2.76145
218,0.687872,0.203138,19,6.80667,0.0690327,2.75799
219,0.779207,0.208555,20,7.07333,0.0670654,2.80928
220,0.678357,0.18673,19,6.71333,0.069799,2.84777
221,0.68928,0.184115,20,6.85333,0.0697359,2.93157
222,0.717108,0.217002,18,7.94,0.0689314,2.80688
223,0.700269,0.165931,20,6.08667,0.0698554,2.94575
224,0.724113,0.202506,20,7.31333,0.0686756,2.85383
225,0.744775,0.180378,19,6.28,0.0939273,2.93063
226,0.660981,0.147015,18,5.44,0.0644492,2.60103
227,0.59844,0.192297,18,6.63333,0.0859831,2.93711
228,0.789311,0.201396,20,7.36,0.0667355,2.69643
229,0.667193,0.204403,20,7.91333,0.0682097,2.7108
230,0.752678,0.199174,20,7.53333,0.0670225,2.75775
231,0.722097,0.242338,20,8.55333,0.0705484,2.79414
232,0.708192,0.219983,19,7.63333,0.22869,2.99273
233,0.654486,0.248339,19,9.42667,0.100363,2.70801
234,0.675841,0.2198,19,7.84,0.167647,2.93175
235,0.712548,0.232394,20,8.56,0.0922918,2.63917
236,0.775877,0.237713,20,9.28,0.0685174,2.67437
237,0.719581,0.186624,20,7.5,0.0742801,2.73764
238,0.766245,0.209568,20,7.64,0.105211,2.79886
239,0.659739,0.228801,19,7.92667,0.0721959,2.89932
240,0.68606,0.222356,19,7.89333,0.0756886,2.9316
241,0.694694,0.215471,20,7.46667,0.0693741,2.82541
242,0.804956,0.228902,20,8.54,0.0724985,2.82209
243,0.650718,0.189429,18,6.85333,0.184657,2.96137
244,0.660079,0.229162,20,8.3,0.112293,2.73241
245,0.723805,0.237146,20,8.26667,0.0931113,2.92712
246,0.591041,0.197673,17,7.07333,0.0668288,3.06435
247,0.709498,0.203328,20,7.57333,0.0721775,3.00059
248,0.563514,0.180072,18,6.7,0.0669352,2.84494
249,0.682769,0.22933,19,8.23333,0.0702302,2.85161
250,0.726103,0.231376,20,7.72667,0.0797807,2.8875
251,0.661795,0.205925,18,7.01333,0.0684332,2.9013
252,0.687516,0.193282,20,7.56,0.0677966,3.01846
253,0.68008,0.226045,19,8.21333,0.127319,2.75812
254,0.722812,0.221534,19,7.54,0.0934484,2.80078
255,0.726097,0.211503,19,7.92,0.164979,2.70321
256,0.692627,0.235083,19,8.04667,0.186877,2.93281
257,0.6858,0.178013,19,6.94667,0.0720391,2.95364
258,0.718155,0.263727,20,8.76,0.0787993,2.78079
259,0.720572,0.241005,20,8.5,0.102926,2.67319
260,0.672529,0.219744,19,7.42667,0.0698314,2.53433
261,0.621221,0.212118,17,7.17333,0.0675616,2.52836
262,0.697018,0.207793,20,7.9,0.0747555,2.72113
263,0.731497,0.210407,20,8.02667,0.0717581,2.45192
264,0.727228,0.23441,20,8.40667,0.0868413,2.75312
265,0.687046,0.225017,19,8.01333,0.073457,2.97243
266,0.705781,0.193245,19,6.90667,0.0841152,2.58572
267,0.706321,0.173423,19,5.91333,0.0668303,2.58668
268,0.696738,0.159068,18,5.40667,0.0759348,2.87398
269,0.75388,0.207544,20,7.77333,0.0681877,2.63855
270,0.64878,0.185176,20,6.66,0.0879138,2.79202
271,0.538413,0.157901,17,5.82,0.0667918,2.61185
272,0.732908,0.191502,17,6.6,0.0766986,2.73768
273,0.777404,0.219056,20,7.83333,0.0856956,2.85961
274,0.73392,0.209035,20,7.88,0.072947,2.91069
275,0.726677,0.192844,19,7.13333,0.0692242,2.73399
276,0.663856,0.207281,20,7.55333,0.0689082,2.5448
277,0.765418,0.245584,20,8.63333,0.0834168,2.56067
278,0.732878,0.236261,20,8.32,0.0720403,2.72298
279,0.692524,0.212861,19,8.55333,0.0745321,2.56048
280,0.551911,0.175398,16,6.52667,0.19282,2.83021
281,0.671715,0.230765,19,8.44667,0.0701899,2.59432
282,0.653219,0.205353,18,7.1,0.0688532,2.87893
283,0.677714,0.190193,18,7.52,0.0684942,2.86302
284,0.734108,0.19649,20,7.1,0.0702307,2.57316
285,0.659872,0.210953,18,7.63333,0.066239,2.58197
286,0.714785,0.186455,19,7.37333,0.0689135,2.83261
287,0.689437,0.191734,19,7.42667,0.179883,2.532
288,0.706424,0.191297,19,7.10667,0.0665173,2.66395
289,0.680984,0.183979,20,6.76,0.0686578,2.71876
290,0.593075,0.159748,16,5.91333,0.0650952,2.69528
291,0.639562,0.177895,18,7.24667,0.0789135,2.80707
292,0.747222,0.207961,20,7.64667,0.209049,2.8119
293,0.665818,0.214725,19,7.76667,0.0763606,2.82605
294,0.652174,0.2141,20,8.52,0.0692224,2.86028
295,0.674567,0.218296,19,8.00667,0.0685422,2.77816
296,0.671584,0.183437,19,6.92,0.0704165,2.82319
297,0.701007,0.207589,20,7.38667,0.0665635,2.48762
298,0.607792,0.198031,19,7.48,0.0674958,2.67659
299,0.721303,0.244669,20,8.48667,0.0774132,2.74518
300,0.7234,0.224229,20,7.92667,0.163322,2.87955
301,0.734557,0.205079,19,7.63333,0.135446,2.69846
302,0.686863,0.233403,19,8.90667,0.219385,2.80023
303,0.692493,0.22877,20,8.58667,0.0712448,2.82087
304,0.715189,0.203814,20,7.86667,0.0691783,2.78198
305,0.71455,0.232326,20,8.44,0.0655673,2.43259
306,0.667459,0.201129,19,7.28667,0.0664724,2.76462
307,0.620494,0.183339,19,7.16667,0.0669534,2.92205
308,0.652648,0.175933,18,6.76,0.0672175,2.98496
309,0.714942,0.202452,19,7.56667,0.0741765,2.82462
310,0.651453,0.169741,18,6.17333,0.0749204,2.6014
311,0.740604,0.265316,20,8.84667,0.0793073,2.71807
312,0.727758,0.213596,20,7.48667,0.0848246,2.7281
313,0.791137,0.279467,20,9.52667,0.0702576,2.49678
314,0.650596,0.178597,18,6.34,0.094881,2.78699
315,0.663528,0.187804,20,6.88,0.10228,2.72849
316,0.566253,0.160696,18,5.59333,0.0637212,2.80834
317,0.575383,0.157761,19,6.46667,0.0687546,2.82821
318,0.659456,0.187745,19,6.94667,0.0642648,2.71627
319,0.712738,0.200793,20,7.47333,0.187873,2.89921
320,0.66548,0.179586,19,6.73333,0.0685599,3.08385
321,0.681944,0.213305,19,7.64667,0.0659041,2.74293
322,0.65584,0.207584,19,7.41333,0.0697787,2.79523
323,0.717999,0.189654,20,7.36667,0.0710456,2.7174
324,0.66435,0.192038,19,7.36,0.0747349,2.38718
325,0.644428,0.200345,20,7.71333,0.077625,2.56931
326,0.712545,0.197914,20,7.70667,0.0916414,2.64472
327,0.705775,0.21262,17,7.4,0.0664862,2.31422
328,0.701496,0.221966,19,8.91333,0.072992,2.76465
329,0.699344,0.200885,19,7.49333,0.070059,2.89401
330,0.70916,0.223824,19,8,0.067175,2.70279
331,0.668097,0.241035,19,8.63333,0.0785506,2.96646
332,0.643568,0.190605,18,7.26,0.0673919,2.73044
333,0.702039,0.216501,19,8.29333,0.0688145,2.61177
334,0.72633,0.245285,19,8.36,0.0672625,2.45572
335,0.717013,0.23253,18,8.42667,0.0714318,2.68755
336,0.718796,0.196811,19,7.16,0.182515,2.71973
337,0.689351,0.21882,19,8.15333,0.120931,2.47981
338,0.649935,0.207859,19,7.92667,0.0719785,2.61617
339,0.664807,0.163299,18,6.08667,0.0938316,2.91122
340,0.707375,0.247485,20,9.43333,0.16876,2.49758
341,0.668831,0.1934,20,7.44667,0.0680765,2.59045
342,0.581715,0.197398,17,7.4,0.0692416,2.77077
343,0.670125,0.19009,19,7.32667,0.0738598,2.93754
344,0.721369,0.216336,19,8.08667,0.0715964,2.7421
345,0.672351,0.188697,18,7.44667,0.0761215,2.85556
346,0.664958,0.203545,19,7.36,0.183082,2.624
347,0.67439,0.223595,19,8.04667,0.0712814,2.4187
348,0.661889,0.213735,19,8.04,0.17362,2.55343
349,0.596178,0.184387,18,6.93333,0.0677591,2.5685
350,0.768017,0.229031,20,7.85333,0.0701815,2.50236
351,0.707102,0.232231,19,8.34667,0.0705122,2.48063
352,0.621587,0.243905,18,8.56,0.0990073,2.53676
353,0.690294,0.235222,20,8.92667,0.0704075,2.66248
354,0.645706,0.208502,19,8.58667,0.0689285,2.84209
355,0.617713,0.212741,19,8.12667,0.0683174,2.74962
356,0.608846,0.208803,18,7.49333,0.0727586,2.51347
357,0.726864,0.265018,19,9.29333,0.0768253,2.67937
358,0.708181,0.274895,20,9.6,0.0710475,2.60685
359,0.676447,0.261631,19,9.55333,0.0740853,2.89849
360,0.747424,0.279187,19,10.4133,0.114822,2.51391
361,0.756656,0.284365,20,9.78,0.0905895,2.54397
362,0.61688,0.222112,18,8.2,0.0685431,2.48688
363,0.644167,0.245311,18,9.04667,0.168787,2.64701
364,0.705006,0.268029,20,10.1,0.0752426,2.66679
365,0.682836,0.222235,19,8.61333,0.0694422,2.75775
366,0.712767,0.278805,19,10.0867,0.0838694,2.78374
367,0.646944,0.224315,17,8.61333,0.407718,2.73814
368,0.678593,0.206372,19,7.94,0.0683768,2.48797
369,0.73727,0.205688,20,7.52,0.0688391,2.52688
370,0.673252,0.214134,18,7.4,0.064604,2.746
371,0.728894,0.233802,20,8.81333,0.0693555,2.68475
372,0.679119,0.259552,19,9.06,0.0986079,2.63578
373,0.772945,0.274132,20,9.55333,0.118011,2.54586
374,0.728404,0.270763,20,9.24,0.0709084,2.76281
375,0.708372,0.266706,19,9.48,0.069454,2.62538
376,0.688622,0.269916,20,9.14667,0.0807641,2.52139
377,0.689796,0.235401,19,8.78,0.0954525,2.5635
378,0.673522,0.224299,18,7.98,0.0697112,2.70104
379,0.675845,0.244479,19,9.02667,0.0686798,2.71332
380,0.777209,0.26362,19,8.87333,0.0685297,2.37614
381,0.726131,0.278689,20,10.32,0.0678168,2.42567
382,0.734718,0.260767,19,8.9,0.0654177,2.59671
383,0.642463,0.200883,18,7.77333,0.110345,2.90675
384,0.687885,0.259259,19,9.42667,0.0695527,2.72597
385,0.726205,0.287054,20,10.04,0.0685471,2.64379
386,0.660268,0.267034,18,9.20667,0.0690438,2.45203
387,0.566875,0.194009,18,6.91333,0.0680969,2.93495
388,0.690635,0.241081,19,8.76667,0.0817867,2.58765
389,0.761329,0.267177,20,9.36,0.0716362,2.58605
390,0.724505,0.27028,20,9.32667,0.0832771,2.44381
391,0.726609,0.283943,20,9.96,0.089692,2.57426
392,0.642239,0.238221,19,8.9,0.0760791,2.64769
393,0.745826,0.251247,19,8.87333,0.066673,2.68896
394,0.635766,0.262508,20,9.54667,0.253388,2.76484
395,0.604472,0.203757,18,7.46667,0.0677293,2.67249
396,0.759566,0.28004,20,10.26,0.0737601,2.49737
397,0.716569,0.305456,18,9.32667,0.0859177,2.56243
398,0.693475,0.265075,20,9.64667,0.10438,2.67855
399,0.662975,0.286606,20,9.73333,0.0681719,2.46625
400,0.68988,0.264952,20,9.52667,0.115558,2.65991
401,0.705501,0.267822,19,8.74,0.0652643,2.63278
402,0.789049,0.344105,20,10.7,0.0721267,2.17678
403,0.76623,0.301348,20,10.48,0.07195,2.46459
404,0.785456,0.289865,20,10.22,0.177857,2.55149
405,0.683634,0.236113,19,8.13333,0.0717609,2.89471
406,0.636545,0.237063,18,8.28667,0.0701441,2.60344
407,0.748282,0.3168,20,10.84,0.0681658,2.42045
408,0.711777,0.277148,20,9.9,0.0713029,2.45152
409,0.656508,0.270556,19,9.02667,0.0692192,2.58627
410,0.680681,0.273117,19,10.0667,0.112847,2.44321
411,0.656597,0.227156,19,8.14667,0.0707171,2.74068
412,0.651966,0.222142,19,8.49333,0.0743123,2.5134
413,0.667996,0.241917,17,8.62,0.0667159,2.80816
414,0.760212,0.319629,20,10.74,0.102283,2.1722
415,0.674743,0.299788,19,9.62667,0.0765955,2.55036
416,0.657898,0.257734,19,8.6,0.067718,2.41561
417,0.611215,0.240372,19,8.92,0.0703616,2.44491
418,0.773292,0.287253,20,9.56667,0.0689375,2.07571
419,0.752758,0.305934,20,10.8267,0.0693791,2.39971
420,0.720046,0.234308,20,8.27333,0.067941,2.61053
421,0.702641,0.272397,19,9.25333,0.066778,2.66863
422,0.724432,0.279334,19,9.75333,0.0995403,2.58013
423,0.705942,0.278435,18,9.76667,0.075183,2.78132
424,0.656682,0.235154,18,8.80667,0.0679881,2.49497
425,0.70217,0.284674,18,10.0067,0.0676541,2.35937
426,0.706369,0.289845,19,10.5,0.0749611,2.58575
427,0.722843,0.247047,19,8.88,0.0701322,2.5752
428,0.712625,0.224247,18,7.88667,0.0752807,2.6429
429,0.630017,0.205274,18,8.44,0.0828932,2.55228
430,0.601201,0.211353,19,8,0.0692447,2.48814
431,0.633297,0.210163,18,7.80667,0.068041,2.97526
432,0.725595,0.212099,20,8.66,0.0699106,2.39085
433,0.629413,0.181713,18,7.84667,0.0712661,2.59096
434,0.661635,0.190899,20,7.60667,0.0669351,2.78348
435,0.756631,0.227853,20,8.78667,0.068569,2.67127
436,0.646767,0.242852,20,8.83333,0.0707911,2.75173
437,0.70776,0.24018,20,8.73333,0.065795,2.31394
438,0.675412,0.285089,20,9.95333,0.0759003,2.36153
439,0.618606,0.191579,19,7.66667,0.0669761,2.47774
440,0.628608,0.229999,20,8.5,0.0681759,2.49563
441,0.655755,0.202997,19,8.12667,0.06806,2.95215
442,0.6172,0.236834,18,8.41333,0.0765989,2.86424
443,0.788856,0.267656,20,9.56667,0.0761632,2.75104
444,0.751014,0.261274,20,8.72,0.0821573,2.61578
445,0.653893,0.237449,18,8.14667,0.0763815,2.80856
446,0.738207,0.257005,20,8.48,0.070724,2.35778
447,0.660919,0.210396,17,7.64,0.0736401,2.6543
448,0.676981,0.22248,19,7.95333,0.141413,2.83209
449,0.644358,0.21516,20,7.96,0.0663434,2.69399
450,0.688187,0.224078,19,7.57333,0.0682305,2.84082
451,0.633072,0.213799,17,7.35333,0.0688472,2.71283
452,0.699212,0.251626,19,8.78667,0.0670125,2.66129
453,0.723509,0.245617,20,8.69333,0.0697643,2.88929
454,0.721943,0.288703,19,9.69333,0.0686714,2.63284
455,0.654059,0.217087,19,7.64,0.203625,2.77975
456,0.647228,0.242196,20,8.23333,0.0678271,2.82689
457,0.598277,0.186629,17,6.40667,0.071427,3.01414
458,0.649458,0.239067,20,8.62,0.114306,3.01216
459,0.716922,0.215858,20,8.07333,0.144568,2.73486
460,0.660991,0.20067,19,7.51333,0.0688852,2.67903
461,0.640262,0.206433,17,7.48,0.0666244,2.61031
462,0.600267,0.193099,18,7.23333,0.0675509,2.8509
463,0.712719,0.240477,20,8.49333,0.0672231,2.57508
464,0.609541,0.219411,19,8.3,0.0658718,2.8163
465,0.74271,0.264167,19,8.82667,0.0660306,2.53001
466,0.735978,0.277794,20,9.4,0.0698721,2.44713
467,0.739508,0.273343,20,9.49333,0.0704608,2.47188
468,0.625574,0.206586,17,6.72667,0.0647042,2.81039
469,0.734513,0.238976,19,8.07333,0.161706,2.80036
470,0.723144,0.19888,20,6.83333,0.0670132,2.78412
471,0.724728,0.214448,20,7.66667,0.134895,2.7328
472,0.679933,0.22373,19,7.89333,0.139433,2.70766
473,0.67469,0.21745,19,8.06667,0.0850717,2.69441
474,0.653973,0.191298,19,7.18667,0.0705372,2.88308
475,0.651783,0.206558,20,8.04,0.0678894,2.7262
476,0.618282,0.206774,17,7.64667,0.0692714,2.84448
477,0.634261,0.210104,19,7.61333,0.0685219,2.72822
478,0.687556,0.244336,19,8.90667,0.0668455,2.59901
479,0.660655,0.233106,18,9.22,0.177059,2.72067
480,0.698555,0.189369,18,7.90667,0.184167,2.83319
481,0.671825,0.221501,20,8.94,0.13392,2.66456
482,0.71067,0.234404,19,8.72,0.114216,2.73789
483,0.709897,0.228331,19,8.13333,0.0677995,2.54316
484,0.601127,0.215505,17,8.01333,0.0670782,2.87316
485,0.761368,0.252353,20,9.52667,0.162362,3.03221
486,0.719748,0.257636,19,9.71333,0.22723,2.77198
487,0.623368,0.193862,19,7.74,0.0726509,3.2628
488,0.561851,0.173562,17,6.54667,0.068802,3.01955
489,0.695544,0.231151,20,8.26,0.146415,3.07958
490,0.732069,0.222866,19,8.43333,0.0679571,2.82266
491,0.64889,0.177906,20,6.97333,0.0708312,3.16146
492,0.703786,0.202582,18,7.31333,0.0740937,2.98891
493,0.716025,0.221771,20,7.85333,0.0683188,2.89788
494,0.727514,0.229957,19,8.26667,0.0899508,2.9348
495,0.675033,0.208287,19,7.40667,0.163618,2.72859
496,0.718326,0.197533,19,7.11333,0.0694605,2.58874
497,0.561092,0.189577,18,7.34667,0.185982,2.84293
498,0.774844,0.225762,19,8.66,0.0685173,2.73123
499,0.738641,0.205857,20,7.62667,0.07765,2.6586
500,0.701477,0.216191,19,8.13333,0.069587,2.81738
501,0.722044,0.211929,19,7.74667,0.0679281,2.73249
502,0.699083,0.186698,18,6.96,0.071722,2.98803
503,0.781761,0.260823,20,8.96667,0.0708295,2.85189
504,0.660565,0.237723,19,8.18,0.0989784,2.8107
505,0.654279,0.226858,19,7.99333,0.0710789,3.11252
506,0.69618,0.215127,18,7.44667,0.0670957,3.10396
507,0.750117,0.264858,20,9.09333,0.0669901,2.58773
508,0.719747,0.211218,20,7.51333,0.126513,2.69666
509,0.647143,0.174349,18,6.56,0.0677835,2.78745
510,0.669102,0.188836,19,7.04,0.067326,3.26297
511,0.702174,0.191599,18,6.79333,0.190996,2.70623
512,0.686733,0.181951,19,7.31333,0.070617,2.66657
513,0.580736,0.175773,19,6.99333,0.0728849,2.92804
514,0.656773,0.20731,18,7.52,0.0697722,2.707
515,0.624336,0.188746,18,7.16,0.0667018,2.98624
516,0.668916,0.236601,18,8.12667,0.0703992,2.65562
517,0.709403,0.227647,19,8.01333,0.0652241,2.56781
518,0.756442,0.251649,20,9.48667,0.174773,2.88337
519,0.720376,0.261518,19,8.91333,0.066468,2.66987
520,0.695774,0.249741,19,8.62,0.0820083,2.7267
521,0.738302,0.238632,19,8.05333,0.0732933,2.78468
522,0.684831,0.234539,18,8.46667,0.0762461,2.98734
523,0.660387,0.236425,20,8.23333,0.0664745,2.76135
524,0.785099,0.257266,19,8.64667,0.159747,2.84249
525,0.74286,0.255817,20,9.29333,0.0676156,2.60743
526,0.799022,0.259531,20,9.24,0.0678769,2.74915
527,0.716618,0.235692,19,8.94667,0.0687583,2.78103
528,0.739691,0.245224,19,8.67333,0.0694596,2.94401
529,0.807348,0.274641,20,9.27333,0.0670983,2.23674
530,0.812812,0.271381,20,9.60667,0.0702286,2.37764
531,0.72545,0.206289,20,7.66667,0.10946,2.56935
532,0.737461,0.247708,20,9.36667,0.0696469,2.69405
533,0.686467,0.215741,19,7.28,0.0701946,2.57696
534,0.712126,0.252274,19,8.14667,0.0912639,2.5212
535,0.761184,0.253493,20,9.42,0.0890341,2.64659
536,0.643643,0.225027,19,8.23333,0.0649205,2.66089
537,0.791299,0.289494,20,9.90667,0.0701512,2.49466
538,0.693304,0.244474,19,9.15333,0.0699814,2.72594
539,0.644832,0.214849,18,7.98,0.0657485,2.88673
540,0.658131,0.285534,19,9.75333,0.0991906,2.84592
541,0.749463,0.347195,19,11.06,0.0855495,2.33136
542,0.682488,0.248113,18,9.24,0.0686114,2.8819
543,0.655905,0.263348,19,9.21333,0.0749468,2.60076
544,0.741345,0.262901,20,8.86,0.0688885,2.49998
545,0.65445,0.238181,18,8.53333,0.0668955,2.55763
546,0.696381,0.270771,19,9.62667,0.094665,2.31934
547,0.739621,0.268839,19,9.8,0.609696,2.59529
548,0.655359,0.20368,18,7.42667,0.0677948,2.80753
549,0.702704,0.274976,18,9.26,0.0683869,2.52094
550,0.733147,0.245457,20,9.1,0.175297,2.76614
551,0.734478,0.27908,19,9.08667,0.364676,2.70994
552,0.645088,0.261194,19,9.32,0.140937,2.62549
553,0.629875,0.211652,20,8.51333,0.067906,2.77272
554,0.74513,0.285449,20,10.0333,0.0676599,2.37242
555,0.600785,0.263255,18,9.24,0.0738587,2.65933
556,0.607882,0.249998,19,9.36,0.0709301,2.55514
557,0.675221,0.268787,19,9.54,0.168837,2.42002
558,0.762635,0.301508,19,10.3,0.0708629,2.41218
559,0.659395,0.260654,19,9.29333,0.0678001,2.73883
560,0.722117,0.327926,20,11.6467,0.0689214,2.54883
561,0.60656,0.297445,19,10.6467,0.0762621,2.6731
562,0.747983,0.279017,18,9.66,0.0707428,2.54699
563,0.684065,0.255434,19,10.0733,0.397516,2.77937
564,0.693217,0.273154,20,10.1067,0.0694771,2.5085
565,0.690069,0.251777,20,9.18667,0.0704245,2.5388
566,0.661615,0.24499,19,8.48,0.153049,2.72957
567,0.589414,0.221901,18,7.6,0.0675414,2.69346
568,0.595694,0.211912,18,7.53333,0.0664337,2.6178
569,0.597717,0.203361,19,7.81333,0.0667645,3.09931
570,0.648141,0.279155,19,9.82,0.0773084,2.57029
571,0.752826,0.320755,20,10.8067,0.0669463,2.34137
572,0.823004,0.32766,20,11.1933,0.069923,2.63504
573,0.588417,0.223133,19,8.16667,0.123623,2.93897
574,0.677002,0.253328,19,9.41333,0.0671062,2.42692
575,0.701897,0.261112,20,9.52667,0.0661144,2.52784
576,0.720262,0.270054,19,9.19333,0.0673597,2.87691
577,0.723067,0.299718,20,10.3533,0.0681205,2.47355
578,0.61549,0.225039,20,8.67333,0.0717084,2.84729
579,0.618327,0.240174,18,8.42,0.0648126,2.91164
580,0.686873,0.238319,20,8.62667,0.0658426,2.49926
581,0.654801,0.246301,17,8.54,0.0709627,2.92761
582,0.646608,0.251748,19,9.33333,0.0699566,2.81744
583,0.705881,0.223565,20,8.07333,0.0780591,2.77416
584,0.607478,0.232301,19,8.17333,0.0689012,2.88806
585,0.645664,0.262681,20,9.18667,0.0731956,2.87932
586,0.804413,0.307103,20,10.26,0.128092,2.3468
587,0.694744,0.281707,20,9.92667,0.12943,2.34118
588,0.726436,0.266857,20,9.86,0.0682178,2.38548
589,0.638296,0.214922,17,7.55333,0.0656355,2.5506
590,0.583008,0.216232,18,7.7,0.0658472,2.41547
591,0.659021,0.248942,19,8.42,0.0677612,2.45539
592,0.713887,0.299041,19,9.43333,0.184873,2.28837
593,0.693938,0.228675,18,8.18,0.0746676,2.59812
594,0.787415,0.352192,20,11.3133,0.0692358,2.31637
595,0.604509,0.226873,18,7.72,0.0672662,2.94416
596,0.734858,0.324376,19,10.5467,0.106697,2.4283
597,0.779007,0.271685,20,9.36667,0.0682039,2.78492
598,0.615028,0.229567,17,8.03333,0.0753587,2.8992
599,0.583419,0.224425,17,8.23333,0.070422,2.79778
600,0.781398,0.336655,20,10.6467,0.210719,2.52058
601,0.643271,0.262116,19,8.44667,0.553001,2.79296
602,0.669146,0.236641,19,8.16667,0.0685012,2.63098
603,0.767724,0.258479,19,9.03333,0.0688655,2.63425
604,0.72565,0.288588,20,10.06,0.0715587,2.79042
605,0.721846,0.30811,19,10.2333,0.0742284,2.60887
606,0.68951,0.281381,19,9.86667,0.189549,2.79921
607,0.654223,0.252126,19,8.56,0.0702409,2.78038
608,0.665515,0.259672,18,8.77333,0.562955,2.93493
609,0.697947,0.280191,18,9.60667,0.0681928,2.4045
610,0.731355,0.269506,19,9.18,0.227731,3.24915
611,0.596149,0.255364,17,8.74667,0.0967343,2.87708
612,0.595215,0.200543,18,7.59333,0.0939072,3.0529
613,0.700553,0.285515,19,10.1133,0.0848415,2.70222
614,0.654091,0.231784,18,8.3,0.0684545,2.71657
615,0.664015,0.224807,18,7.49333,0.0670032,2.9053
616,0.67201,0.224922,19,8.14,0.179975,2.93175
617,0.631807,0.238875,18,9.14,0.0688133,2.96651
618,0.742805,0.288329,19,9.76,0.0903215,2.55679
619,0.645101,0.260866,19,9.40667,0.0695075,2.82035
620,0.632367,0.251122,18,9.24667,0.289926,2.72166
621,0.737511,0.272452,20,9.14,0.0664589,2.65539
622,0.77286,0.274656,20,8.86,0.461997,2.62748
623,0.713869,0.235059,19,8.63333,0.0671144,2.94919
624,0.671836,0.208497,18,7.46667,0.0946974,2.80889
625,0.684361,0.226792,17,7.83333,0.0676447,2.76262
626,0.684841,0.22076,19,8.31333,0.0686758,2.93986
627,0.778524,0.26211,20,9.12,0.106442,2.85641
628,0.709179,0.235256,19,7.82,0.0660016,3.0633
629,0.637813,0.197594,19,7.12667,0.0691137,3.14851
630,0.666318,0.22919,17,8.14,0.0716415,2.92297
631,0.662392,0.237128,20,8.2,0.069555,2.87026
632,0.579418,0.20103,17,7.47333,0.0650563,3.17325
633,0.582883,0.171571,18,7.02,0.0720048,3.2232
634,0.672669,0.261396,18,8.77333,0.0696202,2.92148
635,0.638862,0.201684,19,7.04667,0.0695185,3.18322
636,0.601505,0.220418,18,7.62,0.0701108,2.98013
637,0.684912,0.239835,19,8.9,0.071099,2.61698
638,0.588569,0.199838,18,6.65333,0.0663362,3.09312
639,0.730688,0.275538,19,9.06667,0.0656063,2.6681
640,0.654112,0.212911,19,7.24,0.0684923,2.95605
641,0.645729,0.230453,17,8.40667,0.0791733,3.11435
642,0.65683,0.240565,18,8.34,0.0687474,2.76679
643,0.678225,0.206591,18,7.8,0.0652111,2.76417
644,0.623477,0.206349,18,7.81333,0.167716,2.92908
645,0.616145,0.217939,18,8.00667,0.181138,2.93756
646,0.640074,0.241701,19,8.45333,0.0680835,2.54133
647,0.69096,0.267331,18,8.74,0.0864404,2.69886
648,0.681777,0.234671,18,8.39333,0.267185,2.69948
649,0.698583,0.252103,19,9.15333,0.0691772,2.42121
650,0.660468,0.218595,18,7.92667,0.0670303,2.73849
651,0.703137,0.272591,19,9.09333,0.0691152,2.61861
652,0.66657,0.24567,19,8.46667,0.06788,2.78802
653,0.717735,0.222226,20,8.08,0.070634,2.68201
654,0.611322,0.218558,17,7.65333,0.0700239,2.52787
655,0.583647,0.174423,17,6.69333,0.123872,2.91759
656,0.699173,0.274353,19,9.31333,0.144997,2.7867
657,0.614153,0.234607,17,8.04667,0.0667444,2.97893
658,0.69203,0.221451,19,7.42667,0.0670686,2.75077
659,0.629634,0.24846,18,8.05333,0.0690146,2.86454
660,0.648311,0.257221,18,8.36,0.0691249,2.65672
661,0.706497,0.234565,18,8.1,0.0660223,2.84296
662,0.723184,0.190771,18,7.18,0.195837,2.71922
663,0.741199,0.252208,19,8.47333,0.0770281,2.57851
664,0.779023,0.294593,20,10.42,0.180519,2.56007
665,0.679205,0.25727,18,9.33333,0.0657305,2.63927
666,0.659447,0.253008,19,8.67333,0.0694958,2.99864
667,0.645081,0.244893,19,8.52,0.0679016,2.88067
668,0.779169,0.302899,19,10.2933,0.06921,2.56681
669,0.753343,0.261764,19,8.89333,0.274668,2.72758
670,0.703703,0.276334,19,8.83333,0.0862639,2.6493
671,0.671862,0.248309,18,8.30667,0.0715395,2.77459
672,0.672433,0.241893,19,8.39333,0.0689534,2.75876
673,0.742576,0.271628,19,8.36,0.0880871,2.7616
674,0.717919,0.301468,19,9.86,0.0679708,2.60118
675,0.648919,0.238657,18,8.30667,0.433467,2.96643
676,0.790667,0.254773,20,7.88,0.066023,2.70362
677,0.676624,0.24218,19,8.08,0.0888179,2.78189
678,0.747312,0.270112,19,9.02667,0.0915634,2.79861
679,0.617258,0.217024,18,7.76,0.0675178,2.87666
680,0.690603,0.268817,18,9.36,0.110876,2.74278
681,0.788539,0.295852,20,9.35333,0.0687238,2.42352
682,0.654981,0.237503,17,7.14667,0.0675833,2.8363
683,0.600636,0.221915,18,7.54,0.0703368,2.6373
684,0.590887,0.213144,16,6.83333,0.0657026,3.03089
685,0.613634,0.245834,18,8.54,0.0699016,2.87584
686,0.594475,0.231199,17,7.66,0.0709512,2.95597
687,0.773859,0.362556,20,10.9,0.0705915,2.57159
688,0.69676,0.258631,18,8.31333,0.0656067,2.72736
689,0.656171,0.256202,19,8.74,0.0677278,2.93793
690,0.637042,0.244793,18,8.6,0.0702064,2.99289
691,0.767821,0.245703,20,8.32667,0.0847789,2.97842
692,0.689011,0.28764,18,8.86667,0.0866087,2.82559
693,0.707677,0.294352,19,8.95333,0.0671911,2.8546
694,0.743795,0.288223,20,9.38,0.0755736,2.6494
695,0.751081,0.268751,19,9.00667,0.0690889,2.69308
696,0.732461,0.245639,20,8.37333,0.0693456,2.82549
697,0.653356,0.224609,18,7.55333,0.06798,2.76317
698,0.780147,0.266445,20,8.54,0.0700073,2.33572
699,0.738635,0.23621,20,7.86,0.0683775,2.62593
700,0.687392,0.245488,19,7.71333,0.0670473,2.43395
701,0.699425,0.261148,20,8.54,0.069317,2.82636
702,0.717002,0.270873,19,9,0.0710315,2.81281
703,0.787,0.280944,20,8.78667,0.0755208,2.64487
704,0.695111,0.253561,19,8.71333,0.0702744,2.97055
705,0.727188,0.215396,19,7.56,0.0757366,2.91958
706,0.691654,0.227997,18,7.99333,0.0700525,2.76856
707,0.683678,0.264764,18,8.68,0.0670864,2.7678
708,0.63989,0.192656,18,6.89333,0.0648044,2.84037
709,0.659391,0.207839,17,7.24667,0.0680293,3.09507
710,0.716516,0.290661,19,10.0133,0.109528,2.77847
711,0.728757,0.296218,20,10.3533,0.102682,2.8974
712,0.738841,0.279829,20,10.14,0.078786,2.77771
713,0.712357,0.243159,19,8.43333,0.071364,2.80388
714,0.768208,0.256207,20,9.27333,0.0867136,2.57708
715,0.783525,0.224867,20,8.42667,0.0662876,2.60468
716,0.642728,0.240802,18,8.18667,0.0692603,2.73971
717,0.70313,0.239578,19,9.24667,0.0682654,2.85049
718,0.686029,0.218987,20,8.39333,0.066929,3.00201
719,0.723617,0.280799,20,9.71333,0.0721564,2.8452
720,0.678599,0.225027,19,8.33333,0.0646442,2.80347
721,0.69254,0.254607,20,9.51333,0.0692523,2.59528
722,0.637098,0.24584,19,8.75333,0.0689258,2.76092
723,0.666942,0.207129,20,7.45333,0.0670729,2.92015
724,0.680072,0.229888,19,8.19333,0.067794,2.93071
725,0.768785,0.249328,20,9.2,0.0877385,2.60026
726,0.724434,0.239522,19,8.49333,0.0682656,2.44813
727,0.772349,0.253599,20,8.91333,0.0726974,2.62271
728,0.723022,0.27933,19,9.57333,0.0698159,2.8218
729,0.735892,0.239369,19,8.56667,0.0760621,3.15475
730,0.661998,0.266478,19,9.38667,0.0686794,2.62964
731,0.626503,0.250883,20,9.54667,0.0682813,2.65574
732,0.641979,0.249395,20,9.08667,0.10869,2.96974
733,0.632021,0.245514,20,9.56667,0.0678369,2.55982
734,0.729432,0.28332,20,10.0933,0.165767,2.66878
735,0.754321,0.26978,20,9.35333,0.0741188,2.79228
736,0.824079,0.301633,20,10.4667,0.113086,2.3115
737,0.623304,0.228884,18,7.86,0.0672306,2.65155
738,0.709572,0.281538,19,10.28,0.0670731,2.62128
739,0.686655,0.214521,19,8.16,0.0645345,2.71312
740,0.658875,0.24283,19,8.77333,0.0779456,2.65563
741,0.703373,0.273163,20,9.47333,0.0696422,2.5319
742,0.634924,0.222946,19,8.10667,0.06808,2.52462
743,0.672389,0.28753,19,9.66667,0.103814,2.63434
744,0.648343,0.226797,18,8.84,0.069944,2.47465
745,0.635401,0.264642,18,9.48667,0.335096,2.69991
746,0.604191,0.228413,18,8.62667,0.0676576,2.55264
747,0.716216,0.276381,20,9.88,0.506632,2.39996
748,0.674412,0.303195,20,10.26,0.164689,2.42036
749,0.579461,0.234805,18,8.46,0.0769174,2.62186
750,0.61866,0.265261,17,9.15333,0.0726663,2.4939
751,0.710699,0.299566,19,10.66,0.068946,2.58874
752,0.635939,0.228349,19,8.62667,0.0726061,2.63076
753,0.596143,0.252335,18,8.86,0.0647937,2.53484
754,0.683172,0.211862,19,7.68667,0.0676367,2.58393
755,0.690854,0.215848,19,7.4,0.110824,2.59347
756,0.622051,0.256499,18,8.82,0.068985,2.48803
757,0.706938,0.257738,20,9.22667,0.0686774,2.37354
758,0.659175,0.25191,18,8.65333,0.0656897,2.24011
759,0.725291,0.304975,18,10.8667,0.394281,2.31088
760,0.668307,0.262313,20,9.24,0.0687955,2.45726
761,0.697603,0.226747,18,7.94667,0.067042,2.47554
762,0.663087,0.259454,20,9.45333,0.0912154,2.40079
763,0.776236,0.294173,19,10,0.0690532,2.37659
764,0.785211,0.309194,20,9.82,0.117577,2.26321
765,0.638975,0.243515,20,8.65333,0.0922555,2.76421
766,0.641708,0.221246,19,8.00667,0.0763495,2.65959
767,0.600916,0.21754,18,7.98667,0.0678107,2.65728
768,0.585402,0.244467,16,8.78667,0.0876425,2.58669
769,0.690606,0.25107,19,8.76667,0.0707854,2.59797
770,0.714051,0.258149,19,9.62,0.0676757,2.5828
771,0.748199,0.266608,18,9.48,0.0676024,2.42004
772,0.680503,0.248146,19,9.09333,0.0671606,2.44303
773,0.771933,0.302341,20,10.1067,0.1015,2.40661
774,0.569443,0.222082,18,8.2,0.0684808,2.69778
775,0.659061,0.231379,18,8.32667,0.0690856,2.56987
776,0.671232,0.292582,19,9.64667,0.140537,2.4047
777,0.755357,0.269693,18,9.53333,0.0692741,2.3926
778,0.664857,0.248431,16,8.90667,0.0897279,2.507
779,0.721998,0.290655,20,10.0933,0.0805249,2.55102
780,0.744905,0.30544,20,10.2133,0.0742689,2.59487
781,0.745955,0.321885,19,11.18,0.0905329,2.33721
782,0.588041,0.214734,17,7.67333,0.0685753,2.96042
783,0.703944,0.27769,20,9.46,0.0682778,2.6798
784,0.648397,0.23769,19,8.77333,0.0701137,2.59444
785,0.677814,0.253408,17,8.80667,0.0849644,2.63505
786,0.735225,0.248975,19,8.85333,0.0693051,2.34555
787,0.719067,0.280044,20,9.66,0.0744502,2.35152
788,0.692809,0.264197,20,9.20667,0.0687786,2.57956
789,0.661929,0.302264,18,10.5867,0.0703751,2.58761
790,0.714089,0.263174,19,9.12,0.10109,2.51441
791,0.642342,0.245101,19,8.76,0.0691575,2.69065
792,0.705258,0.300374,19,10.62,0.233683,2.59809
793,0.612067,0.225872,19,7.67333,0.106328,2.83751
794,0.736668,0.286924,20,9.58667,0.0740798,2.53731
795,0.750074,0.333429,20,10.7933,0.0690354,2.28337
796,0.652826,0.235382,19,8.58,0.210628,2.48231
797,0.626281,0.229419,18,8.82,0.0706036,2.54609
798,0.610499,0.188947,19,7.52667,0.0667626,2.94375
799,0.628171,0.242667,19,8.82,0.10521,2.79039
800,0.655321,0.298776,18,9.95333,0.0706552,2.54396
801,0.688263,0.288471,19,9.86667,0.0682366,2.36676
802,0.603233,0.274831,18,9.46667,0.299934,2.5215
803,0.676741,0.236247,19,9.44,0.240531,2.5395
804,0.714111,0.28296,19,9.57333,0.0666683,2.45933
805,0.748902,0.286124,20,10.2733,0.0693721,2.52018
806,0.633901,0.271554,19,9.3,0.628912,2.77025
807,0.625184,0.27362,17,9.27333,0.0698731,2.59148
808,0.654968,0.265157,19,9.40667,0.177654,2.79971
809,0.741385,0.249714,19,8.60667,0.0833627,2.47122
810,0.761479,0.291719,19,10.04,0.0689801,2.43763
811,0.691631,0.312927,20,10.54,0.0710349,2.62028
812,0.751866,0.331532,20,11.2933,0.250882,2.55644
813,0.773928,0.32275,19,10.9133,0.0715754,2.3871
814,0.627528,0.260942,17,9.03333,0.0946538,2.6743
815,0.643713,0.253175,18,9.1,0.0786205,2.60292
816,0.714428,0.287467,19,10.1,0.103817,2.40906
817,0.6929,0.278132,18,9.34667,0.0647224,2.49592
818,0.686152,0.299328,18,9.98,0.162057,2.76544
819,0.643533,0.29654,18,9.87333,0.115627,2.57819
820,0.655241,0.288777,19,9.59333,0.0917916,2.62412
821,0.725367,0.296596,19,9.83333,0.0720255,2.75389
822,0.713956,0.360665,19,11.0933,0.134348,2.27665
823,0.621698,0.264596,17,8.76667,0.103229,2.66724
824,0.736693,0.275451,19,10.0533,0.0701593,2.59766
825,0.690318,0.274523,20,9.57333,0.416015,2.68185
826,0.68959,0.297625,18,10.5,0.0673643,2.69272
827,0.714619,0.291394,19,10.3733,0.0658991,2.36908
828,0.703587,0.33157,20,11.7533,0.0763982,2.46795
829,0.711162,0.31216,19,10.3467,0.534588,2.30121
830,0.708321,0.298412,19,10.6667,0.167762,2.40797
831,0.822104,0.337797,20,10.7267,0.0669639,2.30104
832,0.659346,0.310001,20,11.2733,0.0659372,2.21829
833,0.693723,0.293746,19,10.6867,0.17866,2.40865
834,0.656659,0.260077,18,9.36,0.086519,2.4563
835,0.690861,0.290878,19,9.71333,0.0676866,2.62674
836,0.662289,0.278828,18,9.76667,0.0680781,2.74639
837,0.649202,0.286709,18,9.83333,0.0683308,2.70203
838,0.710993,0.230833,19,8.68667,0.0775621,2.81026
839,0.645841,0.247574,18,9.46667,0.194596,2.88934
840,0.673781,0.272231,20,10.7733,0.395789,2.53095
841,0.768362,0.302241,20,10.18,0.0883245,2.54946
842,0.774347,0.351096,20,11.06,0.0684399,2.20716
843,0.787701,0.286757,20,10,0.123307,2.52664
844,0.698137,0.271386,17,9.42,0.0905606,2.59158
845,0.627153,0.28349,17,9.24,0.0677105,2.80215
846,0.685192,0.283062,19,10.08,0.0685021,2.76563
847,0.711814,0.33365,19,10.88,0.121498,2.42144
848,0.693713,0.285727,20,10.32,0.0668438,2.47427
849,0.765005,0.320736,20,10.7467,0.0680074,2.39766
850,0.699101,0.280295,19,9.59333,0.0721365,2.61424
851,0.686936,0.286867,19,9.86667,0.0792547,2.63984
852,0.699665,0.301609,19,10.0933,0.0670926,2.56918
853,0.650149,0.281339,17,10.0333,0.0990891,2.90335
854,0.709493,0.30762,19,10.7467,0.074928,2.6494
855,0.617429,0.203877,18,7.39333,0.065166,2.76963
856,0.742934,0.258369,19,8.92667,0.0655415,2.34663
857,0.805933,0.326222,20,10.0067,0.0664821,2.13332
858,0.711806,0.282764,20,10.26,0.0787858,2.44347
859,0.72586,0.310654,20,10.8133,0.168523,2.63044
860,0.698645,0.284698,19,10.2533,0.0666487,2.60922
861,0.621535,0.271875,18,9.83333,0.225667,2.99243
862,0.755955,0.306927,20,11.2067,0.0688704,2.6067
863,0.73322,0.307557,20,11.12,0.071748,2.7962
864,0.724035,0.305314,20,10.8267,0.0746216,2.45231
865,0.757306,0.333513,20,10.6467,0.0738929,2.45749
866,0.730781,0.313702,20,10.82,0.0718323,2.56185
867,0.739302,0.317449,20,10.8333,0.0668531,2.34331
868,0.801001,0.340851,20,11.6933,0.137765,2.5072
869,0.719912,0.281273,19,10.64,0.15592,2.4691
870,0.739716,0.29245,19,10.5333,0.125691,2.38364
871,0.677295,0.27169,19,10.7267,0.241294,2.66865
872,0.750952,0.260148,20,9.92667,0.224965,2.48634
873,0.728385,0.277282,19,10.34,0.070199,2.59508
874,0.676086,0.271132,17,9.83333,0.135119,2.49166
875,0.675358,0.305874,20,10.62,0.0837839,2.40224
876,0.679479,0.291625,18,9.73333,0.311017,2.65117
877,0.746553,0.280673,20,10.0467,0.0670463,2.60064
878,0.706109,0.313036,20,11.04,0.0716211,2.68819
879,0.764036,0.362967,20,12.92,0.0711766,2.42454
880,0.819957,0.352307,20,11.3933,0.135619,2.19319
881,0.711683,0.298881,19,10.2933,0.0664887,2.60376
882,0.704008,0.327194,20,11.0067,0.075765,2.84532
883,0.605512,0.297189,18,9.88667,0.0662442,2.88581
884,0.725024,0.313617,19,10.6667,0.0681852,2.57047
885,0.697567,0.308196,19,10.2533,0.0680619,2.44066
886,0.759679,0.309706,20,10.6733,0.170957,2.60607
887,0.701532,0.299502,18,10.56,0.0805532,2.59273
888,0.74631,0.341395,20,11.4667,0.0798758,2.46385
889,0.686138,0.303128,19,10.6933,0.0679002,2.61337
890,0.678447,0.277596,18,9.34,0.0641311,2.66456
891,0.734844,0.320805,19,11.1067,0.0767815,2.53526
892,0.697999,0.259497,19,8.97333,0.0714347,2.59588
893,0.627761,0.250466,18,9.53333,0.0730004,2.81916
894,0.596047,0.234568,20,8.67333,0.0790742,2.90255
895,0.697053,0.268216,20,9.80667,0.070099,2.62479
896,0.719864,0.253672,19,9.03333,0.108728,2.53241
897,0.734809,0.257549,20,9.86,0.0672995,2.71012
898,0.661428,0.260085,18,10.2067,0.0669869,2.80405
899,0.629192,0.276243,19,10.04,0.0689194,2.75852
900,0.764457,0.329717,20,12.28,0.0690673,2.42913
901,0.561068,0.234235,17,8.32,0.0711349,2.95168
902,0.671,0.273598,18,9.91333,0.0686142,2.60835
903,0.577444,0.216698,18,8.26,0.0733615,2.72579
904,0.661991,0.247616,19,9.33333,0.230406,2.68175
905,0.657458,0.286011,19,10.5667,0.0681988,2.59711
906,0.701528,0.265688,20,9.94,0.0714218,2.72427
907,0.66462,0.277456,19,9.76667,0.108393,2.7165
908,0.674679,0.289748,19,10.5733,0.0699175,2.86751
909,0.667439,0.253154,18,9.84,0.0674232,2.6692
910,0.641918,0.300978,19,10.3867,0.0815686,2.55185
911,0.771022,0.281412,20,11.0333,0.0738876,2.42936
912,0.665939,0.289114,19,9.42,0.0902111,2.87526
913,0.695894,0.285974,20,11.12,0.152452,2.34328
914,0.764923,0.314735,19,10.5333,0.0694554,2.4218
915,0.654159,0.273497,20,10.1133,0.0681353,2.6114
916,0.654954,0.276556,20,10.3133,0.0684338,2.71111
917,0.780972,0.28417,20,11.02,0.0669208,2.69175
918,0.727212,0.330793,20,11.5333,0.0750342,2.59292
919,0.628983,0.227982,19,8.89333,0.0977691,2.94488
920,0.737334,0.314348,20,10.72,0.0696814,2.4809
921,0.744374,0.288973,19,10.12,0.0692583,2.46343
922,0.70232,0.247331,19,9.6,0.0967882,2.83475
923,0.777601,0.33371,19,11.4733,0.0683045,2.38895
924,0.711921,0.334333,20,12.26,0.0693287,2.55362
925,0.614115,0.212442,17,8.28667,0.0681967,3.04199
926,0.696458,0.288914,20,10.6267,0.0690248,2.50085
927,0.718133,0.299657,20,9.98667,0.114897,2.47056
928,0.620591,0.254591,19,9.34,0.184108,2.847
929,0.649352,0.283805,19,10.6467,0.0732618,2.64849
930,0.623569,0.262567,19,10,0.0668507,2.41102
931,0.612448,0.280085,19,9.38667,0.0681438,2.89532
932,0.681725,0.280521,19,9.61333,0.0681176,2.65496
933,0.583828,0.230076,19,9.28667,0.0708838,2.78028
934,0.723414,0.298326,19,10.34,0.0698168,2.51312
935,0.774995,0.300365,19,10.98,0.0716557,2.66479
936,0.689103,0.299692,19,10.7533,0.0697994,2.60264
937,0.7217,0.318353,19,10.7133,0.0682447,2.50545
938,0.645403,0.244758,19,8.78667,0.0932837,2.79669
939,0.755607,0.306241,20,11.2733,0.132097,2.65262
940,0.582037,0.242782,18,8.38,0.0701371,2.95733
941,0.707792,0.279441,20,9.98667,0.0739874,2.5533
942,0.622333,0.217802,20,9.16667,0.068056,2.65333
943,0.670067,0.241238,20,9.7,0.0694053,2.59845
944,0.693344,0.248293,20,10.5467,0.07051,2.58683
945,0.651075,0.257618,19,9.46667,0.0707678,2.6587
946,0.702402,0.28651,18,9.77333,0.0698998,2.68645
947,0.532666,0.200234,16,7.22,0.0703978,3.00965
948,0.716838,0.249895,20,8.86,0.0707736,2.60357
949,0.65157,0.259342,19,8.98667,0.0706094,2.63166
950,0.720828,0.254032,19,9.69333,0.0720545,2.64674
951,0.741573,0.224735,19,7.66667,0.065715,2.54738
952,0.721638,0.249659,19,9.14,0.0707892,2.58061
953,0.772629,0.290413,20,10.2133,0.0668178,2.52967
954,0.759096,0.298676,20,10.46,0.0716808,2.60083
955,0.718754,0.287886,19,9.84667,0.0688906,2.41059
956,0.718398,0.283059,19,9.4,0.0680851,2.63323
957,0.694664,0.272882,19,9.78,0.0738039,2.72936
958,0.702261,0.309112,18,10.3267,0.0704411,2.77421
959,0.744199,0.311888,20,10.8933,0.172459,2.65895
960,0.776502,0.287521,20,10.2067,0.0675131,2.35528
961,0.664704,0.272369,18,9.64667,0.0733862,2.57288
962,0.765509,0.304409,20,10.34,0.0673121,2.32844
963,0.746745,0.289411,20,10.2467,0.0686239,2.50642
964,0.663053,0.28566,18,9.99333,0.0694881,2.53938
965,0.747766,0.26532,19,9.62667,0.0761561,2.5909
966,0.708513,0.280077,19,9.47333,0.127164,2.63339
967,0.70492,0.310675,20,10.14,0.0709098,2.27844
968,0.677547,0.262576,19,9.06667,0.0709863,2.4394
969,0.624366,0.228899,18,8.46,0.0698603,2.81192
970,0.786412,0.328426,20,10.7133,0.0776889,2.44621
971,0.723133,0.293374,19,10.1933,0.0668029,2.61357
972,0.738284,0.269869,19,9.94667,0.0715697,2.48358
973,0.740385,0.297305,20,10.1933,0.158916,2.59642
974,0.641848,0.253651,17,9.3,0.0688218,2.42859
975,0.60035,0.241888,18,8.81333,0.0681338,2.79387
976,0.694418,0.267881,18,8.95333,0.0835256,2.6454
977,0.762641,0.335162,20,10.7333,0.0681152,2.15426
978,0.703458,0.245413,18,8.90667,0.0679646,2.43638
979,0.73293,0.287555,19,10.02,0.14929,2.60552
980,0.696263,0.264985,19,9.02,0.0883122,2.43986
981,0.722557,0.302471,18,10.2,0.0798671,2.51652
982,0.686545,0.229287,19,8.49333,0.0689236,2.48729
983,0.704505,0.274351,20,10.0267,0.0699645,2.71301
984,0.778186,0.28773,20,10.5333,0.0696099,2.38797
985,0.711144,0.325002,19,11.0533,0.231635,2.48772
986,0.724523,0.301373,19,10.74,0.0948488,2.52717
987,0.752307,0.307327,19,10.6533,0.0661482,2.36028
988,0.779467,0.275665,20,9.88,0.0727293,2.50514
989,0.704642,0.234402,19,8.79333,0.0826256,2.61438
990,0.760877,0.292877,20,10.72,0.076133,2.54376
991,0.773429,0.30344,20,10.9267,0.0672179,2.28866
992,0.670233,0.27323,18,9.9,0.070149,2.5716
993,0.743895,0.333064,20,11.6533,0.118672,2.38171
994,0.71344,0.286419,19,10.9667,0.095695,2.34677
995,0.803308,0.338839,20,11.84,0.0711797,2.35759
996,0.723615,0.296923,20,11.46,0.417155,2.5611
997,0.686223,0.284079,19,10.5333,0.482839,2.66182
998,0.7182,0.326557,20,11.56,0.0709176,2.49447
999,0.673019,0.28312,19,10.9133,0.0680935,2.64028
1000,0.694058,0.281794,18,9.73333,0.0968998,2.57886
