1,0.185633,0.00236868,5,0.126667,0.0824263,1.0237
2,0.193541,0.00437239,8,0.253333,0.0711356,1.02989
3,0.0550233,0.0034294,7,0.58,0.0676301,0.937702
4,0.0666481,0.00597693,7,0.78,0.0669573,1.174
5,0.142841,0.00478354,12,0.4,0.0697806,1.07701
6,0.250196,0.0153422,10,1,0.0688955,1.09499
7,0.246553,0.0158463,10,1.06667,0.0660281,1.19422
8,0.291445,0.0139105,10,1.63333,0.0659923,0.878787
9,0.262557,0.0367392,8,1.46,0.0687491,1.11976
10,0.197584,0.0204853,9,1.36667,0.0682458,0.964891
11,0.158151,0.0193183,10,1.85333,0.0698848,1.01727
12,0.14762,0.0214321,14,1.94,0.0673633,0.934597
13,0.231956,0.0127896,7,1.48,0.106758,0.835772
14,0.236873,0.058761,8,3.23333,0.0690842,1.23326
15,0.251498,0.0332695,10,3.40667,0.0711654,0.987358
16,0.326053,0.0477417,12,3.06,0.0657698,0.98811
17,0.298355,0.0488149,11,3.78,0.0683804,1.14198
18,0.218201,0.0564941,11,2.57333,0.0685227,1.17408
19,0.146907,0.0273825,9,2.70667,0.0667752,1.0212
20,0.227714,0.0285258,8,2.39333,0.0652448,1.31679
21,0.214772,0.0624722,10,3.25333,0.0679191,1.30756
22,0.363053,0.0563306,12,3.35333,0.0692977,1.15689
23,0.181427,0.0343607,10,1.77333,0.0675233,1.3182
24,0.323474,0.0618347,10,3.43333,0.0647037,1.14914
25,0.334466,0.0691439,12,4.01333,0.0691849,1.63322
26,0.143336,0.0350168,8,1.9,0.0683807,1.22291
27,0.365063,0.0393033,9,2.28,0.067046,1.14615
28,0.28314,0.063532,10,3.62667,0.0692972,1.41468
29,0.401619,0.0413909,10,2.03333,0.067826,1.31244
30,0.188003,0.0300222,14,1.92,0.0667616,1.35753
31,0.278164,0.0493051,13,2.75333,0.0681102,1.29143
32,0.235027,0.0560289,8,2.46667,0.0653403,1.20958
33,0.286336,0.0718884,8,2.81333,0.0649701,1.33941
34,0.235819,0.0597272,15,3.08,0.0698372,1.52136
35,0.185749,0.0450886,10,2.42,0.0669132,1.43071
36,0.267578,0.0350939,10,1.8,0.0659482,1.37612
37,0.284035,0.0709022,8,2.74667,0.0660295,1.45066
38,0.183923,0.0518037,8,2.34,0.0700748,1.51886
39,0.192303,0.0244277,11,2.05333,0.0699834,1.64859
40,0.183756,0.0301721,6,1.80667,0.0668409,1.53279
41,0.257452,0.0593089,8,2.77333,0.0703313,1.47926
42,0.244026,0.0492279,14,2.6,0.0692867,1.44202
43,0.291206,0.0378929,12,2.10667,0.0657664,1.71813
44,0.27656,0.06296,11,2.44,0.0662235,1.58668
45,0.525856,0.129437,15,4.54,0.0694198,1.6247
46,0.246191,0.0579475,12,2.10667,0.074051,1.58459
47,0.275819,0.0496127,14,2.14,0.0701071,1.78372
48,0.330009,0.078255,16,4.05333,0.067486,1.71041
49,0.405545,0.0948216,13,3.6,0.0671114,1.59791
50,0.236702,0.106179,12,3.24,0.0671922,1.48734
51,0.265888,0.0779518,10,2.74,0.0663449,1.34927
52,0.452825,0.1298,14,4.44667,0.0679832,1.6797
53,0.323429,0.0890835,10,3.07333,0.0669958,1.83431
54,0.309346,0.0887463,14,3.66,0.086547,1.58136
55,0.270779,0.0729254,13,2.9,0.0685443,1.80728
56,0.381202,0.0881442,13,3.13333,0.0664958,1.57374
57,0.349397,0.0675246,12,2.88,0.0651749,1.64551
58,0.423328,0.14652,12,4.54,0.0688243,1.52445
59,0.268747,0.051837,11,2.26,0.0673683,1.40252
60,0.236253,0.0513164,10,2.02667,0.0660986,1.80996
61,0.409353,0.102869,12,3.74667,0.0690048,2.0271
62,0.284986,0.0495392,13,1.74,0.0684822,1.59527
63,0.418519,0.143099,15,4.72,0.0678647,1.59793
64,0.31749,0.0949485,12,3.81333,0.0664052,1.57105
65,0.345965,0.0719087,13,2.61333,0.0676914,1.53224
66,0.313514,0.0855797,11,3.32,0.0689029,1.74886
67,0.371829,0.0760148,14,2.84,0.072158,1.72543
68,0.406188,0.092014,14,3.43333,0.0680426,1.97794
69,0.334947,0.100527,12,3.04667,0.0671383,1.67452
70,0.399807,0.0950748,14,3.4,0.0669042,1.94592
71,0.36398,0.0696565,13,2.44667,0.0695847,2.05963
72,0.231815,0.0633172,10,2.37333,0.0714486,1.95675
73,0.357199,0.110653,13,3.72,0.0679687,2.03802
74,0.331132,0.0789788,13,2.80667,0.0688023,2.38521
75,0.353288,0.0743792,14,2.91333,0.0682981,2.16133
76,0.343484,0.0991233,12,3.47333,0.0682278,1.95114
77,0.321576,0.0552327,11,2.15333,0.0689594,1.85107
78,0.3869,0.0897325,14,3.6,0.0732504,2.35244
79,0.307226,0.0667138,10,2.63333,0.0667494,1.88137
80,0.295729,0.0552553,11,2.24,0.0682125,1.86807
81,0.440997,0.0878306,14,3.32,0.0677568,1.99553
82,0.413337,0.114334,14,4.68667,0.0678877,1.99006
83,0.339865,0.0890574,12,3.16667,0.0681447,2.27022
84,0.318147,0.0752067,15,3.21333,0.0676891,2.11427
85,0.259301,0.071926,12,2.94,0.0689789,2.15338
86,0.363056,0.0849764,11,3.20667,0.0672973,2.07968
87,0.325148,0.0946238,12,3.82,0.0697791,1.95838
88,0.410664,0.0909794,13,3.79333,0.0708105,2.03368
89,0.308535,0.0566066,12,2.59333,0.06734,1.97789
90,0.40657,0.0882694,15,3.83333,0.0673244,2.05955
91,0.499809,0.154714,16,4.67333,0.0684202,1.99924
92,0.293348,0.0494166,14,2.84,0.0638699,1.76584
93,0.332693,0.0719364,14,3.02,0.0679423,2.05672
94,0.362865,0.0756756,15,3.7,0.0694608,2.18784
95,0.384455,0.0869283,14,3.86,0.068328,2.05207
96,0.403701,0.101272,12,3.94667,0.0680141,1.80438
97,0.42936,0.0872114,14,4.41333,0.069912,1.86449
98,0.428404,0.109049,14,4.84,0.0668601,1.95563
99,0.351161,0.107849,15,3.91333,0.0677498,1.76745
100,0.320969,0.0880599,13,3.82,0.0681988,2.10235
101,0.376039,0.107478,16,3.89333,0.0664582,2.11478
102,0.397026,0.102548,15,4.64667,0.0690198,1.79799
103,0.431316,0.0932304,13,4.28667,0.065923,2.06325
104,0.353445,0.0959845,15,4.12,0.0653616,2.04599
105,0.365097,0.102461,12,4.02,0.0658081,1.90564
106,0.295433,0.0733102,10,2.29333,0.0648056,1.77024
107,0.341436,0.100217,13,3.96667,0.0694234,1.72809
108,0.494862,0.133633,15,4.45333,0.0669432,1.75509
109,0.36041,0.0773598,13,2.79333,0.0676474,1.69926
110,0.277498,0.0618103,12,2.94,0.0690957,1.81457
111,0.321151,0.0838848,13,3.24667,0.0651859,1.72935
112,0.443905,0.10082,15,3.62667,0.0701374,1.71539
113,0.324324,0.0950209,14,3.92,0.0675488,1.8271
114,0.339465,0.104116,11,3.88,0.0669323,1.7974
115,0.325277,0.078047,16,4.11333,0.0646853,1.64085
116,0.307325,0.109498,11,4.50667,0.0672916,1.86213
117,0.321737,0.0906611,15,3.73333,0.06497,1.86301
118,0.395387,0.10451,16,3.84,0.0670451,1.75139
119,0.358615,0.0966459,17,4.31333,0.065359,1.91975
120,0.37247,0.0902042,14,3.33333,0.068128,1.82514
121,0.54754,0.103628,17,4.6,0.0698095,1.93791
122,0.411856,0.106936,17,4.08667,0.0678065,2.03125
123,0.425929,0.138145,16,4.54667,0.0685411,1.93269
124,0.380288,0.0880139,16,3.01333,0.0680605,1.69619
125,0.409988,0.101944,14,3.36667,0.0667275,1.86668
126,0.388639,0.0783011,18,3.04,0.0695553,1.76113
127,0.290282,0.0523022,11,2.84667,0.0662015,1.73043
128,0.28231,0.0754174,12,2.81333,0.0653856,1.64294
129,0.40471,0.101106,17,3.57333,0.0658828,1.77593
130,0.457454,0.0895459,17,3.38,0.068118,1.8229
131,0.347558,0.0761408,13,3.17333,0.0679551,1.97738
132,0.44872,0.122829,16,4.42667,0.069058,2.0682
133,0.402457,0.0817216,16,2.90667,0.0673324,2.12678
134,0.538386,0.0788659,17,2.84667,0.0673951,1.80424
135,0.399348,0.0769747,15,3.04667,0.0675807,1.87871
136,0.456684,0.113147,14,3.77333,0.067349,2.08494
137,0.337788,0.0768332,14,2.76,0.0703896,1.92729
138,0.525933,0.124471,18,4.36667,0.069067,2.06626
139,0.4732,0.138448,18,4.88667,0.0675871,2.21755
140,0.488042,0.0835914,17,3.76,0.0695307,2.2403
141,0.358399,0.0820104,12,3.56,0.0700882,2.36846
142,0.40532,0.087881,14,3.42667,0.0646979,2.03472
143,0.473408,0.102157,16,4.08667,0.0671722,2.20061
144,0.42115,0.0869975,14,3.59333,0.0643104,1.9999
145,0.464815,0.0894671,17,3.81333,0.0680117,2.29225
146,0.339917,0.0908938,12,4.02,0.0665232,2.09796
147,0.329077,0.104451,14,4.09333,0.068826,2.25676
148,0.368414,0.127214,14,4.69333,0.0758639,2.14083
149,0.412002,0.0714065,17,3.56667,0.0700323,2.05182
150,0.406528,0.122949,14,5.05333,0.0690703,2.7234
151,0.4975,0.104611,18,4.77333,0.0690179,2.57369
152,0.442929,0.125838,15,5.26667,0.065866,2.89571
153,0.344558,0.105743,14,4.68667,0.067989,3.11015
154,0.607595,0.131807,18,5.38667,0.0689385,2.71156
155,0.6256,0.109393,19,4.82,0.0688236,2.53823
156,0.591238,0.108139,18,4.47333,0.0673052,2.62432
157,0.644205,0.117407,19,5.18,0.0697334,2.35719
158,0.63336,0.137999,19,5.94,0.0700041,2.54836
159,0.505288,0.107398,16,4.52,0.0677939,2.33546
160,0.453671,0.0892194,15,3.96,0.0669418,2.35535
161,0.577157,0.125983,18,4.94667,0.069689,2.89756
162,0.515019,0.148834,16,6.20667,0.0697997,2.88776
163,0.40206,0.106278,15,4.69333,0.066743,2.81268
164,0.626355,0.13564,17,5.52667,0.067312,2.79211
165,0.528062,0.106703,17,4.90667,0.0669131,2.8616
166,0.589067,0.150139,19,7.12,0.0698831,2.80282
167,0.516821,0.144005,16,6.65333,0.0702382,3.13363
168,0.549757,0.12536,18,5.93333,0.0671736,2.91752
169,0.598303,0.133082,18,5.78,0.0670576,3.23009
170,0.517941,0.115442,16,5.34,0.066921,3.11004
171,0.616157,0.145404,18,6.19333,0.0646255,3.06874
172,0.563705,0.14332,19,6.33333,0.0676472,3.18889
173,0.55285,0.147927,16,6.53333,0.0686116,3.13759
174,0.457985,0.122686,15,5.39333,0.0702048,3.35967
175,0.585008,0.173676,18,7.35333,0.0699351,3.05116
176,0.528286,0.155291,18,6.17333,0.0678386,3.45637
177,0.655758,0.160714,19,6.60667,0.0652848,3.27187
178,0.650968,0.164788,19,6.4,0.0694555,3.07941
179,0.587045,0.164005,18,6.52667,0.0684518,3.27775
180,0.570876,0.155199,18,6.78,0.0665896,3.15377
181,0.692674,0.195647,18,7.52667,0.0664106,3.01389
182,0.603408,0.193543,18,7.39333,0.0692844,3.18729
183,0.557286,0.161201,17,6.52667,0.0683753,3.47245
184,0.603254,0.154811,17,6.18,0.0688983,3.30921
185,0.42798,0.115311,16,4.84,0.0646864,3.30713
186,0.590431,0.159756,18,6.74667,0.0760624,3.27167
187,0.552712,0.168989,16,6.98,0.0735718,3.4364
188,0.525428,0.168728,17,6.72,0.0698565,3.13963
189,0.527866,0.119987,16,5.06667,0.0651364,3.18283
190,0.633913,0.186778,19,7.00667,0.0692042,2.9688
191,0.458691,0.159145,17,6.65333,0.0639296,3.2792
192,0.519903,0.178985,17,7.10667,0.0685539,3.33073
193,0.513358,0.1694,18,7.28667,0.068717,3.1911
194,0.501137,0.132604,16,5.62667,0.074456,3.07819
195,0.685822,0.152808,19,6.04,0.0678338,2.9289
196,0.564419,0.153665,19,6.47333,0.0685119,3.07502
197,0.516533,0.125222,15,5.54,0.0728132,3.23845
198,0.589815,0.166892,17,6.46667,0.0689644,3.19048
199,0.572198,0.167428,17,6.5,0.0684248,3.36142
200,0.539097,0.190591,17,7.74,0.0682363,3.38833
201,0.538746,0.190136,18,7.89333,0.0767166,3.57494
202,0.607731,0.135014,16,6.24,0.0642504,3.39233
203,0.646797,0.21426,18,8.59333,0.0694659,3.44043
204,0.550053,0.141409,16,5.96667,0.0671847,3.26096
205,0.584309,0.187107,18,7.95333,0.0706638,3.29334
206,0.492823,0.162652,17,6.78,0.0648942,3.00403
207,0.487191,0.165194,16,6.75333,0.0697382,3.36531
208,0.458656,0.148209,16,6.46,0.0681656,3.19081
209,0.405811,0.131797,15,5.96,0.072099,3.19801
210,0.423611,0.130118,15,5.94,0.0681768,3.23804
211,0.4046,0.121317,16,5.51333,0.0689532,3.41615
212,0.540237,0.186921,17,7.35333,0.0676759,3.03855
213,0.430939,0.153118,17,6.15333,0.0689474,2.9569
214,0.388298,0.130281,16,5.94667,0.0666115,3.21878
215,0.538094,0.177346,17,7.03333,0.0704738,3.51791
216,0.462611,0.146329,16,6.23333,0.0695438,3.25108
217,0.563625,0.179421,16,7,0.0703414,3.29852
218,0.608364,0.183827,19,7.60667,0.0685768,3.03771
219,0.474522,0.166157,15,6.70667,0.069802,3.28406
220,0.4475,0.152076,17,7.08667,0.0673173,3.58689
221,0.458336,0.156839,18,6.71333,0.0760806,3.27166
222,0.428815,0.137493,17,6.54,0.0674983,3.57166
223,0.463687,0.128941,16,5.59333,0.0661754,3.44474
224,0.501653,0.155209,18,6.40667,0.0673907,3.37513
225,0.511172,0.149632,18,6.08667,0.0676337,3.29126
226,0.523408,0.178281,17,7.41333,0.0675279,3.33706
227,0.504957,0.147994,17,6.61333,0.0659756,3.14597
228,0.579595,0.160129,18,6.68,0.0673959,3.17298
229,0.541335,0.139864,16,5.83333,0.0646142,3.32222
230,0.598656,0.169302,18,6.78,0.0915347,2.99525
231,0.516217,0.175477,16,6.95333,0.0676114,3.13106
232,0.559197,0.186563,19,7.82,0.0706993,3.06125
233,0.411772,0.135616,17,5.68667,0.0690549,3.41897
234,0.486648,0.147013,15,5.88,0.0656317,3.14709
235,0.468044,0.161132,18,6.36667,0.0692627,3.51822
236,0.452624,0.154802,17,6.59333,0.102374,3.76493
237,0.501986,0.150884,16,6.50667,0.0696353,3.44104
238,0.643525,0.190822,19,7.86,0.0700982,3.15354
239,0.539237,0.168801,18,6.93333,0.0694023,3.12626
240,0.524274,0.163986,18,6.74667,0.0672108,3.2033
241,0.619564,0.20782,18,8.58667,0.0813075,3.1083
242,0.66611,0.163747,19,6.49333,0.0690701,3.30785
243,0.574302,0.19509,17,8.02667,0.130625,3.22176
244,0.593723,0.192609,18,8.02667,0.0849282,3.38233
245,0.648313,0.194806,18,7.32,0.0671755,3.47539
246,0.564066,0.166325,18,7.29333,0.0923593,3.63727
247,0.64204,0.163507,18,6.82,0.0676763,3.43798
248,0.492713,0.153194,18,6.41333,0.0674323,3.69123
249,0.585212,0.168347,19,6.47333,0.0714109,3.59905
250,0.653612,0.206411,19,7.95333,0.0701009,3.2019
251,0.552443,0.170693,20,6.93333,0.0697781,3.15356
252,0.607691,0.163843,20,7.37333,0.0683925,3.41603
253,0.578732,0.168438,20,7.05333,0.0675,3.55141
254,0.582938,0.210946,20,8.03333,0.068589,3.06231
255,0.560797,0.190219,20,7.86,0.0724946,3.48096
256,0.531363,0.162866,20,6.95333,0.0685714,3.33764
257,0.597206,0.165248,20,6.9,0.145251,3.56588
258,0.675652,0.207215,20,8.39333,0.0671512,3.33282
259,0.592279,0.169033,20,6.22667,0.0705155,3.36965
260,0.550138,0.17987,20,6.91333,0.0764701,3.33939
261,0.594105,0.222859,20,8.15333,0.0704536,2.89509
262,0.5786,0.206253,20,7.42667,0.0685765,3.0537
263,0.606576,0.218772,20,8.02667,0.0736547,3.08911
264,0.593071,0.1967,20,7.78667,0.0719012,3.26918
265,0.553982,0.189176,19,7.80667,0.0690887,3.21996
266,0.57563,0.167122,20,6.84,0.0658772,3.17189
267,0.533782,0.137769,20,5.92667,0.0739749,3.11081
268,0.593534,0.192317,20,7.54667,0.0723615,3.24461
269,0.657777,0.203724,20,8.15333,0.0670395,3.07545
270,0.5775,0.195728,20,7.72667,0.0660813,3.14551
271,0.597007,0.194412,20,7.94,0.0758721,3.43097
272,0.624637,0.17139,20,7.03333,0.0682361,3.21815
273,0.610713,0.154451,20,6.12667,0.0681135,3.46426
274,0.650964,0.197327,20,7.96667,0.0699117,3.292
275,0.673208,0.205117,19,7.74,0.0686055,3.14204
276,0.669905,0.154649,20,6.32,0.0677028,3.48081
277,0.621871,0.157292,20,6.62667,0.0798029,3.38572
278,0.607611,0.152753,20,6.49333,0.0662346,3.43927
279,0.650371,0.203706,20,7.62667,0.0689693,3.3441
280,0.62509,0.204637,20,8.17333,0.0694401,3.25316
281,0.644982,0.224395,20,8.24,0.0696962,3.24133
282,0.624679,0.17927,20,7.12667,0.0686344,3.19882
283,0.706073,0.145986,20,5.70667,0.0694861,3.32659
284,0.701635,0.19596,20,7.79333,0.0701159,2.92126
285,0.687549,0.182083,20,7.28667,0.0681814,3.28232
286,0.696998,0.140896,20,5.68,0.0651653,3.37005
287,0.636537,0.182012,19,6.82667,0.0672654,3.31508
288,0.6435,0.223711,20,8.58,0.0716334,3.34101
289,0.720708,0.197865,20,7.82667,0.0693386,3.2721
290,0.693254,0.198404,19,7.25333,0.0661353,3.17504
291,0.618114,0.201803,20,7.63333,0.0684778,3.37871
292,0.712827,0.222418,20,8.22667,0.0681372,3.21163
293,0.651206,0.202276,20,7.72667,0.0710924,3.42676
294,0.699533,0.193242,20,7.32,0.0825818,3.19853
295,0.728122,0.222886,20,8.16667,0.0700348,3.10304
296,0.755192,0.20418,20,7.40667,0.0666215,2.99477
297,0.621339,0.161755,18,6.54667,0.0661946,3.27704
298,0.59141,0.180794,20,7.13333,0.0833512,3.30907
299,0.63141,0.158201,20,5.91333,0.0673131,3.11035
300,0.728679,0.220904,20,8.42,0.0743627,3.19591
301,0.723645,0.216195,20,7.86,0.085831,3.49164
302,0.692338,0.217648,20,7.55333,0.0832318,3.10734
303,0.628515,0.20471,20,7.60667,0.068996,3.0838
304,0.73187,0.164993,20,6.34,0.067165,3.28127
305,0.66731,0.209074,20,7.5,0.0667466,3.0292
306,0.692183,0.188077,20,6.64,0.0697913,2.75464
307,0.732955,0.172781,20,6.24667,0.0678903,3.21597
308,0.570171,0.172153,19,6.82667,0.0687322,3.23041
309,0.755524,0.172984,20,6.24667,0.0668185,2.89876
310,0.568505,0.168425,20,6.32667,0.0706588,3.06448
311,0.623842,0.151537,20,6.12,0.0679839,3.22264
312,0.680306,0.196198,20,7.43333,0.0701597,2.89791
313,0.696105,0.160349,20,5.96,0.0694611,3.259
314,0.592066,0.179686,20,6.63333,0.0702292,3.34881
315,0.613303,0.150107,20,6.04667,0.0673472,3.22043
316,0.604446,0.149443,20,5.82667,0.0670675,3.10731
317,0.661271,0.127381,20,5.05333,0.067425,3.23011
318,0.648935,0.176629,20,6.74667,0.0685825,3.13947
319,0.607542,0.162926,19,6.32667,0.0681368,3.13205
320,0.691108,0.171395,20,6.54667,0.0723719,3.07645
321,0.666835,0.183931,20,6.83333,0.069293,3.38293
322,0.688217,0.193838,19,6.96,0.070306,2.92009
323,0.483829,0.16163,20,6.14,0.0846849,3.39729
324,0.613373,0.178514,20,7.08667,0.0687243,3.43572
325,0.627657,0.166004,20,6.60667,0.0668797,3.38532
326,0.538779,0.143847,19,5.95333,0.0669005,3.61297
327,0.630195,0.158964,20,5.72,0.0692419,3.40852
328,0.576625,0.135121,20,5.15333,0.0680017,3.30921
329,0.727282,0.158902,20,5.96667,0.066847,3.37246
330,0.637803,0.184639,20,7.22667,0.0704897,3.4483
331,0.608891,0.187033,18,7.16,0.0724268,3.34994
332,0.676467,0.189436,19,7.01333,0.0703383,3.22434
333,0.642521,0.184166,18,6.89333,0.0713588,3.26305
334,0.528771,0.152184,20,6.04667,0.0662384,3.45083
335,0.512606,0.152905,19,6.1,0.0724995,3.08108
336,0.631374,0.19206,20,7.32,0.0691178,3.08704
337,0.580549,0.187631,20,7.50667,0.102024,3.46032
338,0.574421,0.173573,20,7.34667,0.0741167,3.55603
339,0.554862,0.173937,20,7.33333,0.075913,3.40231
340,0.605371,0.191746,20,7.4,0.0675215,3.25545
341,0.556726,0.152316,20,6.44,0.0682596,3.22801
342,0.510298,0.135115,19,5.65333,0.0639189,2.95383
343,0.563558,0.154769,19,6.23333,0.0673561,3.21315
344,0.684085,0.20147,20,7.88,0.0680824,3.1404
345,0.573877,0.201864,20,8.24,0.0691458,3.35751
346,0.61819,0.182274,20,7.54667,0.0696827,3.22818
347,0.603529,0.163775,19,6.84,0.13171,3.3171
348,0.595776,0.189324,19,6.94,0.0698208,2.97324
349,0.62976,0.211258,20,8.42,0.0720835,3.19735
350,0.535732,0.20595,20,8.22667,0.0692809,3.1658
351,0.693379,0.193776,20,7.72,0.0711142,2.98197
352,0.551824,0.143387,20,6.27333,0.0683284,2.90685
353,0.597815,0.181732,20,7.54667,0.0664364,2.98084
354,0.611032,0.207315,20,7.71333,0.0673749,3.22643
355,0.586217,0.160801,20,6.39333,0.0691642,3.22501
356,0.600199,0.170385,20,6.10667,0.0692111,3.41207
357,0.574754,0.182782,18,6.74,0.0743963,3.17387
358,0.647509,0.199897,20,7.38667,0.0676155,3.14246
359,0.546816,0.160098,20,6.68,0.0678708,3.24181
360,0.623795,0.179818,20,6.78667,0.0676186,3.00592
361,0.578308,0.139345,20,5.48,0.0661972,3.21695
362,0.630102,0.181156,19,6.72667,0.0663937,3.28325
363,0.595519,0.164066,18,6.22667,0.0679104,3.28577
364,0.694126,0.201477,20,7.73333,0.0683228,3.07892
365,0.538568,0.16468,19,6.69333,0.0669311,3.14968
366,0.598902,0.205493,20,7.46667,0.0705834,3.51029
367,0.572747,0.159433,19,6,0.0647598,3.04251
368,0.673722,0.211218,20,7.48667,0.0669194,3.02779
369,0.61051,0.184404,20,6.9,0.0696483,2.82732
370,0.567485,0.175953,18,6.66,0.0686223,2.75447
371,0.635421,0.1518,18,5.72667,0.0674383,3.01501
372,0.624333,0.161094,19,5.99333,0.0699375,3.21432
373,0.612819,0.162588,18,5.96,0.066714,3.21133
374,0.617861,0.175083,19,7.24,0.0693344,3.41013
375,0.62522,0.188098,20,7.02,0.0667691,3.03559
376,0.634138,0.183036,19,6.78,0.0677248,2.98343
377,0.544739,0.181811,19,6.99333,0.0680478,3.04309
378,0.603442,0.20162,20,7.65333,0.0720932,3.25073
379,0.724957,0.255315,20,8.52667,0.0658401,2.85865
380,0.587347,0.218091,20,7.95333,0.0707869,3.04973
381,0.575359,0.197591,20,7.52667,0.0721646,3.33039
382,0.568831,0.159953,20,6.28,0.0637703,3.08977
383,0.64134,0.192233,20,7.00667,0.0676076,3.22985
384,0.707635,0.204406,20,7.72,0.0675024,3.04789
385,0.695092,0.18223,20,6.41333,0.0675735,3.07494
386,0.641682,0.171086,20,6.37333,0.0669622,3.12395
387,0.586282,0.172166,17,6.52667,0.0694018,2.91124
388,0.784607,0.237646,20,8.45333,0.0706158,3.06814
389,0.560897,0.18159,18,6.73333,0.0691583,3.26393
390,0.687263,0.198672,20,7.82667,0.0691957,3.01642
391,0.691922,0.213384,19,8.36667,0.0681311,2.91611
392,0.655402,0.206492,20,7.5,0.08351,3.0004
393,0.709274,0.170494,20,7.27333,0.0705719,3.18537
394,0.669929,0.162124,20,6.4,0.0682313,3.13039
395,0.688469,0.170038,20,6.7,0.0681467,3.06127
396,0.61957,0.18166,20,7.44667,0.0659417,2.95996
397,0.744981,0.195975,20,7.74667,0.0693214,2.81805
398,0.678648,0.187349,20,7.12667,0.0654984,2.78921
399,0.513345,0.150598,19,6.09333,0.0659541,2.81421
400,0.645946,0.226716,20,8.15333,0.0707899,3.07527
401,0.557454,0.191956,19,7.27333,0.0690668,2.9635
402,0.689621,0.207281,20,7.44,0.0830102,2.83534
403,0.624341,0.21406,20,7.85333,0.0697359,2.78518
404,0.652456,0.1867,20,7.17333,0.0677455,2.80128
405,0.783127,0.25674,20,8.44,0.088448,2.76
406,0.637727,0.192543,20,6.98667,0.0712619,3.16405
407,0.635232,0.217779,20,7.56,0.0684221,3.0131
408,0.653044,0.215996,20,7.61333,0.0710109,2.94069
409,0.592155,0.19607,19,7.3,0.068811,3.23272
410,0.610479,0.191993,20,7.07333,0.0721369,2.96139
411,0.502687,0.152015,19,6.14667,0.0685193,3.58287
412,0.669324,0.190709,20,7.48667,0.0685284,2.78703
413,0.594141,0.168629,19,6.34,0.0652318,3.08321
414,0.729735,0.198282,20,6.89333,0.0719156,2.99805
415,0.595384,0.172313,20,6.55333,0.06709,3.11558
416,0.631981,0.167783,20,7.03333,0.0685778,2.96279
417,0.647293,0.192936,20,7.19333,0.0677949,2.88485
418,0.717988,0.194875,20,6.62667,0.0667251,2.4489
419,0.670858,0.196051,19,6.68,0.0658166,2.79646
420,0.654107,0.150829,20,5.84,0.0651289,2.88431
421,0.638431,0.191049,19,6.92,0.0673692,2.81775
422,0.670664,0.195934,20,7.26,0.0670199,2.78189
423,0.694457,0.202255,20,7.11333,0.0682776,2.72442
424,0.571352,0.183636,19,6.76667,0.0682262,2.9217
425,0.630681,0.173718,19,6.14667,0.0687819,2.57791
426,0.607862,0.166654,19,6.5,0.0961268,2.68818
427,0.694802,0.186914,20,6.86667,0.0663703,2.50011
428,0.659528,0.192535,20,7.02667,0.0711597,2.79297
429,0.648581,0.218458,20,7.77333,0.0677421,2.63244
430,0.767926,0.239169,20,8.02667,0.0700907,2.41951
431,0.562805,0.143525,20,5.42,0.06966,2.77071
432,0.653085,0.196599,20,7.04,0.0693482,2.62522
433,0.693572,0.200224,20,6.77333,0.0685929,2.7143
434,0.586631,0.171036,20,6.16,0.0671052,2.77027
435,0.554669,0.149232,20,5.86,0.0676681,2.84452
436,0.627954,0.16043,20,6.25333,0.0672211,2.85933
437,0.668126,0.177344,20,6.23333,0.0678218,2.8101
438,0.645843,0.191099,20,6.77333,0.0661362,2.69294
439,0.559878,0.139746,19,5.02667,0.0656106,2.81708
440,0.707544,0.186676,20,6.53333,0.0713065,2.38275
441,0.683604,0.218216,20,7.56667,0.0683455,2.57682
442,0.69541,0.230005,20,7.55333,0.0656057,2.43276
443,0.628708,0.208354,20,7.7,0.0708004,2.74033
444,0.682919,0.196117,20,7.06667,0.0750097,2.82925
445,0.586063,0.194672,19,7.27333,0.0684832,2.62245
446,0.629945,0.194949,20,6.54,0.0770237,2.98395
447,0.714199,0.216654,20,7.29333,0.0737274,2.70458
448,0.573212,0.173388,19,6.46667,0.0867945,2.81177
449,0.712229,0.208904,20,7.24,0.0744987,2.7434
450,0.689501,0.214331,20,7.54667,0.0757073,2.59839
451,0.629743,0.213248,20,7.26,0.0683519,2.75768
452,0.680391,0.211031,20,7.57333,0.064976,2.64
453,0.649056,0.184717,20,6.86,0.0679433,3.08216
454,0.611019,0.211544,18,6.77333,0.0714457,2.95407
455,0.612283,0.189686,17,6.13333,0.104195,2.91305
456,0.708871,0.22411,19,7.42667,0.0681606,2.69816
457,0.681151,0.220246,19,7.88667,0.0796763,3.03551
458,0.736823,0.181275,20,7.14,0.0752201,2.8538
459,0.577599,0.182486,16,6.64667,0.0666611,3.05595
460,0.614431,0.159167,19,6.12,0.0722806,3.1972
461,0.632062,0.154499,19,6,0.0856509,3.08977
462,0.535192,0.166467,17,6.36,0.0691812,3.08132
463,0.628384,0.208311,18,7.58,0.0700919,2.7698
464,0.696437,0.179852,20,6.85333,0.0691025,2.76061
465,0.559435,0.161938,17,5.54667,0.0662424,2.78942
466,0.726816,0.240019,20,8.12667,0.0680525,2.36052
467,0.612835,0.178082,20,6.87333,0.0690528,2.75418
468,0.687583,0.195374,20,7.26667,0.0664854,2.81928
469,0.695957,0.187054,19,6.89333,0.0674407,2.64384
470,0.55716,0.162922,18,6.06667,0.0688062,3.13123
471,0.729134,0.216713,20,7.74667,0.0713306,2.67743
472,0.665089,0.217195,19,7.96667,0.0749581,2.7644
473,0.580066,0.158201,19,6.42667,0.0667555,2.81511
474,0.622512,0.185352,20,6.84667,0.183246,2.88135
475,0.643865,0.188388,20,7.42667,0.0680672,3.00228
476,0.69612,0.253712,19,8.65333,0.0681323,2.87118
477,0.649497,0.22756,19,7.84667,0.137104,2.75653
478,0.61994,0.190698,19,6.89333,0.0687743,2.98415
479,0.546999,0.189835,18,6.76,0.066228,3.05456
480,0.601329,0.218485,18,7.34667,0.0730294,3.10313
481,0.667889,0.274508,19,9.06667,0.0700112,2.83717
482,0.696593,0.227382,20,7.84,0.103252,2.74881
483,0.698725,0.185772,18,7.30667,0.067683,2.93488
484,0.68156,0.250385,20,9.02,0.0697604,2.84181
485,0.702733,0.232184,20,8.31333,0.0679575,2.96512
486,0.607975,0.197927,19,7.34,0.0670407,2.93967
487,0.637014,0.20546,19,7.32667,0.0670443,3.00777
488,0.722792,0.221217,20,8.36,0.0706731,3.02514
489,0.649661,0.192059,19,7.18667,0.067955,2.92531
490,0.694046,0.25911,19,8.86,0.0710406,2.84332
491,0.648682,0.203915,18,7.3,0.0792731,3.18283
492,0.674942,0.190646,19,6.99333,0.0728548,2.86982
493,0.686327,0.211653,19,6.96667,0.083781,2.69556
494,0.621918,0.174374,19,6.90667,0.0700212,3.14361
495,0.692299,0.193716,20,7.62667,0.0664781,2.67053
496,0.664025,0.217492,20,8.04667,0.0668954,2.64532
497,0.571669,0.177975,17,6.7,0.0818229,2.8111
498,0.662537,0.22199,19,7.95333,0.0684207,3.0832
499,0.664676,0.196773,18,7.00667,0.0689286,3.28211
500,0.730978,0.215727,20,8.06667,0.0732973,3.20949
501,0.66735,0.203399,18,6.93333,0.0773019,2.89515
502,0.613976,0.217888,20,7.51333,0.0670611,2.99604
503,0.718681,0.256183,20,8.99333,0.0707053,2.56598
504,0.638036,0.232834,20,8.44,0.06921,3.08836
505,0.723917,0.225878,20,8.05333,0.0668764,2.93888
506,0.724457,0.224849,20,7.98667,0.0686771,2.74127
507,0.628498,0.193948,20,6.43333,0.0860902,2.9885
508,0.697396,0.226869,20,8.10667,0.0734393,2.89695
509,0.666104,0.20036,19,6.81333,0.0811919,2.83085
510,0.607048,0.198841,19,7.33333,0.0667453,2.90175
511,0.688997,0.263393,19,8.76,0.249096,3.05681
512,0.665125,0.25364,20,8.76667,0.0677914,2.96181
513,0.634016,0.224807,17,7.68667,0.0827108,2.97496
514,0.648048,0.244128,19,8.13333,0.139023,3.19984
515,0.715533,0.200817,20,7.14667,0.067624,3.17333
516,0.778309,0.260929,20,8.76667,0.0687583,2.54635
517,0.687756,0.237412,20,8.28,0.0686899,3.01128
518,0.613847,0.256708,19,8.46,0.0690242,2.90319
519,0.505495,0.158403,17,5.71333,0.0651282,3.05782
520,0.581255,0.22335,19,8.1,0.0855233,3.26127
521,0.66108,0.223557,20,8.20667,0.210028,3.06083
522,0.554842,0.167575,17,6.18,0.0714595,3.31398
523,0.643284,0.185102,20,7.28,0.0701851,3.15221
524,0.689276,0.222249,19,7.4,0.0693471,2.74768
525,0.633938,0.203456,19,8.1,0.0731274,3.01955
526,0.639939,0.242246,19,8.54667,0.0702268,3.07014
527,0.663084,0.239134,20,8.02,0.0689783,2.8856
528,0.745187,0.25931,20,9.02,0.0687714,2.84866
529,0.676011,0.250099,20,9.14667,0.0683699,2.78184
530,0.687623,0.232837,20,8.48667,0.0670064,3.05943
531,0.658637,0.209367,19,7.15333,0.0649895,3.15734
532,0.678166,0.19102,19,6.82667,0.0671366,3.00629
533,0.700685,0.222287,19,7.92667,0.0676962,3.10708
534,0.711792,0.228533,20,8.52,0.0693835,3.00334
535,0.56057,0.142093,18,5.37333,0.0660413,3.35426
536,0.674591,0.219852,19,8.06,0.0675679,2.82349
537,0.708918,0.217774,20,8.22667,0.0693806,3.03906
538,0.776829,0.244701,20,8.14667,0.0684845,3.04054
539,0.641916,0.197487,17,7.04667,0.0659798,3.23366
540,0.58299,0.198425,19,7.12,0.0664797,3.2153
541,0.475581,0.150796,18,5.80667,0.0763711,3.57628
542,0.624666,0.188392,19,7.52667,0.104597,3.37225
543,0.769532,0.204561,20,7.40667,0.0702031,3.36326
544,0.69732,0.20362,19,7.42,0.0657544,2.85315
545,0.637942,0.224825,19,7.7,0.067548,2.99045
546,0.617132,0.204136,18,8.1,0.067827,3.21746
547,0.735101,0.280777,20,9.98,0.0690908,2.59177
548,0.663928,0.258391,18,8.71333,0.0802393,2.91776
549,0.674174,0.244958,20,8.74,0.0669502,2.91953
550,0.693182,0.257851,20,8.10667,0.071524,3.00824
551,0.738634,0.270592,20,9.17333,0.0673001,2.72892
552,0.795752,0.278275,20,9.22667,0.0680494,2.82466
553,0.604643,0.215918,19,7.86,0.064861,2.71382
554,0.706209,0.242831,20,8.42667,0.0693155,2.71581
555,0.748607,0.307153,20,9.96,0.0689577,2.81572
556,0.624685,0.195215,18,7.16667,0.0930041,3.18706
557,0.625254,0.237107,19,8.36,0.0659803,3.07618
558,0.707871,0.266968,19,8.72,0.0679869,2.96554
559,0.695326,0.281579,19,9.38,0.0696353,2.64268
560,0.727669,0.275635,20,9.25333,0.0680805,2.8436
561,0.724809,0.241525,20,8.34,0.0872959,2.72549
562,0.705235,0.24557,20,8.38667,0.0689383,2.80911
563,0.733435,0.337485,20,11.0333,0.0690097,2.71594
564,0.745031,0.314296,20,9.81333,0.0672938,2.62705
565,0.801453,0.355502,20,10.84,0.0683105,2.68115
566,0.741905,0.284846,20,9.68667,0.0671209,2.90179
567,0.661488,0.200184,18,7.14667,0.0678205,3.06123
568,0.608745,0.189631,18,6.94,0.0683501,3.02481
569,0.670249,0.203653,20,7.43333,0.0671073,2.85626
570,0.769696,0.237963,20,8.03333,0.0659363,2.66275
571,0.685113,0.197132,20,6.94667,0.0679342,3.0055
572,0.723844,0.236219,19,8.17333,0.0669711,3.063
573,0.696718,0.218788,20,7.16,0.0657907,3.08272
574,0.676388,0.226459,20,8.12,0.0678928,2.99501
575,0.715966,0.224355,20,7.64,0.0919732,2.93107
576,0.655321,0.236098,20,8.48,0.0698516,3.15072
577,0.707476,0.222066,20,7.3,0.0671842,2.77821
578,0.673727,0.223832,20,7.66,0.0745727,3.10785
579,0.760574,0.294977,20,9.32,0.0711582,2.74106
580,0.630047,0.225225,19,7.83333,0.0693702,3.12999
581,0.609299,0.166687,19,5.73333,0.070271,3.15902
582,0.730708,0.232267,20,7.41333,0.0683464,2.77309
583,0.754134,0.263019,20,8.41333,0.0701651,2.95643
584,0.68601,0.240921,19,7.88667,0.0664596,3.13056
585,0.757734,0.294345,20,9.34,0.0657716,2.79343
586,0.72456,0.296518,20,9.82,0.0680361,2.77497
587,0.6694,0.22886,20,7.8,0.0865111,2.96844
588,0.668971,0.216455,20,7.81333,0.0678771,2.86327
589,0.642443,0.220234,20,7.74,0.069171,3.06802
590,0.661563,0.221642,20,7.54667,0.0663314,2.85015
591,0.674718,0.191185,20,7.44,0.0674471,2.83435
592,0.674659,0.221378,20,7.72667,0.115805,2.83172
593,0.694235,0.215077,20,7.23333,0.0679522,2.53495
594,0.621442,0.195258,20,6.98,0.0675074,2.74613
595,0.642579,0.220067,19,7.78,0.066947,2.6779
596,0.748876,0.235075,20,7.62667,0.0696188,2.44019
597,0.684052,0.246708,19,8.54667,0.0686602,2.82837
598,0.784872,0.283087,20,9.12667,0.0695938,2.50469
599,0.7379,0.245916,20,8.42667,0.0669185,2.68386
600,0.744164,0.251634,20,8.7,0.0788233,3.00486
601,0.713459,0.268901,20,9.01333,0.0710922,2.97856
602,0.665847,0.219015,18,7.88,0.0691051,2.97151
603,0.85063,0.269083,20,9.22667,0.0716905,2.65136
604,0.715489,0.250787,19,7.96667,0.06782,2.61171
605,0.668426,0.196811,19,7.08667,0.0671456,2.95269
606,0.698947,0.225181,19,7.56667,0.0743556,2.72423
607,0.743487,0.241082,20,7.78,0.0691465,2.76908
608,0.678189,0.220502,19,7.59333,0.0963123,2.88557
609,0.652037,0.201696,18,6.92667,0.0653264,3.10707
610,0.779125,0.235435,19,8.02,0.0804781,2.80081
611,0.609973,0.170017,16,6.14667,0.0660664,2.76694
612,0.71961,0.218087,20,7.61333,0.0730792,2.73503
613,0.677195,0.196648,20,7.2,0.0740027,2.80132
614,0.70335,0.213975,20,7.36667,0.069182,2.76691
615,0.717395,0.245249,20,8.66,0.0686513,2.7485
616,0.712014,0.231435,20,7.78,0.066474,2.88215
617,0.678907,0.250231,19,8.50667,0.0672849,2.71993
618,0.737316,0.278444,20,9.2,0.0672997,2.76043
619,0.715991,0.316507,19,10.2467,0.108076,2.7592
620,0.735152,0.267997,20,8.41333,0.0652775,2.80546
621,0.604494,0.204325,19,7.22,0.0757764,2.93808
622,0.750419,0.339137,20,10.94,0.0677264,2.55762
623,0.777689,0.303007,20,9.90667,0.0681076,2.4839
624,0.747977,0.295222,20,9.92,0.0677279,2.70163
625,0.681437,0.257584,19,8.58667,0.0653785,2.83591
626,0.666295,0.26142,19,8.74667,0.0670353,3.01387
627,0.62023,0.207545,19,7.46667,0.0672508,2.94792
628,0.695697,0.264083,20,8.61333,0.0685845,2.85891
629,0.706872,0.288478,20,9.62,0.105254,2.81266
630,0.613345,0.2133,20,7.56,0.0758651,2.77614
631,0.708103,0.247165,20,8.24,0.0683146,2.4666
632,0.741098,0.252814,20,8.30667,0.0692097,2.61374
633,0.675796,0.230236,19,7.74667,0.068773,2.78232
634,0.680749,0.261334,20,8.75333,0.0697265,2.8069
635,0.663236,0.199779,20,6.7,0.0649587,2.90208
636,0.695846,0.22936,19,7.9,0.0674291,2.78505
637,0.709489,0.250997,19,8.3,0.0664042,2.81192
638,0.603967,0.212626,20,7.54,0.0666446,2.98616
639,0.674469,0.219782,19,7.30667,0.0667515,2.69763
640,0.684324,0.23258,19,8.14,0.0685363,2.83752
641,0.646582,0.191907,20,6.86667,0.0694825,2.98022
642,0.674676,0.216657,20,7.44667,0.0694389,2.7076
643,0.627281,0.213305,20,7.70667,0.0683644,2.9222
644,0.765192,0.260422,20,9.02667,0.0686855,2.60854
645,0.685946,0.25306,20,8.88667,0.0697417,2.86248
646,0.674726,0.271641,20,9.15333,0.0675859,2.44989
647,0.678285,0.191348,20,6.76667,0.067262,2.98247
648,0.663456,0.170669,20,7.15333,0.0672558,2.80504
649,0.662543,0.200866,20,6.92,0.066443,2.45511
650,0.721565,0.216171,20,8.07333,0.0698846,2.8169
651,0.670249,0.180608,20,6.49333,0.0660087,2.5463
652,0.690678,0.172032,19,6.38667,0.0674127,2.88973
653,0.696781,0.173191,19,6.16667,0.0681998,2.85495
654,0.660199,0.247335,20,9.02667,0.0702563,2.85737
655,0.675969,0.235421,20,8.51333,0.0655322,2.53506
656,0.718695,0.231067,19,8.00667,0.0835542,2.54235
657,0.678171,0.176602,20,6.71333,0.0969767,3.08193
658,0.698588,0.206697,20,7.96667,0.0690435,2.79245
659,0.626228,0.160981,20,6.48667,0.0677688,2.83114
660,0.699478,0.202064,20,7.28667,0.0702817,2.6392
661,0.674928,0.195657,20,7.34,0.0722289,2.77998
662,0.703722,0.183956,20,7.33333,0.0668951,2.44954
663,0.693995,0.190373,20,7.54,0.0664996,2.32967
664,0.644539,0.179769,20,6.86,0.0678771,2.67903
665,0.68201,0.192767,20,7.92,0.0665653,2.77611
666,0.661027,0.174335,19,7.24667,0.0709313,2.692
667,0.725055,0.189761,19,7.13333,0.0657982,2.87387
668,0.648315,0.165087,20,6.34,0.06537,3.29311
669,0.671399,0.199666,20,7.62,0.0689912,3.04011
670,0.665465,0.208732,19,7.55333,0.0674829,2.66016
671,0.722161,0.198106,20,7.26,0.0680766,2.47497
672,0.66924,0.221401,20,7.85333,0.0671723,2.71892
673,0.633724,0.204246,20,7.58,0.068229,2.75355
674,0.634776,0.186703,20,6.76,0.0719047,2.83523
675,0.677223,0.199495,20,7.25333,0.0682101,2.44129
676,0.637304,0.193286,20,7.62667,0.0691922,2.75129
677,0.73225,0.235261,20,8.88,0.0701332,2.45582
678,0.637278,0.184544,20,7.13333,0.0686861,2.63819
679,0.614698,0.175451,20,6.68,0.0655089,2.64839
680,0.690655,0.183469,20,6.84667,0.0675887,2.59473
681,0.714449,0.198241,20,8.19333,0.0661218,2.74018
682,0.763769,0.224161,20,8.01333,0.0690997,2.80055
683,0.696768,0.25103,20,8.51333,0.0677861,2.523
684,0.680834,0.2469,19,8.72667,0.0691145,2.79343
685,0.62993,0.186993,20,7.40667,0.066867,2.59128
686,0.632848,0.201054,20,7.72667,0.0691108,2.45328
687,0.68415,0.197182,20,7.12667,0.0643607,2.30547
688,0.71552,0.219931,20,7.96,0.0692334,2.52097
689,0.713604,0.245436,20,8.36,0.069661,2.46549
690,0.71271,0.280586,20,9.36667,0.0674787,2.62549
691,0.626217,0.212125,19,7.88667,0.0692086,3.12134
692,0.756672,0.233157,20,8.92,0.0722891,2.60591
693,0.764858,0.202537,20,7.38667,0.0703292,2.97298
694,0.655607,0.192252,20,7.06667,0.0646159,2.74068
695,0.680329,0.271517,20,9.04667,0.0680549,2.40382
696,0.751348,0.212141,20,7.57333,0.0710333,2.69087
697,0.697598,0.260657,20,9.37333,0.0667827,2.51197
698,0.673531,0.254177,19,8.88,0.069848,2.50653
699,0.638361,0.212525,20,8.18667,0.0671253,2.78715
700,0.668959,0.215536,20,7.37333,0.0670505,2.6035
701,0.653723,0.197121,20,7.24,0.0700557,2.7288
702,0.768682,0.179933,20,6.6,0.0705787,2.64373
703,0.684214,0.199632,20,7.12,0.0658088,2.82965
704,0.7418,0.241721,20,7.7,0.066553,2.28197
705,0.655808,0.241475,19,8.24667,0.0678978,2.55407
706,0.757469,0.263382,20,8.85333,0.0681437,2.57973
707,0.70908,0.233721,20,8.4,0.0685982,2.68008
708,0.629411,0.202069,20,7.51333,0.0843381,3.34951
709,0.643958,0.211957,20,8.12667,0.068474,3.04828
710,0.710859,0.196077,20,7.38667,0.0691461,2.78424
711,0.659209,0.213294,20,7.99333,0.0691758,3.06146
712,0.676849,0.216497,20,8.32667,0.0684343,2.84213
713,0.688497,0.261573,20,9.23333,0.0679324,2.72716
714,0.660513,0.185387,20,7.15333,0.0689123,2.78122
715,0.735345,0.18962,20,6.96,0.0665309,2.75468
716,0.648542,0.175253,20,6.64667,0.0671641,2.89473
717,0.66921,0.1875,20,7.16667,0.0654854,2.63608
718,0.640902,0.206349,20,7.54667,0.0668032,2.70929
719,0.728762,0.216464,20,7.92667,0.0680563,2.87368
720,0.679154,0.210736,20,7.77333,0.0674567,2.84695
721,0.728699,0.216159,20,7.57333,0.0712554,2.84683
722,0.669594,0.200481,20,7.1,0.0707713,2.76262
723,0.72816,0.26464,20,9.04,0.0686396,2.57064
724,0.743375,0.272223,20,9.24,0.0727795,2.46738
725,0.652853,0.217516,20,8.16667,0.0656495,2.64388
726,0.677001,0.23057,20,8.88,0.0684511,2.73217
727,0.616115,0.21299,19,7.57333,0.0655032,2.77042
728,0.687606,0.260705,20,9.44,0.0680814,2.32888
729,0.648394,0.229712,20,8.68667,0.0669894,2.9517
730,0.614574,0.21981,19,7.64,0.0697474,2.78694
731,0.675918,0.199622,20,7.24667,0.0651882,2.83607
732,0.780151,0.252704,20,8.69333,0.0674517,2.53943
733,0.73673,0.227576,20,8.26,0.0710641,2.44817
734,0.674316,0.187144,19,7.56,0.0673313,2.64221
735,0.678486,0.194545,20,7.63333,0.066026,2.46361
736,0.618505,0.211714,18,7.67333,0.0670467,2.70643
737,0.714479,0.222479,20,8.16,0.0694806,2.59332
738,0.686895,0.185432,19,6.50667,0.0652895,2.42244
739,0.719038,0.200108,19,6.7,0.0679511,2.48715
740,0.705039,0.21386,19,7.56,0.0661486,2.30849
741,0.729993,0.218828,20,7.75333,0.068641,2.73421
742,0.657331,0.2297,19,8.02,0.0673379,2.64374
743,0.652219,0.17826,20,6.94,0.069812,2.35464
744,0.710973,0.213281,20,8.34667,0.0684276,2.61338
745,0.649359,0.209217,20,7.76,0.069582,2.34252
746,0.637962,0.208545,19,7.86,0.067032,2.69565
747,0.685017,0.213187,20,7.87333,0.0667083,2.53287
748,0.652476,0.208585,20,7.29333,0.0674803,2.6581
749,0.722357,0.219983,20,7.72,0.0654817,2.80145
750,0.728338,0.220529,19,8.14,0.0650582,2.84691
751,0.677491,0.227512,20,8.5,0.067749,2.82129
752,0.625823,0.201825,19,7.90667,0.0675118,2.93313
753,0.747021,0.229775,20,7.99333,0.0646943,2.38173
754,0.755285,0.260624,19,8.42,0.0679661,2.52836
755,0.823084,0.258656,20,8.96667,0.0666968,2.54321
756,0.737246,0.243717,20,8.44667,0.0672584,2.90217
757,0.670574,0.204424,18,7.26667,0.0754102,3.11984
758,0.676522,0.222859,20,8.32667,0.0678219,2.90383
759,0.641848,0.18724,19,7.24,0.13107,3.12797
760,0.73229,0.271402,19,9.17333,0.069935,2.61817
761,0.713473,0.238247,20,8.36667,0.0658653,2.79831
762,0.693551,0.211499,20,7.32667,0.0700934,2.74758
763,0.767187,0.264241,20,9.31333,0.0696331,2.62618
764,0.673584,0.225775,20,8.22667,0.0670414,2.62498
765,0.689712,0.249865,20,8.98,0.0683798,2.76755
766,0.762381,0.273867,19,9.73333,0.0717576,2.53016
767,0.686226,0.240527,20,8.36,0.172351,2.97986
768,0.714511,0.262418,18,8.87333,0.0700049,2.75322
769,0.688493,0.182401,20,7.44667,0.068589,3.0663
770,0.757641,0.202286,20,7.64667,0.067377,2.65619
771,0.729668,0.22426,20,8.12,0.0690647,2.62032
772,0.773628,0.260512,20,9.22,0.128708,2.56072
773,0.645429,0.202563,18,7.16667,0.0690514,2.89438
774,0.707638,0.251177,19,8.15333,0.0687859,2.86116
775,0.790843,0.256141,20,8.78667,0.0683451,2.62919
776,0.58923,0.209382,19,7.4,0.0686641,2.95632
777,0.67011,0.192026,20,7.11333,0.0698539,2.9643
778,0.694764,0.265246,20,8.76667,0.0724018,2.63808
779,0.671365,0.223037,20,8.34,0.0663283,2.72738
780,0.765576,0.274222,20,9.35333,0.0681261,2.57726
781,0.719985,0.210076,20,8.13333,0.0681067,3.08206
782,0.668975,0.20064,19,7.90667,0.0681362,2.81335
783,0.739906,0.295122,20,9.6,0.110883,2.76932
784,0.719064,0.241958,20,8.03333,0.108381,2.8934
785,0.714009,0.221729,19,7.86,0.0656192,2.6314
786,0.651546,0.230011,19,8.42667,0.0700178,2.94896
787,0.703802,0.246546,20,8.06667,0.0706268,2.79787
788,0.674001,0.25219,19,8.79333,0.0682971,2.74607
789,0.697725,0.22395,20,7.86667,0.0804288,2.89372
790,0.687293,0.270215,19,8.92,0.067552,2.82265
791,0.77477,0.264521,20,8.39333,0.0654659,2.54944
792,0.642732,0.232042,18,7.82,0.0657937,2.87528
793,0.67695,0.217665,20,7.45333,0.070391,2.99286
794,0.708512,0.218092,20,7.59333,0.0694337,2.69239
795,0.661448,0.223934,19,8.16667,0.103381,2.69099
796,0.641111,0.206681,20,7.35333,0.0673484,2.90098
797,0.659817,0.185372,20,6.88667,0.0700433,2.94966
798,0.665161,0.200263,19,7.50667,0.0670646,2.73399
799,0.74216,0.223416,20,7.97333,0.0700864,2.68156
800,0.711555,0.195802,19,6.93333,0.0683468,2.65776
801,0.731864,0.23977,20,8.84667,0.0682875,2.8048
802,0.686734,0.21928,19,7.5,0.067479,2.65004
803,0.712646,0.213247,20,7.58,0.150755,2.782
804,0.672632,0.215376,20,7.7,0.0897351,2.64289
805,0.67396,0.196998,20,7.25333,0.359903,2.75458
806,0.557627,0.13931,17,6.09333,0.0677842,3.18078
807,0.734363,0.187998,20,6.47333,0.0665015,2.71623
808,0.653285,0.203651,19,6.77333,0.16523,2.95323
809,0.573118,0.17857,18,6.16,0.0650063,2.99105
810,0.774579,0.223932,20,7.54667,0.0939606,2.64271
811,0.776503,0.281205,20,9.45333,0.0755947,2.50254
812,0.703817,0.270002,20,9.01333,0.072267,2.57416
813,0.711905,0.249656,20,8.58667,0.0791251,2.58348
814,0.748921,0.246345,20,8.47333,0.0672335,2.74628
815,0.780174,0.244502,20,8.38,0.0667037,2.6787
816,0.617346,0.206507,19,7.4,0.0662303,2.95285
817,0.744443,0.232094,20,8.25333,0.0689411,2.34967
818,0.723561,0.219952,20,8.36,0.0676008,2.74672
819,0.782783,0.299167,20,10.4133,0.068191,2.38835
820,0.724279,0.240908,20,9.16667,0.0686914,2.84116
821,0.765973,0.256291,20,8.83333,0.0692989,2.55184
822,0.711997,0.243394,19,8.62667,0.0698338,2.73614
823,0.717479,0.295929,20,10.96,0.0728887,2.73757
824,0.697611,0.248527,19,8.78,0.0667305,2.70751
825,0.709602,0.302289,20,10.6867,0.0706307,2.72099
826,0.709591,0.260831,20,9.38,0.068636,2.70926
827,0.682085,0.22529,20,8.32,0.0756353,2.89216
828,0.785325,0.287411,20,10.04,0.0683141,2.67098
829,0.693038,0.236839,20,8.32667,0.179169,3.02136
830,0.694821,0.228387,18,7.77333,0.0670983,2.79559
831,0.736573,0.256314,19,8.91333,0.0773853,2.78154
832,0.757223,0.254857,20,8.94,0.0664123,2.53637
833,0.715088,0.217796,19,7.96667,0.0693663,2.59507
834,0.695816,0.179734,19,7.3,0.0661377,2.65281
835,0.617722,0.179801,18,6.52,0.084579,3.02276
836,0.756724,0.269222,20,9.56667,0.069491,2.67337
837,0.674105,0.235775,18,8.24667,0.0666555,2.83551
838,0.790646,0.267648,20,8.78,0.0698015,2.86978
839,0.7441,0.248188,20,8.36,0.0687443,2.96352
840,0.720982,0.299936,19,9.78667,0.0762036,2.86482
841,0.733741,0.269038,20,8.82,0.0662139,2.61958
842,0.687285,0.221412,20,7.58,0.0668327,2.92466
843,0.786683,0.266468,20,9.06667,0.0705797,2.82427
844,0.697187,0.243976,19,7.86667,0.0701017,2.65082
845,0.711954,0.258435,19,8.7,0.0669677,2.82842
846,0.665009,0.222853,19,8.15333,0.0677229,3.02532
847,0.783222,0.248161,20,8.64,0.0664669,2.78221
848,0.67072,0.240627,19,8.46,0.0687532,2.77378
849,0.669589,0.224952,20,7.74,0.0675133,2.94029
850,0.671003,0.245231,20,8.39333,0.0687991,2.9511
851,0.639529,0.229879,18,8.1,0.0746996,3.08867
852,0.63169,0.217228,19,7.48667,0.0668059,2.90233
853,0.656854,0.265272,20,9.24,0.0874233,2.80846
854,0.721825,0.226511,20,8.04667,0.0649812,2.76391
855,0.775886,0.273178,20,8.74,0.0778186,2.55462
856,0.708258,0.240709,20,8.7,0.0700882,2.61454
857,0.659602,0.219852,20,8.41333,0.0667882,2.66552
858,0.642577,0.229562,19,7.58,0.0667503,2.67149
859,0.67312,0.235889,20,8.51333,0.0676488,2.61161
860,0.71686,0.255649,20,9.30667,0.0706558,2.80452
861,0.783841,0.27582,20,9.48,0.0691867,2.51558
862,0.750698,0.247275,19,8.08667,0.0685995,2.68119
863,0.700772,0.241319,19,7.79333,0.0684602,2.75776
864,0.67148,0.213598,20,7.06667,0.0691804,2.54107
865,0.675849,0.246514,20,7.97333,0.0685029,2.73508
866,0.748538,0.254805,20,8.57333,0.0676498,2.57951
867,0.68565,0.213932,20,7.69333,0.0671637,2.75906
868,0.692488,0.264596,19,8.98,0.0740288,2.50273
869,0.683334,0.239158,20,8.81333,0.0898416,2.67403
870,0.712603,0.247519,20,8.61333,0.0664325,2.78674
871,0.659678,0.18701,20,7.52,0.0667332,2.83672
872,0.637876,0.204112,19,7.69333,0.0662403,2.79336
873,0.793155,0.301823,20,9.65333,0.0694048,2.61356
874,0.681234,0.260906,20,9.62,0.0685467,2.75348
875,0.73154,0.260732,20,9.1,0.0755467,2.84718
876,0.755786,0.264024,20,9.36,0.0693141,2.95908
877,0.71116,0.258135,19,8.92667,0.0647842,2.53692
878,0.631551,0.220184,20,8.5,0.0680466,3.05329
879,0.638563,0.204008,19,7.99333,0.067163,2.70435
880,0.661407,0.233646,19,9.06667,0.0680748,2.63917
881,0.777641,0.261246,20,8.89333,0.0676924,2.43949
882,0.750342,0.286534,20,9.06667,0.0731338,2.33738
883,0.803718,0.307461,20,9.83333,0.0714684,2.51248
884,0.690277,0.236038,18,7.92,0.0674515,2.73068
885,0.620538,0.211649,20,7.54667,0.0703529,2.65418
886,0.744307,0.257228,20,8.66667,0.069699,2.59496
887,0.679166,0.196513,20,7.48667,0.112847,2.66603
888,0.68892,0.255743,20,8.52667,0.0685879,2.61673
889,0.635731,0.191561,19,6.66,0.0676267,2.75202
890,0.668227,0.221807,19,7.9,0.0686859,2.67143
891,0.69527,0.236885,20,8.67333,0.0646616,2.62296
892,0.724384,0.231889,20,7.96667,0.0695644,2.51558
893,0.645326,0.235704,19,8.81333,0.0816042,2.61268
894,0.77679,0.270155,20,8.96667,0.0956172,2.45611
895,0.6073,0.250234,19,8.70667,0.06604,2.67502
896,0.624789,0.213993,20,8.03333,0.0684729,2.72004
897,0.601619,0.20977,19,7.50667,0.0716768,2.56132
898,0.683165,0.237138,19,8.28667,0.113653,2.54318
899,0.690814,0.212424,20,8.1,0.0671861,2.61836
900,0.627503,0.199083,18,7.11333,0.0699399,2.56958
901,0.736877,0.216471,19,7.97333,0.0670564,2.5534
902,0.666007,0.199728,19,7.70667,0.0685,2.64096
903,0.655402,0.211411,18,7.64667,0.0678084,2.80109
904,0.753279,0.25635,20,9.3,0.0699284,2.70526
905,0.623985,0.192871,19,7.54667,0.0674317,2.98265
906,0.647107,0.226064,20,8.81333,0.0790971,2.68987
907,0.692312,0.239618,20,8.59333,0.0678894,2.54654
908,0.635546,0.210565,19,8.66,0.076913,2.61323
909,0.687022,0.243764,19,8.33333,0.131417,2.58128
910,0.717125,0.237618,20,9.01333,0.0665335,2.54399
911,0.692238,0.235898,20,7.97333,0.0700025,2.54385
912,0.6757,0.203221,20,7.76,0.0667368,2.93358
913,0.694504,0.244601,20,8.72667,0.0663736,2.6206
914,0.668239,0.243828,20,9.32667,0.0698551,2.43004
915,0.556307,0.214959,18,7.87333,0.102137,2.70582
916,0.560359,0.188836,18,7.08667,0.0687605,2.81762
917,0.701691,0.276774,20,10.12,0.0710621,2.50292
918,0.652992,0.21056,19,8.31333,0.202067,2.70028
919,0.723141,0.208075,20,8.08667,0.070075,2.40435
920,0.725304,0.25444,20,9.24667,0.0748304,2.55993
921,0.624866,0.188566,19,8.04,0.0701521,2.66517
922,0.723086,0.21167,20,8.06667,0.0689857,2.59033
923,0.679382,0.247473,18,8.81333,0.0676106,2.64587
924,0.816259,0.245363,20,8.37333,0.0712566,2.65393
925,0.650221,0.211939,20,7.84667,0.068561,2.87182
926,0.648095,0.227308,18,8.29333,0.0683863,2.72911
927,0.786823,0.248231,20,9,0.0675344,2.41297
928,0.646919,0.196389,19,7.99333,0.0714306,2.64829
929,0.60133,0.18949,20,7.52,0.0850965,2.73353
930,0.741198,0.231028,20,8.04,0.0692796,2.54401
931,0.657313,0.1886,20,7.43333,0.07287,2.67918
932,0.608206,0.167291,20,6.66,0.066935,2.9057
933,0.671853,0.207118,20,7.54667,0.0680379,2.70504
934,0.751799,0.278199,20,9.86667,0.0690577,2.89483
935,0.661126,0.21636,20,7.87333,0.0702068,2.94702
936,0.695666,0.241264,19,8.23333,0.0709406,2.86279
937,0.581564,0.222346,20,8.05333,0.0689183,2.73424
938,0.590919,0.219429,18,7.65333,0.0683557,2.88234
939,0.745111,0.29594,20,9.49333,0.0693036,2.55549
940,0.700891,0.18574,20,7.06,0.0688211,2.98113
941,0.564195,0.190152,20,7.44667,0.0651221,2.82198
942,0.666674,0.228953,20,8.22,0.0665473,2.8343
943,0.72279,0.265616,20,9.55333,0.192695,2.97032
944,0.755822,0.259317,20,8.64667,0.0677987,2.76809
945,0.695546,0.241252,20,9.34667,0.0704914,2.87014
946,0.702471,0.257487,20,8.25333,0.0764822,2.64557
947,0.685721,0.247467,20,8.31333,0.0687173,2.53464
948,0.673792,0.239033,20,8.79333,0.0708266,2.8356
949,0.639095,0.181586,19,6.76667,0.0675129,2.74377
950,0.618493,0.187599,19,7.03333,0.0666358,2.74057
951,0.791792,0.262186,20,9.25333,0.0779613,2.54118
952,0.724177,0.224521,20,8.38667,0.0681149,2.39115
953,0.673351,0.211933,20,8.12,0.0679525,2.65104
954,0.689607,0.210266,20,8.32,0.074674,2.75362
955,0.68325,0.19972,20,7.73333,0.0701412,2.83447
956,0.752893,0.252345,20,9.12667,0.0692151,2.63679
957,0.717598,0.243893,20,8.75333,0.100066,2.88263
958,0.638902,0.190672,20,7.58667,0.0677147,3.17309
959,0.701249,0.233036,20,8.39333,0.0717713,2.70671
960,0.735628,0.285225,20,9.82,0.079505,2.4953
961,0.60898,0.18555,19,6.8,0.0688141,3.00147
962,0.70604,0.222946,20,7.89333,0.0724544,2.68162
963,0.695517,0.228333,19,7.98,0.0713735,2.65508
964,0.657968,0.229474,20,8.64667,0.0667038,2.6235
965,0.695752,0.215583,20,8.05333,0.0780515,2.85252
966,0.749204,0.240478,20,8.64,0.077696,2.80624
967,0.628541,0.215185,20,7.51333,0.0656933,2.89262
968,0.636939,0.20947,19,7.56667,0.0699307,2.84073
969,0.68486,0.26087,20,9.58667,0.0658617,2.77723
970,0.693402,0.257374,19,8.48667,0.069556,3.00162
971,0.678352,0.239703,19,8.2,0.0718381,2.80698
972,0.636909,0.23355,20,8.14667,0.0689832,2.76756
973,0.687045,0.239911,20,8.72,0.0690175,2.85072
974,0.671367,0.226263,20,8.30667,0.0696032,2.72061
975,0.70769,0.276883,20,9.16,0.0678566,2.67314
976,0.639994,0.220365,20,8.22,0.0870231,2.76915
977,0.736756,0.236151,20,8.41333,0.0861268,2.72613
978,0.655378,0.255909,19,8.58667,0.0734346,2.9306
979,0.679697,0.241819,20,7.93333,0.0649766,2.46848
980,0.711202,0.239474,19,8.14,0.0688913,2.64816
981,0.713005,0.212266,20,7.4,0.0668776,2.70172
982,0.697315,0.204787,20,7.55333,0.0745215,2.8365
983,0.695239,0.249942,19,8.07333,0.0709014,2.74914
984,0.604662,0.187333,20,7.24,0.0681904,2.8789
985,0.652394,0.202458,19,7.14,0.067525,3.0899
986,0.643466,0.213959,20,8.08667,0.0804293,3.02177
987,0.675862,0.218892,20,7.82667,0.0694065,3.15489
988,0.713952,0.243298,20,8.39333,0.0779176,2.61537
989,0.7159,0.20615,19,7.14667,0.0692818,3.05237
990,0.667414,0.22016,20,7.67333,0.0674808,2.83988
991,0.742987,0.224514,20,8.5,0.0724233,3.05577
992,0.636763,0.213616,20,7.38,0.0648469,2.79799
993,0.690048,0.213036,20,7.40667,0.0664337,2.79678
994,0.664256,0.243868,20,8.39333,0.0693983,2.94343
995,0.762577,0.299011,20,10.0533,0.0677664,2.65217
996,0.72649,0.247297,20,8.84667,0.0682867,2.83481
997,0.672318,0.221279,19,8.00667,0.068745,2.56016
998,0.681699,0.188207,19,6.82,0.0664171,2.66843
999,0.692165,0.242184,19,8.45333,0.0778189,2.85962
1000,0.712154,0.232211,20,8.36667,0.0720922,2.70683
