1,0.0195514,0.000520278,7,0.14,0.070678,1.32849
2,0.152151,0.00397181,7,0.473333,0.0711581,1.25464
3,0.148254,0.00585632,8,0.92,0.0684474,1.23012
4,0.107477,0.00976675,9,0.98,0.0694446,1.48887
5,0.259341,0.014736,7,1.46667,0.0698234,1.23158
6,0.252517,0.0584232,9,3.12667,0.0827343,1.45266
7,0.241032,0.0431518,9,2.30667,0.0985133,1.14956
8,0.241422,0.0291937,10,2.07333,0.0940624,1.2067
9,0.108842,0.0102441,8,1.81333,0.0821489,1.04308
10,0.115402,0.013501,9,2.08,0.123155,1.02952
11,0.244217,0.042697,12,2.88667,0.0683515,1.20582
12,0.159203,0.0347419,11,3.58667,0.206003,1.27924
13,0.193037,0.0262754,13,2.80667,0.141179,1.20192
14,0.301885,0.0842033,15,5.20667,0.079998,1.29129
15,0.345946,0.0777615,12,5.41333,0.108355,1.23251
16,0.35537,0.0484993,12,4.08667,0.173576,1.19969
17,0.127431,0.0343555,9,3.03333,0.123006,1.29026
18,0.236155,0.0447501,12,4.22667,0.15746,1.31042
19,0.264036,0.0605957,11,3.61333,0.0891697,1.28411
20,0.149789,0.0328871,11,3.04667,0.0794684,1.51347
21,0.18948,0.0406073,11,3.7,0.0682732,1.45298
22,0.227504,0.0278854,8,2.08,0.0762379,1.47062
23,0.274729,0.0591902,13,3.08,0.14404,1.58933
24,0.290011,0.0677754,10,3.46,0.0764497,1.63392
25,0.252159,0.0532391,12,2.62667,0.0860246,1.64706
26,0.204476,0.0605009,11,2.96,0.0715613,1.65751
27,0.304873,0.08664,11,3.79333,0.0737175,1.66827
28,0.251182,0.0751318,12,4.04,0.0719233,1.70461
29,0.310515,0.0374533,13,2.4,0.0693838,1.73188
30,0.210896,0.0263067,10,2.50667,0.0977757,1.7068
31,0.337638,0.0681392,12,3.04,0.18475,2.04168
32,0.217687,0.0479825,10,2.63333,0.191244,1.64703
33,0.24986,0.0696351,12,3.28,0.0683685,1.59968
34,0.471234,0.118223,13,5.19333,0.0709041,1.71585
35,0.237922,0.0377615,10,2.88667,0.0688258,1.6386
36,0.293063,0.0619847,12,3.05333,0.161602,1.85674
37,0.288818,0.0466802,12,3.63333,0.137397,1.66739
38,0.245289,0.0508713,13,3.72,0.0802123,1.86005
39,0.199395,0.0416855,12,2.83333,0.104738,1.92599
40,0.251359,0.0436837,14,3.62667,0.0650854,2.0377
41,0.40261,0.0820697,14,4.17333,0.0868187,1.78601
42,0.238946,0.0640284,13,3.63333,0.0957841,2.04738
43,0.245852,0.0786601,11,3.83333,0.0743579,1.68395
44,0.276432,0.0448598,12,3.59333,0.170807,1.67113
45,0.223369,0.0473026,14,3.07333,0.0668026,1.78688
46,0.339015,0.0330851,12,3.04,0.0804265,2.08012
47,0.324363,0.0658935,13,3.67333,0.0680973,2.24241
48,0.220187,0.0571424,13,3.73333,0.0778548,2.347
49,0.369192,0.0708254,14,4.18667,0.0743718,2.37359
50,0.385578,0.0796296,12,4.6,0.112845,2.3913
51,0.264642,0.0599483,13,3.68,0.0667537,2.45386
52,0.30202,0.0543482,12,3.9,0.141016,2.56299
53,0.280657,0.0700897,14,4.1,0.0719015,2.40155
54,0.209242,0.0602498,11,3.98,0.0715609,2.90542
55,0.398065,0.0915893,15,4.93333,0.0714467,2.18751
56,0.313275,0.0527752,12,3.43333,0.0724593,2.21996
57,0.201544,0.0330623,13,2.76,0.095628,2.08416
58,0.539943,0.0916664,15,5.74,0.0729853,2.11699
59,0.257775,0.0520815,11,3.12,0.0824361,2.23947
60,0.345099,0.0707987,13,3.84,0.067025,2.03538
61,0.43319,0.0675974,14,4.05333,0.0673896,2.31632
62,0.169976,0.0473447,12,3.24,0.0779157,3.48212
63,0.320277,0.113199,13,5.74667,0.0922425,2.67904
64,0.270214,0.0762602,13,5.26667,0.0684856,2.49825
65,0.30385,0.0750595,14,4.16667,0.0695477,2.73099
66,0.323066,0.080732,13,4.57333,0.0752215,2.47042
67,0.422441,0.134778,14,5.82,0.0712244,2.15541
68,0.273907,0.0764747,12,4.30667,0.0901497,2.5076
69,0.325249,0.0984553,12,4.48,0.0701947,2.74647
70,0.432933,0.102922,13,5.58667,0.081045,2.70113
71,0.442628,0.110015,14,4.94667,0.0747763,2.56576
72,0.461668,0.128807,13,5.64667,0.204099,2.76173
73,0.35516,0.1098,13,5.24667,0.0702042,3.00353
74,0.448898,0.10728,13,5.28,0.171771,2.87414
75,0.418433,0.11007,12,5.04667,0.0712778,2.69749
76,0.232252,0.0421062,12,3.02667,0.0720766,3.35829
77,0.407666,0.102864,13,4.84,0.0785128,3.07101
78,0.443238,0.100042,12,4.35333,0.0719627,3.27406
79,0.327138,0.0952669,11,4.16,0.0696401,3.03485
80,0.418881,0.111399,13,5.14667,0.0703485,3.15932
81,0.34988,0.0985987,13,4.72,0.0689928,3.30064
82,0.411122,0.131692,14,5.16,0.08232,3.07898
83,0.296913,0.0555893,10,3.12667,0.06712,3.38545
84,0.288008,0.077807,11,3.48,0.0743017,2.96017
85,0.442131,0.0962464,11,4.01333,0.0679764,2.80476
86,0.380276,0.115914,12,4.74,0.0773281,2.90746
87,0.509048,0.150248,15,5.78,0.0701067,2.74862
88,0.396333,0.123417,14,4.75333,0.0688191,3.11119
89,0.355729,0.0997038,13,4.33333,0.110309,2.92536
90,0.434546,0.135334,13,4.88667,0.248073,3.27092
91,0.319733,0.0864576,12,3.85333,0.0761919,2.99868
92,0.332753,0.106277,13,4.76667,0.0740002,3.22219
93,0.444556,0.0860525,12,4.15333,0.0683412,3.26572
94,0.463071,0.116437,14,4.58667,0.0714943,3.08546
95,0.428235,0.145048,12,5.42667,0.0668713,3.23669
96,0.361562,0.124341,13,4.76,0.0773837,2.98301
97,0.46695,0.11073,14,4.4,0.0664209,3.06243
98,0.42473,0.128163,14,5.25333,0.121673,3.23176
99,0.255966,0.0642137,12,2.91333,0.0629136,3.01808
100,0.382926,0.140157,13,5.69333,0.0722127,2.9475
101,0.384006,0.129829,12,5.35333,0.0811439,3.03891
102,0.481986,0.135187,15,5.74667,0.0662757,2.7475
103,0.381371,0.132729,12,5.26667,0.0666084,2.97703
104,0.382302,0.108335,13,4.5,0.0669713,2.99598
105,0.537731,0.174449,15,6.30667,0.072531,2.73169
106,0.422777,0.121655,13,4.62667,0.0787102,3.02725
107,0.47012,0.10189,13,4.04,0.0669652,3.17647
108,0.399639,0.112737,13,4.36667,0.103341,3.04774
109,0.347962,0.108024,14,4.88667,0.0685429,3.18141
110,0.333731,0.0989282,13,4.23333,0.0763582,3.13741
111,0.380492,0.099223,13,4.48,0.0751582,3.2405
112,0.407402,0.111024,13,4.55333,0.0748374,3.25641
113,0.406475,0.117442,10,4.68667,0.066179,3.11588
114,0.36588,0.0788473,12,3.52667,0.0976037,3.155
115,0.501136,0.0905272,14,3.99333,0.0684028,2.93802
116,0.440994,0.127281,12,4.52667,0.0692471,2.69208
117,0.379596,0.101116,12,4.08,0.285293,3.06457
118,0.408607,0.110224,11,4.09333,0.0691396,2.96103
119,0.435415,0.0994794,13,3.77333,0.0652766,2.736
120,0.445013,0.123448,14,4.78,0.1456,2.99731
121,0.500964,0.119015,14,4.61333,0.071851,3.00542
122,0.684085,0.198828,15,6.02667,0.0766956,2.68729
123,0.456946,0.130933,12,4.68667,0.0831087,3.33442
124,0.373337,0.111707,11,4.61333,0.185899,3.25731
125,0.517883,0.146494,13,5.46,0.16542,3.16681
126,0.421097,0.136112,14,5.58,0.0898416,3.11434
127,0.471213,0.172234,14,6.28667,0.0749139,2.67804
128,0.423032,0.148297,13,6.09333,0.129033,2.91969
129,0.352211,0.139476,15,4.79333,0.0688783,3.22982
130,0.410787,0.155665,13,5.94667,0.10499,2.88094
131,0.49347,0.11546,15,5.04,0.066277,3.06655
132,0.463967,0.108139,13,4.29333,0.0760826,3.19507
133,0.401813,0.108046,12,4.82667,0.106341,2.99693
134,0.494372,0.152022,14,5.95333,0.0737333,2.83893
135,0.484458,0.152184,13,5.44667,0.0718414,3.44307
136,0.453006,0.178696,13,6.19333,0.0682061,2.91126
137,0.486367,0.146748,14,5.92,0.0667754,2.95586
138,0.410339,0.143463,14,5.54,0.114338,3.17655
139,0.480293,0.154659,13,5.52667,0.0677197,2.87747
140,0.488905,0.16663,13,5.46667,0.0671576,2.50083
141,0.426826,0.141146,13,5.04667,0.0873457,2.91331
142,0.436986,0.135356,13,5.48,0.209378,3.00966
143,0.392428,0.103495,14,4.67333,0.07907,3.21249
144,0.493236,0.170543,15,6.21333,0.0713613,2.70437
145,0.479375,0.120861,15,4.98,0.178109,3.1095
146,0.514601,0.157903,15,6.74667,0.0748979,3.1656
147,0.500592,0.139758,14,5.55333,0.0758174,2.81806
148,0.456122,0.141725,14,5.47333,0.069011,3.0695
149,0.420129,0.162049,15,6,0.079538,2.76117
150,0.537103,0.188342,15,6.87333,0.158861,2.80475
151,0.561433,0.148103,14,5.75333,0.0691338,2.77045
152,0.499898,0.182436,14,6.62,0.0816328,2.68364
153,0.453476,0.137138,14,5.58,0.0795563,3.07954
154,0.47359,0.169158,15,6.58,0.0786547,2.77369
155,0.423347,0.163015,15,6.39333,0.0824422,3.03201
156,0.479841,0.172985,13,5.99333,0.121209,2.85462
157,0.515405,0.190372,15,6.20667,0.0677079,2.71747
158,0.524373,0.146337,14,5.39333,0.0727536,2.86042
159,0.527279,0.167677,14,5.42667,0.0939911,2.65702
160,0.468326,0.161177,13,5.5,0.0778925,2.77489
161,0.372709,0.103782,10,3.96667,0.124105,3.42349
162,0.568293,0.199694,15,6.64,0.0739904,2.58657
163,0.489655,0.155634,15,5.69333,0.102451,3.1384
164,0.492706,0.159854,14,6.07333,0.142249,3.23524
165,0.557945,0.207134,15,7.21333,0.071658,2.83485
166,0.504855,0.178642,15,5.94,0.0665098,2.77811
167,0.48543,0.133588,13,5.07333,0.0685028,2.84937
168,0.557277,0.158605,14,5.48,0.0671486,3.30428
169,0.462572,0.153044,13,5.6,0.0835537,2.88531
170,0.485796,0.137925,15,5.41333,0.0712474,3.04292
171,0.457749,0.161645,13,5.68667,0.0934959,3.05323
172,0.478462,0.0987147,14,4.14667,0.0892744,3.31293
173,0.519117,0.133584,15,4.80667,0.0691769,2.98098
174,0.31734,0.0798716,14,3.76667,0.0770839,3.29412
175,0.592736,0.144191,15,5.46667,0.069457,2.86955
176,0.469769,0.125732,15,4.74,0.128049,3.12229
177,0.535048,0.194963,15,6.38,0.0816756,2.49291
178,0.355848,0.104586,13,4.57333,0.0879252,3.48174
179,0.492649,0.129107,15,4.60667,0.0705265,2.89119
180,0.462961,0.139384,15,5.11333,0.0865539,2.91664
181,0.612992,0.173715,14,5.72667,0.0833131,2.83077
182,0.492931,0.12765,15,4.68667,0.0721731,2.98918
183,0.33702,0.0893891,15,3.81333,0.0784335,2.93325
184,0.462394,0.139633,13,5.17333,0.0714412,2.84837
185,0.52968,0.151054,15,5.83333,0.0682801,2.97559
186,0.402116,0.142413,15,5.66667,0.13081,3.27491
187,0.45376,0.105432,15,3.83333,0.0708897,3.03703
188,0.502597,0.174856,15,6.38667,0.0714315,2.28363
189,0.513793,0.180613,15,6.37333,0.0737245,2.56281
190,0.449621,0.112453,14,4.69333,0.0778496,3.04498
191,0.451803,0.128997,14,4.72667,0.0736139,2.92291
192,0.507762,0.151585,15,5.98667,0.0759338,2.67977
193,0.473884,0.131689,14,5.18667,0.0721757,2.90192
194,0.384603,0.13395,13,5.40667,0.0741069,2.99328
195,0.48556,0.155698,15,5.95333,0.102834,2.81606
196,0.514246,0.152783,13,5.66,0.070418,2.7388
197,0.486995,0.14558,14,5.37333,0.0663171,2.88005
198,0.422088,0.153115,15,6.46667,0.0959227,3.06153
199,0.483903,0.141304,15,5.83333,0.106301,2.82372
200,0.599114,0.162386,15,5.94,0.0673463,2.79368
201,0.544656,0.187101,14,6.82,0.0834799,2.91276
202,0.430734,0.121205,15,5.67333,0.0696667,3.2502
203,0.540057,0.166775,15,6.95333,0.0774382,2.83404
204,0.534016,0.161193,14,6.17333,0.0674782,2.7424
205,0.496055,0.162059,15,5.91333,0.0813273,2.77803
206,0.406065,0.139837,15,5.79333,0.16284,2.85392
207,0.437481,0.118415,14,5.48,0.0700067,3.0994
208,0.593072,0.160247,14,6.5,0.090191,2.63204
209,0.443602,0.144334,15,5.79333,0.119224,3.02811
210,0.47777,0.160835,15,6,0.0672322,2.74894
211,0.45929,0.13916,15,5.89333,0.0747119,2.88075
212,0.476925,0.118695,14,5.02667,0.0695954,2.88642
213,0.518215,0.156987,14,5.93333,0.069216,2.61003
214,0.546995,0.166789,15,6.22,0.099655,2.7225
215,0.477266,0.194147,14,6.74,0.0700279,2.77482
216,0.402236,0.140337,15,5.17333,0.0697636,2.82792
217,0.440651,0.108681,13,4.6,0.0688203,3.09497
218,0.503657,0.180175,13,6.06667,0.0722985,2.61557
219,0.424711,0.139041,15,5.73333,0.0692575,2.6497
220,0.509678,0.132324,15,5.32667,0.0702037,2.68588
221,0.487047,0.164454,15,6.1,0.0686443,2.42396
222,0.400585,0.139498,15,5.71333,0.0681115,2.62089
223,0.492846,0.143789,15,6.26,0.0717571,2.55823
224,0.41638,0.128127,15,5.30667,0.0689542,2.51395
225,0.534721,0.128895,15,5.66667,0.0720073,2.44824
226,0.400241,0.124911,15,5.21333,0.23884,2.77644
227,0.497953,0.15807,15,5.96667,0.0736405,2.75557
228,0.422672,0.137879,15,6.18667,0.0788052,2.88137
229,0.583115,0.169543,15,6.42667,0.0728324,2.56466
230,0.448248,0.134942,15,5.72667,0.0783861,2.68679
231,0.519475,0.161827,15,7.11333,0.07497,2.87596
232,0.582591,0.172787,15,6.5,0.0674184,2.62895
233,0.468533,0.117689,13,5,0.0685497,2.99619
234,0.462619,0.148693,15,5.68667,0.070858,2.69532
235,0.494842,0.169056,15,6.82,0.0713521,2.70218
236,0.524792,0.169847,15,6.52667,0.16013,2.76076
237,0.481311,0.176513,14,6.98667,0.0841045,2.65768
238,0.557534,0.170303,14,6.64667,0.0767752,2.83969
239,0.48059,0.154247,15,6.01333,0.0705215,2.73666
240,0.481426,0.135944,14,5.72667,0.0997982,3.01983
241,0.562364,0.168452,14,6.05333,0.0700351,2.67925
242,0.537052,0.161747,14,6.1,0.0724372,2.86811
243,0.579931,0.166438,15,7.00667,0.146701,2.84099
244,0.489456,0.142777,15,5.82,0.0672884,2.79969
245,0.404388,0.118836,14,4.68,0.0986827,2.99812
246,0.364851,0.106019,12,4.53333,0.0656673,2.88165
247,0.470544,0.115599,14,4.97333,0.0924124,2.72834
248,0.39385,0.139867,14,5.87333,0.0910036,2.85628
249,0.591615,0.153467,15,5.59333,0.0770815,2.59923
250,0.423916,0.133662,14,4.98667,0.0870167,2.88301
251,0.535678,0.127847,14,5.72667,0.0721275,2.92259
252,0.472942,0.126111,14,4.61333,0.068226,2.90442
253,0.464523,0.140518,15,5.94667,0.0699136,2.96479
254,0.470975,0.149878,14,6.02,0.0684192,2.65231
255,0.409081,0.129009,14,4.9,0.0663885,2.8466
256,0.465054,0.142991,15,5.35333,0.0782282,2.82508
257,0.627106,0.160012,15,5.68,0.0704494,2.83404
258,0.512804,0.120413,12,4.42,0.0719379,2.60537
259,0.590341,0.164921,13,5.95333,0.0692044,2.7594
260,0.547371,0.128355,15,4.70667,0.0681618,2.70704
261,0.579938,0.131287,15,5.33333,0.0714703,3.13552
262,0.522335,0.131779,15,4.83333,0.0703143,2.99875
263,0.421453,0.139382,13,5.06,0.0704201,3.09608
264,0.515261,0.153815,14,5.15333,0.0712844,2.86504
265,0.450244,0.123796,13,4.72667,0.0770122,2.91014
266,0.576086,0.111784,15,4.87333,0.0828211,2.68861
267,0.551012,0.144823,15,5.06,0.074719,2.84489
268,0.444383,0.131466,13,5.02,0.0726004,2.76863
269,0.527764,0.161469,15,6.09333,0.0686871,2.53927
270,0.425908,0.118086,13,4.99333,0.0763687,2.81436
271,0.438958,0.125708,12,4.49333,0.075178,2.72894
272,0.515869,0.147354,14,5.08667,0.0758461,2.47075
273,0.606101,0.149207,15,6.04667,0.0939757,2.75026
274,0.551146,0.175179,13,6.17333,0.0708629,2.802
275,0.538042,0.168045,14,5.43333,0.0989991,2.93439
276,0.614656,0.184473,14,5.84,0.068188,2.62961
277,0.696268,0.18915,14,6.24,0.078044,2.77476
278,0.467456,0.13983,12,4.87333,0.0697446,2.85702
279,0.55249,0.177027,15,6.80667,0.0696533,2.61458
280,0.43498,0.148584,14,5.61333,0.0665602,2.8203
281,0.505753,0.158541,13,6.14667,0.0756,2.87496
282,0.637929,0.18935,15,6.82,0.070689,2.575
283,0.483444,0.149299,15,5.49333,0.0730496,2.61734
284,0.549543,0.180633,14,6.77333,0.0707222,2.69169
285,0.478596,0.175203,12,5.59333,0.0789474,2.91334
286,0.46898,0.154229,15,5.75333,0.0665618,2.83152
287,0.46153,0.150008,14,5.67333,0.0678329,2.93247
288,0.480203,0.156278,13,5.38,0.0698117,2.99836
289,0.583937,0.23721,15,7.13333,0.0688101,2.88487
290,0.419647,0.14745,13,5.46,0.0690915,3.04708
291,0.451209,0.143204,13,6.01333,0.0693051,2.92448
292,0.574317,0.186989,15,6.90667,0.0713925,2.75636
293,0.418042,0.135693,14,5.45333,0.0709465,3.06257
294,0.387699,0.146159,15,5.73333,0.0821633,3.04654
295,0.481766,0.168196,15,6.54,0.0689924,3.09859
296,0.600724,0.182683,15,6.9,0.0678894,2.68804
297,0.471103,0.127756,15,5.08667,0.0728,3.11603
298,0.519873,0.204478,15,7.24667,0.0706336,2.53547
299,0.519513,0.154419,15,5.41333,0.0727592,2.73749
300,0.527416,0.179759,15,6.16,0.0676207,2.84009
301,0.456567,0.148816,14,5.69333,0.0691355,2.85417
302,0.529274,0.144279,15,5.72,0.0675652,2.9505
303,0.510672,0.149361,15,6.04,0.0733948,3.17196
304,0.442356,0.160186,15,6.1,0.0717922,2.91492
305,0.486051,0.1805,15,6.66,0.0697045,2.9385
306,0.489791,0.157976,15,5.72,0.0690365,3.27328
307,0.470718,0.174981,15,6.48,0.0688829,3.0123
308,0.478534,0.190823,14,6.69333,0.0734387,2.89976
309,0.552284,0.182515,14,6.54667,0.0648846,2.70736
310,0.56227,0.210505,15,7.72667,0.0736333,2.58282
311,0.446695,0.146445,14,5.96,0.0660819,2.95458
312,0.538316,0.198747,15,7.58,0.0681387,2.71789
313,0.55786,0.21463,15,7.36667,0.0660886,2.7186
314,0.522061,0.19699,15,6.54667,0.100763,2.94549
315,0.519826,0.163305,15,6.20667,0.0705451,3.02423
316,0.496322,0.183304,14,6.29333,0.123042,3.02483
317,0.456166,0.185985,13,6.26667,0.071332,2.54876
318,0.612521,0.222531,15,7.75333,0.0735374,2.42903
319,0.586413,0.237874,15,7.72667,0.0701201,2.50136
320,0.578387,0.242604,15,7.58667,0.0764671,2.18189
321,0.475982,0.17444,14,6.56667,0.0702591,2.62765
322,0.598416,0.196856,15,6.74667,0.0971184,2.44254
323,0.507687,0.195704,14,6.90667,0.0677088,2.65859
324,0.638342,0.22735,15,7.33333,0.0714508,2.58575
325,0.508248,0.1806,15,6.80667,0.0704713,2.81711
326,0.475064,0.18796,15,7.21333,0.185044,2.831
327,0.559284,0.207821,15,6.51333,0.0677142,2.40135
328,0.49949,0.184519,15,6.42667,0.0652828,2.65777
329,0.546867,0.188454,15,6.8,0.0669347,2.78846
330,0.570183,0.223694,15,7.32,0.104043,2.6475
331,0.47724,0.189916,15,6.58667,0.0892601,2.60764
332,0.497685,0.222981,15,7.27333,0.0644356,2.38744
333,0.522929,0.155934,13,5.33333,0.0683449,2.71467
334,0.424522,0.150867,14,5.87333,0.0693021,2.71939
335,0.574047,0.13857,15,5.46,0.112806,2.69613
336,0.611002,0.242046,15,8.22667,0.166689,2.68393
337,0.53725,0.200222,15,6.97333,0.0713766,2.52215
338,0.49062,0.14471,15,5.43333,0.0657996,2.91082
339,0.47217,0.148327,14,5.25333,0.0680681,2.47833
340,0.413706,0.132797,14,5.40667,0.066593,3.17686
341,0.51526,0.183313,15,6.4,0.0731583,2.76574
342,0.469182,0.112022,13,4.81333,0.0840701,2.99594
343,0.470866,0.162426,15,6.42667,0.089364,2.6817
344,0.5417,0.165501,14,6.32667,0.07335,2.98154
345,0.529281,0.152943,15,5.62,0.0693483,2.89413
346,0.431895,0.146082,13,5.58667,0.0684877,2.69339
347,0.506088,0.128725,14,5.08667,0.0701355,2.81783
348,0.477369,0.157874,15,6.90667,0.0770066,2.96052
349,0.513505,0.159026,15,5.90667,0.0693385,2.76591
350,0.680592,0.181381,15,6.67333,0.0704287,2.7898
351,0.417365,0.131011,13,5.19333,0.0672557,2.95087
352,0.513484,0.121687,14,5,0.0701939,2.83963
353,0.415605,0.107518,15,5.13333,0.0720094,2.99616
354,0.593274,0.195924,15,7.18667,0.0700008,2.61486
355,0.50345,0.187435,15,6.55333,0.0771648,2.75563
356,0.408441,0.126941,13,5.3,0.0764149,3.09923
357,0.425342,0.140955,15,5.22667,0.0703478,2.95352
358,0.493203,0.15154,14,5.34,0.0681295,2.92069
359,0.604989,0.198655,15,7.34,0.0708579,2.36429
360,0.373573,0.135899,14,5.29333,0.0678244,2.92106
361,0.495062,0.16744,15,6.21333,0.0695853,2.77535
362,0.530381,0.17689,15,6.4,0.0689335,2.43382
363,0.541048,0.194282,15,6.54667,0.0691693,2.60302
364,0.452365,0.143548,14,5.51333,0.0703626,2.73028
365,0.489812,0.153331,14,6.10667,0.0706914,3.15714
366,0.448582,0.149536,14,5.35333,0.0674277,2.85783
367,0.438908,0.161132,15,6.80667,0.0710878,2.76637
368,0.443556,0.154467,14,5.95333,0.0693201,2.75372
369,0.493725,0.194008,15,6.88667,0.074311,2.60996
370,0.496352,0.154543,15,6.56,0.0733612,2.55752
371,0.459986,0.160012,15,6.46667,0.0721541,2.69964
372,0.511817,0.16252,14,6.61333,0.0705779,2.83278
373,0.570993,0.167404,15,6.46,0.0735307,3.15359
374,0.570177,0.183127,15,7.19333,0.0710556,2.93468
375,0.52176,0.177324,15,6.7,0.0677439,2.83086
376,0.485878,0.176013,15,6.49333,0.0664718,2.73882
377,0.515489,0.200785,15,6.79333,0.0672044,2.7812
378,0.47215,0.16761,15,6.44667,0.0722012,3.04148
379,0.454573,0.15474,14,6.07333,0.0708987,2.90006
380,0.479239,0.168174,15,6.31333,0.0739384,2.97508
381,0.400505,0.135525,15,5.95333,0.0677426,3.067
382,0.601531,0.172754,15,7.32,0.0745076,2.80058
383,0.587048,0.18461,15,7.54,0.0704821,2.76234
384,0.479495,0.212522,15,7.8,0.0718621,2.7397
385,0.49853,0.135284,15,5.24667,0.0703795,2.88589
386,0.603133,0.165938,15,6.40667,0.0694585,2.95216
387,0.575594,0.159344,14,6.34667,0.0669762,2.95344
388,0.432132,0.145092,14,5.63333,0.0692062,3.26099
389,0.540755,0.164724,14,6.36,0.0674374,2.85642
390,0.534227,0.189508,15,7.52667,0.0672728,2.50811
391,0.357278,0.110684,14,4.92,0.0699997,3.14989
392,0.592306,0.218136,15,7.90667,0.0715452,2.64182
393,0.418202,0.15709,15,6.77333,0.069137,3.25677
394,0.495449,0.156109,14,5.63333,0.0730167,2.83211
395,0.448074,0.159928,15,6.18667,0.0678796,2.85363
396,0.630257,0.181931,15,6.41333,0.0683593,2.75233
397,0.493893,0.147513,14,5.68667,0.0699935,2.94761
398,0.452854,0.141463,15,5.36667,0.070552,2.74019
399,0.491421,0.151934,15,5.34667,0.0688989,3.02882
400,0.474732,0.146948,14,5.46,0.065275,2.97016
401,0.387869,0.122028,15,4.94,0.0741636,2.90333
402,0.508966,0.164253,15,6.16,0.0717535,3.04885
403,0.658265,0.188345,14,6.09333,0.0688727,2.89083
404,0.519935,0.138646,15,5.48,0.0703846,2.70276
405,0.533289,0.166341,15,5.80667,0.0876297,2.93592
406,0.652224,0.180508,15,6.17333,0.0693365,2.55456
407,0.499991,0.153483,14,5.87333,0.0686346,2.92843
408,0.477837,0.180694,14,6.24667,0.0744706,2.8434
409,0.460479,0.138028,14,5.32,0.0696706,3.01793
410,0.581657,0.194985,14,6.24667,0.0686463,2.93957
411,0.494111,0.154866,14,5.22,0.0763157,3.07837
412,0.598016,0.210397,15,6.36,0.0804439,2.77694
413,0.437735,0.154951,14,5.28667,0.0886991,3.07528
414,0.457982,0.145536,12,4.44,0.0706251,2.96526
415,0.469643,0.141428,11,4.26,0.0688872,3.19987
416,0.610963,0.177855,15,5.80667,0.101194,2.84514
417,0.463682,0.163903,13,5.53333,0.0662538,2.652
418,0.609668,0.223658,14,6.86667,0.0701231,2.72715
419,0.604177,0.156593,14,5.12,0.0698032,2.95745
420,0.563656,0.197493,15,6.72667,0.0685333,3.00257
421,0.647824,0.202225,15,6.56,0.0712457,2.57785
422,0.554156,0.180702,14,6,0.0735836,2.85538
423,0.611162,0.186887,15,6.56,0.0766644,2.80985
424,0.577297,0.168633,13,6.08667,0.0670171,2.79165
425,0.669931,0.192947,14,6.59333,0.0690407,2.76463
426,0.405179,0.141482,11,4.92,0.0661846,2.81851
427,0.474814,0.171703,15,6.34,0.0766468,2.76276
428,0.497038,0.171881,14,5.68667,0.0708792,2.60609
429,0.65243,0.235661,15,7.24,0.0696609,2.17494
430,0.624333,0.188335,15,6.62667,0.0710022,2.37365
431,0.368299,0.12863,13,4.75333,0.0661175,2.74474
432,0.410753,0.150686,14,5.52,0.0901835,2.93884
433,0.49898,0.179234,15,6.2,0.0692308,2.76297
434,0.641019,0.207146,15,7.18667,0.0713141,2.32234
435,0.542529,0.174248,15,6.04,0.0691129,2.84847
436,0.502776,0.174099,15,6.23333,0.0691895,2.8196
437,0.632285,0.187482,15,6.91333,0.0707568,2.41643
438,0.616797,0.230994,14,7.43333,0.0722504,2.462
439,0.513584,0.17564,15,6.02,0.0651684,2.47683
440,0.613489,0.242554,15,7.76667,0.0681161,2.29564
441,0.469976,0.161846,12,6.05333,0.0699473,2.84405
442,0.495866,0.177452,14,6.24,0.0686947,2.45736
443,0.440578,0.1625,15,5.4,0.0698763,2.52231
444,0.553013,0.190503,14,6.13333,0.0719764,2.43598
445,0.58985,0.206045,14,6.6,0.070959,2.40832
446,0.479322,0.199312,15,6.16667,0.101706,2.6012
447,0.515918,0.204077,14,6.89333,0.0886936,2.51745
448,0.540338,0.246549,14,7.84,0.104513,2.40877
449,0.648939,0.227928,15,7.68,0.0792237,2.35716
450,0.48419,0.227392,14,6.98667,0.0684205,2.44818
451,0.689848,0.249559,14,7.45333,0.0762645,2.18366
452,0.465546,0.179077,14,6.62667,0.0787201,2.51331
453,0.465755,0.155701,13,5.29333,0.0984143,2.8322
454,0.537241,0.188689,15,7.34,0.0770369,2.85759
455,0.607137,0.227082,13,7.08,0.0683369,2.48031
456,0.523045,0.196635,14,6.55333,0.0678373,2.64229
457,0.639317,0.231306,14,7.09333,0.0720403,2.4601
458,0.539042,0.163459,14,6.34,0.11824,2.91355
459,0.589824,0.188771,14,6.42,0.0671185,2.59438
460,0.57544,0.225316,14,7.17333,0.0691958,2.26761
461,0.555434,0.20321,13,6.3,0.107828,2.3982
462,0.580512,0.203244,13,6.68,0.147155,2.61851
463,0.527736,0.202308,13,6.69333,0.0957325,2.63032
464,0.629346,0.240461,14,7.65333,0.0749984,2.85326
465,0.486709,0.145084,14,5.21333,0.159217,3.05198
466,0.447874,0.19412,15,6.50667,0.155162,2.93993
467,0.569308,0.204248,14,6.57333,0.182644,2.45101
468,0.609512,0.189413,15,6.40667,0.0705856,2.5019
469,0.567003,0.216933,12,6.44,0.104497,2.44803
470,0.591543,0.25865,13,7.96667,0.0698214,2.54445
471,0.686805,0.294672,15,8.92667,0.0711176,2.2368
472,0.430485,0.171149,11,5.30667,0.0659582,2.72123
473,0.590518,0.237209,15,7.32,0.0805164,2.3164
474,0.596875,0.230212,14,7.13333,0.0780964,2.61712
475,0.61117,0.213634,15,6.74,0.0937985,2.58369
476,0.562378,0.242092,14,7.28667,0.179556,2.5135
477,0.546206,0.187246,13,6.52667,0.0685232,2.76383
478,0.608319,0.219183,15,7.44667,0.0758601,2.56612
479,0.645053,0.240848,14,7.48,0.0781274,2.41704
480,0.662079,0.257934,15,7.9,0.0921742,2.51404
481,0.586748,0.216958,14,7.43333,0.0694306,2.673
482,0.670994,0.208735,14,6.48667,0.111645,2.73713
483,0.698365,0.269085,14,7.83333,0.105102,2.64217
484,0.55645,0.218545,14,6.99333,0.0794605,2.77525
485,0.550836,0.189505,15,6.02,0.125787,2.59905
486,0.660141,0.230823,14,7.18,0.0696799,2.71066
487,0.576489,0.232064,15,7.38667,0.0780908,2.43085
488,0.626324,0.245236,14,7,0.0854452,2.22045
489,0.626711,0.279157,14,7.92,0.0669887,2.27614
490,0.646742,0.307241,15,8.27333,0.0898384,2.3109
491,0.515506,0.246322,15,7.60667,0.161859,2.61066
492,0.528331,0.167089,14,5.92667,0.0717416,2.76391
493,0.502925,0.205292,13,6.73333,0.119619,2.79872
494,0.438665,0.199033,12,5.96667,0.0680546,2.67814
495,0.658212,0.255605,15,7.60667,0.0689535,2.20795
496,0.629543,0.207432,15,7.10667,0.0830894,2.49019
497,0.6501,0.255095,15,7.35333,0.103704,2.56977
498,0.593697,0.232469,13,6.46,0.0709071,2.66432
499,0.596855,0.231442,15,7.22667,0.0718602,2.38202
500,0.554513,0.201113,14,6.91333,0.0752448,2.75032
501,0.611548,0.260146,14,7.57333,0.0907353,2.43263
502,0.715723,0.297235,15,8.22,0.0743696,1.94339
503,0.621172,0.232894,15,7.43333,0.0711671,2.15463
504,0.509831,0.18971,14,6.84,0.0722406,2.34235
505,0.57082,0.218802,14,6.82667,0.0724441,2.44039
506,0.640323,0.233243,15,7.12667,0.0699422,2.17338
507,0.527581,0.191898,15,6.19333,0.0881139,2.66628
508,0.632011,0.244904,13,7.52667,0.0688518,2.56392
509,0.5539,0.235583,13,7.35333,0.170964,2.5084
510,0.509628,0.229968,13,6.95333,0.0714098,2.4399
511,0.663425,0.248314,14,7.38,0.0858408,2.26813
512,0.719155,0.22127,15,6.90667,0.069667,2.35188
513,0.433397,0.151985,11,5.44667,0.0700233,2.73431
514,0.474328,0.178862,13,5.84,0.0667257,2.82348
515,0.534422,0.221363,14,6.62,0.0776829,2.44605
516,0.601042,0.256724,14,7.55333,0.0715482,2.35965
517,0.66274,0.283655,15,8.6,0.229728,2.25874
518,0.539358,0.219431,14,6.88,0.072484,2.45207
519,0.345302,0.125957,11,3.98,0.0646645,2.8314
520,0.589244,0.234313,14,7.19333,0.0922747,2.4122
521,0.525216,0.213585,15,7.29333,0.0879968,2.48604
522,0.588145,0.256339,14,7.6,0.0689685,2.84412
523,0.41322,0.17705,12,6.11333,0.082848,2.80539
524,0.543318,0.18842,14,6.63333,0.0953111,2.68279
525,0.665008,0.249249,14,7.16667,0.0724105,2.5135
526,0.610401,0.24816,14,7.10667,0.0672724,2.26783
527,0.500503,0.1989,15,7.07333,0.0670627,2.86269
528,0.605533,0.224947,15,7.29333,0.0711545,2.67814
529,0.512046,0.191374,14,6.92667,0.0715706,2.79377
530,0.591909,0.221293,15,6.89333,0.0665832,2.62347
531,0.684881,0.252258,14,7.17333,0.0747648,2.5891
532,0.594903,0.226719,14,7.29333,0.0825213,2.59923
533,0.524653,0.22679,13,7.01333,0.0672641,2.65745
534,0.455374,0.191745,14,6.98,0.0658055,2.93704
535,0.642878,0.222175,14,6.98,0.077848,2.76806
536,0.636014,0.221791,14,7.12,0.071256,2.57621
537,0.597772,0.243652,14,7.86,0.0705282,2.64082
538,0.623092,0.236428,15,7.26667,0.0703109,2.37846
539,0.587785,0.220072,14,7.07333,0.0971739,2.45176
540,0.533623,0.208393,14,6.56,0.0680805,2.56649
541,0.392184,0.142592,13,5.34,0.0656432,2.94043
542,0.618487,0.22507,15,7.52,0.0750534,2.68151
543,0.607127,0.233152,14,7.35333,0.094474,2.40021
544,0.577081,0.21864,15,7.40667,0.0883141,2.56998
545,0.551205,0.207314,15,7.29333,0.102475,2.77264
546,0.667682,0.258054,15,8.11333,0.0698163,2.18036
547,0.596803,0.213788,15,7.12667,0.069134,2.66634
548,0.639449,0.242288,14,7.51333,0.126437,2.38758
549,0.680168,0.255059,14,7.68,0.0761086,2.57982
550,0.582697,0.209745,15,7.26,0.0895612,2.66149
551,0.450942,0.175502,12,5.42667,0.155683,2.84926
552,0.620056,0.191511,15,6.55333,0.101509,2.58412
553,0.528016,0.179823,14,6.08,0.0725844,2.5228
554,0.501238,0.158664,14,5.64667,0.0852892,2.59695
555,0.533407,0.205851,15,6.71333,0.16232,2.25901
556,0.575564,0.203803,15,6.35333,0.0757169,2.73756
557,0.640041,0.226087,14,7.17333,0.0740213,2.76735
558,0.538555,0.201977,13,5.84667,0.0655807,2.42015
559,0.599226,0.201938,14,6.08667,0.0729722,2.44904
560,0.502661,0.179007,13,5.98,0.0731147,2.6013
561,0.5188,0.174922,13,5.65333,0.0686885,2.56516
562,0.442791,0.172301,11,5.66667,0.068827,2.61374
563,0.526655,0.187782,12,5.90667,0.0667346,2.65181
564,0.512589,0.154537,15,5.17333,0.06652,2.37689
565,0.73921,0.232126,15,7.12667,0.102043,2.61639
566,0.53058,0.185399,15,6.50667,0.0724176,2.52475
567,0.545391,0.218403,13,7.19333,0.0708347,2.58087
568,0.52974,0.207785,13,6.72,0.0744655,2.67572
569,0.56165,0.221164,14,7.09333,0.0691113,2.56587
570,0.631902,0.232343,15,6.9,0.0685202,2.41768
571,0.589017,0.211804,14,6.97333,0.128844,2.47994
572,0.694191,0.268045,14,7.32,0.0878678,2.34638
573,0.660846,0.229868,15,7.07333,0.0777927,2.60408
574,0.541697,0.232692,14,7.27333,0.133699,2.68821
575,0.616181,0.278499,15,7.94667,0.0741593,2.15218
576,0.576158,0.237646,15,8.02667,0.0672643,2.37322
577,0.584554,0.229542,15,7.44,0.0746241,2.39482
578,0.681732,0.281275,15,8.74667,0.0795828,2.23174
579,0.557799,0.188582,14,6.43333,0.104099,2.34943
580,0.626252,0.225343,14,6.62,0.0685509,2.07692
581,0.495709,0.207354,15,7.16,0.0725129,2.37915
582,0.680561,0.260219,14,7.99333,0.0732092,2.27158
583,0.561487,0.210048,15,7.11333,0.0675129,2.30831
584,0.568898,0.223978,14,6.96,0.0689714,2.36078
585,0.642856,0.264366,15,7.70667,0.0872196,2.27032
586,0.648941,0.262643,15,7.66667,0.0791724,2.22319
587,0.584231,0.219137,14,6.66667,0.0720791,2.17718
588,0.666482,0.305825,15,8.86667,0.0699095,2.0953
589,0.545323,0.242562,14,7.22,0.0676636,2.30872
590,0.634395,0.300757,15,8.88667,0.0698631,2.10682
591,0.452743,0.195934,14,6.27333,0.0661803,2.38422
592,0.673518,0.288257,15,8.37333,0.0687567,2.28111
593,0.613308,0.262185,15,8.38667,0.0713236,2.15043
594,0.520042,0.225751,14,7.07333,0.0798858,2.34791
595,0.516169,0.218014,15,7.13333,0.0656701,2.5545
596,0.554859,0.236397,15,7.14667,0.0746789,2.50307
597,0.54134,0.231823,15,7.49333,0.0720427,2.48799
598,0.665268,0.229499,15,6.8,0.070049,2.36279
599,0.585716,0.204506,15,6.64667,0.0672576,2.37376
600,0.571159,0.216878,14,6.42667,0.0663293,2.44822
601,0.526067,0.1917,14,6.38667,0.0676234,2.59868
602,0.665517,0.22137,15,7.05333,0.0703608,2.52703
603,0.438956,0.20324,14,6.72667,0.0687535,2.9496
604,0.589542,0.228123,14,7.42667,0.0944895,2.53026
605,0.692998,0.271131,15,8.16,0.112193,2.26739
606,0.557179,0.190305,15,6.40667,0.068305,2.57762
607,0.632327,0.275263,15,8.78667,0.0718962,2.16464
608,0.606114,0.227903,14,7.16667,0.0689147,2.22281
609,0.60849,0.204983,15,6.48667,0.0689532,2.37199
610,0.646241,0.229843,15,7.93333,0.0717302,2.37116
611,0.438276,0.189357,15,6.62667,0.103746,2.92983
612,0.632,0.232307,15,7.90667,0.0739358,2.47784
613,0.564815,0.199072,15,6.92667,0.0655764,2.48882
614,0.471214,0.179138,14,6.55333,0.0714845,2.76941
615,0.607439,0.246355,15,7.82,0.0672429,2.4067
616,0.532835,0.224134,15,7.52667,0.0670085,2.75172
617,0.49367,0.199129,15,7.24667,0.069854,2.81032
618,0.514641,0.183253,14,6.3,0.0698518,2.69567
619,0.510464,0.168809,14,6.23333,0.0640908,2.84408
620,0.635831,0.202145,14,7.35333,0.0698543,2.70982
621,0.627343,0.217142,15,7.26,0.0687945,2.43628
622,0.600881,0.232833,15,7.14667,0.0681226,2.29173
623,0.699351,0.245602,15,7.80667,0.0670447,2.31886
624,0.543174,0.192214,15,6.23333,0.0705202,2.42873
625,0.502616,0.14378,15,5.74667,0.0732267,2.89636
626,0.608672,0.251374,15,8.86667,0.0930943,2.45034
627,0.710606,0.213995,15,7.41333,0.0678813,2.41431
628,0.731973,0.268373,15,8.28,0.0793194,2.47127
629,0.583899,0.206791,15,6.5,0.0676979,2.59424
630,0.511189,0.156445,15,5.48,0.0662608,2.66849
631,0.430606,0.158464,15,5.33333,0.0703725,2.33703
632,0.519248,0.153549,15,5.78,0.0704128,2.439
633,0.644936,0.273552,14,7.79333,0.0676207,2.14743
634,0.455312,0.150946,12,5.16667,0.0680769,2.4868
635,0.667824,0.216641,15,7.27333,0.073253,2.43072
636,0.410105,0.151176,14,6.21333,0.0786832,3.0092
637,0.627191,0.24954,15,7.96667,0.0712731,2.34724
638,0.461246,0.165043,13,6.81333,0.065593,2.77317
639,0.518973,0.161804,15,6.19333,0.0681625,2.65042
640,0.588157,0.182012,15,6.24667,0.0850632,2.67618
641,0.506175,0.197398,14,7.1,0.0636722,2.76174
642,0.535184,0.18189,14,6.18667,0.0698739,2.59374
643,0.532499,0.21472,15,7.59333,0.0726118,2.63875
644,0.53488,0.204883,14,7.22,0.067154,2.68964
645,0.674949,0.256359,15,8.07333,0.0702029,2.51214
646,0.657445,0.238028,15,8.33333,0.0681635,2.30071
647,0.519082,0.2088,12,6.74,0.0794572,2.61375
648,0.568662,0.208437,15,6.80667,0.0663493,2.45157
649,0.605752,0.267608,15,8.20667,0.0658659,2.40789
650,0.524532,0.197137,14,6.91333,0.0674301,2.72645
651,0.547783,0.237082,14,7.98667,0.0842677,2.5727
652,0.508042,0.197431,15,6.69333,0.0735982,2.76672
653,0.430834,0.158557,13,6.58,0.0696205,2.9385
654,0.555145,0.19906,13,7.05333,0.0659913,2.56211
655,0.653136,0.245124,15,8.84,0.0718713,2.66472
656,0.605615,0.197495,14,6.61333,0.0890112,2.72966
657,0.409225,0.159056,13,6.03333,0.0927335,3.20567
658,0.56002,0.227501,15,7.77333,0.0840571,2.4574
659,0.590542,0.215009,15,7.76667,0.0691543,2.40708
660,0.537309,0.161805,15,5.88667,0.0679616,2.73186
661,0.612108,0.232146,14,7.98667,0.102163,2.50545
662,0.479008,0.180336,15,6.72,0.166384,2.64746
663,0.636396,0.24263,15,8.17333,0.204941,2.48587
664,0.540594,0.188214,14,6.51333,0.0722847,2.77025
665,0.533343,0.210673,15,7.89333,0.071464,2.69193
666,0.45002,0.154018,14,6.2,0.0759649,2.8423
667,0.502606,0.172545,15,6.66,0.0732292,2.76715
668,0.452174,0.131417,15,6.11333,0.0703669,2.81605
669,0.53566,0.189734,15,7.34667,0.0674081,2.54512
670,0.580185,0.195488,15,7.98,0.386538,2.50096
671,0.53079,0.178169,14,6.85333,0.0671845,2.7255
672,0.651221,0.193545,15,7.80667,0.158147,2.72134
673,0.477365,0.201045,14,6.8,0.0695572,2.64949
674,0.543757,0.186556,15,6.92667,0.0722494,2.73791
675,0.537951,0.201694,14,6.99333,0.0693399,2.43332
676,0.561023,0.191455,15,7.39333,0.0704125,2.32648
677,0.516447,0.169141,14,6.96,0.0681377,2.77801
678,0.477063,0.183741,13,6.59333,0.0679045,2.57671
679,0.412292,0.134947,12,5.76667,0.0811792,2.99343
680,0.672741,0.219926,15,7.88,0.0671316,2.56333
681,0.500911,0.196578,14,7.2,0.174043,2.71906
682,0.456629,0.175581,15,7.12,0.0678889,2.74753
683,0.435989,0.179539,15,7.09333,0.066971,2.61376
684,0.610287,0.203638,15,7.72,0.123339,2.71986
685,0.489575,0.176965,13,7.27333,0.0811883,2.81371
686,0.492781,0.191236,14,7.76667,0.115564,2.74715
687,0.552175,0.221653,14,8.45333,0.0809907,2.80108
688,0.625427,0.23262,15,8.58,0.0692249,2.65895
689,0.450379,0.165883,15,6.84,0.0944829,2.6953
690,0.549533,0.174805,15,6.73333,0.0757369,2.56811
691,0.564173,0.19,15,7.32667,0.0664426,2.54807
692,0.582409,0.1961,13,6.26667,0.0661212,2.42286
693,0.530605,0.178896,15,6.48,0.0681039,2.49647
694,0.523818,0.195719,15,7.88,0.0918796,2.63317
695,0.616041,0.219793,15,7.66,0.0665439,2.59994
696,0.579879,0.219508,15,7.90667,0.0750715,2.4262
697,0.430326,0.130026,14,6.06,0.0667176,2.88107
698,0.573141,0.229302,15,8.20667,0.0680317,2.38196
699,0.561179,0.209377,15,7.46,0.0668216,2.39718
700,0.470281,0.15208,15,5.9,0.0666028,2.69642
701,0.637236,0.206601,15,7.84667,0.0678248,2.45404
702,0.605489,0.199522,15,7.62,0.0739598,2.61032
703,0.612387,0.209132,15,8.26667,0.0721397,2.58533
704,0.474013,0.13856,14,6.76667,0.0656685,3.05272
705,0.604888,0.231222,14,8.52,0.0699083,2.51812
706,0.553102,0.223735,14,8.18667,0.0753261,2.37978
707,0.652496,0.25163,15,8.39333,0.069748,2.25278
708,0.496997,0.180083,15,7.37333,0.0693995,2.4168
709,0.554379,0.192974,15,7.47333,0.0679733,2.80534
710,0.5027,0.198584,15,7.24,0.0696715,2.44429
711,0.546675,0.180571,14,6.82667,0.0731442,2.6383
712,0.566698,0.219903,15,7.48667,0.0701772,2.27737
713,0.618159,0.201151,15,7.23333,0.089568,2.56021
714,0.545191,0.218822,14,7.12,0.0711466,2.42076
715,0.645934,0.231038,15,7.48,0.0662454,2.26136
716,0.601947,0.187508,15,6.9,0.0658693,2.58632
717,0.546463,0.238985,15,8.6,0.0700893,2.36183
718,0.666302,0.277887,15,9.11333,0.0679172,2.18675
719,0.460184,0.170808,15,6.83333,0.0723933,2.96475
720,0.484849,0.223717,15,8.94,0.069471,2.35272
721,0.557941,0.239963,15,8.10667,0.0682196,2.25419
722,0.528134,0.235387,15,8.54,0.0699431,2.18043
723,0.635635,0.245991,15,8.22667,0.0668023,2.16685
724,0.482997,0.192076,15,7.32667,0.0701418,2.36011
725,0.457194,0.186753,14,6.34,0.065104,2.36968
726,0.549539,0.223639,14,7.94,0.0670417,2.2043
727,0.56435,0.208931,15,7.98667,0.0691648,2.0708
728,0.544004,0.213811,15,7.94,0.0676089,2.06696
729,0.686872,0.214135,15,8.45333,0.0682753,2.15745
730,0.620433,0.262543,15,8.64,0.071913,1.96996
731,0.611004,0.22971,15,8.64667,0.0700947,2.48087
732,0.59902,0.243618,15,8.16667,0.0680923,2.06722
733,0.615208,0.23842,15,8.11333,0.0675515,2.13302
734,0.612868,0.281381,15,9.66,0.0662459,1.95476
735,0.525361,0.201349,13,7.36,0.06511,2.30808
736,0.516297,0.22758,15,8.45333,0.069927,2.16735
737,0.652609,0.259296,15,8.10667,0.0917059,2.06576
738,0.541905,0.23346,15,7.75333,0.0716779,2.25203
739,0.495959,0.216214,15,7.88,0.0698435,2.30757
740,0.559128,0.216099,15,8.14667,0.0876131,2.16701
741,0.561686,0.228034,15,7.4,0.0646064,2.27076
742,0.604008,0.21909,15,7.82,0.0694082,2.42456
743,0.525415,0.224732,15,8.44667,0.0682987,2.18085
744,0.529727,0.211091,15,7.83333,0.0682334,2.29327
745,0.437415,0.182499,15,7.43333,0.0677051,2.31987
746,0.658907,0.297879,15,9.27333,0.0636635,1.94581
747,0.62999,0.281724,15,10.16,0.0705142,1.94115
748,0.67514,0.27554,15,9.22,0.0701973,2.08303
749,0.569938,0.273961,15,9.11333,0.0696832,1.91283
750,0.582144,0.248295,15,8.6,0.067196,1.9737
751,0.53635,0.2278,14,8.03333,0.0661369,2.24479
752,0.633503,0.293978,15,8.78667,0.0674582,2.28819
753,0.608497,0.245465,15,7.96,0.0661058,2.05555
754,0.617456,0.281808,15,9.00667,0.0680125,2.03716
755,0.602297,0.250218,15,8.84667,0.0684858,2.19167
756,0.461594,0.213728,13,7.38667,0.0687149,2.52945
757,0.609195,0.300208,15,9.53333,0.0689058,1.91623
758,0.596197,0.260254,15,8.57333,0.0675928,2.23519
759,0.622789,0.28633,15,9.51333,0.0674742,1.84851
760,0.650407,0.290485,15,8.8,0.0682696,2.17467
761,0.675192,0.270345,15,9.14667,0.0726105,1.86466
762,0.537288,0.222121,14,7.8,0.0683515,2.46809
763,0.516209,0.204635,15,8.36,0.0673095,2.31885
764,0.620699,0.256013,15,8.82667,0.07318,2.11667
765,0.551454,0.2597,15,8.1,0.0678717,2.24581
766,0.504213,0.192875,15,7.24667,0.0643676,2.26337
767,0.652256,0.256856,15,8.48667,0.069629,2.18284
768,0.596247,0.236931,15,7.76667,0.0652427,2.13922
769,0.472182,0.211027,14,7.84,0.0661307,2.17787
770,0.570625,0.266114,15,8.98667,0.0660509,1.90336
771,0.572553,0.227957,14,8.12,0.0656091,2.10117
772,0.505612,0.224399,15,7.92,0.0693306,2.14508
773,0.551178,0.233623,15,7.81333,0.0670446,2.19737
774,0.522174,0.206086,15,7.80667,0.0674612,2.27448
775,0.460334,0.192513,15,7.17333,0.0687967,2.27271
776,0.519188,0.212845,15,7.87333,0.0629198,2.24061
777,0.537293,0.228939,15,8.73333,0.0681097,2.15814
778,0.632,0.267524,15,9.25333,0.0671069,1.79588
779,0.49554,0.193578,14,7.28667,0.0654456,2.2441
780,0.542003,0.223099,15,7.7,0.0670577,2.00289
781,0.473128,0.195677,14,6.82667,0.0652214,2.37212
782,0.659849,0.255433,15,7.75333,0.0674243,1.8893
783,0.648655,0.248047,15,8.52667,0.0690332,2.08582
784,0.568277,0.220887,15,7.74,0.0683936,2.48421
785,0.547214,0.245108,15,7.65333,0.0666081,2.21867
786,0.629043,0.196703,15,6.75333,0.0683863,2.26909
787,0.593184,0.22503,15,7.90667,0.0676342,2.07414
788,0.463604,0.18456,14,7.24667,0.0674771,2.52292
789,0.661772,0.242652,15,8.20667,0.0656106,1.99039
790,0.445399,0.211815,15,6.75333,0.0664328,2.59057
791,0.516959,0.234173,15,7.82667,0.065825,2.52168
792,0.607715,0.255481,15,8.08,0.0686647,2.1969
793,0.601263,0.227555,15,8.31333,0.0699642,2.42579
794,0.577217,0.227745,14,7.96,0.0692373,2.10806
795,0.507125,0.181365,14,7.26,0.0698074,2.42643
796,0.463165,0.166913,14,7.00667,0.0732248,2.70726
797,0.534378,0.21124,15,8.14667,0.0719632,2.21619
798,0.594862,0.233442,15,8.38667,0.0710374,2.13483
799,0.625596,0.257434,14,8.28,0.0664123,2.02968
800,0.504114,0.202088,15,8.03333,0.0689806,2.3603
801,0.587432,0.22842,15,7.41333,0.0656959,2.0911
802,0.506446,0.178686,15,7.02,0.0673724,2.60505
803,0.341826,0.118938,13,5.33333,0.0680516,2.83814
804,0.560214,0.226259,15,8.16667,0.0699311,2.22781
805,0.736373,0.275982,15,8.26,0.0706111,2.00385
806,0.523513,0.211165,14,7.09333,0.0674918,2.19844
807,0.462455,0.14979,12,5.27333,0.0663768,2.37604
808,0.626337,0.263105,15,8.38,0.070258,2.04532
809,0.596939,0.218907,15,7.69333,0.0682621,2.24947
810,0.581439,0.221983,15,7.76667,0.0681795,1.9941
811,0.514077,0.198509,13,6.77333,0.067969,2.53019
812,0.577024,0.195421,15,7.29333,0.0655255,2.34692
813,0.665611,0.251325,15,8.63333,0.0685006,2.09026
814,0.475613,0.18595,15,6.68667,0.0659734,2.10465
815,0.454337,0.15894,14,6.15333,0.0650951,2.30376
816,0.627745,0.261151,15,9.15333,0.0715494,2.20168
817,0.544645,0.173688,14,6.34,0.0681478,2.55248
818,0.560738,0.231137,15,7.76,0.0726367,2.07818
819,0.5832,0.202232,14,7.43333,0.0667777,2.18847
820,0.531195,0.24473,13,7.59333,0.0646745,2.40535
821,0.576068,0.235577,14,7.88,0.0649363,2.22761
822,0.587415,0.198343,15,7.24667,0.0678658,2.12955
823,0.453175,0.18376,14,7.64667,0.0682633,2.44636
824,0.7179,0.257271,15,8.62,0.0677942,2.02893
825,0.551377,0.199919,15,7.45333,0.0696425,2.46277
826,0.618639,0.224395,15,7.88667,0.0703684,2.18865
827,0.547909,0.21368,15,7.51333,0.0689904,2.37311
828,0.433491,0.168882,13,6.76,0.0719037,2.64439
829,0.473397,0.223169,15,8.45333,0.0675455,2.43834
830,0.436357,0.16641,15,6.48,0.0657169,2.48462
831,0.673587,0.241075,15,8.57333,0.0700406,2.1845
832,0.616196,0.1649,15,6.97333,0.0681283,2.6489
833,0.497036,0.207327,15,7.52667,0.0671847,2.33051
834,0.665103,0.260458,15,9.03333,0.0695837,2.20804
835,0.645197,0.241083,15,8.61333,0.0662087,1.95882
836,0.486817,0.199303,14,7.29333,0.0677765,2.51236
837,0.617086,0.249522,15,8.67333,0.0687962,2.09414
838,0.599856,0.246324,15,9.26667,0.068816,2.05294
839,0.499735,0.15843,14,6.52,0.064915,2.82217
840,0.56774,0.210205,15,8.25333,0.0671304,2.23962
841,0.566554,0.2149,15,8.67333,0.0693575,2.06882
842,0.515885,0.227297,14,8.04,0.0660017,2.24693
843,0.522289,0.227307,15,8.72,0.0684109,2.20783
844,0.581213,0.234471,15,8.26,0.0669513,2.22189
845,0.469471,0.180882,13,6.69333,0.0676644,2.67713
846,0.453912,0.156742,15,6.46667,0.066164,2.53331
847,0.540279,0.222702,14,7.90667,0.0656701,2.1261
848,0.519221,0.22232,15,8.74667,0.0677688,2.11836
849,0.511258,0.209598,15,8.92,0.0671289,2.47769
850,0.526163,0.226468,15,8.99333,0.0668481,2.20616
851,0.594794,0.257358,15,9.42667,0.070014,2.02865
852,0.650219,0.25065,15,8.59333,0.0677717,2.22619
853,0.393558,0.167618,14,7.10667,0.0648764,2.492
854,0.523039,0.229862,15,8.86,0.0663652,2.1766
855,0.510081,0.181677,14,7.78,0.0705766,2.57927
856,0.628368,0.24677,15,9.34667,0.0695887,2.13183
857,0.584843,0.219192,15,8.42,0.0682921,2.32648
858,0.634405,0.23617,15,8.70667,0.0697562,2.06717
859,0.467176,0.207831,14,8.08,0.06845,2.6161
860,0.447656,0.192814,15,7.7,0.0786438,2.70549
861,0.506956,0.181594,15,7.92667,0.0680451,2.72486
862,0.639184,0.230598,15,9.17333,0.0690681,1.92412
863,0.569798,0.216239,15,9.2,0.067836,2.14772
864,0.571498,0.256566,15,9.21333,0.0714481,2.05539
865,0.604746,0.26377,15,9.70667,0.0692453,1.97472
866,0.553762,0.215847,15,8.58,0.0674821,2.11674
867,0.491627,0.19749,14,7.75333,0.0716336,2.49172
868,0.495861,0.206615,15,8.36667,0.0679942,2.17651
869,0.545312,0.251297,15,8.98,0.0793257,2.28695
870,0.54848,0.211904,15,7.7,0.0653576,2.50519
871,0.721709,0.264369,15,9.41333,0.0682913,1.94731
872,0.637927,0.228481,15,7.79333,0.0665904,2.03417
873,0.767101,0.282609,15,8.76,0.0677434,1.97261
874,0.628973,0.258736,15,8.82667,0.0704666,2.0434
875,0.573905,0.219906,14,8.06,0.0671711,2.14917
876,0.583433,0.222523,14,8.49333,0.0691285,2.19283
877,0.507288,0.204759,14,7.39333,0.0669455,2.09484
878,0.584018,0.236536,15,8.66,0.0673403,2.16954
879,0.539019,0.234594,15,7.56667,0.067771,2.05443
880,0.793072,0.30046,15,9.08667,0.0674794,1.80147
881,0.545224,0.247543,14,8.58667,0.0837193,1.90997
882,0.50812,0.202988,15,8.56667,0.072529,2.33609
883,0.608959,0.252106,15,8.94667,0.0698583,2.1563
884,0.525634,0.241607,14,8.68,0.0701916,2.33545
885,0.598792,0.215228,15,8.34,0.0732885,2.36062
886,0.582967,0.228013,15,8.36667,0.0678269,2.18986
887,0.55102,0.215672,15,8.28667,0.0667344,2.11994
888,0.456941,0.188664,15,7.65333,0.0658488,2.47526
889,0.487194,0.220955,15,8.36667,0.0676357,2.401
890,0.53422,0.235288,15,8.37333,0.06838,2.29522
891,0.573602,0.229427,15,8.58,0.0671511,2.30538
892,0.593589,0.277671,14,8.88667,0.0717385,2.18404
893,0.56451,0.263153,15,8.87333,0.0800065,2.06304
894,0.621878,0.275024,15,8.44667,0.067034,1.91495
895,0.639187,0.280891,15,9.28,0.0653849,1.97404
896,0.601461,0.252237,15,8.44667,0.0685516,1.96838
897,0.561437,0.2444,14,8.36667,0.068443,2.15697
898,0.567111,0.201663,15,7.99333,0.0710778,2.15668
899,0.611056,0.248545,15,9.24,0.0708093,2.04633
900,0.575339,0.26104,15,8.91333,0.0675853,2.18022
901,0.610028,0.230015,15,8.12667,0.0695775,2.20052
902,0.763408,0.344731,15,10.4667,0.069163,1.73805
903,0.698547,0.301428,15,9.39333,0.0657572,1.75321
904,0.56397,0.285084,14,8.59333,0.0715711,2.1114
905,0.4677,0.237605,15,8.19333,0.0682365,2.13102
906,0.43247,0.208332,14,7.36,0.0692004,2.45201
907,0.478496,0.215304,15,8.36667,0.0694125,2.08995
908,0.570851,0.258399,15,9.01333,0.0714629,2.2384
909,0.679851,0.312232,15,10.04,0.0678082,1.8733
910,0.552205,0.245208,15,8.61333,0.066282,2.11139
911,0.574381,0.288118,14,8.72,0.0669071,1.99657
912,0.5696,0.248844,15,8.87333,0.0686254,1.78128
913,0.612805,0.245615,15,8.41333,0.0653971,1.97748
914,0.621141,0.279324,14,9.06667,0.0678548,2.19391
915,0.476546,0.235102,15,8.20667,0.0648472,2.27778
916,0.574995,0.263044,15,9.12667,0.0699519,1.91016
917,0.532187,0.237483,15,8.43333,0.0692215,2.17675
918,0.407269,0.177025,15,7.69333,0.0799257,2.39756
919,0.574057,0.30148,15,10.7933,0.0704091,2.00293
920,0.551064,0.256354,13,8.14667,0.0684447,2.22326
921,0.6394,0.285442,15,9.37333,0.0696696,1.86708
922,0.571044,0.223528,15,8.03333,0.0703861,2.2278
923,0.605097,0.285999,15,9.17333,0.0693859,2.24906
924,0.523117,0.23258,14,8.35333,0.0744421,2.42191
925,0.653162,0.2846,15,9.41333,0.0640279,2.11814
926,0.623516,0.281921,15,9.08667,0.0692492,2.06467
927,0.595537,0.304879,15,9.67333,0.06838,2.06652
928,0.55887,0.264692,15,9.01333,0.0673284,2.11369
929,0.62758,0.295008,15,9.25333,0.0684334,1.84423
930,0.493962,0.226496,14,7.92667,0.0680392,2.2918
931,0.499966,0.205264,15,8.34667,0.0657341,2.38333
932,0.532114,0.232372,15,9.06667,0.0662433,2.08223
933,0.62854,0.265057,15,9.80667,0.0662747,2.09776
934,0.465027,0.216977,15,8.24,0.065577,2.32878
935,0.436815,0.178928,14,7.82,0.073303,2.31759
936,0.589051,0.286935,15,9.30667,0.0695513,2.05376
937,0.617624,0.282025,15,9.51333,0.0704041,1.86384
938,0.524995,0.222812,15,8.9,0.0661264,2.12808
939,0.562788,0.245139,15,9.60667,0.0683062,2.19768
940,0.569122,0.224817,15,8.27333,0.0695148,2.42347
941,0.511562,0.205667,15,8.08667,0.0716423,2.40994
942,0.587469,0.274285,15,9.02,0.0706089,2.44424
943,0.543139,0.224275,15,8.14667,0.0676254,2.06194
944,0.600036,0.244332,15,8.6,0.0684019,2.25051
945,0.577356,0.283918,15,9.82667,0.0700747,1.85634
946,0.468672,0.192113,15,7.68,0.0669072,2.13987
947,0.510724,0.20135,15,8.78,0.0716054,2.04395
948,0.542349,0.220281,15,8.88667,0.0662078,2.16514
949,0.549072,0.255749,14,8.98667,0.0738095,2.17794
950,0.449248,0.198098,15,8.29333,0.0661812,2.17449
951,0.645629,0.270557,15,8.86667,0.0675334,2.11695
952,0.624909,0.271856,15,9.22667,0.0667475,1.90486
953,0.511903,0.192124,15,8.5,0.0678018,2.467
954,0.549494,0.227067,14,8.31333,0.0687703,2.31061
955,0.625488,0.267924,15,8.84,0.0669208,2.08704
956,0.531118,0.235721,15,8.59333,0.0668975,2.14436
957,0.535941,0.206829,15,8.02,0.0710826,2.37052
958,0.524229,0.234168,14,8.32,0.0709732,2.20331
959,0.616896,0.281292,14,9.32667,0.0668448,1.86781
960,0.551468,0.268843,15,8.77333,0.0808739,2.37531
961,0.584034,0.269213,14,9.42667,0.0847975,2.02026
962,0.473456,0.187976,15,8.06667,0.0679821,2.49513
963,0.539209,0.239238,15,8.87333,0.0694318,2.03882
964,0.646226,0.222392,14,7.92,0.0669189,2.13626
965,0.51331,0.211074,14,8.4,0.108616,2.33479
966,0.497032,0.212836,15,8.27333,0.0686853,2.44706
967,0.514227,0.233106,15,9.15333,0.0706894,2.21208
968,0.545408,0.241916,15,8.72667,0.071235,2.19229
969,0.421973,0.169658,14,8.1,0.0655414,2.57128
970,0.54158,0.25359,14,8.56,0.068789,2.27826
971,0.54747,0.242501,14,8.82667,0.0672226,2.11605
972,0.45432,0.213792,15,7.89333,0.0660627,2.24489
973,0.471244,0.203028,14,7.97333,0.0745124,2.43581
974,0.553824,0.250359,14,8.45333,0.0660817,2.19651
975,0.527526,0.203061,15,8.47333,0.0699946,2.2626
976,0.598479,0.306525,15,10.34,0.06822,1.91444
977,0.573867,0.237587,15,9.49333,0.0705139,2.0003
978,0.48795,0.242113,14,8.40667,0.0696627,2.27435
979,0.592611,0.281713,15,10.7467,0.0690536,2.11828
980,0.542406,0.25118,14,8.78667,0.0671653,2.17186
981,0.567663,0.274682,15,9.71333,0.0683891,2.09318
982,0.523707,0.228438,15,8.47333,0.0685549,2.20569
983,0.555053,0.231551,15,8.57333,0.0709463,2.25043
984,0.524695,0.219796,15,8.29333,0.0727779,2.13194
985,0.571733,0.201696,15,7.77333,0.0662005,2.33372
986,0.563701,0.266312,15,9.48,0.0695895,1.98524
987,0.55384,0.235252,14,7.8,0.0658753,2.22009
988,0.543743,0.262993,15,8.82667,0.071108,2.19701
989,0.50016,0.211266,14,7.88,0.0684511,2.32613
990,0.628376,0.278356,14,9.64667,0.0701844,2.01753
991,0.523578,0.259603,14,8.18667,0.0711164,2.38731
992,0.528165,0.245296,14,8.26667,0.0649311,2.11894
993,0.569207,0.216233,15,8.10667,0.0679259,2.04239
994,0.579942,0.306329,15,8.78667,0.070302,1.98636
995,0.50083,0.226101,14,7.88667,0.0666053,2.38679
996,0.535762,0.238962,14,8.18667,0.0663292,2.2477
997,0.617192,0.253945,15,8.95333,0.0687672,2.0147
998,0.563034,0.215082,14,7.40667,0.0652632,2.16841
999,0.440621,0.185088,14,6.9,0.071821,2.27685
1000,0.537773,0.174079,15,8.09333,0.067705,2.19803
