1,0.137379,0.00272787,7,0.313333,0.0841668,1.22364
2,0.134759,0.00360811,7,0.493333,0.0701997,1.23285
3,0.351692,0.00821856,9,0.566667,0.0688779,1.40674
4,0.190127,0.00686072,7,0.626667,0.0703365,1.58175
5,0.212773,0.00845001,10,1.15333,0.0670004,1.61761
6,0.133181,0.00931622,7,1.16,0.0654328,1.56457
7,0.134609,0.006174,9,1.1,0.0692082,1.57283
8,0.344217,0.021327,9,1.74,0.0931965,1.50393
9,0.179199,0.0158331,9,1.5,0.0857644,1.62648
10,0.186894,0.0325565,10,3.32667,0.0694064,2.76277
11,0.178681,0.01909,12,2.80667,0.0705471,2.45253
12,0.270123,0.0327661,12,3.12667,0.0671072,2.36711
13,0.196321,0.0329237,14,3.96,0.0709016,2.55089
14,0.288161,0.0292337,14,3.08667,0.0680412,2.50602
15,0.301283,0.0360525,14,3.53333,0.0724461,2.51639
16,0.226362,0.0273607,10,2.9,0.0911997,2.46647
17,0.404908,0.0464513,15,4.28,0.0947783,2.57022
18,0.280755,0.0540075,14,4.32667,0.0704515,2.16504
19,0.231385,0.0309994,11,3.18667,0.0965131,2.2282
20,0.247288,0.0287878,10,2.54667,0.0659102,2.30192
21,0.274974,0.0400654,12,3.62,0.0696123,2.36771
22,0.419031,0.0859375,15,5.08,0.069696,2.12517
23,0.364221,0.0614301,15,4.86667,0.0840981,2.47351
24,0.252976,0.0492723,14,4.90667,0.0717951,2.50439
25,0.320428,0.0497369,13,4.52,0.0752572,2.59936
26,0.299599,0.0471869,14,4.14,0.0668742,2.25598
27,0.322896,0.0371411,14,3.46667,0.0696764,2.40189
28,0.194528,0.0404056,13,3.76667,0.0660895,2.05708
29,0.454246,0.0704857,13,4.56667,0.0709364,2.29091
30,0.253209,0.0373834,12,3.19333,0.0690425,2.06246
31,0.30276,0.0462785,14,3.82667,0.0682097,2.15144
32,0.332516,0.0544771,12,3.07333,0.0734651,2.06631
33,0.320151,0.0417217,14,3.73333,0.0797632,2.33821
34,0.286465,0.0346828,11,2.69333,0.0782945,2.17906
35,0.399689,0.0736044,13,4.21333,0.069325,2.0988
36,0.357965,0.0805386,13,5.10667,0.068452,2.41856
37,0.269398,0.0505373,14,3.57333,0.0876511,2.39893
38,0.291987,0.0619838,14,5.27333,0.0672263,2.3987
39,0.361611,0.0847873,14,4.92,0.0668593,2.09535
40,0.306777,0.0545732,12,3.92,0.0745705,2.11123
41,0.399834,0.070987,13,4.64,0.0704937,1.94138
42,0.312691,0.0525982,14,3.74667,0.0729007,2.09203
43,0.351024,0.0586987,13,4.36667,0.0699509,2.30584
44,0.337235,0.0518947,12,4.38,0.0804911,2.32858
45,0.526137,0.0714317,12,4.18667,0.0658457,2.04274
46,0.516872,0.0847522,13,5.21333,0.0723681,2.17027
47,0.456194,0.0824356,13,4.69333,0.0696297,2.02067
48,0.382026,0.0887069,12,4.43333,0.110083,2.13649
49,0.289007,0.0615039,13,3.74,0.0661395,1.53584
50,0.391258,0.0900862,11,4.33333,0.0860729,1.87778
51,0.329687,0.0811854,13,4.23333,0.0764142,1.80225
52,0.489276,0.103897,14,5.12,0.0699996,1.9674
53,0.453785,0.0802963,14,3.88667,0.0675506,1.79153
54,0.414389,0.068651,13,3.50667,0.0661855,1.71018
55,0.511255,0.0930196,13,4.76667,0.0857106,2.07376
56,0.443002,0.109604,13,4.47333,0.0832726,1.97661
57,0.39026,0.0432787,12,2.98667,0.0768519,2.02323
58,0.443766,0.0742351,13,3.90667,0.0684952,2.20822
59,0.432674,0.0896737,12,4.2,0.0800682,1.75361
60,0.423417,0.0644413,13,3.48,0.0812864,2.24691
61,0.330088,0.0648983,13,3.8,0.0890897,1.98659
62,0.437014,0.0832598,13,3.85333,0.0733909,2.33351
63,0.481682,0.0879393,15,4.64667,0.170139,2.23522
64,0.488667,0.111087,13,4.74,0.132029,1.97754
65,0.526685,0.111713,14,5.11333,0.0743744,2.15528
66,0.520866,0.0899892,14,4.58,0.0673237,2.1699
67,0.520983,0.135724,15,6.30667,0.0973081,2.38548
68,0.423542,0.110868,14,5.29333,0.117155,2.26821
69,0.32298,0.0782449,14,4.09333,0.0730973,2.54327
70,0.516668,0.112583,13,5.18667,0.0704821,2.35006
71,0.436745,0.100514,13,4.70667,0.0794524,2.48619
72,0.424597,0.105776,14,5.02,0.0874232,2.50271
73,0.466944,0.108275,14,5.22,0.114528,2.48658
74,0.529185,0.121037,15,5.23333,0.0995555,2.48416
75,0.461707,0.0988078,12,5.20667,0.0903843,2.73564
76,0.453697,0.0947085,15,4.86667,0.086918,2.43764
77,0.483742,0.112573,14,5.66,0.0666358,2.82598
78,0.388764,0.0948374,12,4.49333,0.0680149,2.8091
79,0.513087,0.135301,13,5.37333,0.137531,2.68985
80,0.575582,0.159458,14,6.66667,0.177687,2.9253
81,0.406908,0.0839013,14,4.54667,0.0853601,2.90043
82,0.484171,0.131126,14,6.06,0.0859728,2.97092
83,0.464592,0.122472,14,5.34667,0.101894,2.6061
84,0.444347,0.118276,14,5.09333,0.0751787,2.67031
85,0.665391,0.165707,15,6.34667,0.0722273,2.66857
86,0.54197,0.131624,13,5.36667,0.0717123,2.69982
87,0.490595,0.17287,14,6.04,0.110454,2.38949
88,0.494059,0.149571,14,5.9,0.0695036,2.73875
89,0.575023,0.134817,14,6.16,0.0923765,2.62553
90,0.57033,0.176934,14,5.9,0.0646382,2.55034
91,0.546005,0.174508,15,6.66,0.0762746,2.56546
92,0.455033,0.146243,15,6.17333,0.0776819,2.57914
93,0.500712,0.136858,13,5.52667,0.0723786,2.66416
94,0.569236,0.173655,15,6.49333,0.0725937,2.48612
95,0.503084,0.121152,14,5.62667,0.0822677,2.64372
96,0.504186,0.154565,14,6.19333,0.0880213,2.52737
97,0.470803,0.135543,13,5.6,0.1874,2.58552
98,0.401891,0.117227,15,5.52,0.0736927,2.61477
99,0.488429,0.180442,15,6.3,0.0804054,2.10762
100,0.409071,0.0995774,13,3.88667,0.0681698,2.58594
101,0.439727,0.128345,13,4.90667,0.0817962,2.56244
102,0.531693,0.190667,14,6.22,0.0821684,2.46241
103,0.468484,0.133393,14,5.28667,0.141829,2.45771
104,0.438665,0.144339,13,4.88667,0.0673936,2.47876
105,0.480899,0.136827,14,5.2,0.0752606,2.37635
106,0.523075,0.148503,14,5.62667,0.0862868,2.50678
107,0.562726,0.118953,13,5.35333,0.0702913,2.61798
108,0.431271,0.121909,13,5.10667,0.070538,2.49188
109,0.496964,0.135179,15,5.86667,0.0723875,2.56275
110,0.432271,0.116294,14,4.75333,0.145551,2.72509
111,0.418992,0.0960867,15,4.32667,0.111344,2.53795
112,0.561945,0.134239,13,5.02667,0.0669574,2.74208
113,0.521322,0.158775,15,5.73333,0.0889853,2.41232
114,0.432037,0.137275,13,5.39333,0.0921291,2.87031
115,0.643724,0.131201,15,5.42,0.0761603,2.48842
116,0.518468,0.167497,15,6.32667,0.0885819,2.52736
117,0.449997,0.120372,13,5.08,0.0903309,2.75746
118,0.427156,0.127833,14,5.12,0.0691016,2.70186
119,0.458188,0.0982257,14,4.54,0.0681459,2.94698
120,0.598953,0.161719,14,5.59333,0.0698046,2.81575
121,0.551683,0.148473,15,6.12,0.0802996,2.48901
122,0.489584,0.105311,13,3.92667,0.0751789,2.75914
123,0.536574,0.105018,14,4.57333,0.0762008,3.13693
124,0.618331,0.171606,15,5.96,0.0814102,2.54053
125,0.76339,0.187497,15,6.24,0.0684792,2.51714
126,0.483738,0.14524,14,5.26667,0.0960188,2.82817
127,0.53528,0.137239,14,5.2,0.100498,2.75003
128,0.530594,0.147517,15,5.98667,0.0821235,2.66763
129,0.523185,0.131869,15,5.27333,0.0672932,2.60014
130,0.553913,0.0989825,12,4.58,0.156415,2.95083
131,0.570749,0.168614,15,6.22667,0.106478,2.51207
132,0.500627,0.175701,15,6.41333,0.0739048,2.77159
133,0.565886,0.162564,14,5.66,0.0769872,2.82695
134,0.73905,0.140343,15,5.86667,0.0818093,2.61757
135,0.393452,0.13153,14,5.63333,0.0699169,2.99237
136,0.51614,0.139318,15,5.58,0.069254,2.53252
137,0.530441,0.152418,15,5.82667,0.0762459,2.5751
138,0.621807,0.143445,15,6.08,0.0790963,2.59484
139,0.5905,0.16187,15,6.50667,0.0688572,2.58553
140,0.488219,0.118859,15,5.78667,0.0699552,2.57
141,0.509301,0.141979,15,5.96,0.0747831,2.55679
142,0.53328,0.162689,15,6.1,0.0822432,2.48605
143,0.481078,0.158683,14,6.26667,0.0689555,2.89104
144,0.405432,0.106667,14,4.68667,0.068404,2.93726
145,0.503338,0.158111,15,6.53333,0.0690771,2.79369
146,0.644306,0.152858,15,6.73333,0.099096,2.65726
147,0.559759,0.174251,15,6.81333,0.0688983,2.47366
148,0.568145,0.107839,15,4.58,0.0659979,2.62768
149,0.525103,0.110593,13,4.14667,0.0691093,2.75737
150,0.408201,0.109049,14,4.63333,0.0706623,2.96423
151,0.435905,0.128614,14,5.36,0.0684087,2.53282
152,0.457289,0.135334,15,5.6,0.0660718,2.49774
153,0.386537,0.133985,14,5.38,0.0697962,2.60822
154,0.439388,0.135322,15,5.74667,0.0667167,2.39758
155,0.560119,0.153952,15,6.47333,0.0685541,2.35279
156,0.498507,0.138632,15,5.32667,0.0669154,2.11123
157,0.638743,0.16351,14,5.7,0.0708298,2.51991
158,0.532218,0.130505,15,5.06667,0.0675537,2.14133
159,0.444723,0.117376,15,5.02,0.0718647,2.61078
160,0.556299,0.16745,15,6.54667,0.0674391,2.47875
161,0.419774,0.120975,15,5.72667,0.0694072,2.4835
162,0.501378,0.162108,15,6.92,0.0708898,2.33883
163,0.477935,0.119489,15,5.22667,0.071143,2.42431
164,0.540571,0.162872,15,6.68,0.0697966,2.4943
165,0.543758,0.185514,15,6.44,0.0741176,2.16542
166,0.484096,0.145204,14,6.27333,0.106573,2.829
167,0.600246,0.17303,15,6.54,0.0850397,2.38836
168,0.476906,0.157822,14,6.36,0.0699917,2.62089
169,0.495,0.175607,15,7.4,0.0790648,2.66824
170,0.57613,0.199554,14,6.81333,0.0699259,2.56978
171,0.485206,0.171028,14,5.96,0.0718909,2.55606
172,0.561981,0.171181,15,6.36,0.0743816,2.50539
173,0.446143,0.14529,14,5.90667,0.0669625,2.33107
174,0.550621,0.185876,14,6.52,0.0700194,2.42677
175,0.544437,0.143173,13,5.64,0.0764116,2.47454
176,0.472151,0.134204,14,5.93333,0.070838,2.41783
177,0.521979,0.198835,15,6.90667,0.0702783,2.44188
178,0.489335,0.188717,15,6.48,0.0696397,2.2199
179,0.459214,0.129592,14,5.26,0.0689514,2.57922
180,0.414663,0.142277,14,5.68667,0.0697587,2.34011
181,0.628606,0.165546,14,6.68667,0.0700973,2.53036
182,0.469913,0.170798,13,6.32667,0.0709394,2.44945
183,0.4744,0.13633,14,5.58,0.0685785,2.69757
184,0.421315,0.139504,13,5.56667,0.0667285,2.69868
185,0.539249,0.176468,14,6.36667,0.0661753,2.36509
186,0.463129,0.13272,14,5.88,0.0783495,2.46059
187,0.47865,0.163511,15,6.38667,0.107784,2.71758
188,0.451176,0.115098,14,4.64,0.0687453,2.55752
189,0.463741,0.151721,13,5.46667,0.0760802,2.66485
190,0.493735,0.183053,13,6.36,0.0761441,2.47573
191,0.548723,0.1477,15,6.06,0.0705002,2.69504
192,0.545539,0.163361,14,5.92,0.0701711,2.67669
193,0.584276,0.180845,15,6.36667,0.0663156,2.45073
194,0.558615,0.148599,13,5.63333,0.0802739,2.41893
195,0.603242,0.216246,13,6.81333,0.0699677,2.29148
196,0.555084,0.166615,13,6.04667,0.0744794,2.73774
197,0.428217,0.128033,13,5.48,0.0790122,2.36248
198,0.622247,0.205752,14,6.78,0.0698331,2.26668
199,0.57776,0.214939,15,6.56,0.06917,2.3983
200,0.492981,0.180952,14,6.70667,0.0691066,2.84131
201,0.565813,0.215359,12,6.34,0.0726338,2.35077
202,0.655484,0.195973,15,6.64667,0.0672195,2.14207
203,0.595133,0.245387,15,7.76,0.0796652,2.09702
204,0.512227,0.159758,14,5.66667,0.0722725,2.4326
205,0.522139,0.154769,14,5.90667,0.0661972,2.37164
206,0.46828,0.133572,13,5.83333,0.0671007,2.7352
207,0.651415,0.249155,15,8.54,0.140537,2.12123
208,0.425143,0.12024,14,5.37333,0.0706045,2.56127
209,0.496435,0.151089,14,5.62,0.127662,2.41703
210,0.615838,0.232142,15,7.23333,0.0697341,2.06955
211,0.57593,0.217748,15,6.39333,0.107852,2.00974
212,0.46651,0.13874,14,5.42,0.0676127,2.38248
213,0.508439,0.127498,12,4.95333,0.0662248,2.44146
214,0.50147,0.198644,13,6.86,0.0688247,2.45418
215,0.587895,0.264366,15,8.09333,0.074139,2.04251
216,0.574871,0.217076,15,7.06,0.0742326,2.12351
217,0.487881,0.172584,14,6.22,0.0832618,2.36858
218,0.566143,0.173642,14,6.21333,0.0753491,2.36025
219,0.552831,0.177066,14,6.31333,0.112081,2.20788
220,0.417282,0.1363,14,5.33333,0.107621,2.5672
221,0.487594,0.165716,13,5.72667,0.0897939,2.58532
222,0.467121,0.155441,14,5.96667,0.0763373,2.5109
223,0.48822,0.172395,13,6.10667,0.0690641,2.37909
224,0.510116,0.184203,14,6.78667,0.0801146,2.67405
225,0.592772,0.194119,15,7.13333,0.0682176,2.28093
226,0.469204,0.160401,13,5.73333,0.0951959,2.74407
227,0.419473,0.156544,12,5.65333,0.0833246,2.74066
228,0.362185,0.112179,13,5.08667,0.0728197,2.70529
229,0.605706,0.196282,14,6.55333,0.0778773,2.5306
230,0.530731,0.191935,15,6.85333,0.192291,2.60096
231,0.534983,0.144482,13,5.75333,0.0756934,2.7737
232,0.609973,0.222692,13,6.95333,0.0680911,2.39603
233,0.548397,0.219119,14,7.27333,0.0729631,2.49152
234,0.514775,0.169561,13,6.08667,0.0832357,2.67861
235,0.45043,0.1305,12,5.08667,0.0648172,2.69613
236,0.464884,0.126103,14,5.32,0.067722,2.6208
237,0.452274,0.177348,13,6.3,0.0680593,2.86095
238,0.563992,0.211934,15,6.64,0.1179,2.6257
239,0.605494,0.175445,15,6.17333,0.0822738,2.42805
240,0.574505,0.205238,14,7.00667,0.135761,2.4351
241,0.581076,0.204992,14,6.77333,0.074447,2.33678
242,0.57612,0.241907,14,7.42667,0.0829518,2.40977
243,0.478501,0.130096,14,4.99333,0.0770713,2.39957
244,0.58029,0.197281,14,6.60667,0.0858996,2.41695
245,0.546395,0.161403,14,5.59333,0.069138,2.2891
246,0.526614,0.148099,12,4.95333,0.074303,2.39485
247,0.454916,0.152662,13,5.54667,0.0701455,2.3667
248,0.52722,0.164221,14,5.34,0.0697469,2.24979
249,0.473669,0.164636,13,6.00667,0.0671155,2.59184
250,0.450082,0.141834,12,4.53333,0.0670814,2.58404
251,0.531436,0.149023,14,5.22667,0.066047,2.32815
252,0.448945,0.180329,14,6.12,0.0750396,2.32758
253,0.512031,0.148966,14,5.29333,0.0682088,2.55177
254,0.513005,0.14989,14,5.52667,0.0771146,2.66455
255,0.521099,0.188731,15,6.47333,0.0824727,2.48253
256,0.447235,0.146927,14,5.26,0.0777479,2.65119
257,0.562422,0.20149,14,6.28,0.0693172,2.29232
258,0.567038,0.17353,15,5.26667,0.0727193,2.48002
259,0.421494,0.128728,15,4.89333,0.0779449,2.51506
260,0.471576,0.129282,13,5.10667,0.0763822,2.65271
261,0.488107,0.158781,13,5.55333,0.119775,2.50189
262,0.587373,0.191572,13,5.90667,0.0729072,2.29895
263,0.599654,0.222652,15,7.14667,0.119952,2.383
264,0.526236,0.175833,14,5.90667,0.0683311,2.24048
265,0.612377,0.17482,14,6.16,0.0686893,2.72566
266,0.400483,0.0978068,11,3.95333,0.0759985,3.24065
267,0.582465,0.198267,13,6.86,0.0696849,2.39289
268,0.468947,0.159403,13,5.58,0.0852746,2.723
269,0.479588,0.119266,13,4.53333,0.0663718,2.8598
270,0.654081,0.209688,15,6.51333,0.0739375,2.44468
271,0.675181,0.187252,15,5.9,0.0698313,2.65739
272,0.478003,0.129418,14,5.3,0.0710077,2.91894
273,0.539645,0.169012,14,6,0.118179,2.63093
274,0.469644,0.116518,14,4.54,0.0656709,2.61992
275,0.469953,0.144441,15,6.02,0.0700243,2.47907
276,0.613789,0.182917,15,6.46,0.0743757,2.81253
277,0.586499,0.173149,14,5.7,0.0771518,2.53909
278,0.600736,0.163775,14,6.45333,0.0941539,2.75596
279,0.586446,0.178826,15,6.4,0.0979679,2.77834
280,0.619787,0.214151,15,6.96,0.154929,2.4301
281,0.580403,0.202199,15,7.12667,0.0708716,2.5331
282,0.555088,0.188074,15,7.13333,0.0717078,2.66524
283,0.571548,0.175362,13,5.92667,0.0675023,2.52988
284,0.520824,0.186617,15,6.77333,0.0669535,2.59596
285,0.495722,0.165571,14,5.77333,0.068358,2.53989
286,0.570297,0.153208,14,5.26667,0.0711789,2.34497
287,0.580491,0.181399,14,6.40667,0.0691082,2.34926
288,0.488083,0.194281,14,6.59333,0.0724068,2.42921
289,0.548532,0.19201,15,6.37333,0.164695,2.70026
290,0.365872,0.112278,13,4.85333,0.0702269,2.82795
291,0.55391,0.192229,14,6.42,0.0728218,2.53441
292,0.608515,0.212768,15,7.01333,0.0689759,2.58035
293,0.553256,0.170863,13,5.86,0.0703876,2.9799
294,0.563715,0.184039,15,5.77333,0.122765,2.64351
295,0.503527,0.178522,13,5.89333,0.262272,2.52124
296,0.595393,0.174492,14,5.81333,0.0692676,2.53182
297,0.583395,0.139957,14,5.28667,0.0668075,2.99844
298,0.641085,0.20607,15,7.30667,0.146593,2.57918
299,0.63678,0.219021,15,7.12667,0.0954753,2.33391
300,0.669204,0.235479,15,7.02,0.0711807,2.42709
301,0.663465,0.198241,15,6.41333,0.070559,2.59919
302,0.51915,0.187802,15,6.24,0.067691,2.53406
303,0.681211,0.20941,15,7.18667,0.0757706,2.16232
304,0.489379,0.150799,13,5.78,0.180778,2.76573
305,0.580322,0.151924,14,5.39333,0.082819,2.74021
306,0.677922,0.204568,15,7.4,0.0713412,2.4855
307,0.528216,0.168237,14,6.40667,0.178579,2.54104
308,0.478752,0.163128,15,5.94,0.0702116,2.74347
309,0.565033,0.167296,14,6.59333,0.08025,2.76037
310,0.577553,0.208217,15,7.02667,0.13525,2.35585
311,0.543094,0.17802,14,6.46667,0.0959645,2.82009
312,0.479325,0.144054,13,5.24667,0.0676013,2.69497
313,0.579453,0.183512,14,6.40667,0.0679603,2.40119
314,0.605819,0.166186,14,6.01333,0.162969,2.58679
315,0.466804,0.158048,14,5.39333,0.0698503,2.63827
316,0.517401,0.17434,14,5.95333,0.084472,2.77493
317,0.572373,0.19391,14,6.33333,0.0712888,2.3503
318,0.53679,0.197416,14,6.74,0.176928,2.5131
319,0.40451,0.147456,13,5.65333,0.0741078,2.75432
320,0.363331,0.140504,14,6.19333,0.0697796,3.11386
321,0.438764,0.158239,14,5.86,0.0662549,2.70145
322,0.624722,0.183833,15,6.8,0.0729936,2.46857
323,0.392208,0.14118,13,5.96,0.0689877,2.6586
324,0.538966,0.155989,14,5.93333,0.0815685,2.89662
325,0.543586,0.154041,15,5.88667,0.0769033,2.87548
326,0.518116,0.179941,13,6.46,0.0652218,2.74457
327,0.699748,0.213446,14,7.64,0.196712,2.50552
328,0.587311,0.190884,14,7.09333,0.0668675,2.57279
329,0.485862,0.179785,13,5.93333,0.0663871,2.49521
330,0.530924,0.176613,13,6.65333,0.0755677,2.83697
331,0.554962,0.172023,15,5.76,0.0744299,2.52065
332,0.718763,0.180919,15,6.86667,0.0698438,2.55728
333,0.589674,0.17762,14,6.22667,0.0722053,2.56249
334,0.67787,0.182213,15,5.94,0.155486,2.35111
335,0.668386,0.185867,15,6.33333,0.0715223,2.42291
336,0.35653,0.0885598,14,4.37333,0.100671,2.83247
337,0.451476,0.152086,14,6.4,0.0880388,2.77048
338,0.688015,0.208525,15,7.14667,0.0979934,2.43172
339,0.635376,0.23038,15,7.18667,0.0744177,2.02628
340,0.471056,0.176345,15,6.44,0.0827457,2.75298
341,0.538629,0.190818,14,6.94,0.0709283,2.42964
342,0.610032,0.200467,15,6.50667,0.0813679,2.55144
343,0.567671,0.173952,13,5.74,0.0681577,2.41146
344,0.498548,0.180427,14,6.56667,0.0697024,2.86889
345,0.400965,0.130946,14,4.98,0.0779708,2.7592
346,0.594585,0.199091,14,6.28667,0.0713505,2.49071
347,0.509639,0.157433,15,5.86,0.0800112,2.69087
348,0.545298,0.142429,13,5.47333,0.0673941,2.81719
349,0.706114,0.228949,15,7.66,0.0919488,2.392
350,0.496784,0.174713,14,6.61333,0.132341,2.56728
351,0.361268,0.145178,12,5.02667,0.0671301,2.63485
352,0.495921,0.170937,14,5.89333,0.0697459,2.6988
353,0.526711,0.161936,14,5.86,0.0681725,2.71737
354,0.594445,0.178163,15,6.11333,0.071729,2.61914
355,0.388387,0.118444,13,4.95333,0.0659223,2.62328
356,0.473647,0.17883,13,6.40667,0.070548,3.04763
357,0.468662,0.175379,15,6.58,0.0717944,2.74613
358,0.471712,0.177161,13,6.70667,0.0697079,2.70078
359,0.607084,0.225305,15,7.64667,0.0697365,2.44885
360,0.444435,0.138035,12,5.23333,0.0719556,2.83114
361,0.523368,0.171952,14,6.58,0.0704609,2.81058
362,0.501562,0.177617,14,6.72667,0.126207,2.78094
363,0.708597,0.248602,15,7.53333,0.0721022,2.19394
364,0.572879,0.18501,15,6.72667,0.0710984,2.8845
365,0.594247,0.217321,15,7.38,0.0704888,2.78459
366,0.678179,0.212705,15,6.68667,0.0897919,2.39689
367,0.538094,0.221266,14,6.98,0.167707,2.37264
368,0.574979,0.20738,15,7.2,0.100033,2.57864
369,0.524814,0.195582,13,6.59333,0.0859426,2.50488
370,0.387113,0.134031,14,5.48667,0.0972694,2.72513
371,0.521901,0.200553,14,6.62667,0.0896862,2.52232
372,0.50541,0.148786,14,5.62667,0.186884,2.63077
373,0.627982,0.243485,14,7.56,0.0720056,2.4383
374,0.459041,0.166292,14,6.32667,0.0697486,2.8431
375,0.493741,0.154137,15,5.9,0.0705317,2.97559
376,0.495804,0.179914,15,6.00667,0.0750666,2.60907
377,0.478235,0.161104,14,6.20667,0.0775316,2.93266
378,0.472777,0.175192,14,6.12,0.0687593,2.69392
379,0.470282,0.154593,15,5.26667,0.0673853,2.73851
380,0.589684,0.227639,15,7.62667,0.0763338,2.28368
381,0.437197,0.149716,13,5.16,0.0657295,2.74741
382,0.516778,0.183228,15,6.43333,0.0813558,2.48502
383,0.557583,0.203397,14,6.62667,0.0822245,2.56484
384,0.590723,0.223362,15,7.08,0.0656123,2.32493
385,0.530901,0.194742,14,6.65333,0.0758115,2.75209
386,0.67675,0.237765,15,7.68,0.128978,2.49295
387,0.589488,0.188466,14,6.53333,0.09524,2.5609
388,0.527124,0.202132,13,6.02,0.09896,2.42421
389,0.664767,0.215005,15,6.68,0.114915,2.42966
390,0.55949,0.181024,15,6.08,0.0759977,2.26947
391,0.597452,0.21269,15,6.58667,0.0913391,2.61138
392,0.562643,0.21438,13,6.31333,0.0827445,2.59068
393,0.50237,0.184798,15,6.9,0.0717881,2.80214
394,0.572124,0.228767,14,6.97333,0.0733782,2.69146
395,0.651004,0.252539,15,7.34,0.0707216,2.20584
396,0.558542,0.184002,14,6.41333,0.0980474,2.47978
397,0.592905,0.19961,14,6.66,0.0708715,2.39854
398,0.458723,0.131069,15,4.53333,0.073764,3.02664
399,0.602244,0.223481,15,7.43333,0.0679985,2.44553
400,0.422159,0.155612,13,5.82,0.0713448,2.8401
401,0.608851,0.207695,15,6.54667,0.22136,2.47363
402,0.623728,0.226811,14,6.96,0.134085,2.50218
403,0.435137,0.166143,14,5.41333,0.0712768,2.8087
404,0.468369,0.139117,14,4.75333,0.0696701,2.56671
405,0.531372,0.184786,15,6.82,0.124739,2.64154
406,0.603284,0.172767,14,6.44667,0.0843791,2.3031
407,0.546482,0.177274,14,6.90667,0.0695608,2.84197
408,0.401601,0.130398,14,4.96,0.0665352,2.80653
409,0.682171,0.177792,15,6.3,0.0657066,2.79212
410,0.488175,0.166489,13,5.90667,0.068486,2.79017
411,0.615031,0.207921,15,7.1,0.207798,2.48193
412,0.578961,0.197486,14,7.12,0.0715487,2.89623
413,0.609243,0.203848,15,6.82,0.0894226,2.5675
414,0.541385,0.18037,13,5.7,0.0702085,2.45179
415,0.534557,0.195589,14,6.35333,0.0698941,2.31614
416,0.519662,0.14955,15,5.36,0.067301,2.34477
417,0.432825,0.145976,12,4.81333,0.0672308,2.50753
418,0.561283,0.19034,15,6.50667,0.0705097,2.26201
419,0.515254,0.14826,13,5.2,0.0687744,2.66089
420,0.505719,0.161937,14,5.5,0.0686104,2.26811
421,0.582157,0.200653,15,6.17333,0.0714422,2.18334
422,0.403656,0.146598,14,5.34,0.0669738,2.43776
423,0.60708,0.199411,14,6.18667,0.0888511,2.472
424,0.473697,0.109828,15,4.9,0.0688576,2.45394
425,0.579298,0.159356,14,5.88667,0.0657372,2.43862
426,0.55304,0.173066,14,5.95333,0.0687101,2.43664
427,0.510756,0.140913,14,5.80667,0.0869283,2.70287
428,0.533053,0.224698,14,7.92,0.069115,2.42482
429,0.570319,0.182108,15,6.96,0.070444,2.23754
430,0.475441,0.124929,13,5.37333,0.0693957,2.8254
431,0.495883,0.117767,12,4.69333,0.0721565,2.75471
432,0.524109,0.16601,13,5.97333,0.196284,2.55331
433,0.571902,0.141211,14,6.06667,0.0815593,2.62586
434,0.564208,0.196806,14,7.40667,0.0691353,2.47764
435,0.529546,0.171205,14,6.38667,0.0706121,2.59416
436,0.541635,0.131753,14,5.58667,0.0705586,2.48353
437,0.523456,0.180827,14,6.72,0.0902951,2.4474
438,0.556399,0.185031,14,6.28667,0.0890769,2.25209
439,0.476291,0.200713,14,7.26,0.0728092,2.37286
440,0.601968,0.194546,14,6.86,0.0776925,2.27472
441,0.503504,0.155294,15,5.76,0.0712926,2.31431
442,0.49303,0.180467,15,6.34667,0.086374,2.49212
443,0.434341,0.138249,13,5.60667,0.0830192,2.50247
444,0.463093,0.162698,13,6.11333,0.0713395,2.52753
445,0.516835,0.152583,14,5.77333,0.0766231,2.54195
446,0.507219,0.163612,14,6.82667,0.0671534,2.50933
447,0.571979,0.190592,14,7.03333,0.0793864,2.46842
448,0.459378,0.127637,14,5.39333,0.0730623,2.4894
449,0.412315,0.136872,15,5.50667,0.0657398,2.29074
450,0.410193,0.132358,14,5.4,0.0941323,2.5331
451,0.465219,0.135187,15,5.86667,0.0688087,2.69588
452,0.631013,0.193788,15,7.02667,0.0739193,2.46542
453,0.614869,0.186879,14,6.95333,0.0689668,2.48257
454,0.471178,0.167897,14,6.26667,0.0743137,2.27526
455,0.45514,0.137331,13,5.18,0.0744373,2.47593
456,0.689358,0.23253,15,7.98,0.0928613,2.27987
457,0.47039,0.143841,14,6.08667,0.0657145,2.42906
458,0.406693,0.162102,13,6.7,0.0776704,2.81472
459,0.491264,0.182631,15,7.10667,0.0704773,2.52205
460,0.459822,0.168449,12,6.38667,0.0677568,2.31015
461,0.420647,0.112521,14,5.42667,0.0671289,2.60225
462,0.38777,0.0967032,13,5.00667,0.0976637,2.73124
463,0.429984,0.153916,14,5.98,0.0666169,2.52724
464,0.564096,0.181931,15,7.42667,0.0685343,2.39696
465,0.423841,0.145895,14,5.9,0.0919177,2.6816
466,0.536415,0.162924,15,6.58667,0.0787296,2.61037
467,0.513626,0.169856,14,6.46,0.0663839,2.62295
468,0.475715,0.140509,15,6.01333,0.0729308,2.53815
469,0.587019,0.195573,15,6.94667,0.137164,2.23165
470,0.52385,0.156707,14,5.85333,0.079126,2.36595
471,0.527931,0.165113,15,5.84667,0.0702579,2.40572
472,0.406957,0.118498,12,4.72,0.0733764,2.44705
473,0.473874,0.121943,14,5.13333,0.108559,2.5482
474,0.580925,0.160328,14,5.74667,0.0710785,2.51908
475,0.516692,0.158864,14,5.86667,0.0667616,2.41819
476,0.539113,0.146069,15,5.86667,0.209881,2.47072
477,0.52105,0.173449,15,6.72,0.0719305,2.56855
478,0.586777,0.141223,14,6.42,0.0747574,2.51107
479,0.478423,0.124062,13,5.78667,0.0937712,2.88024
480,0.434927,0.138152,13,6.08,0.075021,2.65938
481,0.513005,0.128328,14,5.32667,0.132247,2.48083
482,0.417429,0.118509,13,5.40667,0.0693397,2.7535
483,0.320911,0.0804374,12,3.94,0.0665684,2.70151
484,0.447183,0.0966187,14,4.78667,0.0691411,2.86389
485,0.459907,0.140292,15,5.94,0.0993133,2.30477
486,0.527441,0.140136,14,5.76667,0.134008,2.52744
487,0.688571,0.18233,15,6.94667,0.0721256,2.34999
488,0.525264,0.107475,13,4.88667,0.0665567,2.46738
489,0.478575,0.112707,14,5.09333,0.0679357,2.52447
490,0.465629,0.116493,14,5.42667,0.182496,3.09321
491,0.481967,0.128781,14,5.54,0.0705567,2.5156
492,0.473175,0.131203,15,5.95333,0.0684221,2.56512
493,0.520811,0.122821,14,6.00667,0.0743374,2.7924
494,0.542627,0.148284,15,6.82667,0.0678026,2.62046
495,0.483663,0.142765,14,6.16,0.0702644,2.67238
496,0.513886,0.136645,15,6.55333,0.067095,2.75472
497,0.489225,0.160474,15,6.28667,0.0709633,2.61054
498,0.467035,0.143979,14,5.39333,0.149681,2.7349
499,0.530279,0.173371,14,6.52,0.0848382,2.52385
500,0.411251,0.132157,14,5.32667,0.0822037,2.72268
501,0.533642,0.167196,15,6.58,0.0710246,2.42857
502,0.617531,0.148975,15,6.08667,0.0731449,2.72008
503,0.645843,0.171329,14,6.38667,0.0857478,2.32759
504,0.47436,0.158504,13,6.4,0.0708731,2.43179
505,0.57118,0.165405,14,6.20667,0.0731998,2.34302
506,0.553992,0.176652,15,6.64,0.0679321,2.46947
507,0.488573,0.142549,15,5.9,0.0745086,2.74509
508,0.425754,0.15936,13,5.46667,0.069024,2.70713
509,0.519065,0.181148,14,6.94,0.0697987,2.17825
510,0.549145,0.199926,14,6.55333,0.0867869,2.40533
511,0.502754,0.147353,15,5.92,0.0672487,2.42899
512,0.462236,0.146012,13,6.11333,0.081388,2.51027
513,0.64642,0.194662,15,7.24667,0.0691199,2.45125
514,0.481017,0.083243,13,4.34667,0.0661906,2.52843
515,0.590192,0.170037,15,6.27333,0.0667678,2.31467
516,0.623981,0.167633,13,5.80667,0.0836441,2.57678
517,0.640109,0.200767,14,6.28,0.0759426,2.39713
518,0.52052,0.156627,14,5.88667,0.0687494,2.58624
519,0.363255,0.0952535,14,4.70667,0.0845972,2.63052
520,0.476293,0.138357,13,5.65333,0.0673261,2.54347
521,0.458423,0.154527,13,5.46,0.0724747,2.63417
522,0.498256,0.165483,13,6.36,0.0778153,2.42288
523,0.482156,0.144335,13,5.2,0.0719199,2.39526
524,0.501126,0.160237,13,5.78667,0.0811308,2.33355
525,0.635667,0.204497,15,7.58,0.229611,2.59999
526,0.536258,0.181125,13,6.12,0.110444,2.24427
527,0.542006,0.200296,15,7.69333,0.0736648,2.26739
528,0.6207,0.202188,15,7.34667,0.0798674,2.52941
529,0.492296,0.171105,13,6.04,0.105343,2.73695
530,0.586394,0.166,14,6.39333,0.0790938,2.70633
531,0.593632,0.175366,15,6.39333,0.0661545,2.4438
532,0.60735,0.209461,14,7.29333,0.0752842,2.37743
533,0.608539,0.249747,14,7.78,0.0675294,2.25462
534,0.770832,0.27743,15,8.73333,0.0715764,2.10187
535,0.545939,0.190707,14,6.38667,0.0657079,2.33481
536,0.467127,0.156063,15,6.30667,0.0711649,2.49805
537,0.547814,0.158503,14,5.96667,0.0677301,2.51557
538,0.569563,0.19215,15,7.25333,0.068099,2.3661
539,0.49548,0.162436,14,5.77333,0.0681391,2.32419
540,0.633233,0.207239,14,6.62,0.0678267,2.51362
541,0.604963,0.193998,14,6.24,0.0662261,2.25792
542,0.514268,0.177917,14,6.13333,0.0719847,2.25593
543,0.435825,0.176278,14,6.09333,0.0688975,2.31577
544,0.384275,0.139405,14,5.6,0.0688928,2.46816
545,0.603287,0.197996,15,6.96,0.0793155,2.18379
546,0.482239,0.152228,13,5.50667,0.0954885,2.51531
547,0.652524,0.204539,15,7.25333,0.139906,2.18418
548,0.576703,0.174834,14,6.36,0.0704054,2.17597
549,0.570749,0.214545,15,6.83333,0.156985,2.41764
550,0.44129,0.130788,14,5.2,0.0904845,2.8169
551,0.528627,0.185313,15,6.42667,0.0709712,2.65149
552,0.507615,0.188208,14,6.58,0.0697419,2.66857
553,0.59703,0.229498,13,6.92667,0.0639363,2.47153
554,0.629328,0.192487,15,7.12,0.0689098,2.50192
555,0.439787,0.135136,14,5.24667,0.208357,2.66625
556,0.543221,0.212912,14,7.46,0.0717703,2.46663
557,0.601803,0.238077,15,7.5,0.0976602,2.32385
558,0.574758,0.217014,13,6.62667,0.0727113,2.0863
559,0.524424,0.170917,15,6.53333,0.0678021,2.49851
560,0.505772,0.173934,14,6.60667,0.0714271,2.61264
561,0.518611,0.172798,15,6.4,0.0660284,2.43708
562,0.418566,0.15483,14,5.81333,0.0712646,2.67759
563,0.491194,0.185984,14,6.05333,0.0742675,2.28062
564,0.499938,0.168996,15,6.25333,0.184954,2.66704
565,0.6157,0.204461,15,7.06667,0.0984272,2.1722
566,0.41227,0.140694,14,5.92667,0.0743782,2.38697
567,0.419431,0.15821,13,5.64667,0.0692127,2.36618
568,0.455367,0.136266,13,5.38667,0.0703703,2.47372
569,0.555948,0.172643,13,5.94,0.0698247,2.327
570,0.498815,0.167021,13,5.74,0.0708134,2.36311
571,0.449105,0.128238,15,5.42667,0.0777327,2.37208
572,0.37857,0.107648,14,5.16667,0.0818835,2.46467
573,0.561503,0.217793,15,8.15333,0.0738802,2.19638
574,0.436858,0.135777,14,5.34667,0.0693268,2.84445
575,0.639288,0.218938,14,7.00667,0.0693898,2.12992
576,0.571478,0.177813,13,5.35333,0.0693293,2.61468
577,0.597525,0.197715,14,6.58,0.068088,2.39081
578,0.492121,0.174203,13,5.69333,0.18392,2.71105
579,0.405567,0.145974,13,5.47333,0.0707067,2.25977
580,0.538735,0.156418,14,5.94667,0.0899867,2.40592
581,0.541301,0.18816,15,6.45333,0.0746664,2.26137
582,0.562107,0.18075,15,6.73333,0.0719655,2.391
583,0.61843,0.198995,15,6.58,0.159908,2.16618
584,0.498941,0.196382,14,6.94667,0.0699126,2.4561
585,0.561766,0.165809,15,6.25333,0.0770652,2.46936
586,0.396656,0.122489,13,4.8,0.0717232,2.49765
587,0.550382,0.184699,15,6.43333,0.0716819,2.25803
588,0.428822,0.139587,14,5.46667,0.0677388,2.22348
589,0.618939,0.190271,15,6.93333,0.0687645,2.1577
590,0.479911,0.12749,14,5.51333,0.0680844,2.45664
591,0.538544,0.17714,13,6.61333,0.0690787,2.26695
592,0.489135,0.169078,13,6.21333,0.0834063,2.31626
593,0.444569,0.140758,14,5.76667,0.0663018,2.43164
594,0.504661,0.148651,14,5.8,0.0688509,2.11327
595,0.501844,0.177977,14,6.30667,0.0683553,2.28059
596,0.496162,0.119978,15,5.46667,0.0700005,2.34236
597,0.448848,0.142101,15,5.60667,0.0695708,2.34107
598,0.642806,0.214132,15,7.64,0.07182,2.14089
599,0.581745,0.185186,14,6.08,0.067026,2.1187
600,0.517174,0.159663,15,6.21333,0.0684182,2.35963
601,0.495098,0.138438,15,6.38667,0.0700606,2.5876
602,0.471823,0.135027,13,5.46667,0.0675466,2.46148
603,0.5837,0.179492,15,6.54,0.0699287,2.33343
604,0.620519,0.115362,15,5.3,0.0669892,2.33181
605,0.543581,0.162503,15,6.46667,0.0730508,2.42926
606,0.592766,0.200799,15,7.20667,0.0764514,2.12144
607,0.532724,0.168901,14,6.24667,0.0672181,2.16091
608,0.570142,0.198986,15,6.99333,0.0670711,2.01577
609,0.497252,0.165413,13,6.51333,0.0796552,2.10743
610,0.515742,0.148425,14,5.78667,0.0657489,2.3291
611,0.492848,0.166853,15,6.32667,0.0686455,2.37107
612,0.53127,0.155595,13,5.84,0.067072,2.2659
613,0.626749,0.18141,15,6.73333,0.138101,2.20993
614,0.519579,0.192214,15,7.13333,0.0678861,2.38915
615,0.479104,0.132068,15,5.68,0.0671403,2.63386
616,0.545679,0.171941,12,5.96,0.0679481,2.46031
617,0.606984,0.194092,14,6.61333,0.0670049,2.24424
618,0.556082,0.165463,14,6.16667,0.065691,2.27073
619,0.698902,0.213132,15,7.1,0.0698781,2.37225
620,0.545888,0.207899,15,7.06667,0.0763214,2.21364
621,0.607516,0.176603,14,6.12,0.0814226,2.37816
622,0.645061,0.193439,15,7.02,0.068995,2.12224
623,0.455135,0.155265,13,5.58,0.0672881,2.18239
624,0.545374,0.149448,14,5.69333,0.0700312,2.20412
625,0.439581,0.140243,13,4.84667,0.0692494,2.35981
626,0.566591,0.205223,14,7.08,0.0660816,2.24705
627,0.616216,0.195356,14,6.85333,0.0726901,2.09819
628,0.533033,0.171569,14,6.19333,0.0744286,2.28645
629,0.649784,0.232213,15,7.60667,0.0723751,2.02402
630,0.55771,0.154438,13,5.64,0.0707262,2.46619
631,0.593815,0.215719,14,7.05333,0.0677574,2.29833
632,0.514324,0.183083,14,5.98,0.066377,2.18852
633,0.491876,0.16853,13,5.96667,0.0708357,2.30406
634,0.503449,0.140841,14,4.86,0.0788867,2.62883
635,0.472875,0.161584,13,5.47333,0.0679635,2.43187
636,0.539611,0.171281,14,5.38,0.0704993,2.4135
637,0.675733,0.186043,14,6.00667,0.0872325,2.29019
638,0.585297,0.189959,14,6.62,0.0782126,2.14733
639,0.565463,0.188277,13,5.74667,0.0665824,2.27531
640,0.64882,0.210392,15,7.02667,0.0693634,2.23945
641,0.493481,0.182402,13,6.41333,0.0664099,2.12798
642,0.544241,0.165354,14,6.48667,0.0701932,2.102
643,0.485164,0.162417,14,5.7,0.132439,2.48924
644,0.685801,0.209029,15,6.99333,0.075063,2.07341
645,0.702991,0.26737,15,7.96,0.0767758,1.96113
646,0.480152,0.156712,15,5.52667,0.0865419,2.28169
647,0.432582,0.150447,14,5.51333,0.0675134,2.54128
648,0.611854,0.180445,15,6.49333,0.0695147,2.26917
649,0.49207,0.192206,14,7.16667,0.0710641,2.28643
650,0.479194,0.15541,14,5.92,0.0761219,2.42029
651,0.6037,0.208361,15,6.98,0.0745378,2.32029
652,0.739329,0.232379,15,7.25333,0.0702358,2.1464
653,0.579141,0.183933,15,6.72,0.0709224,2.35566
654,0.535297,0.171107,14,5.76,0.0686729,2.25857
655,0.707368,0.234243,15,7.68667,0.0870632,2.36814
656,0.547126,0.198113,14,7.50667,0.0682622,2.13906
657,0.397274,0.132665,13,4.98667,0.0724842,2.56685
658,0.618116,0.220058,15,7.06667,0.0798053,2.40041
659,0.576978,0.206425,15,7.2,0.0702089,2.47149
660,0.540539,0.180118,15,6.78,0.0670131,2.45419
661,0.678564,0.217413,15,7.58,0.0741094,2.5492
662,0.559139,0.163448,14,6.21333,0.0768806,2.29064
663,0.573897,0.201648,15,7.08,0.0681146,2.36461
664,0.573091,0.209017,15,7.55333,0.0699708,2.42061
665,0.457505,0.168286,13,5.72667,0.0821638,2.37215
666,0.519901,0.197797,15,7.07333,0.116277,2.27957
667,0.579413,0.182921,14,6.3,0.0672624,2.12245
668,0.650196,0.199624,14,6.23333,0.0727701,2.32093
669,0.553026,0.183715,14,6.54667,0.132543,2.39506
670,0.638345,0.200752,15,6.56,0.0712263,2.14106
671,0.611499,0.211213,14,6.95333,0.0898532,2.06154
672,0.58474,0.207348,14,7.12667,0.087026,2.19862
673,0.639457,0.187581,15,6.69333,0.092039,2.21187
674,0.478527,0.163896,13,5.57333,0.0758025,2.23458
675,0.58708,0.177004,15,6.04,0.0677477,2.06022
676,0.545367,0.194058,14,6.58,0.0669695,2.10643
677,0.546484,0.174339,14,6.06667,0.0688281,2.35336
678,0.58362,0.203419,15,7,0.0683143,2.39196
679,0.607749,0.183142,15,6.81333,0.0674714,2.34758
680,0.673875,0.170128,14,6.04667,0.0684068,2.24766
681,0.577854,0.175832,14,6.64,0.0692904,2.6326
682,0.483058,0.156584,14,5.82,0.072155,2.32975
683,0.654453,0.197655,15,6.30667,0.0662615,2.18049
684,0.630421,0.175739,15,6.52,0.0821609,2.33539
685,0.64954,0.210461,15,7.28,0.0681182,2.26302
686,0.551908,0.198573,15,6.71333,0.0696642,2.30625
687,0.621045,0.231327,15,7.43333,0.0694514,2.17547
688,0.574663,0.1831,14,6.35333,0.0689758,2.28266
689,0.551383,0.180094,15,6.51333,0.0703264,2.36101
690,0.668748,0.211738,15,6.96667,0.0716695,2.24753
691,0.620329,0.211674,15,7.32667,0.0703328,2.30813
692,0.661321,0.209823,15,7.2,0.0722365,2.09714
693,0.527721,0.205933,15,7.56,0.147094,2.5359
694,0.605455,0.218976,15,7.21333,0.0689467,2.14444
695,0.518887,0.199538,14,6.78,0.0692174,2.35854
696,0.448757,0.149668,15,5.48667,0.0713812,2.78572
697,0.66167,0.178123,15,5.98667,0.0694012,2.24215
698,0.580212,0.190611,15,6.46667,0.080445,2.45764
699,0.620706,0.214355,15,6.54667,0.0688735,2.18284
700,0.56587,0.176793,15,6.23333,0.0695228,2.22374
701,0.565109,0.227334,15,7.56,0.0685182,2.53747
702,0.636,0.250011,15,7.79333,0.0852605,2.20344
703,0.616874,0.215153,15,7.48667,0.0713421,2.30811
704,0.63149,0.225912,15,7.54667,0.0837327,2.41586
705,0.607049,0.219627,14,6.77333,0.066202,2.32216
706,0.661168,0.208667,15,7.19333,0.072365,2.23796
707,0.644147,0.209532,14,6.58,0.0655614,2.46108
708,0.777177,0.241516,15,7.60667,0.066549,2.15064
709,0.535478,0.208116,15,7.20667,0.0685265,2.42783
710,0.542829,0.230574,15,7.78667,0.0977857,2.30675
711,0.633259,0.225078,15,7.46,0.0667631,2.24689
712,0.735215,0.265197,15,7.79333,0.0695996,2.24962
713,0.476315,0.195668,15,6.82667,0.0697631,2.37277
714,0.569117,0.222087,15,6.42667,0.0664003,2.19803
715,0.595251,0.23548,15,7.48,0.138843,2.33232
716,0.569947,0.222007,14,7.12,0.0971731,2.47922
717,0.74128,0.293172,15,8.33333,0.0670785,1.92622
718,0.701401,0.263628,15,7.68667,0.0673792,2.03188
719,0.564646,0.226574,15,6.84667,0.0743632,2.0058
720,0.682616,0.25371,15,7.97333,0.0843351,2.27141
721,0.510012,0.20434,15,6.62667,0.0718919,2.38106
722,0.581168,0.194479,15,6.48,0.0638999,2.28532
723,0.500689,0.152951,15,6.1,0.0724337,2.54346
724,0.511027,0.196721,15,6.60667,0.192437,2.67901
725,0.577892,0.220711,14,7.68,0.0688443,2.35026
726,0.61536,0.228023,15,7.97333,0.0727016,2.24882
727,0.523481,0.198615,15,6.14,0.0664155,2.31734
728,0.551939,0.219459,15,7.80667,0.0687697,2.49393
729,0.537204,0.17926,14,6.62,0.121111,2.50729
730,0.525809,0.21218,15,7.85333,0.15691,2.4583
731,0.593741,0.167212,15,6.31333,0.0685216,2.63282
732,0.627554,0.219114,15,7.12667,0.0736119,2.43803
733,0.537503,0.156845,15,6.31333,0.0685186,2.58832
734,0.636789,0.207309,15,7.22,0.104727,2.23488
735,0.499365,0.187334,15,7.38,0.172275,2.43201
736,0.448241,0.185263,13,6.36,0.092753,2.75145
737,0.695037,0.263662,15,8.49333,0.0726196,2.04481
738,0.638306,0.23738,15,7.37333,0.0903951,2.1464
739,0.679633,0.243067,15,7.8,0.067408,1.94386
740,0.684963,0.225233,15,6.9,0.0718228,1.95774
741,0.588588,0.18005,15,5.94,0.0717872,2.49004
742,0.549532,0.179931,14,6.47333,0.0698298,2.32549
743,0.568247,0.193581,14,7.02,0.0714062,2.47978
744,0.511195,0.16853,15,5.86667,0.0752442,2.49059
745,0.415295,0.117217,13,4.65333,0.0679232,2.74306
746,0.584786,0.203993,14,6.52,0.0809907,2.71248
747,0.632223,0.182284,15,6.47333,0.0732528,2.21008
748,0.654264,0.216841,15,6.64667,0.0686694,2.16903
749,0.533471,0.173683,13,5.63333,0.068408,2.27183
750,0.542924,0.180981,15,6.25333,0.0713141,2.12518
751,0.549581,0.1783,13,6.38667,0.0681504,2.24251
752,0.622033,0.209839,14,7.02667,0.0682595,2.08926
753,0.592827,0.22556,15,6.92,0.0856459,2.21899
754,0.576037,0.211009,15,6.99333,0.0723418,2.1022
755,0.483968,0.162058,15,5.79333,0.0677521,2.36823
756,0.540204,0.175061,13,5.78667,0.0750399,2.56138
757,0.528444,0.190189,15,6.86667,0.0703562,2.15753
758,0.463419,0.140117,14,5.80667,0.0700472,2.64754
759,0.567026,0.191356,15,6.68667,0.0899185,2.52807
760,0.678308,0.213973,15,7.56667,0.0679678,2.28253
761,0.550665,0.161561,14,5.94,0.0705506,2.46526
762,0.62768,0.194509,15,6.84667,0.0700929,2.14249
763,0.584305,0.191561,15,6.84,0.0723353,2.23809
764,0.455757,0.159357,15,5.57333,0.147118,2.43001
765,0.502879,0.196655,15,7.4,0.0751712,2.08522
766,0.566126,0.15522,15,5.70667,0.065892,2.30475
767,0.597909,0.199023,14,6.76,0.0677389,2.24592
768,0.505898,0.171467,14,5.95333,0.0693459,2.46784
769,0.525014,0.192788,15,6.76667,0.0711632,2.41462
770,0.55304,0.192822,14,6.69333,0.0645197,2.46299
771,0.559004,0.23602,15,8.32,0.0703344,2.23366
772,0.527962,0.210824,13,6.80667,0.0683946,2.52149
773,0.606495,0.200027,14,7.11333,0.0760843,2.35114
774,0.607656,0.233632,15,7.64667,0.0919736,2.19705
775,0.581056,0.198149,15,7.20667,0.0659674,2.17371
776,0.568419,0.238128,14,7.86667,0.0729234,2.34582
777,0.560592,0.236275,15,7.36,0.125837,2.51319
778,0.638435,0.255149,15,8.27333,0.0927104,2.20633
779,0.496076,0.211413,14,7.3,0.0699176,2.48295
780,0.611757,0.25177,15,7.56667,0.0922451,2.16492
781,0.617927,0.254056,15,7.84,0.184595,2.37743
782,0.591865,0.235035,15,7.2,0.0684567,2.10315
783,0.54203,0.239324,15,7.26667,0.0776588,2.30611
784,0.498966,0.155104,14,5.14667,0.0698637,2.52088
785,0.615969,0.205205,15,6.96,0.0684934,2.32722
786,0.567179,0.22262,15,7.7,0.196122,2.46651
787,0.55902,0.201915,15,6.93333,0.199933,2.29737
788,0.515193,0.185173,15,6.46667,0.0674905,2.33638
789,0.471821,0.150867,14,5.97333,0.0714637,2.45294
790,0.474372,0.176093,13,5.68667,0.0846418,2.49207
791,0.636904,0.232879,15,7.94,0.0752955,2.19077
792,0.564494,0.200385,14,7.05333,0.0821518,2.47762
793,0.538977,0.198346,15,7.36,0.072676,2.38556
794,0.615921,0.244354,15,7.54667,0.0720654,2.2924
795,0.647198,0.218484,15,7.07333,0.120887,2.25776
796,0.467847,0.159831,13,5.83333,0.0689971,2.57065
797,0.613507,0.235162,15,7.34,0.122221,2.19201
798,0.431087,0.152988,14,6.05333,0.0951936,2.60652
799,0.645284,0.243455,14,8.18667,0.0700289,2.29829
800,0.615012,0.249051,15,8.82667,0.0746798,2.27765
801,0.601974,0.227972,15,7.24,0.070846,2.45665
802,0.573032,0.185569,15,6.79333,0.0698368,2.26673
803,0.499363,0.169361,14,5.92667,0.0847225,2.49549
804,0.688402,0.242472,15,7.61333,0.0704011,2.31508
805,0.494642,0.180309,13,6.20667,0.0700231,2.56841
806,0.605948,0.204088,15,6.94667,0.071419,2.51504
807,0.488498,0.143812,14,5.42667,0.0750689,2.29667
808,0.599896,0.209664,14,7.12,0.182279,2.4409
809,0.655909,0.226338,15,7.13333,0.068702,2.15422
810,0.665234,0.265976,15,8.48667,0.0715254,2.05366
811,0.700311,0.258751,15,8.06667,0.0696479,2.24119
812,0.626963,0.284987,15,8.67333,0.225327,2.22082
813,0.622084,0.212939,14,7.16667,0.130483,2.33603
814,0.591355,0.213435,15,6.80667,0.0656632,2.39585
815,0.612314,0.242136,15,8.08,0.0822924,2.30218
816,0.633069,0.228605,15,7.15333,0.0692589,2.37582
817,0.522729,0.198726,15,6.66,0.0707602,2.37683
818,0.502453,0.173316,14,6.12667,0.069517,2.35093
819,0.672204,0.23154,14,7.56,0.0682578,2.37534
820,0.611739,0.18764,15,7.26,0.0667125,2.65025
821,0.595602,0.22822,15,7.15333,0.194525,2.38724
822,0.570852,0.185734,14,6.77333,0.26427,2.60441
823,0.695423,0.21586,15,7.39333,0.190584,2.25257
824,0.494562,0.168316,15,6.67333,0.0691148,2.72899
825,0.595523,0.19425,14,7.34667,0.0868626,2.42177
826,0.557809,0.206735,15,7.08667,0.0673538,2.3178
827,0.522717,0.195406,14,7.08,0.0696025,2.3343
828,0.595017,0.231473,15,7.34,0.102105,1.92896
829,0.522126,0.21646,15,6.82,0.0761967,2.34084
830,0.610993,0.226428,14,7.16667,0.0799555,2.39169
831,0.71376,0.271867,15,8.12667,0.0724647,2.24666
832,0.538742,0.205858,15,7.20667,0.0763931,2.28603
833,0.544419,0.193687,15,6.1,0.0738829,2.40508
834,0.508481,0.170797,14,6,0.0700929,2.57729
835,0.533002,0.231578,14,7.8,0.0687823,2.41274
836,0.545889,0.200691,14,7.31333,0.117497,2.38737
837,0.496832,0.187519,15,6.83333,0.0705626,2.52236
838,0.572516,0.20405,15,7.08667,0.144862,2.51648
839,0.655766,0.216091,15,7.13333,0.0699772,2.42884
840,0.478052,0.149611,14,5.52667,0.0646746,2.53662
841,0.578999,0.212551,15,7.72,0.0915681,2.52178
842,0.682711,0.232179,15,7.6,0.2489,2.28769
843,0.566611,0.187592,14,6.98,0.0683698,2.43767
844,0.66329,0.208261,15,7.79333,0.0753244,2.29261
845,0.537678,0.169385,15,6.48667,0.0674523,2.38443
846,0.583001,0.183474,15,6.84667,0.319354,2.32574
847,0.625951,0.209693,15,7.36667,0.0821528,2.2249
848,0.566858,0.165153,15,6.47333,0.0807236,2.26601
849,0.678008,0.221095,15,7.16667,0.0755965,2.21342
850,0.694565,0.254187,14,7.66,0.150944,2.39855
851,0.643827,0.238036,15,7.85333,0.0816563,2.3751
852,0.623913,0.235539,14,7.24,0.0716494,2.24925
853,0.591579,0.208728,15,7.44667,0.143737,2.34173
854,0.560437,0.208574,15,7.45333,0.0681328,2.2531
855,0.681929,0.250295,15,8.58667,0.074914,2.22556
856,0.49755,0.179841,14,6.58667,0.0689458,2.53491
857,0.490322,0.1848,15,7.16667,0.126551,2.47983
858,0.672506,0.251513,14,8.38,0.0691483,2.28133
859,0.522906,0.186693,15,6.68,0.0727756,2.17794
860,0.57347,0.187508,14,6.51333,0.182015,2.4421
861,0.655264,0.232374,15,7.9,0.0886412,2.25909
862,0.718814,0.257933,15,7.84,0.147346,2.12501
863,0.497462,0.18477,14,7.03333,0.0794985,2.31843
864,0.652578,0.207942,15,6.88,0.0957024,2.34053
865,0.556582,0.182022,15,6.68667,0.0699493,2.09312
866,0.507582,0.182921,13,6.22,0.0690941,2.3936
867,0.657517,0.223918,15,7.24667,0.0756852,2.38038
868,0.626102,0.236978,15,7.83333,0.092025,2.37491
869,0.508647,0.202009,15,6.46667,0.104772,2.46681
870,0.693046,0.232068,15,7.54,0.0753096,2.38349
871,0.51181,0.17274,15,6.42,0.087734,2.59774
872,0.392727,0.12573,14,5.12667,0.12879,2.80085
873,0.586659,0.196862,14,7.06667,0.0663943,2.55002
874,0.508902,0.16145,13,6.04,0.15528,2.64406
875,0.519324,0.18955,14,7.01333,0.183042,2.42865
876,0.513012,0.195973,15,6.05333,0.0686178,2.46536
877,0.622311,0.20197,15,7.29333,0.0677502,2.34891
878,0.603588,0.166531,14,6.27333,0.070731,2.41801
879,0.608615,0.188451,15,6.74667,0.0748742,2.24224
880,0.627118,0.217348,15,7.94667,0.0784873,2.25676
881,0.714985,0.194997,14,7.06667,0.0686696,2.24147
882,0.735822,0.231958,15,7.55333,0.188997,2.29999
883,0.6695,0.266742,15,8.51333,0.0774663,2.05907
884,0.705644,0.268184,15,7.72,0.0669731,2.21028
885,0.440799,0.152539,14,5.96,0.0689235,2.4771
886,0.711183,0.250915,15,8.04667,0.179076,2.13014
887,0.682813,0.185695,15,6.52667,0.114243,2.2512
888,0.541047,0.162299,14,6.36,0.0699183,2.18806
889,0.572111,0.167369,15,6.44667,0.0683793,2.11586
890,0.543203,0.211375,14,6.88667,0.070998,2.3363
891,0.55071,0.211514,13,6.77333,0.0750956,2.41779
892,0.62805,0.212756,15,7.2,0.0661013,2.33275
893,0.582343,0.250942,15,7.99333,0.120223,2.18011
894,0.644692,0.252958,15,8.22,0.0739568,2.3048
895,0.551354,0.195953,15,6.85333,0.176722,2.35963
896,0.446815,0.130078,13,5.11333,0.0679318,2.79718
897,0.566434,0.176287,13,6.09333,0.0767713,2.67928
898,0.593619,0.208602,14,7.84667,0.0721843,2.5222
899,0.572163,0.224713,14,7.01333,0.0887534,2.2731
900,0.476616,0.189327,15,7.43333,0.0675494,2.55558
901,0.596891,0.221066,14,7.29333,0.0680518,2.41779
902,0.406172,0.154547,14,6.12667,0.334461,2.65293
903,0.662994,0.25915,15,8.79333,0.0693144,2.06495
904,0.710852,0.274901,15,8.76,0.0687847,2.16556
905,0.651718,0.218262,15,7.84667,0.0812572,2.32929
906,0.59377,0.218139,15,7.02,0.0674979,2.54054
907,0.654298,0.271673,14,7.75333,0.0710994,2.26201
908,0.549857,0.197514,14,7.22,0.0677583,2.50509
909,0.653952,0.25776,15,8.09333,0.0712331,2.27459
910,0.531044,0.219164,15,7.94,0.0720116,2.38088
911,0.583861,0.2174,14,7.20667,0.0849698,2.4623
912,0.640426,0.247079,15,8.63333,0.263398,2.35038
913,0.651798,0.197325,14,6.82667,0.0820039,2.39403
914,0.530828,0.190657,14,7.33333,0.128244,2.78668
915,0.489455,0.17984,14,6.84,0.0675697,2.61077
916,0.546426,0.187302,15,6.98667,0.0696028,2.47361
917,0.560663,0.226049,14,7.9,0.165328,2.43
918,0.508293,0.210841,14,6.98,0.12831,2.5293
919,0.675396,0.273729,14,8.45333,0.0863468,2.15842
920,0.468123,0.16656,14,6.46667,0.0682689,2.6661
921,0.640167,0.233236,15,8.1,0.0669348,2.06025
922,0.604555,0.21756,15,7.22667,0.0906782,2.72464
923,0.539453,0.193293,14,7.28,0.131665,2.71994
924,0.578069,0.245076,14,8.04,0.0695725,2.51037
925,0.62156,0.234379,15,8.04,0.0676921,2.44471
926,0.559713,0.217045,15,7.16,0.0676649,2.46776
927,0.563451,0.223242,13,7.49333,0.0867285,2.39299
928,0.639089,0.286336,15,8.79333,0.0709192,2.1795
929,0.588968,0.256369,15,8.48667,0.0703178,2.31231
930,0.67843,0.226734,15,7.62,0.0689611,2.1404
931,0.643874,0.269384,15,8.26,0.0781115,2.19808
932,0.55239,0.237242,14,7.3,0.0718068,2.47273
933,0.566794,0.227959,15,7.56667,0.112344,2.3552
934,0.651765,0.232269,15,7.27333,0.0730714,2.44852
935,0.570229,0.232805,15,8.08667,0.0683391,2.20495
936,0.538763,0.217642,14,7.20667,0.155679,2.36962
937,0.693275,0.226313,15,7.23333,0.0876602,2.41898
938,0.643261,0.2296,15,8.08667,0.0702424,2.36648
939,0.578639,0.257219,15,7.58667,0.104898,2.30974
940,0.56736,0.247292,14,7.67333,0.0670662,2.46344
941,0.57476,0.248723,15,8.53333,0.0699387,2.31273
942,0.65637,0.2639,15,8.88667,0.0822364,2.22463
943,0.577925,0.221362,15,8.07333,0.0744623,2.60005
944,0.630703,0.25796,15,8.76667,0.197107,2.43882
945,0.512819,0.189963,14,6.85333,0.0667211,2.61439
946,0.519384,0.180368,15,6.73333,0.0690135,3.07022
947,0.53756,0.212842,15,8.04667,0.0771403,2.47675
948,0.655509,0.233627,15,7.81333,0.20557,2.48284
949,0.683168,0.242578,15,8.28,0.0720657,2.25499
950,0.566268,0.211778,15,7.69333,0.0680344,2.57062
951,0.556341,0.209294,14,6.72667,0.0667691,2.50142
952,0.502247,0.229613,14,7.81333,0.0729769,2.57975
953,0.691896,0.288514,15,9.16,0.0934247,2.27361
954,0.439905,0.185147,14,6.94,0.141972,2.79668
955,0.526343,0.203805,15,8.00667,0.0718767,2.54117
956,0.582779,0.211473,15,8.12,0.0686231,2.45147
957,0.500834,0.168965,15,7.23333,0.0736576,2.68001
958,0.653535,0.214258,15,8.20667,0.072167,2.50406
959,0.554617,0.208606,14,7.85333,0.0698572,2.59033
960,0.586146,0.21277,13,7.07333,0.0683048,2.64962
961,0.571232,0.20847,14,7.65333,0.108805,2.7893
962,0.63446,0.219385,14,7.86667,0.1708,2.48822
963,0.629854,0.267337,15,8.83333,0.0684247,2.20822
964,0.650705,0.23693,15,8.32667,0.0698238,2.45562
965,0.47386,0.200125,14,6.94,0.0779311,2.71083
966,0.623258,0.212872,14,7.65333,0.0971186,2.57008
967,0.658111,0.218671,15,8.19333,0.0671946,2.27769
968,0.549997,0.215364,15,7.95333,0.0686959,2.27417
969,0.625411,0.223898,15,8.12,0.0734797,2.47412
970,0.50798,0.180255,15,6.6,0.0650334,2.71749
971,0.590616,0.16955,14,6.15333,0.0687393,2.40752
972,0.750225,0.239314,15,7.34667,0.065901,2.11836
973,0.655368,0.246887,15,8.24667,0.068429,2.2199
974,0.779148,0.249403,15,8.62,0.0734557,2.17941
975,0.497601,0.179773,15,7.02667,0.0680908,2.4863
976,0.496138,0.188384,13,6.7,0.0672263,2.57332
977,0.437559,0.158259,13,5.78667,0.0669507,2.43733
978,0.56282,0.210478,14,7.44,0.0896423,2.61634
979,0.648074,0.225764,15,8.00667,0.108478,2.24048
980,0.687186,0.224895,15,8.84,0.0689591,2.2595
981,0.518163,0.205321,15,7.9,0.0687911,2.48476
982,0.594151,0.213617,15,8.12,0.064875,2.35354
983,0.642883,0.225566,15,8.38,0.0729908,2.54988
984,0.645523,0.250748,15,8.32,0.0807806,2.15251
985,0.627072,0.2146,15,8.40667,0.07053,2.43239
986,0.704005,0.226033,14,8.04,0.0725034,2.54139
987,0.629323,0.232904,15,7.63333,0.0658965,2.32221
988,0.641901,0.219647,15,7.92,0.0904252,2.41984
989,0.635345,0.204989,15,7.18,0.0683383,2.3839
990,0.52599,0.187968,15,7.56,0.0669298,2.51181
991,0.527353,0.196618,14,7.55333,0.0684232,2.59986
992,0.455247,0.165968,15,6.89333,0.0671776,2.63481
993,0.626334,0.213919,15,7.94,0.0745275,2.55768
994,0.555539,0.22157,15,7.90667,0.139138,2.62623
995,0.605536,0.229589,15,8.14667,0.0671275,2.52513
996,0.587218,0.191322,15,7.22667,0.066869,2.61444
997,0.63716,0.220784,15,7.74,0.0651294,2.52113
998,0.558305,0.215211,14,7.25333,0.0696977,2.47826
999,0.565807,0.186808,15,6.57333,0.0662893,2.43271
1000,0.624319,0.243358,15,7.63333,0.0783997,2.35811
