1,0.0576409,0.000991325,4,0.113333,0.0705196,1.07638
2,0.104979,0.00288205,3,0.173333,0.0691198,1.12829
3,0.118464,0.00292812,6,0.3,0.0700067,1.02488
4,0.147476,0.00836489,6,0.713333,0.0684291,1.24644
5,0.105224,0.0061469,8,1.02,0.0700696,1.40489
6,0.147662,0.0108056,8,1.21333,0.0885648,1.34792
7,0.156621,0.0193845,7,1.81333,0.06786,1.25772
8,0.0980366,0.00777333,7,1.26667,0.0953517,1.00301
9,0.15074,0.0108779,7,1.21333,0.0662127,0.975243
10,0.14733,0.0180393,10,1.78667,0.0725507,1.25018
11,0.0907891,0.00824522,6,1.04,0.0936356,0.867177
12,0.0914351,0.0154391,10,2.04,0.0784552,0.983551
13,0.132994,0.0290353,8,1.98,0.0732685,0.924307
14,0.177045,0.025446,9,2.68667,0.0692141,0.955743
15,0.125123,0.0312586,7,2.08667,0.0760415,0.775944
16,0.18765,0.0401408,9,2.88,0.0707337,1.07707
17,0.172339,0.0259258,8,2.5,0.0676276,1.04019
18,0.170914,0.0288214,9,3.27333,0.0798704,1.11276
19,0.174294,0.0188815,8,2.06,0.0687614,0.908522
20,0.1185,0.0285738,11,2.84667,0.0743291,0.941272
21,0.16758,0.0297347,9,2.24667,0.0737705,0.91847
22,0.134583,0.0256968,9,1.98,0.074697,0.822629
23,0.190295,0.0283198,7,2.18667,0.0724486,1.02045
24,0.18551,0.0137661,7,1.98667,0.0687064,1.02645
25,0.122652,0.0222395,13,2.47333,0.182774,1.28013
26,0.234904,0.0328691,10,3.62,0.0720212,1.28074
27,0.19746,0.0270431,12,2.22,0.0728187,1.35547
28,0.151818,0.0329935,9,2.28,0.0689808,1.43932
29,0.154326,0.0157281,10,2.04,0.0640343,1.15585
30,0.134147,0.0158736,10,1.72667,0.0838229,1.30631
31,0.186854,0.0316172,13,3.16667,0.100368,1.15736
32,0.148155,0.0215938,12,3.16667,0.0750547,1.24907
33,0.195139,0.0475894,12,3.07333,0.0762941,1.26019
34,0.220259,0.0210853,11,2.99333,0.0717778,1.34505
35,0.216215,0.0367783,10,3.08667,0.0772202,1.4172
36,0.211896,0.0305817,11,2.89333,0.144998,1.27379
37,0.243738,0.0346111,14,2.92,0.0751938,1.18031
38,0.191387,0.0159974,9,1.92,0.0767918,1.25406
39,0.357123,0.0459883,12,4.09333,0.0728747,2.42445
40,0.403549,0.0270212,12,2.53333,0.0750146,1.5164
41,0.358639,0.0353781,15,3.46667,0.0708733,1.78635
42,0.227055,0.0379285,11,3.35333,0.0715148,1.96037
43,0.246296,0.0350276,9,2.63333,0.170818,1.88015
44,0.273156,0.0564873,14,3.9,0.0776661,1.84169
45,0.313,0.0309639,11,2.47333,0.0683243,1.47868
46,0.338089,0.0447848,11,2.96667,0.0858077,2.03719
47,0.28236,0.0262357,14,2.75333,0.0697172,1.49321
48,0.396822,0.0643075,12,3.89333,0.0783786,1.81182
49,0.342895,0.0484292,14,3.93333,0.0860596,1.94529
50,0.276871,0.0526076,12,3.37333,0.0823538,2.54218
51,0.286261,0.044133,12,3.19333,0.127926,2.27852
52,0.281523,0.0764924,13,4.38,0.0699782,2.42094
53,0.223895,0.0421039,11,3.12667,0.0689694,2.32191
54,0.492441,0.0754539,13,4.7,0.124619,2.48246
55,0.317529,0.0710523,11,4.09333,0.146714,2.3168
56,0.270594,0.0640418,10,3.51333,0.0653058,2.54835
57,0.272292,0.0566415,12,3.8,0.0669727,2.33657
58,0.279525,0.0501669,13,3.86,0.0686122,2.27708
59,0.408157,0.0934841,12,4.68,0.0692801,2.37899
60,0.415722,0.0918355,14,5.11333,0.0944408,2.64484
61,0.352876,0.0421257,13,3.23333,0.0680404,2.33077
62,0.313002,0.0703008,13,4.59333,0.212826,2.48868
63,0.399159,0.0954858,13,5.10667,0.0704677,2.34099
64,0.40349,0.0524117,12,3.52,0.0651168,2.59903
65,0.263678,0.0525287,13,3.22667,0.070772,2.70342
66,0.434994,0.104156,13,5.29333,0.0709219,2.40112
67,0.385587,0.0618437,14,4.05333,0.0810953,2.48613
68,0.341191,0.0797549,13,4.24,0.0806399,2.49077
69,0.309246,0.052827,15,3.86667,0.0730108,2.62423
70,0.274486,0.0509023,11,3.38,0.0708984,2.64834
71,0.268585,0.0581323,12,4.62667,0.0753587,2.71697
72,0.358069,0.0912798,14,4.94,0.0689355,2.47516
73,0.397252,0.091164,14,4.95333,0.0685287,2.57441
74,0.453948,0.0968398,14,4.83333,0.0810035,2.66239
75,0.371318,0.0683196,12,4.97333,0.0663542,3.13817
76,0.422464,0.0724335,13,4.54667,0.0667731,2.59575
77,0.508539,0.123082,14,5.36,0.0770745,2.76037
78,0.424553,0.0809655,15,4.90667,0.091378,2.73836
79,0.401504,0.0985221,15,4.80667,0.0783285,2.642
80,0.404777,0.10507,15,5.47333,0.0819933,2.78665
81,0.596049,0.117385,15,6.12667,0.0724518,2.56825
82,0.459887,0.0733865,13,4.36,0.0973879,2.72169
83,0.338994,0.0774701,13,4.43333,0.114882,2.8563
84,0.393056,0.0781589,14,4.95333,0.0828242,2.87886
85,0.457245,0.0868741,13,4.98667,0.0706038,2.47965
86,0.489804,0.0895047,14,4.76,0.083271,2.85297
87,0.357197,0.080652,13,4.15333,0.0668512,2.66653
88,0.437489,0.106959,15,4.43333,0.0765817,2.62391
89,0.384854,0.099715,14,5.17333,0.097066,2.3893
90,0.359907,0.0815904,13,4.26,0.0877174,3.03341
91,0.492055,0.145394,15,6.09333,0.0695889,2.65681
92,0.600426,0.141966,14,5.36,0.0808463,2.39232
93,0.357386,0.0927204,13,4.43333,0.0687152,2.61428
94,0.506415,0.127419,14,5.26,0.072543,2.65531
95,0.386294,0.0982467,14,4.51333,0.106746,2.59533
96,0.404726,0.103239,13,4.56,0.0700519,2.70146
97,0.501934,0.114839,14,4.72,0.0924189,2.68327
98,0.332123,0.0999285,14,4.96,0.335784,2.82383
99,0.446375,0.125707,13,5.33333,0.070355,2.72711
100,0.44888,0.0957218,12,4.26667,0.0686486,2.6989
101,0.351267,0.0997774,14,4.64,0.0771295,2.89641
102,0.436044,0.097483,12,4.17333,0.0803073,2.46394
103,0.60046,0.105297,15,4.12667,0.0687239,2.35259
104,0.412413,0.0849296,14,4.38,0.0717829,2.88395
105,0.414795,0.110311,14,4.64,0.0733981,2.62636
106,0.417302,0.135742,13,5.40667,0.0684735,2.72235
107,0.427085,0.10689,14,4.68667,0.120502,2.61263
108,0.528544,0.126808,15,4.9,0.0954866,2.76409
109,0.416183,0.126352,12,4.87333,0.0765228,2.55673
110,0.400844,0.121514,14,5.13333,0.0668255,2.7912
111,0.395092,0.117474,14,5.37333,0.20482,2.73286
112,0.443116,0.106439,14,5.16667,0.0707297,2.61695
113,0.361964,0.0842409,14,4.41333,0.0649222,2.83683
114,0.503757,0.127655,15,5.79333,0.0696616,2.77681
115,0.475256,0.0920554,12,4.24667,0.069937,2.74347
116,0.468919,0.128898,13,5.37333,0.0726443,2.72868
117,0.454244,0.105342,13,4.88667,0.0673949,2.87542
118,0.380201,0.0965049,14,4.9,0.0681441,2.7309
119,0.549225,0.151021,14,5.94,0.0720562,2.64955
120,0.507226,0.14974,14,5.44667,0.0706676,2.60367
121,0.4723,0.130657,14,5.54667,0.0687753,2.51266
122,0.462402,0.101216,13,4.58667,0.0737591,2.68782
123,0.45222,0.137264,15,5.99333,0.139455,2.66149
124,0.466778,0.10808,15,5.42,0.0684679,2.75035
125,0.558661,0.13531,14,5.4,0.074937,2.56168
126,0.51939,0.106162,13,4.62,0.0742028,2.60596
127,0.492796,0.126952,14,4.96,0.0765758,2.44086
128,0.406882,0.107601,13,4.94,0.0792529,2.82292
129,0.489446,0.111956,14,4.48,0.0662737,2.31425
130,0.460782,0.113414,15,4.68667,0.0835981,2.5957
131,0.449708,0.11425,12,4.72667,0.0736107,2.55486
132,0.451348,0.109426,13,5.20667,0.0995806,2.49953
133,0.442708,0.133127,15,5.74,0.081795,2.31674
134,0.484038,0.100672,13,4.30667,0.0682208,2.34275
135,0.508772,0.134103,13,5.27333,0.121188,2.69691
136,0.488756,0.123669,14,4.88667,0.0679953,2.29359
137,0.467936,0.115575,14,4.8,0.0720387,2.64387
138,0.541058,0.123764,15,5.67333,0.0693112,2.53897
139,0.396562,0.108222,13,4.59333,0.0762831,2.759
140,0.575524,0.164029,15,6.18,0.0677975,2.40731
141,0.63677,0.162663,15,6.52667,0.067979,2.03109
142,0.487715,0.135746,14,5.26,0.067196,2.31676
143,0.302173,0.0905249,15,4.18,0.062861,2.50415
144,0.417636,0.117976,15,5.23333,0.0700616,2.51148
145,0.422487,0.13001,14,5.46667,0.111839,2.64256
146,0.488331,0.131823,15,6.16,0.0695997,2.44055
147,0.47057,0.143091,15,5.49333,0.0664638,2.36596
148,0.464641,0.133084,14,5.27333,0.0680247,2.39957
149,0.649502,0.174811,15,6.58667,0.0671072,2.22364
150,0.415491,0.138633,15,6.18667,0.0664783,2.32782
151,0.464321,0.128185,15,5.42667,0.0847285,2.67433
152,0.597402,0.178641,15,6.78,0.0692649,2.26189
153,0.559704,0.151438,15,5.84,0.0675514,2.41767
154,0.511256,0.168231,15,5.98667,0.0792128,2.33026
155,0.502059,0.125536,15,5.66,0.0784958,2.42491
156,0.547004,0.154468,15,5.39333,0.120077,2.47687
157,0.4425,0.116029,13,4.18,0.0660319,2.29147
158,0.570656,0.165517,14,5.96,0.0888549,2.54488
159,0.600594,0.148688,15,5.74,0.0709129,2.69216
160,0.551521,0.169248,14,5.68,0.0728302,2.23358
161,0.563647,0.181605,15,6.58667,0.111861,2.7037
162,0.61916,0.212367,15,6.84667,0.0703808,2.62725
163,0.461893,0.136888,13,4.92667,0.105995,2.54217
164,0.559899,0.160855,14,5.98,0.0693641,2.58224
165,0.513698,0.148775,15,4.98667,0.0682103,2.41951
166,0.400701,0.110886,13,4.58667,0.0703133,2.84305
167,0.424733,0.110153,14,4.48667,0.0863969,2.70171
168,0.517335,0.135497,14,5.13333,0.0671226,2.55643
169,0.569524,0.152923,14,5.85333,0.0714331,2.70763
170,0.531739,0.149041,14,6.10667,0.0686899,2.43621
171,0.53458,0.112245,13,4.8,0.0650738,2.51951
172,0.587729,0.147618,15,5.91333,0.0674998,2.42734
173,0.584721,0.173954,14,6.36,0.0784169,2.58022
174,0.446331,0.123022,15,5.52,0.0925349,2.47667
175,0.502215,0.17753,15,5.74667,0.183099,2.34224
176,0.525399,0.147697,15,5,0.114068,2.28461
177,0.513022,0.119635,15,5.10667,0.0702612,2.58894
178,0.656385,0.174096,15,5.78667,0.0711421,2.13652
179,0.605223,0.146709,14,5.25333,0.10123,2.24709
180,0.661805,0.185874,15,6.03333,0.14747,2.09154
181,0.617427,0.199675,15,5.98667,0.0687005,2.02934
182,0.533539,0.142967,13,5.07333,0.076497,2.43472
183,0.447591,0.137432,14,5.21333,0.0925603,2.54019
184,0.441219,0.124403,15,4.41333,0.172595,2.62617
185,0.57666,0.178235,14,6.06,0.163568,2.47608
186,0.447786,0.140466,15,5.18667,0.06969,2.46904
187,0.481095,0.160259,15,6.33333,0.104388,2.57042
188,0.620421,0.188624,14,5.92,0.0847054,2.27621
189,0.468559,0.157073,14,5.37333,0.162531,2.46552
190,0.623928,0.161156,15,5.43333,0.0676975,2.46855
191,0.487193,0.145002,14,5.03333,0.0676192,2.42197
192,0.628188,0.209383,15,7.21333,0.0843542,2.35851
193,0.413801,0.142396,14,4.94667,0.0701572,2.339
194,0.513928,0.157754,15,5.78,0.070345,2.37065
195,0.52574,0.146833,14,4.88667,0.155757,2.34177
196,0.613969,0.184523,15,5.98667,0.0821962,2.22531
197,0.572211,0.196694,15,6.88,0.0768902,2.34375
198,0.551513,0.167631,13,5.66667,0.109621,2.48808
199,0.558805,0.153534,14,5.65333,0.0709558,2.42452
200,0.623778,0.171926,14,6.08,0.0939991,2.28365
201,0.450284,0.141542,11,5.19333,0.076271,2.74827
202,0.481023,0.141761,15,5.07333,0.0654041,2.55501
203,0.436123,0.154649,15,5.48667,0.067857,2.49267
204,0.481226,0.143035,14,5.6,0.0870021,2.51738
205,0.616104,0.152694,14,5.55333,0.0956739,2.61353
206,0.521439,0.153164,13,5.9,0.0758799,2.27147
207,0.443268,0.13384,14,5.19333,0.0637631,2.42785
208,0.614244,0.178139,15,5.63333,0.11091,2.37111
209,0.580706,0.150371,13,5.78667,0.171804,2.5447
210,0.556499,0.140158,14,4.85333,0.0820102,2.42376
211,0.486204,0.158502,13,5.36,0.187999,2.33622
212,0.384241,0.123217,12,4.60667,0.0739045,2.30445
213,0.56567,0.165775,14,6.02667,0.0701359,2.04102
214,0.403957,0.132257,13,4.84,0.066583,2.43877
215,0.619226,0.174985,13,5.84,0.122676,2.26579
216,0.502165,0.13823,13,4.82667,0.0726827,2.48097
217,0.554203,0.168561,14,5.76667,0.0847125,2.09943
218,0.585958,0.176746,13,5.44,0.188029,2.43295
219,0.548753,0.176302,14,5.76667,0.167783,2.18551
220,0.610263,0.162173,14,5.39333,0.0959637,2.22315
221,0.435887,0.130503,14,4.70667,0.0929793,2.35685
222,0.62264,0.173402,15,6.01333,0.0997258,2.15539
223,0.467351,0.157773,12,5.13333,0.113929,2.54541
224,0.501672,0.129365,14,4.63333,0.0763632,2.30595
225,0.513177,0.164658,13,5.35333,0.0781727,2.31973
226,0.522794,0.186511,14,5.98,0.0726064,2.21871
227,0.545791,0.170231,14,5.64,0.106351,2.30349
228,0.523432,0.150341,14,5.96667,0.189635,2.34852
229,0.543522,0.147063,15,4.89333,0.0895421,2.1863
230,0.523595,0.183655,13,5.92667,0.0882968,2.49359
231,0.456524,0.139997,13,5.08667,0.0720459,2.65889
232,0.541217,0.152159,15,5.49333,0.0722755,2.75518
233,0.531406,0.155405,13,5.71333,0.0944701,2.48554
234,0.445631,0.123831,13,4.91333,0.0701202,2.53908
235,0.645547,0.176742,15,6.84667,0.124852,2.27971
236,0.348278,0.0954368,13,4.36667,0.0944891,2.55523
237,0.585547,0.187683,14,6.85333,0.0686637,2.38877
238,0.582718,0.173145,14,6.14667,0.0726361,2.33477
239,0.527671,0.140838,14,5.44,0.0729234,2.22877
240,0.548325,0.164601,13,5.25333,0.0827519,2.40843
241,0.593046,0.157104,15,5.78,0.0714228,2.54984
242,0.567423,0.155893,15,5.60667,0.0707345,2.17291
243,0.381199,0.115481,12,4.28667,0.0736095,2.77554
244,0.619708,0.190174,14,6.68,0.151648,2.28478
245,0.512626,0.153231,14,5.48667,0.099615,2.58611
246,0.611642,0.187638,14,6,0.0696342,2.05908
247,0.512236,0.160206,14,5.36,0.0672823,2.14718
248,0.637718,0.27064,14,7.57333,0.0767129,2.04915
249,0.670256,0.173466,14,5.94667,0.0928608,2.27352
250,0.30089,0.0611157,13,3.01333,0.065915,2.41817
251,0.568748,0.159033,15,5.76,0.0674047,2.29793
252,0.478547,0.116728,14,4.55333,0.0720958,2.36643
253,0.602768,0.175614,15,6.05333,0.0740043,2.5063
254,0.489447,0.149295,13,5.44667,0.0689895,2.6182
255,0.436574,0.121598,12,4.5,0.0654027,2.52978
256,0.551439,0.161465,14,5.79333,0.0676785,2.45136
257,0.577722,0.128812,15,5.14,0.0961791,2.46697
258,0.590881,0.14586,13,5.26,0.0698394,2.56868
259,0.475925,0.156451,14,5.78,0.0687196,2.56344
260,0.4419,0.156822,12,4.94667,0.129676,2.69542
261,0.613139,0.133851,13,4.76,0.0672131,2.52041
262,0.533677,0.157982,14,5.36667,0.0715346,2.2604
263,0.522076,0.157629,13,5.57333,0.0753803,2.57886
264,0.457138,0.119394,12,4.64667,0.0801305,2.72466
265,0.535173,0.144408,12,4.95333,0.0821905,2.79163
266,0.556418,0.164623,14,6.20667,0.0771518,2.599
267,0.571823,0.161029,14,5.51333,0.0832237,2.29527
268,0.581181,0.141775,15,5.30667,0.0801881,2.3819
269,0.76378,0.204376,14,6.24667,0.0824053,2.30567
270,0.626464,0.165527,13,5.30667,0.0752881,2.66848
271,0.533992,0.166722,12,4.91333,0.0666505,2.723
272,0.592698,0.216825,13,6.33333,0.0760051,2.52009
273,0.602511,0.195095,13,6.10667,0.0692092,2.33761
274,0.489827,0.151923,14,4.68667,0.0832688,2.63243
275,0.524966,0.170393,14,5.75333,0.0683386,2.38714
276,0.528898,0.148197,14,5.27333,0.0711872,2.56737
277,0.599319,0.152102,14,4.94,0.0700801,2.60219
278,0.548569,0.147226,15,5.78667,0.0683655,2.18271
279,0.628055,0.2061,14,6.58,0.0687835,2.21822
280,0.588604,0.190074,14,5.91333,0.0912857,2.4704
281,0.579267,0.173366,14,5.8,0.0694789,2.49834
282,0.452114,0.112692,13,4.28667,0.0712511,2.58753
283,0.494938,0.11487,13,4.83333,0.0674833,2.83986
284,0.512267,0.153461,14,5.35333,0.0895285,2.67991
285,0.451073,0.138624,14,5.78,0.0657221,2.51444
286,0.544241,0.170458,14,6.72,0.0953987,2.71516
287,0.479135,0.146952,14,6.04,0.0739721,2.7174
288,0.501074,0.148439,14,5.79333,0.121742,2.55876
289,0.559734,0.155029,15,5.92,0.0688132,2.62852
290,0.435911,0.142994,12,5.00667,0.0814048,2.57697
291,0.534212,0.180048,13,5.33333,0.0718871,2.47243
292,0.589942,0.215277,13,6.76,0.067346,2.38435
293,0.495903,0.153119,14,6.02667,0.0771398,2.69052
294,0.610555,0.1647,14,6.24,0.0927745,2.45474
295,0.622126,0.140174,14,5.2,0.0704903,2.6391
296,0.563996,0.193204,14,6.74667,0.0814986,2.4298
297,0.554285,0.153496,15,5.88667,0.12759,2.82653
298,0.534359,0.155631,13,5.99333,0.07915,2.52673
299,0.550852,0.185825,14,6.56,0.0766029,2.56283
300,0.609108,0.148676,14,5.3,0.0827476,2.64829
301,0.496516,0.157444,14,5.50667,0.134965,2.42191
302,0.564775,0.177953,13,6.01333,0.0743988,2.68075
303,0.591968,0.205346,13,5.89333,0.0685744,2.7138
304,0.482014,0.161944,15,5.76667,0.0870968,2.6762
305,0.497725,0.168756,14,5.51333,0.078646,2.49115
306,0.65805,0.187921,14,6.84,0.10066,2.28968
307,0.509218,0.159252,14,5.20667,0.0739893,2.56101
308,0.49147,0.132261,14,4.86,0.0778934,2.58623
309,0.479687,0.169667,12,5.59333,0.19388,2.64255
310,0.591719,0.193712,14,6.16667,0.0863187,2.16552
311,0.671663,0.230602,15,6.78,0.0674485,2.26485
312,0.606477,0.176951,14,5.64,0.0980811,2.21903
313,0.695957,0.251459,15,7.13333,0.111609,2.1009
314,0.537075,0.193336,13,6.18667,0.0981416,2.41251
315,0.653366,0.21367,15,6.54,0.0690712,2.02394
316,0.410889,0.106309,13,4.62667,0.108521,2.68723
317,0.581514,0.192086,13,6.22667,0.0702929,2.50448
318,0.599664,0.223873,13,6.34667,0.0687661,2.29361
319,0.473094,0.147495,15,4.75333,0.0728807,2.50756
320,0.679104,0.210458,15,6.94,0.0691197,2.22275
321,0.483465,0.168588,13,5.5,0.185674,2.69062
322,0.719544,0.253975,15,7.53333,0.0723733,2.01057
323,0.498281,0.17506,14,6.21333,0.139213,2.78676
324,0.523097,0.194931,14,6.56667,0.0884216,2.57796
325,0.695639,0.219584,15,6.58,0.066646,2.41465
326,0.583435,0.197985,15,6.67333,0.0713888,2.39954
327,0.559619,0.174746,14,6.12,0.0995713,2.70277
328,0.636763,0.249901,15,7.16667,0.0673996,2.39006
329,0.397086,0.121865,13,5.10667,0.0847484,2.87598
330,0.628797,0.215801,15,6.61333,0.069019,2.23607
331,0.679646,0.260813,15,7.86667,0.105834,2.30358
332,0.521101,0.216729,13,6.62667,0.111019,2.55455
333,0.43259,0.141736,12,4.88,0.137736,2.76429
334,0.516006,0.17393,13,5.92,0.0677185,2.3608
335,0.490672,0.163125,13,6.24,0.0798991,2.52351
336,0.71374,0.26388,15,8.19333,0.0749481,2.07598
337,0.576644,0.195554,15,6.46,0.119762,2.37505
338,0.45055,0.162639,12,4.97333,0.0675453,2.52667
339,0.556067,0.176702,11,5.02667,0.0669984,2.33375
340,0.638269,0.216761,14,6.04,0.0775171,2.3049
341,0.578837,0.215577,15,6.13333,0.0827058,2.2288
342,0.647125,0.217401,15,6.16667,0.0714523,2.35693
343,0.473575,0.15629,13,5.2,0.134204,2.57223
344,0.575072,0.206409,15,6.56667,0.0719426,2.38327
345,0.563966,0.222664,14,6.84667,0.176842,2.2149
346,0.496703,0.162351,14,5.7,0.073131,2.51697
347,0.415704,0.124037,13,4.76667,0.070503,2.52471
348,0.476706,0.16509,14,4.73333,0.0674983,2.2046
349,0.695384,0.21268,15,6.36,0.076931,2.36882
350,0.632732,0.236513,14,7.03333,0.0691619,2.03977
351,0.600895,0.179263,15,5.86,0.0758651,1.98936
352,0.527614,0.160994,12,5.39333,0.0659251,2.26759
353,0.448631,0.178059,13,5.59333,0.0689792,2.44529
354,0.555539,0.184392,15,5.77333,0.0719615,2.42777
355,0.483082,0.179203,14,5.51333,0.0884259,2.42029
356,0.501825,0.130117,13,4.34,0.0677544,2.28613
357,0.489354,0.142595,15,5.02,0.0725472,2.252
358,0.511507,0.153189,15,5.16667,0.108188,2.31
359,0.52636,0.173962,13,6.06667,0.0762053,2.55918
360,0.656416,0.2414,13,6.69333,0.0767943,1.96135
361,0.556608,0.171798,13,5.42,0.0688023,2.2266
362,0.50051,0.162512,13,5.58,0.0682573,2.22639
363,0.432521,0.13871,15,4.87333,0.0696419,2.60686
364,0.513329,0.171119,14,5.84,0.0727383,2.20127
365,0.575238,0.156795,14,5.68667,0.0761652,2.53731
366,0.683906,0.181991,15,6.23333,0.0901507,2.32847
367,0.483541,0.15097,14,5.31333,0.0777543,2.56355
368,0.590085,0.158185,14,5.86667,0.106219,2.35809
369,0.543277,0.12883,15,4.92667,0.0666324,2.51172
370,0.750374,0.201289,15,6.74667,0.0981407,2.20251
371,0.564571,0.178422,14,5.82667,0.104517,2.1912
372,0.590996,0.157487,14,5.59333,0.08091,2.44598
373,0.553523,0.158599,15,5.84,0.079181,2.46727
374,0.530919,0.131811,13,4.79333,0.0819164,2.62297
375,0.558666,0.183302,13,5.91333,0.0689926,2.15905
376,0.499569,0.147542,14,5.41333,0.0768274,2.0853
377,0.612389,0.216059,13,5.96,0.142918,2.26586
378,0.457176,0.129672,13,4.8,0.0732903,2.18842
379,0.650767,0.217821,13,6.33333,0.0701498,2.20835
380,0.513472,0.198534,15,5.91333,0.0915719,2.2119
381,0.488792,0.184161,13,5.64,0.0678866,2.36226
382,0.587711,0.195223,13,5.70667,0.12272,2.25694
383,0.509155,0.161817,13,5.32,0.0737715,2.32723
384,0.727961,0.196331,15,6.1,0.0689779,2.15286
385,0.469259,0.151375,14,4.82667,0.0739684,2.35134
386,0.453053,0.161499,12,5.06,0.0744182,2.391
387,0.471753,0.149052,12,4.83333,0.227725,2.34778
388,0.436469,0.146508,14,5.32,0.0758636,2.5205
389,0.597742,0.21096,13,6.17333,0.162469,2.22709
390,0.493611,0.16288,13,5.12,0.0722228,2.3808
391,0.581189,0.189149,13,5.79333,0.0752136,2.53841
392,0.609259,0.203874,14,6.02,0.102724,2.36202
393,0.568513,0.244333,14,6.88667,0.068509,2.17264
394,0.508672,0.179521,14,6.3,0.133762,2.40543
395,0.507683,0.164849,13,5.14667,0.102903,2.47403
396,0.529776,0.166114,13,5.58667,0.0805295,2.66512
397,0.359723,0.121994,12,4.58,0.191774,3.0288
398,0.454827,0.155278,13,5.26,0.180087,2.8241
399,0.486426,0.148056,14,5.45333,0.0929212,2.57135
400,0.562913,0.157377,14,5.24667,0.0715877,2.45744
401,0.567808,0.151489,13,5.05333,0.200668,2.52742
402,0.458432,0.160125,14,6,0.0944084,2.3124
403,0.443679,0.142033,12,4.42,0.0704476,2.42211
404,0.462316,0.151793,14,5.05333,0.107832,2.36019
405,0.517978,0.157369,15,5.4,0.0734134,2.48135
406,0.554656,0.18403,15,6.3,0.0707695,2.41163
407,0.615449,0.229104,14,6.6,0.0693171,2.17939
408,0.531491,0.164721,14,5.04667,0.0757361,2.29298
409,0.574887,0.139795,15,4.86,0.0671546,1.97102
410,0.452385,0.125756,12,3.99333,0.0665522,2.45935
411,0.553506,0.161384,14,5.24667,0.0677325,2.1581
412,0.33861,0.0958734,11,3.86,0.0940984,2.44761
413,0.496676,0.175002,13,5.38,0.0723671,2.49883
414,0.488473,0.154283,13,5.26,0.0785777,2.63812
415,0.587416,0.206314,14,6.56,0.0704056,2.35464
416,0.534333,0.189375,14,5.96,0.0751846,2.36896
417,0.69174,0.219953,14,6.83333,0.0743652,2.15587
418,0.611834,0.209012,15,6.27333,0.0706799,2.15972
419,0.575038,0.179067,14,5.94667,0.0773202,2.11535
420,0.532093,0.152116,12,4.9,0.067923,2.31776
421,0.661122,0.197661,15,7.16667,0.0808034,2.26588
422,0.567091,0.209075,14,6.26667,0.0822179,2.31261
423,0.549467,0.200063,14,6.3,0.0806199,2.38374
424,0.536888,0.196174,14,6.21333,0.0876701,2.63721
425,0.557648,0.162042,13,5.52667,0.0683765,2.50055
426,0.452271,0.150317,13,5.42667,0.0690908,2.66744
427,0.455597,0.134466,14,5.33333,0.0703972,2.76141
428,0.548432,0.178834,14,5.88,0.0672206,2.24275
429,0.545941,0.185327,14,6.17333,0.0731807,2.48406
430,0.493421,0.131822,13,5.35333,0.0702586,2.8433
431,0.655881,0.216929,14,6.56667,0.0704474,2.47505
432,0.60971,0.156926,13,5.54667,0.0731288,2.63529
433,0.617091,0.212775,14,6.83333,0.0696894,2.12683
434,0.490956,0.145972,13,5.14667,0.104652,2.49464
435,0.531234,0.177614,14,6.48667,0.0714553,2.58625
436,0.57922,0.224402,14,6.66,0.0675451,2.4539
437,0.507299,0.135033,12,4.9,0.182446,2.60049
438,0.58164,0.179016,15,6.26,0.0773517,2.54599
439,0.49724,0.155332,15,6.18667,0.223154,2.57156
440,0.442789,0.158526,15,5.76,0.0743979,2.53596
441,0.494115,0.182503,14,6.12,0.0869813,2.3447
442,0.488156,0.130439,13,5.36,0.094196,2.67396
443,0.486823,0.15486,14,5.48667,0.0747471,2.61895
444,0.450982,0.165881,14,6.19333,0.0680387,2.61614
445,0.495629,0.141629,13,5.2,0.162232,2.81015
446,0.561964,0.184186,15,6.22667,0.0703431,2.47014
447,0.485786,0.171439,15,6,0.0860783,2.29408
448,0.566959,0.197608,15,7.18,0.079781,2.17515
449,0.389048,0.136719,14,5.20667,0.236922,2.76
450,0.412938,0.13409,14,5.14,0.192066,2.46672
451,0.543874,0.156614,14,5.50667,0.0864499,2.4063
452,0.553461,0.1823,14,6.45333,0.0704604,2.09249
453,0.6783,0.220744,15,6.94,0.0822658,2.13385
454,0.438449,0.148048,15,6.42667,0.088547,2.47844
455,0.483178,0.176713,14,6.31333,0.120644,2.34114
456,0.508226,0.1884,15,6.72,0.0821053,2.3073
457,0.528691,0.227944,14,7.10667,0.101674,2.24263
458,0.499282,0.146867,14,6.44,0.070596,2.4735
459,0.522114,0.199542,14,6.48,0.0861142,2.23719
460,0.707708,0.240884,15,7.53333,0.0681973,1.90785
461,0.583354,0.142707,15,5.38,0.0665801,2.22496
462,0.546967,0.177426,13,6.00667,0.0663648,2.40112
463,0.480006,0.149773,14,5.52,0.0659338,2.42855
464,0.701624,0.227162,15,7.3,0.170012,2.30188
465,0.491942,0.135976,14,5.58,0.0756435,2.46357
466,0.545128,0.186398,15,7.02667,0.0803464,2.23687
467,0.454498,0.105189,12,4.44,0.0682249,2.33525
468,0.4417,0.123997,12,4.94667,0.077258,2.47971
469,0.587144,0.200558,15,6.61333,0.105933,2.21016
470,0.52648,0.160505,13,5.66667,0.0710672,2.27933
471,0.60429,0.186472,13,5.81333,0.0683033,2.29495
472,0.384615,0.154125,13,5.35333,0.0767651,2.52069
473,0.533581,0.11257,15,4.87333,0.0698154,2.42353
474,0.496706,0.125885,11,5.02,0.0668443,2.34954
475,0.508203,0.179784,14,6.62,0.0992877,2.33677
476,0.441976,0.14679,13,6.24,0.109279,2.69692
477,0.496221,0.149604,14,5.76,0.0725407,2.40669
478,0.526245,0.184583,14,6.03333,0.0816026,2.17051
479,0.581114,0.1897,15,6.52667,0.0845468,2.32238
480,0.503277,0.177499,14,6.34667,0.0686265,2.33578
481,0.448152,0.109913,12,4.92667,0.0807682,2.67432
482,0.433439,0.13379,14,5.17333,0.0669534,2.59751
483,0.603996,0.174236,14,6.52667,0.0970168,2.61346
484,0.573981,0.147195,13,5.90667,0.0664636,2.50553
485,0.405015,0.116435,14,5.2,0.0719595,2.56547
486,0.453251,0.142964,13,5.66667,0.0731035,2.5182
487,0.553973,0.157009,13,5.84,0.0706506,2.56425
488,0.531537,0.142282,14,5.95333,0.0701371,2.21325
489,0.534176,0.14591,14,5.3,0.0718939,2.41192
490,0.543275,0.171356,14,6.56,0.107942,2.23819
491,0.411534,0.13167,13,5.54667,0.0675592,2.63761
492,0.630268,0.180132,14,6.76667,0.0696076,2.42822
493,0.537168,0.187071,15,6.59333,0.0709724,2.33869
494,0.416451,0.111238,13,4.54,0.0970979,2.47201
495,0.503601,0.148176,14,5.51333,0.0647076,2.36549
496,0.452106,0.136731,13,5.16,0.106608,2.70446
497,0.636545,0.174555,14,6.49333,0.0686824,2.41986
498,0.487082,0.133227,14,5.59333,0.0674034,2.6424
499,0.598948,0.160379,14,6.03333,0.0702976,2.356
500,0.461457,0.151647,14,5.96,0.0678279,2.66361
501,0.554308,0.183025,13,6.37333,0.0731289,2.31887
502,0.334889,0.0899829,14,4.74667,0.151408,2.89457
503,0.436182,0.119032,12,4.66,0.0668082,2.48547
504,0.624811,0.166255,15,6.39333,0.0684135,2.17409
505,0.434473,0.10659,13,4.67333,0.0659478,2.4644
506,0.65272,0.164645,14,6.19333,0.0711129,2.46779
507,0.594411,0.194075,15,6.63333,0.0683469,2.1299
508,0.52599,0.157531,14,5.74,0.0712595,2.42797
509,0.499786,0.183629,13,5.84,0.152296,2.39263
510,0.448282,0.141936,14,5.66,0.0674591,2.37423
511,0.529768,0.158317,15,5.73333,0.071192,2.42966
512,0.462255,0.152158,13,5.33333,0.0740144,2.32758
513,0.431809,0.138401,14,5.10667,0.0772306,2.5548
514,0.467729,0.113616,12,4.61333,0.072631,2.29942
515,0.502968,0.175811,12,5.74,0.0692244,2.29744
516,0.46848,0.103525,13,4.49333,0.0641887,2.37374
517,0.496567,0.116432,15,4.87333,0.0669396,2.28879
518,0.470461,0.133223,14,5.10667,0.0715795,2.51051
519,0.484786,0.150823,15,5.55333,0.0718756,2.45849
520,0.445393,0.104149,14,4.41333,0.0661069,2.28826
521,0.597523,0.171025,15,5.24,0.0727745,2.00244
522,0.477539,0.103205,13,3.67333,0.0750555,2.10588
523,0.585171,0.177695,14,5.97333,0.0777914,2.0009
524,0.534604,0.157093,14,5.46667,0.0660365,2.34629
525,0.582353,0.18992,14,6.28,0.0702797,2.31162
526,0.480978,0.139241,13,4.91333,0.0886846,2.26081
527,0.568269,0.19515,14,6.4,0.0746555,2.33877
528,0.548629,0.131677,15,5.21333,0.0683514,2.52431
529,0.513024,0.117847,15,4.85333,0.0774201,2.72215
530,0.379829,0.108616,13,4.37333,0.0675745,2.66413
531,0.531911,0.155847,13,5.3,0.0688614,2.4368
532,0.49886,0.106462,13,4.34,0.163697,2.60564
533,0.372721,0.107796,14,4.62667,0.0920639,2.69218
534,0.566288,0.155647,13,5.14,0.0657001,2.26115
535,0.482015,0.120976,12,4.40667,0.0706628,2.59482
536,0.509652,0.155833,13,5.52,0.202779,2.68633
537,0.525052,0.183282,14,6.29333,0.0670659,2.53395
538,0.674268,0.200634,15,6.55333,0.0687374,2.2637
539,0.610802,0.214636,15,6.64667,0.0718552,2.41848
540,0.496354,0.191875,13,6.03333,0.0699672,2.26873
541,0.514974,0.162208,14,5.27333,0.0684963,2.34078
542,0.574629,0.217827,14,6.68667,0.0695939,2.35006
543,0.463606,0.136787,15,5.81333,0.0725643,2.43593
544,0.587179,0.217514,14,6.91333,0.0850786,2.50994
545,0.577725,0.209613,14,6.57333,0.0717155,2.46981
546,0.592674,0.223279,15,6.78667,0.0977741,2.34542
547,0.568322,0.215006,15,6.92,0.0687046,2.36384
548,0.689408,0.205364,14,5.86,0.0666843,2.34098
549,0.473869,0.150205,14,5.60667,0.0693758,2.88422
550,0.499141,0.153025,14,5.64,0.0696565,2.61614
551,0.584121,0.200199,15,7.11333,0.0695135,2.44067
552,0.395676,0.11341,12,4.52,0.0701496,2.60671
553,0.53248,0.189111,15,6.38667,0.0734659,2.58568
554,0.52044,0.191289,14,6.04,0.0717404,2.44704
555,0.442788,0.129575,14,4.74,0.0655488,2.60697
556,0.48672,0.173095,14,5.56,0.0699345,2.24799
557,0.530923,0.162009,15,5.30667,0.0661203,2.1525
558,0.441577,0.175703,13,5.53333,0.070324,2.51414
559,0.65501,0.212037,15,7.22,0.217348,2.40222
560,0.495166,0.17601,12,5.43333,0.174399,2.43115
561,0.546962,0.200109,14,6.24,0.0684475,2.2693
562,0.615683,0.227284,14,6.98,0.0779317,2.25071
563,0.595833,0.181638,13,5.66,0.0679503,2.30779
564,0.504534,0.184108,14,5.33333,0.0646529,2.2368
565,0.612505,0.235036,14,7.29333,0.100532,2.55145
566,0.684964,0.230172,15,6.44,0.0674526,2.29461
567,0.540395,0.226303,15,7.73333,0.0957021,2.32326
568,0.430834,0.175195,13,6.2,0.124046,2.64761
569,0.539614,0.19506,14,6.29333,0.0703224,2.41996
570,0.552791,0.206612,15,6.9,0.0698901,2.45817
571,0.621348,0.224934,15,7.11333,0.0900695,2.30987
572,0.49783,0.154016,13,5.65333,0.0689017,2.38866
573,0.539606,0.17456,14,5.93333,0.0723863,2.64125
574,0.594451,0.222324,13,6.68,0.0893828,2.18759
575,0.688711,0.259559,15,7.42,0.0709564,2.26293
576,0.439966,0.178348,14,6.1,0.0685817,2.55376
577,0.600452,0.219253,15,7.18,0.0679044,2.42737
578,0.504889,0.198218,13,6.30667,0.114555,2.67817
579,0.536941,0.199731,14,6.6,0.0690794,2.43904
580,0.541284,0.203906,15,6.72667,0.0780684,2.39249
581,0.629953,0.230469,15,7.82667,0.116847,2.30063
582,0.65713,0.204527,14,6.33333,0.0680584,2.34586
583,0.586524,0.244808,14,7.16,0.0847779,2.51697
584,0.489507,0.172165,13,6.1,0.0704149,2.39574
585,0.479732,0.136135,13,4.64,0.0658209,2.66802
586,0.691973,0.245298,15,7.65333,0.0817735,2.32798
587,0.63586,0.241617,14,7.22,0.0695287,2.24618
588,0.59359,0.169888,15,5.86667,0.0684879,2.59777
589,0.465965,0.155336,13,5.46667,0.066712,2.51484
590,0.567151,0.209189,15,6.58667,0.0686294,2.27481
591,0.574663,0.215304,15,6.62,0.0692555,2.41032
592,0.581397,0.165873,14,5.53333,0.0912652,2.62472
593,0.551563,0.19887,15,7.02667,0.0673033,2.65306
594,0.634252,0.262302,15,7.70667,0.0853873,2.36876
595,0.637677,0.242427,15,7.96,0.162101,2.3889
596,0.449694,0.161515,13,5.77333,0.090187,2.77199
597,0.525492,0.155825,14,5.30667,0.0678265,2.51228
598,0.484646,0.165289,14,5.21333,0.155303,2.65846
599,0.4887,0.154026,14,6.27333,0.115879,2.79157
600,0.656657,0.211706,14,6.63333,0.108805,2.42382
601,0.723709,0.223226,15,7.06,0.0695363,2.37766
602,0.635924,0.213116,15,6.8,0.0701424,2.27036
603,0.585451,0.17886,15,6.22,0.0781607,2.52496
604,0.372717,0.127287,12,4.89333,0.0929971,2.85429
605,0.54151,0.141467,14,5.8,0.174118,2.66393
606,0.458799,0.16332,14,5.53333,0.0957089,2.63584
607,0.494105,0.168078,14,6.16667,0.108538,2.57926
608,0.487904,0.151119,14,6.32667,0.0931726,2.6936
609,0.639555,0.233016,14,7.06667,0.0707643,2.41369
610,0.446275,0.135606,13,5.49333,0.0683726,2.78788
611,0.597734,0.203492,14,6.24,0.0720735,2.63103
612,0.536256,0.198197,15,6.16,0.0787431,2.65297
613,0.532992,0.17601,15,6.23333,0.068463,2.66785
614,0.373775,0.103384,12,4.54,0.103842,2.96011
615,0.594034,0.195269,15,6.59333,0.0689575,2.61424
616,0.491216,0.126078,14,5.17333,0.065057,2.69275
617,0.614469,0.189649,15,6.04667,0.0739271,2.68447
618,0.546045,0.159716,15,6.13333,0.0674021,2.69763
619,0.483689,0.170385,13,6.14667,0.0657528,2.53067
620,0.51538,0.132049,13,5.44667,0.0700722,2.75343
621,0.500491,0.122958,14,4.74667,0.0740129,2.67373
622,0.514295,0.185471,14,6.42667,0.0700074,2.82596
623,0.508044,0.177828,14,5.67333,0.0682564,2.44673
624,0.575919,0.178397,15,6.24667,0.0677563,2.48535
625,0.624318,0.235726,15,6.95333,0.0701863,2.52433
626,0.630004,0.197742,14,6.46,0.0699045,2.55299
627,0.503391,0.166299,15,6.06,0.0689464,2.39795
628,0.533725,0.184187,15,6.10667,0.0683228,2.37585
629,0.581575,0.184857,15,6.40667,0.0797864,2.56951
630,0.606916,0.205855,15,6.57333,0.0703322,2.5831
631,0.531096,0.164199,15,6.16667,0.06999,2.65078
632,0.635885,0.181929,14,5.86,0.0695885,2.47397
633,0.46514,0.154301,13,5.57333,0.069646,2.5395
634,0.512274,0.142665,14,5.84,0.0676612,2.65873
635,0.52548,0.174322,14,6.38,0.0674162,2.50436
636,0.47878,0.16128,13,5.65333,0.0706144,2.7338
637,0.574423,0.186831,14,6.43333,0.0692603,2.74788
638,0.620985,0.191175,14,6.3,0.0679906,2.58068
639,0.353703,0.111558,12,4.83333,0.0649186,2.98099
640,0.491982,0.165232,14,5.88667,0.0669556,2.67514
641,0.408297,0.142556,13,5.12,0.0683164,2.55101
642,0.522108,0.184487,15,5.91333,0.0718976,2.79142
643,0.487351,0.161918,14,5.99333,0.066056,2.67125
644,0.527563,0.182262,15,6.72667,0.0743095,2.48921
645,0.511799,0.154978,14,5.88,0.0663119,2.52909
646,0.623044,0.200775,15,7.14667,0.0693667,2.50837
647,0.599974,0.171018,14,5.96667,0.0659956,2.74805
648,0.706779,0.220863,14,7.46667,0.0721492,2.55049
649,0.50808,0.156564,13,5.73333,0.0672829,2.70133
650,0.564781,0.202165,14,6.97333,0.0679659,2.44354
651,0.567658,0.14947,15,6.56667,0.0749961,2.67074
652,0.637435,0.193431,14,6.78667,0.0683152,2.80694
653,0.540038,0.181694,13,6.18,0.0634955,2.55862
654,0.553445,0.141706,13,5.8,0.0663867,2.7507
655,0.534646,0.138571,14,5.97333,0.0659606,2.92176
656,0.537665,0.168688,15,6.34,0.0743129,2.74286
657,0.523975,0.125743,15,5.56667,0.0733551,2.77778
658,0.497437,0.123053,13,5.26,0.0726214,3.00311
659,0.62326,0.198904,15,7.64667,0.0676407,2.66435
660,0.419829,0.101164,11,4.44667,0.0679119,3.00547
661,0.485448,0.169114,14,6.1,0.175257,2.85181
662,0.537997,0.170747,14,6.04,0.0696579,2.75509
663,0.453906,0.154598,14,5.79333,0.0682818,2.7109
664,0.570149,0.14467,13,4.92,0.0696223,2.59827
665,0.486447,0.0980864,14,4.48,0.0652543,2.8478
666,0.532351,0.166586,12,5.96,0.068164,2.89709
667,0.529265,0.14203,14,5.47333,0.0669469,2.87439
668,0.545772,0.185762,13,6.37333,0.0676484,2.6413
669,0.591853,0.182409,14,5.73333,0.0686606,2.43127
670,0.541259,0.192969,14,6.46667,0.06904,2.6214
671,0.428737,0.153977,12,5.55333,0.0656804,2.59053
672,0.523815,0.192485,15,7.31333,0.080363,2.97378
673,0.4487,0.113868,13,5.19333,0.0691015,2.94024
674,0.511595,0.166009,13,6.08667,0.0722962,2.70044
675,0.576059,0.158572,15,6.34667,0.0677459,2.53382
676,0.526355,0.17295,15,6.92,0.068052,2.62013
677,0.504786,0.148662,13,5.78,0.101153,2.42109
678,0.518299,0.176159,13,6.23333,0.0737665,2.91205
679,0.38688,0.0952386,14,4.68,0.0686658,2.61706
680,0.572484,0.177692,15,6.30667,0.0713269,2.80041
681,0.571528,0.20538,13,6.67333,0.0715906,2.37194
682,0.494527,0.131773,15,6.02667,0.0705833,2.40914
683,0.491076,0.164836,14,6.04667,0.0690919,2.4502
684,0.573958,0.155528,13,6,0.0678151,2.16032
685,0.580136,0.167023,14,5.67333,0.0658501,2.33546
686,0.511612,0.158232,14,5.73333,0.0678936,2.09117
687,0.594238,0.168991,15,6.16,0.0684147,2.21769
688,0.551536,0.125337,13,5.44667,0.0692499,2.74524
689,0.558827,0.188792,13,6.34667,0.0886823,2.53949
690,0.432036,0.150647,15,5.69333,0.0674602,2.55692
691,0.646676,0.194439,14,6.59333,0.0687061,2.4275
692,0.493404,0.10618,14,4.36,0.0689854,2.49111
693,0.611188,0.164188,13,5.53333,0.0687839,2.54127
694,0.507202,0.139806,12,5.11333,0.0691629,2.47159
695,0.521731,0.151068,14,5.30667,0.0717286,2.61874
696,0.552169,0.173127,13,5.95333,0.0708991,2.4734
697,0.490344,0.131501,15,5.18,0.0666117,2.34143
698,0.550923,0.151428,13,5.24667,0.0687158,2.64798
699,0.479057,0.137022,13,4.83333,0.0681265,2.47067
700,0.516009,0.130374,12,4.77333,0.0674531,2.60045
701,0.515295,0.176442,15,5.97333,0.0707497,2.46457
702,0.542803,0.145905,14,5.47333,0.0663227,2.57792
703,0.472993,0.133103,14,5.58,0.0701786,2.54636
704,0.409341,0.106455,15,4.23333,0.0736577,2.75552
705,0.688346,0.184745,15,5.78,0.0698656,2.34127
706,0.474961,0.144219,12,5.00667,0.0673154,2.71276
707,0.410745,0.145773,15,4.77333,0.0657965,2.43629
708,0.531939,0.175999,14,6.14,0.0692766,2.69795
709,0.519997,0.139546,14,5.31333,0.0675415,2.56858
710,0.419127,0.123681,12,4.52,0.0655272,2.77399
711,0.504082,0.145725,14,5.38,0.0684722,2.43879
712,0.54347,0.208151,14,6.71333,0.075252,2.67297
713,0.570055,0.203949,15,6.64667,0.124325,2.40176
714,0.518436,0.18641,15,6.42,0.0678381,2.385
715,0.502842,0.145266,13,4.78667,0.0733864,2.44341
716,0.469903,0.136756,13,5.07333,0.0666488,2.44175
717,0.502691,0.179544,13,5.75333,0.0675812,2.58449
718,0.49365,0.144585,13,5.02667,0.0638231,2.15735
719,0.50217,0.164664,14,5.42,0.0713906,2.66571
720,0.596323,0.167646,13,5.93333,0.0729066,2.31433
721,0.479258,0.154337,13,5.37333,0.0665618,2.74971
722,0.56956,0.217388,14,6.72,0.0664898,2.54656
723,0.515786,0.124085,13,5.06,0.069559,2.60236
724,0.516807,0.175605,14,5.54,0.0715734,2.66221
725,0.54392,0.165391,14,5.67333,0.0692929,2.42685
726,0.534458,0.174726,14,6.54,0.0696866,2.61666
727,0.450056,0.178548,12,5.48667,0.0665804,2.62898
728,0.538217,0.165169,15,5.68,0.0654426,2.44687
729,0.547656,0.209464,13,6.2,0.071249,2.57831
730,0.448998,0.130246,13,5.15333,0.0669727,2.65356
731,0.579527,0.151944,14,5.38667,0.0716016,2.81672
732,0.389,0.104393,14,4.82667,0.0680576,2.79927
733,0.496764,0.151432,14,6.06,0.0653606,2.77494
734,0.562328,0.177678,14,5.82,0.0651475,2.39545
735,0.679352,0.249842,15,7.58667,0.0700706,2.30253
736,0.52007,0.163278,14,5.65333,0.0958116,2.76085
737,0.530497,0.19093,13,6.10667,0.0681333,2.6078
738,0.593877,0.153352,15,5.77333,0.0766102,2.81285
739,0.57951,0.227134,15,6.85333,0.0718342,2.51856
740,0.507878,0.163485,14,6.12667,0.0713104,2.41923
741,0.538005,0.186942,15,6.52667,0.0772669,2.63201
742,0.526033,0.195151,13,6.8,0.0697722,2.77354
743,0.716233,0.277421,15,7.20667,0.0689236,2.26195
744,0.571452,0.214508,15,6.95333,0.07105,2.45457
745,0.727903,0.216686,15,6.63333,0.168496,2.32445
746,0.64582,0.244237,15,7.06667,0.0703575,2.43707
747,0.569286,0.228378,14,6.78,0.0694152,2.34191
748,0.617214,0.200465,15,6.3,0.0730965,2.5323
749,0.743054,0.224905,15,6.79333,0.0707465,2.40138
750,0.491987,0.174736,12,5.50667,0.0697181,2.53627
751,0.579267,0.230402,15,7.05333,0.442046,2.59252
752,0.57503,0.233631,14,6.54667,0.0703639,2.30955
753,0.689992,0.154666,14,5.55333,0.0687389,2.64058
754,0.562672,0.202492,13,5.89333,0.0703729,2.30701
755,0.642964,0.178036,15,6.04667,0.069596,2.66879
756,0.666342,0.194628,15,6.29333,0.0694519,2.35018
757,0.652121,0.221233,13,6.39333,0.133609,2.5227
758,0.638371,0.210432,15,6.93333,0.0701503,2.51377
759,0.449929,0.156094,11,5.3,0.0667223,2.88594
760,0.623798,0.218728,15,7.04667,0.0697293,2.16513
761,0.562422,0.23007,13,6.47333,0.0704777,2.40521
762,0.37411,0.130385,12,4.3,0.0746829,2.66896
763,0.527947,0.17406,12,5.33333,0.0700982,2.78225
764,0.572789,0.16389,13,4.94,0.070578,2.53801
765,0.599027,0.194861,14,6.32,0.0678647,2.3581
766,0.560721,0.221947,15,6.70667,0.102188,2.43555
767,0.64924,0.272417,15,8.3,0.0981306,2.16676
768,0.444988,0.129337,11,4.6,0.0710718,2.73626
769,0.462913,0.164658,13,5.82,0.0693125,2.81777
770,0.644496,0.187778,13,6.08667,0.0721021,2.56289
771,0.426867,0.0954265,13,4.1,0.0748527,2.9555
772,0.500508,0.164445,14,6.78,0.079651,2.61319
773,0.404417,0.142461,12,5.14,0.103101,2.5672
774,0.512258,0.163264,13,5.43333,0.0656988,2.68233
775,0.611994,0.205411,15,5.98667,0.0747949,2.33289
776,0.610335,0.157709,14,5.68,0.0712274,2.50214
777,0.57654,0.170924,13,5.96,0.070016,2.33467
778,0.50207,0.173179,13,5.4,0.0668007,2.86914
779,0.4675,0.163018,13,5.82,0.0676073,2.65375
780,0.6127,0.23978,15,7.08,0.105091,2.37309
781,0.463093,0.157548,12,5.52,0.0696451,2.86438
782,0.540946,0.171923,14,6.01333,0.0696888,2.5913
783,0.564981,0.172477,15,5.70667,0.0687473,2.39607
784,0.464172,0.174619,14,5.98,0.074192,2.69777
785,0.665523,0.225715,15,6.72667,0.0677413,2.44492
786,0.516193,0.174956,13,6.08,0.0714564,2.60313
787,0.483655,0.15111,13,5.75333,0.0653677,2.58324
788,0.499381,0.166978,15,6.33333,0.075932,2.61062
789,0.50195,0.192859,12,6.32667,0.0695803,2.78302
790,0.516804,0.137719,14,5.67333,0.0707612,2.74647
791,0.510159,0.193891,14,6.37333,0.0696746,2.62969
792,0.607313,0.197888,15,6.75333,0.0902132,2.49039
793,0.623587,0.238442,14,6.95333,0.0970376,2.19222
794,0.442041,0.11661,14,4.8,0.0701954,2.65971
795,0.499389,0.205162,13,6.19333,0.101773,2.91427
796,0.590144,0.211299,13,6.61333,0.0833315,2.51582
797,0.506159,0.190439,13,6.03333,0.0714002,2.6852
798,0.472432,0.149481,12,5.44,0.0842087,2.98198
799,0.593622,0.237469,14,7.33333,0.0848877,2.61856
800,0.504896,0.173049,13,5.73333,0.0687119,2.48859
801,0.517542,0.152108,13,5.96,0.0667999,2.62054
802,0.639457,0.242524,15,6.96667,0.0709246,2.31407
803,0.497945,0.145124,12,5.09333,0.068983,2.42082
804,0.490357,0.166042,13,5.44,0.104478,2.50233
805,0.611223,0.166503,15,5.65333,0.0691649,2.2535
806,0.440935,0.144979,12,5.28667,0.0667084,2.46316
807,0.518913,0.167847,14,6.24667,0.0707022,2.65607
808,0.51663,0.187322,14,6.13333,0.0830153,2.54708
809,0.511955,0.155687,14,5.20667,0.0731725,2.51268
810,0.39202,0.104761,13,3.96,0.0696861,2.75232
811,0.534898,0.198828,13,5.99333,0.0934684,2.35873
812,0.443299,0.14735,13,4.94,0.0685452,2.52653
813,0.510468,0.17485,15,6.32,0.0684587,2.67058
814,0.543138,0.175856,14,5.72667,0.0889718,2.4282
815,0.392844,0.102868,14,4.61333,0.0700732,2.77808
816,0.547813,0.0874665,13,3.77333,0.0654763,2.71228
817,0.59371,0.14533,14,5.28667,0.068521,2.62821
818,0.585766,0.186349,15,6.38,0.0810956,2.29479
819,0.531852,0.154548,14,5.38,0.0697087,2.59415
820,0.59204,0.161428,14,6.14,0.0690466,2.48387
821,0.513241,0.160863,15,5.93333,0.0670013,2.51143
822,0.544012,0.197679,15,6.58667,0.0687668,2.5202
823,0.596883,0.218151,14,7,0.0701909,2.39305
824,0.719923,0.244445,15,8,0.0811914,2.20581
825,0.551854,0.17158,14,5.87333,0.0703312,2.67129
826,0.48754,0.15051,14,5.87333,0.0694261,2.83989
827,0.575072,0.21351,12,6.66667,0.0698418,2.75182
828,0.440286,0.115302,13,5.27333,0.068055,2.71115
829,0.516782,0.182173,14,7.09333,0.0683555,2.64474
830,0.645343,0.219576,15,7.24,0.077484,2.63325
831,0.523732,0.172909,14,7.01333,0.0670178,2.34727
832,0.585397,0.216722,14,7.14667,0.0683524,2.41331
833,0.441729,0.169898,14,5.5,0.0702289,3.06237
834,0.597624,0.213138,15,6.94,0.0683048,2.40461
835,0.474385,0.156444,15,6.38,0.0723035,2.43564
836,0.533169,0.168808,14,6.28,0.0691442,2.63697
837,0.556505,0.161041,13,6.33333,0.0678739,2.5954
838,0.534877,0.20082,14,6.73333,0.0709122,2.73601
839,0.699996,0.245178,14,7.39333,0.0674473,2.41739
840,0.573608,0.223692,14,6.8,0.0726619,2.44263
841,0.44365,0.148709,12,5.02667,0.0665691,3.05722
842,0.603854,0.173432,13,5.53333,0.0654403,2.99709
843,0.41675,0.137986,12,5.34,0.0688767,2.9858
844,0.517315,0.187009,15,6.01333,0.0702082,2.49054
845,0.528813,0.20979,14,6.62,0.0727362,2.59784
846,0.440182,0.155378,12,5.31333,0.0707964,2.86734
847,0.474695,0.170756,14,6.04,0.0856189,2.92559
848,0.410782,0.138567,12,5.07333,0.0728895,2.82565
849,0.489636,0.164341,13,5.32,0.0710811,2.71411
850,0.451372,0.131499,15,5.72667,0.0675591,3.00318
851,0.581336,0.207242,15,7.09333,0.067657,2.58051
852,0.555459,0.190435,15,6.61333,0.0710777,2.85331
853,0.523262,0.205294,13,6.08,0.0724005,2.72854
854,0.594996,0.204098,14,6.57333,0.0701695,2.65304
855,0.555791,0.183969,14,6.38,0.0687402,2.54862
856,0.581254,0.217113,15,6.66,0.0671473,2.45674
857,0.478069,0.192025,13,5.78,0.0754168,2.46104
858,0.655244,0.192066,14,6.64667,0.0683266,2.58696
859,0.415645,0.122918,14,5.38,0.0690609,2.75496
860,0.552298,0.1809,14,6.37333,0.0714097,2.86297
861,0.532265,0.185911,15,6.54667,0.0889901,2.57009
862,0.517484,0.15858,14,5.55333,0.0688456,2.83766
863,0.554937,0.203017,14,6.47333,0.0709343,2.45496
864,0.724304,0.216631,14,6.53333,0.069761,2.46008
865,0.538282,0.175846,13,5.66667,0.0664505,2.64611
866,0.60219,0.157651,13,5.43333,0.068094,2.65676
867,0.679991,0.25773,15,7.59333,0.0730607,2.25772
868,0.512535,0.196491,14,6.56667,0.115896,2.54838
869,0.60631,0.215631,15,6.76667,0.071592,2.29681
870,0.5284,0.203976,14,7.02,0.0693644,2.68183
871,0.509603,0.210106,14,7.2,0.142715,2.6697
872,0.509471,0.188156,15,6,0.0669976,2.41168
873,0.462868,0.141254,13,5.82667,0.0713743,2.75639
874,0.48258,0.16847,13,5.68667,0.0689798,2.67461
875,0.504229,0.15963,14,5.53333,0.0720132,2.5256
876,0.562686,0.181272,15,6.52667,0.0691917,2.73686
877,0.524361,0.158025,13,5.84667,0.0647503,2.60063
878,0.629449,0.229676,14,7.02667,0.0696229,2.65545
879,0.57353,0.198986,14,6.81333,0.0775502,2.88459
880,0.593392,0.188721,15,6.87333,0.0697068,2.60809
881,0.565461,0.216431,13,6.96,0.0688064,2.64531
882,0.53717,0.171997,15,6.04667,0.066911,2.87018
883,0.597979,0.223812,14,6.85333,0.0667947,2.44784
884,0.66575,0.260365,15,7.88667,0.248247,2.55717
885,0.571131,0.193361,15,6.78,0.0723972,2.78123
886,0.639811,0.197325,14,6.7,0.0772964,2.88956
887,0.572562,0.187869,15,6.42,0.0712489,2.81253
888,0.717567,0.234816,15,7.51333,0.0662416,2.38935
889,0.549564,0.164946,13,5.65333,0.0751443,3.00524
890,0.498718,0.144644,13,5.45333,0.0678263,3.00384
891,0.509935,0.170069,14,5.71333,0.0708652,2.7025
892,0.558389,0.160645,14,6.22,0.0747957,2.63171
893,0.559628,0.188434,14,6.35333,0.0684225,2.7486
894,0.68106,0.236443,15,7.50667,0.0675901,2.36456
895,0.592026,0.216782,13,7,0.0952279,2.93643
896,0.555243,0.210865,14,6.62667,0.0713867,2.57788
897,0.657473,0.19991,14,6.33333,0.0673933,2.67892
898,0.550624,0.201427,15,6.79333,0.0808507,2.71076
899,0.555335,0.212836,13,6.12,0.0708535,2.76468
900,0.696601,0.269291,14,7.48667,0.0709904,2.32888
901,0.675144,0.222341,14,6.71333,0.0708415,2.57015
902,0.582065,0.204698,14,7.36,0.0708154,2.49407
903,0.617014,0.202725,14,7,0.0666667,2.58999
904,0.588806,0.241196,14,7.24667,0.076445,2.5181
905,0.472421,0.184847,14,5.96,0.0712504,2.79729
906,0.651315,0.188072,15,7.08,0.0695444,2.70522
907,0.498267,0.172733,13,5.86,0.0691402,2.85782
908,0.536903,0.224729,13,6.69333,0.0699806,2.64519
909,0.44282,0.178916,13,5.90667,0.0689755,2.80058
910,0.408408,0.160996,12,5.32,0.0659494,2.69703
911,0.576203,0.224486,14,7.44667,0.0702942,2.5978
912,0.489832,0.151925,13,5.43333,0.0700936,2.61333
913,0.564259,0.231223,15,7.03333,0.112868,2.56989
914,0.483248,0.191889,14,6.78,0.0879428,2.72498
915,0.533586,0.208462,14,6.97333,0.131823,2.81583
916,0.552322,0.235244,13,7.07333,0.0667347,2.7453
917,0.609483,0.229679,12,6.74667,0.192882,2.74908
918,0.614042,0.245774,15,7.24,0.117539,2.50886
919,0.606803,0.177454,13,5.62667,0.0701534,2.44246
920,0.599669,0.222823,14,6.67333,0.0675178,2.36948
921,0.673897,0.24951,13,7.31333,0.0674067,2.28795
922,0.496588,0.187208,14,6.50667,0.0723513,2.71873
923,0.741971,0.254341,15,8.06667,0.130204,2.37658
924,0.652742,0.244535,14,7.66,0.0693427,2.48785
925,0.60458,0.24593,15,7.52667,0.0736091,2.40943
926,0.554417,0.179354,12,5.57333,0.0721888,2.58104
927,0.669403,0.255894,15,7.56,0.0791094,2.52782
928,0.590847,0.174439,14,5.68,0.0709009,2.81928
929,0.566712,0.206268,14,6.73333,0.0693377,2.83116
930,0.600605,0.212668,14,7.12,0.0660392,2.42967
931,0.657515,0.26724,14,8.2,0.0710258,2.37818
932,0.473369,0.147915,13,5.45333,0.0944316,2.77965
933,0.538999,0.182559,14,5.94,0.0722963,2.6998
934,0.550668,0.182741,13,5.86,0.065795,2.66439
935,0.580507,0.239361,12,7.10667,0.0653747,2.449
936,0.655622,0.215532,14,6.1,0.0777616,2.5537
937,0.635278,0.253012,14,7.09333,0.0692683,2.29732
938,0.590052,0.230329,14,7.08,0.0671402,2.51685
939,0.490651,0.171414,12,5.88,0.0729706,2.7624
940,0.586701,0.199289,13,5.92667,0.0678054,2.37556
941,0.401185,0.159067,14,5.82,0.0741568,2.9637
942,0.555247,0.256896,15,7.79333,0.0664637,2.52839
943,0.631646,0.281573,14,7.88667,0.0738051,2.39534
944,0.570315,0.217805,15,7.13333,0.0653827,2.42423
945,0.511565,0.176632,14,5.56,0.0886366,2.55978
946,0.631237,0.240891,15,7.34667,0.133315,2.50385
947,0.517743,0.183792,14,6.17333,0.126753,2.82476
948,0.522848,0.201109,12,6.27333,0.0667861,2.70308
949,0.529756,0.219461,13,6.98667,0.0730663,2.77309
950,0.60898,0.219656,13,6.43333,0.0683028,2.37555
951,0.662723,0.239953,14,6.88,0.0670126,2.32494
952,0.594985,0.24669,15,7.35333,0.0732202,2.53002
953,0.550075,0.20404,14,6.64,0.0655997,2.42105
954,0.550044,0.236829,15,7.02667,0.0716637,2.53554
955,0.547404,0.197747,15,6.09333,0.067856,2.6033
956,0.706118,0.29603,14,7.88667,0.0726182,2.3167
957,0.539586,0.21938,14,6.56,0.0673449,2.39548
958,0.57198,0.201768,15,6.48,0.0849119,2.61507
959,0.578169,0.196893,13,6.48667,0.106369,2.42554
960,0.672536,0.257842,15,7.3,0.0673349,2.14796
961,0.586591,0.201319,14,6.68667,0.0701292,2.40691
962,0.652822,0.215376,15,6.62667,0.139628,2.51559
963,0.501341,0.203621,13,6.49333,0.0685207,2.69917
964,0.505608,0.189356,14,5.48667,0.0680538,2.4604
965,0.549644,0.21859,15,7.12667,0.0700226,2.49069
966,0.588106,0.248498,14,7.26667,0.151887,2.69107
967,0.610764,0.253024,13,6.86667,0.071335,2.26791
968,0.694953,0.265579,14,7.56667,0.0690998,2.3819
969,0.650252,0.275647,14,7.39333,0.138726,2.4234
970,0.671949,0.238201,14,7.08,0.0917354,2.43793
971,0.499829,0.182572,14,5.46,0.0872655,2.56677
972,0.60668,0.251696,14,6.95333,0.0700489,2.36477
973,0.659131,0.234804,14,6.65333,0.0701558,2.31313
974,0.627784,0.233358,15,6.63333,0.0793123,2.48184
975,0.517051,0.206113,13,6.02667,0.06747,2.25737
976,0.523795,0.232771,13,6.30667,0.0678733,2.56047
977,0.696265,0.278399,15,7.48,0.140123,2.29719
978,0.743121,0.328007,15,8.40667,0.0713004,2.16179
979,0.679633,0.293608,14,8.14,0.0672801,2.39664
980,0.617497,0.256365,14,6.80667,0.0763093,2.47511
981,0.758171,0.32641,15,7.87333,0.0688266,2.01839
982,0.675023,0.244044,14,7.00667,0.0683169,2.302
983,0.59322,0.272209,14,7.10667,0.0792834,2.43039
984,0.513016,0.198658,13,5.8,0.0657299,2.6463
985,0.448506,0.161829,13,5.84667,0.0675654,2.71925
986,0.549059,0.206787,14,5.92,0.0709685,2.56479
987,0.574171,0.269785,14,7.51333,0.0889202,2.37369
988,0.583066,0.28506,14,7.77333,0.0705759,2.40073
989,0.522114,0.185245,15,5.70667,0.0673828,2.60169
990,0.600817,0.250906,14,7.04,0.173902,2.48811
991,0.53623,0.177306,11,4.98667,0.067316,2.71111
992,0.56213,0.211169,13,6.12,0.0710914,2.69583
993,0.622135,0.207574,14,6.53333,0.164327,2.66511
994,0.549457,0.229799,12,6.42,0.148641,2.63162
995,0.576792,0.200376,14,6.17333,0.0689818,2.82791
996,0.617204,0.159129,15,5.37333,0.071544,2.62639
997,0.553904,0.222527,14,6.45333,0.0692274,2.70833
998,0.548554,0.197661,15,5.94667,0.0659755,2.61652
999,0.449016,0.188543,12,5.84,0.105032,2.79071
1000,0.606028,0.265753,15,6.88667,0.0688202,2.39694
