1,0.111511,0.00248563,5,0.193333,0.0699031,1.10992
2,0.0498122,0.00230641,6,0.273333,0.0766611,1.2167
3,0.134538,0.0107173,6,1.48,0.067388,1.48742
4,0.128716,0.0116891,8,0.826667,0.101419,1.3928
5,0.170641,0.00917707,7,0.92,0.0866263,1.53247
6,0.124232,0.0249235,8,2.19333,0.068031,1.29735
7,0.185933,0.0204148,12,2.53333,0.0739028,1.63047
8,0.311781,0.0403776,11,2.42667,0.0712909,1.4712
9,0.239437,0.0456029,10,2.58,0.0803524,1.64818
10,0.275531,0.035264,10,3,0.103036,1.47323
11,0.304363,0.0201775,13,2.2,0.0694466,1.46232
12,0.343743,0.0441083,12,3.74,0.0711021,1.52512
13,0.204389,0.0280988,11,2.43333,0.0828321,1.66054
14,0.278674,0.0451337,12,3.34,0.0750551,1.68201
15,0.231748,0.029782,10,2.28,0.169582,1.63214
16,0.286462,0.0421507,11,3.02667,0.0884192,1.59105
17,0.310871,0.0602143,12,4.00667,0.0791745,1.69253
18,0.190003,0.0191269,9,2.46,0.0888888,1.57047
19,0.360819,0.0259333,12,2.58667,0.0646363,1.58007
20,0.303002,0.0411645,12,3.1,0.0790599,1.82707
21,0.363341,0.0676772,13,3.46,0.0677388,2.172
22,0.267797,0.0429237,11,2.48,0.0748723,1.82896
23,0.280123,0.0412383,13,2.55333,0.0981691,1.97036
24,0.306462,0.0326786,14,2.53333,0.0761115,1.99029
25,0.38769,0.0750284,12,3.7,0.081173,2.2873
26,0.339206,0.0439059,11,3.42667,0.0967641,2.11954
27,0.38483,0.0733986,12,4.08667,0.0710873,2.23756
28,0.289889,0.0496022,11,3.23333,0.071482,1.907
29,0.326984,0.0499774,12,2.86667,0.107465,1.79771
30,0.336799,0.0615826,12,3.56667,0.128497,2.21028
31,0.30157,0.0490652,14,3.20667,0.174233,1.94971
32,0.206879,0.0328075,10,2.39333,0.0659762,1.88925
33,0.383769,0.0608211,14,3.84667,0.110173,1.96947
34,0.273775,0.06096,12,3.31333,0.0819955,2.03266
35,0.387296,0.0522697,12,2.87333,0.139299,2.00839
36,0.518624,0.113393,14,4.61333,0.0720692,1.9401
37,0.292891,0.0446477,11,2.46667,0.0684819,2.19254
38,0.338549,0.062701,12,3.76667,0.0839435,2.29283
39,0.364573,0.0506169,13,3.35333,0.0712884,2.15581
40,0.41489,0.0462578,12,3.05333,0.0698393,1.77955
41,0.395575,0.0520107,11,3.37333,0.074092,2.05645
42,0.370184,0.0603608,14,3.8,0.0698764,2.16099
43,0.506565,0.0874911,13,4.87333,0.0766193,2.00022
44,0.309127,0.0483664,13,3.71333,0.0690233,2.05908
45,0.450977,0.0945826,13,5.11333,0.0699948,2.01477
46,0.432575,0.0901283,13,4.93333,0.074882,2.34797
47,0.405566,0.0751619,12,4.70667,0.0681124,2.05321
48,0.336284,0.0617897,14,3.88667,0.070557,2.40722
49,0.277579,0.0667717,13,4.34,0.0682011,2.40501
50,0.262363,0.0482129,12,3.36,0.0986292,2.34046
51,0.349358,0.0641763,12,3.83333,0.102764,2.32541
52,0.316871,0.0455787,12,2.99333,0.064228,1.90695
53,0.474358,0.0975276,13,5.13333,0.152801,1.9139
54,0.38673,0.0818557,12,3.95333,0.0696619,2.06089
55,0.345001,0.0751614,11,3.83333,0.0684201,2.061
56,0.322568,0.0791205,12,4.24667,0.0807883,1.89883
57,0.441466,0.0981058,13,4.98667,0.0724541,1.61965
58,0.43414,0.0789587,12,4.3,0.0680082,1.68014
59,0.386412,0.0677622,12,4.04,0.0998314,1.98274
60,0.346628,0.062568,12,3.32667,0.108939,2.11654
61,0.381301,0.0651175,12,3.11333,0.0709372,2.13441
62,0.537848,0.0920516,13,3.96,0.109245,2.28577
63,0.566041,0.131405,14,5.68,0.0899665,2.02783
64,0.441124,0.109465,14,4.93333,0.0813374,2.07122
65,0.537336,0.106481,14,4.58667,0.163984,2.31398
66,0.484867,0.088959,14,4.78667,0.0701953,2.37083
67,0.634191,0.128217,14,5.24,0.0786119,2.00846
68,0.360302,0.0618421,13,3.80667,0.0989354,2.34089
69,0.323485,0.0562483,13,3.81333,0.0870843,2.29301
70,0.371531,0.0691216,12,3.55333,0.0921294,2.0155
71,0.399698,0.075692,13,4.38,0.0996567,2.43729
72,0.482434,0.115496,13,5.07333,0.0762191,2.20137
73,0.428525,0.0814044,14,4.32667,0.0719094,2.08678
74,0.459138,0.107047,13,5.55333,0.0792725,2.13428
75,0.403505,0.0865492,14,4.24,0.0660461,1.91389
76,0.296217,0.0734392,11,3.84,0.0730635,2.40239
77,0.449394,0.115944,14,5.04667,0.1046,2.09702
78,0.549032,0.155416,13,5.94667,0.0906517,2.22543
79,0.444185,0.115503,13,4.86667,0.0788203,2.56801
80,0.673194,0.147882,14,5.97333,0.0716864,2.24886
81,0.52305,0.123145,15,5.16667,0.0697772,2.29684
82,0.620118,0.142034,14,5.45333,0.0774044,2.29659
83,0.41229,0.109084,13,4.36,0.0813333,2.4643
84,0.550819,0.126197,15,5.09333,0.15709,2.19762
85,0.559951,0.151613,13,5.66667,0.0940242,2.18106
86,0.589572,0.136931,15,5.08667,0.239378,2.54044
87,0.623039,0.147842,15,6.18667,0.136194,2.26568
88,0.498798,0.133813,15,5.22667,0.0684817,2.45816
89,0.693676,0.152255,15,6.36,0.0691736,2.16827
90,0.516187,0.110456,14,5.06667,0.0886597,2.5318
91,0.411723,0.112232,13,4.76,0.0829052,2.38666
92,0.396657,0.0945154,14,4.46667,0.06583,2.25211
93,0.330142,0.0899158,13,3.81333,0.0659127,2.63061
94,0.565819,0.144949,15,5.52,0.129145,2.57716
95,0.610391,0.177614,14,6.56667,0.0933261,2.25344
96,0.501373,0.115702,13,4.48667,0.0825707,2.38967
97,0.37964,0.0932566,13,4.22,0.0671433,2.45569
98,0.454118,0.135172,13,5.94667,0.0682517,2.47482
99,0.427102,0.119208,13,5.56667,0.0852791,2.35312
100,0.41742,0.103515,12,4.32,0.0667312,2.64314
101,0.620359,0.135948,15,5.86,0.0781376,2.45411
102,0.40765,0.0968821,15,4.55333,0.0666691,2.79749
103,0.35988,0.0964357,13,4.37333,0.0721157,2.71328
104,0.513976,0.116959,13,4.81333,0.0844045,2.24898
105,0.6339,0.132598,14,5.58,0.0886019,2.15162
106,0.492805,0.114105,15,4.95333,0.0682348,2.53448
107,0.387013,0.100676,12,4.26,0.0680482,2.49059
108,0.502538,0.155264,13,5.72,0.0745078,2.46738
109,0.474192,0.0992468,14,4.83333,0.17806,2.50797
110,0.527586,0.145215,13,5.72667,0.0755566,2.51074
111,0.52544,0.141862,15,5.43333,0.0926927,2.44705
112,0.522214,0.129386,13,5.28,0.10699,2.6929
113,0.501892,0.125331,14,4.77333,0.0695159,2.50319
114,0.566383,0.163842,13,5.94,0.117734,2.36752
115,0.436476,0.0977176,14,4.11333,0.072507,2.3394
116,0.48569,0.116316,14,4.46,0.0689325,2.22095
117,0.500237,0.137317,13,5.33333,0.119539,2.6485
118,0.436083,0.120646,12,4.85333,0.132186,2.81957
119,0.556849,0.137676,15,5.16,0.116323,2.64909
120,0.482567,0.124667,13,5.11333,0.0680338,2.59164
121,0.411106,0.100233,12,4.16667,0.0687998,2.38978
122,0.427863,0.119177,13,4.96,0.0720248,2.63093
123,0.511135,0.136222,14,4.9,0.0758362,2.3361
124,0.487756,0.106091,12,4.26667,0.0936199,2.29635
125,0.508184,0.137333,14,5.43333,0.0989539,2.50182
126,0.629214,0.155384,12,5.42,0.247738,2.39413
127,0.481886,0.126513,13,4.71333,0.0705254,2.33391
128,0.683257,0.19596,14,6.85333,0.0911831,2.15172
129,0.330798,0.0614269,12,3.28,0.0774764,2.48277
130,0.465936,0.131932,15,4.9,0.0686031,2.4553
131,0.568569,0.162036,12,5.76,0.0718064,2.40653
132,0.413946,0.0957212,11,4.04667,0.0871167,2.67636
133,0.566595,0.160203,13,5.44667,0.0941622,2.58906
134,0.373931,0.11691,13,4.66667,0.105203,2.46801
135,0.460972,0.125236,12,4.76,0.0721647,2.32976
136,0.505621,0.121812,14,4.72667,0.114795,2.27116
137,0.493925,0.138229,13,4.93333,0.0748763,2.35379
138,0.554873,0.153496,14,5.46,0.14487,2.25983
139,0.388348,0.112957,13,4.18,0.171433,2.68063
140,0.536509,0.141255,13,5.79333,0.0767145,2.29417
141,0.673318,0.164036,15,5.69333,0.0668185,2.05442
142,0.645881,0.181503,14,6.05333,0.0900472,1.93673
143,0.497234,0.14207,12,5.30667,0.136899,2.27225
144,0.499932,0.118763,12,4.58,0.0761718,2.18014
145,0.489646,0.148884,14,5.61333,0.0697311,2.61253
146,0.579157,0.201556,15,7.06,0.139432,2.30226
147,0.536497,0.199968,14,6.23333,0.114738,2.30253
148,0.49551,0.147237,14,5.67333,0.144455,2.40886
149,0.525991,0.174902,13,6.16667,0.0819223,2.43556
150,0.435566,0.146688,13,4.82,0.0889918,2.40087
151,0.569184,0.184999,14,6.7,0.0802812,2.30757
152,0.513765,0.185602,15,6.12667,0.0949575,2.50377
153,0.665435,0.254733,14,7.83333,0.131678,2.21715
154,0.51808,0.184798,13,5.68,0.129482,2.2045
155,0.540826,0.159449,13,5.79333,0.0788386,2.5007
156,0.453955,0.135055,12,4.8,0.0724407,2.39852
157,0.682036,0.21672,15,6.76667,0.0738103,2.34804
158,0.500081,0.158126,13,5.72667,0.0707502,2.46032
159,0.597653,0.195075,15,6.02667,0.0697991,2.31841
160,0.554711,0.183608,14,6.03333,0.0689599,2.34279
161,0.467801,0.145324,13,5.3,0.0764262,2.72306
162,0.506979,0.188776,14,6.6,0.110556,2.49143
163,0.424573,0.14436,15,5.92,0.0672792,2.49042
164,0.656207,0.204007,15,7.21333,0.0887147,2.27802
165,0.531878,0.188208,14,7.04,0.0754689,2.56346
166,0.69981,0.207148,14,6.87333,0.289274,2.45854
167,0.567821,0.173603,14,6.00667,0.0697628,2.38871
168,0.541863,0.196823,14,6.42,0.205219,2.5103
169,0.629058,0.222908,14,7.10667,0.112667,2.38665
170,0.545779,0.218051,14,7.53333,0.0753415,2.25418
171,0.625475,0.236651,15,7.55333,0.0950675,2.07875
172,0.539268,0.164437,14,5.59333,0.0710813,2.47085
173,0.469885,0.15429,13,5.12667,0.0738005,2.48822
174,0.528831,0.157429,14,5.49333,0.0706633,2.53808
175,0.58634,0.212909,13,6.34667,0.0738626,2.23401
176,0.526122,0.175999,14,6.64,0.0888533,2.2782
177,0.500291,0.207233,14,6.35333,0.0771933,2.14338
178,0.459289,0.168503,13,5.35333,0.0676689,2.3551
179,0.540215,0.150958,14,6.14667,0.0694236,2.3545
180,0.594129,0.197269,13,5.86,0.083766,2.27171
181,0.594435,0.197103,14,6.60667,0.129848,2.29381
182,0.477491,0.151123,14,5.56,0.0705652,2.34649
183,0.675339,0.23065,14,7.33333,0.109018,2.27267
184,0.568285,0.197141,13,6.83333,0.0732568,2.41205
185,0.626201,0.224027,15,7.41333,0.0891103,2.39894
186,0.537562,0.199327,13,6.37333,0.0787811,2.41058
187,0.470925,0.163048,14,6.08667,0.0774329,2.46413
188,0.60479,0.201656,14,6.48667,0.176182,2.52398
189,0.634005,0.224016,14,6.68667,0.0711333,2.14199
190,0.501601,0.188214,14,6.47333,0.185664,2.53131
191,0.474039,0.174552,13,6.12667,0.0842274,2.41959
192,0.628398,0.189225,15,6.52,0.0872995,2.31028
193,0.445888,0.122992,13,4.88,0.0728594,2.48357
194,0.541483,0.169661,14,6.11333,0.0858544,2.57828
195,0.599625,0.168071,14,6.02667,0.119976,2.43873
196,0.416169,0.143567,13,5.13333,0.0856227,2.38548
197,0.559262,0.117763,15,4.78667,0.0786122,2.81604
198,0.607044,0.188196,15,6.64,0.16578,2.31372
199,0.375753,0.122427,14,4.68,0.0929465,2.64268
200,0.558965,0.151311,14,5.67333,0.0686997,2.58331
201,0.42932,0.154768,13,5.57333,0.0826846,2.66809
202,0.585112,0.182021,14,6.32667,0.0862645,2.58719
203,0.542937,0.164854,14,6.42,0.070777,2.58941
204,0.461853,0.171211,13,5.97333,0.0853251,2.67471
205,0.58298,0.208738,15,7.31333,0.150249,2.36578
206,0.548262,0.203977,14,7.02,0.076713,2.43382
207,0.329079,0.108293,12,4.20667,0.0777103,2.85319
208,0.575522,0.227517,14,6.96,0.0702388,2.3888
209,0.469658,0.146718,15,6.10667,0.0707478,2.61786
210,0.527974,0.191259,15,6.67333,0.0899476,2.73162
211,0.729117,0.222515,14,7.02,0.0730773,2.23523
212,0.541406,0.15895,14,5.58,0.0762575,2.2337
213,0.556952,0.181333,13,6.47333,0.107704,2.42695
214,0.636266,0.193828,15,7.02667,0.0679279,2.36308
215,0.569901,0.189689,14,6.66,0.0730295,2.50609
216,0.605516,0.211274,13,6.88,0.0685125,2.38098
217,0.622679,0.195823,15,7.02,0.0709205,2.47472
218,0.496905,0.163579,14,6.44,0.124648,2.44703
219,0.550958,0.186502,14,6.61333,0.0736385,2.46848
220,0.469604,0.147295,12,5.80667,0.0707159,2.72619
221,0.569589,0.152156,14,5.42667,0.0901597,2.71741
222,0.387451,0.131047,11,4.54,0.0690115,2.73533
223,0.55466,0.160178,15,6.07333,0.0662796,2.56292
224,0.529661,0.182782,14,5.76667,0.0693002,2.42779
225,0.623147,0.176425,15,6.65333,0.075312,2.51235
226,0.6583,0.176598,14,6.45333,0.0712649,2.54888
227,0.563203,0.171121,14,5.90667,0.0776989,2.41177
228,0.546669,0.165789,12,6.04667,0.0675687,2.38845
229,0.539444,0.174631,13,5.72,0.0682516,2.66011
230,0.518087,0.152206,14,5.26667,0.0678342,2.49649
231,0.41712,0.148464,14,5.59333,0.0694492,2.69313
232,0.429396,0.150821,14,5.81333,0.0767153,2.66285
233,0.593017,0.208523,15,7.10667,0.0714682,2.5639
234,0.600578,0.206866,15,7.17333,0.069267,2.4411
235,0.665731,0.226069,15,6.67333,0.0962131,2.41041
236,0.533227,0.204962,13,6.42667,0.0706714,2.38763
237,0.607316,0.195644,14,6.37333,0.0688928,2.35039
238,0.606196,0.210048,15,6.75333,0.0645464,2.41802
239,0.640969,0.208944,15,7.38,0.0879274,2.27173
240,0.409754,0.132411,14,4.92667,0.0693436,2.45464
241,0.547393,0.122654,13,4.86667,0.0687602,2.3915
242,0.544492,0.165891,13,5.75333,0.0713456,2.35187
243,0.584439,0.167216,13,5.6,0.0710299,2.20839
244,0.526829,0.155109,14,5.95333,0.0708357,2.3585
245,0.40412,0.141263,15,6.06667,0.111536,2.44742
246,0.620043,0.226431,15,7.77333,0.101277,2.39829
247,0.550269,0.166098,15,5.92667,0.0773668,2.4097
248,0.427743,0.167045,13,6.84,0.0732003,2.56216
249,0.697762,0.221236,15,7.52667,0.070061,2.23197
250,0.615062,0.220825,15,6.57333,0.0762587,2.32463
251,0.621769,0.223039,15,6.77333,0.0690245,2.27768
252,0.601901,0.192977,15,6.02,0.113849,2.355
253,0.535817,0.147229,15,6.07333,0.164735,2.6933
254,0.535359,0.142554,15,5.74,0.0712298,2.36336
255,0.574101,0.188664,15,6.54667,0.069051,2.17444
256,0.541744,0.206395,14,6.92,0.0985826,2.44823
257,0.529707,0.189209,14,6.44667,0.106554,2.65084
258,0.629323,0.195346,15,6.47333,0.0873033,2.27565
259,0.424359,0.146704,11,4.95333,0.0843598,2.7269
260,0.73391,0.271437,15,7.66667,0.0703829,2.08888
261,0.570433,0.182857,14,6.42,0.171628,2.45465
262,0.579009,0.2034,15,6.86667,0.0733719,2.29093
263,0.692071,0.310528,14,8.13333,0.0741439,2.05488
264,0.600517,0.237269,14,7.2,0.0952953,2.34354
265,0.534879,0.217385,15,6.91333,0.0696993,2.30146
266,0.445812,0.133685,12,5.12,0.0695341,2.6999
267,0.576625,0.176729,14,6.1,0.0874675,2.34826
268,0.400449,0.104244,12,4.13333,0.0664494,2.56004
269,0.612931,0.191446,14,6.32,0.0740611,2.40973
270,0.435627,0.137078,13,5.37333,0.0719105,2.31884
271,0.552589,0.184176,14,5.9,0.0729233,2.40802
272,0.493698,0.20503,14,6.90667,0.0999356,2.58795
273,0.445805,0.174395,13,5.84,0.0935218,2.42999
274,0.567778,0.203068,13,6.81333,0.182193,2.52981
275,0.415725,0.138121,15,5.94667,0.0718941,2.70085
276,0.476461,0.163745,14,6.48667,0.0834881,2.62656
277,0.510804,0.12975,15,4.98,0.0944312,2.54133
278,0.470835,0.146767,13,5.82,0.073293,2.25032
279,0.498721,0.137466,14,5.26667,0.0671122,2.58403
280,0.486511,0.12883,14,5.14667,0.0885116,2.78184
281,0.582818,0.19579,13,6.21333,0.109035,2.23188
282,0.484563,0.17295,14,6.00667,0.0799182,2.32178
283,0.419965,0.121034,13,5.01333,0.0711859,2.51258
284,0.542075,0.179343,15,6.58667,0.0779581,2.12216
285,0.507371,0.154966,14,6.02667,0.0728378,2.47708
286,0.560809,0.202498,15,6.85333,0.071584,2.23935
287,0.43529,0.178942,13,6.27333,0.067775,2.3369
288,0.481923,0.198168,15,6.72667,0.0771648,2.1496
289,0.440201,0.141471,14,5.81333,0.0688584,2.37852
290,0.524946,0.150648,15,5.85333,0.0706419,2.32694
291,0.569026,0.213465,15,7.54,0.0824209,2.2945
292,0.468397,0.139293,13,5.44667,0.0759706,2.40205
293,0.41218,0.109493,14,4.6,0.0675461,2.37566
294,0.417866,0.171436,14,6.2,0.0684876,2.46392
295,0.453923,0.151418,14,5.91333,0.0692552,2.34741
296,0.487673,0.155843,13,5.97333,0.0663129,2.21859
297,0.469929,0.158587,13,5.98,0.0982772,2.42138
298,0.54273,0.159155,15,6.00667,0.0698872,2.03444
299,0.49633,0.146307,15,5.10667,0.0706966,2.31549
300,0.387105,0.106586,14,4.30667,0.0661778,2.32868
301,0.428131,0.12564,13,5.37333,0.172722,2.5592
302,0.43017,0.157344,14,5.80667,0.0680164,2.53191
303,0.588194,0.149897,15,5.96,0.0669124,2.29795
304,0.525337,0.151947,12,5.72667,0.162772,2.77393
305,0.416354,0.0986715,14,4.94667,0.0729989,2.68775
306,0.489105,0.121789,14,4.8,0.0814027,2.49198
307,0.569659,0.168872,14,6.37333,0.0795819,2.56719
308,0.672456,0.166752,15,6.35333,0.0683798,2.35375
309,0.581103,0.129025,15,5.06667,0.0700846,2.79644
310,0.451473,0.11703,13,5.42,0.0675767,2.35747
311,0.44739,0.128107,15,5.52667,0.0701039,2.3755
312,0.584139,0.160686,14,5.91333,0.0661624,2.19498
313,0.361357,0.107599,12,4.60667,0.0648087,2.31843
314,0.595777,0.172995,15,6.44,0.0691468,2.55886
315,0.45073,0.154423,14,5.62,0.0680041,2.59768
316,0.620846,0.145763,13,5.89333,0.0683093,2.48473
317,0.570738,0.172309,15,6.21333,0.0690681,2.11513
318,0.533223,0.125949,14,4.92667,0.0683068,2.43351
319,0.484101,0.168273,14,5.98667,0.0693518,2.44607
320,0.414477,0.135315,13,5.38667,0.0665413,2.75229
321,0.388441,0.118012,11,4.91333,0.0679445,2.85839
322,0.433296,0.13546,14,4.75333,0.0971985,2.42569
323,0.626511,0.175653,14,6.42,0.0652605,2.44721
324,0.465168,0.138434,13,5.02,0.0673479,2.35396
325,0.492832,0.173281,13,5.86,0.0701524,2.23855
326,0.54827,0.14847,15,5.55333,0.0723551,2.14829
327,0.607757,0.193948,13,6.26667,0.0876993,2.27982
328,0.551958,0.159694,13,5.07333,0.0746713,2.11094
329,0.542558,0.15998,12,4.86667,0.0653508,2.33137
330,0.545552,0.159464,14,5.08,0.0680434,2.13628
331,0.611196,0.180647,14,6.11333,0.0682216,2.36123
332,0.440338,0.130636,14,5.37333,0.0677433,2.05903
333,0.564044,0.158506,14,5.66667,0.068068,2.17063
334,0.435795,0.111984,14,5.02,0.0703194,2.42481
335,0.598719,0.14096,13,5.31333,0.0669034,2.39063
336,0.595915,0.15713,14,5.58,0.0685538,2.31185
337,0.71776,0.152415,14,5.82667,0.0749884,2.26542
338,0.564818,0.158228,14,5.82,0.0824106,2.12429
339,0.573047,0.154571,15,5.50667,0.0655436,2.51575
340,0.500213,0.133901,14,4.62667,0.0696568,2.11863
341,0.735594,0.224975,15,7.19333,0.0717613,2.11314
342,0.594471,0.188001,14,6.12,0.0941031,2.24822
343,0.594019,0.178684,14,6.35333,0.0690155,2.19822
344,0.406065,0.0903568,13,4.57333,0.0715667,2.55321
345,0.465477,0.130563,13,5.19333,0.0673124,2.17485
346,0.535812,0.160339,15,5.89333,0.0664689,2.50847
347,0.482674,0.128332,13,5.26667,0.0900036,2.47281
348,0.474597,0.153577,14,5.88667,0.0707074,2.49072
349,0.555878,0.165085,14,5.46,0.0665229,2.21961
350,0.56694,0.183938,13,6.24,0.0694369,2.24069
351,0.545176,0.166396,14,5.66,0.0782614,2.14027
352,0.486124,0.164383,14,5.42,0.0751033,2.08977
353,0.438382,0.13285,15,4.66,0.0745547,2.39531
354,0.465216,0.131822,14,5.11333,0.076974,2.2647
355,0.586056,0.182512,15,5.77333,0.070966,2.13919
356,0.505661,0.18209,14,5.98667,0.0682433,2.26283
357,0.571959,0.179543,14,6.15333,0.0732963,2.18995
358,0.538649,0.120439,14,4.51333,0.0667041,2.37666
359,0.555894,0.157933,15,5.8,0.0769541,2.15675
360,0.544379,0.173207,14,5.97333,0.0713079,2.47302
361,0.373038,0.113507,14,4.58667,0.067708,2.42598
362,0.499583,0.117797,13,4.89333,0.0659712,2.53495
363,0.478174,0.144782,13,5.42,0.0640975,2.42259
364,0.612846,0.160269,14,5.72,0.0808035,2.19532
365,0.627027,0.164161,14,6.00667,0.0690307,2.34152
366,0.470279,0.126247,14,4.9,0.0686973,2.59817
367,0.573716,0.171397,15,5.91333,0.0677798,2.36895
368,0.662342,0.204239,14,5.95333,0.0677222,2.16427
369,0.469236,0.111629,15,4.6,0.0717924,2.35947
370,0.452963,0.175124,14,5.64667,0.068532,2.201
371,0.514857,0.130244,14,4.86,0.0749927,2.3718
372,0.470475,0.173287,14,5.82667,0.076776,2.69635
373,0.587283,0.196596,15,6.38667,0.0671681,2.30281
374,0.415041,0.123471,13,4.5,0.0689108,2.64229
375,0.64717,0.167132,14,6.16667,0.0699808,2.41416
376,0.432425,0.115365,12,4.54667,0.0869907,2.63286
377,0.455184,0.12984,15,5.26,0.0762254,2.35182
378,0.496046,0.120647,14,5.04667,0.0671648,2.53156
379,0.470396,0.151262,14,6.04667,0.0745453,2.51638
380,0.525779,0.150876,15,5.78,0.0924212,2.27894
381,0.611001,0.133209,13,4.96667,0.0760375,2.43577
382,0.397825,0.123808,12,4.6,0.0688933,2.60422
383,0.615069,0.149875,13,5.34,0.0687332,2.55279
384,0.542853,0.182821,13,5.76667,0.068429,2.71762
385,0.443765,0.127147,14,5.42667,0.0698085,2.53777
386,0.453081,0.119086,13,4.90667,0.0921237,2.8178
387,0.512991,0.168259,14,6.17333,0.0672613,2.39389
388,0.500221,0.138091,15,4.92667,0.0676966,2.35981
389,0.539587,0.151217,15,5.88667,0.166945,2.34363
390,0.499433,0.128973,14,4.97333,0.0658684,2.39852
391,0.414043,0.126138,15,4.63333,0.0652596,2.6719
392,0.510747,0.126502,14,4.93333,0.171003,2.44984
393,0.454944,0.156438,12,5.66667,0.067553,2.61124
394,0.506029,0.157316,14,6.46667,0.082274,2.74365
395,0.477908,0.152948,14,5.77333,0.0873704,2.65344
396,0.552472,0.152488,15,6.54,0.0668281,2.44123
397,0.520583,0.120877,15,5.31333,0.068065,2.65429
398,0.50653,0.152116,13,6.2,0.0687675,2.68642
399,0.546966,0.191825,14,7.46667,0.0721164,2.47083
400,0.462566,0.138413,14,6.13333,0.0666845,2.66069
401,0.500832,0.157937,14,6.60667,0.0905226,2.81286
402,0.483659,0.145342,13,5.84,0.0728691,2.60991
403,0.500336,0.142824,14,5.56667,0.0682756,2.64125
404,0.498471,0.138058,13,5.62,0.0860697,2.98239
405,0.415974,0.139852,13,5.86667,0.0659341,2.60182
406,0.572642,0.150313,15,5.76667,0.0849945,2.66998
407,0.536485,0.153302,14,6.29333,0.0716899,2.54818
408,0.506463,0.138185,14,5.75333,0.0690458,2.56715
409,0.688334,0.14613,15,6.25333,0.0765509,2.60027
410,0.442671,0.119314,14,5.40667,0.0707943,2.67608
411,0.456879,0.133968,13,5.77333,0.0701056,2.60733
412,0.53118,0.154205,13,5.62667,0.0692694,2.7322
413,0.519371,0.156118,15,6.66,0.0706079,2.68592
414,0.454429,0.117876,14,4.44667,0.0667546,2.67363
415,0.466596,0.124232,15,4.9,0.154943,2.58331
416,0.646469,0.124715,14,4.7,0.0666063,2.46457
417,0.509024,0.137263,12,4.7,0.0689653,2.6811
418,0.495881,0.176139,14,5.7,0.0710463,2.31988
419,0.705852,0.265819,15,7.62,0.07025,2.1838
420,0.651367,0.194557,14,6.16667,0.0689751,2.5242
421,0.486648,0.138923,14,4.73333,0.0807445,2.62749
422,0.483217,0.129759,12,4.57333,0.074171,2.77322
423,0.456735,0.104235,12,4.67333,0.0674112,2.82757
424,0.567464,0.103782,14,4.51333,0.0711919,2.65777
425,0.507843,0.162645,14,5.95333,0.068794,2.37278
426,0.589442,0.150832,14,5.71333,0.073937,2.50428
427,0.494855,0.199852,14,6.38667,0.0717287,2.54625
428,0.475837,0.129177,13,5.30667,0.0684842,2.61213
429,0.457672,0.134568,12,5.70667,0.0644678,2.56876
430,0.391521,0.12475,12,4.71333,0.0740612,2.70347
431,0.55732,0.164711,13,5.77333,0.0696216,2.43449
432,0.603461,0.186493,14,6.02667,0.0681539,2.58142
433,0.456234,0.132487,12,5.09333,0.0788763,2.64942
434,0.589414,0.164709,14,6.12,0.067989,2.53461
435,0.46511,0.134008,13,5.2,0.0748668,2.88966
436,0.603171,0.168122,14,6.34667,0.0696886,2.63878
437,0.570902,0.179219,14,6.59333,0.0748756,2.43017
438,0.584451,0.152449,15,6.32,0.0701675,2.54254
439,0.529094,0.148474,14,4.79333,0.0674354,2.58217
440,0.511488,0.164658,15,6.49333,0.0696709,2.70168
441,0.451894,0.138733,13,5.38,0.065936,2.58276
442,0.51528,0.155871,14,5.89333,0.0751424,2.48656
443,0.387232,0.107685,12,4.22,0.0758194,2.52242
444,0.573094,0.157633,15,5.16667,0.0662695,2.33951
445,0.555053,0.128953,13,5.18667,0.0671444,2.59747
446,0.574743,0.13417,14,5.07333,0.0669544,2.42287
447,0.459223,0.125307,13,5.18667,0.0731464,2.67778
448,0.472493,0.0938854,14,4.39333,0.067196,2.60516
449,0.565032,0.123913,15,5.18,0.0665912,2.53471
450,0.580325,0.156414,14,5.59333,0.0806888,2.1986
451,0.59238,0.121553,15,4.58667,0.0668858,2.45543
452,0.576331,0.135592,13,5.36,0.0668157,2.36036
453,0.521453,0.127144,15,5.23333,0.0684546,2.39394
454,0.391359,0.107705,13,4.39333,0.0648332,2.49945
455,0.5383,0.15889,14,5.88,0.0683548,2.30552
456,0.453661,0.130206,13,5,0.0710555,2.23458
457,0.386755,0.0975609,12,4.50667,0.0668142,2.44318
458,0.517298,0.113492,14,4.9,0.099199,2.81607
459,0.573709,0.121082,14,4.60667,0.0687597,2.49029
460,0.629615,0.136725,15,4.92,0.0660218,2.16683
461,0.473583,0.135667,15,5.21333,0.0866795,2.46959
462,0.616182,0.156024,14,5.69333,0.0770746,2.32612
463,0.519588,0.121793,14,4.86667,0.0650532,2.21634
464,0.647218,0.152778,15,5.67333,0.0689384,2.3741
465,0.518147,0.159874,15,6.52,0.0735672,2.34883
466,0.552516,0.14158,14,5.6,0.0972849,2.22593
467,0.513472,0.13421,14,5.21333,0.0711812,2.44002
468,0.531052,0.147982,15,5.92,0.075072,2.40534
469,0.600544,0.131141,15,4.99333,0.0687448,2.02717
470,0.583206,0.173939,14,5.65333,0.0716867,2.16855
471,0.448702,0.136454,14,5.55333,0.0732956,2.67975
472,0.617676,0.172374,15,5.87333,0.0851124,2.23981
473,0.582288,0.132077,14,5.02667,0.0673134,2.04812
474,0.537988,0.145602,15,5.57333,0.0672465,2.23458
475,0.549641,0.137175,14,5.06,0.0715451,2.48497
476,0.531769,0.154781,14,5.60667,0.0699475,2.07757
477,0.577444,0.122413,13,4.96,0.0677463,2.45154
478,0.630349,0.175364,13,6.16,0.0724398,2.35675
479,0.604772,0.170232,14,6.16,0.0682368,2.18584
480,0.623868,0.145974,14,5.48667,0.0673525,2.24752
481,0.441571,0.132257,13,5.26667,0.0679148,2.31836
482,0.496987,0.149282,14,6.42,0.0699375,2.37063
483,0.546199,0.131819,14,4.96,0.0690626,2.30754
484,0.417817,0.13661,14,5.16,0.0677469,2.17528
485,0.39746,0.147166,14,5.28,0.0692701,2.27434
486,0.549206,0.145485,13,5.24667,0.0846687,2.35966
487,0.755338,0.209835,15,7.08,0.0705797,2.1904
488,0.504578,0.155049,14,5.81333,0.09263,2.16567
489,0.576772,0.153468,14,5.71333,0.0736766,2.6807
490,0.492251,0.115073,12,4.62667,0.066983,2.73215
491,0.539305,0.167311,14,5.74,0.0652939,2.30249
492,0.577197,0.121971,14,5.16,0.0722379,2.52203
493,0.650953,0.145747,14,5.67333,0.076053,2.5379
494,0.492293,0.147315,15,5.22,0.0694558,2.28335
495,0.55293,0.160712,15,5.99333,0.070951,2.29843
496,0.648239,0.153996,14,4.92667,0.0703963,2.263
497,0.468348,0.127281,13,4.97333,0.0672285,2.45409
498,0.502515,0.15071,14,5.66667,0.0677384,2.34753
499,0.433299,0.110829,13,5.14667,0.0668756,2.63952
500,0.59658,0.133075,14,5.32667,0.0670749,2.14406
501,0.582858,0.159478,15,6.23333,0.0746295,2.41944
502,0.61785,0.178942,14,6.35333,0.0836136,2.30257
503,0.619053,0.156366,14,5.92667,0.0686509,2.40193
504,0.611259,0.171214,15,6.44,0.0739794,2.34411
505,0.533763,0.156606,14,5.92667,0.0662499,2.5213
506,0.737271,0.211162,15,7.28,0.0725438,2.49821
507,0.443367,0.156345,14,5.98667,0.0689531,2.60004
508,0.506477,0.126351,14,5.04667,0.0676427,2.35155
509,0.677928,0.181432,15,6.52,0.0738978,2.28152
510,0.554421,0.133787,15,5.64,0.0671911,2.32451
511,0.49233,0.133187,12,5.28667,0.0744128,2.58022
512,0.496326,0.14776,13,5.54,0.0699451,2.48537
513,0.712281,0.184552,15,7.02667,0.0670063,2.38962
514,0.544893,0.161709,14,6.05333,0.0693524,2.6457
515,0.582773,0.195796,14,7.04667,0.0688581,2.47785
516,0.472564,0.144961,14,5.78,0.0667023,2.68942
517,0.503533,0.159071,12,5.64667,0.108278,2.56408
518,0.61318,0.207187,15,7.2,0.0705833,2.52049
519,0.538938,0.176934,13,6.05333,0.071673,2.58911
520,0.617375,0.146095,13,5.76,0.0643912,2.33698
521,0.53109,0.147626,15,5.34,0.0676573,2.34026
522,0.633648,0.133036,13,5.3,0.12214,2.40553
523,0.449985,0.141755,14,5.62667,0.0690652,2.249
524,0.438642,0.151097,14,5.56,0.0676712,2.47447
525,0.454489,0.116233,13,4.93333,0.0766074,2.35397
526,0.502867,0.174148,14,6.49333,0.0676916,2.25678
527,0.563538,0.187889,14,6.6,0.115466,2.31168
528,0.614491,0.13894,13,5.16,0.0761458,2.23016
529,0.523913,0.146292,14,5.84667,0.0686754,2.49459
530,0.505542,0.136802,15,5.78667,0.0674983,2.44049
531,0.697835,0.214278,15,7.68667,0.0715611,2.18374
532,0.558178,0.159605,13,5.72667,0.0686882,2.51921
533,0.449187,0.119655,12,4.75333,0.0660079,2.62385
534,0.591402,0.166297,14,6.03333,0.0687498,2.48281
535,0.504893,0.190296,13,6.19333,0.0683929,2.69415
536,0.525047,0.147545,13,5.14667,0.0704675,2.33629
537,0.547594,0.145111,14,5.71333,0.0778442,2.53425
538,0.496195,0.15002,15,6.12667,0.0711876,2.70526
539,0.598775,0.182729,14,6.31333,0.0682875,2.26832
540,0.523221,0.148171,15,5.98,0.0683268,2.47859
541,0.606065,0.20871,15,7.16667,0.0837841,2.44369
542,0.516327,0.145874,15,5.78667,0.0673841,1.99276
543,0.629961,0.174801,15,6.34667,0.108368,2.39401
544,0.549941,0.144644,14,5.64,0.07101,2.52127
545,0.489673,0.141444,14,5.46,0.0769959,2.63774
546,0.541461,0.145665,12,5.62667,0.0752378,2.72611
547,0.510448,0.144755,13,5.48,0.0714861,2.71128
548,0.467488,0.151864,14,5.42,0.0648209,2.50921
549,0.567545,0.193498,14,6.94,0.0798009,2.51464
550,0.431929,0.168592,15,6.40667,0.0707064,2.50024
551,0.455741,0.142603,13,5.5,0.076785,2.51036
552,0.587318,0.153488,14,5.34667,0.0655543,2.36832
553,0.492387,0.145328,12,5.38,0.0715685,2.44975
554,0.635696,0.174635,14,5.69333,0.0670474,2.14709
555,0.57832,0.161446,15,6.48,0.0680308,2.39851
556,0.526991,0.142634,14,5.57333,0.0749349,2.38686
557,0.490283,0.126078,13,4.83333,0.0653966,2.57211
558,0.596304,0.153501,14,5.58667,0.067542,2.62764
559,0.592929,0.157185,14,6.17333,0.0760331,2.5278
560,0.553758,0.145154,14,5.54667,0.0733313,2.55097
561,0.660986,0.185679,14,6.26,0.0780002,2.12554
562,0.548411,0.159423,13,5.63333,0.070177,2.70832
563,0.530622,0.161656,14,5.37333,0.070753,2.32752
564,0.509177,0.193073,14,6.69333,0.0699618,2.55532
565,0.61733,0.184406,14,6.31333,0.0792367,2.50312
566,0.473301,0.144354,14,5.64,0.0733607,2.58883
567,0.457994,0.138513,14,5.15333,0.0655501,2.78187
568,0.45656,0.151352,13,5.53333,0.113264,2.74651
569,0.592634,0.123462,15,4.87333,0.0669121,2.27779
570,0.651817,0.202526,15,6.73333,0.0707245,2.34382
571,0.543498,0.185166,15,6.05333,0.0675915,2.12615
572,0.408342,0.132562,14,5.12,0.0840707,2.29071
573,0.538467,0.151889,14,5.52667,0.0698958,2.63108
574,0.523542,0.146063,15,5.80667,0.0664219,2.13289
575,0.575869,0.174318,14,6.28,0.0654945,2.16426
576,0.516503,0.167158,14,5.79333,0.0666458,2.0847
577,0.439667,0.154968,13,5.16,0.0682718,2.18363
578,0.621523,0.159277,14,5.69333,0.0676272,2.28249
579,0.472369,0.13067,14,6.02,0.0694523,2.19695
580,0.610334,0.151251,13,5.92667,0.0659883,2.5817
581,0.537996,0.145459,14,6.28667,0.0702405,2.28977
582,0.570711,0.169854,14,6.01333,0.0702241,2.2433
583,0.506942,0.147858,14,5.12,0.0699315,2.74536
584,0.510877,0.139256,14,5.56,0.067392,2.62339
585,0.586271,0.169717,15,5.68667,0.073783,2.51739
586,0.601387,0.162609,15,6.12,0.0775907,2.55879
587,0.440732,0.154453,12,5.56667,0.0647465,2.75917
588,0.484036,0.163996,14,5.31333,0.0719671,2.46229
589,0.670475,0.15865,15,5.74667,0.0707439,2.45228
590,0.514865,0.122267,13,4.68667,0.0690231,2.41816
591,0.566804,0.134253,14,5.08667,0.0694658,2.48846
592,0.528145,0.126696,15,5.16,0.0672508,2.26229
593,0.674137,0.16681,15,6.23333,0.112683,2.57583
594,0.510701,0.139178,15,5.5,0.0714773,2.55092
595,0.642424,0.192339,15,6.63333,0.0658795,2.59913
596,0.523592,0.147481,14,5.46667,0.0666908,2.23872
597,0.54713,0.138941,13,5.32,0.065556,2.31475
598,0.459926,0.14583,12,4.85333,0.0671671,2.51731
599,0.490042,0.140326,13,5.48,0.0686611,2.48046
600,0.56843,0.164005,14,5.46667,0.0793307,2.39003
601,0.723448,0.17937,15,5.99333,0.0673324,2.45266
602,0.679718,0.193445,15,6.7,0.0720462,2.54224
603,0.395917,0.102014,13,3.80667,0.0661081,2.31712
604,0.445141,0.120818,13,4.50667,0.0693205,2.50514
605,0.578217,0.190465,14,5.96667,0.0662444,2.18848
606,0.494765,0.164735,13,5.18,0.0659949,2.06789
607,0.610499,0.156727,15,5.60667,0.0695261,2.6113
608,0.529112,0.133373,13,4.67333,0.0691089,2.37015
609,0.584718,0.18354,14,5.76667,0.0738738,2.09295
610,0.595676,0.173875,14,6.06667,0.0777621,2.18772
611,0.588629,0.169261,14,6.02667,0.0749104,2.36869
612,0.611321,0.168901,15,5.82,0.0703191,2.45063
613,0.564292,0.156831,14,5.36667,0.0719587,2.43868
614,0.514932,0.150527,12,5.28667,0.0680411,2.42573
615,0.573841,0.196331,14,6.67333,0.138296,2.57264
616,0.434506,0.148131,12,4.97333,0.0661688,2.30169
617,0.464446,0.140735,13,5.30667,0.0694596,2.73162
618,0.617668,0.163533,14,5.82,0.069696,2.22514
619,0.480822,0.152912,15,5.69333,0.068395,2.30268
620,0.726114,0.191787,15,6.31333,0.0688589,2.50474
621,0.483714,0.16506,13,6.07333,0.0678985,2.2928
622,0.503704,0.169626,12,5.38,0.0671393,2.39404
623,0.581395,0.183424,15,5.96,0.0687413,2.21618
624,0.554829,0.186603,14,5.98667,0.0721318,2.16762
625,0.462271,0.1714,15,6.27333,0.0710651,2.6541
626,0.614156,0.185867,14,6.06667,0.0658495,2.17741
627,0.545803,0.159372,14,6.00667,0.0691338,2.78723
628,0.571121,0.200492,15,6.66667,0.0717961,2.23651
629,0.47499,0.139138,14,5.19333,0.0684155,2.55516
630,0.56394,0.184416,15,6.39333,0.0672051,2.47679
631,0.565506,0.150454,14,5.74667,0.0682392,2.55787
632,0.565953,0.199337,14,6.83333,0.0694632,2.14076
633,0.740825,0.21097,15,6.56,0.069045,2.31284
634,0.552192,0.149138,14,5.50667,0.0691671,2.30172
635,0.493878,0.174814,14,5.7,0.0693519,2.52422
636,0.656024,0.201303,15,6.38667,0.0667352,2.1075
637,0.665013,0.220663,13,6.71333,0.0700186,2.41811
638,0.53565,0.115887,13,4.27333,0.0688493,2.42897
639,0.561852,0.152806,14,5.44,0.0676075,2.34291
640,0.454234,0.122975,14,4.71333,0.0677569,2.35014
641,0.527749,0.153068,14,5.50667,0.0905942,2.28599
642,0.409249,0.121592,12,4.52,0.0675099,2.02949
643,0.518303,0.152118,14,5.48,0.071642,2.56596
644,0.564238,0.180396,15,6.19333,0.0669093,2.38109
645,0.503435,0.165304,14,5.96667,0.0655192,2.15457
646,0.474317,0.137731,14,4.58,0.0650888,2.13455
647,0.528017,0.146407,15,5.39333,0.0667253,2.45124
648,0.491676,0.128205,14,5.06,0.0687855,2.36319
649,0.571561,0.15621,14,5.87333,0.0651692,2.21963
650,0.509543,0.1445,14,5.35333,0.0687512,2.53681
651,0.580828,0.178255,15,6.62,0.0685144,2.52043
652,0.55179,0.179385,15,5.88,0.0659676,2.42278
653,0.597139,0.177596,15,6.63333,0.0691055,2.25449
654,0.496383,0.143753,14,5.34,0.069422,2.00258
655,0.527529,0.168319,15,6.19333,0.0689016,2.11312
656,0.511869,0.147278,15,5.62,0.0701333,2.46822
657,0.562878,0.168869,15,6.54,0.0739411,2.30266
658,0.510756,0.148429,14,5.34,0.0666736,2.31445
659,0.487041,0.178591,13,6.03333,0.0695441,2.37843
660,0.518733,0.148519,13,5.25333,0.0646553,2.43257
661,0.58524,0.198379,14,7.01333,0.0688849,2.28587
662,0.554514,0.161048,13,5.28667,0.0665126,2.25676
663,0.633342,0.218983,15,7.15333,0.0758501,2.10695
664,0.406785,0.142936,14,5.86667,0.0686687,2.53186
665,0.475021,0.147284,14,5.99333,0.0678293,2.1891
666,0.477662,0.135449,13,5.4,0.0693632,2.53916
667,0.406511,0.118488,12,5.1,0.0661528,2.75753
668,0.461341,0.118567,14,5.04667,0.066086,2.13657
669,0.558081,0.142275,13,5.04667,0.0665522,1.94605
670,0.751819,0.228031,15,7.72667,0.0685926,1.93072
671,0.417803,0.115859,13,4.83333,0.0672901,2.25282
672,0.467152,0.153054,14,5.99333,0.0673095,2.26901
673,0.531947,0.155576,15,5.8,0.0694028,2.08278
674,0.608313,0.159357,15,6.16,0.0699951,2.12091
675,0.582811,0.184061,15,6.64667,0.074114,2.18503
676,0.44911,0.155598,14,6.25333,0.0697183,2.28215
677,0.603716,0.162463,15,6.10667,0.0663058,1.96255
678,0.459184,0.135431,13,5.11333,0.0649799,2.13699
679,0.491522,0.144773,13,5.38667,0.0673094,2.44368
680,0.502459,0.13211,12,5.36,0.0674377,2.26514
681,0.568699,0.155408,15,6.02667,0.0696563,2.4275
682,0.487343,0.14061,15,5.57333,0.069368,2.41102
683,0.482673,0.147523,14,5.79333,0.0671942,2.41385
684,0.48077,0.161506,12,5.18667,0.0657791,2.51803
685,0.438642,0.15488,13,5.53333,0.0677502,1.94059
686,0.512615,0.153199,15,5.92,0.0706342,2.27388
687,0.557232,0.177405,14,6.31333,0.069256,2.26188
688,0.528415,0.17522,14,6.15333,0.0671172,2.27448
689,0.338352,0.0918045,13,4.87333,0.0667608,2.67796
690,0.458824,0.153114,15,6.07333,0.06913,2.28606
691,0.446236,0.116501,15,4.76,0.0694196,2.34456
692,0.401781,0.124323,14,5.18667,0.0670893,2.32009
693,0.5567,0.147441,13,5.66,0.0697221,2.62254
694,0.614753,0.152193,14,5.37333,0.0662769,1.98752
695,0.472947,0.127465,13,4.73333,0.0671594,2.18791
696,0.571013,0.182113,14,6.22,0.0681911,2.16614
697,0.495789,0.11808,15,4.96,0.0651517,2.31333
698,0.591944,0.190275,15,7.06,0.0675943,2.4785
699,0.5289,0.178455,14,6.3,0.069298,2.07964
700,0.502677,0.15397,14,5.9,0.0676121,2.32455
701,0.614499,0.169087,15,6.82667,0.0708185,2.38283
702,0.441817,0.137316,14,5.13333,0.0694919,2.31399
703,0.44334,0.120658,13,5.01333,0.0671339,2.86054
704,0.560496,0.176629,15,6.32,0.0673537,2.15554
705,0.413402,0.118582,14,5.05333,0.0656283,2.45356
706,0.47566,0.12705,13,5.07333,0.0677911,2.48026
707,0.489658,0.168833,14,6.41333,0.0715282,2.52258
708,0.46085,0.128188,14,4.98,0.0673973,2.39938
709,0.616135,0.195883,15,6.84667,0.0695575,2.47311
710,0.485828,0.13362,14,5.44667,0.0659172,2.15223
711,0.452421,0.136893,13,4.82667,0.0662111,2.35357
712,0.554722,0.165213,14,6.07333,0.0754156,2.40895
713,0.524022,0.146558,14,5.54,0.0702431,2.43497
714,0.384216,0.101096,13,4.82667,0.0648315,2.53474
715,0.539579,0.159354,14,6.08,0.0673848,2.33934
716,0.501817,0.156236,14,6.11333,0.0707207,2.5156
717,0.52403,0.116486,14,5.57333,0.0692809,2.49114
718,0.606052,0.172987,14,6.06,0.0703657,2.66609
719,0.648203,0.185036,15,6.85333,0.0682561,2.30806
720,0.424817,0.124287,15,5.51333,0.0694046,2.64594
721,0.493374,0.127224,14,5.76667,0.0683775,2.52856
722,0.528223,0.180188,13,7.00667,0.0686103,2.52175
723,0.606813,0.163417,14,6.37333,0.0821889,2.59679
724,0.611021,0.23056,14,7,0.0683652,2.4107
725,0.544221,0.16009,13,5.76,0.0698351,2.13407
726,0.616214,0.221599,15,7.14,0.0663128,2.11365
727,0.54352,0.119297,13,5.38667,0.0668643,2.70308
728,0.558175,0.172967,15,6.49333,0.0709231,2.36243
729,0.683291,0.198448,14,6.69333,0.0690759,2.27051
730,0.562344,0.190367,15,6.8,0.0856798,2.61372
731,0.48618,0.148649,13,5.26667,0.0649927,2.8216
732,0.644591,0.212519,15,6.95333,0.0693199,2.33705
733,0.444701,0.142543,15,5.11333,0.0675565,2.47282
734,0.590653,0.180119,14,6.24,0.0684029,2.57791
735,0.440636,0.163933,12,5.54667,0.100347,2.48599
736,0.597332,0.17229,13,5.46,0.0683348,2.51576
737,0.440647,0.106752,13,4.28,0.0884357,2.49682
738,0.503834,0.156224,13,5.24667,0.0666557,2.17435
739,0.643833,0.153418,14,5.49333,0.0675863,2.25413
740,0.42513,0.138693,12,4.78,0.0650033,2.34498
741,0.490612,0.199747,13,5.90667,0.0699114,2.28563
742,0.5324,0.142637,14,5.39333,0.0717503,2.42862
743,0.496526,0.124246,13,5,0.0682417,2.21389
744,0.591512,0.138858,14,4.94667,0.0694348,2.54388
745,0.455952,0.156385,15,5.77333,0.082958,2.41587
746,0.557231,0.192714,15,6.28,0.071347,2.30846
747,0.37858,0.104811,13,4.53333,0.0677296,2.5035
748,0.468798,0.173379,12,6.07333,0.0684974,2.53747
749,0.502307,0.141172,13,4.89333,0.0710332,2.38375
750,0.492529,0.154046,14,5.24,0.0679917,2.3104
751,0.402265,0.123745,14,5.03333,0.0689107,2.52933
752,0.480282,0.168552,14,6.14,0.0672293,2.39598
753,0.607172,0.181726,14,6,0.0727536,2.57463
754,0.393598,0.130244,12,5.42667,0.0704745,2.60757
755,0.539607,0.182406,14,6.20667,0.091841,2.67103
756,0.467696,0.137831,13,5.06667,0.068807,2.63666
757,0.584521,0.197585,14,6.70667,0.0722141,3.06025
758,0.618069,0.214764,13,7.32,0.069607,2.57145
759,0.39086,0.11889,14,5.54,0.0720622,2.68742
760,0.442589,0.157925,14,5.88,0.0660661,2.46324
761,0.434914,0.143272,13,5.65333,0.0674567,2.78522
762,0.5381,0.178106,13,6.54667,0.0681553,2.93769
763,0.557264,0.147179,15,5.50667,0.0704128,2.81769
764,0.612248,0.154164,15,5.86,0.0680156,2.38077
765,0.520199,0.143673,14,5.96,0.0658466,2.68454
766,0.525696,0.167502,13,6.28667,0.0681445,2.89756
767,0.548896,0.168909,13,6.24667,0.0697272,2.56653
768,0.635326,0.191624,15,6.90667,0.0675116,2.16585
769,0.711318,0.254186,15,8.01333,0.0709274,2.62918
770,0.57896,0.160352,15,6.24,0.0752834,2.71013
771,0.43204,0.152851,13,5.08,0.100896,2.82835
772,0.511501,0.170903,15,6.14,0.187652,2.64612
773,0.626671,0.19986,15,6.77333,0.0684106,2.49275
774,0.525062,0.189142,14,6.58,0.213111,2.58912
775,0.549386,0.164785,14,5.97333,0.0676573,2.49325
776,0.443547,0.154587,13,5.48,0.0664104,2.59797
777,0.587666,0.189614,15,6.68667,0.0734797,2.63141
778,0.46378,0.156153,15,6.06667,0.0675801,2.61384
779,0.586611,0.163266,13,5.55333,0.0692934,2.52401
780,0.46768,0.139108,12,5.18,0.0680687,2.63599
781,0.598762,0.226743,14,7.27333,0.0770756,2.54128
782,0.473692,0.168074,14,6.16,0.0726235,2.67005
783,0.516307,0.170138,13,6,0.069043,2.82474
784,0.490345,0.152723,14,5.48,0.0708541,2.49955
785,0.528899,0.179558,15,6.44,0.0805427,2.71483
786,0.570194,0.217914,14,6.85333,0.0712477,2.45066
787,0.629086,0.194126,15,6.66,0.0735806,2.49972
788,0.499893,0.166384,12,5,0.118018,2.66011
789,0.572609,0.210098,13,6.3,0.0677156,2.39457
790,0.554293,0.175956,14,5.92,0.0694602,2.31463
791,0.483027,0.139533,12,5.13333,0.137209,2.69164
792,0.511319,0.186966,15,6.02667,0.067601,2.40768
793,0.485779,0.13557,14,5.17333,0.0659521,2.64482
794,0.479374,0.136225,13,5.03333,0.0688685,3.0779
795,0.572385,0.17783,14,5.76667,0.0888542,2.65203
796,0.557383,0.187345,13,6.44,0.0704116,2.44003
797,0.409412,0.123225,12,4.74667,0.0639961,2.48334
798,0.525491,0.141484,13,5.23333,0.118804,2.5902
799,0.492932,0.158139,13,5.74667,0.0708079,2.54827
800,0.60461,0.170433,14,5.88,0.161397,2.54873
801,0.5627,0.191648,14,6.22667,0.0689816,2.4744
802,0.580285,0.219244,14,7.53333,0.0715444,2.28044
803,0.58546,0.180591,13,5.88667,0.0723948,2.35495
804,0.621782,0.194156,14,6.8,0.0807131,2.45382
805,0.564181,0.188497,15,6.69333,0.0771922,2.45104
806,0.48032,0.143635,14,5.55333,0.069229,2.64427
807,0.558978,0.208906,15,7.16,0.0929627,2.53772
808,0.457044,0.123891,14,4.69333,0.0700871,2.57579
809,0.583547,0.164765,14,5.78,0.0687151,2.29901
810,0.480942,0.13329,13,5.08667,0.0705414,2.61915
811,0.667775,0.207278,15,6.69333,0.0691139,2.3096
812,0.493838,0.154558,14,5.38,0.0661416,2.40339
813,0.672672,0.225307,14,6.59333,0.0699576,2.04771
814,0.626228,0.2524,14,7.00667,0.0903501,2.09537
815,0.538491,0.164962,14,5.31333,0.0703091,2.42379
816,0.567888,0.172383,15,5.71333,0.0793891,2.25512
817,0.443781,0.150283,14,5.22667,0.0670724,2.30837
818,0.49305,0.190518,14,6.67333,0.0695372,2.54332
819,0.635318,0.236377,15,6.99333,0.0714053,2.19111
820,0.368076,0.108783,12,3.99333,0.0643931,2.26774
821,0.587393,0.162809,14,5.74,0.070219,2.41474
822,0.634129,0.229289,14,6.56667,0.0693432,2.37234
823,0.731871,0.255837,15,7.30667,0.0676851,1.96135
824,0.613762,0.18893,13,5.7,0.0700859,2.28564
825,0.464275,0.160653,14,5.08667,0.0664992,2.17253
826,0.556628,0.175746,14,5.56,0.0694113,2.35697
827,0.683916,0.212297,15,6.17333,0.0716122,2.34299
828,0.682094,0.234389,15,6.52,0.0984805,1.85892
829,0.3962,0.112269,12,4.6,0.0667468,2.47929
830,0.637585,0.201776,14,5.94667,0.0768894,2.1731
831,0.415562,0.113822,14,4.84667,0.0802229,2.79419
832,0.618359,0.208409,14,6.74667,0.0661628,2.0735
833,0.563261,0.172878,14,5.53333,0.0643092,2.07307
834,0.525357,0.184525,14,6.17333,0.068071,2.26288
835,0.576454,0.189175,13,6.03333,0.0707723,2.28935
836,0.590195,0.23713,15,6.77333,0.0723024,2.23762
837,0.611751,0.194201,14,6.06667,0.0715808,2.09834
838,0.581911,0.148273,14,5.3,0.0727472,2.25948
839,0.468209,0.13076,13,4.48667,0.0650406,2.4182
840,0.555871,0.210993,15,6.45333,0.071523,2.25053
841,0.651317,0.196831,15,5.84,0.0670221,2.04712
842,0.583771,0.180066,14,5.77333,0.0698468,2.14781
843,0.63351,0.205675,15,6.47333,0.0660656,2.04802
844,0.64925,0.224052,14,6.71333,0.107508,2.06133
845,0.500411,0.185252,13,5.47333,0.0693496,2.31095
846,0.678862,0.197941,15,6.38667,0.0712267,2.1695
847,0.670676,0.205353,15,6.75333,0.070063,2.13762
848,0.448106,0.152556,13,5.44667,0.0708712,2.42801
849,0.408342,0.144393,13,5.54,0.0693731,2.19955
850,0.539726,0.199362,14,6.44667,0.0653767,2.07929
851,0.547767,0.153064,14,6.08667,0.0700397,2.51875
852,0.551078,0.175934,14,6.29333,0.0642617,2.28364
853,0.499414,0.189601,15,6.22667,0.0787795,2.37014
854,0.629478,0.172823,15,6.27333,0.0716881,2.29483
855,0.624007,0.192978,14,6.4,0.0740884,2.43809
856,0.53784,0.13798,15,5.44667,0.0855922,2.52769
857,0.664731,0.21464,14,7.30667,0.0704298,2.38863
858,0.468684,0.14548,13,5.44667,0.0684603,2.46796
859,0.363779,0.110126,12,4.59333,0.0687926,2.65919
860,0.602083,0.182597,13,5.91333,0.0751899,2.38444
861,0.4913,0.165517,14,5.98,0.0688797,2.34746
862,0.481623,0.165129,13,5.78,0.0691868,2.25971
863,0.613389,0.17566,15,5.99333,0.0721937,2.29292
864,0.49254,0.152585,14,5.54667,0.0758493,2.60733
865,0.484337,0.163737,14,5.88,0.0708145,2.45284
866,0.437139,0.125973,13,4.88,0.067797,2.34944
867,0.62938,0.209096,15,6.46667,0.0702934,2.12437
868,0.598614,0.175741,14,6.12,0.0707833,2.18882
869,0.555882,0.182947,14,5.78667,0.0715772,1.94174
870,0.585621,0.197019,15,5.90667,0.0686001,2.01314
871,0.57802,0.176063,14,6.39333,0.0725567,2.21101
872,0.617425,0.180415,13,5.56667,0.0756915,2.29889
873,0.56252,0.173443,15,5.84,0.110448,2.10672
874,0.513084,0.163638,13,5.78667,0.0688485,2.08091
875,0.630802,0.18633,14,6.08,0.0728842,2.31731
876,0.356611,0.0961738,12,4.14667,0.0940002,2.43569
877,0.447157,0.155365,12,5.52667,0.0698777,2.42234
878,0.616439,0.2034,15,6.45333,0.0712379,2.31982
879,0.553616,0.189358,15,6.49333,0.0712609,2.23517
880,0.453742,0.170134,14,5.41333,0.0777729,2.24192
881,0.477985,0.170236,14,5.52,0.0690326,2.32008
882,0.460081,0.157599,13,5.3,0.0706139,2.23227
883,0.468377,0.157502,13,5.54,0.0718405,2.17105
884,0.624219,0.249517,15,7.76667,0.0750535,2.02291
885,0.50148,0.173544,14,5.6,0.144564,2.11966
886,0.488586,0.148954,13,5.36,0.0684209,2.21933
887,0.420549,0.114577,13,4.74,0.0691535,2.41027
888,0.452951,0.151478,14,5.58667,0.0711179,2.37038
889,0.505408,0.175392,14,5.39333,0.0680053,2.05809
890,0.526084,0.141606,15,5.02,0.063493,1.86982
891,0.65834,0.224292,15,7,0.0686815,2.04449
892,0.510672,0.13889,14,5,0.0697821,1.984
893,0.490876,0.154722,15,6.18,0.0752737,2.25619
894,0.482165,0.138711,14,4.88667,0.0746361,2.14778
895,0.671698,0.224611,15,7.14667,0.0685484,1.92028
896,0.616681,0.164192,14,5.48,0.0675508,2.14668
897,0.561881,0.176289,15,5.86,0.072594,2.1274
898,0.563715,0.157642,14,5.32667,0.0673406,2.17959
899,0.461554,0.109022,14,4.21333,0.0676678,2.35709
900,0.468906,0.15803,13,6.29333,0.074178,2.57251
901,0.621473,0.222833,15,6.79333,0.068952,2.25174
902,0.659077,0.198841,14,6.34,0.0678119,1.87897
903,0.548759,0.175694,14,5.85333,0.0739292,2.39254
904,0.403486,0.139965,13,5,0.0682237,2.62053
905,0.530761,0.184589,13,5.68,0.0675239,2.34844
906,0.620279,0.21489,14,6.54667,0.0686532,2.12274
907,0.61423,0.21401,14,6.82667,0.0695173,2.08599
908,0.50335,0.207791,14,6.73333,0.0725598,2.54551
909,0.785261,0.267932,15,7.54,0.0709879,2.25621
910,0.577503,0.20032,14,6.38667,0.0679449,2.20375
911,0.525047,0.179531,14,5.84667,0.0699234,2.31017
912,0.614944,0.203942,14,6.81333,0.0689039,2.46768
913,0.604288,0.189239,13,6.19333,0.0706585,2.33768
914,0.595326,0.189444,14,6.48667,0.0699884,2.21131
915,0.562691,0.198929,13,6.08,0.0654498,2.05761
916,0.620527,0.226954,15,6.60667,0.0708427,2.29088
917,0.63646,0.209497,14,6.18,0.0693194,2.12408
918,0.538324,0.211257,13,6.64,0.0686253,2.51808
919,0.546637,0.193765,15,6.21333,0.069566,2.1428
920,0.571421,0.200513,15,6.52,0.0693743,2.37573
921,0.606662,0.170227,14,5.51333,0.068432,1.88826
922,0.470431,0.14186,14,5.19333,0.073059,2.48716
923,0.593615,0.208133,14,6.42,0.070572,2.13329
924,0.547265,0.206173,15,6.36,0.0683947,2.22471
925,0.604377,0.22433,14,6.94667,0.0694692,2.44003
926,0.425999,0.145133,12,4.86,0.0672444,2.0964
927,0.511969,0.190608,14,6.16667,0.0691004,2.45528
928,0.588893,0.21674,15,7.16667,0.07084,2.13832
929,0.630344,0.22421,15,6.94,0.071774,2.15064
930,0.501643,0.204065,14,6.74667,0.0963127,2.64609
931,0.476763,0.16629,14,5.66,0.0682419,2.56111
932,0.546719,0.196622,14,6.78,0.071334,2.30216
933,0.740948,0.244183,15,7.11333,0.066225,2.31163
934,0.573623,0.184685,15,6.44667,0.0684222,2.42281
935,0.612746,0.180317,14,6.56667,0.0722768,2.5708
936,0.460582,0.133494,15,5.01333,0.0678826,2.5207
937,0.501634,0.174119,14,5.98667,0.0682993,2.52139
938,0.49391,0.143408,14,5.99333,0.0681547,2.61998
939,0.555758,0.162557,14,6.04667,0.0710455,2.80807
940,0.565201,0.1394,15,4.66,0.0716996,2.53522
941,0.582328,0.16566,15,5.80667,0.0659711,2.34667
942,0.644531,0.163914,14,6.25333,0.0684657,2.54966
943,0.691596,0.190297,15,6.57333,0.0698862,2.39555
944,0.421802,0.108947,12,4.36,0.0666239,2.64411
945,0.563412,0.173778,15,6.07333,0.0664013,2.59515
946,0.645774,0.184455,14,6.25333,0.0715151,2.46089
947,0.399526,0.101521,12,4.16,0.0684355,2.92171
948,0.651122,0.178385,14,5.92667,0.0682309,2.3595
949,0.491153,0.181479,14,5.96,0.0692734,2.56455
950,0.501163,0.120064,13,5.02667,0.067173,2.60581
951,0.633618,0.189854,15,7.18,0.0692662,2.33436
952,0.513088,0.138005,15,5.08667,0.0659486,2.12102
953,0.540676,0.167135,14,5.71333,0.0759484,2.21921
954,0.520991,0.143925,13,5.4,0.0659556,2.51061
955,0.577889,0.206302,15,6.94,0.0734073,2.12214
956,0.665186,0.203292,14,6.79333,0.075375,2.366
957,0.68062,0.208446,15,7.26,0.0903319,2.35293
958,0.606529,0.170597,15,5.85333,0.0754707,2.19594
959,0.562522,0.159551,13,5.61333,0.0848992,2.64185
960,0.543229,0.133491,13,5.31333,0.070874,2.95434
961,0.710398,0.182884,15,5.91333,0.0687727,2.33739
962,0.607564,0.156047,15,6.00667,0.0724246,2.2163
963,0.545001,0.166957,14,6.06,0.0704691,2.57693
964,0.642508,0.208983,14,6.62667,0.068859,2.21154
965,0.526801,0.196316,13,6.48,0.0704793,2.394
966,0.699996,0.207661,14,6.40667,0.0690112,2.54537
967,0.541726,0.142863,15,4.89333,0.0689512,2.56786
968,0.607501,0.204626,13,6.58667,0.169991,2.66133
969,0.587417,0.185923,13,5.70667,0.0841064,2.21143
970,0.528246,0.126902,13,4.62,0.0759914,2.50693
971,0.436584,0.151271,13,5.34667,0.0734275,2.48722
972,0.492869,0.153623,13,5.92667,0.0672929,2.71753
973,0.563423,0.15596,14,5.6,0.0657748,2.51296
974,0.577322,0.204134,14,6.68,0.0718464,2.31301
975,0.496133,0.12636,13,5.01333,0.129002,2.65506
976,0.43477,0.159534,12,5.33333,0.0747127,2.54258
977,0.459504,0.12309,13,5.30667,0.0717649,2.55769
978,0.5114,0.166906,13,6.62667,0.0671672,2.81616
979,0.514121,0.185478,14,6.44667,0.0708998,2.51686
980,0.453126,0.104335,13,4.65333,0.0676938,2.77083
981,0.460981,0.123308,14,5.40667,0.0711235,2.86073
982,0.44808,0.135481,14,5.4,0.072154,2.58876
983,0.500295,0.143668,15,5.68,0.06826,2.71928
984,0.519345,0.149716,14,5.95333,0.068405,2.53868
985,0.610773,0.171061,14,6.20667,0.0670084,2.71479
986,0.444574,0.139431,12,5.44667,0.0695541,2.69827
987,0.576051,0.170348,15,6.2,0.0776229,2.37915
988,0.490961,0.147121,15,5.92,0.0727433,2.77074
989,0.57117,0.169642,14,6.28667,0.0686565,2.81504
990,0.459914,0.133174,12,5.52,0.0659078,3.13383
991,0.573444,0.175645,14,6.02,0.0740705,2.83708
992,0.547085,0.162449,14,5.92667,0.0666309,2.33811
993,0.559993,0.170433,15,6.44667,0.069459,2.36759
994,0.650845,0.151065,15,5.82,0.0777341,2.61495
995,0.564665,0.166491,14,5.99333,0.0688849,2.56726
996,0.460531,0.114043,15,4.94,0.0690591,2.7986
997,0.465254,0.12886,14,5.52667,0.0718153,2.46854
998,0.532104,0.142217,14,4.9,0.067331,2.56752
999,0.504931,0.154442,14,5.65333,0.0702096,2.55926
1000,0.501615,0.154447,13,5.42667,0.0699325,2.41766
