1,0.0488062,0.00138374,5,0.193333,0.075412,1.07352
2,0.131485,0.00358399,6,0.38,0.0787531,1.28477
3,0.164608,0.00865506,8,0.866667,0.0716677,1.42637
4,0.253407,0.0248164,15,3.03333,0.14499,3.58316
5,0.170593,0.0260628,12,2.63333,0.119185,3.72464
6,0.124587,0.0224949,11,2.84667,0.213803,2.90956
7,0.272612,0.0464205,11,2.59333,0.16357,3.0766
8,0.275203,0.0607274,11,3.35333,0.114146,2.88601
9,0.271167,0.0609868,12,3.39333,0.0789848,3.34747
10,0.362324,0.0692272,12,3.36,0.0720655,3.27968
11,0.350417,0.0654211,12,3.57333,0.112776,3.05126
12,0.336879,0.0561485,9,3.3,0.129567,3.28296
13,0.293668,0.0404397,9,2.54,0.145361,3.17559
14,0.240805,0.0508451,12,2.86,0.0842059,3.3341
15,0.271619,0.0471691,10,2.52667,0.0677641,2.29678
16,0.295017,0.0587739,12,2.93333,0.0662436,2.2779
17,0.278226,0.0392763,10,2.41333,0.0686353,2.31031
18,0.374251,0.0666775,11,3.16,0.0704008,2.05577
19,0.31242,0.0566614,14,3.57333,0.0766826,2.28699
20,0.4113,0.0797736,13,3.36667,0.0704575,1.97724
21,0.294965,0.0623009,12,3.1,0.0753328,2.1901
22,0.414337,0.0785697,13,3.52,0.0702906,1.97585
23,0.346141,0.0715423,14,3.52667,0.0666589,2.3756
24,0.235753,0.0388274,14,2.28667,0.0673039,2.27739
25,0.366309,0.0382039,15,2.10667,0.0658506,2.43088
26,0.361907,0.0690805,14,3.56,0.066962,2.72028
27,0.247246,0.0403514,15,2.49333,0.0753104,2.07914
28,0.273886,0.0640644,15,3.36667,0.0740569,2.80635
29,0.288209,0.0568589,15,3.18,0.135675,2.57266
30,0.352808,0.0618287,13,3.44667,0.110466,3.16123
31,0.447675,0.0917121,13,4.32667,0.0863092,2.49807
32,0.351768,0.0631076,14,3.23333,0.128324,2.29345
33,0.348077,0.0730992,14,3.22667,0.089082,2.84821
34,0.331953,0.0711127,14,3.01333,0.0686235,2.43848
35,0.401004,0.0654484,14,2.94667,0.152237,2.49286
36,0.348368,0.085102,14,3.63333,0.0709132,2.25177
37,0.499292,0.0856575,14,3.79333,0.0699017,2.34874
38,0.316741,0.0730541,13,3.17333,0.0810607,2.60205
39,0.297654,0.0740366,13,3.12667,0.100698,2.35328
40,0.441684,0.100725,15,4.28,0.0689694,2.18603
41,0.428558,0.121479,13,4.92667,0.139388,2.42626
42,0.499944,0.108412,13,4.08667,0.0790299,2.14077
43,0.427176,0.107507,13,4.70667,0.0808189,2.4542
44,0.46445,0.106009,13,4.60667,0.0779097,2.24141
45,0.436617,0.105737,14,4.45333,0.0655901,2.35107
46,0.41755,0.108709,15,4.68,0.0714371,2.2369
47,0.519672,0.109181,15,4.79333,0.0700935,2.11005
48,0.425593,0.120111,15,4.76,0.0728633,2.49708
49,0.566741,0.132905,14,5.16667,0.154578,2.36074
50,0.429843,0.0765344,14,3.94667,0.0730965,2.21898
51,0.488624,0.11633,15,4.5,0.147747,2.49651
52,0.398141,0.115777,15,4.49333,0.0654944,2.31635
53,0.522614,0.134064,14,4.98667,0.0952682,2.40761
54,0.404895,0.14383,14,5.22667,0.176718,2.32334
55,0.478521,0.11958,15,5.12,0.0969283,2.39466
56,0.522284,0.138213,13,5.2,0.0694836,2.65707
57,0.423114,0.107096,13,4.66,0.0656445,2.38375
58,0.373224,0.10985,13,4.52,0.165462,2.57676
59,0.462413,0.112116,14,4.82667,0.107251,2.46701
60,0.465661,0.115133,15,4.88,0.100169,2.47919
61,0.493886,0.152602,14,5.69333,0.0858671,2.4288
62,0.508871,0.143692,14,6.02667,0.143578,2.52528
63,0.403624,0.0898517,14,4.15333,0.0665606,2.74882
64,0.428422,0.127698,14,5.31333,0.0904933,2.78733
65,0.514718,0.177915,13,5.41333,0.0696323,2.47281
66,0.459343,0.117826,14,4.7,0.0729087,2.61501
67,0.59407,0.186583,14,6.03333,0.0672372,2.29807
68,0.438303,0.134237,14,5.52667,0.112136,2.81644
69,0.445496,0.124841,14,5.74667,0.128221,2.75581
70,0.60382,0.154872,15,5.12667,0.117061,2.72719
71,0.391541,0.0951243,13,4.27333,0.164677,2.45007
72,0.618496,0.17364,14,5.73333,0.0905712,2.5891
73,0.614632,0.209216,15,6.09333,0.126842,2.3616
74,0.507961,0.141798,12,4.97333,0.0819294,2.5324
75,0.500469,0.134484,14,5.07333,0.158033,2.59611
76,0.536143,0.164003,14,5.08,0.071273,2.61903
77,0.672109,0.203738,14,6.28667,0.0721438,2.55404
78,0.650292,0.197195,15,6.44667,0.156957,2.42047
79,0.508321,0.128759,13,5.16667,0.077156,2.93445
80,0.424765,0.111155,13,4.48,0.0990555,2.57927
81,0.560104,0.172809,13,5.84667,0.0869888,2.69322
82,0.479818,0.122209,15,4.76,0.157434,2.55706
83,0.453758,0.150431,14,5.38,0.127027,2.70432
84,0.430822,0.158814,13,5.33333,0.104777,2.9044
85,0.565751,0.194506,15,6.36667,0.069492,2.63746
86,0.430768,0.144265,13,5.27333,0.140425,2.77614
87,0.629762,0.170506,14,6.14,0.104323,2.54748
88,0.493827,0.120281,13,5.07333,0.0667169,2.60708
89,0.565005,0.181162,14,6.66,0.262348,2.42152
90,0.501443,0.143443,14,5.25333,0.0655853,2.51133
91,0.569052,0.167499,13,5.44,0.0774455,2.3367
92,0.472927,0.132816,14,4.95333,0.0668851,2.38529
93,0.452217,0.14619,13,5.78,0.0806965,2.96399
94,0.418176,0.146551,14,5.28667,0.0749783,2.81101
95,0.51915,0.182039,13,5.71333,0.0769077,2.46646
96,0.550927,0.14125,14,5.02667,0.0726445,2.51061
97,0.42831,0.139294,13,4.96667,0.0647484,2.64398
98,0.492763,0.172168,14,6.06,0.0930358,2.62433
99,0.452837,0.12266,14,4.98667,0.0659709,2.97231
100,0.540264,0.157106,13,5.46667,0.0666736,2.63458
101,0.616597,0.210362,13,6.42,0.0698752,2.6391
102,0.50981,0.188299,14,6.50667,0.0738209,2.56861
103,0.528779,0.20119,14,6.76667,0.0732887,2.46899
104,0.558263,0.177557,15,6.28667,0.070139,2.59936
105,0.418593,0.147713,14,5.57333,0.0710759,2.75386
106,0.637482,0.209347,14,6.78667,0.0683605,2.41769
107,0.427758,0.142647,12,5.14667,0.0833669,2.69245
108,0.585706,0.185156,14,6.24,0.0809127,2.33572
109,0.533137,0.18292,14,6.46667,0.108666,2.502
110,0.700426,0.221715,15,7.04667,0.0776871,2.43912
111,0.449282,0.154431,14,5.73333,0.0690938,2.60272
112,0.451702,0.149117,15,5.94667,0.144512,2.77849
113,0.441938,0.156721,12,5.85333,0.12422,2.7946
114,0.680677,0.207921,15,6.92667,0.0742958,2.22672
115,0.703889,0.274788,15,7.04667,0.0698465,2.01096
116,0.507738,0.192525,14,5.79333,0.0764418,2.47674
117,0.535437,0.217135,15,6.88,0.0698897,2.50843
118,0.585555,0.174641,13,6.11333,0.0762703,2.66617
119,0.480609,0.16186,13,5.82667,0.0742124,2.9031
120,0.55544,0.15932,14,5.35333,0.107882,2.73211
121,0.598584,0.251879,14,7.54667,0.0830571,2.45949
122,0.523575,0.213674,14,6.89333,0.0735728,2.5182
123,0.331644,0.120105,11,4.77333,0.0727883,2.80308
124,0.59731,0.229268,14,6.88667,0.0778428,2.39081
125,0.458599,0.171325,14,6.35333,0.235298,2.8334
126,0.621245,0.248572,15,7.24667,0.0713384,2.52988
127,0.456479,0.185385,14,5.36,0.0722023,2.32418
128,0.48275,0.158303,13,5.14,0.0758523,2.37704
129,0.516184,0.209239,13,6.34667,0.065657,2.43076
130,0.535687,0.212457,14,6.54,0.0687771,2.46733
131,0.513353,0.199429,14,5.96,0.0692694,2.48947
132,0.441469,0.170921,13,5.38667,0.079942,2.47527
133,0.494054,0.161417,13,5.52,0.0778484,2.42565
134,0.495635,0.20217,13,5.98667,0.0969101,2.67695
135,0.624352,0.198451,14,6.21333,0.0735685,2.35613
136,0.434412,0.133651,11,4.46,0.143175,2.71371
137,0.457931,0.18957,13,6.22667,0.101383,2.73221
138,0.587796,0.250887,14,7.25333,0.127349,2.35706
139,0.494257,0.150518,14,5.34,0.0755221,2.45289
140,0.571582,0.186676,14,6.20667,0.0901454,2.3768
141,0.402216,0.129637,13,4.83333,0.0855932,2.46849
142,0.530091,0.165615,15,5.32,0.0804402,2.46951
143,0.585481,0.198145,15,6.20667,0.0877167,2.34676
144,0.521632,0.17268,15,6.02667,0.0675597,2.21638
145,0.447406,0.124115,13,4.86667,0.0857328,2.43857
146,0.441868,0.12676,14,4.57333,0.108846,2.56573
147,0.603915,0.154119,14,5.04,0.0804445,2.51837
148,0.445755,0.154538,13,4.85333,0.146578,2.51565
149,0.636829,0.200781,14,5.98,0.158631,2.33035
150,0.557312,0.161971,14,5.18667,0.0703489,2.25977
151,0.458297,0.130935,13,5.03333,0.0652116,2.43378
152,0.575408,0.205698,15,6.03333,0.138515,2.27843
153,0.499798,0.138292,13,4.32667,0.104863,2.88739
154,0.472571,0.161718,13,5.48,0.0732945,2.75646
155,0.541353,0.197275,15,6.34667,0.0670207,2.22055
156,0.634418,0.212063,15,6.18,0.0718579,2.45095
157,0.593282,0.247309,15,7.46667,0.075615,2.39551
158,0.533904,0.186936,14,6.11333,0.109283,2.7486
159,0.487406,0.164486,12,5.05333,0.107325,2.63263
160,0.545876,0.177749,15,6.22,0.0734955,2.63856
161,0.648151,0.225495,15,6.32,0.0692724,2.32896
162,0.637446,0.221074,15,6.53333,0.0741933,2.33549
163,0.423469,0.149041,12,4.54667,0.0700957,2.70588
164,0.449921,0.173876,13,5.14,0.176758,2.56751
165,0.348805,0.12437,14,4.61333,0.0649235,3.03092
166,0.488208,0.172415,13,5.46,0.137052,2.57589
167,0.586668,0.197123,15,5.87333,0.135606,2.62118
168,0.649294,0.239511,14,7.02,0.069251,2.22623
169,0.549113,0.196314,13,5.96,0.141008,2.39392
170,0.507875,0.191145,15,5.9,0.140656,2.48237
171,0.631328,0.199809,14,5.97333,0.0716811,2.49428
172,0.461066,0.172915,13,5.58667,0.0967343,2.64837
173,0.456503,0.139292,12,4.62,0.0952787,2.67327
174,0.340668,0.0941675,14,4.17333,0.0756239,2.99432
175,0.529872,0.162424,14,5.58667,0.0767072,2.81514
176,0.500853,0.161807,15,5.56,0.0740533,2.59446
177,0.497648,0.161281,13,5.40667,0.0676175,2.73512
178,0.605437,0.21712,15,6.85333,0.0912565,2.3821
179,0.541487,0.129303,13,4.23333,0.106643,2.66481
180,0.457204,0.163067,14,5.44667,0.084329,2.93718
181,0.585872,0.149502,14,4.96667,0.0708315,2.62514
182,0.516544,0.182963,15,5.64667,0.0716587,2.47857
183,0.634152,0.177288,14,5.96667,0.0747777,2.50348
184,0.553729,0.170063,14,5.90667,0.075768,2.7458
185,0.653858,0.222364,15,6.80667,0.0868351,2.29419
186,0.534734,0.171948,14,5.54667,0.0682324,2.53583
187,0.577676,0.183631,14,6.03333,0.134494,2.61298
188,0.584928,0.191622,15,6.42,0.0754348,2.45853
189,0.402961,0.0996058,11,3.72667,0.0727882,2.60176
190,0.535271,0.162952,15,5.68,0.0975373,2.44577
191,0.541213,0.183282,14,6.32667,0.0777153,2.57564
192,0.564739,0.18018,14,5.68,0.0984185,2.50087
193,0.440682,0.138127,14,4.94667,0.0791942,2.66471
194,0.59828,0.174007,13,5.74,0.106688,2.53638
195,0.500219,0.145044,14,4.98667,0.0865537,2.39937
196,0.466962,0.116198,14,4.95333,0.0978826,2.67671
197,0.509739,0.124952,12,4.06667,0.0797015,2.55591
198,0.530824,0.192943,12,5.31333,0.0702597,2.24864
199,0.501819,0.120562,14,4.33333,0.0693992,2.53298
200,0.573205,0.196035,15,6.26,0.068612,2.38315
201,0.475103,0.137019,12,5,0.0809678,2.32021
202,0.616164,0.162628,14,5.31333,0.0828482,2.44573
203,0.508053,0.15112,13,5.46667,0.0738283,2.59884
204,0.565244,0.12695,14,5.15333,0.131921,2.61112
205,0.533706,0.158726,13,5.35333,0.0826198,2.41479
206,0.424408,0.163549,13,5.36667,0.0966019,2.54037
207,0.66925,0.237792,15,7.40667,0.117316,2.31481
208,0.453362,0.130074,12,4.72,0.0665576,2.75037
209,0.583463,0.188296,14,6.12,0.0694739,2.31193
210,0.414151,0.149051,13,5.95333,0.0731247,2.64452
211,0.522702,0.18477,14,6.58,0.0812039,2.52435
212,0.536374,0.182354,14,6.49333,0.070047,2.45514
213,0.566726,0.120224,14,5.36667,0.0682854,2.44938
214,0.569688,0.186655,14,6.57333,0.072173,2.7253
215,0.499935,0.147208,15,5.48667,0.0679034,2.82007
216,0.576669,0.195405,15,6.78,0.0898317,2.57952
217,0.556426,0.196925,14,6.28,0.0693307,2.6688
218,0.524904,0.146522,14,5.31333,0.0778854,2.49926
219,0.511481,0.172977,14,6.09333,0.118928,2.70266
220,0.544222,0.146886,15,5.70667,0.088696,2.60933
221,0.454602,0.153983,15,5.7,0.0811924,2.90801
222,0.649882,0.228337,15,6.54,0.101904,2.29594
223,0.571033,0.216057,14,6.19333,0.0702171,2.5811
224,0.530818,0.19872,13,6.24667,0.0650531,2.42104
225,0.614467,0.246875,15,7.39333,0.0818287,2.45061
226,0.468526,0.146431,14,5.02667,0.156699,2.74802
227,0.554581,0.218405,15,6.93333,0.0682253,2.45881
228,0.511485,0.184466,14,6.27333,0.0678838,2.68431
229,0.684219,0.229505,14,6.9,0.0768673,2.39743
230,0.541506,0.193402,15,6.10667,0.0645433,2.49789
231,0.635921,0.21791,14,6.83333,0.0805991,2.67243
232,0.670702,0.219576,15,7.01333,0.0690193,2.21548
233,0.485525,0.123039,14,5.14,0.114916,2.86549
234,0.718806,0.204296,14,6.3,0.0899755,2.61378
235,0.621465,0.204435,15,6.82667,0.0690375,2.50554
236,0.514802,0.159793,14,5.67333,0.121557,2.8964
237,0.500214,0.155138,14,5.07333,0.0685916,2.68079
238,0.509379,0.136084,15,4.85333,0.0681874,2.71723
239,0.576431,0.198172,14,6.4,0.0756246,2.71481
240,0.528425,0.183198,14,5.83333,0.0758598,2.67966
241,0.481821,0.158485,15,5.66,0.125305,2.96454
242,0.497024,0.184615,15,6.11333,0.0680482,2.61254
243,0.457431,0.181182,15,5.7,0.0688563,2.62079
244,0.478599,0.156855,13,5.52667,0.0714919,2.92836
245,0.570352,0.191995,15,6.62,0.0769669,2.69251
246,0.461512,0.137607,13,5.55333,0.109177,2.7392
247,0.62839,0.230447,14,7.26667,0.0740366,2.23974
248,0.500836,0.177556,15,6.62,0.0828833,2.70161
249,0.421722,0.130088,13,4.49333,0.0691012,2.36028
250,0.613349,0.21186,14,6.72,0.0813841,2.41204
251,0.596159,0.172223,14,5.48,0.073348,2.51849
252,0.61128,0.204057,14,6.18,0.075314,2.37185
253,0.528885,0.171882,14,5.74,0.0713426,2.32302
254,0.516165,0.191789,13,5.65333,0.0661452,2.34083
255,0.470301,0.151319,14,5.03333,0.0742313,2.55099
256,0.514632,0.172354,15,6.03333,0.0689263,2.89802
257,0.638279,0.188225,15,5.98,0.077722,2.43982
258,0.62385,0.172797,14,6.15333,0.0797078,2.61829
259,0.497275,0.141451,14,5.39333,0.0665478,2.61169
260,0.530898,0.165512,13,4.99333,0.0687351,2.80696
261,0.444366,0.153342,14,5.1,0.101362,2.51935
262,0.613614,0.194292,15,6.47333,0.101373,2.38043
263,0.654489,0.206371,15,6.62,0.0713406,2.37737
264,0.459516,0.157666,13,5.54667,0.0869274,2.62573
265,0.544234,0.201053,14,6.41333,0.0712216,2.62825
266,0.512136,0.173305,13,5.72,0.0721544,2.59631
267,0.500565,0.155132,14,5.22667,0.0714769,2.59326
268,0.62753,0.212217,15,6.82,0.198423,2.6965
269,0.561988,0.177032,15,6.78667,0.0683699,2.50565
270,0.472602,0.127123,13,4.56,0.0674832,3.11983
271,0.580395,0.164015,14,5.68667,0.0677079,2.73894
272,0.636776,0.201189,15,6.34667,0.0886764,2.36893
273,0.488506,0.154998,14,5.90667,0.0708433,2.86264
274,0.455115,0.148657,13,5.72,0.081138,2.93259
275,0.459168,0.146973,13,5.12,0.104169,2.69114
276,0.368129,0.123489,14,5.04,0.0910136,3.03846
277,0.607685,0.194915,14,5.93333,0.0887239,2.48681
278,0.439884,0.127661,13,4.53333,0.0825064,2.81609
279,0.590323,0.181045,15,6.31333,0.0708314,2.52682
280,0.565512,0.174959,15,6.14667,0.112252,2.50141
281,0.553352,0.188976,14,6.32,0.0680924,2.55616
282,0.418194,0.129526,15,4.70667,0.0709773,2.82905
283,0.589462,0.170114,15,5.94667,0.0673417,2.62538
284,0.575043,0.188957,14,5.78,0.0758008,2.80994
285,0.635809,0.236025,15,7.02667,0.0721175,2.34967
286,0.602347,0.204436,14,6.41333,0.0684938,2.33925
287,0.604715,0.186315,14,6.72,0.0996334,2.86238
288,0.520604,0.146538,13,5.02,0.0998653,2.72119
289,0.562211,0.157436,14,5.83333,0.0714893,2.64272
290,0.628878,0.185669,13,5.5,0.0893258,2.56303
291,0.642365,0.185931,15,6.50667,0.0869397,2.45499
292,0.584419,0.199245,14,6.27333,0.0686523,2.67266
293,0.531872,0.17657,14,6.31333,0.169955,2.66398
294,0.51281,0.159092,12,5.39333,0.0666919,2.41841
295,0.42339,0.165929,14,5.34,0.0810025,2.76553
296,0.567433,0.163899,14,5.76667,0.076577,2.71198
297,0.546747,0.179285,15,6.66667,0.0911911,2.53965
298,0.537556,0.170065,13,5.76,0.0807816,2.59743
299,0.560806,0.182535,15,5.95333,0.0769597,2.83177
300,0.41885,0.161039,13,5.6,0.0875251,2.96257
301,0.583687,0.190231,13,6.08667,0.0673065,2.74129
302,0.531972,0.17572,15,6.08667,0.0771124,2.91664
303,0.476546,0.143801,15,5.93333,0.0846936,2.64604
304,0.365557,0.131292,15,4.93333,0.0754856,3.07388
305,0.512149,0.193623,15,6.30667,0.070622,3.06791
306,0.497025,0.166293,15,5.76,0.0713762,2.79082
307,0.461089,0.153348,13,6.08667,0.0732668,2.83888
308,0.626617,0.176905,14,6.68,0.0758728,2.71475
309,0.582522,0.188585,14,6.69333,0.120518,2.59839
310,0.44291,0.138112,14,5.28,0.065559,3.02748
311,0.392712,0.152633,15,5.51333,0.074201,3.03417
312,0.653693,0.176722,15,6.81333,0.211063,2.45525
313,0.52174,0.156619,14,5.82667,0.0835504,2.7589
314,0.606643,0.16517,15,6.46667,0.0706285,2.79626
315,0.47893,0.173361,15,6.15333,0.0841811,2.70765
316,0.591535,0.152549,14,5.66,0.0756341,2.84133
317,0.471616,0.157591,14,5.74,0.0755485,2.59791
318,0.440981,0.127415,12,5.22667,0.0882101,3.06347
319,0.590488,0.192067,14,6.88,0.11568,2.58796
320,0.488576,0.184341,14,6.02,0.0740978,2.89228
321,0.58914,0.200576,15,6.49333,0.0820199,2.17121
322,0.564584,0.164819,14,6.02667,0.151298,2.60039
323,0.585704,0.182227,14,6.37333,0.178382,2.80681
324,0.688331,0.223189,15,7.49333,0.108181,2.51164
325,0.639462,0.202125,14,6.64,0.159381,2.88382
326,0.477307,0.165504,13,5.86667,0.11841,3.02965
327,0.575788,0.211984,15,6.82,0.0675289,2.75044
328,0.578178,0.197594,15,6.14667,0.0726547,2.75481
329,0.686444,0.236865,14,7.36,0.087948,2.37535
330,0.638286,0.232939,13,6.63333,0.103389,2.53748
331,0.569338,0.245173,14,7.15333,0.0905183,2.71035
332,0.626387,0.203935,14,6.94,0.180875,2.55311
333,0.522629,0.188812,15,6.18667,0.115677,2.97485
334,0.602347,0.221149,14,6.91333,0.0719502,2.75606
335,0.459357,0.156538,14,5.60667,0.0683259,2.81739
336,0.593963,0.218212,15,6.64667,0.0821765,2.80111
337,0.617272,0.209362,15,7.15333,0.132014,2.54188
338,0.588165,0.177609,15,6.23333,0.122147,2.61719
339,0.641481,0.263046,14,7.19333,0.104518,2.37331
340,0.570326,0.216867,14,6.62667,0.119513,2.50179
341,0.580978,0.197984,14,6.41333,0.116288,2.84185
342,0.471948,0.164354,14,5.94,0.142089,2.67061
343,0.582462,0.199648,14,6.32,0.196015,2.6772
344,0.514625,0.180398,14,6.41333,0.10191,2.86099
345,0.537772,0.212384,15,6.95333,0.0876287,2.6881
346,0.643013,0.283041,15,7.51333,0.153158,2.29558
347,0.419835,0.1592,15,5.69333,0.0684629,2.73008
348,0.516758,0.175516,14,6.17333,0.185538,2.9534
349,0.352645,0.132211,12,5.61333,0.0773907,2.6742
350,0.5341,0.157389,14,6.30667,0.0687053,2.65414
351,0.574816,0.175674,15,5.86667,0.0824538,2.60689
352,0.535148,0.183947,15,6.58,0.0698025,2.43864
353,0.472052,0.170803,14,5.92667,0.0788474,2.46738
354,0.672144,0.223362,15,7.06,0.0940111,2.47875
355,0.55568,0.191482,15,6.02667,0.0698245,2.4372
356,0.53138,0.20153,15,6.58667,0.100543,2.70807
357,0.537139,0.144736,14,4.93333,0.0711898,2.64202
358,0.541901,0.182479,14,6.21333,0.0711917,2.83518
359,0.589111,0.223197,14,6.32667,0.0702085,2.59718
360,0.688207,0.191035,15,6.65333,0.0693008,2.17506
361,0.505829,0.152468,15,5.78,0.118214,2.71637
362,0.470648,0.167016,14,5.65333,0.072461,2.86888
363,0.471825,0.163354,15,5.56,0.120065,2.80389
364,0.396403,0.147684,14,5.54,0.0912575,2.86928
365,0.451173,0.161677,15,6,0.156835,2.84657
366,0.436984,0.151686,14,5.69333,0.0958312,2.7864
367,0.3785,0.140047,14,4.92,0.0655456,2.92292
368,0.48477,0.178226,15,5.72667,0.0736952,2.76724
369,0.627907,0.236258,14,7.18667,0.148809,2.3667
370,0.569059,0.185556,14,6.42,0.0680888,2.53875
371,0.71605,0.277953,15,7.76667,0.0741199,2.20915
372,0.605941,0.221246,14,6.1,0.0910912,2.53403
373,0.518504,0.197928,12,6.08667,0.148163,2.82083
374,0.591247,0.200902,15,6.48,0.122435,2.4037
375,0.569157,0.195037,14,6.57333,0.116316,2.59611
376,0.510907,0.197806,13,5.62,0.0740453,2.53558
377,0.584275,0.209273,15,6.95333,0.070337,2.27202
378,0.568123,0.216308,14,6.7,0.123948,2.45999
379,0.571659,0.172622,14,6.01333,0.126367,2.67705
380,0.426309,0.124489,13,4.86667,0.0664479,2.71617
381,0.430771,0.151616,14,5.68667,0.0869962,2.67008
382,0.542405,0.159464,14,5.58667,0.0760173,2.37292
383,0.622077,0.235112,15,7.53333,0.0745581,2.43233
384,0.530682,0.19087,14,6.06667,0.0686405,2.77406
385,0.563826,0.192353,14,5.91333,0.0677531,2.55304
386,0.522203,0.171012,14,6.2,0.0724308,2.83674
387,0.502039,0.182158,14,5.75333,0.0739565,2.79318
388,0.553101,0.197961,15,6.72667,0.0838061,2.545
389,0.629704,0.250453,15,8.12667,0.07067,2.43173
390,0.611292,0.211801,15,6.48667,0.0817965,2.79194
391,0.577541,0.182216,13,6.04667,0.0696678,2.78084
392,0.600139,0.262037,14,7.05333,0.153729,2.58417
393,0.723465,0.2575,15,7.68667,0.0743463,2.42389
394,0.664363,0.244274,14,7.53333,0.0768181,2.4901
395,0.542972,0.210458,15,6.84667,0.0745173,2.55228
396,0.441649,0.167679,14,5.42,0.0680614,2.60522
397,0.511191,0.169729,15,5.52667,0.0695893,2.51264
398,0.504981,0.181361,15,6.48,0.0865149,2.58983
399,0.529737,0.191157,13,5.88667,0.0841078,2.75484
400,0.495639,0.18237,14,5.72,0.103422,2.64693
401,0.523893,0.149034,14,5.21333,0.111104,2.92647
402,0.55396,0.179299,14,6.29333,0.0941198,2.63563
403,0.498314,0.138594,14,5.61333,0.10135,2.81019
404,0.534238,0.216182,12,6.52,0.0684848,2.39131
405,0.521447,0.185394,13,6.06,0.0998949,2.45374
406,0.554906,0.185576,13,6.45333,0.0946345,2.56953
407,0.442155,0.127517,14,4.79333,0.0960424,2.38057
408,0.468687,0.138189,13,4.91333,0.0777066,2.65922
409,0.506511,0.148695,13,5.56667,0.14717,2.50544
410,0.479335,0.160665,15,5.26,0.0723259,2.34006
411,0.424536,0.151652,14,5.16667,0.0696676,2.70204
412,0.600549,0.236729,15,6.66,0.112799,2.72632
413,0.574503,0.209386,14,6.42667,0.076305,2.77596
414,0.549742,0.181695,15,6.27333,0.0725826,2.64718
415,0.660573,0.223738,15,7.10667,0.0941047,2.62476
416,0.487511,0.161263,14,6.06667,0.0686762,2.75211
417,0.656821,0.226679,14,6.92667,0.169962,2.38215
418,0.597061,0.206494,15,6.88,0.0896991,2.55758
419,0.653243,0.194259,15,6.44667,0.108217,2.59108
420,0.490587,0.127464,12,4.68,0.0979614,2.7651
421,0.542428,0.165889,14,5.95333,0.067734,2.58609
422,0.501778,0.137292,15,5.18667,0.0685845,2.6423
423,0.403167,0.132437,15,5.44,0.103627,2.97498
424,0.568976,0.187307,15,6.28,0.0703104,2.38499
425,0.530124,0.172851,14,6.26667,0.0691242,2.76344
426,0.372927,0.127452,14,4.84,0.0803627,2.72162
427,0.443761,0.176303,13,5.64,0.0907772,2.30547
428,0.606004,0.211765,14,6.22,0.115914,2.30114
429,0.534291,0.201886,15,5.88,0.0758603,2.12343
430,0.498132,0.182151,13,5.72,0.0705063,2.52187
431,0.522545,0.158862,14,5.32,0.0679765,2.43061
432,0.676652,0.22548,14,6.88667,0.107363,2.28739
433,0.487923,0.184257,14,5.84,0.0754237,2.43919
434,0.542077,0.207345,15,6.68667,0.0703666,2.25398
435,0.565863,0.21629,15,6.96,0.0958459,2.2528
436,0.636669,0.210484,15,6.88,0.0671021,2.08496
437,0.557175,0.220797,15,6.56,0.0947398,2.29312
438,0.480309,0.194937,13,5.92667,0.135833,2.51677
439,0.417539,0.154459,15,5.64,0.0769715,2.64538
440,0.61762,0.223744,13,7.06667,0.0757251,2.45148
441,0.625999,0.219032,14,6.25333,0.0844941,2.30439
442,0.575829,0.196298,14,5.88,0.072956,2.34413
443,0.571314,0.218228,15,6.92,0.0720703,2.04213
444,0.476947,0.141616,14,5.11333,0.0931508,2.45102
445,0.448228,0.164858,13,5.76,0.0931813,2.27285
446,0.598268,0.247814,14,7.18667,0.0703511,2.46373
447,0.672056,0.219855,15,7.27333,0.0700437,2.41219
448,0.581827,0.248282,14,7.82,0.0810043,2.40167
449,0.545349,0.192926,13,7.06,0.10513,2.67902
450,0.594331,0.238089,14,7.09333,0.0885463,2.45355
451,0.467107,0.157559,14,5.7,0.0835083,2.66962
452,0.558609,0.191786,15,6.85333,0.0884707,2.54243
453,0.510733,0.2015,15,6.94667,0.083274,2.40169
454,0.628118,0.218845,14,6.33333,0.118838,2.39044
455,0.589254,0.225549,15,7.27333,0.0802925,2.53224
456,0.497783,0.212161,14,6.66667,0.103197,2.56924
457,0.431019,0.165821,14,5.51333,0.180422,2.63001
458,0.504213,0.168717,14,6.06667,0.0745156,2.53665
459,0.548438,0.214734,14,6.91333,0.110757,2.38295
460,0.610322,0.19881,14,6.12667,0.116933,2.28091
461,0.519608,0.204185,12,6.25333,0.11949,2.48374
462,0.508397,0.194052,14,5.99333,0.0735311,2.39325
463,0.582382,0.177413,14,5.98,0.0714011,2.25413
464,0.414848,0.121059,13,4.25333,0.108117,2.57627
465,0.559291,0.188177,14,6.32667,0.157903,2.33162
466,0.397,0.125136,12,4.28,0.173849,2.98306
467,0.507511,0.155967,14,5.27333,0.112384,2.50942
468,0.591563,0.203512,15,6.69333,0.110998,2.59477
469,0.51677,0.186836,14,5.94667,0.139131,2.75579
470,0.555001,0.173948,14,6.12,0.072674,2.33657
471,0.414569,0.155792,14,6.06667,0.0842059,2.96742
472,0.380237,0.13273,11,5.39333,0.0829714,3.05721
473,0.579366,0.198089,15,6.92667,0.076611,2.74803
474,0.646561,0.205923,15,6.27333,0.126324,2.3034
475,0.444259,0.142058,13,4.99333,0.111102,2.51099
476,0.518791,0.166206,14,6.39333,0.0786612,2.88296
477,0.564502,0.206101,15,6.67333,0.0724269,2.42737
478,0.566129,0.19812,15,5.88,0.0694951,2.41439
479,0.642462,0.204718,15,6.47333,0.0828028,2.2344
480,0.535751,0.207026,14,6.42,0.0685049,2.40196
481,0.535093,0.178932,15,6.06,0.0747336,2.60585
482,0.37457,0.0869912,12,4.10667,0.0688743,2.85016
483,0.487234,0.159744,15,5.69333,0.0738058,2.57986
484,0.519375,0.162113,14,5.53333,0.0728296,2.46984
485,0.420903,0.11985,13,4.11333,0.0760202,2.74505
486,0.57941,0.200047,15,6.79333,0.0713054,2.1638
487,0.620974,0.209594,15,7.16,0.181192,2.40056
488,0.569087,0.226275,14,7.06667,0.0911663,2.37071
489,0.548583,0.184012,15,6.18667,0.0891024,2.11615
490,0.473305,0.126482,13,4.85333,0.0743813,2.53892
491,0.632288,0.226235,15,6.78,0.0802757,2.33823
492,0.539053,0.184175,14,5.54,0.0679784,2.1858
493,0.403713,0.141016,12,4.80667,0.0981831,2.61006
494,0.590895,0.203943,15,6.55333,0.0737797,2.21512
495,0.339476,0.112999,11,3.90667,0.0685605,2.46511
496,0.534259,0.185316,13,6.51333,0.140276,2.37267
497,0.414536,0.1479,13,5.52667,0.180866,2.56442
498,0.513933,0.136179,13,5.52,0.0660384,2.36158
499,0.523672,0.200827,14,6.74667,0.0657653,2.33064
500,0.525882,0.185569,14,7,0.0669544,2.33401
501,0.478618,0.150691,14,5.60667,0.0816234,2.4194
502,0.580238,0.213666,14,6.08667,0.0851597,2.46579
503,0.62819,0.208575,15,6.60667,0.0730296,2.19688
504,0.573442,0.183354,15,7.00667,0.10487,2.27553
505,0.525569,0.181639,14,6.27333,0.0664359,2.36253
506,0.531773,0.176516,14,6.77333,0.0701524,2.47708
507,0.553021,0.19721,14,6.8,0.16747,2.39468
508,0.356762,0.113924,11,5.23333,0.0952238,2.82903
509,0.683834,0.215323,15,7.90667,0.16483,2.18871
510,0.456966,0.128833,14,5.45333,0.074313,2.51687
511,0.461534,0.129011,14,5.12,0.0849832,2.24254
512,0.468157,0.139543,13,5.09333,0.0674334,2.53648
513,0.558975,0.178896,14,6.89333,0.131575,2.53958
514,0.516034,0.16106,14,6.06667,0.0978526,2.16904
515,0.525396,0.204474,13,6.08,0.0694717,2.47752
516,0.5117,0.14586,14,5.6,0.116924,2.3273
517,0.492526,0.151546,14,5.58667,0.0728718,2.15387
518,0.382466,0.107998,12,4.06,0.113565,2.60306
519,0.566582,0.16735,15,5.86,0.0693542,2.32017
520,0.444894,0.162021,13,5.39333,0.0763529,2.48242
521,0.360362,0.11838,12,4.93333,0.165921,2.72746
522,0.356565,0.0968004,13,3.84,0.148638,2.54082
523,0.516801,0.181059,14,6.28,0.0776354,2.46804
524,0.41429,0.140965,14,5,0.0890568,2.43045
525,0.55838,0.166494,14,5.81333,0.0683674,2.48606
526,0.561781,0.162986,15,5.44,0.0689489,2.41864
527,0.53356,0.163259,15,6.22,0.081499,2.53342
528,0.396454,0.135491,14,5,0.0833078,2.5327
529,0.552773,0.202077,15,6.8,0.0681098,2.47099
530,0.429131,0.123547,15,5.55333,0.0860726,2.65381
531,0.447004,0.143144,14,5.72,0.110731,2.43004
532,0.745707,0.253022,15,7.66,0.0731639,2.29056
533,0.510303,0.153133,14,5.73333,0.0721764,2.40426
534,0.694586,0.221552,15,6.93333,0.137118,2.17962
535,0.645778,0.211386,14,6.44667,0.0679781,2.09067
536,0.572285,0.16814,13,5.64,0.138352,2.38915
537,0.562431,0.171956,15,6.24,0.0861305,2.36334
538,0.575996,0.21035,15,6.58667,0.0684175,2.42168
539,0.619508,0.22671,15,6.21333,0.212726,2.51311
540,0.644516,0.245785,14,7.37333,0.0774573,2.28151
541,0.482995,0.178927,15,6.75333,0.0905534,2.61019
542,0.560772,0.217937,14,6.91333,0.0934987,2.26383
543,0.602243,0.185759,13,5.98667,0.0811037,2.4438
544,0.717688,0.303436,15,8.92667,0.0999632,2.2467
545,0.51504,0.189591,13,6.20667,0.0682624,2.45102
546,0.462841,0.182706,14,6.18667,0.0689175,2.84891
547,0.644318,0.216643,15,6.20667,0.209187,2.28185
548,0.460318,0.189205,13,6.28,0.0723056,2.72346
549,0.628772,0.248168,15,7.05333,0.175671,2.361
550,0.527158,0.177989,13,5.90667,0.0700289,2.42873
551,0.539217,0.229895,15,7.28667,0.139836,2.53035
552,0.477196,0.165792,14,5.58,0.189071,2.70013
553,0.523574,0.200701,14,6.54667,0.0730192,2.44236
554,0.528022,0.176265,14,6.24,0.104321,2.81894
555,0.414143,0.127682,14,4.93333,0.0687628,2.29386
556,0.423243,0.147058,14,5.33333,0.0693153,2.49628
557,0.500126,0.148115,14,5.4,0.0653468,2.22137
558,0.554977,0.187912,15,6.13333,0.0872683,2.23465
559,0.469384,0.165557,14,5.73333,0.0842012,2.19309
560,0.556654,0.189738,13,6.30667,0.065282,2.10036
561,0.596949,0.201199,14,6.39333,0.0767853,2.25228
562,0.645036,0.210477,15,6.79333,0.0697666,2.15481
563,0.643075,0.176531,15,6.18,0.0821091,2.28057
564,0.558664,0.189514,15,6.1,0.0668957,2.37122
565,0.560899,0.176508,14,5.26667,0.092848,2.23003
566,0.581172,0.194688,15,6.44,0.0717232,2.2253
567,0.523287,0.152286,14,5.52,0.0849674,2.47856
568,0.485398,0.145026,12,5.04,0.0800675,2.73871
569,0.39964,0.0743141,12,3.51333,0.0708457,2.6107
570,0.498982,0.136927,14,5.04667,0.10885,2.44269
571,0.473037,0.144615,13,4.79333,0.0720466,2.09525
572,0.556797,0.206058,14,6.42667,0.0869355,2.50008
573,0.731229,0.172363,15,6.72,0.134679,2.23857
574,0.517792,0.140402,15,4.98667,0.0794446,2.49533
575,0.542397,0.154687,14,5.54667,0.0694788,2.4231
576,0.472282,0.139155,15,5.22667,0.0692407,2.38138
577,0.58273,0.188533,14,6.33333,0.0703626,2.3384
578,0.504908,0.147695,12,4.97333,0.0688731,2.82712
579,0.544461,0.183055,13,5.92,0.0733561,2.53231
580,0.567203,0.21186,13,6.4,0.0672784,2.3638
581,0.673445,0.225595,15,6.60667,0.0776705,2.23559
582,0.578784,0.205286,14,5.81333,0.0690111,2.41816
583,0.562776,0.179449,14,5.58,0.071383,2.45888
584,0.641437,0.173509,14,5.65333,0.0755948,2.2605
585,0.479218,0.182176,15,5.77333,0.0711523,2.34425
586,0.516457,0.129807,14,5.02667,0.0709225,2.62898
587,0.542964,0.247082,14,6.1,0.0688722,2.48899
588,0.61471,0.218841,14,6.01333,0.0708328,2.06096
589,0.637806,0.20324,14,5.99333,0.0707748,2.32503
590,0.468035,0.137082,12,4.53333,0.0718024,2.27934
591,0.546191,0.194333,15,6.04667,0.0675789,2.28328
592,0.562442,0.171384,13,5.76667,0.0772081,2.56957
593,0.58709,0.182086,15,6.28,0.102157,2.45789
594,0.577205,0.207878,15,6.12667,0.0748331,2.30448
595,0.491147,0.146634,13,4.84,0.0738421,2.43269
596,0.48288,0.181141,14,6.10667,0.0721994,2.58523
597,0.480553,0.147509,12,4.94,0.0674092,2.43092
598,0.487305,0.156905,15,4.72667,0.0825362,2.22941
599,0.464408,0.148645,12,4.92667,0.0672828,2.4895
600,0.559716,0.182122,15,5.83333,0.0695001,2.48374
601,0.396749,0.133655,13,5.07333,0.068842,2.74713
602,0.59717,0.213807,14,6.22,0.0754875,2.40917
603,0.60466,0.176102,14,6.02,0.143213,2.46789
604,0.533868,0.17516,15,6.2,0.0761419,2.6173
605,0.541711,0.150238,13,5.09333,0.0737504,2.57421
606,0.642434,0.173592,14,5.54667,0.0771437,2.31391
607,0.445604,0.143774,13,5.01333,0.0734509,2.44316
608,0.442232,0.112709,13,3.83333,0.0719659,2.32958
609,0.484624,0.127796,15,4.50667,0.154795,2.24056
610,0.475096,0.137926,13,4.99333,0.0694172,2.73473
611,0.568978,0.165985,14,5.5,0.103617,2.34639
612,0.483274,0.13945,15,5.13333,0.0656707,2.57086
613,0.513009,0.167352,14,5.50667,0.115509,2.56374
614,0.470923,0.150439,15,5.58,0.0732557,2.61155
615,0.474258,0.16951,13,5.52667,0.0715904,2.36732
616,0.558906,0.193204,15,6.46667,0.0745435,2.35397
617,0.496453,0.155858,15,5.62,0.132291,2.55726
618,0.517763,0.140809,14,5.24667,0.0703683,2.39136
619,0.572938,0.190066,15,6.36,0.0710785,2.44525
620,0.448988,0.152619,13,4.89333,0.0668555,2.50532
621,0.597656,0.183583,14,5.66667,0.0737215,2.36634
622,0.576715,0.174588,14,6.16,0.0689845,2.20926
623,0.529655,0.159978,13,5.72667,0.0661468,2.29897
624,0.342419,0.131495,12,4.61333,0.0648866,2.62741
625,0.578816,0.21928,15,6.72,0.0688372,2.37493
626,0.482874,0.139602,14,5.10667,0.078906,2.27171
627,0.490233,0.166808,14,5.56667,0.0694184,2.36066
628,0.576239,0.198552,15,6.18667,0.0831297,2.44782
629,0.478112,0.182713,12,5.22,0.0674241,2.21797
630,0.535595,0.166629,13,5.32,0.0709166,2.45657
631,0.439774,0.128678,14,5.06,0.0703506,2.36827
632,0.567034,0.172591,13,5.68667,0.0712758,2.21496
633,0.569511,0.173122,13,5.08667,0.0697314,2.24286
634,0.464475,0.142661,15,4.97333,0.0737706,2.43472
635,0.659129,0.212797,15,6.97333,0.071416,1.88852
636,0.520389,0.19886,14,6.44667,0.0699046,2.07349
637,0.506482,0.152092,14,5.11333,0.0754288,2.18382
638,0.515706,0.195507,14,6.49333,0.0692553,2.27664
639,0.42438,0.139229,14,4.84667,0.0678441,2.35279
640,0.632302,0.168467,13,6.03333,0.0723281,2.27905
641,0.493261,0.165739,14,5.71333,0.067622,2.126
642,0.581532,0.165555,15,5.69333,0.0721239,2.50974
643,0.546345,0.195335,14,6.44667,0.0671649,2.2508
644,0.372379,0.111501,12,4.37333,0.065585,2.45779
645,0.619635,0.189493,14,6.08667,0.0699936,2.02267
646,0.49726,0.154699,13,5.06,0.0702014,2.21685
647,0.475003,0.146058,13,5.26667,0.0663356,2.51978
648,0.615231,0.18154,15,6.15333,0.0708233,2.4715
649,0.521078,0.16095,13,5.39333,0.0798472,2.26692
650,0.502664,0.14724,14,4.91333,0.0694019,2.30968
651,0.542129,0.166923,14,5.53333,0.0693571,2.39291
652,0.585244,0.148264,15,6.02,0.0689003,2.17989
653,0.480515,0.131432,13,4.68667,0.0922755,2.1376
654,0.591153,0.185925,15,5.42667,0.0688507,1.93508
655,0.603147,0.212482,15,6.14,0.0694084,1.96954
656,0.546414,0.139181,14,4.95333,0.0660227,2.20326
657,0.455626,0.160736,14,5.28667,0.0668637,2.65175
658,0.441947,0.114233,15,5.00667,0.110537,2.54331
659,0.502654,0.13266,13,4.66,0.0960425,2.49907
660,0.528987,0.165691,15,6.25333,0.0765379,2.26248
661,0.438842,0.12332,15,5.37333,0.0680622,2.5709
662,0.548732,0.156574,14,6.4,0.0699632,2.17013
663,0.579372,0.125883,13,5.72,0.0869931,2.37487
664,0.364162,0.101189,12,4.29333,0.0694175,2.53166
665,0.44867,0.129367,15,4.96667,0.0680282,2.63532
666,0.547881,0.191462,14,6.22667,0.0708181,2.46858
667,0.543582,0.161621,15,6.22,0.0694125,2.12399
668,0.545241,0.168269,13,6.06,0.0703735,2.292
669,0.56059,0.187613,14,6.48667,0.0708334,1.98987
670,0.418138,0.127979,15,5.03333,0.0686491,2.38524
671,0.511542,0.120035,14,4.86,0.068561,2.36983
672,0.369668,0.104361,13,4.88667,0.0683166,2.84875
673,0.429626,0.121699,13,5.16667,0.179508,2.44959
674,0.504282,0.15923,12,5.48667,0.0848916,2.62931
675,0.440144,0.120406,14,5.71333,0.0790068,2.91991
676,0.510954,0.143938,13,5.19333,0.0683391,2.55614
677,0.533594,0.164644,14,5.86667,0.0971633,2.60286
678,0.556214,0.160537,14,5.96,0.0697551,2.39221
679,0.596339,0.156649,15,5.55333,0.0795289,2.51701
680,0.443498,0.130049,13,5.19333,0.0738828,2.83803
681,0.547255,0.150455,14,5.20667,0.119542,2.23924
682,0.538895,0.160639,14,5.5,0.0795267,2.47519
683,0.370685,0.0965055,14,3.76,0.111264,2.72235
684,0.520456,0.12608,14,4.66,0.0675179,2.61558
685,0.5606,0.157746,14,5.82667,0.0662597,2.41555
686,0.506283,0.125646,14,5.20667,0.0698225,2.5081
687,0.555189,0.164755,15,6.11333,0.0698889,2.73308
688,0.590675,0.156644,15,5.18667,0.0964735,2.33839
689,0.558585,0.186245,15,5.48,0.0702715,2.27284
690,0.42915,0.113801,14,4.98,0.0807335,2.58875
691,0.623166,0.191571,15,6.06,0.0838156,2.42391
692,0.535538,0.186292,14,6.25333,0.0669258,2.39521
693,0.493746,0.149635,14,5.37333,0.0684364,2.53409
694,0.413009,0.124745,14,5.53333,0.0726093,2.75676
695,0.570072,0.155774,14,5.36,0.0671798,2.64555
696,0.502973,0.136256,14,5.06,0.0651245,2.76253
697,0.494201,0.140733,15,6.26667,0.0721691,2.8705
698,0.413325,0.134247,15,5.26,0.0694161,2.72329
699,0.549566,0.131401,14,5.67333,0.0664301,2.51
700,0.523114,0.136644,14,5.26,0.108639,2.49255
701,0.473664,0.130779,14,4.92667,0.067455,2.52813
702,0.501221,0.143345,15,5.46,0.161646,2.5145
703,0.650553,0.197196,15,6.39333,0.0753649,2.38868
704,0.653642,0.207967,15,6.73333,0.101616,2.09169
705,0.450485,0.153791,12,5.06,0.0982139,2.71358
706,0.439443,0.142201,13,5.10667,0.0670075,2.6404
707,0.522136,0.150977,13,5.89333,0.132333,2.54557
708,0.610411,0.222085,15,6.92667,0.0734243,2.24593
709,0.529107,0.145892,15,6.03333,0.0948074,2.45454
710,0.526135,0.170924,14,5.94,0.0732606,2.49412
711,0.503693,0.161123,14,6.21333,0.0801161,2.80785
712,0.478249,0.167163,14,6.49333,0.0699806,2.6443
713,0.48049,0.153267,15,5.46,0.0750115,2.78565
714,0.601383,0.181686,15,6.2,0.0748156,2.37314
715,0.541846,0.207961,14,6.64667,0.119558,2.44083
716,0.475905,0.149339,13,5.3,0.115272,2.67521
717,0.600436,0.208676,13,6.30667,0.0709581,2.45736
718,0.479045,0.116684,13,4.57333,0.0815775,2.79682
719,0.457976,0.149632,13,5.42,0.0691478,2.28004
720,0.642164,0.194957,15,5.94,0.0695566,2.43434
721,0.469979,0.157445,15,5.03333,0.0654597,2.46391
722,0.670881,0.199841,15,6.56,0.0768022,2.28693
723,0.541452,0.178444,13,5.97333,0.0764586,2.38669
724,0.520298,0.176513,14,6.01333,0.0790607,2.30742
725,0.47601,0.169839,14,5.64667,0.0652374,2.28261
726,0.557611,0.188463,15,6.40667,0.086982,2.42808
727,0.49965,0.182892,13,5.34667,0.0684622,2.65169
728,0.615205,0.262477,15,6.91333,0.0703932,2.26873
729,0.606993,0.225738,15,6.44667,0.0676934,2.37004
730,0.515349,0.233697,14,6.56667,0.104979,2.31034
731,0.607043,0.248383,15,7.38667,0.069503,2.16414
732,0.461347,0.177114,15,6.33333,0.0661926,2.39917
733,0.500373,0.172049,14,5.52667,0.0733594,2.61026
734,0.569818,0.232992,14,6.83333,0.0673387,2.45652
735,0.681672,0.250221,14,7.41333,0.0693596,2.16732
736,0.538056,0.231784,14,7.02,0.077577,2.4797
737,0.575041,0.215223,15,6.17333,0.0717241,2.5011
738,0.485493,0.168174,15,5.57333,0.071792,2.41325
739,0.587427,0.222218,14,7.39333,0.0773279,2.41299
740,0.47886,0.157048,13,5.48667,0.0689009,2.69338
741,0.419729,0.146844,15,5.01333,0.0708396,2.71385
742,0.514301,0.206239,13,6.39333,0.1302,2.4097
743,0.593231,0.242215,15,7.54667,0.0706742,2.26014
744,0.552316,0.195647,14,6.28667,0.0728735,2.43365
745,0.524905,0.225587,15,6.9,0.0706078,2.52538
746,0.544591,0.190642,14,6.38667,0.0677365,2.27112
747,0.516226,0.175607,13,5.47333,0.065499,2.27194
748,0.410497,0.156777,11,4.72667,0.0670722,2.59647
749,0.51657,0.201523,13,6,0.0670996,2.48513
750,0.505156,0.154018,13,5.34667,0.0625883,2.74021
751,0.519548,0.177867,14,6.29333,0.0671193,2.63381
752,0.543879,0.230644,15,7.21333,0.118632,2.3435
753,0.723593,0.227794,15,7.69333,0.0694814,2.17434
754,0.556256,0.15836,14,5.78667,0.0675657,2.73283
755,0.490982,0.227897,13,7.47333,0.111673,2.63373
756,0.529893,0.204642,14,7.04,0.103915,2.60179
757,0.619559,0.208673,15,6.98667,0.0679589,2.45569
758,0.542645,0.199305,14,6.5,0.106662,2.57671
759,0.486374,0.206826,13,6.23333,0.0685779,2.6203
760,0.556565,0.182892,15,6.67333,0.0763707,2.37456
761,0.620797,0.237736,14,7.64667,0.0687794,2.40169
762,0.603816,0.238661,14,7.34,0.107941,2.66691
763,0.544478,0.151176,14,6.10667,0.0738164,2.74227
764,0.534542,0.181272,15,6.21333,0.0645124,2.68177
765,0.505895,0.174324,13,5.86,0.0677376,2.45637
766,0.527226,0.1907,14,6.86667,0.0686193,2.20406
767,0.479271,0.172722,14,6.56667,0.111136,2.42755
768,0.439889,0.160766,14,5.89333,0.066656,2.52714
769,0.561479,0.20187,15,6.10667,0.0712412,2.44947
770,0.508985,0.19296,13,6.28,0.0946454,2.55701
771,0.62513,0.218252,15,7.16667,0.0701914,2.21457
772,0.522059,0.15474,13,5.73333,0.0657442,2.485
773,0.49618,0.175107,14,6.18,0.0693216,2.65424
774,0.493091,0.191708,14,6.78667,0.0949616,2.69531
775,0.492128,0.196363,14,6.49333,0.0653446,2.71084
776,0.431806,0.141399,15,5.32,0.065289,2.70602
777,0.5237,0.175925,13,5.80667,0.0669689,2.54402
778,0.613886,0.19637,15,6.72,0.0814926,2.43249
779,0.441029,0.145773,13,5.19333,0.0641447,2.65022
780,0.528088,0.194936,14,6.62,0.0801462,2.65887
781,0.615368,0.237285,15,7.9,0.0805508,2.43902
782,0.566507,0.223938,15,7.01333,0.0666874,2.28721
783,0.576486,0.227307,15,7.32667,0.0752238,2.27102
784,0.640895,0.225712,15,6.78,0.0742472,2.11314
785,0.389892,0.0992284,12,4.33333,0.0780996,2.97465
786,0.536499,0.201416,13,6.48,0.0802464,2.45865
787,0.489958,0.158644,15,5.61333,0.068717,2.38486
788,0.589405,0.206677,15,6.75333,0.0666451,2.21675
789,0.556105,0.187199,14,6.31333,0.0698353,2.24184
790,0.471319,0.203423,14,6.46667,0.0685314,2.41261
791,0.569838,0.201568,13,6.40667,0.0829604,2.5093
792,0.525733,0.20612,13,6.63333,0.11697,2.53789
793,0.53857,0.234638,15,7.16667,0.0790943,2.36524
794,0.49567,0.170023,14,5.98,0.07007,2.42087
795,0.44639,0.167505,13,5.47333,0.0692325,2.62661
796,0.478918,0.163925,14,5.56667,0.0672669,2.52792
797,0.606597,0.213682,15,6.78,0.0678859,2.47781
798,0.51744,0.19656,13,6.05333,0.0752063,2.66016
799,0.570588,0.191935,14,6.28667,0.0707855,2.45564
800,0.595513,0.254316,14,6.69333,0.0750093,2.31501
801,0.41413,0.15037,15,5.08667,0.0645563,2.59105
802,0.665977,0.252151,15,7.48,0.070916,2.14004
803,0.364579,0.111522,13,4.46667,0.0664147,2.7918
804,0.501438,0.182013,14,6.04,0.0749564,2.44163
805,0.423104,0.184105,14,5.63333,0.07384,2.58298
806,0.522208,0.18751,15,6.11333,0.0669714,2.347
807,0.558739,0.186003,15,6.37333,0.0768566,2.36553
808,0.534441,0.184225,14,5.7,0.0711263,2.49428
809,0.52496,0.207632,15,6.86,0.0717926,2.31482
810,0.546052,0.199389,14,6.52667,0.0803932,2.67859
811,0.466601,0.197144,13,5.9,0.0716113,2.42544
812,0.583758,0.222401,15,6.68,0.0695865,2.23412
813,0.468796,0.180711,14,5.91333,0.0676004,2.40363
814,0.582627,0.22681,15,7.16,0.0694755,2.47047
815,0.531226,0.145455,15,5.49333,0.0668454,2.42245
816,0.527739,0.202045,13,6.3,0.107008,2.43292
817,0.619653,0.224391,15,6.57333,0.0664172,1.9175
818,0.595833,0.236335,15,6.94667,0.0822017,2.26113
819,0.709694,0.298538,15,7.92,0.0718104,2.19976
820,0.484326,0.169622,13,5.50667,0.136071,2.68115
821,0.576638,0.219502,15,7,0.0890894,2.23581
822,0.621112,0.230572,15,7.06667,0.0652527,2.37266
823,0.585486,0.226454,15,7.31333,0.175193,2.37424
824,0.495305,0.181557,13,5.92,0.0692834,2.53881
825,0.630525,0.239664,15,6.42,0.0715198,2.11046
826,0.454959,0.186997,13,5.66667,0.0659703,2.54202
827,0.57086,0.180472,15,6.18,0.0679612,2.58842
828,0.602515,0.252641,15,7.49333,0.0670458,2.18173
829,0.586179,0.224936,14,6.92,0.0676789,2.34815
830,0.408415,0.183258,14,5.45333,0.0657197,2.72937
831,0.428994,0.142802,11,5.10667,0.0682128,2.66298
832,0.56501,0.202844,15,6.17333,0.0697753,2.64132
833,0.534968,0.19635,13,5.95333,0.0672832,2.69368
834,0.345264,0.133953,13,4.92,0.0649341,2.62305
835,0.727974,0.353982,15,8.80667,0.0722892,2.30801
836,0.653589,0.234236,15,7.04,0.0685031,2.16946
837,0.576221,0.175619,14,5.4,0.09071,2.51947
838,0.636213,0.228584,15,6.31333,0.0659151,2.01991
839,0.570236,0.230235,14,6.37333,0.0667034,2.32717
840,0.53748,0.233047,15,7.02667,0.0672427,2.06512
841,0.688091,0.267875,15,7.86667,0.0710389,2.08354
842,0.535105,0.206433,14,6.09333,0.0694591,2.30775
843,0.522322,0.191628,14,5.8,0.0702637,2.40255
844,0.526187,0.183029,14,5.28667,0.0680366,2.27919
845,0.617211,0.242117,14,7.01333,0.0669199,2.42724
846,0.580301,0.219422,14,6.10667,0.0685447,2.05312
847,0.589511,0.2477,14,6.81333,0.0683714,2.40704
848,0.615071,0.239075,15,6.97333,0.0672295,2.0804
849,0.556301,0.228783,15,7.02667,0.0675749,2.00537
850,0.558894,0.252246,14,7.08,0.0675209,2.32751
851,0.576261,0.270877,14,6.81333,0.0657334,2.12427
852,0.656252,0.285331,15,7.78667,0.0732573,2.17759
853,0.508015,0.170681,14,6.3,0.0673022,2.59811
854,0.562027,0.223361,14,6.03333,0.0666584,2.24452
855,0.63753,0.260709,14,6.9,0.0665651,2.11988
856,0.66267,0.296767,15,8.44667,0.074431,2.0914
857,0.522056,0.186896,15,6.44,0.0657832,2.18523
858,0.518061,0.223831,15,7.01333,0.0694759,2.4387
859,0.592242,0.210453,13,5.6,0.0652936,2.18184
860,0.718,0.245626,15,6.7,0.0706628,1.92672
861,0.590253,0.187984,14,5.76667,0.0704636,2.12637
862,0.600754,0.190106,14,5.98,0.0673849,2.32157
863,0.598072,0.21987,14,6.22667,0.0951765,2.20419
864,0.615613,0.205022,15,6.78667,0.0695495,2.49712
865,0.533792,0.198893,13,6.03333,0.147197,2.47304
866,0.573141,0.16369,15,5.68667,0.069692,2.5643
867,0.438218,0.146732,14,5.14667,0.0663555,2.93363
868,0.682038,0.211572,15,6.62,0.0691431,2.33709
869,0.486604,0.156474,14,6.18667,0.0688452,2.69299
870,0.548858,0.141094,14,5.43333,0.0693745,2.29726
871,0.653209,0.197605,15,6.42667,0.0663486,2.10711
872,0.71732,0.226716,15,7.34,0.0693641,2.23315
873,0.49007,0.150624,13,5.56667,0.0697441,2.62422
874,0.557598,0.150971,14,5.85333,0.0691731,2.52856
875,0.654482,0.202787,14,5.84,0.0659796,2.62128
876,0.504395,0.164429,14,6.10667,0.0652469,2.55092
877,0.565068,0.176641,14,5.84667,0.0650913,2.17814
878,0.562865,0.150481,15,4.94,0.067296,2.38835
879,0.487057,0.16758,15,5.92667,0.0733317,2.6529
880,0.576312,0.192878,15,6.87333,0.0686724,2.46987
881,0.612341,0.205896,15,6.38,0.0666085,2.26667
882,0.549994,0.200395,13,6.22667,0.0657668,2.30736
883,0.444705,0.153106,15,5.40667,0.0680606,2.52756
884,0.514923,0.16885,15,6.34667,0.0697927,2.28415
885,0.613498,0.184481,14,6.26667,0.0765862,2.57649
886,0.599808,0.205953,15,6.62,0.0724716,2.5078
887,0.472588,0.179322,14,5.82667,0.0676114,2.83713
888,0.370085,0.139302,15,5.35333,0.0641185,2.9878
889,0.602453,0.208701,15,7.16667,0.0674644,2.42949
890,0.595261,0.189741,14,6.34,0.0651356,2.46079
891,0.550856,0.15787,15,6.04,0.0693543,2.34517
892,0.571095,0.16119,15,5.70667,0.0685432,2.48491
893,0.64047,0.23195,14,6.87333,0.068942,2.31972
894,0.537369,0.184523,15,6.3,0.0769648,2.58286
895,0.747603,0.255314,15,7.48,0.0696777,2.02542
896,0.540168,0.186591,15,5.71333,0.0712203,2.32516
897,0.58507,0.184065,15,5.70667,0.0697264,2.50206
898,0.572891,0.193622,14,5.87333,0.0684542,2.48141
899,0.670634,0.239298,15,7.33333,0.0690318,2.30341
900,0.595831,0.198374,15,6.67333,0.0683321,2.55885
901,0.489948,0.176271,14,6.09333,0.0694813,3.03921
902,0.548489,0.2204,15,6.51333,0.0674076,2.4382
903,0.456125,0.17677,14,6.01333,0.0691047,2.87963
904,0.509865,0.155675,15,5.15333,0.0692359,2.55586
905,0.614105,0.169944,15,6.52,0.0673167,2.78366
906,0.640489,0.239708,15,7.99333,0.149361,2.20667
907,0.63804,0.212726,14,7.2,0.0703152,2.74829
908,0.616581,0.21713,15,6.64667,0.0708428,2.2437
909,0.616785,0.228706,15,6.85333,0.0832487,2.49586
910,0.589378,0.207567,14,6.02,0.070193,2.67891
911,0.568807,0.229941,15,6.96,0.0744134,2.78482
912,0.496894,0.21051,13,6.26667,0.0681676,2.61854
913,0.53859,0.190515,14,6.08667,0.0678883,2.61351
914,0.618392,0.229182,15,7.44667,0.0701479,2.55577
915,0.718432,0.313136,15,8.64667,0.0729323,2.09789
916,0.590542,0.202626,14,6.54,0.0675074,2.24251
917,0.585727,0.221597,15,7.49333,0.0684064,2.50115
918,0.563607,0.183685,14,5.89333,0.07258,2.19681
919,0.563001,0.186109,14,6.34667,0.0738031,2.47854
920,0.520304,0.184552,14,6.36667,0.068799,2.42887
921,0.49392,0.183732,15,5.72,0.0846176,2.86345
922,0.54137,0.20258,15,6.74667,0.0686268,2.58578
923,0.581629,0.204015,15,6.48,0.069634,2.31858
924,0.476215,0.211753,13,6.54,0.0795385,2.78167
925,0.442341,0.152883,13,5.34,0.0673452,2.65258
926,0.567258,0.204866,15,6.30667,0.0709218,2.34818
927,0.62531,0.237302,15,7.11333,0.0910018,2.41701
928,0.552921,0.197456,15,6.56,0.0683038,2.69711
929,0.685337,0.309508,14,8.18,0.0719611,2.21735
930,0.569715,0.21773,13,6.08667,0.108529,2.59579
931,0.470879,0.169885,14,5.77333,0.0688603,2.83223
932,0.568441,0.23221,14,7.13333,0.0743655,2.56627
933,0.546525,0.216505,15,6.78,0.0698696,2.30774
934,0.506708,0.179763,15,5.88667,0.0685577,2.42251
935,0.558577,0.226711,15,7.08,0.0710403,2.52652
936,0.525046,0.190926,15,5.74667,0.0699258,2.5642
937,0.528379,0.212968,15,6.83333,0.0654688,2.45588
938,0.576788,0.241896,15,7.29333,0.0732697,2.68827
939,0.399374,0.11588,14,4.92,0.0656777,3.22545
940,0.526337,0.208055,14,7.35333,0.0675887,2.45519
941,0.681084,0.308883,15,9.20667,0.0672671,2.18766
942,0.548912,0.195304,14,6.52,0.074943,2.65448
943,0.645914,0.206708,15,6.92,0.0672965,2.36033
944,0.457187,0.176187,14,5.78667,0.0664063,2.6743
945,0.694701,0.248748,14,7.76667,0.0690119,2.52368
946,0.451134,0.146623,15,5.62,0.0664715,2.57392
947,0.458683,0.174802,15,6.06667,0.0743312,2.85779
948,0.583265,0.195407,15,6.74667,0.0691271,2.54353
949,0.523275,0.184381,15,6.08,0.069069,2.5909
950,0.497619,0.193576,14,6.50667,0.0695725,2.4788
951,0.564403,0.206344,15,6.82667,0.0694529,2.26103
952,0.531119,0.194686,13,6.00667,0.0700224,2.79663
953,0.654878,0.202452,15,6.37333,0.0698478,2.50974
954,0.66497,0.280977,15,7.97333,0.0723807,2.40046
955,0.542993,0.178002,15,5.87333,0.0675814,2.81609
956,0.515036,0.183876,14,5.84667,0.0702203,2.53803
957,0.606554,0.213792,14,6.48667,0.0852533,2.60403
958,0.4897,0.174551,15,5.54667,0.0673283,2.51199
959,0.52969,0.144308,14,5.52,0.0656339,2.92851
960,0.51716,0.199218,15,6.87333,0.0662209,2.6765
961,0.68301,0.272466,15,8.27333,0.0724188,2.39001
962,0.603448,0.207444,15,6.42667,0.0676603,2.36349
963,0.450261,0.148496,15,5.29333,0.076187,2.70481
964,0.599861,0.213946,15,7.31333,0.0679948,2.41789
965,0.590252,0.284111,15,8.07333,0.0722039,2.40106
966,0.502362,0.167095,14,5.36667,0.0643423,2.67857
967,0.673017,0.248051,15,6.72667,0.0683632,2.48178
968,0.631471,0.241435,14,6.86,0.0681005,2.44316
969,0.53246,0.193454,13,5.56667,0.0644319,2.5933
970,0.589712,0.181032,14,5.36,0.0690926,2.73296
971,0.564518,0.231392,15,6.78667,0.139944,2.51388
972,0.597837,0.252384,15,7.56667,0.069871,2.15665
973,0.59918,0.207455,15,6.09333,0.0802519,2.15865
974,0.583347,0.196974,15,6.07333,0.0684419,2.45328
975,0.629677,0.24032,14,7.02,0.0701378,2.50422
976,0.55271,0.213608,15,6.08,0.0717287,2.37701
977,0.430257,0.162322,14,5.28667,0.0659527,2.60316
978,0.403857,0.160233,13,5.46667,0.0682524,2.74902
979,0.682964,0.247763,15,7.19333,0.112163,2.49567
980,0.525723,0.205422,14,6.18667,0.0718686,2.50351
981,0.547482,0.243406,14,6.79333,0.068883,2.43686
982,0.514584,0.179474,15,5.46667,0.0714708,2.45006
983,0.491767,0.161438,15,5.52667,0.0668495,2.42588
984,0.613474,0.225307,14,7.14667,0.0717237,2.55578
985,0.488496,0.1677,14,5.14,0.067604,2.5248
986,0.629256,0.248129,15,7.53333,0.082012,2.44646
987,0.595188,0.180518,14,6.06,0.073731,2.44479
988,0.692119,0.236855,14,6.38,0.0693273,2.36502
989,0.413791,0.122726,15,4.78667,0.0640113,2.49593
990,0.46671,0.190503,14,6.64,0.0679408,2.67749
991,0.495819,0.238171,14,6.56667,0.0658739,2.31765
992,0.503489,0.209262,15,6.35333,0.0677314,2.38981
993,0.636498,0.208366,15,7.38667,0.074476,2.60866
994,0.721576,0.250163,15,7.4,0.0717543,2.4761
995,0.49574,0.19708,14,5.94,0.15141,2.83033
996,0.581942,0.21723,15,6.38,0.069352,2.43133
997,0.462419,0.167377,15,4.96,0.0676281,2.70434
998,0.517281,0.171029,13,5.52667,0.0724228,2.74127
999,0.504134,0.170044,13,5.43333,0.0691188,2.87201
1000,0.554401,0.193238,14,6.31333,0.0706942,2.61327
