1,0.864156,0.193292,6,0.186667,0.0672208,1.03756
2,0.50841,0.1897,3,0.206667,0.0683217,1.04016
3,0.561712,0.328894,2,0.0666667,0.069541,0.932796
4,2.27773,0.34461,5,0.12,0.0653993,0.667565
5,1.88813,0.389695,8,0.133333,0.0685648,0.637537
6,1.52078,0.341508,3,0.0666667,0.068302,0.855498
7,1.87213,0.384832,7,0.18,0.0636242,0.810991
8,1.87712,0.394935,5,0.146667,0.0673803,0.776255
9,1.25442,0.385362,3,0.153333,0.0628544,0.865243
10,1.8982,0.386846,4,0.146667,0.0656789,0.874241
11,1.27118,0.366317,8,0.146667,0.0716675,0.994922
12,1.57442,0.372444,3,0.12,0.0659241,1.11604
13,1.5892,0.375036,3,0.14,0.0692776,1.13014
14,1.25381,0.367697,3,0.18,0.0689939,1.15986
15,1.90532,0.391993,5,0.24,0.0674595,1.32525
16,1.87439,0.360669,4,0.14,0.0676615,1.18006
17,1.47235,0.411709,5,0.306667,0.067351,1.28361
18,1.52566,0.392328,3,0.153333,0.0660039,1.27979
19,1.51689,0.386302,3,0.3,0.0658628,1.14328
20,1.29085,0.404314,4,0.253333,0.0662707,1.18121
21,1.12569,0.389096,3,0.306667,0.0677863,1.16596
22,2.05583,0.452218,6,0.54,0.0663672,1.16338
23,1.51181,0.470664,4,0.553333,0.0691722,1.3152
24,2.20511,0.416908,5,0.34,0.0656745,1.49682
25,1.49847,0.464381,5,0.486667,0.0688641,1.35882
26,2.17507,0.457187,5,0.546667,0.0678364,1.19315
27,2.22859,0.465586,5,0.593333,0.0689624,1.2815
28,1.52893,0.419828,5,0.32,0.0659341,1.35336
29,1.10768,0.397153,4,0.313333,0.066621,1.30104
30,1.15757,0.379723,4,0.233333,0.067408,1.18243
31,1.29181,0.383037,4,0.226667,0.06835,1.30095
32,1.74612,0.440185,7,0.44,0.0685895,1.14683
33,1.1773,0.416018,5,0.473333,0.0634093,1.42854
34,1.63335,0.439834,6,0.586667,0.0692717,1.42221
35,1.265,0.414277,5,0.506667,0.0651448,1.37691
36,1.55376,0.392575,4,0.3,0.0622016,1.09442
37,0.906121,0.3645,5,0.213333,0.0674602,1.21804
38,1.61876,0.42352,6,0.286667,0.0694535,1.08646
39,1.57455,0.433851,5,0.193333,0.0660805,1.0624
40,1.3889,0.378388,5,0.22,0.0677916,1.25133
41,0.99397,0.400019,8,0.286667,0.0670305,0.952686
42,1.5482,0.410233,5,0.246667,0.067049,0.887613
43,1.28566,0.42809,5,0.313333,0.0680559,0.944515
44,1.97445,0.435996,9,0.473333,0.0670554,1.03177
45,2.17191,0.484517,5,0.48,0.0692408,1.05619
46,1.69138,0.455944,6,0.426667,0.0680447,1.07194
47,1.79926,0.438958,5,0.46,0.0671718,1.27589
48,2.20283,0.476624,6,0.52,0.0698299,1.22858
49,1.95363,0.420378,7,0.52,0.0642326,1.23563
50,1.89527,0.455275,7,0.553333,0.0721392,1.26966
51,1.43151,0.449515,7,0.593333,0.0663918,1.20476
52,1.69176,0.425186,6,0.466667,0.0661811,1.20029
53,1.56253,0.449558,6,0.526667,0.0668877,1.13013
54,1.63837,0.421222,6,0.5,0.067313,1.25913
55,1.2821,0.408032,7,0.546667,0.0670891,1.42971
56,2.05612,0.465996,8,0.593333,0.0656065,1.44751
57,1.69968,0.40985,7,0.4,0.0680758,1.32385
58,2.30967,0.452615,9,0.58,0.0693476,1.42483
59,1.59998,0.450991,5,0.42,0.0652636,1.39246
60,2.3586,0.50717,9,0.5,0.0678017,1.1281
61,2.40409,0.488058,6,0.586667,0.067349,1.55945
62,2.57804,0.542669,7,0.8,0.0652774,1.6356
63,1.55762,0.433274,7,0.58,0.0698967,1.73433
64,2.3002,0.483438,7,0.806667,0.0664307,1.67319
65,1.28147,0.449388,5,0.426667,0.0656911,1.61915
66,2.12711,0.494115,8,0.64,0.0696841,1.4352
67,1.8333,0.556692,8,0.826667,0.0659167,1.61679
68,2.60452,0.525465,7,0.84,0.071134,1.88356
69,1.83636,0.50502,6,0.853333,0.0656685,2.03029
70,1.53326,0.504767,5,0.533333,0.0674061,1.56395
71,2.16703,0.597313,6,0.966667,0.0673328,1.7055
72,2.59087,0.630583,7,1.02,0.0691213,1.91057
73,2.60595,0.591422,8,1.15333,0.0679048,1.94704
74,2.63906,0.579265,7,0.706667,0.0636701,1.85421
75,2.71721,0.646824,7,1.1,0.0689762,1.85237
76,2.24357,0.578502,7,0.886667,0.0662819,1.84072
77,2.6614,0.641191,7,1.08667,0.0697196,1.85467
78,2.0826,0.622791,8,1.05333,0.070149,1.75748
79,1.76412,0.534194,4,0.806667,0.0629226,1.62485
80,2.44521,0.562347,7,1.05333,0.0690215,1.51187
81,2.27889,0.551205,6,0.66,0.070042,1.88511
82,2.82293,0.615223,8,1.06667,0.0662866,1.60054
83,2.31098,0.518042,6,0.846667,0.06519,1.83282
84,2.40793,0.675271,7,1.26667,0.068781,1.82853
85,2.38583,0.612666,6,0.98,0.0676489,1.81173
86,2.67365,0.657479,7,1.14,0.0658769,1.73166
87,2.17211,0.558527,5,0.82,0.0692408,2.11462
88,2.86652,0.64455,8,0.986667,0.0660764,1.67259
89,3.17241,0.685853,8,1.23333,0.0696389,1.81816
90,2.95792,0.651874,9,1.02667,0.0643016,1.55978
91,2.64194,0.692667,8,1.16667,0.0659454,1.88278
92,2.55078,0.708987,8,1.48667,0.0702046,2.24458
93,2.82114,0.817432,8,1.94,0.0664692,2.13896
94,2.95447,0.721745,9,1.76667,0.067912,2.28941
95,2.48101,0.807211,7,1.68,0.0650432,1.84153
96,2.07536,0.675137,6,1.28667,0.0639036,1.94922
97,2.08545,0.638698,7,1.28,0.0661713,2.16815
98,2.32231,0.786603,7,1.77333,0.0673628,2.4393
99,2.14728,0.741848,7,1.44,0.0663487,2.54092
100,2.97611,0.991231,8,2.28,0.0734705,2.45435
101,3.25083,0.798344,8,1.77333,0.069503,2.29963
102,2.35677,0.70662,8,1.48,0.0659851,2.33554
103,2.81536,0.924661,10,2.32,0.0687613,2.12486
104,2.04978,0.73132,6,1.50667,0.0642437,2.17033
105,2.41345,0.781018,8,1.54,0.0679985,2.46924
106,2.96031,0.889567,8,2.08,0.0676494,2.396
107,3.02421,0.90691,8,2.03333,0.0681819,2.59349
108,2.50306,0.801481,8,1.72,0.0674794,2.32093
109,2.25615,0.763693,8,1.53333,0.0692778,2.65759
110,2.6746,1.01016,10,2.32667,0.0687618,2.3894
111,3.09842,0.831713,9,1.86,0.0651544,2.41526
112,2.06074,0.749896,6,1.5,0.0630197,2.34727
113,2.61105,0.874518,9,1.94,0.0663276,2.02359
114,2.64274,0.815724,8,1.67333,0.0695949,2.15055
115,2.71606,0.759339,9,1.5,0.069246,2.33212
116,3.69809,0.811018,10,1.76,0.0669513,2.06347
117,3.32931,1.04062,10,2.46,0.0696159,2.47548
118,2.62909,0.842583,9,1.82667,0.0684786,2.34389
119,2.98531,0.814167,10,1.69333,0.0681566,2.65227
120,3.06503,0.856749,9,2.1,0.0679217,2.4665
121,3.05257,0.861069,10,2.41333,0.0638442,2.37176
122,3.10272,0.860356,9,2.1,0.0633181,2.62098
123,3.04983,0.966776,9,2.22667,0.0690883,2.21564
124,3.03786,1.10569,9,2.96,0.0674097,2.71691
125,3.04211,0.909753,10,2.09333,0.0684223,2.76947
126,2.73966,0.730127,10,1.58667,0.0677948,2.66663
127,3.01347,0.855933,8,2.12,0.0669575,2.50742
128,3.08155,0.815789,8,1.84667,0.0643053,2.40298
129,3.03379,1.0812,8,2.68,0.0625835,2.41529
130,3.62764,1.3258,10,3.39333,0.0667571,2.9351
131,3.00158,1.05463,8,2.69333,0.0687949,2.80507
132,3.82015,1.09887,10,2.74667,0.0673405,2.32505
133,2.43147,0.900282,7,2.01333,0.0690936,2.81997
134,2.92017,0.862689,9,2.18,0.0711428,2.92975
135,2.78238,0.882446,8,2.18,0.0657707,3.00351
136,3.0306,0.842683,8,1.84,0.0687214,3.00869
137,3.74887,0.978514,10,2.35333,0.0705935,2.74695
138,3.09903,0.814886,10,1.99333,0.0697074,3.41339
139,3.10046,0.983761,9,2.66,0.0698509,2.91975
140,3.55503,1.06134,10,2.78,0.0694656,3.00492
141,3.32105,1.21499,10,3.39333,0.0693245,2.57394
142,3.10346,0.854224,9,1.85333,0.0678806,2.95997
143,2.63967,0.769587,8,1.74667,0.0703021,2.85811
144,3.42965,0.75852,9,1.86,0.0660128,2.62869
145,3.01496,0.897941,9,2.16,0.0682863,2.71132
146,3.04691,0.926365,9,2.09333,0.0650039,2.55046
147,2.79247,0.866706,8,2.26,0.0665472,2.6909
148,3.11469,0.77934,8,1.96667,0.0711484,2.87075
149,3.00891,0.776211,8,1.78667,0.0697963,2.83272
150,3.42656,0.876626,9,2.22667,0.0655521,3.02599
151,3.30489,0.973664,9,2.34,0.065607,2.7149
152,3.12955,1.01235,8,2.56,0.0684199,3.07768
153,3.46821,1.09379,10,2.87333,0.0703512,3.16822
154,2.33177,0.704615,6,1.74,0.0664975,3.1578
155,3.4693,0.942849,10,2.35333,0.0680441,2.41996
156,3.43588,0.73509,9,1.72,0.0675959,2.82342
157,2.79401,0.589226,9,1.20667,0.0646466,3.09383
158,2.7471,0.676818,7,1.44,0.0653788,2.80125
159,2.3745,0.753986,7,1.65333,0.0671549,2.91996
160,3.04496,0.879808,9,2.25333,0.0680566,2.40131
161,2.47311,0.766077,7,1.88667,0.0669749,2.67394
162,3.26223,0.873873,9,2.35333,0.0689023,2.97883
163,2.82338,0.754483,9,1.86,0.0688623,2.9259
164,2.45147,0.778619,7,1.88667,0.0642075,2.66885
165,2.42499,0.704533,7,1.5,0.067539,2.9148
166,3.01761,0.862004,9,2.09333,0.0672048,2.65738
167,3.09955,0.92355,8,2.55333,0.0631034,2.47819
168,3.09652,0.823124,8,2.32667,0.0680584,2.69257
169,3.30917,0.61786,9,1.36,0.0684373,2.65569
170,3.40906,0.737544,9,1.74667,0.0689448,2.74796
171,3.36176,1.00751,9,2.50667,0.0673442,2.3317
172,3.07026,0.589138,9,1.26667,0.0683736,2.59849
173,3.36965,0.712763,9,1.54667,0.0659633,2.46292
174,3.66268,0.895163,10,2.40667,0.0701773,2.25632
175,3.33169,0.665574,10,1.38667,0.0667737,2.51346
176,3.7487,0.757275,10,1.92,0.066767,2.47439
177,3.34836,0.889065,9,2.19333,0.0679078,2.76066
178,3.55696,1.06192,10,2.65333,0.0713887,2.87411
179,3.70214,1.06747,10,2.81333,0.0673387,2.48645
180,3.66066,0.715125,10,1.7,0.0680998,2.83302
181,3.11198,0.795194,9,2.02,0.065418,2.08917
182,3.41617,0.921808,9,2.24667,0.0684743,2.40761
183,3.39387,0.980305,9,2.54,0.0693903,2.73747
184,3.60461,0.707651,10,1.60667,0.0658229,2.80016
185,3.34353,0.85457,9,1.89333,0.0741336,2.79157
186,2.78107,0.837782,7,2.14,0.0669671,3.019
187,3.68936,0.878959,10,2.27333,0.0669781,2.58513
188,3.75087,1.08135,10,2.85333,0.0653846,2.55304
189,3.06792,0.840658,9,1.91333,0.0669074,2.81492
190,3.10062,0.820455,10,2.05333,0.068177,2.63594
191,3.3833,0.854727,10,2.12,0.0714915,2.51661
192,3.64836,0.78602,10,1.70667,0.067957,2.91695
193,3.69803,0.849382,10,1.99333,0.0656767,2.88618
194,3.53457,0.858063,10,2.03333,0.0700999,2.772
195,2.75358,0.961625,8,2.17333,0.0654618,2.60109
196,3.09544,1.04579,10,2.68667,0.0683608,2.64922
197,3.08511,0.930549,10,2.28667,0.0660567,2.7688
198,3.68138,0.895184,10,2.29333,0.0694701,2.75354
199,3.38479,0.716628,9,1.59333,0.0699507,2.58603
200,3.52934,0.773333,10,1.82667,0.0713074,2.57333
201,3.39915,0.888082,10,2.32667,0.0696747,2.41313
202,3.44896,1.05246,9,2.63333,0.0721541,2.68582
203,2.64167,0.67645,9,1.57333,0.0654861,2.46068
204,2.96633,0.693685,9,1.46,0.0680433,2.38325
205,3.06458,0.675635,10,1.73333,0.0690042,2.48319
206,3.20681,0.84712,9,2.19333,0.0675636,2.38027
207,3.03245,0.768426,9,2.02667,0.0708975,2.86031
208,3.08317,0.901559,9,2.39333,0.0676685,2.79305
209,3.71369,0.855377,10,2.36667,0.0722542,2.71096
210,3.42799,1.00135,10,2.74,0.0667806,2.50538
211,3.07125,0.778003,9,2.06,0.069429,3.17739
212,3.38231,0.872173,10,2.28667,0.0706336,3.23097
213,2.75743,0.845427,9,2.16,0.0689924,3.07686
214,3.43488,0.890281,9,2.36,0.0643973,2.90399
215,3.00307,0.998998,8,2.88,0.0680114,2.90216
216,3.34212,1.0845,10,3.04667,0.0649471,2.83628
217,2.70012,0.783592,8,2.18667,0.0685118,2.94044
218,2.99738,0.965533,10,2.44667,0.0659544,2.83504
219,3.2803,1.02102,9,2.86667,0.0674022,2.81251
220,3.10768,0.793944,9,1.88667,0.0683032,3.10747
221,3.31223,1.16924,10,3.38667,0.0699655,2.9142
222,3.6871,0.705926,10,1.44,0.0609701,3.05301
223,3.35053,0.960841,10,2.34,0.0643604,2.88563
224,3.32321,0.867523,10,2.44667,0.0704319,3.3297
225,3.30451,0.808263,10,2.21333,0.0677348,2.68715
226,3.44881,0.863862,10,2.38,0.0687361,2.73811
227,2.97255,0.72004,10,1.82,0.0682966,2.84
228,2.96745,0.867636,10,2.34,0.0680464,2.70815
229,2.81785,0.804589,10,2.28,0.0684442,3.0977
230,2.66376,0.744302,9,2.01333,0.0684408,2.53819
231,3.31138,0.771981,10,1.81333,0.0654527,2.4308
232,3.33411,0.952179,10,2.44,0.0671482,2.64994
233,3.63249,0.763522,10,1.7,0.0702865,2.6882
234,2.93238,0.756891,8,1.69333,0.065175,2.42536
235,3.01328,0.733325,9,1.56,0.0667962,2.36465
236,3.12823,0.864289,8,2.10667,0.0663961,2.33219
237,3.62049,0.891945,10,2.12,0.0668151,2.43933
238,2.88787,0.797717,10,1.97333,0.06497,2.40612
239,3.00955,0.893765,10,2.25333,0.0679924,2.48805
240,3.28082,0.803761,10,1.76,0.0677413,2.54137
241,3.26069,0.750774,10,1.94,0.0680469,2.686
242,3.39241,0.803583,10,2,0.0679872,3.14943
243,3.58434,0.767299,10,1.73333,0.0693315,3.32561
244,3.55455,0.781454,10,1.68,0.0646216,2.85863
245,3.26093,0.771879,10,1.67333,0.0663747,2.6817
246,3.62194,0.797773,10,2.00667,0.0637958,2.14569
247,2.78991,0.66637,8,1.53333,0.0655449,2.30302
248,2.67627,0.635443,9,1.39333,0.0652296,2.18424
249,2.46124,0.645833,8,1.43333,0.0665792,2.39238
250,2.48141,0.672531,9,1.52,0.0678809,2.04933
251,3.21683,0.65965,10,1.53333,0.0721258,2.47106
252,3.02727,0.82833,8,1.98667,0.0702555,2.30564
253,3.43023,0.93075,9,2.23333,0.0693773,2.43977
254,2.94564,0.76275,9,1.82667,0.065881,2.69312
255,2.73916,0.712902,8,1.61333,0.064832,2.85164
256,2.54724,0.715349,9,1.78667,0.0679639,2.59279
257,3.06416,0.934633,10,2.4,0.0641112,2.23213
258,3.08602,0.818507,10,2.09333,0.0661371,2.41003
259,2.64716,0.730703,8,1.76667,0.0649618,2.64551
260,2.78865,0.797999,9,2.11333,0.0694199,2.55009
261,2.90937,0.618199,9,1.64667,0.068963,2.70566
262,2.679,0.691675,8,1.6,0.0667735,2.45012
263,2.84607,0.883058,9,2.74,0.0632852,2.32902
264,3.46638,0.816635,9,2.16,0.0700982,2.7329
265,3.40938,0.971499,10,2.74667,0.0645474,2.16285
266,3.44835,0.815938,9,2.29333,0.0691139,2.69655
267,3.11753,0.94821,10,2.49333,0.0666463,2.42362
268,3.42277,0.738452,9,1.9,0.06586,2.34438
269,3.46011,0.908961,9,2.48667,0.0665521,2.54076
270,3.12541,0.895899,9,2.24667,0.0669322,2.41421
271,3.23361,0.820801,10,2.15333,0.0712167,2.54057
272,3.39243,0.765912,10,2.25333,0.0673605,2.471
273,2.91256,0.804116,8,1.94667,0.0659232,2.57576
274,3.08149,0.826244,10,2.20667,0.0639899,2.47966
275,2.97131,0.735367,10,1.71333,0.0672082,2.4167
276,3.23304,0.918125,9,2.22,0.0666155,2.36031
277,3.57414,0.983042,10,2.51333,0.0703422,2.71352
278,3.33298,1.05461,9,2.77333,0.0669645,2.41157
279,3.45109,0.864407,10,2.32667,0.0679282,2.69821
280,3.01294,0.742153,10,1.86667,0.0645062,2.39275
281,2.95045,0.812259,10,2.19333,0.067256,2.35821
282,3.05819,0.860852,8,2.24667,0.0660999,2.27549
283,3.3155,0.868303,10,2.38,0.0667223,2.60199
284,2.65368,0.902947,9,2.75333,0.0716098,2.96291
285,3.63294,0.964239,10,2.70667,0.0677294,2.74211
286,3.08343,1.0314,9,2.70667,0.0825151,2.96709
287,3.46719,1.02592,10,2.66,0.112078,2.82729
288,3.38468,1.03573,10,3.12,0.0690577,2.99906
289,3.28544,0.896904,9,2.43333,0.0656129,2.57411
290,3.11669,0.912143,10,2.58667,0.0686373,2.9738
291,3.13425,0.993633,9,2.51333,0.0642192,2.89239
292,3.45787,0.902018,10,2.62,0.0689746,3.0074
293,3.51979,1.12778,9,2.86,0.0683616,2.66174
294,3.37674,1.12502,9,3.4,0.0645935,2.74385
295,2.76731,0.915542,9,2.74,0.0693143,2.99797
296,3.44649,0.887562,10,2.52,0.0697074,3.07421
297,3.33695,0.921538,10,2.23333,0.0651363,2.6831
298,3.47617,1.08814,9,2.87333,0.0667394,2.78612
299,3.35156,1.05195,9,3,0.0670404,2.87822
300,3.45969,1.08523,10,3.02,0.0708967,3.06371
301,3.13194,1.07947,9,3.1,0.0657534,2.79388
302,3.47288,0.95782,10,3.02667,0.0704507,3.06012
303,3.4452,1.0838,10,3.14,0.0692999,3.0261
304,3.49712,1.07198,9,2.86667,0.0688338,2.69513
305,3.52747,1.2074,10,3.46667,0.0685928,2.72944
306,3.49273,0.902155,10,2.26667,0.0697903,3.05272
307,3.86644,1.04182,10,2.74,0.0641151,2.64318
308,3.5916,1.18701,10,3.26,0.0677194,2.66958
309,3.5163,1.15198,10,3.29333,0.0678784,2.67146
310,3.13383,1.06612,9,2.88,0.0657711,2.5735
311,3.38294,1.05633,10,3.10667,0.0685969,2.83461
312,3.36711,1.07794,9,2.92667,0.0717455,2.91089
313,2.43717,0.771766,9,1.86,0.0660107,3.13164
314,3.40941,0.950318,10,2.73333,0.0672363,3.22016
315,2.58997,0.691035,7,1.6,0.068707,3.01662
316,2.65259,0.922492,8,2.47333,0.0672131,2.99147
317,3.74414,1.02207,10,3.04,0.0696319,3.17381
318,3.18828,1.1893,9,3.43333,0.0720329,2.7338
319,3.487,1.13062,9,3.18,0.073272,2.89982
320,3.07984,1.07487,8,2.78,0.0677349,2.93627
321,3.1097,1.12472,9,3.11333,0.0691083,2.9433
322,3.38028,1.21209,9,3.33333,0.0673346,2.76913
323,3.06154,1.09489,9,2.54667,0.0679498,2.91171
324,2.8103,1.04653,9,2.81333,0.067783,2.85196
325,3.74336,1.42695,10,4.20667,0.0681503,2.86537
326,3.69217,1.22518,10,3.88,0.0725326,2.84573
327,3.41832,0.987202,9,2.62,0.0648101,2.67877
328,3.47462,1.26546,9,3.78667,0.067945,2.60992
329,3.35614,1.12635,10,3.44,0.0681483,2.75048
330,3.8036,1.23732,10,3.65333,0.0675196,2.59938
331,3.68022,1.15064,10,3.32,0.0684578,2.84079
332,3.54271,0.965562,10,2.58667,0.0639674,2.70856
333,3.3164,0.921708,9,2.58,0.0659149,2.98116
334,3.04197,0.882384,10,2.44,0.0672922,2.87171
335,2.82611,0.954091,9,2.63333,0.0659448,2.89323
336,3.7864,1.02917,10,3.06,0.0669763,3.01551
337,3.36894,0.992229,10,2.95333,0.068667,2.91438
338,3.45686,1.20227,9,3.20667,0.0637983,2.50712
339,3.15062,1.07847,10,2.98667,0.0664271,2.77015
340,3.41778,1.14733,9,3.2,0.0684188,2.90269
341,2.78539,0.953815,8,2.72667,0.0650393,3.1996
342,3.10315,0.914902,9,2.56667,0.0650816,2.84486
343,3.06594,1.02945,10,2.88,0.0703858,2.59239
344,3.43015,1.18865,10,3.17333,0.0683044,2.67876
345,2.60466,0.855192,9,2.60667,0.0647606,2.94297
346,2.81916,0.875768,9,2.32,0.0651492,2.76369
347,3.36844,1.08427,9,3.08667,0.0701379,2.65408
348,3.65817,1.11097,10,3.21333,0.0682319,2.45361
349,3.45946,1.11576,10,3.49333,0.0673287,2.85026
350,3.42771,1.15004,10,3.59333,0.0693972,2.98226
351,3.44104,1.10739,10,3.3,0.0701528,2.58832
352,3.42494,1.14911,10,3.39333,0.0670728,2.61419
353,3.08439,1.06924,8,2.88,0.0686307,2.97613
354,3.42631,1.19661,9,3.54,0.0689233,2.96038
355,3.44429,1.18404,9,3.10667,0.0658935,2.76172
356,3.69116,1.39006,10,3.72,0.0714997,2.62325
357,2.4482,0.820691,8,1.91333,0.0659673,2.77958
358,3.55878,1.07495,9,2.72,0.0669741,2.45215
359,3.09532,1.02493,8,2.86,0.0628985,2.54184
360,3.32667,1.03467,9,3.26667,0.0674933,2.82751
361,3.06758,1.00857,8,2.86,0.066795,2.691
362,3.4149,1.35379,10,3.89333,0.0695488,2.4611
363,3.53423,1.10387,9,3.30667,0.0699763,2.70275
364,3.52425,1.29531,9,3.54,0.0676489,2.53789
365,3.57671,1.216,9,3.38,0.0685919,2.40631
366,3.55906,1.42683,10,4.16667,0.0695822,2.72724
367,3.78787,1.53065,10,4.24667,0.0690052,2.56953
368,2.66368,0.752153,7,1.96,0.0664994,3.28768
369,3.47452,1.14639,9,3.28667,0.0686317,2.84551
370,3.45472,1.33795,10,4.38,0.0677923,2.68136
371,3.73839,1.54196,10,4.54667,0.0691425,2.26131
372,3.89872,1.42746,10,4.35333,0.0666078,2.41135
373,3.48777,1.22827,9,3.9,0.0679725,2.3175
374,3.35238,1.18675,9,3.42,0.0660621,2.19546
375,3.46598,1.07052,10,3.06667,0.0703662,2.87192
376,3.86205,1.32059,10,4.04,0.0694196,2.32883
377,3.70037,1.15422,10,3.66667,0.0708717,2.71591
378,3.36877,1.18458,10,3.45333,0.0702754,2.76573
379,3.72567,1.38346,10,4.08,0.0652242,2.4717
380,3.45364,1.24712,10,3.80667,0.0826219,2.70425
381,3.56048,1.36732,9,3.86,0.0694046,2.57143
382,3.75765,1.36965,10,3.99333,0.0689632,2.28037
383,3.85394,1.14253,10,3.70667,0.0744179,2.4569
384,3.74983,1.10211,10,3.28,0.0714241,2.82233
385,3.23192,1.06832,10,3.09333,0.0676996,2.57663
386,3.08116,0.94152,9,2.80667,0.0686877,2.85433
387,3.76236,1.15548,10,3.21333,0.0659154,2.49125
388,3.45667,1.1152,9,3,0.0661427,2.37775
389,3.75455,1.58017,10,4.75333,0.069982,2.28735
390,3.78672,1.31199,10,3.82667,0.0676873,2.52368
391,3.2129,1.26073,9,3.64,0.0666576,2.69713
392,3.62984,1.23207,10,3.80667,0.0634729,2.65798
393,3.52743,1.20679,10,3.38667,0.0711088,2.68645
394,3.6867,1.42049,10,3.97333,0.0693108,2.78921
395,3.63739,1.30854,10,3.66,0.0651046,2.4783
396,3.15886,1.14734,9,3.44667,0.0640553,2.79597
397,3.43341,1.11581,9,3.03333,0.0645508,2.57546
398,3.40689,1.15964,10,3.49333,0.0668146,2.71032
399,3.68711,1.16867,10,3.55333,0.0704263,2.69039
400,3.05025,1.03892,8,3.02667,0.0668929,3.0027
401,3.64022,1.15417,10,3.32,0.0717571,2.90696
402,3.69131,1.05555,10,3.00667,0.0641052,2.35049
403,3.29915,0.934627,9,2.44,0.0642003,2.64568
404,3.39844,1.0451,10,3.10667,0.0688603,2.65438
405,3.22282,1.14167,9,3.12667,0.0662365,2.59561
406,3.46437,1.28743,9,3.84667,0.0692648,2.73445
407,3.31433,1.02395,10,2.81333,0.0665213,2.81112
408,3.7492,1.27069,10,3.59333,0.0695428,2.46535
409,3.08191,1.11354,8,2.91333,0.0650416,2.50648
410,3.42079,1.29823,9,3.56667,0.0669531,2.19583
411,3.40338,1.14133,9,3.18,0.0670841,2.55954
412,3.29952,0.995401,10,2.58,0.0649087,2.69133
413,3.69142,1.27991,10,3.62667,0.0688815,2.4277
414,3.40705,1.21702,10,3.60667,0.067705,2.2941
415,3.70566,1.34314,10,3.56667,0.064024,2.22969
416,3.75482,1.43395,10,3.97333,0.0698528,2.30279
417,3.66394,1.16445,10,3.7,0.0700521,2.35321
418,3.69243,1.36867,10,3.88667,0.0664876,2.55773
419,3.77561,1.13636,10,3.28667,0.0694236,2.33636
420,3.49815,1.19396,9,3.22,0.0656215,2.17067
421,3.78179,1.22324,10,3.42,0.0683052,2.42868
422,3.34105,1.10237,10,2.8,0.0626184,2.55086
423,3.36561,0.824988,9,1.98,0.060225,2.57305
424,3.88097,1.29287,10,3.43333,0.0701603,2.47717
425,3.77338,1.30458,10,3.6,0.0662362,2.31296
426,3.08658,1.04005,9,2.66,0.0656345,2.70348
427,3.41972,1.24153,10,3.46667,0.067116,2.47521
428,3.26657,1.04234,10,2.96667,0.0694788,2.70568
429,3.45791,1.36946,10,3.71333,0.0681778,2.39655
430,3.69479,1.23041,10,3.64,0.0697694,2.76468
431,3.40863,1.16041,9,3.41333,0.0660119,2.59943
432,3.78598,1.35069,10,3.59333,0.0670973,2.028
433,3.75677,1.4026,10,3.72,0.0652672,1.88522
434,3.80348,1.43918,10,4.11333,0.066465,2.21064
435,3.40302,1.24652,10,3.68,0.0674888,2.46931
436,3.12195,1.04416,10,2.98667,0.0646553,2.40609
437,3.45259,1.16597,10,3.44,0.0708099,2.42391
438,3.66246,1.10896,10,3.55333,0.0636722,2.26941
439,3.33519,1.1267,9,3.35333,0.0664858,2.67063
440,3.72045,1.28712,10,3.82,0.0737028,2.39616
441,3.37177,1.06622,10,3.43333,0.0669455,2.34193
442,3.41946,1.07262,9,3.06667,0.0676508,2.43595
443,3.53567,1.33323,9,3.88667,0.0693505,2.23914
444,3.39073,1.26519,9,3.59333,0.0675994,2.50854
445,3.70965,1.21316,10,3.51333,0.0646977,2.1327
446,3.68103,1.40281,10,3.88667,0.0682976,2.36524
447,3.51316,1.29977,9,3.57333,0.06964,2.18758
448,3.4816,1.16155,10,3.50667,0.0670627,2.23551
449,3.08953,1.12724,10,3.28,0.0669574,2.78011
450,3.37111,1.17958,10,3.46,0.068136,2.54254
451,3.0904,1.18845,9,3.53333,0.0682129,2.65967
452,3.749,1.24237,10,3.52667,0.0708528,2.20399
453,3.40593,1.22996,10,3.75333,0.0676549,2.30282
454,3.43979,1.12921,10,3.44667,0.0681692,2.43725
455,3.80304,1.39681,10,4.06,0.0675518,1.86402
456,3.48904,1.1745,10,3.21333,0.065411,2.15004
457,3.78979,1.39643,10,3.90667,0.067932,2.09899
458,3.75104,1.33181,10,3.86667,0.06717,2.17807
459,3.41054,1.16793,9,3.36,0.0646339,2.40844
460,3.70891,1.25789,10,3.47333,0.0653522,2.54046
461,3.05474,0.994328,8,2.74,0.0676676,2.78053
462,3.74837,1.30424,10,3.57333,0.0696006,2.31488
463,3.47909,1.18473,9,3.37333,0.0661023,2.19358
464,3.5023,1.14659,9,3.28667,0.0670523,2.40939
465,3.77273,1.53885,10,4.70667,0.0709325,2.34871
466,3.49532,1.28919,10,4.12667,0.0685256,2.56202
467,3.87863,1.49706,10,4.70667,0.0696782,2.2325
468,3.7462,1.38045,10,4.48667,0.063787,2.66605
469,3.74605,1.5284,10,4.93333,0.0782299,2.81383
470,3.51439,1.42745,10,4.65333,0.0712517,2.65209
471,3.3848,1.40853,9,4.12667,0.0682498,2.42828
472,3.48379,1.30223,10,4.22667,0.0689328,2.9033
473,3.39057,1.26875,10,3.96667,0.0670674,2.40192
474,3.40558,1.28172,10,3.93333,0.0656998,2.44019
475,3.798,1.40502,10,4.40667,0.0662739,2.41513
476,3.38844,1.34255,10,4.00667,0.0678547,2.61994
477,3.46049,1.28003,10,3.58,0.065992,2.52959
478,3.12029,1.14691,9,3.42667,0.0690951,2.62378
479,3.80508,1.51979,10,4.52,0.0671051,2.19339
480,3.66209,1.45036,10,4.21333,0.0684942,2.32056
481,3.52702,1.22806,9,3.85333,0.070431,2.72568
482,3.75092,1.23731,10,3.88667,0.0649757,2.29712
483,3.09105,1.15817,8,3.63333,0.0676124,2.48199
484,3.85592,1.43367,10,4.63333,0.0701215,2.38308
485,3.07666,1.13751,9,3.28,0.0662373,2.53972
486,3.69101,1.23889,10,3.8,0.0701286,2.45789
487,3.73053,1.38705,10,4.12,0.066549,2.18906
488,3.47498,1.1597,10,3.61333,0.0687144,2.62411
489,3.17012,1.22197,10,3.68,0.0637626,2.4428
490,3.79863,1.3731,10,3.88667,0.0714308,2.54147
491,3.80248,1.62763,10,4.56667,0.0722302,2.32358
492,3.17632,1.22307,10,3.4,0.0671925,2.03273
493,3.41361,1.27133,9,3.73333,0.0689909,2.38649
494,3.01033,1.09271,8,2.74,0.0655827,2.18319
495,2.76857,1.00587,7,2.88667,0.0652025,2.49
496,3.75137,1.57081,10,4.90667,0.066464,2.33888
497,3.90229,1.64103,10,4.86,0.0698013,2.16691
498,3.64607,1.37239,10,4.10667,0.0682372,2.39663
499,3.51131,1.51764,10,4.42667,0.0657284,2.11113
500,3.40724,1.27282,9,3.90667,0.0689147,2.3133
501,3.38462,1.28839,9,3.82667,0.069608,2.33644
502,3.87151,1.36557,10,4.22,0.070848,2.35002
503,3.05941,1.06033,9,3.23333,0.0634154,2.31524
504,3.33201,1.0341,10,2.9,0.0666324,2.54875
505,3.53409,1.19559,10,3.64,0.0680576,2.26201
506,3.30905,1.19912,9,3.73333,0.0707979,2.49527
507,3.62564,1.07059,10,3,0.064559,2.4181
508,3.49958,1.31955,9,4.05333,0.0701194,2.7151
509,3.81785,1.62449,10,4.48667,0.067626,2.09894
510,3.43454,1.3955,10,4.42,0.0685277,2.60931
511,3.82009,1.27322,10,3.80667,0.0684338,2.7648
512,3.73922,1.31757,10,4.04667,0.0710556,2.45276
513,3.64228,1.33251,10,4.04667,0.0669529,2.36924
514,3.42948,1.30609,9,3.78667,0.0683536,2.424
515,3.7183,1.4445,10,4.26667,0.070296,2.55444
516,3.35863,1.20558,10,3.54,0.0650134,2.60698
517,3.8153,1.24501,10,3.48,0.0689674,2.51066
518,3.41024,1.18362,9,3.44,0.0686277,2.72108
519,3.28277,1.28703,9,3.72,0.0692651,2.67249
520,3.63324,1.46846,10,4.28667,0.065254,2.53054
521,3.29953,1.15772,9,3.32667,0.0665077,2.60033
522,3.62988,1.37304,10,4.12667,0.0681115,2.60099
523,3.1327,1.1313,9,3.2,0.0679208,2.60199
524,3.40594,1.20087,10,3.62,0.0693682,2.43687
525,3.7857,1.32685,10,4.06,0.0693287,2.42639
526,3.3557,1.32994,10,3.86667,0.0667646,2.21095
527,3.67215,1.17974,10,3.38667,0.0647201,2.36046
528,3.36677,1.21768,9,3.48,0.0699654,2.60223
529,3.65031,1.30307,10,4.04,0.069258,2.64581
530,3.41641,1.17624,10,3.85333,0.0671168,2.68916
531,3.43782,1.39562,10,4.53333,0.0696667,2.3982
532,3.45192,1.29438,10,3.60667,0.0723074,2.38957
533,3.36888,0.946505,9,2.81333,0.0677211,2.69119
534,3.58391,1.01847,10,3.00667,0.0711121,2.25625
535,2.99667,0.996684,9,2.92667,0.0680653,2.63635
536,3.41479,1.10083,9,3.40667,0.0653129,2.26671
537,3.45443,1.29532,10,3.76,0.0672388,2.57929
538,3.17871,1.05953,9,3.26667,0.0677274,2.47329
539,3.75147,1.12201,10,3.24,0.0651187,2.19533
540,3.01248,0.769613,8,2.2,0.0663924,2.65276
541,3.35714,1.22367,10,3.80667,0.0698082,2.70749
542,3.06245,0.984495,9,3.28667,0.0675075,2.71821
543,3.47181,1.15875,10,3.4,0.0647297,2.30296
544,3.44275,1.07636,10,3.72667,0.0713904,2.58006
545,3.5442,1.26374,10,3.93333,0.0681625,2.51287
546,3.43999,1.17275,10,3.94667,0.0681446,2.37913
547,3.39152,1.25237,10,3.69333,0.0653717,2.24777
548,3.15826,0.970121,10,2.89333,0.0693408,2.87056
549,3.71963,1.42143,10,4.16,0.0650491,2.45608
550,3.42683,1.22963,9,3.47333,0.0687609,2.66228
551,3.38865,1.202,9,3.48667,0.0687489,2.69452
552,3.13652,1.21958,10,3.73333,0.0679377,2.70769
553,3.37591,0.962832,9,3.12,0.069594,2.78867
554,3.74763,1.29393,10,3.93333,0.0693162,2.71069
555,3.25978,0.875151,9,2.59333,0.0676647,3.0467
556,3.54639,1.50041,10,4.29333,0.0680837,2.52484
557,3.40677,1.32871,10,4,0.066918,2.63959
558,3.43491,1.06205,9,3.11333,0.0629112,2.33526
559,3.06404,0.972312,9,2.57333,0.0706811,2.98568
560,3.32586,1.35789,10,3.95333,0.069368,2.74926
561,3.43841,1.29201,10,3.66,0.0634316,2.45263
562,3.06687,1.06905,10,2.82,0.0668791,2.94115
563,3.00171,1.05072,9,3.08667,0.0656939,2.64456
564,3.38176,1.17556,9,3.54,0.0655351,2.56729
565,3.4398,1.28293,10,3.7,0.0688346,2.55751
566,3.09882,1.14771,10,3.42667,0.0678105,2.95913
567,3.50613,1.3536,10,4.19333,0.0683892,2.63029
568,2.69745,1.03282,8,2.95333,0.0655536,2.72458
569,3.03945,1.11702,8,3.18,0.0668579,2.97339
570,3.29311,1.25117,10,3.76,0.0678746,2.75182
571,3.12457,1.22739,9,3.64,0.0692502,2.82753
572,3.37426,1.26645,10,3.52,0.0677365,2.72275
573,2.92728,1.02741,9,2.98,0.0620021,2.69777
574,3.79509,1.15586,10,3.77333,0.0715003,2.89129
575,3.09475,1.03618,9,3.28667,0.0675896,2.53203
576,3.32888,1.09885,9,3.46,0.0670868,2.96819
577,3.06444,0.922256,9,2.76,0.0657378,2.79331
578,3.49808,1.15023,10,3.39333,0.0694154,2.96269
579,2.78703,1.01761,9,3.01333,0.0644022,2.68056
580,3.64959,1.02372,10,3.26,0.0667951,2.95421
581,3.50158,1.12627,9,3.36,0.067491,3.06792
582,3.7399,1.02583,10,2.96667,0.0690369,2.51929
583,3.48068,1.11613,10,3.36667,0.0680927,2.55816
584,3.37285,1.14525,10,3.59333,0.067319,2.77791
585,3.08148,0.828402,8,2.4,0.0678711,2.99116
586,3.15065,1.21054,10,3.73333,0.0655365,2.57429
587,3.65933,1.13507,10,3.19333,0.0678023,2.89564
588,3.03203,0.881185,9,2.46667,0.0660337,2.37044
589,3.35671,0.83769,9,2.32,0.0656103,2.72862
590,3.704,1.10227,10,3.08,0.0731881,2.79624
591,3.80173,1.20499,10,3.64667,0.0675397,2.56459
592,3.72066,1.24678,10,3.71333,0.065959,2.60684
593,3.67975,1.09709,10,2.88,0.0620666,2.69638
594,3.28801,1.1435,10,3.35333,0.0675603,2.96135
595,3.35172,1.02239,9,2.89333,0.0687974,2.80231
596,3.02805,0.886718,9,2.42,0.0658687,2.87575
597,3.7611,1.30282,10,3.57333,0.0674532,2.37568
598,3.44289,1.05557,10,3.06667,0.0658981,2.86598
599,3.69696,1.15633,10,3.13333,0.0694237,2.8742
600,3.64105,1.18173,10,3.56667,0.0709428,2.69192
601,2.70421,0.941114,10,3.08,0.0667722,2.79824
602,3.32756,1.25838,9,3.32667,0.0663528,2.58888
603,3.78212,1.40923,10,4.01333,0.0686756,2.45654
604,3.13608,1.16926,10,3.16,0.0693052,2.46154
605,3.68794,1.19497,10,3.62667,0.0708853,2.54877
606,3.76811,1.27349,10,3.79333,0.0676726,2.60377
607,3.25785,1.28682,10,3.78,0.0718935,2.67272
608,3.62545,1.04841,10,3.30667,0.0649661,2.60864
609,3.33474,1.20927,10,3.51333,0.0727824,2.61651
610,3.71327,1.20435,10,3.73333,0.0653574,2.4482
611,3.35631,1.12536,10,3.22,0.0709098,2.65988
612,3.41009,1.15391,10,3.3,0.0686701,2.66434
613,3.82112,1.37761,10,4.04,0.0672817,2.40252
614,3.4563,1.21407,10,3.61333,0.0680011,2.62803
615,3.38961,1.24189,9,3.31333,0.0636488,2.76269
616,3.17046,1.21913,10,3.79333,0.0660401,2.87758
617,3.53259,1.2335,10,3.66,0.0716253,2.43469
618,3.75705,1.44784,10,4.5,0.0676264,2.58995
619,3.73933,1.36414,10,4.02,0.0694138,2.6209
620,3.33645,1.02307,9,2.98,0.0689336,2.77153
621,3.51211,1.39531,10,4.08,0.0671624,2.47055
622,3.43188,1.11794,10,3.3,0.0678042,2.89028
623,3.83299,1.4386,10,4.48667,0.0656695,2.45096
624,3.69318,1.31126,10,3.77333,0.069435,2.49825
625,3.44163,1.15131,9,3.30667,0.0631518,2.60701
626,3.308,1.22582,10,3.52,0.0704541,2.5062
627,3.43145,1.24666,9,3.46667,0.0689275,2.65012
628,3.33758,1.21412,9,3.24,0.0677908,2.33458
629,3.71039,1.32351,10,3.75333,0.0655959,2.38146
630,3.31101,1.10903,9,2.98667,0.0668412,2.75976
631,3.61317,1.0857,10,3.11333,0.0702435,2.18677
632,3.31116,1.00572,9,2.80667,0.0676059,2.48168
633,3.72168,1.21175,10,3.34667,0.0664377,2.70446
634,3.31866,1.24954,10,3.33333,0.0691572,2.85085
635,3.66252,1.3009,10,3.54667,0.0696708,2.67461
636,3.12894,1.18442,10,3.32,0.063799,2.68475
637,3.62709,1.24353,10,3.72667,0.0651597,2.87686
638,3.5089,1.28354,10,4.4,0.0711124,2.9055
639,3.0413,1.05331,10,3.19333,0.0678731,2.99006
640,3.32648,1.10478,10,2.93333,0.0671905,2.48254
641,2.76398,0.840471,8,2.36,0.066741,3.20748
642,3.10804,1.16746,9,3.62667,0.0678008,2.74613
643,3.2938,1.1114,10,3.48,0.068184,3.00582
644,3.3434,1.05231,9,3.24667,0.0689801,2.93697
645,3.28911,0.856808,10,2.7,0.0668874,3.03238
646,3.35746,1.02908,9,2.97333,0.0665099,3.06591
647,3.3797,1.1818,10,3.87333,0.0706217,2.86096
648,3.07776,0.987067,10,3.14,0.06685,2.97791
649,3.28056,1.04856,9,3.19333,0.0690454,2.62286
650,3.41684,1.24703,10,3.96667,0.0689275,2.92115
651,3.62161,0.935219,10,2.73333,0.0677176,3.13952
652,3.0791,1.03141,10,3.16,0.0681935,3.05388
653,2.73478,0.952863,10,2.70667,0.067223,2.74534
654,2.9959,1.00144,10,2.92667,0.0680517,2.97589
655,3.4853,1.30241,10,3.73333,0.0672145,2.83293
656,3.05734,0.924512,9,2.54667,0.06831,3.18542
657,3.34081,1.10964,10,3.36667,0.0650895,2.6747
658,3.64959,1.16816,10,3.26667,0.0670606,2.69839
659,3.11854,0.979512,9,2.84,0.0674388,2.5172
660,3.32933,1.16753,10,3.42667,0.0639016,2.43893
661,3.50838,1.22536,10,4.11333,0.0714224,2.57576
662,3.76686,1.27221,10,3.78,0.0694909,2.75383
663,3.01029,0.970874,10,2.93333,0.0657684,2.92915
664,3.6584,1.02364,10,3.16667,0.0685677,2.78613
665,3.59334,0.963819,10,2.95333,0.0680172,2.42178
666,3.40855,1.10453,10,3.34667,0.0655527,2.65085
667,3.80317,1.27523,10,3.87333,0.0688895,2.41757
668,3.11311,1.29686,9,3.9,0.075598,2.51549
669,3.76127,1.32877,10,3.85333,0.0676844,2.06876
670,3.7401,1.39888,10,4.33333,0.0676005,2.62772
671,3.34065,1.19287,10,3.36,0.06519,2.88079
672,3.02363,1.01178,9,3.18,0.0656491,2.90469
673,3.40117,1.36925,9,4.22667,0.0693353,2.8106
674,3.56564,1.20515,10,3.57333,0.0626144,2.9092
675,3.43048,1.34832,10,3.65333,0.0652913,2.33835
676,3.46424,1.295,10,3.72667,0.0632706,2.48874
677,3.38509,1.32596,9,4.08667,0.0683287,2.91135
678,3.04287,1.11578,8,3.18,0.0688893,2.80949
679,3.70457,1.25268,10,3.96,0.0716219,2.90345
680,3.38101,1.3277,10,3.86667,0.071487,2.7989
681,3.39652,1.06802,10,3.38667,0.0669218,3.01145
682,3.38499,1.08387,10,3.26667,0.0673299,2.85927
683,3.33014,1.16711,10,3.60667,0.0699887,2.8627
684,3.29833,1.26525,10,4.12,0.073977,2.64149
685,3.67243,1.24551,10,3.87333,0.0693593,2.75672
686,3.38733,1.43993,9,4.16667,0.0689946,2.56241
687,3.68024,1.31688,10,4.09333,0.0697289,2.81576
688,3.68063,1.48136,10,4.40667,0.0703498,2.66837
689,3.42482,1.31871,10,4.3,0.0685996,2.92296
690,3.43595,1.29176,10,4.06667,0.0691312,2.93366
691,3.70618,1.29628,10,4.22667,0.0662112,2.71803
692,3.40626,1.41688,10,4.54667,0.0691826,3.03651
693,3.30508,1.22705,10,3.47333,0.06957,2.74485
694,3.35543,1.26057,10,3.98,0.0697756,2.75933
695,3.41313,1.29931,10,4.18,0.0670065,2.79765
696,3.63186,1.34912,10,4.34,0.0678883,2.60096
697,3.35499,1.25023,9,4.08667,0.0686631,3.10271
698,3.37433,1.24964,10,4.02667,0.0716857,2.7888
699,2.69053,0.890367,8,2.86667,0.0628647,3.15536
700,3.29383,1.23796,9,3.65333,0.0696109,3.05288
701,3.62817,1.14574,10,3.76667,0.0695217,3.13901
702,3.666,1.31607,10,4.28,0.0671248,2.46496
703,3.6441,1.27677,10,3.92,0.0682728,2.90118
704,3.27519,1.09885,10,3.44,0.0651848,2.70658
705,3.26585,1.13986,10,3.58,0.068035,2.69571
706,3.16576,1.30581,10,3.91333,0.0664366,2.60184
707,3.22564,1.14845,9,3.36,0.06078,2.51757
708,3.42765,1.16692,10,3.66,0.0713222,2.71295
709,3.47143,1.14989,10,3.62,0.0707261,2.78814
710,3.02453,1.06476,9,3.48667,0.0693913,2.85069
711,3.74184,1.17233,10,3.78,0.067765,2.85835
712,3.77061,1.22326,10,3.73333,0.0684209,2.49242
713,3.39127,1.14317,9,3.38,0.0645668,2.7383
714,3.59556,1.21582,10,3.80667,0.0664945,2.9987
715,3.37178,1.19662,9,3.57333,0.0693111,2.99767
716,3.62982,1.14227,10,3.64667,0.0691782,2.91856
717,3.63093,1.23302,10,3.63333,0.0679176,2.82228
718,3.46899,1.18015,10,3.55333,0.0680726,2.45986
719,3.68437,1.15966,10,3.44667,0.0719493,3.12091
720,3.33069,1.09566,9,3.08667,0.0691201,3.19216
721,3.44648,1.28415,10,3.66667,0.0659611,2.9447
722,3.10754,0.988796,8,2.73333,0.0653884,3.00072
723,3.69427,1.25611,10,3.56667,0.0663237,2.76156
724,3.46208,1.08434,10,3.33333,0.0674301,2.83181
725,2.75039,0.924073,8,2.75333,0.0661529,2.99797
726,3.72965,1.10829,10,3.35333,0.0656452,2.58258
727,2.9532,0.978418,9,3.1,0.0666555,2.72552
728,3.45402,1.26673,10,3.68,0.065595,2.29157
729,3.46507,1.22111,10,3.64,0.0705576,2.88908
730,3.31875,1.41113,10,4.15333,0.0646275,2.52497
731,3.18927,1.07792,9,3.14,0.0675536,2.86065
732,2.60557,1.04584,9,2.87333,0.0682738,2.95515
733,3.4156,1.07692,10,3.45333,0.0709961,2.69924
734,3.48871,1.29333,10,3.71333,0.06547,2.37633
735,3.03258,1.04502,9,3.05333,0.0640851,2.73224
736,3.03969,0.985081,9,2.81333,0.0658467,2.83635
737,3.05787,0.947944,10,3.02,0.0674699,2.57156
738,3.66763,1.10305,10,3.62,0.0681996,2.91573
739,3.65221,1.07407,10,3.34667,0.0686741,2.87124
740,3.45886,1.11655,10,3.22,0.0672481,2.64124
741,3.65026,0.926561,10,2.73333,0.0673324,2.57346
742,3.36927,1.08391,10,3.32667,0.0664111,2.70334
743,3.454,1.0498,10,2.96,0.0631216,2.70322
744,3.40384,1.08635,9,3.16,0.0665659,2.63044
745,3.75275,1.15332,10,3.66,0.0702338,2.72476
746,3.48296,1.11666,10,3.30667,0.0671352,2.33922
747,3.74386,1.02894,10,3.14,0.0688501,2.63372
748,3.15402,0.901517,9,2.84667,0.0682441,2.92119
749,2.94107,1.04914,9,2.95333,0.0668105,2.22741
750,3.34733,0.982505,10,3.14667,0.065692,2.4898
751,3.38378,1.03634,9,3.18,0.0680246,2.54082
752,3.64247,1.09837,10,3.62,0.0719466,2.60818
753,3.43448,1.26706,10,3.69333,0.0685746,2.67336
754,3.0458,0.833882,8,2.5,0.0662507,2.57424
755,3.07613,1.07204,9,3.19333,0.0720552,2.79115
756,3.13384,0.944588,9,2.76,0.0664785,2.76453
757,3.70121,0.944182,10,2.64,0.067041,2.61927
758,3.45427,1.02489,10,2.91333,0.0700376,2.52573
759,3.6726,1.02396,10,3.14667,0.0683693,2.60046
760,3.00802,1.11632,10,3.54,0.0690208,2.46639
761,3.48775,1.1489,10,3.52667,0.06713,2.57245
762,3.76211,1.27032,10,3.83333,0.068015,2.16576
763,3.08439,0.963396,10,2.81333,0.068059,2.20687
764,3.7398,1.07671,10,3.18,0.0713299,2.33175
765,3.12056,1.10703,10,3.19333,0.0648122,2.26232
766,3.68573,1.17764,10,3.32,0.0664414,2.6754
767,3.13092,1.17909,9,3.47333,0.0702279,2.62713
768,3.40907,1.30345,10,3.82667,0.067975,2.46575
769,3.63741,1.16928,10,3.24,0.0650629,2.55796
770,3.05344,1.15843,9,3.37333,0.0676629,2.37785
771,3.67181,1.17373,10,3.34667,0.0647179,2.1057
772,3.32719,1.23242,9,3.65333,0.0675666,2.51485
773,3.39662,1.05011,9,2.95333,0.0693304,2.53414
774,3.42947,1.08914,10,3.11333,0.0693561,2.54242
775,3.7245,1.1117,10,3.02667,0.065524,2.57933
776,3.36933,1.06049,10,2.74667,0.0694417,2.7509
777,3.86823,1.15864,10,3.18,0.0700455,2.13548
778,3.84388,1.33716,10,4.07333,0.0683166,2.07612
779,3.11745,1.02894,9,3.13333,0.0691211,2.55562
780,3.73412,1.12789,10,3.48,0.0700959,2.57878
781,3.81852,1.42096,10,4.12,0.0726752,2.38967
782,3.76821,1.23387,10,3.63333,0.0698647,2.64076
783,3.70647,1.32775,10,3.88,0.0652883,2.19819
784,3.67574,1.09995,10,3.39333,0.0644906,2.50282
785,3.79181,1.48427,10,4.5,0.0666509,2.19808
786,3.50631,1.27366,9,3.94,0.0680467,2.75367
787,3.48776,1.09437,9,3.06,0.0684746,2.41531
788,3.37655,1.12267,10,3.31333,0.0681317,2.12927
789,3.35239,1.17242,10,3.2,0.0663513,2.41647
790,3.65766,1.29497,10,3.89333,0.0713513,2.21413
791,3.42189,1.37603,10,4.22,0.0697222,2.21403
792,3.70428,1.41784,10,4.26,0.0710293,2.40457
793,3.71936,1.41767,10,4.16,0.0685851,2.60629
794,3.67765,1.17983,10,3.59333,0.0693143,2.52491
795,3.78108,1.30821,10,3.72667,0.0652192,2.41644
796,3.17343,1.02824,9,3.29333,0.0710889,2.74267
797,3.80541,1.19632,10,3.80667,0.0706612,2.89293
798,3.40195,1.02987,9,3.24667,0.0676032,2.58895
799,3.3994,1.24854,10,3.83333,0.067685,2.19093
800,3.4829,1.03408,10,3.28667,0.0665377,2.34675
801,3.83207,1.44098,10,4.32,0.0684731,2.09013
802,3.82384,1.42082,10,4,0.0677748,2.42439
803,3.43788,1.3301,10,4.06667,0.0711522,2.24245
804,2.36085,0.856561,7,2.58,0.0662518,2.79038
805,3.46692,1.12003,9,3.49333,0.0673862,2.7032
806,3.11304,1.09566,9,3.26667,0.0685299,2.52224
807,3.44825,1.07382,9,3.16667,0.0687636,2.39205
808,3.3551,1.11412,10,3.07333,0.069424,2.44744
809,3.7563,0.999275,10,2.83333,0.0679991,2.47134
810,3.45778,0.992551,10,2.98,0.0687871,2.54596
811,3.37524,1.19753,10,3.51333,0.0666229,2.27236
812,3.45785,1.03064,9,3.29333,0.0659066,2.6211
813,3.44607,1.01468,10,3.06,0.0674211,2.3893
814,3.47066,1.10139,10,3.28,0.0686731,2.58527
815,3.81415,1.3833,10,4.32667,0.0713761,2.38773
816,2.76055,0.940072,7,2.54667,0.0616385,2.56212
817,3.65307,1.16792,10,3.49333,0.0702088,2.83489
818,3.28718,1.00917,9,2.79333,0.0663431,2.42326
819,3.00856,0.97251,9,2.82667,0.0665193,2.34168
820,2.75587,0.917239,8,2.42667,0.0664409,2.45024
821,3.7346,1.203,10,3.73333,0.0704659,2.192
822,3.38237,1.13505,9,3.11333,0.0671611,2.35568
823,3.03221,1.05093,10,3.06,0.0656422,2.48435
824,3.46382,1.07562,10,2.97333,0.0638221,1.98189
825,3.76474,1.33311,10,4.22,0.0685311,2.2745
826,3.07934,1.12161,9,3.40667,0.068072,2.35888
827,2.63639,1.06211,8,3.04667,0.0681952,2.57053
828,3.39693,1.20807,10,3.58,0.0672469,2.12065
829,3.01189,0.940119,8,2.41333,0.0651584,2.70585
830,3.38627,1.01678,9,2.78,0.0654287,2.46334
831,3.0493,1.20772,9,3.53333,0.0692159,2.59989
832,3.42723,1.07771,9,3.12,0.0656666,2.52997
833,3.04721,1.17204,9,3.46667,0.0689657,2.47607
834,3.17156,1.10796,9,3.70667,0.0695851,2.67526
835,3.72711,1.36347,10,3.86667,0.0664459,2.42505
836,3.45146,1.2237,10,3.58,0.0677975,2.51247
837,3.2944,1.33283,10,3.93333,0.0692509,2.57567
838,3.29391,1.10882,9,2.92,0.0660695,2.53603
839,3.41131,1.14587,10,3.33333,0.0679444,2.42534
840,3.42794,1.24344,9,4.02,0.0666811,2.58558
841,3.69076,1.24577,10,3.41333,0.0693318,2.34044
842,3.12373,0.937774,8,2.62667,0.0645693,2.84017
843,3.35011,1.21171,10,3.29333,0.0700744,2.27745
844,3.76675,1.40918,10,4.22667,0.0705274,2.23969
845,3.66563,1.22883,10,3.65333,0.0668098,2.65709
846,3.35519,1.27367,10,3.79333,0.0686786,2.4964
847,3.48574,1.36203,10,4.03333,0.067395,2.58733
848,3.68518,1.31064,10,4.04667,0.0692715,3.0168
849,3.36729,1.42656,9,4.11333,0.0706193,2.74453
850,3.3498,1.27934,9,3.76667,0.068479,3.1009
851,3.40434,1.43161,10,4.07333,0.0694408,2.6225
852,3.75813,1.30166,10,3.9,0.068782,2.32205
853,3.37087,1.3467,10,3.76,0.069551,2.67686
854,3.69266,1.42706,10,4.22667,0.0644443,2.56102
855,3.36975,1.3377,9,3.90667,0.0659653,2.8679
856,3.40749,1.12807,9,3.21333,0.0665841,2.91383
857,3.29923,1.17733,10,3.18667,0.0701697,2.79353
858,3.04307,1.08679,9,2.96,0.0666279,2.45117
859,3.47956,1.31177,10,3.99333,0.0673149,2.51972
860,3.40589,1.21807,10,3.67333,0.0704702,2.7779
861,3.38102,1.14371,10,3.65333,0.0672736,2.89569
862,3.76571,1.2266,10,3.64667,0.0703644,2.70624
863,3.75334,1.19278,10,3.42667,0.0683822,2.53188
864,3.38218,1.1807,10,3.73333,0.0651856,2.50901
865,3.41542,1.01431,10,3.16667,0.064388,2.75433
866,3.67073,1.24477,10,3.75333,0.0678229,2.53279
867,3.35974,1.25305,9,3.63333,0.0680229,2.93421
868,3.43608,1.14173,10,3.68,0.0664768,2.87262
869,3.65002,1.47339,10,4.62667,0.0731419,2.8284
870,3.12553,1.17036,9,3.48667,0.0675597,2.67167
871,3.79892,1.3866,10,3.99333,0.0690028,2.61422
872,3.32086,1.12673,9,3.21333,0.0665391,3.19384
873,3.73274,1.32278,10,4.16,0.0674951,2.66209
874,3.79427,1.40894,10,4.67333,0.0728581,2.88795
875,3.78227,1.48445,10,4.34,0.0667503,2.71348
876,3.82694,1.20051,10,3.72667,0.0704934,2.80428
877,3.04708,1.1523,9,3.30667,0.0690488,3.05742
878,3.78314,1.3527,10,4.16667,0.0680983,2.64977
879,3.83047,1.31533,10,4.02667,0.070739,2.91601
880,3.67562,1.16313,10,3.9,0.0748257,2.87808
881,3.4154,1.3973,10,3.84667,0.0679341,2.61406
882,3.74511,1.25514,10,3.89333,0.065159,2.72517
883,3.81307,1.39455,10,4.02667,0.068101,2.84075
884,3.51975,1.21533,10,3.85333,0.0697637,2.91231
885,3.69415,1.08458,10,3.10667,0.0689002,2.83128
886,3.46122,1.12789,10,3.48667,0.0709177,2.65978
887,3.74577,1.29561,10,4.40667,0.0690707,2.73922
888,3.43389,1.26482,10,3.88,0.069802,2.57755
889,3.7122,1.39856,10,3.94,0.0692563,2.64145
890,3.7122,1.24543,10,4,0.0660018,2.71583
891,3.39432,1.37109,10,4.06,0.0690332,2.89949
892,3.71245,1.31157,10,4.28667,0.0671098,2.58718
893,3.38397,1.20453,9,3.66667,0.0715591,2.54835
894,3.73089,1.0695,10,3.22,0.0647315,2.37413
895,3.3918,1.25303,10,4.02667,0.0649939,2.62892
896,3.38468,1.22219,10,3.48667,0.0686739,2.69916
897,3.59418,1.11243,10,3.31333,0.063129,2.80398
898,3.13009,1.17111,9,3.66667,0.068564,2.90769
899,3.45174,1.1448,9,3.49333,0.0707132,2.82404
900,3.74061,1.15751,10,3.32667,0.0687402,2.72509
901,3.17226,1.22743,9,3.42,0.0658882,2.4182
902,3.63202,1.52115,10,4.36667,0.0641142,2.43179
903,3.66237,1.17302,10,3.36667,0.0669692,2.77586
904,3.45503,1.24458,10,3.56,0.0678219,2.43717
905,3.05263,0.919292,8,2.84667,0.0630552,2.65575
906,3.70743,1.22696,10,3.75333,0.0695165,2.76644
907,3.3846,1.09828,10,3.2,0.0668388,2.5974
908,3.39772,1.07478,9,3.12667,0.0677178,2.74132
909,3.83328,1.13302,10,3.45333,0.0678639,2.64709
910,3.74731,1.09922,10,3.33333,0.0681623,2.52274
911,3.39547,1.28996,10,3.86,0.0671052,2.55735
912,3.39883,1.14664,10,3.57333,0.0678339,2.93243
913,3.6905,1.25246,10,3.73333,0.0678914,2.49771
914,3.38251,1.11471,10,3.10667,0.0685145,2.87904
915,3.70179,1.3247,10,4.14,0.0734455,2.64328
916,3.67856,1.28319,10,3.79333,0.066717,2.68747
917,3.08819,0.989542,8,3.02667,0.0666242,3.06811
918,3.13379,0.923271,9,2.41333,0.0661194,2.77367
919,3.78809,1.44075,10,4.23333,0.0673064,2.58929
920,3.58364,1.46631,10,4.28,0.0668268,2.72519
921,3.74776,1.45271,10,4.00667,0.0677487,2.53872
922,3.75951,1.41012,10,4.32667,0.0686603,2.80227
923,3.64111,1.17994,10,3.30667,0.066546,2.68526
924,3.75864,1.41541,10,4.15333,0.0698958,2.81649
925,3.74012,1.35393,10,4.08667,0.0658624,2.75054
926,3.76264,1.35595,10,4.06,0.0713756,2.76806
927,3.5357,1.3545,10,4.06,0.0687438,2.68415
928,3.65571,1.26289,10,3.72667,0.0681278,2.87142
929,3.83044,1.4111,10,4.22,0.0713352,2.70735
930,3.39396,1.35524,10,3.94,0.0673754,3.00437
931,3.72224,1.33301,10,4.24,0.0690382,2.67576
932,3.4926,1.41574,10,4.46,0.0650257,2.58962
933,3.78158,1.50273,10,4.76,0.0662814,2.49571
934,3.81276,1.57037,10,4.79333,0.0670541,2.2004
935,3.30701,1.0365,10,3.42667,0.0660233,2.64465
936,3.69648,1.4043,10,4.49333,0.0653074,2.52651
937,3.36269,1.37933,9,4.26667,0.0639923,2.36118
938,3.7254,1.41962,10,4.33333,0.068952,2.48187
939,3.11223,1.12221,9,3.38,0.0690677,2.46775
940,3.47971,1.04987,9,3.05333,0.0666176,2.74235
941,3.75859,1.44028,10,4.26,0.0682371,2.77116
942,3.65643,1.21319,10,3.52,0.0697997,2.61266
943,3.73449,1.42936,10,4.06,0.0698993,2.55853
944,3.51963,1.39772,10,4.13333,0.0649124,2.31526
945,3.2794,1.2389,9,3.67333,0.0670781,2.91211
946,3.58068,1.46215,10,4.16,0.0655917,2.41653
947,3.45594,1.38758,10,4.04,0.0655225,2.3388
948,3.67661,1.42408,10,4.05333,0.0702883,2.5867
949,3.32089,1.23851,10,3.76667,0.068305,2.518
950,3.71693,1.13383,10,3.15333,0.0676036,2.49475
951,3.78296,1.43064,10,4.21333,0.0659549,2.12361
952,3.79976,1.29325,10,3.98667,0.0688752,2.44641
953,3.16108,1.30376,9,4.05333,0.0686158,2.52379
954,3.8143,1.18813,10,3.50667,0.0686196,2.55826
955,3.68212,1.18884,10,3.43333,0.0662898,2.4238
956,3.09917,1.06319,10,3.13333,0.0678333,2.64101
957,3.42747,1.33939,10,4.06667,0.0664565,2.44294
958,3.42648,1.24134,10,3.53333,0.0657767,2.40256
959,3.72752,1.3191,10,3.8,0.067815,2.38285
960,3.38013,1.1966,9,3.17333,0.0670295,2.45317
961,3.76673,1.46997,10,4.22667,0.0718441,2.39878
962,3.59549,1.43826,10,4.08667,0.0692336,2.26481
963,3.11036,1.03618,9,2.88,0.0633868,2.48001
964,3.44113,1.20648,9,3.58,0.0664745,2.56776
965,3.63994,1.21922,10,3.69333,0.0685148,2.7306
966,3.66851,1.27545,10,4.04667,0.0688066,2.76845
967,3.40837,1.23653,10,3.49333,0.0651586,2.53313
968,3.44128,1.21598,10,3.83333,0.0704536,2.58773
969,3.79816,1.34024,10,4.09333,0.0710608,2.35755
970,3.29276,1.04443,10,3.03333,0.067043,2.44484
971,3.7067,1.45315,10,4.13333,0.0720221,2.41997
972,3.73384,1.30908,10,3.99333,0.0694061,2.34723
973,3.71017,1.1455,10,3.34667,0.0649065,2.48257
974,3.3458,1.21771,9,3.24667,0.0696665,2.51156
975,3.72684,1.39394,10,3.99333,0.0686187,2.78118
976,3.40168,1.17747,9,3.75333,0.0658847,2.60303
977,3.61838,1.12595,10,3.5,0.0663309,2.75421
978,3.8245,1.54067,10,4.65333,0.0660585,2.51121
979,3.59077,1.24765,10,3.50667,0.0693962,2.64818
980,3.63757,1.1388,10,3.12,0.067274,2.66074
981,3.41607,1.14634,10,3.14667,0.0694461,2.83684
982,3.79037,1.35284,10,3.82,0.0728712,2.54485
983,3.68069,1.18322,10,3.39333,0.0680781,2.3554
984,3.79719,1.45816,10,4.26,0.069535,2.63774
985,3.8628,1.47752,10,4.20667,0.0680749,2.55384
986,3.80226,1.36702,10,3.78667,0.0669103,2.15836
987,3.08855,1.14508,8,3.4,0.0702349,2.84351
988,3.75332,1.45389,10,4.45333,0.068128,2.37872
989,2.39262,0.900166,7,2.38667,0.0646032,2.50607
990,3.2727,1.25008,9,3.34,0.071289,2.39284
991,3.62159,1.15635,10,3.32,0.0703081,2.20842
992,3.73378,1.41495,10,3.76667,0.0673186,2.43608
993,3.83278,1.42524,10,4.49333,0.0683272,2.15207
994,3.82775,1.30421,10,3.75333,0.0733911,2.73191
995,3.71247,1.43543,10,4.12,0.0674162,2.07993
996,3.52841,1.16568,10,3.39333,0.0663307,2.38205
997,3.71665,1.32676,10,3.68,0.0687444,2.32173
998,3.4481,1.00157,10,2.93333,0.0683356,2.28351
999,3.33727,1.09882,10,3.11333,0.0713724,2.60092
1000,3.42151,1.13401,9,3.52,0.0684709,2.50265
