1,1.23909,0.176354,5,0.186667,0.0701068,1.11919
2,1.05065,0.250628,4,0.246667,0.0672946,1.1162
3,0.60605,0.293384,5,0.226667,0.0676172,1.11165
4,0.830731,0.301849,6,0.346667,0.0660066,0.94788
5,0.897999,0.293859,3,0.0933333,0.0705636,1.013
6,1.65244,0.34121,5,0.113333,0.0728072,0.973236
7,0.860563,0.373146,4,0.22,0.0658949,0.889815
8,1.19172,0.340738,4,0.3,0.0654122,1.00672
9,1.1385,0.353703,4,0.173333,0.0673677,0.901929
10,0.894577,0.352986,2,0.0666667,0.0644319,0.722614
11,1.25401,0.361645,5,0.1,0.0678972,0.693026
12,1.01847,0.358577,5,0.0866667,0.07077,0.693169
13,0.890822,0.376436,3,0.12,0.0696031,0.750739
14,1.01749,0.387677,6,0.153333,0.0689006,0.625096
15,1.20225,0.361868,4,0.206667,0.0652158,0.677296
16,1.30631,0.383975,5,0.18,0.0646194,0.713539
17,1.01972,0.376155,4,0.18,0.0733521,0.887123
18,0.926897,0.377459,6,0.213333,0.070389,0.96166
19,2.32783,0.386926,7,0.186667,0.0662823,1.02991
20,1.70734,0.391126,5,0.22,0.0648404,1.03457
21,1.65926,0.376136,5,0.153333,0.0650491,1.07614
22,2.37377,0.405637,6,0.32,0.0696445,1.0926
23,1.70881,0.370839,6,0.24,0.0684642,1.21496
24,2.01443,0.406403,6,0.26,0.0651736,1.21687
25,2.6794,0.418717,7,0.36,0.0702023,1.23099
26,2.27668,0.419025,6,0.366667,0.0671619,1.28684
27,1.51158,0.360726,6,0.233333,0.068248,1.07984
28,1.4263,0.424851,6,0.206667,0.0707037,0.93397
29,1.85774,0.38703,6,0.173333,0.0696187,1.17795
30,1.37136,0.363219,3,0.106667,0.0642782,0.867286
31,1.42913,0.408219,6,0.18,0.066152,1.06116
32,1.61532,0.427848,7,0.226667,0.0682394,0.857356
33,0.703706,0.359767,5,0.146667,0.0663729,1.09891
34,2.22759,0.415823,7,0.22,0.0696279,0.851401
35,1.84575,0.408558,4,0.253333,0.0667109,0.914012
36,1.44293,0.429237,4,0.24,0.0673619,0.980182
37,1.52023,0.433993,3,0.273333,0.0707389,1.28273
38,1.45321,0.409017,6,0.313333,0.0679761,1.3739
39,1.7431,0.446567,8,0.413333,0.0679684,1.08911
40,2.3581,0.470384,8,0.566667,0.066255,1.30792
41,1.29802,0.403972,5,0.493333,0.0666107,1.42045
42,2.67692,0.446657,8,0.533333,0.0677637,1.41247
43,1.20998,0.41999,6,0.533333,0.0655921,1.4641
44,1.95853,0.413381,5,0.353333,0.0676905,1.04943
45,1.60564,0.434002,5,0.293333,0.0661454,1.31264
46,1.73388,0.413946,5,0.32,0.0657492,1.32836
47,2.17839,0.449481,6,0.36,0.0678239,1.19562
48,2.39075,0.457412,9,0.553333,0.0666269,1.28741
49,1.98246,0.463921,7,0.646667,0.0691271,1.32545
50,1.76388,0.467343,6,0.526667,0.0693497,1.42495
51,2.50127,0.45559,6,0.58,0.0656161,1.35311
52,1.9444,0.509505,6,0.733333,0.0685965,1.69106
53,1.77405,0.47108,7,0.646667,0.0691494,1.52765
54,2.94536,0.46755,9,0.686667,0.0664423,1.40174
55,2.14708,0.515292,6,0.62,0.0675501,1.45627
56,2.04286,0.44471,5,0.526667,0.0653075,1.56232
57,2.08675,0.419819,6,0.513333,0.0644189,1.57067
58,2.30096,0.418771,7,0.38,0.0683842,1.60493
59,2.44737,0.511368,7,0.653333,0.0706629,1.57624
60,3.16667,0.583193,8,0.786667,0.0641289,1.4805
61,2.69898,0.536258,8,0.826667,0.0665176,1.53685
62,2.41331,0.590593,8,1.02667,0.0706267,1.67664
63,2.12063,0.501553,7,0.786667,0.066093,1.43458
64,2.75909,0.484608,8,0.693333,0.0715831,1.66397
65,2.42502,0.565219,7,0.853333,0.0677198,1.57299
66,2.76948,0.596593,9,0.88,0.0690339,1.81844
67,2.45831,0.505486,9,0.786667,0.0698546,1.74473
68,3.13732,0.525716,9,0.706667,0.070246,1.40637
69,2.71961,0.518864,7,0.646667,0.0675107,1.49644
70,2.35262,0.457979,7,0.546667,0.0637711,1.39878
71,2.10962,0.474529,6,0.46,0.0671837,1.26758
72,2.47594,0.483866,9,0.58,0.0661888,1.2761
73,2.32858,0.483621,6,0.6,0.0636761,1.25225
74,2.4475,0.474243,7,0.526667,0.0664838,1.2948
75,2.65603,0.470125,7,0.5,0.0656719,1.23426
76,2.13982,0.46819,5,0.426667,0.0675021,1.31213
77,2.32898,0.480772,6,0.533333,0.068479,1.45912
78,3.24935,0.567596,9,0.946667,0.0683738,1.41969
79,2.76446,0.551225,7,0.753333,0.0639321,1.09376
80,2.70613,0.50642,8,0.66,0.0715783,1.10853
81,2.79779,0.546726,8,0.733333,0.0697388,1.35788
82,2.42348,0.478285,7,0.646667,0.0676777,1.50019
83,2.52459,0.484559,6,0.56,0.068608,1.2095
84,1.46184,0.428601,5,0.346667,0.0675482,1.07944
85,1.75604,0.463953,4,0.346667,0.060287,0.907621
86,2.67553,0.418297,7,0.34,0.065693,0.969678
87,1.88307,0.450111,5,0.346667,0.0667171,0.94605
88,1.3346,0.392481,5,0.2,0.0679319,0.895393
89,2.76434,0.458159,7,0.306667,0.068001,0.862273
90,2.06295,0.457048,5,0.42,0.0684123,1.19077
91,1.974,0.44384,5,0.286667,0.0676926,1.02155
92,2.21427,0.440764,5,0.293333,0.0668727,1.06002
93,2.31557,0.463341,7,0.426667,0.0684904,1.03968
94,1.71149,0.4641,5,0.34,0.0670079,1.04343
95,1.87056,0.498024,4,0.406667,0.0658959,1.18265
96,1.85006,0.491175,5,0.46,0.0677886,1.20578
97,2.05168,0.480615,6,0.513333,0.0675818,0.963118
98,1.72138,0.444746,4,0.353333,0.0673119,1.22566
99,1.82871,0.49684,4,0.426667,0.0669282,1.10005
100,1.63976,0.5011,6,0.606667,0.0708639,1.22413
101,1.69685,0.42351,4,0.306667,0.0656781,1.04487
102,1.25608,0.416993,5,0.24,0.0692601,1.09174
103,1.92707,0.446026,7,0.326667,0.0695474,1.10456
104,1.86234,0.481425,5,0.48,0.0654423,1.30661
105,1.176,0.418065,3,0.286667,0.0676811,1.13332
106,2.10375,0.491971,5,0.586667,0.0639871,0.98715
107,1.09711,0.378753,4,0.24,0.06534,0.866129
108,1.81288,0.432183,4,0.393333,0.0674478,1.06549
109,2.20554,0.463673,5,0.52,0.0674407,1.16226
110,1.45895,0.458494,3,0.366667,0.0694945,1.13538
111,1.5278,0.487642,5,0.446667,0.070066,1.23239
112,2.56089,0.507597,6,0.6,0.0678526,1.10359
113,2.2201,0.531532,7,0.68,0.0692836,1.12763
114,1.87262,0.429978,4,0.28,0.0691788,0.966747
115,1.86772,0.467211,5,0.473333,0.0668676,1.00047
116,1.83877,0.454801,6,0.48,0.0672209,1.049
117,2.41213,0.433242,6,0.34,0.0660748,1.10066
118,2.44491,0.468419,6,0.413333,0.0653173,1.18855
119,1.23742,0.443967,7,0.313333,0.0718525,1.10937
120,2.11895,0.42669,8,0.3,0.0683257,1.05293
121,2.25827,0.55797,8,0.686667,0.0665322,1.21949
122,1.65242,0.54381,6,0.586667,0.0675021,1.11271
123,2.46974,0.572531,7,0.68,0.0679213,1.02132
124,1.85478,0.537215,6,0.52,0.067229,0.985063
125,2.54802,0.514879,6,0.453333,0.0652987,0.883531
126,1.69963,0.430623,5,0.16,0.0674521,0.904475
127,1.90016,0.476506,4,0.286667,0.0680436,0.894595
128,1.67083,0.396845,4,0.153333,0.0677414,0.925769
129,1.4253,0.436331,5,0.313333,0.0676972,1.01484
130,1.56,0.53936,7,0.5,0.0674759,0.942328
131,1.36042,0.421476,6,0.186667,0.069485,1.24433
132,1.72033,0.555764,7,0.586667,0.0689276,1.33528
133,1.87207,0.489191,5,0.453333,0.066517,1.26559
134,1.69819,0.496772,6,0.413333,0.0648499,1.09181
135,2.86804,0.400145,7,0.2,0.0673047,1.16697
136,2.55183,0.649202,7,0.866667,0.0654623,1.11917
137,2.18121,0.519707,6,0.566667,0.0675143,1.20414
138,2.82282,0.480428,7,0.42,0.0683139,1.25818
139,1.1977,0.421979,4,0.26,0.0659064,1.06285
140,1.8726,0.499629,7,0.446667,0.0681241,0.975211
141,2.25069,0.529861,9,0.753333,0.0660808,1.17935
142,1.83497,0.479438,6,0.506667,0.0649932,1.22197
143,2.11891,0.431145,6,0.206667,0.0679631,1.03796
144,1.76365,0.474076,5,0.406667,0.0670541,1.12348
145,2.57964,0.528598,6,0.54,0.0691794,1.14764
146,2.86653,0.51783,7,0.52,0.0666278,1.21806
147,2.85868,0.582435,7,0.686667,0.0701313,1.25638
148,2.1867,0.504109,6,0.633333,0.0666531,1.76459
149,3.48549,0.544716,9,0.54,0.0678127,1.25219
150,3.45582,0.555575,9,0.666667,0.0689406,1.1337
151,2.53765,0.505231,6,0.526667,0.0690472,1.40823
152,2.80492,0.647013,7,0.906667,0.0692958,1.15874
153,2.28914,0.571232,5,0.726667,0.0650932,1.46114
154,2.06685,0.599442,7,0.953333,0.0634315,1.41479
155,2.12966,0.503417,5,0.573333,0.0674566,1.49587
156,3.17108,0.586002,9,0.78,0.0681703,1.17075
157,3.1714,0.556305,9,0.64,0.0666959,1.43637
158,3.13047,0.56658,8,0.766667,0.0681002,1.34308
159,2.79254,0.571636,8,0.913333,0.0670133,1.41486
160,3.13288,0.608192,8,0.84,0.0668281,1.45362
161,2.80845,0.53754,8,0.566667,0.067718,1.32353
162,3.10645,0.60885,8,0.946667,0.0687042,1.20745
163,2.77734,0.545966,8,0.793333,0.0685718,1.46404
164,3.4631,0.605547,9,0.973333,0.0687783,1.55975
165,2.49933,0.54321,6,0.706667,0.0639904,1.71387
166,2.80014,0.559363,7,0.806667,0.0658663,1.33537
167,3.21752,0.63793,9,1.14667,0.0675145,1.53457
168,3.20652,0.564169,9,1,0.0680133,1.46407
169,2.48433,0.57154,6,1.01333,0.0668877,1.47701
170,3.1862,0.698284,9,1.32667,0.0659444,1.6679
171,2.75353,0.568573,7,0.893333,0.0689789,1.99389
172,2.7998,0.726715,8,1.16667,0.0709845,1.96196
173,3.17566,0.713796,8,1.22,0.0690023,1.74009
174,2.49647,0.678137,6,1.13333,0.0664844,1.87874
175,2.57397,0.609285,7,0.953333,0.0712464,1.99878
176,2.45869,0.493686,7,0.686667,0.0670427,1.82059
177,2.8434,0.541286,8,0.773333,0.0649509,1.59361
178,3.09228,0.588739,8,1.01333,0.0693019,1.83004
179,2.81791,0.584431,8,1.11333,0.0647562,1.75329
180,3.45925,0.665578,10,1.24667,0.0681004,1.50782
181,2.82526,0.587606,8,1.03333,0.0687549,1.49858
182,3.46423,0.613639,9,0.96,0.0675641,1.5253
183,3.18613,0.717979,8,1.45333,0.0696744,1.66186
184,2.88428,0.609542,7,0.966667,0.0711067,1.72665
185,3.49531,0.613802,9,0.993333,0.0656663,1.48725
186,2.8379,0.608903,9,0.94,0.0695553,1.84323
187,3.47598,0.78873,9,1.61333,0.0707356,1.89721
188,3.48228,0.599109,9,1.2,0.0662725,1.5863
189,3.16423,0.710608,8,1.32667,0.0650096,1.40781
190,3.19285,0.57677,8,0.88,0.0678426,1.60262
191,2.88326,0.627905,8,0.933333,0.0703026,1.76015
192,3.21168,0.646354,9,1.25333,0.0642039,1.76444
193,2.84,0.66876,7,1.24,0.0696772,1.68358
194,3.10125,0.706413,8,1.31333,0.0674358,1.78988
195,3.58502,0.695738,9,1.24,0.0668511,1.47675
196,2.83842,0.688042,10,1.27333,0.0672394,1.74074
197,2.80299,0.571088,8,0.92,0.0677642,1.89876
198,2.47186,0.615668,7,1.02,0.0657072,1.66382
199,2.85737,0.635782,8,1.13333,0.064321,1.93038
200,2.84325,0.592895,8,1.13333,0.0722988,1.89358
201,3.17427,0.629395,9,1.20667,0.0692227,1.87321
202,3.13544,0.667431,8,1.27333,0.0691497,2.06239
203,3.421,0.593455,9,1.12667,0.0676577,1.7841
204,3.45554,0.674872,9,1.32,0.0675479,1.86764
205,2.10913,0.646645,7,1.09333,0.0667666,2.17704
206,3.13017,0.631767,8,1.18667,0.0669676,2.02162
207,2.93916,0.763074,8,1.52667,0.0685197,2.00281
208,3.51147,0.81899,9,1.72,0.0713351,2.01314
209,3.7803,0.8335,10,1.87333,0.0657337,2.08884
210,2.79671,0.745941,7,1.51333,0.0683071,2.30592
211,2.79374,0.678269,8,1.38667,0.0662334,2.10922
212,3.11759,0.737928,8,1.45333,0.07127,2.10662
213,3.45767,0.764674,9,1.51333,0.0655567,1.88771
214,3.20505,0.789701,9,2.02,0.0658032,2.28326
215,2.50516,0.651648,6,1.18667,0.0673867,2.22334
216,3.1519,0.833402,9,1.82,0.0703084,2.25886
217,3.12769,0.855349,8,1.61333,0.069286,2.17561
218,3.56128,0.856347,9,1.56667,0.0672516,2.172
219,3.14751,0.896488,9,1.75333,0.0690347,2.04137
220,3.00131,0.829151,8,1.68667,0.0674313,2.2755
221,2.83787,0.732719,7,1.58667,0.0646449,2.15999
222,2.85557,0.771704,8,1.62667,0.0688272,2.33736
223,3.19954,0.683075,8,1.46667,0.0641027,2.08703
224,3.09203,0.75986,8,1.66667,0.0674001,2.20291
225,2.41484,0.697547,7,1.43333,0.0675988,2.20637
226,2.9981,0.773365,9,1.69333,0.0690136,1.87622
227,3.45397,0.768522,10,1.76667,0.0692481,2.17764
228,3.37195,0.692133,9,1.43333,0.0692194,2.15289
229,3.16969,0.909668,8,2.10667,0.0690141,2.12852
230,3.505,1.05,10,2.81333,0.0717996,2.49144
231,3.80613,0.945359,10,2.52,0.0701534,2.43409
232,2.73683,0.850392,7,1.92,0.0673924,2.56181
233,3.46202,0.877656,9,2.26667,0.0662239,2.94413
234,3.84001,1.04084,10,2.55333,0.0691754,2.52848
235,2.75083,0.739979,7,1.50667,0.0657991,2.52311
236,2.85732,0.83331,8,1.82667,0.0675628,2.37655
237,3.87493,1.17467,10,2.94667,0.0702232,2.3932
238,2.52679,0.789358,7,1.78,0.0650931,2.26628
239,3.42957,0.822231,9,1.83333,0.0668293,2.48807
240,3.3723,0.96437,9,2.26,0.0707366,2.68988
241,2.81484,0.724466,7,1.44,0.069525,2.87206
242,3.53955,0.894067,9,1.97333,0.0681426,2.54399
243,3.82443,1.01156,10,2.44667,0.0689246,2.51982
244,3.49586,1.04372,9,2.31333,0.0697047,2.61873
245,3.38008,1.0565,9,2.3,0.0699294,2.49098
246,3.49522,0.974638,9,2.26667,0.06673,2.49974
247,3.43804,1.00346,9,2.54667,0.0703704,2.88247
248,3.54024,0.868783,9,2.10667,0.0799391,3.18681
249,3.17963,0.980362,9,2.37333,0.0690122,2.82293
250,3.36505,0.921471,9,2.16,0.0699737,2.61262
251,3.17021,1.01714,8,2.38,0.0689644,2.90289
252,2.79974,0.939982,7,2.1,0.0672724,3.24748
253,3.48236,0.998761,10,2.27333,0.0701849,2.92242
254,2.90261,0.923156,9,2.09333,0.0668722,3.28926
255,3.46515,0.88083,9,2.13333,0.0693238,2.98386
256,2.59856,0.674766,8,1.54,0.067082,2.79059
257,2.84354,0.749359,8,1.62667,0.0653609,2.58994
258,3.4896,0.763385,10,1.69333,0.0682632,2.68517
259,3.14313,1.08806,9,2.56,0.068623,2.47152
260,3.50218,1.07125,9,2.48667,0.0643361,2.46389
261,3.46953,1.22796,9,3.04667,0.0667425,2.43532
262,3.26102,0.917717,9,2.23333,0.0684697,2.76452
263,3.26565,0.920282,9,2.19333,0.0701236,2.53433
264,3.44152,0.978343,9,2.35333,0.0718527,2.60221
265,3.30206,0.838285,9,2,0.0681471,2.48048
266,3.58053,1.12593,9,2.93333,0.0697881,2.71742
267,3.49695,1.06084,9,2.64667,0.0691319,2.3368
268,3.52863,0.978909,9,2.4,0.0684194,2.37547
269,3.23639,0.980767,10,2.52,0.0698437,2.59841
270,3.09412,0.953145,8,2.4,0.0759054,2.74253
271,3.22151,0.938143,10,2.42,0.0691243,2.84196
272,3.12921,0.955247,8,2.29333,0.0693158,2.45385
273,3.00678,0.901213,8,2.34,0.0679901,2.62253
274,3.71305,0.84974,10,2.01333,0.0652933,2.33103
275,2.87035,0.863454,9,2.25333,0.0697469,2.50001
276,3.20118,1.00614,9,2.62,0.0698249,2.319
277,3.42865,0.961571,10,2.25333,0.0679626,2.218
278,3.007,0.883643,8,1.91333,0.065863,2.36934
279,2.83834,0.748279,8,1.63333,0.0660657,2.45002
280,3.50797,0.881395,9,2.01333,0.0661707,2.4693
281,3.13967,0.848218,8,1.78667,0.069213,2.33322
282,3.13073,0.88759,10,2.06667,0.0675773,2.29504
283,3.1302,0.915623,10,2.25333,0.0689189,2.87326
284,3.35977,0.926719,9,2.04,0.0694287,2.68596
285,2.91736,0.827624,7,1.79333,0.0644774,2.43467
286,3.81302,0.918986,10,2.11333,0.0695646,2.72158
287,2.85326,0.895721,7,2.08,0.0669442,2.82827
288,3.72809,1.02065,10,2.48667,0.0690666,2.8175
289,3.7942,0.997422,10,2.57333,0.0676642,2.56136
290,3.2142,1.01371,8,2.5,0.0647917,2.3618
291,3.10161,0.842527,8,1.96,0.0665091,2.41889
292,3.21594,0.817277,8,1.68667,0.0645038,2.17171
293,3.86369,0.942891,10,2.38667,0.0699274,2.60766
294,3.17425,0.970642,8,2.26667,0.0654495,2.88641
295,2.82509,0.974564,8,2.34,0.0697565,2.99941
296,3.16844,0.851749,8,1.90667,0.0642809,2.73111
297,2.87852,0.911827,7,2.08,0.0654591,2.52666
298,3.47225,0.956497,9,2.62,0.0706404,2.58073
299,3.52183,0.996724,9,2.61333,0.0681974,3.04077
300,3.23527,0.967043,10,2.51333,0.0682662,2.85072
301,3.73741,0.986788,10,2.54,0.0669496,3.03528
302,3.07824,0.976706,10,2.56,0.0688376,2.55029
303,3.46345,0.863739,10,2.23333,0.0688165,2.27666
304,3.36476,0.954605,10,2.50667,0.068926,2.77193
305,3.54179,1.01831,9,2.55333,0.0676164,2.5411
306,3.02205,0.845764,9,2.26,0.0698227,3.05911
307,3.3509,0.959343,10,2.54,0.0675994,2.66676
308,2.98686,0.732151,8,1.74667,0.0678495,2.96709
309,3.16092,0.824308,10,1.83333,0.069413,2.42837
310,3.48212,0.929427,9,2.32667,0.0683811,2.58253
311,3.799,1.07634,10,2.89333,0.0703504,2.70956
312,3.35693,0.924619,9,2.18,0.0665917,2.81653
313,3.84299,1.04634,10,2.92,0.0707076,2.63706
314,3.49335,0.857948,9,2.24,0.065403,2.31026
315,3.44222,0.958033,9,2.26667,0.0692647,2.58683
316,3.1279,0.901383,8,2.25333,0.0647744,2.59449
317,3.52552,0.896447,9,2.29333,0.0688967,2.30632
318,2.49716,0.734305,6,1.61333,0.0655235,2.35891
319,3.8402,0.906268,10,2.15333,0.069179,2.98452
320,2.78632,0.822308,8,2.08,0.0667391,2.5723
321,3.33991,0.893779,9,2.23333,0.0708822,2.47027
322,2.48746,0.772696,7,1.69333,0.065664,2.30294
323,3.49412,0.978171,9,2.66,0.0657904,2.24558
324,3.15109,0.937086,10,2.29333,0.0661475,2.38855
325,3.80856,0.970961,10,2.36,0.0709286,2.4036
326,2.84649,0.839033,8,1.95333,0.0685145,2.46924
327,3.16206,0.767214,9,1.69333,0.0675439,2.43061
328,3.52592,0.948228,10,2.48667,0.068329,2.40725
329,3.2133,1.04915,9,3.02,0.0657423,2.35755
330,3.11635,0.786979,8,1.86,0.0683843,2.44431
331,3.80314,0.934461,10,2.27333,0.0684126,2.49216
332,2.6064,0.914066,9,2.33333,0.0717219,2.6241
333,3.09022,0.718349,8,1.62,0.0676735,2.92885
334,3.0966,0.781871,8,1.99333,0.0679137,2.94914
335,3.37834,0.909381,10,2.25333,0.0644017,3.09908
336,3.253,0.872289,8,2.27333,0.0689163,3.08743
337,3.87595,1.18608,10,3.12,0.0672913,2.76934
338,3.03129,0.882372,9,2.26,0.0675641,3.00114
339,3.20011,1.07989,9,2.74,0.0658203,2.50191
340,2.53445,0.788922,8,2.08,0.0619883,2.81089
341,3.10601,0.943306,9,2.76667,0.0695575,2.91895
342,3.04879,0.886291,8,2.23333,0.0675928,3.06999
343,3.07925,0.744431,8,1.63333,0.0672801,3.01886
344,2.80987,0.847492,7,2.04,0.066776,2.88256
345,3.01227,0.968909,9,2.52667,0.0712183,3.2708
346,3.15648,1.05284,9,2.71333,0.0673314,3.09966
347,3.08173,0.827584,9,2.01333,0.0673755,2.96597
348,2.48487,0.914113,7,2.42667,0.0645657,2.88321
349,2.76931,0.902395,7,2.33333,0.0666193,3.23293
350,3.44914,0.874249,9,2.25333,0.0630732,2.8789
351,2.68961,0.841813,8,1.88667,0.0684854,2.99855
352,3.15263,0.777325,8,2.09333,0.0686075,3.1764
353,3.6479,0.928726,10,2.34,0.0674955,2.98402
354,2.81699,0.992145,7,2.54,0.0649906,2.84912
355,2.95533,0.99386,8,2.41333,0.0641898,2.75512
356,2.62316,0.865692,8,1.94,0.066633,2.60672
357,3.42991,0.956676,9,2.24667,0.0669654,2.8676
358,3.82535,1.04652,10,2.73333,0.065015,2.67756
359,2.9578,0.834898,8,1.86667,0.06831,2.82769
360,3.12466,1.04634,9,2.64667,0.0696912,2.72352
361,3.1725,1.0486,8,2.76,0.0681684,2.58315
362,3.02203,1.03586,8,2.55333,0.068653,2.57909
363,3.50423,0.886034,9,2.18667,0.0682014,2.75934
364,3.37904,0.933223,9,2.16,0.06394,2.73094
365,3.82839,0.913008,10,2.05333,0.065875,2.86387
366,2.78659,0.908933,8,2.12667,0.0645811,2.80562
367,2.97651,0.909816,8,2.09333,0.0672321,2.57425
368,3.49069,1.04476,9,2.6,0.0675603,2.77093
369,2.61176,0.928626,7,2.23333,0.0665153,2.53438
370,2.79875,0.877516,7,1.99333,0.0642349,2.63575
371,3.80904,1.14996,10,2.96667,0.069475,2.75796
372,3.21542,1.00888,9,2.60667,0.067161,2.27153
373,3.43308,1.26161,9,3.3,0.0698242,2.36541
374,3.47308,1.15417,9,2.98667,0.06442,2.51666
375,3.06377,0.997887,8,2.25333,0.0661164,2.52793
376,2.88974,0.961732,8,2.23333,0.0667455,2.49237
377,3.3195,0.965761,9,2.41333,0.0683606,2.76809
378,3.83186,1.12038,10,2.82,0.0697682,2.62432
379,3.47222,1.0463,9,2.5,0.0689045,2.77529
380,3.5452,1.20625,9,3.05333,0.0650535,2.39366
381,3.42784,1.13151,10,2.78667,0.0674426,2.5749
382,3.18249,1.02725,8,2.44667,0.0705481,2.47941
383,3.19265,1.01266,8,2.20667,0.0662529,2.61869
384,3.41241,1.11387,9,2.66,0.0680387,2.5
385,3.13375,0.998588,8,2.46,0.0698544,2.82808
386,3.32205,0.998467,9,2.57333,0.0650634,2.46798
387,3.78847,1.27224,10,3.32,0.0700572,2.8451
388,2.73101,0.88427,9,2.00667,0.0697587,2.76657
389,2.74914,0.982817,9,2.35333,0.0665293,2.52628
390,3.59678,1.02732,10,2.56,0.0671931,2.44447
391,3.29746,0.989311,9,2.56667,0.0663643,2.68624
392,3.49216,0.971809,9,2.3,0.0656999,2.58883
393,3.64964,1.37239,10,3.97333,0.067447,2.53823
394,3.8199,1.3128,10,3.78667,0.0682816,2.91895
395,2.97601,1.02965,9,2.70667,0.0680199,2.6026
396,3.77796,1.10253,10,2.93333,0.0651189,2.58509
397,3.62191,0.997195,10,2.4,0.0703752,2.60378
398,3.32189,0.957888,9,2.42667,0.0694607,2.65296
399,3.82998,1.13514,10,3.06,0.0687703,2.67022
400,3.32108,0.980779,9,2.54,0.066294,2.5538
401,3.70023,0.940425,10,2.34667,0.0642405,2.44754
402,3.33119,1.04695,9,2.70667,0.0665125,2.71386
403,3.68812,1.23516,10,3.47333,0.0714156,2.90364
404,3.60338,0.996105,10,2.66667,0.064318,2.75821
405,3.64113,1.03526,10,2.54,0.0668367,2.65197
406,3.63151,0.9601,10,2.3,0.0702098,2.71061
407,3.37425,1.08257,10,2.92,0.0667441,2.77936
408,3.49497,1.14534,9,3.03333,0.0726645,2.62495
409,3.39407,1.21831,9,3.17333,0.0653527,2.67263
410,3.43117,1.0784,9,2.86667,0.0649396,2.74473
411,3.31339,0.934921,9,2.28,0.0672274,2.65178
412,3.66225,0.837559,10,2.12,0.0678041,2.5506
413,3.3352,1.16641,9,2.87333,0.0692834,2.56727
414,3.5815,1.01264,10,2.51333,0.0698061,2.83398
415,3.60676,1.01516,10,2.43333,0.0666514,2.74247
416,3.47101,1.06361,10,2.49333,0.0631448,2.39747
417,3.38116,1.05867,9,2.50667,0.0684606,2.59349
418,2.92885,0.832805,8,2.07333,0.0674161,2.59488
419,3.35868,0.996682,9,2.57333,0.069223,2.74826
420,3.68495,1.10249,10,2.89333,0.0720392,2.87012
421,3.3313,0.928179,9,2.30667,0.0681069,2.64323
422,3.31855,0.870466,9,2.28,0.0684841,2.7162
423,3.34405,0.833442,9,1.95333,0.0638432,2.49155
424,3.59962,1.01874,10,2.66667,0.06751,2.79266
425,3.02916,0.839635,9,2.36,0.0680993,2.8258
426,3.64889,1.01587,10,2.78667,0.0678445,2.54711
427,3.40193,1.00979,9,2.70667,0.0715743,2.82938
428,3.10193,1.07838,8,2.79333,0.0679184,2.44893
429,3.02942,0.819774,8,1.88,0.0692609,2.55954
430,2.43542,0.904728,9,2.3,0.0708522,2.70067
431,3.71254,1.06141,10,2.71333,0.0659797,2.56826
432,2.26756,0.835827,8,1.91333,0.066113,2.65115
433,3.12795,1.07921,8,2.86,0.0646326,2.46328
434,2.9651,0.968264,8,2.34,0.0657141,2.4391
435,3.17765,0.847756,8,2.14667,0.0690124,2.55896
436,3.42728,0.988468,10,2.45333,0.0652189,2.27106
437,3.79092,1.01891,10,2.7,0.0655114,2.43607
438,3.28994,0.921425,10,2.26,0.067383,2.40285
439,2.85992,0.978415,10,2.47333,0.0712464,2.57378
440,3.6354,1.13613,10,2.86,0.0680621,2.35183
441,3.44346,0.95682,10,2.34,0.0683605,2.53835
442,3.20263,0.99839,9,2.62667,0.0660816,2.42881
443,3.43657,1.13822,9,2.82667,0.0689952,2.43826
444,2.74509,0.878601,7,2.04,0.0681887,2.81629
445,3.03974,0.944933,9,2.46667,0.0687149,2.51316
446,3.42593,1.22911,9,3.14,0.0668111,2.58151
447,3.48795,1.28199,9,3.28,0.066295,2.53762
448,3.37847,1.17014,10,3.34667,0.0692445,2.68165
449,3.32781,1.10958,9,2.97333,0.0668055,2.67941
450,2.74261,0.98476,9,2.63333,0.0686503,2.922
451,2.70385,0.945548,7,2.11333,0.0624286,2.75178
452,3.14757,1.12043,9,2.74,0.0651025,2.61238
453,2.77729,1.10651,8,2.76667,0.0655407,2.6871
454,2.44199,1.01607,7,2.64667,0.0653102,2.90865
455,3.48621,1.20997,9,3.30667,0.0661823,2.79209
456,2.40605,0.679912,6,1.43333,0.064483,2.49762
457,3.10934,0.855829,9,2.31333,0.0697754,2.79166
458,2.74813,0.890417,7,2.23333,0.0671684,3.06588
459,3.70107,1.14713,10,3.00667,0.0678226,3.09444
460,2.08688,0.802107,6,1.86667,0.06594,2.9486
461,2.79699,0.894552,8,2.23333,0.0661064,2.90862
462,3.0151,1.00224,9,2.63333,0.0683372,2.81314
463,3.05969,0.86083,8,2.18,0.0647531,2.67525
464,2.80677,0.907787,7,2.3,0.068972,2.79093
465,2.3887,0.83596,8,2.07333,0.0662808,2.86809
466,2.92718,0.880153,8,1.94667,0.0708954,2.61349
467,3.38424,0.994203,9,2.38667,0.0690064,2.61538
468,3.7168,1.26274,10,3.16667,0.0732401,2.80181
469,2.76544,0.925173,8,2.02667,0.0638546,2.53362
470,3.39236,1.00213,10,2.27333,0.0683266,2.62298
471,3.09732,0.917038,8,2.03333,0.0665272,2.43526
472,3.11893,0.993469,8,2.17333,0.0656016,2.55792
473,3.37847,1.19373,10,3.2,0.0737981,2.75888
474,3.33478,1.10676,9,2.78667,0.065514,2.74568
475,3.06405,1.15779,8,2.78,0.0661381,2.59185
476,3.34418,1.15463,9,3.19333,0.0684029,2.6191
477,3.43168,1.05066,9,2.64,0.0663322,2.63435
478,2.45898,0.751073,7,1.60667,0.0657167,2.72937
479,2.63018,0.729956,7,1.48667,0.0627297,2.58044
480,3.09383,0.977788,8,2.34,0.0656798,2.63804
481,3.73821,1.09043,10,2.52667,0.0670338,2.66413
482,2.81241,0.993167,7,2.37333,0.0660233,2.76455
483,3.71366,1.1405,10,2.7,0.0694245,3.06222
484,3.31134,0.87545,9,2.10667,0.065821,2.80684
485,3.39085,1.19037,10,3.21333,0.0710203,3.11253
486,3.10341,0.994546,8,2.53333,0.0641193,2.90056
487,2.75423,0.873088,9,2.07333,0.0683118,3.10351
488,3.35438,1.08848,9,2.65333,0.0696517,2.97867
489,3.38777,1.10072,10,2.56,0.0734962,2.91431
490,3.43521,1.04796,9,2.67333,0.0683747,2.98859
491,3.68795,1.09761,10,2.88,0.069496,2.91292
492,3.32996,1.13567,9,2.69333,0.0702378,3.04045
493,3.74577,1.16978,10,3.01333,0.0636953,2.69366
494,3.08365,1.18946,9,3.19333,0.0675275,3.05659
495,3.14808,1.10803,8,2.91333,0.0658047,2.93331
496,3.47282,1.15704,9,2.84,0.0683705,2.83701
497,3.44443,1.04629,9,2.8,0.06751,2.98102
498,3.4515,1.06299,10,2.68667,0.0658506,2.73964
499,2.42649,0.713413,7,1.44667,0.066858,3.0073
500,3.44287,0.890663,10,2.38,0.0681352,2.98482
501,3.41682,1.04461,10,2.80667,0.0644032,2.70851
502,3.3156,0.887139,9,2.29333,0.0693567,2.66469
503,3.28596,1.09324,10,2.60667,0.0688326,2.73663
504,2.98184,0.837272,8,1.88,0.0678395,2.53277
505,3.13173,0.926076,8,1.98,0.066817,2.73987
506,3.18354,0.893556,9,2.01333,0.0657962,2.52658
507,2.39994,0.789221,7,1.72,0.0642889,2.4972
508,3.47596,1.0802,10,2.92,0.0652179,2.50974
509,3.7658,1.3021,10,3.44,0.0712713,2.40398
510,2.81769,0.932717,8,2.36,0.0659555,2.59985
511,3.45923,1.16623,10,3.16667,0.064124,2.27682
512,2.85431,0.957545,8,2.37333,0.0673227,2.68203
513,3.14404,0.968994,9,2.18,0.0681844,2.64024
514,3.09791,0.963253,9,2.37333,0.0631344,2.2592
515,3.78102,1.08424,10,2.74,0.0733613,2.87881
516,2.68137,0.947819,9,2.46,0.0732934,3.09042
517,3.13326,0.965393,9,2.24,0.0689501,2.70177
518,3.01125,0.992032,9,2.48,0.0682176,2.69807
519,3.61491,1.01252,10,2.36,0.06938,2.8092
520,3.4417,1.11088,9,2.76,0.0692983,2.97234
521,2.80621,0.837346,8,1.89333,0.0668776,2.84851
522,3.44759,1.08443,9,2.68667,0.0653493,2.99333
523,2.66145,0.905437,7,2.2,0.0613474,2.71396
524,2.79151,0.940652,7,2.21333,0.0679268,2.75104
525,3.50729,1.04607,9,2.7,0.06789,2.71896
526,3.12534,0.854622,10,2.12,0.0695345,2.87942
527,3.33511,0.947691,10,2.34,0.0691604,2.80106
528,3.3989,1.00213,9,2.37333,0.0683301,2.63341
529,3.24133,0.976047,9,2.48,0.0704893,2.53986
530,3.43433,0.984034,10,2.46,0.0661572,2.75939
531,3.60727,1.00291,10,2.44,0.0714139,2.58054
532,3.03567,0.991909,10,2.20667,0.0687283,2.42568
533,3.45732,1.07629,9,2.67333,0.0707618,2.78739
534,3.42946,1.04564,9,2.48,0.0722056,2.87242
535,3.43543,0.978778,9,2.28,0.0686456,2.41892
536,3.15776,0.863596,8,2.14667,0.0687674,2.78175
537,3.35304,0.889083,9,2.06667,0.0696402,3.01312
538,3.46845,1.05521,9,2.81333,0.0674126,2.80865
539,3.16171,0.959084,9,2.46667,0.0675406,2.62097
540,3.20681,1.08532,8,2.72,0.0639535,2.78811
541,3.12143,1.04908,8,2.72667,0.0702584,2.93935
542,3.16658,1.08957,9,2.92667,0.0697919,3.05484
543,3.29589,1.00295,9,2.56667,0.0706901,2.79677
544,3.26762,1.12278,10,2.92,0.0684939,2.90873
545,3.76543,1.19965,10,2.98667,0.0672647,2.73626
546,3.48086,1.08461,9,2.78,0.0730803,2.91508
547,3.51954,1.2894,9,3.32667,0.0639627,2.80456
548,3.4873,1.265,9,3.05333,0.0676117,2.52696
549,3.19083,1.15685,9,2.96,0.0802154,2.4586
550,3.80986,1.27849,10,3.40667,0.068455,2.60075
551,3.82471,1.26573,10,3.28667,0.0666121,2.49856
552,3.31267,0.990931,9,2.58667,0.0685697,2.59822
553,3.46622,1.07663,9,2.38667,0.0671421,2.37359
554,3.80564,1.24473,10,2.88667,0.0669723,2.47485
555,3.83723,0.903394,10,2.05333,0.0652877,2.60998
556,3.06044,1.08081,9,2.52667,0.0691788,2.75247
557,3.47381,1.15306,10,2.71333,0.067918,2.73794
558,3.14337,0.798856,8,1.72,0.0678786,3.13833
559,3.15806,0.94182,9,2.08,0.0693541,2.78835
560,3.47925,1.12848,10,2.84667,0.0671858,2.59145
561,3.49215,0.840206,9,1.76667,0.0627847,2.63413
562,2.74404,0.927416,8,1.90667,0.0663692,2.77992
563,3.78937,1.06691,10,2.53333,0.0682157,2.96565
564,3.5031,1.2072,9,3.05333,0.0683836,3.00276
565,3.07152,0.946227,9,2.24,0.0660903,3.09861
566,3.13229,0.947546,9,2.36,0.0690238,2.96583
567,3.80429,1.34555,10,3.32667,0.0692395,2.79953
568,3.4344,1.28463,9,3.28667,0.0716003,2.68131
569,3.23904,1.1452,8,2.82667,0.0687351,2.80758
570,3.44386,1.15442,9,2.73333,0.0669093,2.91541
571,3.76095,1.04238,10,2.54,0.0718391,3.01737
572,3.18797,1.12243,9,2.77333,0.0680966,2.84201
573,3.11848,1.03845,8,2.34667,0.0681087,2.60298
574,3.18025,1.2575,10,3.04667,0.0695864,2.82136
575,3.74403,0.882406,10,2.15333,0.064627,2.4704
576,3.78182,1.04013,10,2.56,0.0658618,2.66561
577,3.22242,1.14773,10,3,0.0714866,2.83901
578,3.74856,0.981522,10,2.5,0.0678622,2.92928
579,3.53123,1.13713,10,3.12,0.0688183,2.90011
580,2.68891,0.969031,7,2.40667,0.0692379,3.21924
581,3.43771,0.968611,9,2.31333,0.0677665,2.85885
582,2.97035,1.00877,8,2.58,0.0660105,3.13233
583,3.43982,0.920551,9,2.23333,0.0683624,3.01654
584,3.10394,1.03075,10,2.55333,0.0700382,2.74984
585,3.85915,1.14533,10,3.16667,0.0715004,2.91849
586,2.65837,0.86866,8,1.80667,0.06736,2.70794
587,3.15827,1.15594,9,2.76,0.0668427,2.63521
588,3.13727,0.973635,9,2.46667,0.0653858,2.62183
589,3.71312,1.07332,10,2.72,0.0694766,2.69152
590,2.76486,0.819746,7,1.94667,0.0675894,2.63425
591,3.7675,1.18449,10,3.14,0.0687556,2.72517
592,3.62509,0.995703,10,2.44667,0.0663888,2.83919
593,3.49269,1.21667,10,2.88,0.0662361,2.78031
594,2.92694,0.9359,8,2.27333,0.0675244,3.00162
595,3.15518,0.931412,8,2.15333,0.0669366,2.81723
596,3.79309,1.07999,10,2.84,0.0665588,2.73548
597,3.12008,1.11322,8,2.76667,0.0718677,3.15197
598,3.43639,1.17459,9,3.19333,0.0679564,2.86709
599,3.3307,1.19537,9,2.91333,0.0691589,2.69617
600,3.7952,1.27195,10,3.32667,0.0676896,2.85871
601,3.40161,1.1303,9,2.76,0.0699947,2.71942
602,3.72347,1.16609,10,2.94667,0.0737321,2.97883
603,2.82061,1.09071,9,2.71333,0.0662735,2.57702
604,3.15296,1.13714,9,2.71333,0.0709934,2.72544
605,3.45613,1.27678,9,3.28667,0.0689795,2.70723
606,3.39386,1.16844,9,2.79333,0.0712607,2.81506
607,3.4012,1.23931,10,3.01333,0.0665352,2.76632
608,3.53046,1.35816,9,3.33333,0.0665404,2.57613
609,3.7186,0.95704,10,2.08667,0.0697105,2.72294
610,3.07068,1.072,8,2.58667,0.0688613,2.6231
611,2.51825,0.854089,6,1.72667,0.0652355,2.75711
612,3.51142,1.08197,9,2.62667,0.0691015,2.8427
613,3.40118,1.04114,9,2.40667,0.0705812,2.76566
614,3.54056,1.13295,9,2.66,0.0670701,2.64669
615,3.48919,1.16252,9,2.87333,0.0671925,2.67784
616,2.85015,0.994681,7,2.32,0.0650802,2.91534
617,3.53608,0.993737,9,2.14667,0.0705695,2.80203
618,3.27438,1.16879,9,3.02,0.0684826,2.51551
619,2.86746,1.01867,8,2.62667,0.0698654,2.80571
620,3.15724,1.02621,10,2.56667,0.0694027,2.49047
621,3.04479,0.880841,8,2.08667,0.065344,2.33449
622,3.20094,0.900035,9,2.35333,0.0664819,2.70128
623,3.50465,1.02642,9,2.68,0.0678651,2.58146
624,3.45022,1.10061,10,2.85333,0.0700485,2.85059
625,3.15818,1.00355,9,2.78667,0.0694005,2.78592
626,3.83282,0.931,10,2.14667,0.0721252,2.79937
627,3.52798,1.11025,10,2.72667,0.0689695,2.49196
628,3.17202,0.928093,9,2.26,0.0630263,2.33129
629,3.80837,1.15894,10,3.00667,0.0659457,2.64073
630,3.50897,1.13446,9,3.10667,0.0670003,2.4969
631,3.4715,1.20103,9,2.92,0.0690573,2.53799
632,2.75565,0.903349,7,2.16667,0.0678108,2.6122
633,3.88108,1.14399,10,2.92667,0.0664259,2.17487
634,3.0951,0.96262,8,2.29333,0.0655972,2.40129
635,2.93495,0.987401,8,2.32,0.0665815,2.39686
636,3.46023,1.21057,9,3.12,0.0689253,2.76694
637,3.19578,1.03983,8,2.39333,0.067437,2.43801
638,3.16121,1.09999,8,2.57333,0.0664269,2.32554
639,3.10114,1.08978,9,2.83333,0.0721825,2.52157
640,2.87465,0.842436,8,2.06,0.0710074,2.28868
641,3.49669,1.29138,10,3.13333,0.0780501,2.52078
642,3.75268,1.19726,10,3,0.0660912,2.58307
643,3.11152,0.989976,8,2.24,0.0699435,2.34574
644,3.48069,0.908212,9,1.86667,0.0660073,2.46406
645,2.61663,0.885349,7,2.04,0.065417,2.56565
646,3.47478,0.934409,9,2.32667,0.0663822,2.41816
647,3.19579,1.19895,8,2.82,0.0662207,2.29464
648,3.16061,0.994287,8,2.41333,0.0680633,2.59831
649,3.31183,1.18606,9,3.06667,0.0698117,2.64034
650,2.81576,1.01586,7,2.52,0.0677347,2.61009
651,3.0327,1.08424,8,2.45333,0.0667131,2.29674
652,3.8108,1.54339,10,3.98667,0.0694622,2.40049
653,3.21479,1.05564,9,2.52667,0.0692023,2.44019
654,3.89479,1.10127,10,2.68,0.0684219,2.55644
655,3.51758,1.45845,10,3.71333,0.0698237,2.29343
656,2.80318,0.968889,7,2.10667,0.068374,2.36407
657,3.47628,1.19179,9,2.9,0.0658483,2.40048
658,3.07853,1.00827,8,2.48667,0.0665727,2.3275
659,3.13371,1.0831,9,2.52,0.0675467,2.36379
660,2.76232,0.912261,7,1.85333,0.066291,2.38396
661,3.52454,1.15643,9,2.71333,0.0681263,2.4226
662,2.83784,1.07424,8,2.57333,0.0660476,2.40838
663,3.14867,1.04445,9,2.39333,0.0702824,2.52661
664,2.79066,0.941494,7,2.16667,0.0682348,2.79702
665,3.56738,1.11509,9,2.71333,0.0706574,2.50122
666,3.80645,1.287,10,3.09333,0.0706486,2.28628
667,3.56256,1.18393,9,2.88667,0.0654049,2.17896
668,2.50761,0.86972,7,1.82,0.0662812,2.26952
669,2.88185,0.946528,7,2.14,0.0707229,2.40914
670,3.20091,0.894573,9,1.82667,0.0640543,2.06635
671,3.67059,1.16878,10,2.61333,0.0638476,1.99932
672,3.09879,0.829166,8,2.06,0.0639965,2.66472
673,3.17993,1.03959,9,2.46667,0.0684704,2.52374
674,3.37168,1.12033,10,2.82667,0.0670685,2.54824
675,3.4001,1.26619,9,3.11333,0.0682722,2.52834
676,3.80407,1.29013,10,3.44667,0.0726203,2.49255
677,3.19933,1.07331,9,3.04667,0.0669233,2.74258
678,3.12863,1.10452,9,2.79333,0.0716451,2.70178
679,3.82498,1.45588,10,3.72,0.0693041,2.34812
680,3.38507,1.2247,10,3.19333,0.0702383,2.76084
681,3.56795,1.30061,10,3.36,0.0654519,2.45927
682,3.3396,0.96463,9,2.28,0.0707443,2.91328
683,3.14047,1.10879,8,2.78,0.0666105,2.5989
684,2.96917,0.974493,9,2.28667,0.0664281,2.61263
685,2.51554,0.897143,7,2.08667,0.0660277,2.6004
686,2.71184,0.84512,8,2.06667,0.0706032,2.58421
687,2.8046,0.89412,8,2.07333,0.0660307,2.49512
688,3.14975,0.890447,8,2.08667,0.0651868,2.34915
689,3.47459,1.18653,9,2.98667,0.0679059,2.46024
690,3.47866,1.05593,10,2.61333,0.0645835,2.63379
691,2.9757,0.836773,8,1.91333,0.0666187,2.49896
692,3.12606,0.857747,9,2.14,0.0667982,2.418
693,3.47291,0.96732,10,2.39333,0.0684788,2.59768
694,2.52292,0.841821,7,1.88,0.0677985,2.64192
695,3.81831,1.05548,10,2.71333,0.0701522,2.41938
696,2.94145,0.802328,9,1.94,0.0690114,2.61463
697,3.79576,1.0151,10,2.34,0.0647531,2.04548
698,3.04088,0.954029,8,2.14,0.0699074,2.57787
699,3.46507,1.12545,9,2.61333,0.067326,2.44272
700,3.15628,1.07014,9,2.49333,0.0699032,2.39349
701,3.49767,1.17589,10,2.83333,0.0675969,2.72295
702,3.86155,1.36936,10,3.65333,0.0678926,2.44981
703,3.79725,1.37253,10,3.62667,0.0656561,2.34165
704,2.79179,0.912438,7,2.15333,0.0675938,2.93571
705,3.47713,1.03187,10,2.37333,0.0682262,2.50697
706,2.24506,0.651835,6,1.16,0.0681515,2.64349
707,2.83253,0.78707,9,1.6,0.0682207,2.387
708,2.88533,0.798937,8,1.72,0.0641699,2.38253
709,3.39484,0.792483,9,1.79333,0.0675287,2.39662
710,3.43619,0.973605,10,2.37333,0.0693411,2.64967
711,3.24163,0.919124,8,1.92667,0.0669399,2.6415
712,3.34433,0.973315,9,2.18,0.065345,2.52975
713,3.44611,0.930997,9,2.12,0.0647398,2.54849
714,3.17246,1.06053,8,2.58667,0.0680485,2.61355
715,3.53272,0.891008,9,2.1,0.0673765,3.0419
716,3.4557,0.947187,9,2.38,0.0685682,2.89127
717,3.46934,1.26925,9,3.13333,0.0662552,2.49277
718,3.41355,1.07861,9,2.58667,0.0654894,2.6128
719,3.54255,1.05045,9,2.69333,0.0695558,2.65569
720,3.09966,0.898671,8,1.93333,0.0698218,2.49294
721,3.79239,1.08343,10,2.48667,0.0696203,2.44315
722,2.87958,0.926713,7,1.96667,0.0662179,2.292
723,3.22657,0.918826,9,2.06667,0.0669481,2.46338
724,2.38851,0.781604,8,1.77333,0.0672141,2.45931
725,3.41608,0.882173,9,1.92,0.0651452,2.20802
726,3.42735,0.969241,9,2.35333,0.0654423,2.16233
727,3.53431,0.842055,9,1.88667,0.0688282,2.17567
728,3.23246,0.703118,8,1.48667,0.0641857,2.31461
729,3.19187,0.901564,9,1.98667,0.0664004,2.33602
730,3.14533,0.719428,9,1.57333,0.0661919,2.3178
731,3.11716,0.748115,9,1.66,0.0642031,1.96255
732,3.09793,0.741529,9,1.49333,0.0693771,2.36819
733,2.81024,0.702724,8,1.68667,0.0703113,2.44909
734,3.3702,0.831662,10,1.92,0.0701362,2.43803
735,3.78901,0.695941,10,1.52667,0.0691231,2.71982
736,3.17829,0.72222,8,1.57333,0.0663022,2.29156
737,2.51545,0.741601,8,1.71333,0.0682108,2.3546
738,3.1607,0.743694,9,1.80667,0.0688333,2.41474
739,3.50999,0.832411,10,1.84667,0.068015,2.46505
740,2.82205,0.751004,8,1.62667,0.0660526,2.36027
741,3.11444,0.661878,8,1.23333,0.068725,2.63346
742,2.49198,0.604261,8,1.35333,0.0643958,2.56557
743,2.79913,0.677326,7,1.45333,0.0630559,2.41545
744,3.40329,0.786378,9,1.86667,0.0683646,2.58825
745,3.17263,0.811331,9,2.00667,0.0698381,2.43162
746,3.17256,0.784463,9,2.01333,0.0660884,2.6322
747,3.73378,0.833267,10,2.11333,0.0699493,2.40532
748,2.84888,0.638678,8,1.38,0.0651743,2.52389
749,2.81162,0.865373,8,2.12667,0.0671912,2.32595
750,3.44839,1.07982,9,2.68667,0.0692425,2.60878
751,3.14618,0.761822,8,1.65333,0.0628679,2.15359
752,3.49446,0.879718,9,2.00667,0.0699907,2.45045
753,3.10228,0.757945,8,1.49333,0.0675825,2.30466
754,3.10645,0.713557,8,1.58,0.0666847,2.40311
755,3.49615,0.885836,10,2.16,0.0717825,2.28346
756,3.44889,0.787388,10,1.71333,0.0655538,1.92053
757,3.23433,0.890939,9,2.08,0.0673637,2.17432
758,2.51938,0.782065,8,1.72667,0.0670004,2.50791
759,2.41118,0.676074,7,1.56,0.0654612,2.33994
760,2.78159,0.787961,8,1.66,0.0664503,2.21056
761,2.58644,0.635431,8,1.25333,0.0714777,2.35193
762,3.42555,0.855831,9,1.85333,0.0655947,2.08093
763,3.18332,0.917733,8,2.33333,0.0716482,2.35891
764,3.77332,0.976646,10,2.41333,0.0688341,2.29792
765,2.509,0.779625,8,1.77333,0.0676878,2.46567
766,2.49355,0.791314,8,1.66,0.0661531,2.2144
767,3.14956,0.802335,9,1.84,0.0658477,2.21406
768,3.12137,0.931135,9,2.11333,0.0696449,2.11909
769,3.07704,0.823094,8,1.73333,0.0689798,2.20887
770,3.36315,1.07118,10,2.56,0.0717259,2.2762
771,3.5413,1.05079,10,2.76,0.0723649,2.48749
772,3.46357,0.919076,10,2.04,0.0646408,2.17228
773,3.14183,0.83722,8,1.84667,0.0675102,2.35976
774,3.41705,1.09492,10,2.84667,0.0668879,2.17529
775,3.21703,0.986576,9,2.42,0.0694315,2.38422
776,3.1247,0.899239,10,2.04667,0.070153,2.44121
777,3.41965,0.956137,10,2.14667,0.0687989,2.50281
778,3.2218,0.815628,8,1.76,0.0668909,2.24136
779,2.74654,0.627222,7,1.27333,0.0660176,2.38376
780,2.94714,0.784595,9,1.58,0.0645602,2.17182
781,3.27483,0.883192,10,2.00667,0.0665193,2.23202
782,3.47232,0.916394,9,2.28,0.0675202,2.00072
783,2.90112,0.869215,10,2.06667,0.0707264,2.25895
784,3.52687,0.901853,9,2.08667,0.0644843,2.15477
785,3.20012,0.804882,9,1.74,0.0655264,2.02866
786,2.97827,0.81412,9,1.68,0.0686595,1.96665
787,3.40267,0.96854,9,2.21333,0.0677832,2.04769
788,3.06806,0.832516,8,1.92667,0.0700512,2.38452
789,2.93121,0.7447,8,1.54,0.0653613,2.08904
790,3.58076,1.00107,9,2.42667,0.0716592,2.17347
791,3.41976,0.782527,9,1.77333,0.0682435,2.14297
792,3.42532,0.789727,9,1.65333,0.0666029,2.27116
793,3.7021,0.976159,10,2.1,0.0666291,2.06367
794,3.20681,0.926714,8,2.13333,0.0667679,2.15961
795,3.45158,0.964291,10,2.44667,0.0703442,2.36921
796,2.50711,0.766058,7,1.50667,0.0647167,2.11186
797,3.07318,0.858067,9,2.02667,0.0670507,2.12949
798,2.08937,0.664561,7,1.24667,0.0659663,2.32551
799,2.86246,0.816192,7,1.70667,0.0671818,2.06045
800,2.98641,0.845606,8,1.68,0.0665909,2.00382
801,2.79533,0.801241,9,1.92,0.0685102,2.23411
802,3.155,0.825964,9,1.84,0.0652128,1.77888
803,3.539,0.8858,10,1.84667,0.0673581,1.83913
804,3.40238,0.868075,9,1.89333,0.0661202,1.97744
805,3.10368,0.802425,9,1.71333,0.0655424,1.86939
806,3.1825,0.749922,9,1.66667,0.0704469,2.33627
807,3.47114,0.781921,9,1.76,0.0703327,2.30888
808,3.37351,0.825901,9,1.91333,0.0702293,2.0778
809,3.10318,0.91759,8,1.86667,0.0637386,2.12017
810,3.11227,0.966656,9,2.22667,0.0715796,2.3191
811,2.87517,0.829305,8,1.72667,0.0663413,2.23264
812,3.56681,1.10844,10,2.52,0.0717328,2.26401
813,3.81624,1.1242,10,2.56667,0.0684789,2.21298
814,3.3034,0.856122,9,1.84,0.0660939,2.35054
815,3.02713,0.794216,8,1.80667,0.0694481,2.50177
816,3.16943,1.10872,8,2.54667,0.0684433,2.06666
817,2.7936,0.943015,8,2.15333,0.065133,2.00808
818,3.018,0.868081,8,1.92,0.0709054,2.27711
819,3.1015,0.869011,9,1.9,0.0645545,2.0815
820,3.0219,0.855677,10,2.00667,0.0663995,2.08864
821,3.16199,1.03785,8,2.57333,0.0689967,2.37254
822,3.09913,0.851385,9,2.04667,0.0657654,2.20897
823,3.12655,0.960507,9,2.28,0.0681242,2.12556
824,3.43561,0.989493,9,2.34667,0.0691505,2.08199
825,3.48715,0.991802,9,2.16667,0.068946,2.21875
826,3.3573,1.05663,9,2.68,0.0721604,2.28819
827,3.49274,1.11654,10,2.69333,0.0673093,2.04873
828,3.47315,1.03457,9,2.46,0.0698248,2.07556
829,3.09215,1.10511,9,2.87333,0.0789624,2.14511
830,3.45087,1.13327,9,2.78,0.0722616,2.19482
831,3.38188,1.04766,9,2.71333,0.0776395,2.41228
832,2.75986,0.902507,7,2.18,0.109027,2.59811
833,2.73592,0.948228,8,2.38667,0.0659769,2.31095
834,3.08913,0.829335,10,2.02,0.0663033,2.51494
835,3.29584,1.10183,10,2.55333,0.0703354,2.11667
836,2.78534,0.906382,7,1.97333,0.0655243,2.2871
837,2.76363,0.911762,8,2.11333,0.0660927,2.21697
838,3.13776,1.00979,8,2.56,0.0725708,2.33217
839,3.38028,1.06468,9,2.57333,0.0710388,2.39224
840,3.48591,1.13183,10,2.8,0.0646434,2.12495
841,3.50872,1.04872,10,2.49333,0.06633,2.44348
842,3.44377,1.02299,9,2.66667,0.0688641,2.59194
843,3.13134,1.14866,9,2.84,0.0640508,2.57277
844,3.10366,1.00733,9,2.49333,0.0670536,2.3569
845,3.53927,1.08442,9,2.72667,0.0672236,2.18194
846,3.16186,0.85568,9,2.06,0.0657928,2.36055
847,3.85015,1.08744,10,2.88,0.0687995,2.1379
848,3.39125,1.04224,9,2.4,0.0669059,2.1397
849,3.53009,1.08387,9,2.78,0.0690484,2.17601
850,3.18141,1.12613,9,2.66667,0.0713847,2.02984
851,3.08476,0.935659,8,2.18,0.0681108,2.65627
852,3.81248,1.15417,10,2.65333,0.0676489,2.22694
853,3.20816,0.982202,9,2.22,0.0653486,2.40238
854,3.76259,1.04283,10,2.62667,0.0927196,2.31417
855,3.1664,0.991734,9,2.49333,0.0680674,2.43902
856,3.17688,0.887172,9,2.25333,0.0664915,2.61622
857,3.17763,0.797311,10,2.10667,0.0676007,2.64927
858,2.7556,0.72464,8,1.79333,0.067414,2.40594
859,3.46309,0.94808,9,2.42667,0.0649655,2.2183
860,2.71501,0.655143,9,1.6,0.06879,2.51766
861,3.80809,1.01479,10,2.75333,0.0716045,2.4132
862,3.17878,0.931183,8,2.23333,0.0663587,2.23769
863,3.80171,1.06241,10,2.76667,0.0668032,2.32222
864,3.79164,1.26013,10,3.32667,0.0703098,2.36454
865,3.50387,1.10006,9,2.89333,0.0656984,2.41681
866,2.80074,0.872555,8,2.04,0.0709053,2.32099
867,3.81967,1.19041,10,2.84,0.0687034,2.4863
868,3.47282,1.00631,9,2.49333,0.069008,2.88502
869,2.87964,1.06826,9,2.66,0.0657184,2.4452
870,3.51152,1.03391,10,2.66,0.066879,2.38964
871,3.80626,1.13828,10,2.68667,0.0684434,2.32715
872,2.82943,0.984894,9,2.44667,0.0688763,2.10998
873,2.45536,0.825871,8,2.04667,0.0686808,2.34361
874,3.50625,0.914882,9,2.29333,0.0673408,2.29016
875,2.52924,0.854978,8,2.08667,0.0645863,2.18537
876,2.83264,0.825926,9,2.03333,0.0665235,2.19243
877,2.70848,0.869877,9,2.28667,0.071364,2.4426
878,3.38532,0.978098,9,2.46667,0.0669146,2.20634
879,3.41558,1.1782,9,3.04,0.0676316,2.24541
880,3.84171,1.1923,10,3.32667,0.0681589,2.16406
881,3.20014,1.19208,10,3.09333,0.0688323,2.26048
882,3.45817,1.12802,10,3.15333,0.0683938,2.11373
883,2.42278,0.804413,7,1.90667,0.0661958,2.03058
884,2.68975,0.902078,8,2.38,0.066152,2.14848
885,3.50813,1.22156,9,3.25333,0.0662861,1.86186
886,3.14111,1.01615,8,2.76667,0.0639326,1.92982
887,3.05115,1.11606,9,2.98667,0.0684103,2.32243
888,3.42715,1.19603,10,3.33333,0.0699246,2.0638
889,3.49906,1.33339,9,3.84667,0.069329,2.25456
890,2.48242,1.01548,9,2.53333,0.069061,2.52983
891,3.16983,1.13056,8,3.2,0.0691239,2.26891
892,3.1277,1.14601,9,3.22667,0.0657788,2.11483
893,3.46332,1.17892,9,3.26,0.0665818,2.12216
894,2.74861,1.04555,8,2.72,0.0704485,2.37303
895,3.14654,1.05341,9,2.98,0.0706694,2.31198
896,3.04269,0.953669,10,2.96667,0.069221,2.06348
897,2.88534,1.12039,9,2.84667,0.0649252,2.02838
898,3.52806,1.11908,10,3.09333,0.0704817,2.29278
899,3.48434,1.09347,9,2.82,0.0674068,2.07831
900,2.76537,0.990676,10,2.58667,0.0710329,2.23057
901,2.84724,0.850523,10,2.16667,0.0679838,2.13287
902,2.77519,0.887903,8,2.28667,0.0634832,2.1661
903,3.09839,1.16367,10,3.08667,0.0661313,2.09732
904,3.18536,1.05709,9,2.84,0.0702671,2.40885
905,3.53547,1.08184,9,2.99333,0.0739106,2.37586
906,2.86814,0.91041,8,2.72,0.0688258,2.4024
907,2.16855,0.811025,6,2.06667,0.0666009,2.40688
908,3.52891,1.20264,9,3.22667,0.0710662,2.18587
909,3.51721,1.38736,9,3.8,0.0667864,2.00797
910,3.51491,1.17162,10,3.2,0.0688149,2.27212
911,3.85189,1.30285,10,4.01333,0.0692647,1.87685
912,3.12092,0.978483,8,2.66667,0.0647527,2.2485
913,3.45347,1.08588,9,2.94,0.0642449,2.0333
914,3.23621,0.977882,8,2.53333,0.0667141,2.26282
915,3.18616,1.18073,9,3.35333,0.0701393,2.16681
916,2.50986,0.875282,7,2.24667,0.0668139,2.29849
917,3.80683,1.48273,10,4.18,0.0689617,2.02271
918,3.17967,1.23593,9,3.52667,0.134106,2.33948
919,3.19503,1.19711,9,3.29333,0.0662483,2.25011
920,3.46486,1.23733,9,3.28,0.0676047,2.57464
921,2.78327,1.14188,8,3.24,0.0718694,2.39683
922,3.80824,1.34098,10,4.02,0.0640437,2.28379
923,2.09821,0.924616,7,2.66667,0.0655052,2.56574
924,3.20037,1.24494,9,3.66,0.0754387,2.34886
925,3.12207,1.0747,8,3.16667,0.0686033,2.49641
926,3.19031,1.08975,9,3.01333,0.0746675,2.65744
927,3.82822,1.33923,10,3.92667,0.0695192,2.39242
928,3.80981,1.37347,10,3.86,0.067796,2.22184
929,3.82996,1.4578,10,4.38,0.0676045,2.17985
930,2.80964,1.12757,8,3.04,0.0661204,2.45373
931,3.42246,1.3427,9,3.89333,0.0664945,2.36862
932,3.0555,1.28615,8,3.3,0.0648622,2.23203
933,2.74481,1.10812,8,3.04,0.0661923,2.61133
934,2.8147,1.35839,9,3.74,0.0672147,2.461
935,2.86052,1.1074,8,3.08,0.0714751,3.11903
936,3.17837,1.38026,9,3.93333,0.0658064,2.29848
937,2.26508,0.937011,7,2.62667,0.0683901,2.72202
938,3.43394,1.41961,9,4.22,0.0687593,2.38798
939,3.48142,1.267,10,4.08667,0.0688461,2.50422
940,2.18667,0.822534,7,2.14,0.0645433,2.6325
941,3.18375,1.18662,9,3.53333,0.068124,2.56669
942,3.45394,1.03584,9,3.08667,0.0722408,2.74462
943,3.46729,1.04307,9,2.64667,0.0658957,2.29037
944,3.16799,1.19638,9,3.18667,0.0682959,2.26458
945,3.10244,1.08677,9,3.17333,0.0681572,2.44398
946,3.50268,1.21407,10,3.17333,0.0665618,2.43884
947,3.19272,1.16483,9,3.25333,0.0687613,2.54872
948,3.16763,1.08177,9,3.07333,0.0830128,2.49491
949,3.44273,1.17581,10,3.44,0.0660402,2.52144
950,3.46626,1.18898,9,3.32,0.0676503,2.42085
951,3.46086,1.33068,9,3.45333,0.0737938,2.294
952,3.15817,1.12598,9,3.04667,0.0750707,1.85107
953,3.14583,1.1073,8,2.88667,0.0646548,2.6702
954,2.77053,0.858995,7,2.13333,0.0643354,2.42264
955,3.08424,0.928561,9,2.38,0.0659818,2.37042
956,3.49497,1.17722,10,3.16,0.071334,2.22165
957,3.48484,1.11104,9,3.02,0.0720313,2.53768
958,3.46594,1.06649,9,3.04667,0.0682425,2.50743
959,2.88205,1.09188,8,2.99333,0.0685754,2.59812
960,3.49905,1.24653,9,3.44667,0.069059,2.38535
961,3.1457,1.13124,9,3.11333,0.0675689,2.34549
962,3.43369,1.02555,9,2.65333,0.0674318,2.20004
963,3.43643,1.15925,9,3.00667,0.0658147,2.0681
964,3.13618,1.19287,8,3.20667,0.0685203,2.26523
965,2.05131,0.680729,6,1.58667,0.102829,2.50985
966,3.15953,1.08026,9,2.85333,0.0719071,2.39301
967,3.1931,1.07487,9,2.79333,0.0690989,2.5464
968,2.77791,0.91481,8,2.44,0.0682053,2.51441
969,3.46284,1.20166,10,3.15333,0.0700356,2.33188
970,3.46186,1.16893,9,3.00667,0.064574,2.08304
971,3.12017,1.14232,8,2.95333,0.0659361,2.47723
972,3.51584,1.24327,9,3.4,0.0698673,2.41926
973,3.14491,1.06396,10,2.94,0.0719576,2.68188
974,2.77451,0.880839,7,2.36,0.063397,2.46679
975,3.3696,1.12405,9,3.14667,0.0705685,2.46992
976,2.83812,0.979808,7,2.41333,0.0689301,2.36923
977,3.83211,1.15424,10,2.96667,0.068613,2.14793
978,2.85487,0.91111,8,2.26667,0.0661429,2.18813
979,3.42317,0.955468,9,2.60667,0.0697081,2.2212
980,3.44823,1.25199,9,3.39333,0.0670184,2.23278
981,3.43411,1.1218,9,2.98,0.0667446,2.25479
982,3.06241,1.01473,8,2.57333,0.0662054,2.52702
983,3.4682,1.01503,9,3.1,0.0648585,2.63368
984,2.69243,0.884867,7,2.06,0.0653887,2.59049
985,3.11504,1.07019,9,2.76,0.0704037,2.64238
986,3.22987,1.24751,9,3.36,0.069615,2.47123
987,3.4857,1.06472,9,2.71333,0.0708438,2.45637
988,3.52304,1.03771,10,2.7,0.0667361,2.33839
989,3.1225,1.02791,9,2.46,0.0682902,2.55712
990,2.95921,1.02275,8,2.68,0.0639641,2.67702
991,2.47983,0.877622,6,2.11333,0.0645054,2.91594
992,3.78044,1.45953,10,3.78,0.0702514,2.323
993,3.66284,1.39978,10,3.94,0.0684581,2.21246
994,3.47923,1.22221,10,3.22,0.0667847,2.52449
995,2.79064,1.00045,8,2.76,0.0649743,2.43301
996,3.10076,1.17663,9,3.22667,0.0696789,2.72484
997,2.80369,1.25968,8,3.34667,0.0999663,2.66369
998,3.75153,1.22046,10,3.56667,0.0677363,2.57129
999,3.40507,1.10964,9,2.99333,0.0665721,2.39543
1000,2.81679,1.0107,9,2.55333,0.0667025,2.84189
