1,2.15265,0.220883,5,0.16,0.0722817,1.17832
2,2.41447,0.281493,8,0.38,0.0671577,1.16803
3,1.71492,0.287483,4,0.0533333,0.0645943,1.20566
4,1.72193,0.303053,4,0.106667,0.0686869,1.15067
5,1.76846,0.329799,6,0.113333,0.0668478,0.872053
6,2.06747,0.299795,5,0.1,0.0714629,1.12835
7,1.87234,0.312732,4,0.133333,0.0697536,1.06259
8,2.4909,0.415426,7,0.226667,0.069712,1.08261
9,1.76107,0.35636,6,0.226667,0.0658279,1.01962
10,2.26849,0.373656,6,0.226667,0.069398,1.06293
11,2.75371,0.381779,7,0.2,0.0707827,1.00341
12,2.48762,0.42926,7,0.246667,0.0695678,0.911651
13,1.77048,0.382469,5,0.0866667,0.0652512,1.00438
14,2.48405,0.369254,7,0.0733333,0.0695057,0.966988
15,2.23569,0.38082,7,0.14,0.066786,0.977443
16,1.73283,0.403885,5,0.133333,0.0640956,0.906599
17,2.54583,0.40415,6,0.146667,0.0674514,1.06308
18,2.1276,0.443184,6,0.32,0.062688,1.00359
19,2.53845,0.404766,8,0.326667,0.0671448,1.12702
20,1.94115,0.385556,5,0.413333,0.0690599,1.3558
21,1.72658,0.421956,6,0.386667,0.0655794,1.25845
22,2.11174,0.417617,7,0.426667,0.0686872,1.58497
23,1.76052,0.404937,4,0.353333,0.0686944,1.45954
24,1.81485,0.384978,7,0.38,0.0672478,1.3495
25,2.56527,0.420882,6,0.313333,0.0662095,1.18486
26,2.19281,0.524374,7,0.726667,0.0681081,1.39983
27,2.06854,0.436314,8,0.513333,0.0705384,1.427
28,1.34768,0.382042,7,0.32,0.0653022,1.30344
29,2.54386,0.474111,6,0.306667,0.0752138,1.42164
30,2.08656,0.407435,6,0.353333,0.0693418,1.14582
31,1.52188,0.411753,4,0.246667,0.0700073,1.26171
32,3.49692,0.496848,9,0.673333,0.0679706,1.35931
33,3.17977,0.494399,9,0.773333,0.0713975,1.83322
34,2.45577,0.411688,7,0.526667,0.067881,1.64606
35,2.52342,0.494637,6,0.606667,0.0699244,1.6255
36,2.34412,0.479986,8,0.646667,0.0696958,1.64228
37,2.94859,0.528835,8,0.7,0.0692492,1.47762
38,2.03051,0.496223,7,0.553333,0.0649828,1.17623
39,2.41003,0.508089,6,0.453333,0.0666773,1.47376
40,2.96112,0.587866,8,0.98,0.0712594,1.65235
41,2.16176,0.58545,6,0.72,0.0692004,1.85445
42,2.049,0.510601,7,0.766667,0.0654965,1.69184
43,1.78973,0.481106,6,0.56,0.0667634,1.41722
44,2.83165,0.534401,8,0.786667,0.0657771,1.49747
45,1.77909,0.435754,5,0.486667,0.0656117,1.80801
46,1.77238,0.443042,5,0.453333,0.0677538,1.59339
47,2.03038,0.456144,5,0.44,0.0652782,1.54351
48,3.0624,0.533443,8,0.533333,0.0667234,1.34449
49,2.01066,0.534571,6,0.6,0.063992,1.57137
50,2.12696,0.484393,5,0.413333,0.0661547,1.59639
51,3.02812,0.589115,8,0.8,0.0722767,1.62717
52,2.52005,0.634298,8,1.05333,0.0682996,1.76089
53,2.03945,0.533562,6,0.7,0.0659261,1.70659
54,2.96307,0.598433,8,0.813333,0.0669756,1.80918
55,2.43958,0.604157,7,0.96,0.0713936,2.03744
56,1.81088,0.623184,6,1.02,0.0640737,1.96285
57,2.59575,0.637942,7,1.00667,0.0678648,1.88011
58,2.83056,0.762254,8,1.57333,0.0723325,2.24493
59,1.82053,0.655715,7,1.25333,0.0671575,2.28411
60,3.16461,0.730209,10,1.38667,0.0673282,2.01017
61,3.0152,0.939485,8,1.98667,0.0658185,2.03733
62,2.67221,0.757729,7,1.42,0.0685211,2.41895
63,2.68997,0.822105,8,1.54,0.0680781,2.39981
64,2.93829,0.919132,9,2.01333,0.0723589,2.24754
65,2.4239,0.749456,7,1.72,0.0697698,2.46099
66,2.73396,0.771314,7,1.76667,0.0660608,2.37946
67,2.35289,0.795845,7,1.69333,0.0657124,2.67804
68,2.69559,0.639602,7,1.30667,0.0666975,2.588
69,3.03383,0.802431,8,1.86,0.0688512,2.5634
70,2.99674,0.802154,9,1.77333,0.066017,2.64701
71,2.08268,0.743191,5,1.41333,0.0653412,2.74795
72,2.60733,0.711453,7,1.52667,0.0707091,2.86211
73,3.00821,0.85531,8,1.88667,0.0702931,2.58084
74,2.73085,0.714382,7,1.62667,0.0708025,3.17531
75,2.8701,0.753343,9,1.65333,0.067466,2.73455
76,2.5503,0.806725,8,1.78,0.064321,2.65451
77,2.05696,0.670848,5,1.24,0.0653625,2.79893
78,2.31039,0.636663,7,1.38,0.0644026,3.05445
79,2.36487,0.63552,8,1.33333,0.0668578,2.70094
80,2.98879,0.743624,8,1.53333,0.0670315,2.34407
81,2.38254,0.685094,7,1.44667,0.0696886,2.45648
82,2.56855,0.773178,7,1.48,0.0679638,2.5536
83,3.03283,0.923917,9,2.31333,0.0700222,2.70483
84,2.49212,0.820269,7,2.14,0.0641328,2.77283
85,2.76371,0.866707,7,2.22667,0.0637718,2.87005
86,2.96303,1.00799,9,2.76,0.0685318,2.58107
87,2.85536,0.825321,9,2.04667,0.0681304,2.63633
88,3.03909,0.90108,10,2.24667,0.0689745,2.75731
89,3.0642,0.859944,9,2.31333,0.0709899,3.13952
90,3.16815,0.861519,8,1.92667,0.0658125,2.72467
91,3.13592,0.717267,8,1.47333,0.0657297,2.89454
92,3.75862,0.855845,10,1.90667,0.0671525,2.7656
93,3.33883,1.01798,9,2.53333,0.0677157,2.78978
94,3.44425,0.93854,9,2.30667,0.0669638,2.8715
95,3.37639,1.09759,9,2.82667,0.0717146,3.01631
96,3.10875,1.04268,9,2.78667,0.0761478,2.92054
97,3.06454,1.13256,9,3.19333,0.0702776,3.2521
98,2.84412,0.847191,8,2.06,0.0655829,3.35218
99,3.01151,1.02842,9,2.50667,0.0681582,2.64934
100,3.22125,0.755598,9,1.53333,0.0678186,3.01391
101,3.46418,1.02734,10,2.54,0.0693187,2.59381
102,3.3141,0.854152,9,1.95333,0.0665407,2.77669
103,3.05665,0.880002,8,2.2,0.069945,3.03628
104,2.56714,0.789688,9,2.21333,0.0688792,2.78275
105,2.6403,0.903812,8,2.27333,0.0672612,2.6096
106,3.0416,0.932207,8,2.5,0.0666313,2.72122
107,3.43113,0.900889,9,2.15333,0.0705731,2.76735
108,2.85088,0.857907,8,2.02,0.0654314,3.07458
109,3.632,0.993485,10,2.56,0.0682441,2.6251
110,2.81516,0.968098,8,2.5,0.0698509,2.53337
111,3.2716,0.98953,9,2.50667,0.0665582,2.66572
112,2.86914,0.993471,8,2.44667,0.0688571,2.64816
113,3.44455,0.950175,9,2.42,0.0683549,2.84613
114,3.39366,1.09787,9,2.79333,0.0645518,2.50673
115,2.7563,0.941787,10,2.44667,0.0683119,2.98403
116,2.47406,0.819402,9,1.99333,0.0649746,2.78354
117,2.44642,0.920608,8,2.32,0.0660848,2.95635
118,2.70142,0.953806,9,2.34667,0.070635,3.03204
119,2.91546,1.03342,9,2.84667,0.0660409,3.05176
120,3.11694,1.03022,8,2.63333,0.0670819,2.75084
121,2.78215,0.856532,8,2.04,0.0662939,2.90011
122,3.65489,1.02597,10,2.89333,0.0688838,2.7537
123,3.33088,0.935888,9,2.40667,0.0666175,2.67007
124,2.44795,0.824276,6,2.03333,0.0625056,2.75931
125,3.32643,1.07348,9,2.92,0.0663561,2.62896
126,2.92648,1.038,9,2.86667,0.0660849,2.53621
127,2.84473,0.823136,8,2.18667,0.0683315,3.06487
128,2.45977,0.787409,7,1.63333,0.0655064,2.42771
129,2.77859,1.00887,8,2.68,0.0682712,2.71533
130,3.3368,0.931214,10,2.35333,0.0689624,3.02474
131,2.6882,0.883249,8,2.17333,0.0671671,2.65104
132,2.66931,0.808629,8,2.00667,0.0668559,2.59154
133,3.16162,0.879331,9,2.27333,0.0702024,3.02003
134,3.2201,1.00351,9,2.50667,0.0685911,2.9053
135,2.71018,0.860425,8,2.04667,0.0648718,3.17565
136,2.70289,0.915605,8,2.40667,0.0677145,3.30469
137,2.69789,0.900444,8,2.30667,0.065678,3.27571
138,3.00081,1.02402,8,2.54,0.0693048,3.05577
139,3.01852,0.952467,9,2.57333,0.0727991,2.93308
140,2.94131,0.945062,9,2.29333,0.0674006,3.14808
141,3.64347,0.898872,10,2.38,0.0679437,3.29543
142,3.09083,1.00287,9,2.56667,0.0697027,3.19881
143,2.96561,0.920964,8,2.20667,0.0704137,3.03754
144,3.30316,1.18124,9,3.06,0.0702757,3.0527
145,2.7097,0.914434,8,2.34,0.0678097,3.02138
146,3.3987,1.22939,9,3.42667,0.0670797,2.85503
147,2.64874,0.827393,7,2.01333,0.0622463,3.18
148,3.02752,0.86754,8,2.20667,0.0671446,2.84091
149,2.97008,1.04513,10,2.93333,0.0712651,3.23357
150,2.41845,0.886948,7,2.34667,0.0665272,2.93212
151,2.96016,0.847484,8,2.19333,0.0672693,3.38603
152,3.04707,0.942848,8,2.51333,0.0661467,2.96171
153,2.59331,0.918256,8,2.12667,0.0685978,3.47951
154,2.82071,0.857614,8,2.03333,0.066438,3.17426
155,2.72473,1.00946,9,2.78667,0.0697243,3.32056
156,2.65902,0.810686,9,1.92,0.0710653,3.10244
157,3.05764,0.976695,10,2.63333,0.0695448,3.2371
158,3.00314,0.989476,8,2.73333,0.0676584,3.30937
159,3.46618,1.14525,10,3.06667,0.0717443,3.10964
160,2.69176,0.792521,7,1.96,0.0679544,3.5504
161,3.27232,0.976067,9,2.38,0.0704248,3.2856
162,3.06549,1.04672,8,2.72,0.0644156,3.41157
163,2.7701,0.929844,10,2.48667,0.0690899,3.23407
164,3.01733,0.803179,9,2.02667,0.0680708,3.55245
165,3.04284,1.03219,9,3.01333,0.0686754,2.98834
166,3.02301,0.91299,9,2.43333,0.0671615,3.05248
167,2.98805,0.893285,9,2.35333,0.0689496,3.33671
168,3.33495,0.941619,9,2.44,0.0703653,3.24834
169,2.41173,0.789044,8,1.85333,0.0667828,3.38208
170,2.90398,0.999849,8,2.7,0.0683324,3.35832
171,3.00899,0.8691,9,2.4,0.0705817,3.25701
172,3.06304,0.96706,10,2.82667,0.0716635,3.38558
173,3.24927,0.897206,10,2.34667,0.066901,3.07032
174,3.06783,1.12056,9,2.97333,0.0733392,3.22936
175,2.79704,1.06532,9,2.79333,0.0683927,3.0053
176,2.70773,1.05281,8,2.8,0.0665908,3.19294
177,3.24147,0.992269,9,2.80667,0.070257,3.21296
178,3.37578,1.10829,9,3.12,0.0706274,2.96989
179,3.03678,0.942448,8,2.35333,0.0703269,3.09612
180,2.70142,0.996613,8,2.60667,0.0691674,2.97651
181,2.94654,1.00329,10,2.90667,0.0704486,3.20495
182,2.71556,1.01814,9,2.9,0.0701571,3.24225
183,3.08841,1.0483,9,2.91333,0.0698866,3.14012
184,3.28706,0.99665,9,2.8,0.0661991,3.09222
185,2.94226,0.83025,8,2.1,0.0678191,2.94367
186,3.61765,1.15266,10,3.09333,0.0666013,2.78011
187,3.27613,1.00934,9,2.81333,0.0707303,3.18488
188,3.36095,1.01358,9,2.78,0.0691832,2.75208
189,2.9299,1.01409,8,2.69333,0.0626946,2.97949
190,2.7488,0.940888,8,2.42667,0.0671046,3.08082
191,2.9397,0.861343,8,2.13333,0.0652087,3.08218
192,2.94589,0.966131,9,2.52,0.0689371,3.1179
193,2.73091,0.888721,8,2.2,0.06555,2.8464
194,2.92014,0.94132,9,2.59333,0.0675828,2.61868
195,3.30415,0.991482,10,3.12,0.0673603,2.89911
196,2.91661,0.763292,8,1.64667,0.0669964,2.83616
197,2.98483,0.980723,9,2.48667,0.0697689,2.97888
198,3.05356,1.04962,9,2.69333,0.0705089,2.65327
199,3.02111,0.947288,9,2.56,0.0661817,2.88798
200,2.98415,0.774716,9,2.1,0.0653437,3.28225
201,2.7615,1.00128,9,2.93333,0.06733,2.86774
202,3.08584,0.922861,9,2.63333,0.069734,3.17356
203,2.72401,0.860114,9,2.38,0.0649168,2.78876
204,3.27115,1.03278,9,2.94667,0.0693076,3.04771
205,3.11073,0.984164,9,3.17333,0.0711468,2.93386
206,2.77065,0.912915,8,2.72667,0.0666907,3.45415
207,2.38392,0.934864,9,2.65333,0.0684592,3.39693
208,3.36138,0.911038,9,2.71333,0.0692312,3.00878
209,3.30879,0.887522,9,2.65333,0.0670469,2.90941
210,2.75847,0.899387,8,2.73333,0.0712563,2.84591
211,2.6989,0.884947,8,2.8,0.0650753,2.91033
212,3.67762,1.05678,10,3.17333,0.071319,3.08777
213,3.4183,1.01159,9,2.78,0.0688529,3.10386
214,2.03455,0.701611,9,1.90667,0.0658401,3.08008
215,3.08155,0.925567,10,2.66667,0.0687117,2.98158
216,2.36821,0.835941,7,2.02667,0.0677887,3.15128
217,3.0386,0.864332,10,2.28,0.0658943,2.92335
218,2.70215,0.933044,8,2.65333,0.0666469,3.03281
219,2.71247,0.850115,8,2.32667,0.0664062,2.67202
220,3.11534,0.892637,8,2.48667,0.0672773,3.18538
221,2.68647,1.00023,8,2.88,0.0664175,3.23414
222,3.12476,0.870978,8,2.4,0.0687832,3.38325
223,3.38732,0.811822,9,2.04667,0.0664219,3.42083
224,3.80541,1.08886,10,2.91333,0.0669267,3.13208
225,2.99679,0.908866,8,2.47333,0.0670359,2.87793
226,2.81567,0.982749,9,2.91333,0.0706964,2.72293
227,2.73405,0.786819,9,2.11333,0.0694371,3.27743
228,3.39568,0.857029,9,2.45333,0.0678486,3.01396
229,3.04197,0.864452,9,2.21333,0.0699351,3.14563
230,2.74822,0.916145,9,2.88,0.0717056,3.33225
231,3.01982,0.760595,9,2.13333,0.0682034,3.4299
232,3.06267,0.857097,9,2.4,0.0669911,3.16316
233,3.44868,1.07052,9,3.12,0.0665481,3.0377
234,3.79723,0.870703,10,2.51333,0.0677109,3.52535
235,3.07904,0.792928,9,2.22,0.0682585,3.1508
236,3.42185,0.804797,10,2.01333,0.0670644,3.07732
237,3.04588,0.899316,9,2.58,0.0739772,3.14509
238,3.01334,0.741446,10,1.97333,0.0688573,3.35155
239,2.726,0.992454,8,2.68,0.0711483,3.18461
240,2.63405,0.923603,8,2.42,0.0660654,3.08553
241,2.12496,0.842381,7,2.18,0.0676973,2.82162
242,3.39821,0.926479,9,2.56667,0.0697821,2.6886
243,3.41431,0.915423,10,2.55333,0.0690731,2.86696
244,2.76328,0.920293,9,2.78667,0.0681595,3.04461
245,3.56342,0.930501,10,2.68667,0.0688807,2.74451
246,3.05417,0.813191,9,2.16,0.0680773,2.94187
247,2.42715,0.641549,8,1.52667,0.0664277,2.65886
248,2.62206,0.675399,8,1.74,0.0652722,2.66643
249,3.04074,0.740683,8,2.04667,0.0666098,2.89081
250,3.11215,1.07936,10,3.04,0.0701299,2.68723
251,2.38906,0.877085,9,2.38667,0.0671951,2.9827
252,2.1495,0.646694,7,1.6,0.0662184,2.73172
253,2.81718,0.736361,8,1.94667,0.0649171,2.38511
254,2.75692,0.834514,9,2.16667,0.0680563,2.42478
255,2.71406,0.662226,9,1.6,0.0669877,2.62701
256,2.77573,0.666644,8,1.52667,0.06658,2.78979
257,3.79755,0.862868,10,2.25333,0.0702324,2.21249
258,3.1362,0.736643,10,1.74667,0.0676432,2.60344
259,2.49818,0.700722,7,1.72667,0.0681763,2.54054
260,3.44796,0.858294,10,2.77333,0.0682412,2.82885
261,3.36455,0.804107,9,2.41333,0.0711602,2.91448
262,2.69396,0.669941,8,1.83333,0.0654435,2.91006
263,3.09777,0.624831,9,1.59333,0.0633704,2.50166
264,3.06834,0.732975,8,1.82667,0.0680033,2.86126
265,2.7663,0.77189,8,2.16,0.0672838,2.65839
266,3.12479,0.675334,10,1.94667,0.0665257,2.86982
267,3.42546,0.878699,10,2.37333,0.0711569,2.99348
268,2.77468,0.766614,8,1.96,0.065291,2.61503
269,3.4437,0.869642,9,2.29333,0.0664412,2.58594
270,2.93057,0.738684,8,1.88667,0.070423,2.53701
271,3.4878,0.879763,10,2.53333,0.0713472,2.80293
272,3.04298,0.791253,9,2.24667,0.069722,2.60492
273,2.74738,0.846884,8,2.29333,0.0701234,2.856
274,2.7108,0.737507,8,1.87333,0.0681719,2.34129
275,3.05333,0.827269,9,2.20667,0.069019,2.32225
276,3.12122,0.906509,9,2.46667,0.0682013,2.37708
277,1.98132,0.493505,8,1.18667,0.0666477,2.86477
278,3.11927,0.703624,8,1.79333,0.0678541,2.2231
279,2.50863,0.5793,8,1.42,0.065645,2.44626
280,2.30625,0.653622,8,1.74667,0.0674099,2.69973
281,2.61814,0.765525,9,1.99333,0.0666657,2.42698
282,2.59817,0.572825,8,1.41333,0.066525,2.58581
283,1.70254,0.617838,7,1.31333,0.065544,2.2992
284,2.38512,0.633723,9,1.69333,0.0685139,2.65586
285,2.51708,0.74695,9,1.88,0.0676033,2.46021
286,2.64617,0.702585,9,1.70667,0.0699745,2.55104
287,2.63676,0.539178,8,1.24,0.0677302,2.57802
288,2.10527,0.539423,7,1.2,0.0679973,2.70425
289,2.48556,0.725722,9,1.77333,0.0663734,2.32571
290,2.45972,0.521395,6,1.04,0.0697362,2.45424
291,1.98808,0.570718,8,1.28,0.0725831,2.23256
292,2.39489,0.570682,8,1.34667,0.0685281,2.19567
293,3.34795,0.68303,10,1.62667,0.0676129,2.46549
294,2.77364,0.704518,7,1.67333,0.07097,2.38421
295,3.08529,0.629516,9,1.38667,0.0675572,2.28603
296,2.6618,0.745126,8,1.76667,0.0701357,2.2412
297,3.36448,0.658469,9,1.48667,0.0651919,2.17544
298,2.98939,0.609565,8,1.26,0.0689835,2.40318
299,3.21409,0.688077,9,1.54667,0.070974,2.41399
300,2.935,0.688084,8,1.64667,0.0682809,2.1191
301,3.33013,0.62511,9,1.42,0.0677582,2.35045
302,3.37621,0.64398,9,1.74,0.069993,2.39859
303,3.03716,0.596806,8,1.29333,0.0649172,2.32388
304,2.96796,0.574549,8,1.30667,0.0703173,2.46978
305,3.64326,0.590565,10,1.11333,0.0678379,2.0455
306,2.07171,0.574995,10,1.28667,0.0672403,2.06168
307,2.21604,0.542393,7,1.25333,0.0673354,2.40859
308,3.14188,0.683665,10,1.77333,0.0711204,2.17941
309,1.91975,0.568635,7,1.18667,0.0642298,2.38964
310,2.82374,0.617544,9,1.40667,0.069337,2.40061
311,2.485,0.608137,9,1.36,0.0634102,2.52424
312,2.34202,0.612362,7,1.28667,0.0657752,2.35437
313,3.47238,0.671639,9,1.52,0.0696951,2.50196
314,3.07508,0.71574,8,1.74667,0.0689507,2.43357
315,3.41158,0.842157,9,2.17333,0.0668802,2.57378
316,2.68486,0.775987,8,2.01333,0.0641873,2.49982
317,2.95938,0.747148,9,1.98,0.0660462,2.64967
318,2.68591,0.888626,9,2.48667,0.0662491,2.94048
319,2.6386,0.759779,8,2.00667,0.0662803,2.67977
320,3.05136,0.833013,10,2.30667,0.0705842,2.53206
321,2.72379,0.755478,8,2.24667,0.0699345,3.10022
322,2.07467,0.609117,7,1.59333,0.0665049,3.04898
323,3.46203,0.842397,10,2.38,0.0685803,2.63018
324,3.8116,0.920428,10,2.62667,0.0688142,2.88978
325,2.8422,0.836393,9,2.43333,0.0624176,2.83556
326,3.11725,0.891497,10,2.77333,0.0709545,2.97921
327,2.7483,0.714325,7,1.91333,0.0656996,2.71601
328,3.10381,0.742208,9,2.32667,0.0666433,3.07664
329,3.48594,0.863626,9,2.31333,0.0672275,2.62219
330,2.73105,0.795751,10,2.25333,0.0697476,2.84653
331,3.13412,0.891976,10,2.82,0.0722657,2.86182
332,2.80154,0.829192,8,2.42667,0.0696758,3.37331
333,2.72899,0.710839,10,1.91333,0.0641753,2.71245
334,2.80096,0.763717,8,1.86667,0.0653063,2.56872
335,2.8677,0.803318,8,2.04,0.0691799,2.98467
336,2.74287,0.818201,7,1.97333,0.0684302,2.59187
337,3.1568,0.978886,9,2.56667,0.0703438,2.47992
338,3.15031,1.03637,9,2.7,0.0704322,2.6781
339,3.39986,0.861551,9,2.24,0.0673967,2.68719
340,2.7078,0.742315,8,1.78,0.0687749,2.85397
341,3.42077,0.84565,9,2.28,0.0666256,2.71823
342,3.08204,0.898521,8,2.26,0.0656664,2.71458
343,3.46471,0.796217,10,2.17333,0.065871,2.32233
344,3.09616,0.852731,8,2.33333,0.0689779,2.9169
345,3.34427,0.738525,10,1.97333,0.0667564,2.73519
346,3.47616,0.751104,10,2.01333,0.065617,2.51974
347,3.0885,0.816591,9,2.26667,0.0698359,2.58309
348,2.78324,0.689221,7,1.48,0.064872,2.31817
349,3.04108,0.750945,8,1.78,0.0658647,2.35385
350,2.75495,0.859644,9,2.07333,0.0725164,2.47126
351,3.37336,0.696303,9,1.62,0.0659324,2.75535
352,3.68943,0.939782,10,2.53333,0.0711394,2.7101
353,3.71344,0.958386,10,2.58,0.0688389,2.84387
354,3.06597,0.836366,9,2.22667,0.0666204,2.96588
355,3.39173,0.968404,10,2.72,0.0660154,2.78601
356,3.67593,0.976469,10,2.68,0.0683642,3.03795
357,3.32448,0.941484,10,2.62667,0.0680615,3.09841
358,3.08047,0.700201,9,1.95333,0.0670707,2.9552
359,3.39239,0.816405,10,2.3,0.067273,2.64962
360,3.73427,0.873563,10,2.36,0.0665915,2.62416
361,3.46661,0.850812,9,2.08667,0.0635358,2.56069
362,2.97819,0.81609,9,2.03333,0.0681876,2.75467
363,3.65872,0.785625,10,2.10667,0.0663568,2.906
364,3.24766,0.79171,9,2.22,0.0664946,2.92811
365,3.11939,0.882084,9,2.36667,0.0681275,2.92012
366,3.30425,0.768342,9,1.86,0.0666099,2.77485
367,3.76705,0.851238,10,2.21333,0.0669382,2.43266
368,3.40558,0.84516,10,2.22667,0.0647417,2.64019
369,3.31421,0.748583,9,2.01333,0.0657913,2.69529
370,2.6774,0.687098,8,1.68667,0.0693137,2.99563
371,3.0135,0.857985,9,2.19333,0.0663274,2.43943
372,3.4317,0.702835,9,1.85333,0.0677604,2.67518
373,3.09466,0.835349,10,2.00667,0.0655269,2.52028
374,3.69587,0.890151,10,2.2,0.0675407,2.56374
375,3.39774,0.905745,10,2.1,0.0703539,2.4929
376,2.93696,0.778399,9,1.98667,0.0712563,2.87847
377,3.39113,0.81038,9,1.98667,0.0702841,2.3346
378,3.30971,0.911149,9,2.34,0.0723072,2.53667
379,3.05112,0.689451,8,1.63333,0.0647958,2.68722
380,3.72849,0.806305,10,2.19333,0.0697372,2.57009
381,3.10645,0.754466,8,2.01333,0.0710246,2.36863
382,3.69677,0.93762,10,2.48667,0.0693179,2.25892
383,3.14008,0.73977,9,1.90667,0.0676992,2.50334
384,3.0071,0.750136,10,1.82667,0.0678784,2.54789
385,3.13949,0.907779,8,2.12667,0.0654926,2.49773
386,2.7319,0.771219,9,1.76667,0.0684867,2.75804
387,3.16833,1.03289,9,2.69333,0.0703806,2.63121
388,3.38,0.832943,9,2.17333,0.0655453,2.69024
389,3.34531,0.900669,10,2.16,0.068832,2.57733
390,3.43343,0.934226,9,2.36667,0.0712204,2.46635
391,3.05953,0.748723,8,1.44667,0.0661035,2.4451
392,3.1216,0.786486,10,1.68667,0.0689809,2.39323
393,3.03233,0.615503,10,1.24667,0.0669399,2.3429
394,3.40707,0.857207,9,2.07333,0.0685757,2.05193
395,2.74668,0.839277,9,2.12,0.0706489,2.25641
396,2.80067,0.694004,9,1.82667,0.0687609,2.55704
397,2.54749,0.705957,8,1.82667,0.0669821,2.6163
398,2.71923,0.635962,7,1.33333,0.0676494,2.63323
399,2.73852,0.713877,9,1.66667,0.0670898,2.39705
400,3.39084,0.816968,9,2.10667,0.0694643,2.28406
401,3.15201,0.746774,9,1.80667,0.0677807,2.44988
402,2.83117,0.729174,9,1.86667,0.0701288,2.52191
403,2.81112,0.688432,8,1.7,0.0665507,2.51511
404,2.14138,0.682031,7,1.84,0.0676962,2.62119
405,2.49264,0.672994,8,1.74667,0.0672439,2.57612
406,3.28222,0.67557,10,1.62,0.0681007,2.3521
407,3.08256,0.822064,10,2.01333,0.0659322,2.35791
408,2.57791,0.689236,9,1.98667,0.068405,3.15861
409,3.36407,0.805363,9,2.2,0.0694984,2.63332
410,3.1427,0.853256,9,2.21333,0.0692296,2.47335
411,3.33441,0.830858,9,2.27333,0.0703876,2.81023
412,3.78016,0.885957,10,2.59333,0.070873,2.65184
413,3.05771,0.719257,9,2.09333,0.0666767,3.22414
414,2.99475,0.636704,10,1.56667,0.0687358,2.7442
415,3.7222,0.873358,10,2.20667,0.0678632,2.57495
416,3.38757,0.747664,10,1.78,0.0664349,2.5085
417,3.29969,0.730427,10,1.76,0.0662699,2.37355
418,3.71659,0.690444,10,1.7,0.0674014,2.29387
419,3.38419,0.793594,9,1.74667,0.0688457,2.40103
420,3.06145,0.693892,9,1.54,0.0661984,2.37306
421,3.05211,0.699137,8,1.34,0.0630073,2.27813
422,3.71789,0.763167,10,1.56,0.0672032,2.30953
423,3.39845,0.880107,10,2.04,0.0688538,2.17363
424,3.46537,0.727091,9,1.5,0.0655176,2.20257
425,3.47915,0.813243,9,1.85333,0.0634897,2.04752
426,3.67589,0.852157,10,2.06,0.068,2.53313
427,3.71668,0.930734,10,2.16667,0.0658644,2.19036
428,3.4732,0.940167,10,2.24667,0.070881,2.51074
429,3.02039,0.941851,9,2.53333,0.0707797,2.88842
430,3.07836,0.897617,9,2.45333,0.0669428,2.98474
431,3.70069,1.05298,10,3.01333,0.0704395,2.82663
432,3.14052,0.83478,8,2.23333,0.0718295,3.04254
433,3.83957,1.0504,10,3.06,0.0729764,2.94638
434,3.37027,0.887685,9,2.34,0.0690913,2.90107
435,3.35711,0.830371,9,2.04667,0.0675604,2.82169
436,3.36445,0.789059,9,1.68667,0.0657217,2.54726
437,3.47275,0.961874,10,2.35333,0.0681072,2.73443
438,3.09186,0.918204,9,2.19333,0.0690077,2.81898
439,3.78676,1.01465,10,2.65333,0.0683516,2.49387
440,3.67497,0.968579,10,2.46,0.0693448,2.67961
441,2.77648,0.840923,8,2.08,0.0671305,2.80967
442,3.46598,0.943872,10,2.63333,0.0660026,2.71738
443,3.47284,0.853586,10,2.28667,0.0679714,2.68884
444,3.05976,0.778462,9,1.96667,0.0683649,2.56567
445,3.10756,0.83117,9,2.16667,0.067644,2.73555
446,3.78083,0.885253,10,2.32667,0.0706474,2.78662
447,3.06268,0.78159,9,2.06,0.0660175,2.64334
448,3.36745,0.970908,9,2.59333,0.0700032,2.91283
449,3.16654,0.768209,9,1.88,0.0655393,2.7468
450,2.9932,0.769028,8,1.78667,0.0686056,2.63631
451,3.67765,0.748833,10,1.71333,0.0688563,2.91732
452,3.80276,0.853408,10,2.27333,0.0658818,2.59824
453,3.39356,0.839961,9,2.31333,0.0682942,2.68103
454,3.4482,0.756911,10,1.83333,0.0677451,3.05613
455,3.14049,0.6588,8,1.58,0.0680262,2.66401
456,3.10778,0.663747,9,1.72,0.0679238,2.38563
457,2.76738,0.672245,8,1.56667,0.0676026,2.47507
458,2.77639,0.739652,10,1.58,0.0687818,2.45593
459,2.96457,0.629292,9,1.20667,0.0649332,2.45176
460,3.09789,0.706661,9,1.38,0.0686668,2.46154
461,3.38184,0.671438,9,1.29333,0.0680857,2.41322
462,2.38628,0.561598,7,1.34,0.0669149,2.69481
463,2.44829,0.667565,9,1.47333,0.0674681,2.37044
464,3.38168,0.757343,10,1.84,0.0648416,2.64667
465,2.1499,0.599542,7,1.19333,0.0626341,2.74959
466,2.74355,0.647455,8,1.44667,0.0657635,2.58543
467,3.09669,0.707563,9,1.6,0.0657097,2.3762
468,2.7383,0.735132,9,1.69333,0.0666552,2.53482
469,2.8134,0.724165,9,1.75333,0.0723785,2.6931
470,2.68851,0.691895,7,1.48667,0.0645342,2.54929
471,3.29568,0.703645,10,1.34,0.0647442,2.42443
472,2.91405,0.680425,8,1.32,0.0694292,2.80486
473,2.9881,0.766241,8,1.72667,0.0689796,2.56151
474,2.76059,0.629052,8,1.32667,0.0679661,2.37265
475,3.55243,0.768966,10,2,0.0697785,2.70254
476,2.71146,0.601785,7,1.20667,0.0670609,2.79904
477,2.37131,0.605582,7,1.20667,0.0644391,2.56239
478,2.06408,0.562198,7,0.866667,0.0670005,2.23648
479,2.91311,0.694681,9,1.20667,0.0688539,2.34171
480,3.04152,0.674293,8,1.26667,0.066713,2.43329
481,2.68828,0.659551,8,1.24667,0.067997,2.76536
482,2.80164,0.705549,8,1.26,0.0670839,2.76062
483,2.50333,0.869578,8,1.96667,0.0685521,2.81648
484,3.0124,0.915643,10,2.59333,0.0708511,3.15032
485,2.97584,0.820748,8,2.08,0.0676291,2.70348
486,3.25451,0.693458,9,1.38,0.0638241,2.48141
487,3.05284,0.945659,9,2.31333,0.0692175,2.75122
488,2.67042,0.79552,9,1.69333,0.0676075,2.58464
489,3.08167,0.751699,9,1.78,0.0679575,2.66806
490,2.6833,0.721366,8,1.40667,0.0659876,2.49838
491,2.34037,0.587778,8,1.32667,0.0670942,2.79085
492,2.74782,0.773232,9,1.68667,0.0669224,2.42065
493,3.27925,0.799183,9,1.92,0.0651169,2.61308
494,2.69502,0.756598,8,1.64667,0.0668263,2.71258
495,2.67547,0.739466,9,1.66667,0.0691201,3.06534
496,2.68806,0.592137,7,1.19333,0.0625938,2.95224
497,3.32102,0.884165,10,2.11333,0.0691399,2.60083
498,2.96192,0.699552,9,1.64,0.0654044,2.79935
499,3.19954,0.844508,9,1.88,0.0696301,2.53508
500,2.92608,0.808567,8,1.75333,0.0656135,2.33109
501,2.6989,0.720227,7,1.49333,0.0652303,2.77253
502,2.68631,0.867357,9,2.18,0.0673986,2.68369
503,2.58801,0.788701,8,1.75333,0.0657412,2.75268
504,2.96299,0.922158,9,2.27333,0.0692246,2.78404
505,2.77909,0.8164,9,1.9,0.0676626,2.85364
506,2.92033,0.854698,9,2.15333,0.0689583,2.98399
507,2.8001,0.906517,9,2.28,0.0708029,3.02948
508,3.08725,0.924719,9,2.28667,0.0706011,2.92523
509,3.03774,0.935398,8,2.35333,0.0683634,3.00262
510,2.38856,0.719431,6,1.52,0.0645559,2.94954
511,2.62783,0.802328,8,1.63333,0.0669683,2.95816
512,2.96655,0.876492,9,2.06667,0.0652414,3.09496
513,2.72185,0.809065,8,1.84667,0.0657906,3.17948
514,3.01126,0.897132,9,2.22,0.0694643,3.55136
515,3.07418,0.754814,9,1.93333,0.069368,3.27297
516,2.37275,0.687594,8,1.4,0.0643281,2.91928
517,2.69254,0.859,8,1.98,0.0673026,3.17097
518,3.22982,0.847587,9,2.11333,0.0690956,3.0366
519,3.11892,0.702739,8,1.68667,0.0688339,3.27327
520,2.97139,0.695205,8,1.48,0.0668981,3.10829
521,3.03879,0.903569,8,1.85333,0.0686604,3.06334
522,2.81458,0.78538,10,1.79333,0.0667152,2.89496
523,2.68391,0.678749,7,1.58,0.0691804,3.07202
524,2.58326,0.729124,7,1.46667,0.0677737,3.04317
525,2.41986,0.82861,7,1.76,0.0695623,2.936
526,2.83172,0.866562,7,2.00667,0.0672142,3.07301
527,2.87456,1.03864,8,2.54,0.067015,2.66059
528,3.1846,0.932242,8,2.30667,0.0708368,2.91401
529,2.78082,0.924219,9,2.28,0.0709352,2.84822
530,2.30932,0.812185,7,1.80667,0.0690665,3.11193
531,2.79908,0.914106,10,2.22667,0.0670919,2.58516
532,2.71581,0.939884,9,2.36,0.0670216,2.81548
533,3.14303,0.9149,8,2.07333,0.0651067,2.54752
534,2.55311,0.834133,8,1.92667,0.0676462,2.89781
535,3.22707,0.831573,9,2,0.0686289,3.06757
536,2.42335,0.77859,6,1.84667,0.0652264,3.10522
537,2.47002,0.646664,8,1.42,0.0652862,3.08178
538,2.94928,0.848563,9,2.06,0.0675929,2.96557
539,2.78172,0.903366,10,2.26667,0.0709248,3.30886
540,2.46552,0.724946,8,1.60667,0.0685703,3.151
541,2.78645,0.853039,8,2.06,0.0687244,3.04158
542,3.36661,0.886189,9,2.14,0.0661459,2.98093
543,3.08924,0.877917,8,2.36667,0.0663352,2.90971
544,2.8056,0.719006,7,1.7,0.0672733,3.01654
545,2.46202,0.764849,9,1.86,0.0660082,3.08191
546,2.63939,0.74522,8,2.08,0.0688838,2.94765
547,2.8935,0.788628,9,2.12,0.0673828,3.06558
548,2.28291,0.609035,6,1.40667,0.066861,3.3599
549,2.77437,0.808831,7,2.06667,0.0648212,3.04736
550,2.96447,0.891873,8,1.94,0.0683523,3.05289
551,2.72749,0.786592,8,1.72,0.066362,2.99318
552,2.56882,0.875625,8,2.29333,0.0682518,2.88312
553,3.01821,0.827624,10,1.95333,0.066836,2.67873
554,3.00237,0.842886,8,2.13333,0.0675763,3.47887
555,2.49053,0.912565,10,2.36667,0.0666883,3.09547
556,3.00658,0.78733,8,1.78667,0.0683571,3.08764
557,3.42432,0.751165,9,1.88,0.0686936,2.95785
558,2.42187,0.631588,6,1.22,0.0658491,3.01962
559,2.75264,0.844605,8,2.28,0.0696522,3.27022
560,2.68513,0.790267,8,2.05333,0.0669235,3.3991
561,2.53646,0.736233,7,1.74,0.0655341,3.19367
562,2.66156,0.87188,9,2.04,0.0696873,3.14095
563,2.13992,0.624761,7,1.28,0.0659406,2.96234
564,2.83942,0.72606,10,1.63333,0.0665118,2.62805
565,2.55232,0.714496,7,1.50667,0.068503,2.98675
566,2.81739,0.788617,8,1.82,0.0704191,2.83205
567,2.65826,0.766472,9,1.81333,0.0697515,3.2036
568,3.05846,0.652048,8,1.38667,0.0676141,2.96003
569,2.63882,0.64146,10,1.64667,0.0687004,3.15622
570,2.72266,0.642838,9,1.44667,0.0664055,2.67008
571,2.39567,0.665353,8,1.47333,0.0682459,2.97907
572,2.97226,0.677507,8,1.48,0.0658083,2.71923
573,2.19649,0.613346,6,1.18667,0.0635782,2.60646
574,3.15885,0.795703,9,1.80667,0.0689775,2.80795
575,3.02534,0.869495,9,2.25333,0.0690305,3.11016
576,2.72018,0.833082,10,2.08667,0.0684547,3.00306
577,2.35081,0.651102,8,1.32,0.0605925,2.66041
578,3.0396,0.654867,8,1.40667,0.0664094,2.94862
579,2.98596,0.778861,9,1.83333,0.0666153,2.79521
580,3.38787,0.832442,9,1.89333,0.0671718,2.7505
581,2.53013,0.707586,9,1.58667,0.0680276,2.97434
582,2.62392,0.731497,8,1.77333,0.0662125,2.85644
583,2.62304,0.843657,9,2.25333,0.0663252,2.76156
584,2.96391,0.772285,9,1.94667,0.0688563,2.75364
585,2.10294,0.624488,7,1.22,0.0618209,2.67371
586,2.7048,0.787207,8,1.91333,0.0675779,2.82509
587,3.42472,0.81952,9,2.11333,0.0677373,2.93072
588,2.61754,0.908627,9,2.46667,0.0702046,3.19507
589,3.4373,0.933057,9,2.43333,0.0720842,3.01033
590,3.08146,0.911627,10,2.42,0.0694152,2.51005
591,2.76778,0.913288,9,2.37333,0.0704782,2.64356
592,3.45869,0.933856,10,2.46667,0.0693689,2.81555
593,2.65999,0.742165,8,1.62,0.0667569,3.01529
594,3.03802,0.72911,9,1.63333,0.0677586,2.84181
595,3.10218,0.773399,9,1.87333,0.0652499,2.43987
596,2.95292,0.831679,9,2.11333,0.0677864,2.75482
597,3.37964,0.927957,9,2.34667,0.0654968,2.70156
598,2.66907,0.784147,9,1.97333,0.0680632,2.77528
599,2.87066,0.75415,8,1.74667,0.0650114,2.84063
600,3.37884,0.806853,9,1.92667,0.0630281,2.55263
601,3.5921,0.77268,10,1.83333,0.0663774,2.75622
602,3.29978,0.790219,9,1.82,0.0669186,2.70494
603,2.73012,0.832008,9,2.09333,0.0704004,2.63323
604,3.30951,0.821922,9,2.08,0.0666828,2.68781
605,3.29878,0.849609,10,2.08667,0.0682965,2.36009
606,3.67102,0.892869,10,2.36,0.068896,2.45573
607,2.99475,0.835349,9,1.99333,0.0667216,2.46747
608,3.24629,0.874182,10,2.14667,0.0702122,2.89546
609,3.00433,0.859106,9,2.25333,0.0724754,3.00222
610,2.67385,0.676203,7,1.68667,0.0678777,3.01796
611,3.26919,0.799737,9,2.12,0.0709005,3.05208
612,3.02343,0.712593,9,1.72,0.0692052,2.66162
613,3.74085,0.828204,10,2.06,0.0701245,2.53424
614,3.29408,0.843694,10,1.76,0.0659913,2.76088
615,3.33591,0.808296,10,1.79333,0.0660906,2.90085
616,3.28381,0.921035,10,2.39333,0.0715306,2.66017
617,3.38257,0.780068,9,2.02,0.0680033,2.81637
618,2.96681,0.812984,8,2.02667,0.0678154,3.02484
619,3.05031,0.906569,8,2.02,0.0648225,2.90683
620,3.66669,1.01684,10,2.62667,0.0692076,3.26973
621,3.30184,0.793217,9,1.74667,0.0690846,3.15305
622,3.05835,0.686588,9,1.44,0.0678953,3.03555
623,3.06448,0.78875,9,1.76667,0.0659271,2.79671
624,3.06824,0.742849,9,1.86,0.0700452,2.87975
625,3.82583,0.831409,10,1.95333,0.0678173,2.55189
626,3.25099,0.818842,9,1.92,0.0667848,2.69729
627,3.16479,0.639399,10,1.48,0.065344,2.62618
628,3.48395,0.738144,9,1.49333,0.0704151,2.54813
629,3.11509,0.769106,9,1.84,0.0652192,2.61006
630,3.34077,0.796854,9,1.82667,0.0643287,2.52612
631,3.79708,0.727956,10,1.66667,0.0638826,2.57759
632,3.57394,0.792308,10,1.82667,0.0741193,2.71731
633,3.12578,0.762377,9,1.76667,0.0681734,2.75538
634,3.20277,0.676665,8,1.34,0.0615229,2.49781
635,3.79551,0.838597,10,1.80667,0.0684571,2.92296
636,3.72206,0.926125,10,2.34,0.0675332,2.63561
637,3.47524,0.815342,10,1.94667,0.0678707,2.75964
638,3.83885,0.798033,10,1.84,0.0691913,2.72986
639,3.47862,0.829919,9,1.82667,0.0663843,2.98947
640,3.6331,0.777645,10,1.64,0.0652273,2.56789
641,3.40935,0.878539,9,2.06667,0.0701321,2.7182
642,3.36724,0.763274,9,1.84667,0.069889,2.52393
643,3.35807,0.796743,10,1.95333,0.0651887,2.40921
644,3.16112,0.748645,9,1.75333,0.0679735,2.1627
645,3.46811,0.691312,9,1.48,0.0640793,2.32294
646,3.63663,0.888445,10,2,0.0660793,2.47118
647,3.07567,0.726704,8,1.47333,0.0688197,2.5485
648,3.13293,0.700311,8,1.38,0.0606761,2.28559
649,3.13266,0.852109,10,2.14667,0.0677091,2.54006
650,2.65357,0.728981,8,1.51333,0.0677621,2.67248
651,3.15699,0.675296,9,1.31333,0.069991,2.28531
652,3.4302,0.728291,9,1.6,0.0676847,2.50942
653,3.71298,0.794683,10,1.72,0.0669796,2.1415
654,3.68801,0.979684,10,2.42,0.0680066,2.55148
655,3.71998,0.862501,10,2.11333,0.0674308,2.65313
656,3.74082,0.837736,10,2.04,0.0671793,2.68334
657,3.38932,0.68348,9,1.63333,0.0667616,2.52629
658,3.7063,0.960964,10,2.46,0.0705412,2.46334
659,3.42938,0.951567,10,2.46667,0.0662574,2.58962
660,3.06155,0.809295,9,1.90667,0.0663578,2.53571
661,3.33792,0.788377,10,1.94,0.0675384,2.7853
662,3.33939,0.692933,9,1.57333,0.0663874,2.40693
663,2.79695,0.797875,9,1.9,0.0649753,2.33197
664,3.45692,0.90463,9,2.08667,0.0706324,2.53559
665,3.76489,0.969027,10,2.74667,0.0688347,2.50757
666,3.40868,0.918526,9,2.30667,0.0684178,2.75388
667,3.33748,0.86627,9,2.28,0.0686993,2.75218
668,3.37137,1.02863,10,2.83333,0.0693932,2.96347
669,3.2505,0.912996,9,2.28667,0.0659669,2.75034
670,3.68566,0.970066,10,2.57333,0.069278,2.78584
671,3.7546,0.970927,10,2.38667,0.0683624,2.5123
672,3.02178,0.822044,9,1.94,0.0655898,2.28532
673,3.43623,0.747159,10,1.80667,0.0667401,2.21735
674,3.45416,0.903661,10,2.16,0.0676944,2.26605
675,3.34343,0.809451,9,1.86,0.0669709,2.46859
676,3.10004,0.734228,9,1.58667,0.0658661,2.41321
677,3.08729,0.892661,10,2.16667,0.0657103,2.26096
678,3.04481,0.836557,9,2.10667,0.0671327,2.47941
679,3.30743,0.793914,9,1.79333,0.065511,2.55629
680,3.12814,0.836428,10,2.02667,0.0662067,2.70597
681,3.40147,0.974102,10,2.4,0.0686195,2.55514
682,3.13725,0.918397,9,2.28667,0.0670336,2.38603
683,3.42906,0.799888,9,1.7,0.0647849,2.19664
684,3.11853,0.708274,9,1.44,0.0635578,2.47472
685,3.35709,0.848651,10,2.08667,0.0710625,2.40206
686,3.45385,0.900485,10,2.20667,0.0693394,2.48902
687,3.34102,0.704714,9,1.51333,0.0642019,2.37187
688,3.41377,0.842115,9,1.95333,0.0656628,2.19482
689,3.44546,0.856251,9,2.11333,0.0697557,2.26874
690,3.43642,0.806743,10,1.92667,0.0668682,2.19157
691,3.72696,0.832219,10,2.19333,0.0715246,2.14978
692,3.78083,1.01193,10,2.64,0.0713762,2.10664
693,3.09821,0.747698,8,1.68667,0.0643483,2.42527
694,3.41438,1.05729,9,2.74,0.0717369,2.47597
695,3.48734,0.877358,10,2.24667,0.0678153,2.21232
696,3.47706,0.913117,10,2.34667,0.0658553,2.24061
697,3.07526,0.839526,9,2.01333,0.0672476,2.40414
698,3.37167,0.926806,10,2.26,0.0681259,2.02727
699,2.74883,0.799806,8,1.92667,0.0702804,2.73586
700,3.85229,1.08465,10,2.62,0.0692218,2.32371
701,3.78234,0.784815,10,2.12,0.0675978,2.38173
702,3.46929,0.959832,9,2.63333,0.0659631,2.36745
703,3.49971,0.792404,9,1.88,0.06885,2.14269
704,2.74931,0.75704,8,1.7,0.0653414,2.78979
705,3.86048,1.17366,10,3.10667,0.0712396,2.59519
706,3.06632,0.847333,8,2.12,0.0625406,2.40487
707,3.16384,1.09967,9,2.78667,0.0746184,2.80829
708,3.3844,0.951677,9,2.39333,0.0672973,2.66823
709,3.8548,1.23781,10,3.30667,0.0709924,2.52941
710,3.7572,1.23044,10,3.32667,0.0665018,2.3237
711,3.40923,0.93124,9,2.54667,0.0696581,2.7661
712,3.39648,1.02529,10,2.64,0.0682706,2.53286
713,3.19974,0.87486,9,2.34667,0.0644844,2.78724
714,3.45046,0.927406,10,2.16667,0.0671388,2.35879
715,3.42639,0.960101,10,2.41333,0.0698841,2.38352
716,3.68164,1.08268,10,2.98,0.0660541,2.35088
717,3.49734,0.951289,10,2.53333,0.0683328,2.49419
718,3.0982,1.02616,8,2.76,0.0665795,2.22839
719,3.44291,0.892129,9,2.19333,0.0682867,2.27343
720,3.43619,1.13698,9,2.87333,0.065539,2.39285
721,3.44873,1.00154,9,2.73333,0.0672111,2.58646
722,3.67602,1.0015,10,2.65333,0.0684294,2.4816
723,3.52314,1.06338,10,2.60667,0.067683,2.15902
724,3.15255,1.05096,9,2.48667,0.0658691,2.47602
725,3.48007,0.999994,9,2.52667,0.0717981,2.35535
726,3.4824,0.983952,10,2.43333,0.0705091,2.34007
727,3.75775,0.913521,10,2.47333,0.0703003,2.4017
728,3.48263,1.09983,10,2.88667,0.0698683,2.47514
729,3.88092,0.980116,10,2.58,0.071029,2.68057
730,3.3371,0.984937,9,2.45333,0.0676245,2.91065
731,3.44954,1.05028,9,2.84,0.0695791,2.70471
732,3.78197,1.07469,10,2.91333,0.0707754,2.69483
733,3.39918,0.927195,9,2.47333,0.0698471,2.44584
734,3.23202,1.06263,9,2.8,0.0687974,2.56901
735,3.39131,1.06115,9,2.79333,0.0696748,2.57988
736,3.56777,1.11022,10,2.99333,0.0669754,2.5087
737,2.75351,0.872629,7,2.24,0.0631407,2.77032
738,3.41983,1.10249,10,2.97333,0.0689674,2.65478
739,3.75095,0.882458,10,2.07333,0.067453,2.41211
740,3.84261,1.09421,10,2.74,0.06992,2.45429
741,3.19411,1.05496,10,2.9,0.067769,2.73714
742,3.67453,1.04807,10,2.82667,0.0686972,2.47783
743,3.38798,0.997549,9,2.53333,0.0661847,2.77301
744,3.46265,1.01291,9,2.64667,0.0689915,2.36971
745,3.45196,1.11483,10,2.94667,0.067747,2.41079
746,2.97675,1.02856,8,2.65333,0.0697335,2.75364
747,3.27714,1.11554,9,2.77333,0.0715308,2.71681
748,3.79142,1.0259,10,2.84,0.0690706,2.67857
749,2.96238,0.849878,10,2.15333,0.0651804,2.83052
750,3.5323,1.01941,10,2.74,0.0673978,2.55121
751,3.62319,1.19389,10,3.2,0.0679493,2.4035
752,3.51422,0.892933,9,2.60667,0.0678245,2.73661
753,3.66375,1.05369,10,2.72,0.0675727,2.29193
754,3.47088,1.02899,10,2.60667,0.065906,2.1684
755,3.82437,1.04233,10,3.00667,0.068261,2.37477
756,3.43615,0.992155,10,2.72,0.0669909,2.50913
757,3.67741,1.11517,10,3.22667,0.0691663,2.45378
758,3.41533,1.03146,9,2.68,0.0653912,2.28928
759,3.29745,0.941034,10,2.26667,0.0643989,2.48577
760,3.33667,1.01899,10,2.94,0.0673909,2.43099
761,3.3951,1.04396,9,2.88667,0.0641586,2.45956
762,3.6477,1.15396,10,3.28667,0.067875,2.27196
763,3.72112,1.13653,10,2.96,0.0648203,2.34239
764,3.08142,0.951169,9,2.55333,0.0642208,2.64451
765,3.77742,1.0211,10,2.74,0.0685114,2.17563
766,3.76402,1.13926,10,3.04,0.0700927,2.3771
767,3.70914,0.892601,10,2.34,0.0654728,2.11213
768,3.39286,1.04497,9,3.11333,0.0681263,2.31329
769,3.61582,0.942394,10,2.64667,0.0653924,2.60467
770,3.44747,1.04226,10,2.94,0.0677987,2.44523
771,3.05987,0.997269,8,2.79333,0.0663963,2.84661
772,3.39532,0.965213,10,3.32,0.0677771,2.57808
773,3.51408,0.998512,10,2.92,0.0690529,2.64582
774,3.80888,1.14731,10,3.38667,0.0655231,2.23933
775,3.77929,1.04291,10,3.08667,0.0691415,2.50407
776,3.31823,1.01677,9,3.32667,0.0694146,2.67551
777,3.50311,1.16284,9,3.21333,0.0698063,2.62938
778,3.16256,1.05586,10,3.06667,0.0668428,2.57717
779,3.47648,1.10929,9,3.39333,0.0686085,2.53553
780,3.3732,0.98782,9,2.84,0.0663154,2.50879
781,3.6334,1.0195,10,3.12667,0.0685522,2.40633
782,3.50053,0.939457,10,3.08,0.0702843,2.414
783,3.16629,1.04037,9,3.09333,0.0756495,2.43294
784,3.43805,0.957847,9,2.6,0.070868,2.47753
785,3.74528,1.05977,10,3.03333,0.0660967,2.42029
786,3.40392,1.05015,9,3.41333,0.0667826,2.86721
787,3.13274,1.07871,10,3.28667,0.0680406,2.69049
788,3.05183,0.874138,10,2.49333,0.0652557,2.38713
789,3.40401,1.14383,10,3.49333,0.065366,2.21409
790,3.48719,0.942701,9,2.75333,0.068142,2.36499
791,3.78529,1.01676,10,2.86,0.0658838,2.26614
792,3.41517,0.991824,9,2.58,0.0635781,2.21538
793,3.35727,0.971209,9,2.56667,0.0650168,2.28309
794,3.388,0.99464,10,2.44667,0.0695117,2.10291
795,3.50703,0.919834,10,2.56667,0.0662678,2.38027
796,3.79005,1.19682,10,3.53333,0.06516,2.32432
797,3.7684,0.931254,10,2.82667,0.0648915,2.46087
798,3.72391,1.04985,10,3.18,0.0705375,2.37912
799,3.42756,0.986419,9,2.86667,0.0672798,2.50824
800,3.17493,0.825251,9,2.36667,0.0617263,2.3561
801,2.7182,0.851322,9,2.42,0.0669049,2.69839
802,3.16698,1.13003,9,3.07333,0.0685328,2.30353
803,3.872,1.19548,10,3.32667,0.0672486,2.50482
804,3.37237,0.969907,9,2.68,0.0688808,2.40791
805,3.35273,0.963648,10,2.36667,0.0664685,2.27426
806,3.053,0.968381,10,2.63333,0.0688658,2.36096
807,3.015,0.865529,9,2.36,0.0656828,2.314
808,3.04929,0.83718,9,2.2,0.0670892,2.35991
809,3.74867,1.13582,10,3.2,0.0709602,2.18298
810,3.42598,0.853786,10,2.88667,0.0679483,2.40638
811,3.38888,0.736683,9,2.06667,0.0639313,2.66301
812,3.5004,1.00592,10,2.88,0.0675459,2.27732
813,3.45825,1.06668,10,3.24667,0.0711323,2.4463
814,3.52268,0.98096,10,2.70667,0.0693745,2.30883
815,3.36907,0.749508,10,1.88667,0.0656816,2.02775
816,3.56191,1.00715,10,2.43333,0.0709277,2.22404
817,3.3401,0.912285,9,2.28,0.0658839,2.22045
818,3.68713,1.06006,10,2.91333,0.0721268,2.4205
819,3.85571,0.928638,10,2.57333,0.0632273,2.12668
820,2.74738,0.812031,8,2.14667,0.0658128,2.70785
821,2.84923,0.984641,9,2.58,0.0684746,2.67463
822,2.74374,0.763248,9,2.21333,0.0648194,2.58104
823,3.22792,0.972781,10,2.74,0.0712528,2.44535
824,3.21491,0.901575,10,2.80667,0.0696425,2.24147
825,3.75146,0.894859,10,2.56,0.0686305,2.13874
826,3.78003,0.968179,10,2.50667,0.0710023,2.37479
827,3.34305,0.875027,10,2.5,0.0694168,2.35732
828,3.17081,0.862575,9,2.32667,0.0694221,2.38633
829,3.42308,1.07031,9,2.85333,0.0675774,2.52757
830,3.4856,1.05862,10,2.89333,0.0691543,2.72429
831,3.42529,1.18508,10,3.51333,0.0682875,2.39247
832,3.11426,0.918108,9,2.61333,0.0664366,2.52122
833,3.3238,1.00084,10,3.11333,0.0673723,2.84208
834,3.39593,1.02474,10,3.15333,0.0682535,2.44112
835,3.40732,0.932984,9,2.72,0.0622076,2.67038
836,3.25932,0.891732,9,2.88667,0.0672083,2.32813
837,2.99335,0.868044,9,2.58667,0.065249,2.45134
838,3.27718,0.981633,10,2.77333,0.0684142,2.28332
839,3.38849,1.10314,10,3.06667,0.0623098,2.19789
840,2.66338,0.817172,10,2.54,0.0650798,2.55599
841,3.08011,0.971004,9,2.60667,0.0701997,2.75879
842,3.36292,1.04615,9,2.70667,0.0669062,2.549
843,3.66885,0.999822,10,2.92667,0.0675862,2.58088
844,3.38832,0.932541,10,2.82,0.0679555,2.47935
845,3.2807,0.864804,10,2.53333,0.067516,2.65755
846,2.74657,0.779217,8,2.20667,0.0648718,2.61001
847,3.40245,0.812086,9,2.20667,0.0670486,2.42958
848,3.62791,1.0262,10,2.82,0.0690498,2.36099
849,3.51247,1.0695,10,3.06667,0.0656526,2.43389
850,3.39639,0.892369,10,2.78,0.0644122,2.56574
851,3.70902,0.794165,10,2.12667,0.0631567,2.6301
852,3.69671,0.888775,10,2.96667,0.0709204,2.68546
853,3.53994,0.982888,10,2.92,0.0678579,2.49185
854,3.01352,0.956831,10,2.64,0.0659263,2.28409
855,3.40327,1.02797,10,3.13333,0.0696509,2.44426
856,3.03967,0.887826,8,2.52,0.0665726,2.64637
857,3.08273,0.990745,10,3.06667,0.0663077,2.41578
858,3.32171,0.776524,10,2.54667,0.0668422,2.73778
859,3.36707,0.918786,10,2.68,0.0700687,2.69278
860,3.59851,1.07982,10,3.01333,0.0686251,2.5632
861,3.69335,0.959587,10,2.73333,0.0671748,2.7813
862,3.32656,0.924981,10,2.95333,0.0688155,2.74703
863,3.31752,0.966072,10,3.1,0.0685244,2.81845
864,3.62727,0.874068,10,2.4,0.0671353,2.61595
865,3.49986,0.961652,10,3.06,0.0701126,2.38981
866,3.84325,1.07838,10,3.29333,0.0667805,2.54379
867,3.46286,0.974526,10,3.26,0.0666762,2.51325
868,3.29564,0.733701,10,2.13333,0.0672245,2.56418
869,3.36691,0.794226,10,2.16,0.0648786,2.13774
870,3.38588,0.828149,10,2.14667,0.064465,2.2219
871,3.65212,0.922657,10,2.61333,0.0680172,2.69733
872,3.62705,0.9724,10,2.88667,0.0714674,2.81669
873,3.42789,0.997266,10,3.04,0.0685664,2.37431
874,3.37495,0.781766,10,2.35333,0.0649455,2.73738
875,3.05999,0.798734,9,2.04,0.0672078,2.56522
876,2.49792,0.725682,9,1.74667,0.0660275,2.52778
877,3.46579,0.744971,10,1.94667,0.065289,2.19394
878,3.39603,0.803783,10,2.18,0.0667757,2.47868
879,3.07807,0.747642,9,2.03333,0.0685796,2.54173
880,2.75022,0.64943,9,1.8,0.0663899,2.57093
881,3.09415,0.782882,9,2.18667,0.0649696,2.56122
882,3.00413,0.845986,9,2.42,0.0673057,2.56018
883,3.61771,0.942557,10,2.68,0.0666684,2.35713
884,3.33646,0.876816,10,2.91333,0.0676416,2.48606
885,3.05187,0.796546,10,2.35333,0.0688042,2.46722
886,3.46403,0.931316,10,2.88,0.0680788,2.24544
887,3.30639,0.798427,9,2.4,0.0644399,2.61104
888,3.41917,0.852374,9,2.32667,0.0652722,2.4567
889,3.10134,0.956695,10,2.77333,0.0674821,2.64937
890,2.91818,0.868231,9,2.39333,0.0659051,2.49894
891,3.27868,1.02159,10,3.12,0.0698186,2.42578
892,3.42295,1.0578,10,3.09333,0.0701018,2.45387
893,3.75776,1.1364,10,3.43333,0.0704916,2.4121
894,3.43649,0.865699,9,2.45333,0.0675773,2.39005
895,2.99601,0.863945,10,2.72,0.0709752,2.61736
896,3.68666,0.911869,10,3,0.0659815,2.11715
897,2.92138,0.777348,8,2.22,0.0685928,2.69177
898,2.81592,0.792277,9,2,0.0677524,2.06606
899,3.36824,0.985404,9,2.94667,0.0696884,2.46932
900,3.4862,0.816738,9,2.46,0.0663412,2.2751
901,3.74487,1.07062,10,3.09333,0.0697889,2.43662
902,3.79427,0.888063,10,2.87333,0.0687522,2.58577
903,3.09839,0.919988,9,2.61333,0.0636432,2.26368
904,3.14484,0.821609,9,2.32667,0.067409,2.35865
905,3.43646,0.890753,9,2.82667,0.0687005,2.56746
906,2.82242,0.828421,9,2.42,0.0698896,2.7528
907,3.45556,0.803441,9,2.09333,0.0660497,2.67591
908,3.41743,0.912234,9,2.55333,0.0676568,2.42817
909,3.90497,1.00753,10,2.99333,0.0696387,2.41231
910,3.70789,0.967144,10,2.72667,0.0707177,2.34197
911,3.43548,1.00074,9,2.56,0.0678049,2.16633
912,2.69538,0.802255,8,2.18,0.0657582,2.61668
913,3.69702,1.05971,10,2.84667,0.0701441,2.59248
914,3.45223,0.987609,10,2.66,0.0702703,2.60855
915,3.35884,0.97423,9,2.73333,0.0682755,2.62273
916,3.49229,1.06183,10,3.32,0.0664079,2.33671
917,3.35683,0.927663,9,2.76,0.0660317,2.3882
918,3.68566,0.871429,10,2.38667,0.067543,2.46646
919,3.12182,0.843269,10,2.56,0.0672692,2.41079
920,2.51481,0.785574,9,2.16667,0.0674139,2.48486
921,3.39192,0.833561,10,2.30667,0.0651534,2.13345
922,3.70295,0.943883,10,2.49333,0.0694536,2.14468
923,3.45571,0.921102,10,2.45333,0.067163,2.20709
924,3.43045,1.00454,10,2.72667,0.067683,2.34107
925,3.11313,0.832927,9,2.48,0.0640632,2.75244
926,3.16114,0.977063,10,2.72667,0.0683097,2.5777
927,3.04897,0.896354,9,2.6,0.0673489,2.36738
928,3.10546,1.1617,10,3.64,0.06927,2.48347
929,3.14392,0.938837,9,3.21333,0.0672874,2.61083
930,3.31564,0.92494,10,2.68667,0.0669833,2.45212
931,3.09921,1.01571,10,3.14667,0.0729332,2.59159
932,3.09907,0.932355,10,2.80667,0.0672282,2.54213
933,3.33202,0.994972,9,3.22667,0.0666999,2.47603
934,3.08225,0.950823,9,2.92,0.068511,2.75944
935,3.3961,0.928364,10,2.90667,0.0680381,2.42823
936,3.04161,0.839581,9,2.72667,0.0664653,2.54595
937,3.51013,0.927255,10,3.18667,0.0686778,2.3792
938,3.12443,0.922712,10,2.67333,0.065828,2.41608
939,3.08643,0.875575,9,3.04667,0.0706767,3.00225
940,3.40609,1.00177,10,2.97333,0.0639947,2.45098
941,3.43814,0.968058,10,3.01333,0.0739588,2.57036
942,3.08127,0.847871,8,2.72667,0.0676306,2.5867
943,3.46758,0.966519,10,3.20667,0.0694473,2.52994
944,3.37797,0.856703,10,2.77333,0.0696246,2.66418
945,3.41158,0.940035,10,3.06667,0.0676944,2.74486
946,2.74428,0.966114,9,2.95333,0.0664436,2.57583
947,3.07508,1.07064,9,3.06,0.0672631,2.59557
948,3.16933,0.93336,9,2.98667,0.0711319,2.56177
949,2.80812,1.03342,10,3.22667,0.0677564,2.06834
950,3.07122,0.928814,9,3.09333,0.0655076,2.37964
951,3.03708,0.907249,9,2.95333,0.0679041,2.42084
952,3.01718,0.824864,10,2.44667,0.0662434,2.7273
953,3.14676,0.97435,10,2.87333,0.0682265,2.81097
954,3.31513,0.761334,9,2.36,0.0683386,2.78992
955,3.64892,1.15868,10,3.64667,0.0678913,2.1327
956,2.96986,0.869088,9,2.84667,0.0676569,2.64394
957,3.47623,0.97219,9,2.88667,0.0669107,2.20546
958,3.26414,0.963252,10,2.86667,0.0697699,2.48005
959,3.35574,1.09302,10,3.00667,0.0685585,2.32963
960,3.75761,1.05427,10,2.98,0.0673864,2.42063
961,2.97783,0.920062,9,2.49333,0.066156,2.26098
962,3.0407,0.871756,9,2.48667,0.0625856,2.40067
963,3.27597,1.09972,9,3.46,0.069559,2.40292
964,3.3815,0.899962,9,2.69333,0.0668367,2.30898
965,3.22759,0.938496,10,2.73333,0.0699922,2.03458
966,3.68907,1.01878,10,2.74667,0.069154,2.13259
967,3.3678,0.857439,10,2.47333,0.0688477,2.14692
968,3.51015,1.01849,10,2.72,0.0690584,2.12566
969,3.30793,0.889302,10,2.74667,0.06643,2.25768
970,3.73953,1.03898,10,2.9,0.0650813,2.42554
971,3.49131,1.09586,10,3.03333,0.064783,2.50758
972,3.45295,1.26459,10,3.91333,0.0650698,2.53366
973,3.49873,1.10137,10,3.49333,0.066529,2.50937
974,3.38316,0.983514,10,3.02,0.0682704,2.60962
975,3.37502,0.955552,10,3.03333,0.0683646,2.85241
976,3.68593,1.199,10,3.59333,0.0692163,2.19381
977,3.74854,1.27223,10,3.91333,0.0709393,2.13945
978,3.75752,1.2792,10,3.89333,0.0705647,2.34007
979,3.45578,1.04265,10,3.23333,0.0692737,2.40097
980,3.08303,0.998034,9,2.92,0.0631855,2.41523
981,3.05989,0.970648,9,2.88,0.0656376,2.72014
982,3.43268,1.09298,9,3.18,0.071036,2.76381
983,3.52297,1.12905,10,3.72667,0.0710889,2.5078
984,3.40603,1.11922,9,3.17333,0.0709191,2.30477
985,3.83755,1.20433,10,3.59333,0.0711866,2.22204
986,3.43286,0.950509,9,2.77333,0.0699277,2.80658
987,3.31783,0.916889,9,2.58,0.0650979,2.78392
988,3.68646,0.97846,10,2.97333,0.0695796,2.52152
989,3.7616,1.33594,10,3.78,0.0692684,2.30947
990,3.76116,1.23795,10,3.73333,0.0704751,2.30992
991,3.42724,0.937562,9,2.63333,0.0702473,2.52298
992,3.54747,1.03201,9,2.74667,0.067597,2.10397
993,3.72336,1.2471,10,3.88667,0.0713069,2.48802
994,3.32688,1.02577,9,3.06,0.0662504,2.69805
995,3.65525,1.09781,10,3.36,0.0688021,2.72082
996,3.82445,1.16202,10,3.7,0.0684207,2.49368
997,3.36699,1.12399,9,3.34667,0.0681422,2.51095
998,3.1438,0.966809,9,2.71333,0.0681956,2.89919
999,3.33822,1.12525,9,2.98,0.0666775,2.53033
1000,3.20074,1.17021,9,3.2,0.0687146,2.44021
