1,12.023,4.32199,5,0.213333,0.067366,1.23212
2,14.1927,6.2731,7,0.16,0.0700755,1.10165
3,12.922,7.66716,1,0.00666667,0.070193,1.03182
4,11.5109,7.91429,5,0.08,0.0678508,0.48785
5,13.2503,8.40326,3,0.0533333,0.0683394,0.551329
6,14.603,7.94585,3,0.04,0.0649143,0.469221
7,14.1409,8.46729,6,0.0533333,0.0697732,0.571678
8,14.8452,8.69023,4,0.0933333,0.0693004,0.482121
9,13.4302,7.78516,1,0.0133333,0.0655174,0.548935
10,12.8196,7.65085,2,0.0333333,0.0663388,0.619201
11,17.5812,8.20247,7,0.1,0.0703227,0.663487
12,14.4988,7.73609,2,0.08,0.0661407,0.682839
13,14.6121,8.82628,2,0.0733333,0.0685782,0.765702
14,14.8232,7.76799,2,0.0733333,0.0674218,1.13802
15,15.1456,7.64312,4,0.106667,0.0655968,0.837128
16,13.735,7.76739,1,0.0466667,0.0690209,0.971529
17,16.341,7.98133,4,0.193333,0.067043,1.02053
18,17.1052,7.12364,4,0.173333,0.0657087,1.31201
19,13.8197,7.90167,6,0.146667,0.0672372,1.16363
20,16.6406,7.73683,4,0.2,0.0650285,1.23788
21,15.2136,7.28698,5,0.173333,0.0678789,1.33523
22,13.0667,6.79468,3,0.1,0.0666967,1.18928
23,15.9913,8.59769,4,0.14,0.0673241,1.20067
24,13.5581,8.34818,2,0.08,0.0691398,1.03741
25,13.2626,7.70372,3,0.0933333,0.0663361,1.23071
26,14.6199,8.65166,5,0.12,0.070563,1.13628
27,14.3686,8.70625,5,0.14,0.0682958,1.12587
28,16.7519,8.68861,7,0.2,0.0703592,0.996114
29,13.0247,7.73953,3,0.166667,0.0678703,1.05625
30,13.0857,8.29961,3,0.14,0.0682106,0.880672
31,12.8974,7.48832,2,0.0666667,0.0642329,0.975779
32,13.5699,7.96982,4,0.0733333,0.0646766,0.84337
33,15.637,8.22934,5,0.126667,0.0671265,1.00321
34,13.9122,8.07569,4,0.14,0.0667682,0.957865
35,16.1361,8.70243,4,0.106667,0.0717895,1.05034
36,15.5714,7.98664,5,0.213333,0.0686633,1.10003
37,16.6171,8.30885,5,0.113333,0.0702512,0.9381
38,15.0894,8.26475,3,0.14,0.0669939,0.875859
39,14.3444,7.58531,5,0.126667,0.0661652,0.879284
40,16.893,7.80853,4,0.12,0.067376,1.00551
41,17.8415,8.20991,3,0.0733333,0.0668634,0.875623
42,19.174,8.09778,8,0.146667,0.0662866,0.794418
43,13.8356,7.73985,5,0.14,0.0672709,0.850643
44,14.326,8.19373,2,0.0666667,0.0694517,0.84551
45,15.7102,7.87945,3,0.0933333,0.0663098,0.839633
46,16.2164,8.83253,5,0.06,0.0688871,0.906271
47,14.5067,7.8413,3,0.0933333,0.0658397,0.843997
48,15.8288,8.03069,3,0.0733333,0.0654618,0.864501
49,14.6652,8.21955,4,0.16,0.0667009,0.942771
50,17.1908,8.70692,4,0.173333,0.0682459,1.01498
51,15.8233,8.93936,4,0.146667,0.0709279,0.922752
52,16.9899,8.17317,5,0.186667,0.0671937,0.866062
53,16.198,8.34505,3,0.0933333,0.068167,0.814925
54,15.2267,8.87008,3,0.0866667,0.0695846,0.841923
55,15.4117,8.07551,3,0.0466667,0.0661877,0.78943
56,15.1709,9.11674,3,0.0866667,0.0676397,0.724033
57,16.5202,8.39919,5,0.193333,0.0683633,0.74205
58,14.8769,8.3706,3,0.0466667,0.0681039,0.691114
59,16.7356,8.97067,7,0.12,0.0690043,0.88247
60,15.5935,7.7757,6,0.113333,0.0636106,0.947066
61,15.2881,8.45883,5,0.166667,0.0686649,1.03103
62,16.7983,8.58121,4,0.14,0.0701581,1.09977
63,16.6763,7.77117,5,0.14,0.0638995,1.05783
64,16.7049,8.89008,2,0.0533333,0.0698637,0.970688
65,14.4141,7.40814,1,0.04,0.0628995,0.845049
66,15.7268,8.88564,3,0.0866667,0.0665665,0.861967
67,21.7562,8.50805,7,0.173333,0.0628785,0.919915
68,14.7736,8.32685,3,0.0866667,0.0657844,1.10473
69,16.3221,8.87791,6,0.24,0.0667842,0.980738
70,21.2988,9.75875,6,0.5,0.0708792,0.976882
71,21.2879,9.04914,6,0.433333,0.0651358,1.05218
72,17.1312,9.82292,7,0.32,0.0688161,1.03156
73,19.4721,8.82119,6,0.34,0.0674854,0.931768
74,16.5993,9.05358,5,0.306667,0.0647959,1.01365
75,18.1891,8.45415,7,0.346667,0.0639123,1.04202
76,17.4513,8.57493,5,0.3,0.0677284,1.00273
77,18.1288,9.55343,7,0.3,0.0688071,1.03654
78,19.8445,9.41585,7,0.426667,0.0704385,1.17451
79,18.1578,8.49597,5,0.306667,0.0650733,1.0528
80,18.7518,8.84441,7,0.506667,0.0648538,1.06752
81,18.7287,9.63114,3,0.366667,0.0672096,1.1057
82,18.6951,9.45573,5,0.273333,0.0706544,1.25373
83,18.1547,9.0336,5,0.306667,0.0684751,1.18937
84,15.3196,8.77263,4,0.3,0.0662496,1.22403
85,19.4639,9.45433,7,0.373333,0.0684531,1.18715
86,21.2586,10.2289,8,0.566667,0.0701888,1.03818
87,16.5321,8.098,4,0.24,0.0635023,1.0778
88,19.5981,9.20964,5,0.193333,0.0685459,1.09542
89,18.6656,9.36123,5,0.52,0.0705182,1.35699
90,17.5048,9.96526,5,0.386667,0.0669743,1.252
91,21.9215,9.46525,7,0.493333,0.0668024,1.28202
92,19.3554,9.32437,5,0.273333,0.0678191,1.17526
93,22.3439,9.65773,7,0.366667,0.0702517,1.33322
94,19.7881,9.43017,7,0.26,0.0676461,1.1359
95,20.3107,9.30654,5,0.38,0.0677929,1.35367
96,17.9715,8.90615,4,0.233333,0.0648741,1.17773
97,18.3046,9.14561,4,0.313333,0.0695573,1.42431
98,18.5617,9.39234,8,0.24,0.0695579,1.3598
99,22.3912,9.31434,7,0.4,0.0667197,1.27348
100,23.5988,9.74072,8,0.28,0.0681265,1.31155
101,18.9974,9.39517,5,0.226667,0.0668075,1.38127
102,20.8165,9.16135,5,0.266667,0.0691117,1.53072
103,16.5535,8.28983,5,0.32,0.0659218,1.33218
104,19.9856,9.06936,9,0.306667,0.0673397,1.26019
105,20.076,9.02657,9,0.46,0.0651727,1.24121
106,19.3129,8.69841,7,0.333333,0.0653144,1.29023
107,20.5063,9.76152,7,0.313333,0.0710031,1.41804
108,18.2782,8.7422,8,0.426667,0.0668035,1.41574
109,14.7725,8.50098,6,0.153333,0.0646069,1.29017
110,20.8188,9.23705,9,0.373333,0.0688946,1.32582
111,21.709,8.36502,7,0.226667,0.0631651,1.19482
112,23.5636,10.0106,9,0.52,0.0662415,1.23276
113,19.9514,9.16634,9,0.34,0.0676493,1.26616
114,23.6282,8.61143,9,0.346667,0.0670482,1.38178
115,22.9325,9.09134,9,0.36,0.0663441,1.18379
116,24.6737,9.82852,10,0.42,0.0690951,1.38783
117,19.2362,9.05279,7,0.466667,0.0676846,1.56109
118,22.926,8.74934,9,0.46,0.064544,1.29999
119,20.8103,9.1486,8,0.353333,0.0691062,1.68048
120,22.9438,9.60947,8,0.553333,0.0647837,1.42126
121,21.4111,10.4325,6,0.473333,0.0705928,1.64491
122,19.9877,9.92589,8,0.68,0.0680989,1.42924
123,19.4191,8.97016,5,0.246667,0.0662878,1.48982
124,22.6453,9.00401,8,0.366667,0.0657017,1.24862
125,22.1599,9.54895,7,0.32,0.0683786,1.30095
126,20.9698,9.18707,6,0.313333,0.0642989,1.2014
127,20.9862,9.4445,8,0.473333,0.0658588,1.22835
128,20.2179,8.04253,7,0.266667,0.0624946,1.29684
129,18.7302,9.63682,5,0.166667,0.066777,1.21157
130,20.7158,10.366,6,0.306667,0.0693597,1.18458
131,19.9095,9.06927,7,0.36,0.0662052,1.20281
132,20.3959,9.57413,8,0.34,0.0678518,1.29184
133,22.2151,10.24,8,0.373333,0.0704221,1.44581
134,21.0328,9.42716,7,0.32,0.0679053,1.14742
135,19.4904,9.98418,7,0.42,0.066625,1.34821
136,18.6973,9.96131,5,0.386667,0.0670332,1.45555
137,20.2692,10.0731,5,0.246667,0.0689194,1.41604
138,20.4871,10.2002,7,0.233333,0.0675688,1.11118
139,17.604,9.81695,5,0.333333,0.0654291,1.13078
140,19.689,9.69943,7,0.473333,0.0655693,1.28343
141,21.5473,9.68475,10,0.6,0.0684705,1.25853
142,22.8155,9.53492,10,0.46,0.0683086,1.40087
143,21.4154,9.75874,7,0.36,0.0689129,1.36154
144,19.669,9.479,6,0.34,0.066174,1.3023
145,19.738,9.8508,7,0.42,0.0667754,1.24852
146,20.1497,8.42267,6,0.3,0.0641972,1.23752
147,19.2768,9.88225,6,0.42,0.0682068,1.36896
148,17.0284,9.28429,7,0.306667,0.0688185,1.52911
149,19.5325,9.27316,7,0.34,0.0657645,1.34814
150,21.1031,9.27927,8,0.546667,0.0657676,1.33745
151,23.1388,9.00118,9,0.58,0.0667879,1.4833
152,23.9316,9.64754,9,0.613333,0.0673802,1.3469
153,15.6132,8.91085,5,0.386667,0.0683765,1.52751
154,20.8637,9.10531,8,0.326667,0.0678659,1.00486
155,22.1775,8.77625,8,0.393333,0.0666357,0.988679
156,22.3466,9.68438,8,0.36,0.0692412,1.14982
157,22.4343,10.0017,8,0.38,0.0666171,1.28226
158,20.2815,9.497,6,0.266667,0.0672263,1.49174
159,22.7519,10.3198,9,0.373333,0.0693585,1.50084
160,20.4554,10.6944,6,0.373333,0.0704946,1.32745
161,24.4062,10.6848,9,0.46,0.0691846,1.19085
162,23.8016,10.047,9,0.553333,0.0696017,1.36657
163,23.7975,10.4084,9,0.453333,0.0719333,1.40517
164,20.0412,10.2331,7,0.486667,0.0696913,1.23126
165,23.4102,10.7912,9,0.573333,0.0699911,1.53896
166,21.6318,10.4596,7,0.553333,0.0668647,1.20985
167,19.3667,8.84539,8,0.486667,0.0671461,1.30367
168,19.5511,10.2785,8,0.38,0.0712748,1.34807
169,20.5668,9.76845,7,0.333333,0.0677479,1.44734
170,20.3115,9.97242,9,0.64,0.0661735,1.40487
171,21.8939,9.66874,8,0.54,0.068831,1.55034
172,20.6689,10.4721,8,0.48,0.0682783,1.39482
173,21.4472,9.51228,9,0.58,0.0668464,1.54991
174,19.8983,10.1992,7,0.806667,0.0672662,1.36951
175,20.2274,10.0489,7,0.666667,0.06548,1.27886
176,21.8359,10.6816,8,0.793333,0.0669313,1.38
177,22.947,10.5109,9,1.03333,0.0663231,1.36211
178,16.4325,7.80489,6,0.68,0.0619332,1.39164
179,22.6682,10.6879,9,0.98,0.0681954,1.54031
180,23.5212,9.83795,9,0.946667,0.0671487,1.5691
181,24.1243,11.9807,10,1.20667,0.069216,1.81922
182,24.651,9.45208,10,0.866667,0.0665705,1.61863
183,19.9503,9.27611,9,0.92,0.0677265,1.60468
184,21.4471,10.2684,9,1.06,0.0682788,1.8542
185,22.3721,10.5264,9,1.22,0.0671106,1.87684
186,23.4239,11.1168,10,1.02667,0.0693736,1.79025
187,22.4473,10.7516,10,1.26667,0.0659668,1.84754
188,22.0382,10.2682,8,1.12667,0.0667856,1.77156
189,22.2931,11.8416,10,1.08,0.06988,1.65563
190,22.2905,10.7945,9,0.92,0.0704217,1.7576
191,24.0257,9.99865,9,0.986667,0.0675132,1.93053
192,21.0357,10.7671,7,0.993333,0.0695986,2.01216
193,24.2213,8.89966,9,0.98,0.0615155,1.64017
194,24.6679,10.3575,10,0.993333,0.0711543,2.13692
195,20.4248,9.9307,8,0.933333,0.0683524,1.98909
196,20.1587,9.14016,10,0.933333,0.064808,2.13805
197,21.9228,10.4386,9,0.773333,0.0692245,2.08869
198,24.1575,10.7812,9,1,0.0692731,2.02856
199,22.5029,10.6017,8,0.966667,0.0686078,2.05132
200,21.0111,10.4898,8,1.05333,0.0670272,1.99106
201,20.6584,10.2448,9,0.866667,0.0684635,2.00361
202,20.3348,9.12566,9,0.706667,0.0648391,1.8474
203,19.2172,9.16246,8,1.03333,0.0645443,1.90066
204,23.909,10.7144,10,1.16,0.0669513,1.92012
205,19.8148,9.08658,8,0.793333,0.0644729,2.18061
206,21.0982,9.94528,8,0.9,0.0645996,1.86102
207,24.6586,10.6098,10,1.07333,0.0687568,1.84365
208,19.2909,9.06847,6,0.633333,0.0645147,1.92561
209,22.628,9.44014,9,0.606667,0.0676986,1.83353
210,23.2908,10.2425,9,0.74,0.0694151,1.5917
211,20.5437,9.36681,7,0.873333,0.0639752,1.64123
212,24.4779,11.3814,9,0.94,0.0698912,1.67885
213,20.5764,10.6312,9,0.986667,0.0700003,1.91448
214,19.3926,9.32808,8,0.52,0.0672114,1.88082
215,21.7887,10.2985,10,0.62,0.0691855,1.80943
216,22.086,9.49985,8,0.64,0.0649377,1.47481
217,24.7169,9.98874,10,0.98,0.0684967,1.73088
218,20.5619,9.66854,8,0.706667,0.0680115,1.70923
219,22.1237,9.97534,9,0.666667,0.0703007,2.0897
220,22.4265,10.9645,10,0.74,0.0679243,1.78836
221,20.1016,10.1912,9,0.733333,0.070943,1.75743
222,21.3511,10.0445,8,0.566667,0.0697555,1.56638
223,23.7302,9.3292,10,0.626667,0.0675927,1.5544
224,21.9829,9.87078,9,0.593333,0.0659988,1.81147
225,22.4176,10.6312,10,0.96,0.0695555,1.91263
226,24.6393,9.70958,10,0.713333,0.0670293,1.75694
227,21.9179,10.4374,9,0.633333,0.0671475,1.52144
228,19.7778,9.71503,9,0.78,0.0650143,1.67424
229,22.6283,10.4076,8,0.693333,0.0677262,1.78682
230,21.1901,10.5564,7,0.606667,0.0667717,1.60097
231,20.4707,9.37446,7,0.56,0.067361,1.71537
232,22.4165,10.484,8,0.653333,0.0659526,1.43387
233,24.3372,10.4831,9,0.6,0.0692469,1.76924
234,22.6585,10.2779,9,0.753333,0.0666235,1.55343
235,22.8609,10.6388,9,0.6,0.0690279,1.64162
236,22.4728,9.99627,9,0.533333,0.0660868,1.70332
237,21.2451,10.3568,7,0.633333,0.0688099,1.86025
238,22.7185,10.0221,9,0.733333,0.0664475,1.73881
239,24.661,10.792,10,0.7,0.06818,1.81676
240,24.6479,10.3195,10,0.68,0.0672824,1.50273
241,22.1942,10.5624,9,0.8,0.0689755,1.77666
242,21.5768,10.4487,9,0.913333,0.0686135,1.73956
243,22.8375,10.4134,9,0.64,0.0697132,1.73101
244,21.5589,10.0469,8,0.66,0.068851,1.69473
245,19.6968,10.5985,7,0.62,0.0686054,1.74055
246,24.2823,10.724,10,0.813333,0.0677899,1.62372
247,23.2435,10.9043,9,0.926667,0.0680058,2.02458
248,23.0253,9.83923,8,0.66,0.0649819,1.68461
249,23.5002,11.4876,9,0.866667,0.072576,1.89491
250,20.5818,8.9819,8,0.606667,0.0642858,1.83213
251,24.3264,10.706,9,0.7,0.071079,1.67315
252,22.4593,11.0084,10,0.84,0.068004,1.70959
253,21.6822,10.5462,8,0.853333,0.0659761,1.67464
254,24.314,11.4979,9,0.853333,0.0744985,1.8932
255,20.4237,10.0269,7,0.64,0.0679265,1.67196
256,23.7512,10.4569,9,0.786667,0.067571,1.82545
257,22.4563,11.706,10,0.893333,0.0710086,1.67237
258,22.4093,11.0918,10,0.713333,0.0678843,1.69849
259,21.1945,10.5677,6,0.74,0.0684081,1.93415
260,22.0922,9.97453,8,0.606667,0.0683537,1.84446
261,21.6658,10.2132,9,0.686667,0.0701186,1.94239
262,23.7033,11.7069,9,1.16,0.0715851,2.06151
263,21.0034,10.5672,9,0.826667,0.0666785,1.91548
264,19.2927,10.5992,7,0.68,0.0686324,1.77411
265,22.8196,10.3334,9,0.786667,0.0677494,1.78814
266,22.4089,10.9188,10,1.12,0.0688306,1.93501
267,20.3119,10.4044,8,0.9,0.0676855,1.93983
268,24.6196,10.9026,10,0.786667,0.069953,2.33384
269,24.6303,10.0187,10,1.18,0.063528,2.08324
270,23.0646,10.5475,8,0.573333,0.0689009,2.45105
271,22.2656,9.79941,8,0.6,0.0663452,2.12592
272,24.6003,10.5509,10,0.673333,0.0697094,2.14642
273,23.1692,10.4645,9,0.846667,0.0664448,2.25511
274,22.2527,10.245,9,0.86,0.0676601,1.93681
275,24.6179,10.5798,10,0.846667,0.0698273,2.05476
276,23.4919,9.64698,9,0.5,0.0650065,1.83727
277,23.693,10.0593,9,0.653333,0.0678034,2.04513
278,22.4769,10.8088,10,0.786667,0.0690539,1.75683
279,24.6269,10.416,10,0.88,0.0666823,1.61804
280,24.6244,10.9166,10,1.10667,0.0682199,1.95796
281,23.2009,10.5065,9,0.906667,0.0710192,1.9321
282,21.2948,9.65428,8,0.813333,0.075329,2.16465
283,20.3511,8.84377,6,0.446667,0.0688204,1.85255
284,23.7885,10.3771,9,0.74,0.070473,1.69319
285,20.8737,9.49474,10,0.7,0.067621,1.68328
286,22.4756,9.81972,10,0.8,0.0671739,1.92256
287,24.1699,9.05174,8,0.74,0.0677111,2.08611
288,24.1799,9.84947,9,0.88,0.0666873,1.98482
289,23.1652,10.5975,8,1.02,0.067894,1.94003
290,21.4844,10.1781,7,0.686667,0.0710197,1.74157
291,24.6386,10.3643,10,0.72,0.0691341,1.52997
292,22.9395,10.9725,9,0.926667,0.0708638,1.6906
293,23.5636,11.2374,10,1.08,0.0732468,1.75558
294,24.6703,9.99885,10,0.626667,0.0687872,1.58809
295,24.6344,10.7843,10,1.11333,0.069153,1.6572
296,24.661,11.6505,10,1.02,0.0683549,1.76611
297,22.9575,9.09198,8,0.666667,0.0626548,1.71005
298,24.6444,9.22826,10,0.986667,0.0670261,1.83507
299,24.6562,10.2732,10,0.906667,0.06587,1.46468
300,24.6427,9.94141,10,1.10667,0.0670724,1.6425
301,24.6444,10.1905,10,1.01333,0.0668542,1.56002
302,23.6077,10.3862,9,0.986667,0.0669493,1.48652
303,24.6244,10.6926,10,1.08,0.0690128,1.75231
304,24.6379,11.0082,10,1.12,0.0688308,1.714
305,24.6151,11.0617,10,1.32,0.0665139,1.62494
306,22.9208,11.5928,9,1.34,0.0693004,1.7684
307,22.3959,11.0733,10,1.46667,0.0692519,1.67706
308,22.4103,11.0343,10,1.50667,0.0681123,1.81602
309,22.4287,10.711,10,1.45333,0.0668118,1.72461
310,24.6196,10.1084,10,1.14667,0.0664498,2.02246
311,23.3396,10.5229,9,1.28667,0.0654819,1.65871
312,21.0424,8.90038,8,0.92,0.0632329,1.7264
313,24.6327,10.9251,10,1.45333,0.0670182,1.58358
314,24.6262,11.549,10,1.49333,0.0702658,1.70258
315,22.8308,11.0032,9,1.45333,0.0677557,1.92771
316,23.4156,10.9142,9,1.42667,0.0677943,1.68181
317,22.4,10.6972,10,1.15333,0.0678319,1.7424
318,22.3842,10.3823,8,1.12,0.0687201,1.73319
319,22.4397,9.74426,10,1.14667,0.0696231,2.07107
320,24.6651,10.4253,10,1.13333,0.0667198,1.68339
321,21.9085,10.8888,9,1.41333,0.0687474,1.80197
322,24.6244,10.3851,10,1.56667,0.0658845,1.73855
323,22.7819,10.7894,9,1.54667,0.0657762,1.6774
324,22.9101,10.4379,9,1.16667,0.0681819,1.73537
325,23.4329,12.2722,9,1.42667,0.0686896,1.94617
326,20.9886,9.68021,9,0.86,0.0649155,1.86848
327,22.8025,10.851,9,1.39333,0.0635694,1.51071
328,23.3857,10.6046,9,1.32,0.0676833,2.08823
329,24.6493,11.8438,10,1.94,0.0663401,1.95588
330,24.6079,11.6319,10,1.42,0.069784,1.7692
331,24.6103,10.3736,10,1.41333,0.0675844,1.76876
332,24.6079,9.88359,10,1.28667,0.0680057,2.06563
333,21.7309,10.102,8,1.29333,0.0664508,1.65159
334,24.6562,10.1917,10,1.28667,0.0674774,1.79165
335,22.9557,10.4265,9,1.16,0.0676704,1.90585
336,24.662,10.6597,10,1.42667,0.064287,1.81097
337,23.5343,10.2798,9,0.926667,0.0676374,1.97076
338,22.8713,9.67412,9,0.9,0.0666724,1.90317
339,23.6947,10.3326,10,1.16,0.0667697,1.7069
340,24.1275,10.7878,9,1.32,0.0661562,1.87568
341,24.6179,10.9605,10,1.43333,0.0692676,1.65
342,24.6869,10.0055,10,1.09333,0.0657519,1.91273
343,24.6344,11.4815,10,1.62667,0.0712228,1.83648
344,24.6654,11.2132,10,1.32667,0.0668943,1.71472
345,22.7282,10.6129,9,1.05333,0.0697469,1.99635
346,22.8016,10.2556,9,0.98,0.0699344,1.94187
347,24.6403,10.3102,10,1,0.0661951,1.75578
348,24.6037,12.023,10,1.67333,0.069391,1.96011
349,24.6262,10.5136,10,1.22,0.0668185,1.99652
350,24.6262,10.6893,10,1.57333,0.0670592,2.03588
351,24.6579,11.0651,10,1.50667,0.0692847,2.03772
352,22.2958,10.9083,10,1.26,0.065553,1.67223
353,24.602,11.5933,10,1.34667,0.0705288,2.0848
354,23.1476,11.2158,9,1.43333,0.070093,2.08244
355,24.6144,9.79628,10,0.933333,0.0669168,1.90115
356,24.6244,10.5719,10,1.1,0.0662308,1.89834
357,24.6379,11.0105,10,1.4,0.0674091,2.02638
358,22.4938,9.92372,9,1.1,0.0656303,2.19624
359,24.6203,10.8595,10,1.31333,0.0665664,1.99575
360,24.603,11.334,10,1.54667,0.0648991,1.88846
361,24.6244,11.0461,10,1.48,0.0695293,2.11304
362,24.6344,11.1474,10,1.34667,0.0683186,2.22145
363,24.6803,11.2338,10,1.16,0.0740299,2.21271
364,24.5937,11.061,10,1.36,0.0682927,2.10073
365,24.632,11.5332,10,1.50667,0.0709312,2.07726
366,24.6562,10.5521,10,1.26667,0.0666203,1.92584
367,24.6362,10.6091,10,1.38667,0.0647381,1.74895
368,22.8083,10.9241,10,1.17333,0.067424,1.91738
369,24.6269,10.9201,10,0.866667,0.0687905,1.99991
370,24.7103,11.4218,10,1.32,0.0636649,1.88047
371,23.836,10.2911,9,1.14,0.0663734,1.9
372,24.6362,11.7327,10,1.6,0.0670441,2.1713
373,24.6596,11.1949,10,1.34667,0.0683687,2.10119
374,24.6327,11.3122,10,1.2,0.0652592,1.82068
375,24.6403,10.5033,10,1.26667,0.0725358,2.0942
376,24.6386,12.3629,10,1.83333,0.067768,2.03259
377,24.6593,10.4472,10,1.32667,0.0648559,2.05571
378,24.6479,12.8601,10,1.92667,0.0689206,2.15408
379,23.4279,11.2785,9,1.42667,0.0665355,2.19148
380,24.6679,12.3495,10,1.54,0.0964423,2.36667
381,24.6862,11.8431,10,1.56667,0.0690184,2.15595
382,24.661,12.1959,10,1.7,0.0682328,2.13292
383,24.6203,12.3482,10,1.86667,0.0674894,2.07351
384,24.1664,11.1217,10,1.45333,0.0669805,2.19405
385,24.6686,10.8825,10,1.62667,0.0662434,2.35951
386,24.6586,10.0786,10,1.04667,0.0651803,2.1169
387,24.6362,12.0422,10,1.67333,0.0702622,2.18531
388,24.6603,11.2641,10,1.42667,0.0675954,2.04779
389,24.6444,10.9855,10,1.16,0.066935,2.09719
390,24.7144,12.311,10,1.78,0.0725868,2.44359
391,24.6527,10.5383,10,1.26,0.0664275,2.15862
392,24.6686,11.1677,10,1.4,0.0664715,2.38965
393,24.7044,11.7918,10,1.48667,0.0671144,2.50384
394,24.6486,11.4635,10,1.38667,0.0674879,2.4895
395,24.6762,10.7387,10,1.04667,0.0645477,2.04658
396,23.6902,11.7454,9,1.26667,0.0719559,2.34721
397,24.6737,11.6113,10,1.24667,0.0679859,2.16196
398,24.6944,12.1147,10,1.63333,0.0705701,2.27684
399,24.6296,10.2659,10,1.46,0.0645617,2.26554
400,24.6727,11.1981,10,1.47333,0.0666715,2.28466
401,24.6544,10.574,10,1.23333,0.0696102,2.29244
402,24.6762,12.0881,10,1.43333,0.0705919,2.23663
403,24.6903,12.0307,10,1.77333,0.068194,2.11674
404,24.6786,10.5503,10,1.20667,0.0640131,2.10471
405,24.6537,11.0389,10,1.72667,0.0671783,2.31383
406,24.6803,11.6636,10,1.58,0.0690963,2.46126
407,24.6569,11.3763,10,1.82667,0.0658956,2.28227
408,24.6827,11.7077,10,1.69333,0.0701196,2.56017
409,24.6469,11.0526,10,1.76,0.0639042,2.48871
410,24.6762,12.2707,10,1.92,0.0715983,2.6533
411,24.6793,12.2878,10,2.34667,0.0717021,2.39396
412,24.7037,12.741,10,2.17333,0.0691192,2.46153
413,24.6769,12.6225,10,2.37333,0.0678491,2.39459
414,24.6644,12.9001,10,2.35333,0.0709116,3.02901
415,23.8523,11.1451,9,1.88667,0.0661877,2.72062
416,24.662,12.3595,10,2.32,0.066982,2.69321
417,24.6403,11.8977,10,2.24667,0.0675879,2.65338
418,24.6486,12.4674,10,2.35333,0.0719176,2.54522
419,24.6637,11.2895,10,2.28667,0.0666872,2.50528
420,24.6254,13.3595,10,2.91333,0.0735132,2.36562
421,23.6695,9.75278,10,1.76,0.0630905,2.63826
422,24.6162,12.5877,10,2.46,0.0703442,2.93462
423,24.6662,12.3524,10,2.4,0.067482,2.53324
424,23.0822,11.9134,10,2.07333,0.0669903,2.80979
425,24.6162,11.5607,10,1.88667,0.0666098,2.76707
426,24.702,11.8897,10,1.85333,0.0663518,2.70239
427,24.6313,11.5113,10,2.07333,0.0691157,3.02164
428,24.6186,11.383,10,2.11333,0.0670389,2.92095
429,24.6279,11.9236,10,1.93333,0.0712738,2.86207
430,23.7067,11.5877,9,1.45333,0.0670562,2.71631
431,24.6179,12.391,10,1.88667,0.0711529,2.91607
432,24.5962,11.9021,10,1.99333,0.0670796,2.97056
433,24.6196,11.2014,10,1.9,0.067331,2.86144
434,24.6579,12.5426,10,2.38667,0.0708705,2.71165
435,24.642,12.5146,10,2.52667,0.0820611,2.75131
436,24.612,12.3402,10,2.41333,0.0664999,2.66056
437,23.6723,11.268,10,2.01333,0.0661471,3.05645
438,24.6686,12.275,10,2.29333,0.067692,3.05107
439,24.4354,11.5636,10,2.13333,0.0639081,2.634
440,24.6386,11.8754,10,1.83333,0.0676911,2.8175
441,24.7286,10.9871,10,1.62667,0.065201,2.73477
442,24.115,12.7723,9,2.00667,0.0693874,2.75144
443,24.6251,12.3577,10,1.86667,0.065276,2.79549
444,24.7351,12.6295,10,2.24,0.0684971,3.004
445,22.8748,11.0802,9,1.92667,0.068495,2.97667
446,24.7244,12.0946,10,2.24667,0.0685035,2.87351
447,22.6659,10.5276,10,1.76,0.0635479,2.96725
448,24.7062,12.6049,10,2.13333,0.0698389,2.7968
449,24.7086,12.7833,10,2.05333,0.0695581,2.77752
450,24.7144,12.9408,10,2.62,0.0693217,2.63769
451,24.6244,11.6622,10,2.16,0.0705224,2.94621
452,24.0089,11.6464,9,1.97333,0.0658296,2.74996
453,24.7351,12.5247,10,2.64,0.0692337,2.82925
454,24.692,12.346,10,2.36667,0.0690684,2.89409
455,24.6227,11.7955,10,2.13333,0.0670292,2.99806
456,24.6269,12.0074,10,1.97333,0.0671641,3.02092
457,22.2205,10.8982,9,1.84667,0.0666005,2.95236
458,21.2137,11.3722,8,1.99333,0.0666653,2.9269
459,24.6944,12.3179,10,2.46667,0.070146,2.73991
460,24.6262,12.0432,10,2.08,0.0690261,2.81393
461,24.7127,12.5845,10,2.51333,0.0675894,2.81676
462,24.7286,12.8811,10,3.21333,0.0676483,3.09233
463,24.702,12.3868,10,2.75333,0.0681498,2.91772
464,24.6262,11.6691,10,2.35333,0.0654022,2.41919
465,24.7127,12.3367,10,1.98,0.0697879,3.1309
466,23.3092,11.3759,10,1.89333,0.0702853,3.14914
467,22.8395,11.7358,10,2.21333,0.0663302,2.92119
468,22.9063,11.4828,10,1.98,0.0658475,2.83766
469,24.6086,11.9403,10,2.31333,0.0675118,3.15371
470,24.6403,12.6384,10,2.25333,0.0693717,2.64071
471,24.6196,13.1712,10,2.56667,0.0684762,2.83417
472,24.6096,12.4734,10,2.30667,0.0691344,2.85852
473,24.1613,10.4007,9,1.36667,0.0660682,3.02237
474,24.6303,11.8404,10,1.81333,0.0667176,2.78565
475,20.0938,11.2941,7,1.67333,0.0672302,2.83494
476,22.9555,11.4459,10,1.9,0.0681697,2.78857
477,23.5423,11.4921,9,1.95333,0.0693044,2.83175
478,22.9533,12.5548,9,2.22,0.0690826,2.83427
479,23.3688,11.7217,10,2.02667,0.0683747,2.67984
480,24.6269,10.5323,10,1.36667,0.0691856,2.70523
481,24.065,10.8834,9,1.54,0.0681685,2.69251
482,23.2675,10.475,9,1.42,0.0662731,2.5555
483,23.8354,11.9973,9,1.57333,0.0685999,2.59284
484,23.1716,11.8878,9,1.64667,0.0702423,2.57468
485,24.6079,11.8026,10,1.58667,0.067902,2.52044
486,22.9866,12.3162,10,1.83333,0.0694029,2.41074
487,24.6369,11.3633,10,1.67333,0.0671535,2.82401
488,20.5911,10.7863,9,1.42667,0.0677058,2.39151
489,22.2445,10.9094,9,1.23333,0.0668748,2.3772
490,22.414,10.6759,10,1.52667,0.0650961,2.38471
491,22.4869,10.844,10,1.53333,0.0689206,2.36391
492,23.3879,11.9202,10,1.38667,0.0675351,2.48458
493,19.5283,10.9319,8,1.16667,0.0673758,2.46071
494,21.2686,11.0863,9,1.48,0.0695613,2.4641
495,22.3596,10.5601,9,1.32667,0.0660755,2.55176
496,22.4869,12.0295,10,2.14667,0.0675554,2.77676
497,23.5126,10.5831,9,1.41333,0.0663595,2.48197
498,23.9736,10.6268,9,1.48667,0.0705683,2.72938
499,23.943,10.7194,9,1.26667,0.0676186,2.48771
500,24.6427,8.81035,10,1.16667,0.0648814,2.58106
501,22.4642,11.4526,10,1.76,0.0664915,2.36002
502,24.3672,10.555,9,1.42,0.0637257,2.24316
503,21.8048,10.3371,9,1.18,0.0661977,2.38983
504,19.7477,9.86497,10,1.27333,0.0667161,2.35061
505,22.3869,10.9443,9,1.36,0.0676483,2.21906
506,22.9889,12.2386,10,1.48667,0.0717019,2.38066
507,23.5257,10.7677,9,1.30667,0.0664182,2.05034
508,20.6557,10.4652,8,1.02667,0.0680323,2.4032
509,24.4064,8.97522,9,0.953333,0.0609354,2.0188
510,19.7267,9.78105,8,0.913333,0.0654295,2.4956
511,17.2404,9.26382,7,1.02667,0.0632716,2.36812
512,20.0463,9.73352,7,0.993333,0.0656147,2.24086
513,21.266,11.092,8,1.19333,0.070225,2.26818
514,24.7244,10.2223,10,1.17333,0.0657029,2.04733
515,23.3088,9.33103,8,0.806667,0.0650635,2.22032
516,21.7182,10.1157,10,1.10667,0.0680578,2.2287
517,19.7007,10.2977,8,0.993333,0.0675781,2.02833
518,21.0986,10.6276,8,1.02667,0.0679544,2.07345
519,21.9091,11.0809,8,0.933333,0.068319,2.10163
520,22.6821,9.88526,7,0.86,0.0706823,2.08036
521,23.6846,10.7599,9,1.12667,0.0680799,2.09045
522,24.1099,10.5029,10,1.34,0.0640262,2.18479
523,24.1826,11.4625,9,1.5,0.0698017,2.23803
524,19.6585,10.4467,8,1.36667,0.0666407,2.39193
525,20.6969,10.2848,8,1.14,0.0694002,2.51817
526,23.338,10.319,8,0.9,0.0688004,2.3999
527,21.0999,8.87893,9,0.88,0.0644491,2.19241
528,24.2292,11.3783,9,1.19333,0.0716301,2.55111
529,22.1858,9.86996,10,1.01333,0.0649389,2.37731
530,21.8505,10.2908,8,1.15333,0.0680716,2.46565
531,21.6308,9.06788,9,0.886667,0.0661429,2.56043
532,21.7907,9.99063,9,0.893333,0.0675738,2.62855
533,20.6044,9.51697,7,0.906667,0.0633102,2.25107
534,21.9955,10.5248,8,0.953333,0.0670738,2.54607
535,22.1437,9.44818,9,0.933333,0.0680017,2.26644
536,22.4014,10.1132,9,0.98,0.0675162,2.14126
537,23.8923,10.9287,9,1.33333,0.0678814,1.98649
538,22.8911,9.63418,10,1.07333,0.067065,2.22611
539,21.0204,8.85146,8,0.893333,0.0642285,2.0135
540,20.3935,9.30289,8,1.08,0.0668633,2.36025
541,20.8955,9.81061,9,1,0.0693943,2.28737
542,23.2043,10.1833,9,0.826667,0.0683502,2.15267
543,23.5708,10.2819,9,1.18,0.0690081,2.12544
544,24.6262,9.6347,10,0.96,0.0663387,2.12002
545,17.7187,9.07642,7,0.646667,0.0667452,2.27581
546,24.6503,10.355,10,0.92,0.0694668,2.19042
547,19.0717,9.22589,8,0.78,0.0683703,2.19688
548,18.4912,9.23737,7,0.82,0.0643463,1.92247
549,20.9488,10.6646,8,1.24,0.0673532,2.13298
550,21.9235,9.54631,8,1.23333,0.0656065,2.37518
551,22.6577,10.5775,9,1.26,0.0691115,2.12939
552,22.1966,9.97085,9,0.793333,0.0665963,2.24171
553,21.2819,9.73042,9,0.753333,0.0696604,2.04919
554,18.088,9.14292,8,0.573333,0.0649611,1.81927
555,24.6279,9.62604,10,0.86,0.0657052,1.71708
556,21.676,9.03065,8,0.666667,0.0631292,1.91309
557,23.4273,9.96732,9,0.62,0.0684011,1.84486
558,20.7682,9.32337,9,0.893333,0.0633939,1.9737
559,23.2266,10.489,9,1.26667,0.0670433,2.18203
560,22.4393,10.0818,10,0.906667,0.0667224,2.21457
561,24.0457,10.641,9,1.2,0.0685315,2.05071
562,23.0325,10.3607,9,1.26667,0.0707553,2.22456
563,20.7677,9.44681,9,1.00667,0.0660154,1.99693
564,22.7101,9.887,9,1.08,0.0685231,2.10954
565,24.632,10.0324,9,1.05333,0.064712,1.95036
566,24.1419,10.7891,10,1.47333,0.0698589,2.03706
567,23.7723,9.63071,10,1.13333,0.0652606,1.99111
568,24.0382,10.2482,10,1.07333,0.0683658,1.95094
569,20.2047,9.13547,9,0.953333,0.0656806,1.98827
570,21.6548,10.1639,7,0.786667,0.0687634,1.80664
571,21.1732,9.07698,8,0.693333,0.0668787,1.84554
572,22.5888,9.74338,9,0.793333,0.0713837,1.96683
573,21.1183,9.54885,8,0.953333,0.0665007,1.6171
574,19.8167,9.10702,8,1.06667,0.0630355,1.7875
575,22.3848,10.1994,10,1.14,0.0701128,2.0065
576,20.1769,8.96545,8,0.873333,0.0649904,1.55586
577,22.41,9.2041,9,0.873333,0.0660242,1.66613
578,23.453,9.54424,10,0.86,0.0667914,1.7203
579,21.5365,8.94071,8,0.8,0.0675791,1.75659
580,22.478,9.60839,8,0.9,0.0635334,1.56246
581,20.925,9.47497,9,1.04,0.0664526,2.11731
582,22.4372,9.59564,10,1.02,0.0657484,1.62046
583,22.6869,10.2838,10,0.946667,0.0664159,1.61715
584,21.9555,9.52891,8,0.686667,0.0675043,1.67959
585,23.6836,9.50475,8,0.706667,0.0677182,1.63106
586,22.4622,9.41869,8,0.846667,0.0671484,1.80403
587,21.0582,9.19089,8,0.546667,0.0660269,1.6824
588,23.4522,10.5291,9,1.02667,0.0696902,1.76997
589,21.1112,9.77559,8,0.753333,0.0666513,1.64004
590,21.4608,10.5165,8,0.88,0.0699059,1.43961
591,20.8081,9.36403,7,0.753333,0.064341,1.41475
592,24.2282,9.9353,9,0.846667,0.0668405,1.51236
593,23.1148,11.5464,10,0.993333,0.0706876,1.76209
594,24.6037,11.0866,10,0.906667,0.0696841,1.61963
595,24.114,10.2599,9,0.58,0.0666258,1.44836
596,24.1382,10.9979,8,0.766667,0.0696335,1.52202
597,23.3305,10.3165,9,1.06667,0.0657408,1.48272
598,22.3664,11.0743,9,0.986667,0.068086,1.69758
599,24.1533,10.7399,9,0.98,0.0684961,1.5585
600,23.4985,10.9596,9,0.893333,0.0681607,1.6139
601,22.3929,10.7517,10,0.786667,0.069834,1.56671
602,24.1406,10.1918,9,1.05333,0.0648337,1.54121
603,22.2462,11.1135,9,1.10667,0.0670775,1.91965
604,24.7044,11.2302,10,0.986667,0.0689467,1.90002
605,24.6279,11.6917,10,1.44,0.0674632,1.65197
606,24.6279,10.6749,10,1.4,0.0675302,1.81449
607,23.7425,11.5096,9,1.22667,0.0723828,1.9743
608,21.9686,10.047,8,0.82,0.0660328,1.64114
609,23.5395,10.0692,9,0.766667,0.0677653,1.59341
610,23.0339,9.60497,9,0.886667,0.063738,1.31517
611,23.3749,11.4661,9,1.11333,0.0681341,1.7836
612,23.6905,11.2759,9,1.15333,0.0702863,1.9202
613,23.7575,10.554,10,1.21333,0.0668766,1.67767
614,24.6262,10.597,10,1.32667,0.0628156,1.58963
615,24.6362,10.949,10,1.29333,0.0659681,1.70234
616,24.6362,10.4888,10,1.21333,0.0679966,1.52416
617,24.6044,10.645,10,1.32,0.0658543,1.58866
618,21.8713,9.44572,8,0.9,0.0658796,1.89989
619,22.7453,10.1791,9,1.22667,0.0671157,1.6029
620,24.6786,9.69561,10,1.16,0.0657816,1.69159
621,22.6641,10.517,10,1.49333,0.0666152,1.65156
622,19.4517,9.25013,8,1.02667,0.0669749,2.01093
623,23.7767,9.87467,9,1.18,0.0665908,1.61393
624,24.5979,10.3945,9,1.48667,0.0671375,1.95909
625,24.6603,10.218,10,1.72667,0.0686943,1.84928
626,22.4648,9.91878,10,1.48,0.0640812,1.89234
627,21.2688,10.2327,9,0.966667,0.0672237,2.00759
628,22.9083,9.68998,10,1.15333,0.0664984,1.58177
629,24.2023,9.57699,10,0.966667,0.0670611,1.41906
630,23.0728,9.43874,9,0.913333,0.0650364,1.56067
631,23.8543,9.09931,9,1.02,0.0670467,1.60504
632,20.4488,9.78099,9,1.5,0.0678783,2.18565
633,22.7425,10.6017,10,1.75333,0.0674934,2.30776
634,22.1886,10.9751,9,1.93333,0.0697872,2.31668
635,23.5112,10.5996,9,1.55333,0.0652515,2.04383
636,24.053,10.2162,9,1.46667,0.0661402,2.19941
637,23.495,11.1763,10,1.59333,0.0668667,2.08622
638,23.0079,11.2186,9,1.42667,0.0702791,2.26968
639,22.8719,10.2121,10,1.56667,0.0638969,1.94957
640,23.0592,11.2214,10,1.77333,0.0682751,2.29069
641,22.2496,11.0382,10,1.6,0.07078,2.3282
642,22.2661,10.6709,10,1.98667,0.0643494,2.11448
643,22.8356,11.6612,9,1.92667,0.0687073,2.50479
644,20.6504,10.6739,8,1.68667,0.0692948,2.4969
645,23.8286,8.48023,9,1.14667,0.0620137,2.39619
646,24.642,11.2134,10,1.77333,0.0690921,2.21504
647,21.7022,10.6268,9,1.72,0.0679499,2.23414
648,23.216,9.98934,9,1.22,0.0660531,2.13832
649,21.2631,9.96847,9,1.23333,0.0675809,2.18646
650,19.3457,9.43377,8,0.906667,0.0661867,1.93941
651,20.1338,10.3021,8,1.19333,0.0659552,1.97753
652,21.9296,9.75633,8,0.96,0.0678872,1.97348
653,22.3913,9.7625,9,1.09333,0.0648951,1.87062
654,23.4125,10.4634,9,1.06,0.0672832,1.87744
655,24.1675,11.7443,10,1.29333,0.0704732,1.84664
656,23.2542,10.3741,9,1.24,0.066086,1.94416
657,24.6879,10.3864,10,1.40667,0.0681974,2.00129
658,24.6703,9.88375,10,1.27333,0.0659433,2.11548
659,21.4909,10.6661,9,1.24,0.0676305,1.91978
660,22.0585,11.2505,10,1.79333,0.0684045,2.28299
661,24.6244,10.976,10,2.00667,0.0647464,1.99032
662,20.095,10.0212,8,1.37333,0.0654403,2.24068
663,24.6403,9.57609,10,1.30667,0.0649424,2.3091
664,24.6362,11.1337,10,1.44667,0.0689313,2.30525
665,20.413,10.0138,9,1.24,0.0613309,1.89048
666,24.671,11.4675,10,1.68,0.0691452,2.24123
667,20.8517,10.4253,8,1.42667,0.068053,2.1283
668,24.622,10.697,10,1.68667,0.065654,2.05637
669,21.8161,10.6392,9,1.32667,0.0665556,2.21275
670,21.9137,9.25672,8,1.18667,0.0677538,2.21514
671,22.5562,8.66764,8,1.02,0.06454,1.89103
672,24.7003,10.6696,10,1.46667,0.0664712,1.86367
673,23.1112,9.89651,9,1.44667,0.068792,2.06322
674,23.507,10.843,9,1.43333,0.0685721,1.86746
675,22.2734,10.0541,10,1.26,0.0687466,2.18223
676,22.7121,9.83434,10,1.52,0.0650733,2.02581
677,23.6192,10.6608,9,1.41333,0.0702049,2.44161
678,24.7103,11.1621,10,1.67333,0.0666468,2.03806
679,23.7867,10.7067,9,1.96,0.0670134,2.34428
680,24.7062,11.3824,10,1.66667,0.0666251,2.10743
681,24.6603,11.4289,10,1.93333,0.0664005,2.09951
682,22.6653,9.50458,8,1.70667,0.0637356,2.32562
683,21.3054,11.429,8,1.99333,0.0688768,2.1921
684,24.6762,10.4695,10,1.60667,0.0669855,2.21327
685,21.2781,10.1758,8,1.61333,0.0667437,2.30326
686,22.4822,10.6872,9,1.56667,0.067631,2.08037
687,22.1638,9.81769,9,1.19333,0.0627541,2.34987
688,23.5176,11.3935,10,1.56,0.0715602,2.30241
689,23.5167,10.9186,9,1.43333,0.0696252,2.1499
690,22.9592,9.77408,9,1.24667,0.0655405,2.12882
691,24.044,9.69835,9,1.07333,0.0671686,2.24833
692,22.5659,10.0625,8,0.693333,0.0677342,2.05654
693,23.6656,10.9124,9,0.973333,0.0699368,1.98065
694,19.9503,10.0227,8,0.986667,0.0664559,1.72627
695,23.4616,9.55116,9,0.853333,0.0665785,1.70306
696,22.8228,10.9697,9,1.19333,0.0670582,1.84946
697,23.4212,10.6983,9,0.973333,0.0671187,1.56483
698,24.642,10.1748,10,1.05333,0.0657847,1.77762
699,24.4262,10.0802,9,1.09333,0.0667775,1.97217
700,22.9143,10.2483,10,0.96,0.0657825,1.91735
701,21.3285,9.43035,7,0.853333,0.0659508,1.88215
702,19.2425,9.43168,7,0.78,0.0668173,1.8702
703,21.7603,10.0271,8,0.973333,0.0687329,1.66402
704,22.344,10.6358,9,1.26667,0.0705357,1.96362
705,22.8075,9.87197,9,0.773333,0.0658369,1.43661
706,22.3442,10.1222,8,0.753333,0.0689783,1.54646
707,22.4029,10.4423,9,1.01333,0.0684433,1.47321
708,18.0427,9.29423,7,0.78,0.0675587,1.61733
709,20.8948,9.88985,8,0.833333,0.0717228,1.65256
710,20.7492,10.2558,8,0.833333,0.0687477,1.56127
711,22.8111,10.408,8,1.02,0.0694097,1.73669
712,22.1898,9.77127,9,1.14667,0.0658505,1.51456
713,20.3712,9.94376,8,1.35333,0.067623,1.60152
714,21.1128,9.84067,9,1.09333,0.0690003,1.64399
715,22.7835,10.5658,9,1,0.0705291,1.60072
716,22.5677,10.3068,9,0.893333,0.0701687,1.69558
717,21.0769,10.2576,7,0.893333,0.0705491,1.73864
718,22.4319,9.73633,10,0.673333,0.0655819,1.48236
719,21.4649,8.86362,7,0.76,0.064421,1.87581
720,24.6344,10.3182,10,1.06,0.067451,1.73061
721,22.1786,9.51621,9,0.84,0.0700525,1.96553
722,22.4176,10.4807,9,0.873333,0.0678461,1.75569
723,19.8485,8.5591,7,0.573333,0.0671089,1.78471
724,19.8095,9.34559,9,0.56,0.0673324,1.589
725,21.0645,9.59575,9,0.826667,0.0682558,1.56926
726,20.9108,9.3776,8,0.686667,0.0681241,1.76524
727,21.5245,9.59808,8,0.786667,0.0687422,1.73804
728,19.5273,9.45304,7,0.513333,0.0682471,1.60154
729,22.0654,10.3262,9,0.853333,0.0679388,1.58006
730,22.7877,10.1122,9,0.666667,0.0698724,1.70834
731,22.2815,11.178,8,0.873333,0.0701427,1.75467
732,21.5758,9.46479,8,0.506667,0.0698158,1.79359
733,22.2268,9.17519,8,0.52,0.0636191,1.56997
734,21.0999,9.00508,8,0.633333,0.0658216,1.75
735,18.5676,9.27241,6,0.54,0.0682219,1.98064
736,20.959,9.4463,7,0.586667,0.0683557,1.91667
737,23.0608,8.95212,8,0.54,0.0650084,1.60197
738,18.5137,9.1254,6,0.426667,0.0666791,1.87748
739,19.8686,9.52685,8,0.553333,0.0682457,2.04337
740,18.8727,9.1578,6,0.48,0.0661549,1.86817
741,20.4625,9.73188,5,0.366667,0.0650792,1.41934
742,19.4271,9.4665,5,0.42,0.0673342,1.81819
743,23.4782,10.3215,8,0.986667,0.070373,1.92236
744,19.3627,8.94011,6,0.5,0.0661821,1.79842
745,21.5195,10.5065,8,0.813333,0.0723899,1.90814
746,22.2362,10.0914,9,0.8,0.0674008,1.64634
747,21.6492,9.89254,9,0.76,0.0663071,1.80877
748,21.8048,9.76017,9,0.706667,0.0698041,1.83547
749,20.8025,9.81719,9,0.52,0.0686552,1.7509
750,19.0932,10.3015,8,0.433333,0.0680212,1.69438
751,21.8301,9.39126,8,0.493333,0.0659221,1.43305
752,19.9247,8.81718,8,0.406667,0.0689325,1.59185
753,22.1815,8.36696,7,0.413333,0.0669028,1.44253
754,20.4159,9.28007,8,0.573333,0.0667557,1.40234
755,18.6137,10.9318,7,0.6,0.0697791,1.48632
756,21.3007,9.2697,8,0.446667,0.0646973,1.49333
757,21.2247,8.74532,8,0.526667,0.0674233,1.7902
758,22.0742,10.4604,8,0.506667,0.07145,1.50715
759,19.9012,9.96498,9,0.833333,0.0686549,1.82841
760,22.6026,9.36853,8,0.86,0.066502,2.02811
761,20.6224,8.72147,7,0.686667,0.0660785,1.64511
762,18.8961,9.24649,7,0.626667,0.0684644,1.4861
763,17.0105,7.87594,6,0.373333,0.0644341,1.55707
764,18.0489,9.19822,9,0.66,0.0688216,1.46148
765,20.7615,10.2104,8,0.773333,0.0690036,1.67484
766,22.2826,9.50197,9,0.666667,0.0679447,1.77724
767,19.0101,9.64774,8,0.633333,0.0685212,1.85531
768,19.3282,8.85844,9,0.54,0.0686305,1.53822
769,19.642,9.56647,6,0.56,0.0678675,1.67077
770,22.4683,9.30252,6,0.413333,0.0680917,1.71728
771,19.6721,9.25895,7,0.246667,0.0683572,1.72178
772,21.8086,9.49348,7,0.366667,0.0694736,1.65062
773,20.0604,9.52774,7,0.446667,0.0707856,1.79666
774,21.3531,9.10917,7,0.3,0.0675234,1.48221
775,19.6371,10.384,5,0.326667,0.0709242,1.62486
776,24.1789,9.10433,6,0.36,0.0680284,1.66004
777,18.8834,8.8364,8,0.42,0.066284,1.64126
778,19.2737,10.6234,5,0.346667,0.0700426,1.44771
779,22.3901,8.86739,7,0.266667,0.0639557,1.42331
780,19.0148,10.1785,6,0.54,0.0681158,1.68132
781,18.8175,9.07117,6,0.306667,0.0651742,1.27946
782,23.1939,8.7803,8,0.48,0.0652436,1.39464
783,20.6209,9.87895,9,0.486667,0.0699047,1.43866
784,21.8415,9.54837,7,0.546667,0.069146,1.45526
785,20.4752,8.55937,2,0.1,0.0670162,1.34712
786,18.08,8.79139,6,0.393333,0.0669385,1.41548
787,20.7059,8.7252,9,0.286667,0.0663327,0.993291
788,23.336,9.67771,9,0.506667,0.0679877,1.1331
789,20.4612,8.15773,8,0.38,0.0677817,1.24138
790,22.9772,9.04877,5,0.246667,0.0669836,1.22432
791,23.1445,8.88425,4,0.24,0.0676052,1.06878
792,24.154,9.55337,10,0.48,0.0684149,1.10844
793,23.8396,8.87189,9,0.5,0.0700734,1.48354
794,20.4257,7.99626,7,0.28,0.0630104,1.22181
795,20.7615,9.3492,6,0.113333,0.0674755,1.0716
796,23.5592,8.81636,9,0.313333,0.0670941,1.15125
797,22.536,9.79223,9,0.346667,0.0678966,1.27816
798,22.3326,9.53,9,0.38,0.0679933,1.15983
799,22.5986,9.67797,7,0.453333,0.0690666,1.31003
800,18.9569,8.94565,4,0.32,0.0669943,1.44109
801,20.0493,8.56674,6,0.366667,0.0647519,1.26404
802,24.0389,9.38853,9,0.406667,0.0681879,1.31826
803,22.289,8.88719,9,0.526667,0.069023,1.54254
804,19.5711,8.8461,8,0.56,0.0687641,1.16468
805,19.0063,9.18121,8,0.413333,0.0658617,1.07041
806,19.1138,9.1623,9,0.333333,0.0684809,1.15767
807,19.7897,8.05621,8,0.253333,0.0651445,1.15185
808,18.8982,8.48354,7,0.266667,0.0651323,1.09246
809,19.4618,8.05004,8,0.28,0.0640576,1.29948
810,18.2303,9.70835,7,0.38,0.070552,1.30571
811,16.3371,8.59117,8,0.173333,0.0695312,1.36113
812,22.1002,8.38663,5,0.213333,0.0658384,1.26389
813,18.8274,9.60026,4,0.246667,0.0695324,1.58795
814,19.6997,8.9037,5,0.22,0.0672999,1.40343
815,18.5911,8.89673,6,0.22,0.0677907,1.4672
816,18.6902,9.8296,4,0.2,0.0730116,1.42139
817,21.0519,8.09513,6,0.18,0.0644236,1.19094
818,18.2677,8.81446,3,0.173333,0.0691835,1.49032
819,21.7878,9.94748,6,0.246667,0.0719548,1.48526
820,23.4535,10.0923,7,0.24,0.0713383,1.48972
821,18.2277,9.38606,4,0.18,0.0659291,1.35796
822,23.0911,10.3076,7,0.326667,0.069044,1.44843
823,21.7221,9.94248,6,0.233333,0.0682819,1.5298
824,21.9818,10.374,8,0.36,0.0692368,1.53598
825,20.745,10.2551,4,0.233333,0.0694331,1.51907
826,18.3366,9.03562,7,0.26,0.0639338,1.55408
827,20.2121,9.95052,5,0.2,0.06625,1.47478
828,21.8275,10.091,7,0.226667,0.0696616,1.53691
829,19.1081,10.3099,6,0.22,0.0702365,1.41571
830,19.1376,9.16217,6,0.286667,0.0660504,1.45822
831,17.5083,9.84591,7,0.24,0.0699953,1.48782
832,20.3401,10.5856,5,0.133333,0.0718813,1.53817
833,19.5131,9.62302,6,0.173333,0.0686146,1.64236
834,20.276,9.75914,4,0.2,0.0696954,1.44035
835,20.5052,10.2004,4,0.2,0.0701164,1.49368
836,18.8423,10.3553,5,0.24,0.0722694,1.37312
837,16.2834,9.36783,9,0.186667,0.0673456,1.25685
838,19.3975,9.61603,6,0.2,0.0674793,1.4224
839,20.1481,9.72987,5,0.246667,0.068966,1.50202
840,16.3204,9.00566,7,0.2,0.0676708,1.46248
841,19.2024,9.99342,7,0.266667,0.0707043,1.51275
842,20.4038,9.55213,8,0.426667,0.0695133,1.49113
843,20.2522,9.63389,4,0.24,0.0682792,1.33437
844,19.4341,10.5742,5,0.253333,0.0695604,1.42491
845,20.1505,9.71067,6,0.406667,0.0686229,1.32807
846,21.8709,10.3165,5,0.26,0.0695915,1.34957
847,18.5865,9.86378,7,0.373333,0.0678435,1.36305
848,20.2159,9.6929,7,0.446667,0.0653332,1.38948
849,19.5617,11.2066,6,0.586667,0.0727942,1.67436
850,19.9587,9.83709,6,0.366667,0.0681318,1.46542
851,14.7959,8.82698,5,0.18,0.0673567,1.38422
852,19.0185,9.13619,6,0.226667,0.0641633,1.37744
853,17.2526,9.45666,5,0.22,0.0692628,1.58675
854,18.8105,9.87715,6,0.306667,0.0690865,1.3862
855,17.422,10.331,6,0.233333,0.0690311,1.34083
856,17.6461,9.27235,4,0.24,0.0663468,1.40985
857,19.7465,9.73525,4,0.24,0.0671441,1.32735
858,20.666,9.42495,5,0.313333,0.0667015,1.4283
859,19.9927,9.19759,5,0.386667,0.0665126,1.36538
860,18.1872,9.45833,3,0.26,0.0677265,1.3387
861,17.5086,9.53525,3,0.206667,0.0696902,1.69053
862,17.9957,9.28952,5,0.2,0.0684334,1.48958
863,19.2843,8.60084,5,0.26,0.062286,1.3057
864,19.5513,9.4824,3,0.14,0.0695026,1.45708
865,17.9426,10.2636,5,0.313333,0.0696877,1.44554
866,19.6046,9.59592,4,0.266667,0.0668612,1.39038
867,16.744,9.58008,5,0.226667,0.0672696,1.48496
868,16.9599,9.01568,4,0.326667,0.0648313,1.3968
869,19.1674,10.4266,6,0.373333,0.0676358,1.2933
870,19.9977,9.08082,4,0.3,0.0680201,1.43318
871,16.5108,10.3667,4,0.26,0.0686602,1.19518
872,16.4807,8.90759,4,0.406667,0.0660903,1.56385
873,18.7365,10.5034,4,0.426667,0.0696292,1.46971
874,17.8889,9.41504,7,0.293333,0.0682537,1.32824
875,17.0553,8.8964,5,0.346667,0.0671078,1.25931
876,15.0649,9.50713,8,0.313333,0.068916,1.40245
877,16.1479,9.08898,5,0.246667,0.0674146,1.27932
878,15.9937,9.29574,3,0.14,0.0664948,1.39288
879,15.8445,9.40108,3,0.206667,0.0665995,1.31822
880,17.2165,9.25063,3,0.273333,0.0664144,1.25483
881,19.0189,9.99488,5,0.353333,0.0679809,1.39383
882,18.718,9.39964,5,0.326667,0.0673681,1.33506
883,17.4395,10.2904,5,0.313333,0.0689452,1.3655
884,19.1074,9.39819,5,0.246667,0.0686675,1.37941
885,19.2594,9.91148,4,0.34,0.0683766,1.32697
886,17.5515,8.60766,4,0.253333,0.0641315,1.28629
887,18.0853,9.41153,5,0.313333,0.0679085,1.44093
888,18.4922,10.359,6,0.613333,0.0709579,1.64102
889,17.9035,9.95977,7,0.453333,0.0719678,1.53423
890,15.8584,9.6318,6,0.306667,0.069154,1.48888
891,16.7439,10.1762,5,0.293333,0.071245,1.63488
892,21.3131,10.1903,7,0.453333,0.0661473,1.4816
893,19.8913,10.5558,8,0.62,0.0678621,1.5444
894,20.3655,10.5544,8,0.693333,0.0693951,1.40477
895,18.2456,10.017,7,0.553333,0.0668487,1.38911
896,21.8672,9.92934,9,0.473333,0.0676139,1.4082
897,18.628,10.0978,8,0.46,0.0684551,1.68261
898,17.6315,9.64874,7,0.346667,0.0706562,1.66368
899,15.6754,8.21194,5,0.313333,0.0678375,1.54582
900,18.3824,9.69118,5,0.4,0.0684373,1.37096
901,19.8971,9.35237,7,0.546667,0.0671089,1.31059
902,18.6486,9.60854,5,0.22,0.0674774,1.28669
903,17.6353,9.61903,6,0.32,0.0671623,1.47612
904,17.104,9.99439,4,0.266667,0.0665585,1.12174
905,15.1799,8.63956,4,0.106667,0.065174,1.33698
906,19.2483,9.26783,6,0.306667,0.0673724,1.36781
907,18.5351,9.04991,4,0.226667,0.0664906,1.32846
908,17.7297,9.46758,4,0.226667,0.0681281,1.32487
909,17.188,8.94077,6,0.206667,0.0676278,1.34755
910,19.0614,10.0466,5,0.253333,0.0715918,1.56206
911,17.2263,9.41978,4,0.133333,0.0675033,1.27692
912,15.2659,9.01823,3,0.126667,0.0667501,1.41408
913,14.043,8.60023,3,0.206667,0.0653455,1.33431
914,15.5111,8.82888,3,0.0866667,0.0663594,1.27426
915,15.5632,8.01536,6,0.26,0.0627833,1.34319
916,16.8061,8.28428,4,0.26,0.0639974,1.50077
917,17.7784,9.21902,4,0.166667,0.0689255,1.39478
918,16.814,9.35519,4,0.166667,0.0665121,1.18794
919,16.104,9.13081,3,0.166667,0.0659723,1.26173
920,17.8017,8.45536,5,0.166667,0.0650555,1.01834
921,17.6286,9.55392,3,0.16,0.0685978,1.455
922,16.6786,9.30895,5,0.293333,0.0704284,1.27157
923,17.9693,9.07738,6,0.386667,0.0684107,1.42266
924,18.749,8.29722,6,0.18,0.0635934,1.44393
925,18.6867,8.43482,6,0.373333,0.065709,1.49399
926,17.7942,9.52238,5,0.293333,0.0687188,1.69608
927,16.6944,8.41351,5,0.366667,0.0663533,1.55855
928,15.5382,9.31711,5,0.213333,0.0676701,1.66016
929,16.5606,10.0202,4,0.206667,0.0691307,1.48216
930,19.0159,9.31163,4,0.286667,0.0680177,1.74457
931,18.6435,8.97642,7,0.473333,0.0687552,1.79328
932,17.5646,9.38315,4,0.293333,0.0689025,1.87021
933,17.0986,9.30562,6,0.253333,0.0660536,1.68071
934,16.3503,9.08284,4,0.18,0.0664119,1.63182
935,17.0927,8.92491,7,0.206667,0.0660748,1.51199
936,18.4111,9.4087,6,0.326667,0.0695039,1.45377
937,16.0516,9.00636,4,0.386667,0.0651982,1.3649
938,15.8012,8.78063,6,0.533333,0.0641794,1.35154
939,20.2229,9.70814,7,0.353333,0.0666135,1.54226
940,15.0325,8.96281,5,0.18,0.0693572,1.65491
941,18.4399,9.87636,7,0.386667,0.0707635,1.41906
942,16.5448,9.06142,6,0.26,0.0663121,1.40691
943,20.2493,9.23054,7,0.406667,0.0666827,1.57165
944,16.7253,8.81238,5,0.253333,0.0645392,1.52484
945,17.7651,9.6331,5,0.306667,0.0693781,1.48087
946,16.0515,9.20103,5,0.3,0.0671673,1.29249
947,17.113,10.1308,5,0.273333,0.0732728,1.58872
948,19.4708,9.75867,8,0.48,0.0680518,1.34184
949,18.3699,9.6364,7,0.486667,0.067816,1.3188
950,18.4709,8.12234,5,0.146667,0.0645892,1.45341
951,22.8431,9.56957,8,0.286667,0.0738296,1.74735
952,18.591,9.54141,8,0.546667,0.0687741,1.37645
953,17.8685,10.2403,7,0.46,0.065257,1.24737
954,18.352,9.28691,8,0.366667,0.0664349,1.43266
955,19.3821,10.1861,7,0.52,0.066808,1.51763
956,16.6735,8.74131,6,0.34,0.0665928,1.5701
957,20.6121,9.56486,6,0.44,0.067182,1.43724
958,18.0553,9.32952,8,0.473333,0.0670107,1.47244
959,18.8986,9.07332,7,0.313333,0.067507,1.49109
960,18.2013,9.43604,6,0.393333,0.0664005,1.52334
961,17.7887,8.97897,5,0.366667,0.0666872,1.5747
962,19.625,10.3997,8,0.606667,0.0715317,1.45884
963,21.615,9.87196,8,0.42,0.0680756,1.39252
964,17.4802,9.43873,4,0.32,0.0693196,1.54421
965,20.5706,9.36272,7,0.38,0.0660892,1.45926
966,17.4741,9.07203,7,0.48,0.067485,1.5466
967,20.0792,8.47354,9,0.286667,0.0641017,1.40848
968,19.3011,9.85124,6,0.46,0.0685632,1.66738
969,24.1099,10.2547,9,0.66,0.0712122,1.77376
970,17.813,9.49084,5,0.313333,0.0672166,1.72335
971,21.5124,10.0956,7,0.42,0.06712,1.47606
972,19.7297,9.80756,8,0.433333,0.0678093,1.77148
973,21.1729,9.36502,7,0.486667,0.0677804,1.66794
974,16.3083,9.42371,4,0.306667,0.0687054,1.84623
975,17.6243,9.23404,6,0.38,0.0662504,2.02451
976,22.4139,9.35378,10,0.446667,0.0679281,1.97711
977,19.7929,9.48038,7,0.486667,0.0702373,1.92528
978,21.4148,9.5401,9,0.746667,0.0678531,1.75482
979,21.961,10.1509,8,0.36,0.0705274,1.68632
980,22.0465,9.73094,9,0.58,0.068985,1.85338
981,18.9801,10.5655,7,0.673333,0.0683396,1.75269
982,20.2176,9.08366,8,0.32,0.0663521,1.6332
983,24.6327,9.90245,10,0.466667,0.0688846,1.52572
984,20.1836,9.7467,9,0.413333,0.068737,1.5387
985,22.9756,10.0431,8,0.446667,0.0686582,1.77527
986,18.1844,8.62658,7,0.253333,0.0675966,2.02731
987,21.1468,9.13036,8,0.2,0.0662991,1.73712
988,17.3252,9.20901,8,0.333333,0.0670471,1.60112
989,21.3743,10.3516,9,0.413333,0.0697616,1.53057
990,16.2851,7.87446,5,0.24,0.064925,1.54678
991,21.2816,9.49148,7,0.3,0.0672434,1.50239
992,20.2628,9.65548,7,0.373333,0.0673562,1.50574
993,20.6467,10.44,8,0.353333,0.0689508,1.68298
994,18.8117,9.78343,6,0.446667,0.0695464,1.47508
995,23.6575,9.65196,9,0.373333,0.068182,1.36815
996,18.5339,10.088,8,0.486667,0.0698734,1.80053
997,21.3825,9.63338,8,0.266667,0.0678528,1.40916
998,19.3139,9.66815,6,0.38,0.0667409,1.39007
999,24.6827,10.4255,10,0.54,0.0702328,1.33024
1000,18.9858,9.09316,9,0.306667,0.0656246,1.37008
