1,10.8381,4.17513,4,0.153333,0.066689,1.15863
2,13.4082,5.21037,12,0.306667,0.0652205,1.03693
3,13.25,6.07942,7,0.32,0.066689,1.05257
4,14.8131,6.53718,9,0.286667,0.0678465,1.05353
5,14.0904,7.22922,4,0.126667,0.0675975,0.9881
6,13.8833,6.85427,12,0.226667,0.0666709,1.20047
7,14.2298,7.23617,2,0.0466667,0.0678448,1.13661
8,15.4054,6.71221,3,0.126667,0.0656924,0.970338
9,14.8074,7.98029,6,0.18,0.0671287,0.915037
10,18.4041,7.26343,8,0.32,0.0664474,1.10037
11,15.1923,7.36129,6,0.273333,0.0660799,1.09376
12,13.4613,7.67619,4,0.24,0.0671001,1.13021
13,16.926,8.40404,7,0.286667,0.06874,1.10238
14,15.4379,8.49708,9,0.226667,0.0714368,1.14777
15,13.6637,8.05987,5,0.306667,0.0692923,1.08693
16,16.2348,7.95719,5,0.393333,0.068679,1.18612
17,19.7726,7.50194,4,0.26,0.0652453,1.199
18,14.7396,7.47157,6,0.373333,0.0657201,1.23585
19,15.0913,7.52941,7,0.426667,0.0655796,1.14371
20,14.848,7.78684,6,0.28,0.0673016,1.16388
21,17.5645,8.70226,7,0.353333,0.0695871,1.08711
22,15.3393,9.59071,6,0.293333,0.0685995,0.958028
23,17.6945,9.05267,8,0.466667,0.066592,1.07649
24,18.3568,9.57397,8,0.3,0.0700148,1.19471
25,17.4219,8.63282,6,0.473333,0.0671498,1.24968
26,19.9306,9.58177,10,0.666667,0.0664447,1.13908
27,17.3501,9.43776,7,0.413333,0.0692152,1.35193
28,17.1075,8.47926,5,0.226667,0.066808,1.24676
29,16.7403,8.83851,7,0.573333,0.0679713,1.19134
30,18.6259,8.4946,6,0.406667,0.0666564,1.36084
31,15.9468,8.51258,5,0.253333,0.0663941,1.18676
32,15.3124,9.16305,6,0.26,0.068156,1.10696
33,16.9556,8.5685,8,0.46,0.0675515,1.1887
34,18.5323,9.26217,7,0.306667,0.0690095,1.20464
35,17.3848,8.03466,11,0.273333,0.0648682,1.18061
36,19.8253,9.29325,9,0.52,0.0712848,1.28723
37,16.9663,8.69512,9,0.326667,0.0668142,1.19657
38,17.2713,8.74689,9,0.46,0.0684815,1.23194
39,17.4825,8.83243,9,0.386667,0.0678542,1.19761
40,16.9659,8.72447,10,0.586667,0.0669237,1.42736
41,16.0063,8.84164,7,0.32,0.0666388,1.16673
42,17.1096,8.63323,7,0.306667,0.0655727,1.14445
43,17.2242,8.92983,6,0.393333,0.0667097,1.29629
44,16.598,8.80503,6,0.173333,0.0662711,1.17752
45,16.8989,9.18621,7,0.38,0.067139,1.06487
46,17.7388,9.16435,7,0.353333,0.0673304,1.24876
47,17.0015,8.99028,6,0.58,0.0671697,1.05486
48,18.1855,8.86717,7,0.506667,0.0646571,1.14214
49,16.6641,9.53027,5,0.446667,0.0687582,1.54491
50,17.4659,9.54295,8,0.6,0.0707277,1.26753
51,15.5298,9.27389,9,0.266667,0.0670001,1.19252
52,18.3724,9.58941,8,0.4,0.0699138,1.03077
53,19.3711,8.89179,10,0.6,0.0668378,1.16293
54,16.3929,8.25603,6,0.333333,0.0647634,1.08957
55,15.4905,9.2781,6,0.326667,0.0681806,1.241
56,17.4218,9.72035,7,0.293333,0.0698632,1.21221
57,16.7583,9.39126,6,0.393333,0.0698785,1.15872
58,18.9322,9.35987,10,0.553333,0.0702719,1.1683
59,18.0958,8.49214,8,0.486667,0.0639306,1.05762
60,18.9937,9.2744,8,0.513333,0.0657121,1.21835
61,17.402,8.92936,7,0.6,0.068074,1.25978
62,18.6044,8.85649,8,0.433333,0.0684309,1.26208
63,16.9705,9.78505,9,0.446667,0.0675631,1.30943
64,20.576,9.12665,10,0.42,0.0651377,1.23482
65,20.8041,9.35957,11,0.74,0.0660682,1.19511
66,21.5438,9.86362,10,0.54,0.0690992,1.47931
67,17.0776,9.08273,10,0.813333,0.0666142,1.318
68,18.4047,9.58735,9,0.586667,0.0679541,1.61977
69,20.5546,9.659,11,0.473333,0.0680731,1.34641
70,20.6449,9.99725,11,0.913333,0.069439,1.55843
71,22.5117,9.61659,12,0.94,0.0673008,1.58224
72,22.2499,9.86027,13,1.09333,0.0674111,1.47637
73,23.5353,10.5439,14,0.966667,0.071979,1.47426
74,17.1793,9.63574,9,0.733333,0.064987,1.20682
75,19.2765,10.5044,8,0.96,0.0682814,1.29604
76,23.1448,10.4516,15,1.18,0.0691639,1.43064
77,17.089,9.07679,9,0.526667,0.0656231,1.19248
78,22.3491,10.2851,14,0.913333,0.0693725,1.24902
79,18.8222,9.50234,12,0.953333,0.066877,1.38786
80,17.8285,9.789,9,0.68,0.0659861,1.1926
81,22.7488,10.5173,12,0.94,0.0690355,1.34483
82,21.5226,10.2819,12,0.873333,0.0688463,1.21987
83,22.4624,10.6436,13,1.04667,0.0684452,1.3875
84,21.2335,10.4124,12,0.806667,0.0689689,1.42789
85,20.7087,10.3045,12,0.853333,0.0698786,1.36129
86,22.4904,9.45632,13,0.786667,0.0652148,1.26535
87,17.642,10.172,10,0.713333,0.0684152,1.34069
88,20.8739,10.1676,10,0.74,0.0694632,1.27565
89,22.4372,10.1472,12,0.866667,0.0647428,1.31256
90,22.7564,9.97056,13,1.14,0.0674538,1.44065
91,20.7052,9.72133,12,0.62,0.0682709,1.35291
92,20.0513,9.65681,9,0.646667,0.0662474,1.13138
93,22.6781,10.4616,12,1.03333,0.0695833,1.35512
94,23.4006,10.2941,13,1.16667,0.0681107,1.46261
95,21.4271,10.7959,13,1.21333,0.0660827,1.27172
96,17.8789,9.46324,10,0.786667,0.0694353,1.30805
97,22.0831,10.1356,14,1.00667,0.0670599,1.25856
98,18.4761,10.4686,9,1.4,0.0669906,1.56935
99,17.5574,9.97019,8,1.02667,0.0680147,1.44428
100,15.4064,9.75369,7,0.746667,0.0673637,1.30123
101,16.0753,9.71626,6,0.74,0.0667805,1.41332
102,18.7828,9.76455,7,0.933333,0.0659787,1.43785
103,17.5904,9.5369,7,0.793333,0.0663963,1.58807
104,18.1355,10.1604,6,0.813333,0.0704574,1.50852
105,17.6123,10.2515,9,0.713333,0.0686595,1.52059
106,17.9815,9.44703,12,0.946667,0.0693081,1.64598
107,17.2206,10.0696,12,1.16667,0.0658604,1.51723
108,18.7394,9.98667,10,1.04,0.0690685,1.37414
109,20.8248,11.1023,9,1.34667,0.0709637,1.77165
110,17.0992,8.9949,8,0.986667,0.0642765,1.51127
111,19.4762,10.1037,11,1.16,0.0667773,1.81648
112,17.5958,9.51314,9,0.813333,0.0666537,1.53426
113,16.681,9.79543,8,1.08667,0.0673029,1.39297
114,19.7935,10.3748,11,0.82,0.067744,1.44308
115,18.4454,10.1056,10,0.84,0.0688966,1.22403
116,18.2804,9.61663,7,0.74,0.067426,1.23338
117,20.6668,9.52251,11,1.08667,0.0682887,1.4231
118,19.1103,10.197,10,0.986667,0.0680326,1.50169
119,17.148,9.52055,8,0.913333,0.0675795,1.31746
120,19.4731,9.62107,10,0.72,0.0672842,1.20354
121,20.2142,10.9081,13,1.04667,0.0659492,1.40588
122,19.1547,9.92759,8,0.846667,0.0682302,1.20887
123,20.4078,9.57819,8,0.713333,0.0681345,1.43099
124,19.989,10.2851,11,0.993333,0.069195,1.52723
125,17.9094,9.92746,9,0.833333,0.0685512,1.52196
126,19.3228,9.24231,9,0.78,0.0655248,1.58342
127,21.6104,11.1864,11,0.906667,0.0706278,1.50864
128,17.3929,9.40213,9,0.713333,0.0652832,1.43751
129,17.762,10.1209,10,0.7,0.066973,1.46644
130,19.0906,10.1058,12,1.04667,0.066507,1.36772
131,18.6054,10.0615,6,0.726667,0.0683243,1.58184
132,19.2216,10.127,10,0.686667,0.0682462,1.49228
133,17.7566,10.2795,8,0.813333,0.0680728,1.57262
134,15.2144,9.11068,7,0.706667,0.0683548,1.58748
135,19.8292,9.66317,6,0.626667,0.0676539,1.55742
136,21.0038,10.7933,9,1.34,0.0695521,1.57817
137,22.0783,10.7219,8,0.92,0.0677869,1.5715
138,19.8353,10.7124,6,0.92,0.0714537,1.7605
139,20.3656,10.6247,12,1.30667,0.0685154,1.46058
140,18.9671,10.2006,10,1.31333,0.0672451,1.36078
141,19.1752,10.4748,7,1.09333,0.0673412,1.3115
142,17.3342,9.2637,10,0.94,0.065504,1.53452
143,19.3527,10.7275,10,1.57333,0.070426,1.58045
144,17.9426,10.3855,6,0.973333,0.0678099,1.52543
145,18.755,10.3953,10,1.16667,0.0695586,1.53458
146,18.9968,10.1723,8,0.973333,0.0681126,1.60591
147,19.3913,10.7221,8,1.26667,0.0680484,1.50036
148,21.5581,10.6022,14,1.58667,0.0662055,1.40668
149,19.7624,10.5085,9,1.48,0.0664154,1.35227
150,19.9503,11.0501,11,1.58667,0.0695574,1.42172
151,16.2407,9.9146,6,0.78,0.0686804,1.46228
152,19.017,9.61925,7,1.16,0.0649745,1.26939
153,20.7761,10.2855,11,1.72667,0.0649204,1.38617
154,18.6649,10.6915,8,1.46,0.0692873,1.64728
155,21.3495,10.288,8,1.12667,0.0673876,1.32244
156,19.7068,10.3337,8,1.26667,0.0673085,1.25905
157,19.5281,10.44,8,0.993333,0.0696901,1.23027
158,18.1215,10.8008,8,1.36667,0.0696387,1.45659
159,19.9366,10.6063,12,1.42,0.0650796,1.20838
160,19.2965,10.8008,7,1.06,0.070494,1.5185
161,19.2589,10.2082,10,1.54,0.0671657,1.51462
162,18.6773,8.97781,7,0.993333,0.0663449,1.32828
163,16.6723,9.93214,9,1.29333,0.0681403,1.64197
164,17.2289,10.6039,10,0.986667,0.0699012,1.64063
165,17.2231,10.1902,10,1.06667,0.0670439,1.64141
166,20.4111,10.2729,10,1.32667,0.0690941,1.73946
167,18.6661,10.6133,9,1.40667,0.0677225,1.58226
168,16.604,10.5196,9,1.20667,0.066525,1.69497
169,19.6915,10.1301,13,1.7,0.0700179,1.72092
170,19.4165,10.3024,12,1.38,0.0672547,1.72916
171,20.0464,10.3837,14,1.51333,0.065797,1.50794
172,21.6758,10.8407,11,1.04,0.0697125,1.78147
173,21.0124,11.0561,12,1.57333,0.0681335,1.49653
174,19.3881,10.2948,13,1.38,0.0689793,1.68646
175,21.1092,10.4693,12,1.2,0.0687289,1.67898
176,20.1622,9.36518,10,1.38667,0.0644805,1.54868
177,20.0248,10.0706,11,1.16,0.0674551,1.69732
178,18.3345,10.446,11,1.24,0.0683864,1.48546
179,20.8047,9.95353,11,1.7,0.0680945,1.79052
180,19.1883,10.4581,9,1.63333,0.0670795,1.76158
181,20.0491,10.3595,13,1.22667,0.0645364,1.38865
182,20.1741,10.7044,14,1.43333,0.0664378,1.75043
183,18.756,9.53718,12,1.14,0.0691756,1.99934
184,21.0608,10.8168,12,1.26667,0.0712843,1.77156
185,19.6672,10.2175,10,1.53333,0.0671895,1.91738
186,20.9294,10.7295,12,1.98,0.0671607,1.85815
187,21.3958,10.6124,11,1.64667,0.0676211,1.64629
188,21.5037,10.3052,10,1.58667,0.0654387,1.60251
189,19.9969,10.3152,11,1.30667,0.0676462,1.55961
190,21.4374,10.8932,12,1.61333,0.0681053,1.51902
191,19.0363,9.3489,11,1.1,0.0667059,1.63552
192,21.5653,10.2147,13,1.04,0.0677199,1.49342
193,20.8644,10.3709,9,1.21333,0.067287,1.65385
194,21.8796,9.88464,12,1.1,0.0679917,1.56198
195,18.8003,10.5405,10,1.29333,0.0664318,1.50346
196,17.7732,9.97147,8,1.14667,0.0665658,1.29056
197,20.6874,9.64576,12,1.04667,0.0672,1.65966
198,18.4498,9.83423,7,0.826667,0.0676591,1.38611
199,19.4575,9.7435,9,0.7,0.0672012,1.63305
200,21.0791,10.8616,11,1.04,0.0678215,1.55456
201,19.9981,10.865,11,1.26667,0.0693421,1.67643
202,18.4285,9.80247,12,1.10667,0.0653463,1.44817
203,20.2535,10.7297,14,1.66,0.0668805,1.49557
204,20.1484,11.1071,14,1.78667,0.0669351,1.55251
205,19.4592,10.9527,10,1.01333,0.0678153,1.63894
206,19.3297,10.5752,11,1.33333,0.0670802,1.60697
207,18.3285,10.21,13,1.02,0.0661402,1.5287
208,21.3082,11.5472,11,1.34667,0.0692627,1.74006
209,23.1869,11.0698,14,1.62,0.0689763,1.70745
210,20.0523,10.647,11,1.33333,0.0684068,1.89671
211,19.8847,9.9513,12,1.5,0.0669835,1.81268
212,22.5644,11.2126,13,1.78667,0.0691779,2.02998
213,20.9366,10.5603,13,1.53333,0.0698298,2.02183
214,18.9907,10.4442,10,1.28667,0.0657417,1.60789
215,21.1125,10.0483,11,1.16667,0.0704924,1.69982
216,20.491,9.33974,9,1,0.0650945,1.58545
217,19.7851,10.3485,11,1.21333,0.0676612,1.57572
218,20.078,10.1949,9,1.26,0.0665756,1.58311
219,20.2396,10.7407,11,1.30667,0.0683145,1.84728
220,18.346,9.39393,10,1.20667,0.0651567,1.90906
221,22.1642,10.2333,14,1.26,0.0675059,1.69508
222,21.2196,9.89326,13,1.47333,0.0669212,1.72618
223,21.8298,10.6188,13,1.62667,0.069544,1.7733
224,19.0268,9.86902,10,1.11333,0.0684056,1.63203
225,19.1086,10.1689,11,1.44,0.0669084,1.53999
226,21.3658,10.0531,11,1.42667,0.0688531,1.73427
227,18.661,9.23479,10,1.29333,0.0652766,1.90859
228,19.6256,10.2013,13,1.43333,0.0690384,1.82679
229,21.826,9.69972,11,1.16,0.0711279,1.93271
230,18.178,9.11258,10,1.22667,0.0664794,1.85635
231,18.59,10.107,12,1.31333,0.0698767,2.02475
232,21.3893,10.3189,12,1.64,0.0691809,1.89923
233,17.1621,9.38612,12,1.52,0.0673434,1.68622
234,20.7915,10.37,12,1.38667,0.0699127,1.71191
235,19.5892,9.63859,12,1.68,0.0639108,1.5298
236,17.9419,9.71538,9,1.53333,0.0672334,1.71302
237,17.8201,8.63601,11,1.23333,0.064754,1.56434
238,18.4497,9.58239,12,1.28,0.065333,1.57498
239,20.7527,9.99795,12,1.32,0.068878,1.61158
240,20.6141,9.86223,11,1.32,0.0679547,1.49634
241,20.2746,9.89807,12,1.04667,0.0694058,1.60554
242,16.9179,8.70561,7,0.74,0.0654732,1.73944
243,20.0704,8.70239,10,0.786667,0.0654513,1.59949
244,22.3856,10.2588,11,1.41333,0.0681497,1.64332
245,20.0566,9.34973,13,1,0.0651377,1.65867
246,18.3277,9.66048,11,0.98,0.0674404,1.72404
247,20.0696,9.72215,10,0.893333,0.070202,1.46041
248,20.2547,9.92653,9,0.9,0.0680399,1.41373
249,19.9184,10.409,12,0.94,0.0694868,1.34334
250,17.9179,9.80402,7,0.793333,0.0663029,1.42343
251,19.1284,9.55905,11,1.02667,0.0667584,1.25143
252,20.4239,10.5135,11,1.23333,0.0664613,1.48451
253,18.978,10.3012,11,1.38667,0.0677278,1.74765
254,19.121,10.104,12,1.46667,0.0655936,1.69475
255,19.5105,9.47752,10,1.09333,0.0667602,1.70235
256,19.6029,9.83177,11,1.03333,0.0664818,1.55443
257,19.9283,9.93326,10,1.28667,0.0659655,1.36488
258,22.8919,11.2427,12,1.33333,0.0712978,1.44387
259,23.6278,10.951,14,1.45333,0.0695028,1.55088
260,23.9603,11.2519,14,1.28,0.0678293,1.51728
261,20.6009,10.627,11,0.886667,0.0690806,1.66878
262,20.455,9.90067,9,0.8,0.0655788,1.60613
263,20.3754,11.2975,11,1.07333,0.0709081,1.54111
264,22.4589,11.5802,12,1.46,0.0667839,1.55786
265,20.0748,10.2549,11,1.43333,0.0661051,1.76972
266,22.0477,11.2936,13,1.22667,0.0692192,1.75415
267,21.2908,10.8193,12,1.35333,0.0684413,1.66466
268,20.5372,10.9001,9,1.35333,0.0689965,1.75561
269,22.0735,11.1621,10,1.65333,0.0688584,1.9468
270,21.4956,10.3276,10,1.53333,0.0659996,1.94068
271,21.7759,10.9084,12,1.72667,0.0681968,1.63642
272,23.3443,11.4786,12,1.76,0.0702886,1.74766
273,21.2735,10.3371,11,1.79333,0.0636306,1.68677
274,23.1309,11.9247,12,1.6,0.069955,1.9003
275,21.8105,10.9387,12,2.01333,0.0634578,1.81494
276,21.7213,10.1035,12,1.45333,0.0647068,1.72474
277,23.0796,10.6437,11,1.52667,0.0692641,2.13386
278,21.6897,10.7037,12,1.53333,0.0653851,1.668
279,21.0281,11.4415,12,2.55333,0.0676739,2.2174
280,20.5672,11.7123,10,1.94667,0.0672787,1.99675
281,21.8746,10.9697,11,1.23333,0.0700692,1.99996
282,21.1542,11.0817,13,1.94,0.0684671,1.88782
283,22.1921,11.4533,14,2.07333,0.0701477,2.13586
284,21.5244,9.72401,11,1.24667,0.0649124,1.98482
285,20.8587,10.4996,12,1.32667,0.0701473,1.82114
286,20.9076,10.2099,12,1.58,0.0665151,1.90957
287,19.8609,10.436,11,1.52667,0.0650454,1.86739
288,19.8965,11.1004,10,1.52667,0.0679526,1.90302
289,20.9551,10.518,11,1.7,0.0659184,1.8717
290,21.8427,11.6856,13,1.77333,0.0679717,1.85638
291,22.552,10.7252,13,1.71333,0.0655604,1.79932
292,20.9667,11.188,13,1.78667,0.0672901,2.067
293,21.5584,10.789,10,1.27333,0.0666081,2.10932
294,21.5852,9.81104,6,0.993333,0.065255,1.90062
295,22.2238,11.5479,12,1.99333,0.0680152,1.98396
296,20.8473,11.1749,10,2.35333,0.0670336,2.05258
297,21.3141,10.7554,10,1.44667,0.0674517,1.98005
298,20.9841,10.6279,13,1.53333,0.06589,2.00594
299,21.0929,11.3069,9,1.62667,0.0677193,2.09965
300,21.1947,10.5852,10,1.44,0.0682967,2.20897
301,20.6433,10.4661,11,1.49333,0.0679431,2.18798
302,21.4151,10.5334,11,1.56667,0.0685098,2.07791
303,22.157,11.0903,13,1.22667,0.0700069,1.84598
304,19.8358,9.22135,10,1.02667,0.0658198,1.93622
305,21.2249,10.716,12,1.34667,0.06902,1.71922
306,21.2463,10.6683,11,1.61333,0.0712337,2.07211
307,21.2978,10.8283,10,1.98667,0.0684083,2.17373
308,20.045,10.7053,11,1.59333,0.0671429,1.90775
309,20.2341,10.6074,11,1.63333,0.066001,2.06609
310,22.4589,11.7807,14,2.03333,0.0686557,2.08786
311,21.6713,11.0742,12,1.48,0.0680791,1.95542
312,20.6543,10.947,11,1.74,0.0672497,1.94996
313,21.3638,11.455,13,1.64667,0.0698794,2.01619
314,23.9743,11.3834,14,2.19333,0.0680758,2.00251
315,21.6922,10.5644,12,1.85333,0.0651117,2.29018
316,21.3899,10.6224,10,1.96,0.0685393,2.21004
317,24.0213,12.0661,14,2.58667,0.0681519,2.28357
318,20.8617,11.1855,12,2.09333,0.0685402,2.30801
319,22.256,11.7683,13,1.81333,0.0668934,2.30251
320,20.5038,11.0646,11,2.03333,0.0677601,2.5151
321,21.1145,11.2663,11,2.17333,0.0670692,2.49399
322,24.1645,10.5547,14,1.86,0.0665653,2.4519
323,21.7797,11.1954,11,1.71333,0.0693898,2.35583
324,21.0522,10.8382,13,1.63333,0.067388,2.19282
325,20.4758,9.98986,12,1.58667,0.066304,2.20078
326,20.4824,10.1229,10,2.12,0.0678187,2.43915
327,23.0173,10.7978,13,1.78667,0.0669799,2.19364
328,21.0548,11.1494,12,2.15333,0.0666059,2.15299
329,21.0696,10.9034,11,2.18,0.0669746,2.19751
330,21.2738,10.8706,12,2.19333,0.0664153,2.1989
331,21.1413,11.5301,11,1.92667,0.0695062,2.13148
332,19.9168,10.6812,10,2.04,0.0673615,2.49869
333,22.3795,10.7199,12,1.78667,0.0688511,2.30974
334,22.2473,10.2638,13,1.54,0.0666235,2.34543
335,21.6375,11.252,13,2.08,0.0703473,2.31831
336,21.3992,10.6245,12,1.95333,0.0685325,2.20059
337,23.6284,11.4717,14,2.49333,0.0677616,2.15868
338,22.2057,10.4085,13,1.85333,0.0663135,2.28216
339,21.1889,10.9137,12,2.42667,0.0662194,1.98201
340,22.1818,11.1325,13,2.27333,0.0679631,2.24592
341,20.7235,11.063,13,2.06667,0.0672702,2.38795
342,22.2946,11.0543,13,2.55333,0.0657522,2.27564
343,22.6981,12.0122,12,2.96667,0.0696525,2.34011
344,19.4453,10.1122,10,2.22,0.0626569,2.66096
345,22.4744,11.6981,12,2.6,0.068595,2.78446
346,21.2569,10.6884,11,1.80667,0.0666899,2.48577
347,21.4365,11.1542,12,2.03333,0.068595,2.11176
348,21.2026,11.0953,11,2.4,0.0671327,2.31661
349,20.3146,11.1609,11,2.45333,0.0668753,2.44421
350,20.4648,11.7522,10,2.6,0.0662266,2.79689
351,20.8775,11.3842,10,2.41333,0.0652125,2.60504
352,19.9437,11.0197,9,2.50667,0.0682246,2.85889
353,21.9208,10.6234,13,1.90667,0.0662004,2.31362
354,20.8352,11.0932,12,2.11333,0.0674526,2.51879
355,19.532,10.6147,9,1.64,0.0670743,2.55608
356,21.1564,10.6036,9,1.64,0.0676736,2.39373
357,20.3391,10.728,9,1.60667,0.067309,2.47048
358,20.7494,10.2841,9,1.86,0.0679416,2.50614
359,23.1101,11.0351,13,2.2,0.0685689,2.40636
360,21.9235,11.3204,13,2.40667,0.0698791,2.49885
361,22.7933,10.8747,12,1.80667,0.0664137,2.39455
362,20.3435,11.4705,10,1.74667,0.0691009,2.3345
363,22.2224,11.5133,12,2.16667,0.0690473,2.57687
364,21.8771,12.245,13,2.60667,0.0690763,2.7679
365,19.8929,11.1259,10,1.74,0.0683248,2.71339
366,21.4447,11.7529,13,2.54,0.0670505,2.66881
367,20.8069,11.2248,9,2.02,0.0683039,2.85295
368,21.5423,11.0661,12,1.47333,0.0664727,2.89651
369,20.603,10.8886,11,2.1,0.0667532,2.62242
370,19.3057,10.5654,11,1.82667,0.0673633,2.70066
371,22.0162,11.0763,12,2.40667,0.0706234,2.96321
372,21.3934,11.0372,11,2.80667,0.0673683,2.69714
373,21.116,12.1627,10,2.18667,0.0696806,2.5543
374,21.2451,12.7054,13,2.71333,0.0719143,2.66729
375,22.3646,10.2418,14,2.01333,0.0646407,2.51369
376,18.0279,8.93395,9,2.00667,0.0635133,2.36221
377,21.3466,10.8081,13,2.67333,0.0653487,2.30603
378,20.0982,10.4301,10,2.3,0.0667075,2.38897
379,19.4103,11.5474,10,2.62,0.0696053,2.33937
380,21.4022,11.0303,14,2.23333,0.0679489,2.42058
381,21.1698,11.0699,14,2.44667,0.0695381,2.40111
382,21.0147,11.2856,12,2.06,0.0684215,2.25357
383,21.3908,11.3415,14,2.79333,0.0690154,2.56388
384,21.9384,10.5723,13,2.49333,0.063959,2.65684
385,22.3138,10.9405,12,2.42,0.0703069,2.91187
386,21.706,10.0684,12,1.98667,0.0657047,2.24381
387,19.3359,10.0701,10,2.04,0.0649536,2.29531
388,20.9648,10.7736,13,2.42667,0.0670209,2.47483
389,24.6947,11.5146,15,2.52667,0.0682843,2.27061
390,20.8489,11.2434,13,2.41333,0.0655629,2.29617
391,21.347,10.9122,14,2.18667,0.0685852,2.26268
392,21.1379,10.1761,13,1.52667,0.0669836,2.3091
393,21.4451,10.8795,13,2.59333,0.0676461,2.38574
394,22.2287,11.7837,14,2.12667,0.0707845,2.46836
395,22.2178,10.6262,13,1.94,0.0673157,2.26319
396,21.6746,10.6706,15,2.57333,0.0683362,2.16246
397,21.7147,10.8941,12,1.76,0.0695875,2.49406
398,21.3424,10.8508,12,2.38,0.0671686,2.25196
399,23.2139,11.3165,15,2.48667,0.0695662,2.51921
400,20.6596,10.763,11,1.76,0.0674741,2.44778
401,23.1088,11.6201,14,2.60667,0.0676851,2.53848
402,21.826,11.0218,14,2.44667,0.0690096,2.80341
403,24.7275,12.2734,15,2.58667,0.0684208,2.694
404,21.2706,11.2017,14,2.28,0.0674962,2.55589
405,23.2104,11.8215,12,2.42667,0.0684828,2.77311
406,22.4544,11.3903,14,2.32667,0.0665203,2.74618
407,21.7593,12.5846,15,2.58667,0.0682634,2.53469
408,22.2319,12.446,13,2.95333,0.0690007,2.92945
409,23.1874,11.8526,15,3.04,0.0658179,2.65231
410,17.4711,10.5121,12,2.35333,0.0671681,2.97093
411,23.4596,13.1254,14,2.92,0.0707483,2.82594
412,19.8825,10.5677,11,2.13333,0.0647886,2.85234
413,20.3835,11.8853,10,2.84,0.0705804,2.76228
414,21.9231,11.671,14,3.4,0.0677115,2.82519
415,22.3775,11.7303,12,2.50667,0.0671154,2.80105
416,21.9116,12.1671,13,2.54667,0.0681475,3.11788
417,22.5435,11.1213,13,2.51333,0.0655085,3.24911
418,23.7702,13.3549,15,3.62667,0.069444,3.04353
419,24.7119,12.6867,15,3.17333,0.0694199,3.18795
420,24.0838,12.1141,14,3.03333,0.0688587,3.05733
421,23.7252,12.7478,14,3.27333,0.0702281,3.16823
422,21.2671,11.8955,11,2.80667,0.0668578,3.14252
423,21.2961,11.2253,13,2.26667,0.0681685,2.8268
424,21.6495,11.5801,13,2.78,0.0671683,2.7657
425,22.6863,12.3422,14,3.16,0.0698524,2.74998
426,22.6101,12.6396,13,2.79333,0.0694872,3.14736
427,22.2352,12.0452,14,2.72667,0.0676413,2.8119
428,20.9211,11.6751,12,2.7,0.0688341,3.07288
429,23.3378,13.285,15,3.27333,0.0695141,2.82048
430,24.0068,13.148,14,3.79333,0.0702586,2.97459
431,23.309,13.0016,13,3.31333,0.0687099,2.97243
432,22.1818,12.2181,12,2.94667,0.068734,2.78822
433,24.1336,12.6754,14,3.28667,0.0661289,2.74935
434,22.1515,12.4676,13,3.74,0.0666857,2.88028
435,24.6997,12.8539,15,3.72,0.0659452,2.76876
436,22.2544,11.3269,14,2.54667,0.0663475,2.72894
437,22.855,12.0292,13,3.01333,0.0667633,2.54396
438,23.1258,11.9444,14,2.74667,0.0660253,2.57058
439,22.6376,11.4885,12,2.64667,0.0659847,2.58013
440,22.5349,11.6557,14,3.07333,0.0668682,2.59102
441,23.3801,12.4333,14,3.10667,0.0693193,2.63817
442,23.3585,11.3945,13,2.12,0.0678758,2.8119
443,22.1716,10.8886,13,2.08,0.0692564,2.41476
444,23.6332,10.4853,14,2.1,0.0679989,2.40556
445,21.7232,11.5628,14,2.53333,0.0676264,2.43306
446,23.2588,12.265,15,2.92,0.0685785,2.52776
447,22.8297,11.3238,13,2.50667,0.0675979,2.41738
448,23.9534,11.3925,13,2.35333,0.0681305,2.73297
449,21.1043,11.4856,14,2.65333,0.0701984,2.90467
450,21.653,10.9911,14,2.79333,0.0668318,2.37973
451,23.3664,10.7019,11,2.52667,0.0660398,2.782
452,23.6017,11.9037,14,3.02,0.0702646,2.70184
453,23.5676,11.2783,14,2.48,0.0675116,2.65295
454,20.8116,11.0076,12,1.82667,0.0663508,2.43486
455,23.5697,12.2267,13,2.14,0.0684118,2.61467
456,23.7884,10.9603,14,1.82,0.0683543,2.38618
457,23.9452,11.6055,14,2.34667,0.0691436,2.63772
458,24.7158,10.5997,15,2.14,0.0682046,2.80449
459,21.0709,10.3409,12,2.04,0.0664864,2.4839
460,21.4833,10.4915,12,1.66,0.0662422,2.66607
461,20.2897,10.6786,11,1.89333,0.0672441,2.86171
462,21.6682,10.1001,14,2.21333,0.0666082,2.70527
463,21.5624,11.88,13,2.79333,0.069231,2.71663
464,22.1409,11.0737,15,2.44,0.0683195,2.63681
465,23.0774,11.1705,13,2.48667,0.0685618,2.52326
466,21.6277,10.755,12,2.11333,0.0684772,2.6471
467,21.6482,10.7255,13,1.7,0.0689352,2.47262
468,23.1428,11.1423,11,2.08,0.0673053,2.57613
469,23.0802,10.049,14,1.74,0.0659767,2.40833
470,20.802,10.6867,14,2.02667,0.0675124,2.34442
471,20.1858,10.1242,12,1.58667,0.0671811,2.23877
472,20.3762,9.69365,11,1.78,0.0678886,2.58964
473,21.8441,10.2004,12,1.59333,0.0701852,2.53958
474,18.4956,9.4931,11,1.26667,0.06657,2.37494
475,22.4492,10.5285,12,1.60667,0.067266,2.50859
476,23.1924,10.2387,12,1.54,0.0665983,2.53721
477,22.1919,11.1264,12,1.82,0.0666019,2.41071
478,23.9276,11.8843,13,1.90667,0.0674227,2.68177
479,21.839,10.7679,12,2.00667,0.0695799,2.84156
480,22.8733,11.0293,12,1.91333,0.0683116,2.91463
481,22.6728,10.739,11,1.94667,0.0697908,3.12208
482,23.1714,10.3454,14,2.03333,0.0658091,2.65297
483,21.8071,10.9837,11,1.74667,0.0660537,2.73239
484,21.418,11.0882,12,1.22,0.0673542,2.9082
485,22.2065,11.1034,12,1.43333,0.0671628,2.55361
486,21.882,10.9663,12,1.2,0.0690424,2.63538
487,20.0523,11.0186,10,1.20667,0.0653654,2.47879
488,21.2931,10.3687,11,1.52,0.0662958,2.40447
489,20.2801,10.0668,9,1.40667,0.0663083,2.52618
490,21.8803,10.3802,12,1.72,0.0668062,2.72146
491,18.7491,10.4529,9,1.70667,0.0648925,2.62358
492,21.973,10.3638,11,1.80667,0.0658925,2.87185
493,21.9328,10.4602,11,1.70667,0.0655974,2.8125
494,20.3393,10.6356,10,1.77333,0.0675595,2.69663
495,19.0376,10.5282,9,1.71333,0.0651093,2.56056
496,21.5749,10.8394,10,1.81333,0.0664526,2.7431
497,18.9845,10.2181,9,1.5,0.0652634,2.90064
498,21.2849,11.1226,11,1.96667,0.0691922,2.86542
499,21.3021,10.6573,12,1.84,0.0659298,2.61014
500,21.1983,11.0392,11,1.66667,0.0693911,2.79289
501,21.1171,10.8531,11,1.40667,0.0673997,2.59181
502,20.5671,10.6301,10,1.59333,0.067046,2.96599
503,22.8217,11.0303,12,2.04667,0.0699439,2.9878
504,23.4966,10.7795,13,1.89333,0.0662882,2.81709
505,19.6807,10.3999,9,1.67333,0.0670669,2.8508
506,22.5103,12.1425,11,2.3,0.0700211,2.90611
507,19.8544,11.1542,11,2.1,0.0703958,2.83616
508,22.4594,11.0965,11,1.90667,0.0673044,2.787
509,23.0247,11.694,13,2.20667,0.0686605,2.87145
510,23.0832,11.9027,14,2.38667,0.0686232,2.97427
511,22.3557,12.1223,10,2.54,0.0687716,2.95637
512,22.1975,12.3373,12,1.98,0.0707196,2.88428
513,22.7898,10.6825,11,1.74667,0.066209,2.94465
514,23.7621,11.1289,12,1.92667,0.0640073,2.71667
515,20.7885,10.9995,12,2.19333,0.0670294,2.72077
516,19.5122,11.132,11,1.82667,0.0646529,3.04264
517,19.1564,10.0753,10,1.71333,0.0659565,3.18672
518,21.9919,11.1339,12,2.02667,0.0683519,3.20552
519,23.6613,10.833,12,2.26667,0.0692067,3.0969
520,22.6325,11.8056,12,2.45333,0.069224,3.18121
521,22.3158,10.4541,12,1.56,0.0672043,2.871
522,20.0158,11.2092,10,2.16667,0.0665428,2.95427
523,23.5058,10.9875,11,2.16667,0.0650737,2.80371
524,23.9295,11.3762,12,2.5,0.0655992,2.99369
525,23.1768,11.6592,13,2.27333,0.0674628,2.99341
526,22.848,10.6284,11,1.83333,0.0662363,2.95976
527,20.2552,11.1324,9,1.76,0.0678154,2.99804
528,21.1698,10.8498,11,2.06667,0.0669321,3.15623
529,21.2819,10.6636,10,1.33333,0.06732,3.04918
530,22.6651,11.747,13,1.90667,0.0687315,3.00455
531,21.1665,11.2923,10,1.5,0.0687117,3.06795
532,20.8876,11.6677,12,1.88,0.069618,3.0589
533,22.5955,9.24089,11,1.32,0.0622896,2.64303
534,23.1512,12.1741,13,2.04,0.0702275,2.88376
535,21.0714,10.8286,12,1.76667,0.0667319,2.86152
536,20.7219,11.0423,13,2.16667,0.0683628,2.96379
537,22.2578,10.9925,10,2.2,0.0646119,2.7324
538,21.6733,11.5769,12,2.42,0.0676058,2.78245
539,21.2424,10.3064,11,1.82,0.0644959,2.59411
540,23.0314,10.8914,14,2.05333,0.0683324,2.8465
541,21.2786,10.724,11,1.8,0.0648193,2.84706
542,19.7029,10.1334,11,1.89333,0.065222,2.75327
543,19.0339,10.1967,11,2.22667,0.0651868,2.81945
544,22.6843,11.0746,12,1.94667,0.0677896,2.77814
545,23.595,11.5281,13,2.52,0.0673933,2.92064
546,24.1199,11.7711,14,2.5,0.0696477,2.64204
547,21.7916,10.9998,14,2.06,0.0686382,3.19457
548,23.6097,10.9927,12,1.93333,0.0671497,2.66517
549,20.8345,10.1082,10,1.78667,0.0644893,2.81456
550,23.6805,10.8728,14,2.22,0.0696046,2.94103
551,20.8141,11.2523,13,2.11333,0.0686406,2.70727
552,23.5772,11.9523,14,2.86667,0.0696112,3.03998
553,24.6142,10.8781,14,2.54667,0.0659721,2.90585
554,22.6965,13.2653,14,2.84,0.0706441,2.88485
555,23.1682,12.1079,13,2.55333,0.0714075,3.08854
556,22.5677,11.5644,14,2.18,0.065121,2.74219
557,22.4318,11.4141,14,2.54667,0.0670707,2.80044
558,23.8371,11.5282,13,2.38667,0.0667639,3.09529
559,21.9077,12.2462,12,3.1,0.0679766,2.76509
560,20.6771,10.9636,13,2.21333,0.0661474,2.70334
561,21.3718,11.2262,13,2.07333,0.0662183,2.97784
562,20.782,11.2541,10,2.31333,0.0658174,3.02556
563,21.0698,11.263,13,2.72,0.0667818,3.30493
564,23.4743,11.8949,13,2.98,0.0710505,3.30214
565,21.9937,11.1417,14,2.42667,0.0690024,3.38068
566,21.2873,11.4543,12,2.16,0.0671527,3.0889
567,22.0723,10.6543,10,2.07333,0.0665349,3.01039
568,20.8694,11.0522,11,2.09333,0.0697359,3.41631
569,23.3359,9.84691,14,1.87333,0.0638873,3.01438
570,21.7309,10.4441,12,2.24667,0.066553,3.18871
571,22.9896,12.2992,14,2.83333,0.0690615,2.75515
572,20.738,11.7838,11,2.97333,0.0669718,3.21511
573,21.3856,10.4785,12,2.22667,0.0647089,3.15598
574,22.4317,11.8996,14,2.76,0.067586,2.96249
575,21.8384,10.9792,11,2.29333,0.0645612,3.16607
576,21.7336,11.7801,12,1.98667,0.0685433,3.02453
577,21.76,11.6842,14,2.38,0.064177,2.67235
578,20.919,11.2571,9,2.06667,0.0661016,2.86405
579,20.6913,10.2536,12,1.58667,0.0658156,2.71546
580,19.8814,11.8875,11,1.78667,0.0689366,2.61877
581,20.3132,10.3749,10,1.79333,0.0654302,2.45557
582,23.3126,12.7398,11,2.72667,0.0689551,2.55229
583,21.222,11.3009,13,2.30667,0.0646149,2.49163
584,22.1573,11.3998,12,2.6,0.0704349,2.93397
585,22.1101,11.1677,12,2.4,0.0692986,2.69452
586,20.537,10.0396,10,1.81333,0.0642558,2.53253
587,19.909,11.1559,11,1.78,0.0678335,2.44351
588,20.8713,11.1252,11,2.04,0.0691947,2.72532
589,21.5296,10.5333,10,1.98667,0.0672479,2.93425
590,23.0302,11.8251,13,2.22667,0.0687995,2.47444
591,22.4713,11.1457,12,2.84667,0.0667202,2.87459
592,22.9555,12.6968,13,2.81333,0.0684475,2.65068
593,22.3037,11.1377,10,2.19333,0.0686303,2.81851
594,19.7624,10.3841,10,1.81333,0.0658874,2.56701
595,21.4282,11.4278,10,1.88,0.0694428,2.63718
596,20.4605,10.6581,9,1.33333,0.0665829,2.33004
597,23.1559,10.7788,12,1.98,0.0691542,2.28983
598,22.4103,11.1177,11,2.01333,0.0696758,2.21455
599,24.3542,11.2983,14,2.05333,0.0687938,2.2561
600,20.8277,9.83758,10,1.40667,0.0655422,2.44263
601,19.1278,10.9865,9,1.88,0.0673707,2.45331
602,19.711,11.2579,10,1.70667,0.0695771,2.48751
603,19.0021,10.5188,12,1.82,0.0664497,2.46051
604,22.4571,11.0001,12,1.68667,0.0696533,2.44112
605,22.2434,11.2611,12,1.97333,0.0676863,2.31305
606,20.3614,10.4523,10,1.75333,0.0683359,2.55679
607,21.875,11.1645,11,1.91333,0.0667914,2.33315
608,21.875,10.5652,10,1.10667,0.065405,2.30372
609,23.2216,10.8524,10,1.48,0.0666447,2.35111
610,23.0116,11.8448,12,1.69333,0.0692608,2.20087
611,21.837,11.3829,14,1.85333,0.0698591,2.38699
612,22.3624,9.79967,10,1.26,0.0648177,2.07073
613,20.4127,9.46681,10,1.38,0.0638693,2.05061
614,21.7862,10.9393,10,1.72,0.0674769,2.33307
615,23.6873,12.0751,12,2.15333,0.0714083,2.52592
616,21.9774,11.4517,11,1.9,0.0687103,2.58218
617,22.9568,11.713,12,2.15333,0.0680424,2.4702
618,21.1276,11.0953,11,2.38,0.067861,2.4307
619,19.476,10.3741,10,1.89333,0.0663886,2.29708
620,19.3188,10.3679,12,2.26,0.067315,2.34055
621,23.7045,11.4843,13,2.36,0.0689791,2.52758
622,22.3938,11.3979,12,1.68667,0.0705834,2.41101
623,20.813,10.3256,10,1.42667,0.0657307,2.36527
624,22.1646,11.4359,12,1.49333,0.0694018,2.67519
625,20.9793,10.9257,9,1.59333,0.0681066,2.72314
626,21.1267,10.5585,10,1.62,0.0657986,2.26383
627,20.1511,11.2013,10,1.81333,0.0687072,2.41753
628,21.8391,10.3354,11,1.94667,0.0687791,2.44761
629,18.0085,10.1983,10,1.21333,0.0675144,2.46289
630,21.8291,10.9498,11,1.98667,0.0693246,2.47412
631,22.4441,10.9632,13,2.02,0.0700896,2.18826
632,21.2516,10.615,12,1.73333,0.0669688,2.38479
633,19.4347,10.6605,11,1.64667,0.067115,2.11096
634,22.1669,11.0287,13,2.04,0.0690955,2.20276
635,21.1033,10.7262,12,1.69333,0.0672219,2.05922
636,23.274,11.4338,14,2.55333,0.069163,2.27677
637,21.1049,10.0925,10,1.84667,0.0667968,2.19716
638,24.6303,10.2226,15,2.12667,0.0650962,2.38213
639,22.9515,9.91854,13,2.16667,0.0638366,2.26119
640,21.8934,10.9449,13,2.21333,0.069196,2.03188
641,21.68,10.084,12,1.88,0.0703096,2.39216
642,23.9445,10.3893,14,2.01333,0.0677324,1.97328
643,22.6707,9.53137,13,1.30667,0.0688318,2.30431
644,22.0392,10.3014,12,1.66,0.0678922,2.18877
645,23.1074,10.6596,14,2.26,0.067223,2.38448
646,21.8239,8.93314,13,1.59333,0.0649663,2.21962
647,21.6874,10.3853,11,1.58667,0.0680711,1.97547
648,21.7069,9.67166,12,1.39333,0.0662684,1.90346
649,21.8492,11.1042,12,1.79333,0.0706897,2.11781
650,20.0694,9.98872,11,1.60667,0.067601,2.0144
651,24.6314,10.3357,15,1.52667,0.0672154,2.02017
652,22.0706,9.55758,13,1.74,0.0648725,2.11453
653,23.3988,11.172,13,1.92667,0.0701708,2.42517
654,19.3798,9.46278,9,1.28,0.0658703,1.93182
655,23.1486,10.5558,13,1.75333,0.068881,2.29232
656,20.8082,10.5204,11,2.24667,0.0702186,2.38666
657,22.8734,10.9196,13,1.69333,0.068972,2.20763
658,19.6491,10.3336,9,1.81333,0.0670698,2.23107
659,20.9679,9.737,12,1.73333,0.0664443,2.24929
660,20.4797,10.1789,12,1.86667,0.0668627,2.14495
661,23.7594,12.3212,15,2.42667,0.0718282,2.37365
662,22.876,10.8327,13,2,0.0675182,2.04974
663,23.9778,9.72155,14,2.14,0.0646306,2.32061
664,24.2895,10.9201,14,2.27333,0.0678883,2.59441
665,19.5666,9.80555,11,1.43333,0.0665497,2.11205
666,21.128,10.0812,11,1.94,0.0658979,2.23087
667,23.2297,10.9306,13,2.54,0.0688893,2.32413
668,23.6194,10.6261,14,2.36,0.066797,2.21716
669,21.2757,11.2273,13,2.62,0.0696665,2.2907
670,21.159,10.0256,12,2.04667,0.0674138,2.06214
671,21.6758,10.1821,11,1.92,0.0674908,2.02383
672,22.0502,10.6375,11,1.92667,0.0671836,2.31391
673,22.5736,10.7273,12,1.68,0.0693525,2.26231
674,21.9774,11.2934,11,2.18667,0.066573,2.23957
675,22.9577,11.0451,11,2.21333,0.0681595,2.28165
676,23.0943,11.3548,13,1.97333,0.0693209,2.24289
677,20.0034,10.9058,11,2.34667,0.0663085,2.36127
678,21.3884,10.6147,11,2.00667,0.0670442,2.61935
679,19.9891,10.9772,10,1.97333,0.0673755,2.29256
680,21.6864,11.4216,13,2.65333,0.0693606,2.34191
681,20.5567,10.5565,10,1.95333,0.0651281,2.43967
682,20.9156,10.2032,9,1.34667,0.0654062,2.3863
683,23.0881,10.1968,12,1.80667,0.0657942,2.27449
684,22.0667,10.8238,11,1.80667,0.067092,2.51989
685,22.6717,11.3405,12,2.52667,0.0686908,2.26983
686,21.1331,11.2875,11,2.51333,0.069463,2.26752
687,21.4025,11.196,12,2.53333,0.0678479,2.40976
688,23.187,11.0918,13,2.4,0.0660576,2.33739
689,22.9602,11.5348,13,3.02667,0.0692175,2.54662
690,20.4893,11.3926,10,2.46667,0.0676817,2.47306
691,23.4515,11.6213,13,2.94,0.0703869,2.47356
692,23.3534,11.2997,13,3.05333,0.0686058,2.40705
693,21.1754,10.3128,11,2.07333,0.065456,2.22212
694,23.0323,11.0973,11,2.08667,0.0695014,2.23658
695,23.029,11.4434,12,2.33333,0.0713303,2.24589
696,19.6877,10.1071,9,1.64667,0.0679833,2.04338
697,22.0077,10.5956,13,1.92667,0.0680637,1.81979
698,20.6358,10.4205,10,1.6,0.0677417,1.95843
699,20.4443,10.001,10,1.78,0.0660036,2.08593
700,19.8427,10.327,10,2.21333,0.0648808,2.44803
701,21.5384,10.9403,13,2.19333,0.0665238,2.02849
702,22.1313,11.5554,12,2.28667,0.0678928,2.22633
703,24.2534,11.3898,14,2.03333,0.0684478,2.05307
704,22.219,11.1215,12,2.46,0.0668895,2.0913
705,22.9002,10.419,11,2.16,0.0652396,2.32122
706,20.4926,11.1772,11,2.37333,0.0683113,2.39847
707,22.1349,11.664,13,2.51333,0.0686103,2.35212
708,19.9014,9.88243,9,1.78667,0.0633166,2.09796
709,21.2661,9.86637,10,1.74,0.0639704,2.29218
710,20.7316,10.5936,11,1.82667,0.0649107,2.24996
711,21.4416,11.6616,12,2.32667,0.0683233,2.22953
712,22.2579,10.9255,12,2.2,0.0664141,2.2888
713,23.4872,12.0523,13,2.61333,0.0692343,2.42503
714,21.8916,11.1642,12,2.45333,0.0683087,2.51157
715,23.3382,11.8373,13,2.45333,0.0679123,2.25127
716,22.3512,11.5331,12,2.18667,0.0703585,2.18008
717,21.7076,10.8178,11,1.79333,0.0665038,2.30707
718,21.7898,11.3336,12,2.38667,0.067963,2.59837
719,22.0241,10.9059,11,1.71333,0.0693036,2.59369
720,23.3557,12.199,13,2.65333,0.0683223,2.6149
721,18.1769,10.129,9,2.24,0.0642012,2.4098
722,21.0292,11.6322,11,2.75333,0.0697403,2.86535
723,20.5605,10.7385,10,2.07333,0.0676469,2.594
724,22.8876,11.7657,13,2.53333,0.0702166,2.53775
725,19.964,10.8357,11,2.16667,0.0673376,2.58078
726,20.6577,10.9288,11,2.05333,0.0680623,2.4375
727,20.3896,10.5826,10,2.3,0.0653542,2.6665
728,21.5421,11.1953,12,2.26,0.0669193,2.6192
729,20.5608,11.1457,10,2.23333,0.0682011,2.75622
730,19.5144,9.7672,10,1.88,0.0646298,2.42069
731,23.2692,11.2821,13,2.72667,0.0693697,2.58279
732,20.9519,11.2421,12,2.78,0.0669475,2.53714
733,22.5878,10.5302,13,2.21333,0.0671077,2.44965
734,23.1486,11.8303,14,2.86667,0.067323,2.25083
735,21.7998,11.1827,12,2.52667,0.0685206,2.82355
736,21.6167,11.523,12,2.33333,0.0673318,2.90377
737,22.4049,10.7561,12,2.04667,0.0676976,2.60381
738,22.8614,11.3625,13,2.30667,0.06868,2.35674
739,23.1059,11.9068,12,2.76667,0.070446,2.42889
740,21.9852,11.475,13,1.88,0.0690022,2.33043
741,21.0318,11.1812,11,1.96667,0.0679857,2.27078
742,22.0871,11.0438,11,2.27333,0.0700615,2.02475
743,22.3207,11.2644,12,2.06,0.0693887,2.01768
744,21.379,10.1333,10,1.6,0.0705334,2.31158
745,21.4011,11.4609,13,1.96667,0.0686811,1.93315
746,21.2115,10.3518,11,2.04,0.0682182,2.12123
747,20.6307,11.1668,13,1.93333,0.0677627,1.95859
748,19.7929,10.2042,9,1.40667,0.0686684,2.19994
749,21.4315,10.8055,13,1.72667,0.0676438,2.19734
750,20.7038,10.3439,11,1.65333,0.0668077,2.61671
751,23.0251,10.894,12,2.06667,0.0688202,2.31094
752,18.9731,10.548,10,1.64667,0.0674309,2.31499
753,22.0566,10.8248,12,1.76667,0.0694516,2.23436
754,17.1556,9.51744,11,1.50667,0.0657897,2.28687
755,22.1421,10.4383,9,1.62667,0.066412,2.13768
756,17.9612,9.41973,8,1.44,0.0661814,2.39691
757,21.3532,10.9803,10,1.88667,0.0676774,2.49158
758,19.8592,10.2796,11,1.12667,0.0675281,2.3514
759,18.7685,10.1294,11,1.55333,0.0691929,2.39398
760,20.9522,10.8401,11,1.56,0.065637,2.26864
761,24.0619,11.0567,14,1.76667,0.0686505,2.1725
762,20.3982,9.79597,10,1.10667,0.0643782,2.23295
763,19.907,10.0313,8,1.36667,0.0643314,2.43578
764,22.6463,10.4955,12,1.41333,0.067637,2.36206
765,20.5742,9.7959,11,1.38,0.0663165,2.21008
766,23.0784,11.0562,13,1.76,0.0680164,2.17428
767,20.9458,10.5946,10,1.46667,0.0685677,2.2688
768,19.9616,10.7897,10,1.72,0.0651825,2.16092
769,22.4226,10.488,10,1.66667,0.0661304,2.20118
770,22.088,10.6769,10,1.66667,0.0667723,2.42507
771,21.3395,10.9569,11,2.10667,0.0672506,2.42903
772,19.8296,9.82656,9,1.16667,0.0673334,2.50634
773,20.187,10.5513,10,1.78,0.0677855,2.49086
774,24.3634,10.2007,14,1.64,0.0661286,2.31007
775,22.0885,10.9117,12,1.81333,0.0691965,2.44969
776,20.8051,10.6733,11,2.17333,0.0657649,2.3924
777,19.1566,9.94865,9,1.39333,0.0663677,2.55372
778,22.9259,10.5938,13,1.64,0.0657048,2.46528
779,20.4231,10.9626,13,1.46667,0.0677772,2.33926
780,20.6899,9.9079,11,1.55333,0.0656372,2.52992
781,21.2943,11.0938,13,1.54667,0.0695774,2.44945
782,20.1369,10.3481,10,1.13333,0.0681912,2.46624
783,21.2772,10.2638,11,1.62667,0.068737,2.18689
784,21.1152,10.9076,10,1.29333,0.0666034,2.24175
785,23.6683,10.8281,12,1.38,0.0664986,2.54848
786,20.6676,10.2549,10,1.25333,0.0681548,2.45165
787,22.8105,10.7514,11,1.58,0.0680813,2.73278
788,20.6085,10.5118,10,1.67333,0.0666471,2.62668
789,23.0167,10.378,13,1.16,0.0664294,2.26178
790,19.4246,10.7135,9,1.19333,0.0706621,2.44054
791,22.9126,10.8943,13,1.51333,0.0668611,2.4275
792,20.131,9.51938,9,1.00667,0.0655072,2.88328
793,19.7426,11.1041,10,1.28,0.068314,2.50928
794,20.1713,11.0118,10,1.48667,0.0702588,2.86507
795,20.0228,10.6935,10,1.05333,0.0666114,3.04855
796,21.2323,10.8765,12,1.06667,0.0673506,2.95106
797,19.4754,10.6631,9,0.873333,0.0651964,2.95548
798,19.8057,11.1342,11,1.40667,0.0685702,2.88339
799,22.3959,10.8354,10,1.50667,0.0662561,2.79897
800,22.3568,9.98823,12,1.32,0.0683216,3.06783
801,17.9306,9.85136,7,1.25333,0.0651478,2.78993
802,20.4311,10.5468,11,1.5,0.0655075,2.98307
803,20.4149,9.98786,11,1.52,0.0664144,2.95411
804,20.3595,9.83535,9,1.08,0.0679588,3.12079
805,23.353,11.3737,13,1.22,0.0708323,2.94413
806,21.067,10.5251,8,1.02,0.0668868,2.87721
807,21.8823,10.7862,11,1.18,0.0683238,2.78355
808,20.3141,9.64162,11,1.15333,0.0665491,2.99713
809,19.1096,10.5007,10,1.22667,0.0686171,3.01046
810,18.2038,10.4519,12,0.82,0.0670344,2.85109
811,20.7296,10.1471,14,1.21333,0.0660518,2.85804
812,19.1066,9.87497,9,0.94,0.0677223,2.69418
813,21.6345,9.7322,14,1.02,0.0663429,2.78347
814,20.6839,9.79544,7,0.926667,0.0649949,2.72104
815,20.6257,9.99573,12,1.23333,0.0690862,2.76731
816,19.8705,10.2608,11,1.25333,0.068576,2.72649
817,20.0152,10.3519,9,1.1,0.0685714,2.63202
818,20.1586,10.3182,10,1.15333,0.0691859,2.77459
819,21.183,10.481,11,1.3,0.0662469,2.94637
820,20.4755,10.8683,13,1.66667,0.0695213,3.11898
821,21.4387,10.0394,11,1.52,0.0680087,2.56398
822,21.2308,11.0951,10,1.60667,0.0686548,2.87725
823,19.8564,10.025,11,1.10667,0.065783,2.89699
824,21.7654,11.3166,10,1.55333,0.066745,2.84574
825,19.7183,9.98801,10,1.34,0.0656797,2.82979
826,20.6173,11.1051,11,1.22667,0.0683421,2.77853
827,21.8565,12.1312,13,2.19333,0.0688518,2.9583
828,20.1807,11.4174,11,1.98,0.0676224,3.27789
829,18.6662,10.2047,9,1.18667,0.0668461,3.09616
830,20.4798,11.2966,11,1.78667,0.0666758,3.11309
831,21.7721,11.6553,8,1.70667,0.0675308,3.10969
832,20.9551,11.1901,12,1.94,0.0646005,2.77353
833,21.6651,10.1615,9,1.60667,0.0631051,2.95161
834,23.1878,12.3154,11,1.92667,0.0700074,2.99405
835,20.9289,10.6764,10,1.14,0.0670037,2.46609
836,20.3125,10.9987,10,1.64667,0.06839,2.90018
837,20.7437,11.487,10,1.64667,0.0668298,2.77504
838,19.6544,10.6565,9,1.38,0.0671317,2.76847
839,18.497,9.98538,8,1.1,0.06502,2.85268
840,20.897,11.1047,9,1.44667,0.067771,3.00771
841,21.0736,11.1549,10,1.94667,0.0691313,2.76728
842,20.2337,10.1359,8,1.34667,0.066006,2.61608
843,18.311,10.9469,9,1.12667,0.0679419,2.54172
844,18.9259,11.1001,8,1.31333,0.0684533,2.88346
845,20.6571,11.8842,10,1.88667,0.0669697,2.5937
846,19.6342,10.1957,10,1.19333,0.0662122,2.40459
847,20.4414,10.7377,10,1.02,0.0672946,2.54131
848,18.8843,11.2025,9,1.72667,0.065694,2.62562
849,21.7401,11.4601,10,1.86667,0.0698311,2.91748
850,20.6757,11.6347,11,1.53333,0.0689155,2.93684
851,19.7196,10.7976,9,1.32,0.06597,3.03116
852,21.0548,12.2262,11,1.48667,0.0697483,2.80089
853,23.6384,12.9465,14,1.97333,0.0708246,2.51084
854,20.3407,11.0395,11,1.2,0.0677976,2.59438
855,21.0874,11.6374,12,1.52,0.0712956,2.99964
856,20.0683,11.3621,10,1.57333,0.0687488,2.85978
857,20.4868,10.9541,10,1.40667,0.0679735,2.92344
858,19.3212,10.1842,9,0.96,0.0656152,2.67233
859,21.0569,10.7675,9,1.06667,0.0681147,2.50466
860,23.9148,11.5065,11,1.39333,0.0704118,2.51884
861,22.4736,10.5218,10,0.953333,0.0670783,2.29552
862,20.7037,9.93346,9,0.853333,0.0657171,2.20084
863,20.9349,11.1617,9,1.47333,0.0685594,2.66082
864,22.3451,11.6911,9,1.47333,0.0706116,2.56595
865,20.1871,10.6901,12,1.34,0.0704508,2.54733
866,20.3732,10.3222,11,1.52,0.0685779,2.67632
867,22.313,11.3238,10,1.92,0.0701706,2.82202
868,20.5891,9.64052,10,1.14667,0.065773,2.471
869,18.877,9.25062,11,1.43333,0.0640034,2.49054
870,19.3839,9.94202,10,1.15333,0.0640798,2.45556
871,21.5857,10.4661,13,1.26667,0.0688986,2.39973
872,20.2178,10.3755,11,1.08,0.0670238,2.54529
873,19.7243,9.34099,9,1.04667,0.0654898,2.46979
874,22.1005,10.0705,11,1.08667,0.0694415,2.57572
875,21.8783,10.677,11,1.56,0.069064,2.39776
876,19.663,9.97847,11,1.46667,0.0658951,2.1242
877,23.3606,11.0097,13,1.41333,0.065429,2.28116
878,20.9352,9.57849,10,1.47333,0.0662019,2.00125
879,20.7325,9.74608,13,1.16,0.0651815,2.29252
880,20.089,9.78656,12,1.19333,0.0651714,2.34144
881,18.5691,9.26287,9,1.12,0.0677394,2.2194
882,22.3329,11.2148,13,1.21333,0.0688938,2.13404
883,21.6329,10.6031,11,1.62,0.067085,2.16614
884,19.3781,10.431,11,1.09333,0.0671615,1.97811
885,22.1256,12.0191,11,1.72,0.0688731,2.31308
886,21.5914,10.7258,12,1.88667,0.0687592,2.09245
887,19.1132,10.1789,9,1.52667,0.0651812,2.2441
888,20.9494,11.5032,12,1.16667,0.0702453,2.1945
889,23.6288,11.8198,14,1.72,0.0687244,2.51108
890,19.461,9.26104,9,1.30667,0.0670208,2.31332
891,18.2262,10.5766,11,1.20667,0.0675851,2.50353
892,20.339,10.2691,11,1.38667,0.0684064,2.45193
893,21.2608,11.122,11,1.70667,0.070162,2.61124
894,21.8145,10.3408,12,1.64667,0.066188,2.27999
895,18.8831,10.8667,10,1.83333,0.0668727,2.40665
896,21.6307,10.3616,10,1.49333,0.0659435,2.21132
897,23.1594,10.6682,12,1.62,0.0648907,2.2223
898,21.7214,9.63294,11,1.36,0.0637187,1.95369
899,21.6538,10.0869,12,1.54,0.0652605,2.06421
900,20.9974,9.66673,11,1.55333,0.0645962,2.30361
901,20.2402,10.003,10,1.30667,0.0676513,2.14405
902,22.0988,8.78215,12,1.04,0.0630417,1.95399
903,21.7783,10.1957,12,1.18667,0.0672176,1.85276
904,21.2067,10.8086,11,1.40667,0.0677392,1.91591
905,21.0913,10.3564,12,1.1,0.0665124,2.07564
906,24.6774,10.8488,15,1.68667,0.0694576,2.02772
907,22.9486,11.889,12,1.96,0.0703194,2.09839
908,23.3417,11.0747,11,1.66667,0.0690275,2.19401
909,21.3851,11.2029,12,1.83333,0.0696007,2.29443
910,21.3392,10.8733,11,1.60667,0.0657194,2.08045
911,23.8685,11.2991,14,2.28667,0.0693764,2.32108
912,21.6231,11.3374,12,2.32667,0.0724855,2.40645
913,22.8241,9.9597,13,1.76,0.0652255,2.22473
914,21.0362,9.55741,12,1.57333,0.0646235,2.64587
915,21.9249,11.4236,11,1.96,0.0658345,2.59668
916,22.7289,11.9539,13,2.36,0.0703435,2.70261
917,21.0787,10.9095,12,1.72667,0.0664966,2.81365
918,22.6137,11.8518,13,1.92,0.0684033,2.86947
919,21.8061,10.9599,12,2.07333,0.0668843,3.00357
920,23.4072,11.942,13,2.22667,0.0677226,2.53298
921,22.4948,11.6034,11,1.98667,0.0661649,2.63889
922,22.2597,10.6301,12,1.45333,0.0679847,2.63821
923,23.3318,11.2244,14,2,0.0677034,2.57053
924,20.5765,10.0981,11,1.57333,0.0665029,2.50661
925,20.4422,10.4734,10,1.49333,0.0654429,2.90504
926,22.1337,11.266,13,2.04667,0.0692586,2.69592
927,20.1088,11.0815,11,1.62,0.0685363,2.604
928,20.1932,11.1312,11,1.85333,0.0686113,2.61079
929,23.1511,11.8823,11,1.93333,0.067872,2.56341
930,21.2383,11.4264,11,1.74,0.0677613,2.76586
931,21.6137,11.4045,12,1.85333,0.0684457,2.68505
932,19.2374,10.5294,10,1.78,0.0671658,2.59359
933,22.0547,11.2661,13,1.48667,0.06952,2.45978
934,21.2212,11.328,9,1.34667,0.0692014,2.79958
935,19.5739,10.5434,12,1.17333,0.0658651,2.56408
936,21.9736,11.5927,12,1.69333,0.0694966,2.48114
937,22.9628,10.4764,13,1.62667,0.0658352,2.60827
938,18.9456,9.76816,11,1.36667,0.0661392,2.52355
939,18.1564,9.28079,8,1.01333,0.0633241,2.54651
940,20.3798,10.9584,11,1.2,0.0677125,2.39648
941,21.6147,10.8379,12,1.55333,0.0688929,2.45194
942,18.6491,10.1405,10,1.40667,0.0650191,2.30522
943,21.6046,9.76986,11,1.47333,0.0640886,2.4265
944,21.6001,10.2704,11,1.02667,0.0665116,2.44709
945,19.6042,10.2431,13,1.02667,0.0671882,2.30675
946,21.284,10.4261,10,1.27333,0.0673279,2.14791
947,21.5715,10.7452,12,1.11333,0.068244,2.19412
948,17.2043,9.49406,8,0.813333,0.0658569,2.04251
949,21.76,10.6227,13,1.26667,0.068628,1.93519
950,21.2611,9.6511,13,1.26667,0.0657629,2.02881
951,19.0588,9.35619,8,0.913333,0.0652231,2.05616
952,21.3479,10.8089,12,1.44,0.0684432,2.11495
953,19.5677,9.75855,10,0.84,0.0644386,2.19736
954,21.5948,10.7962,11,1.21333,0.0674006,2.13206
955,21.378,10.9509,11,1.16667,0.068914,2.00206
956,19.3449,10.7432,12,1.75333,0.067989,2.18518
957,19.5334,10.7471,11,1.67333,0.0662071,2.12926
958,23.243,10.9002,12,1.50667,0.0719794,2.31698
959,19.8209,10.3865,12,1.48,0.0688945,2.15447
960,22.8694,10.9124,12,1.50667,0.0691335,2.16994
961,20.6253,9.9847,8,1.31333,0.0639532,2.27976
962,20.2036,10.8704,9,1.44667,0.0672272,2.27521
963,20.3534,10.8887,11,1.04,0.0681514,2.251
964,23.2777,10.9101,12,1.27333,0.0688522,2.20671
965,22.5493,10.7304,11,1.11333,0.0674371,2.07737
966,20.8136,10.778,10,1.55333,0.064949,2.03599
967,21.353,10.6712,11,1.63333,0.0673611,2.16039
968,21.8846,10.3743,12,1.56667,0.0673342,2.21814
969,21.8398,10.3752,11,1.64,0.0659486,2.07783
970,22.2069,10.0114,12,1.37333,0.0657798,2.15616
971,21.7313,10.6025,12,2.12667,0.0671508,2.31742
972,20.5393,10.2964,10,1.52,0.0667188,2.61064
973,21.9903,10.7719,13,1.52667,0.0669583,2.22164
974,23.9434,10.9997,14,1.54667,0.0692982,2.13659
975,24.6142,12.1561,14,1.9,0.0698408,2.18634
976,21.4181,10.4857,10,1.24667,0.0675482,1.8002
977,22.2606,11.1035,13,1.24667,0.0689664,2.00742
978,21.6224,11.1356,12,1.50667,0.0682809,2.15261
979,21.401,9.96775,10,1.06,0.0668773,2.23079
980,24.2921,11.451,14,1.8,0.0679985,2.4823
981,22.8202,10.9442,12,1.36667,0.0705202,2.51359
982,22.4052,10.714,12,1.78,0.0664906,2.18694
983,23.102,12.2258,13,2.57333,0.0652786,2.664
984,20.9143,10.9183,12,2.06667,0.0656266,2.62619
985,23.2941,12.0652,13,2.54,0.0677197,2.2249
986,24.6319,11.3838,15,2.12,0.0674415,2.379
987,24.5848,12.046,14,2.34667,0.0675959,2.21711
988,20.8806,10.5407,11,1.54,0.0684534,2.66972
989,22.8093,12.1655,13,2.47333,0.0682326,2.47145
990,23.6723,10.9488,14,2.20667,0.0658551,2.58011
991,22.4785,11.2106,11,2.12667,0.068807,2.62988
992,22.0646,10.9307,12,1.77333,0.0667445,2.41539
993,23.8608,11.5204,13,1.91333,0.0670415,2.50681
994,24.6153,13.298,15,3.08,0.0702474,2.50693
995,23.2586,12.7031,13,2.59333,0.0724557,2.88165
996,22.7308,11.0476,13,1.94667,0.0658104,2.59762
997,23.1464,11.4574,13,1.84667,0.0684036,2.84554
998,21.9782,11.5372,12,2.32,0.0676066,2.74771
999,22.014,11.9149,13,2.26,0.0694078,2.67333
1000,22.6389,10.1605,13,1.67333,0.0668946,2.51117
