1,9.62692,1.83972,8,0.24,0.0845692,1.09494
2,9.53326,3.14369,10,0.253333,0.0703483,1.01933
3,9.35443,3.74059,3,0.0533333,0.0717829,1.1126
4,9.49686,4.12191,6,0.113333,0.0686042,1.14332
5,10.2548,3.97211,13,0.34,0.0668523,1.07041
6,9.36202,4.33858,5,0.126667,0.0650678,1.16094
7,10.1755,4.30981,7,0.133333,0.0691378,1.11461
8,9.9672,4.31773,5,0.113333,0.0672133,0.936608
9,9.85558,4.65474,9,0.266667,0.0681036,0.935583
10,9.15608,5.2549,7,0.273333,0.0684419,0.775325
11,10.1745,5.32657,5,0.246667,0.0695291,0.930574
12,11.2331,5.17881,4,0.233333,0.065946,0.893513
13,13.0173,5.82678,8,0.46,0.0689155,0.847319
14,11.0174,5.71137,11,0.693333,0.066495,0.906953
15,10.9291,5.47091,9,0.793333,0.0654168,0.876997
16,11.4918,5.6918,9,0.653333,0.06867,0.927359
17,11.5154,5.4457,10,0.666667,0.0655691,0.944184
18,10.8163,5.30438,9,0.493333,0.0673705,0.766564
19,12.1104,5.91653,8,0.533333,0.0671848,0.748467
20,11.6381,5.82938,11,0.806667,0.0682059,0.906628
21,10.4471,5.90024,10,0.426667,0.0668371,0.813734
22,11.2446,5.82074,8,0.36,0.0671941,0.842348
23,11.3866,5.7938,10,0.586667,0.0700074,1.02403
24,12.6926,6.08995,9,0.693333,0.0675386,1.0648
25,12.9902,6.08593,9,0.546667,0.0689106,0.996031
26,11.9267,5.84046,10,0.566667,0.0676625,0.891267
27,11.1759,5.75318,9,0.7,0.0669695,1.07036
28,10.6933,6.00732,8,0.253333,0.0674113,0.697989
29,12.0841,6.05616,6,0.506667,0.0664762,0.791095
30,11.5092,6.58514,9,0.513333,0.0648946,0.919357
31,12.2504,6.59084,16,1.04667,0.0682805,0.927247
32,11.726,6.28668,10,0.773333,0.0683779,0.903817
33,11.9473,6.45651,12,0.88,0.0705299,0.983267
34,13.03,6.06741,11,0.76,0.0657697,0.878287
35,12.3247,6.79517,8,0.586667,0.0659392,0.852284
36,12.7358,6.33684,10,0.653333,0.0679862,0.872452
37,14.3644,6.50649,13,0.593333,0.0671247,0.799937
38,13.4637,6.62686,12,0.693333,0.0680617,0.877813
39,13.0871,6.31241,9,0.56,0.0682386,0.866527
40,12.3035,6.1879,10,0.733333,0.0678052,0.970908
41,12.136,6.22787,11,0.82,0.0686823,1.03736
42,13.8836,6.21803,9,0.593333,0.0676361,0.976478
43,12.0509,6.01799,8,0.493333,0.0659537,0.789051
44,12.353,6.33149,10,0.766667,0.066389,0.809887
45,12.4163,6.58713,11,0.52,0.0690389,0.922435
46,12.7139,6.89942,9,0.726667,0.0664308,0.896396
47,12.7471,6.90731,11,0.78,0.0681922,0.903927
48,12.868,6.74453,16,0.713333,0.0708142,0.832344
49,12.6726,6.61218,8,0.906667,0.0720294,0.849506
50,12.9775,6.77937,7,0.633333,0.0669189,0.779318
51,12.6151,7.04823,10,0.8,0.0738654,0.932146
52,13.0139,6.8831,16,0.8,0.0727169,0.828818
53,13.3156,6.55174,15,0.786667,0.0670629,0.890666
54,13.2019,6.51433,12,0.78,0.069818,0.796442
55,13.3501,7.0886,15,0.933333,0.0681114,0.865673
56,13.0495,6.47331,10,0.64,0.0687783,1.03019
57,12.8211,6.81023,8,0.553333,0.0692464,0.745213
58,14.4835,6.93648,14,0.826667,0.0710078,0.840396
59,12.5711,6.81314,11,0.86,0.0671477,0.870552
60,13.4679,6.67523,8,0.906667,0.0680117,0.882897
61,12.8981,6.50858,10,0.96,0.0667525,0.856194
62,12.2473,6.34819,6,0.4,0.0668781,0.844157
63,12.3501,6.94412,11,0.893333,0.0666787,0.859512
64,12.4769,6.61605,10,0.92,0.0682432,0.861814
65,12.406,6.34108,8,0.566667,0.0686313,0.771899
66,12.7542,6.91815,7,0.886667,0.0685239,0.823806
67,13.0387,6.82662,17,1.03333,0.0662077,0.829911
68,13.0219,6.5871,10,0.973333,0.0676935,0.856072
69,12.6921,6.35248,10,0.846667,0.0680631,0.911652
70,13.1617,6.96391,10,0.893333,0.0680058,0.865446
71,13.015,6.81184,10,0.646667,0.06759,0.79933
72,12.668,6.87545,8,0.68,0.0638938,0.857949
73,12.3747,6.93537,9,0.633333,0.0705883,0.919673
74,12.7762,7.13749,6,0.506667,0.0682123,0.746881
75,12.7674,6.99575,6,0.64,0.0677536,0.759927
76,11.8957,6.38299,13,0.466667,0.0664883,0.912993
77,13.7741,6.47778,11,1,0.0673345,0.825121
78,12.1027,7.17276,9,0.633333,0.0665155,0.801421
79,12.1013,6.72744,6,0.72,0.0659664,0.853236
80,14.1578,6.46866,8,0.94,0.0680162,1.03024
81,11.6745,6.54327,7,0.98,0.0667862,0.933361
82,12.5889,6.27415,9,0.82,0.0677862,0.96737
83,12.3832,6.52501,6,0.553333,0.06692,0.850606
84,12.439,6.58363,9,0.673333,0.0673379,0.881037
85,13.3995,6.47496,10,1.02,0.0670881,0.9541
86,13.4299,6.67139,9,1.02667,0.0674361,0.805857
87,12.0808,6.45877,7,0.713333,0.0673956,0.722669
88,13.6141,6.47935,8,0.613333,0.0680123,0.841275
89,12.0682,5.6173,6,0.98,0.0683816,1.20863
90,12.8379,5.67057,8,1.05333,0.0690283,1.28195
91,10.9163,5.46401,12,0.626667,0.0704006,1.17389
92,12.4161,5.40868,7,1.07333,0.0711339,1.0356
93,13.864,5.95173,11,1.55333,0.0689171,1.22108
94,12.8808,5.74044,9,1,0.069312,1.01221
95,11.6491,6.25024,9,1.10667,0.067716,0.940748
96,12.7409,6.60911,9,1.56,0.0703277,1.08528
97,12.8865,5.97287,10,1.05333,0.069499,1.10518
98,14.4295,6.34339,12,1.9,0.0689699,1.14269
99,12.6778,5.88531,9,0.946667,0.0690441,0.971334
100,12.0431,6.58739,6,0.766667,0.068609,0.95946
101,13.1866,6.44556,10,1.62667,0.0683326,0.852871
102,15.3464,6.66397,12,1.60667,0.0696538,0.985542
103,10.65,5.749,4,0.486667,0.068022,0.818663
104,11.8797,6.05174,7,0.96,0.0700614,0.960259
105,12.2423,6.48101,6,0.946667,0.0667264,1.09914
106,12.9982,7.02482,10,1.62,0.0649045,1.06401
107,13.1549,7.00582,10,2,0.069409,1.03403
108,11.7891,7.23369,3,0.653333,0.066164,1.02085
109,12.3786,7.18114,7,1.28667,0.0676173,1.03536
110,13.5986,7.17181,9,1.5,0.0665644,1.04724
111,13.0452,7.37784,8,1.38667,0.0691059,1.08825
112,12.4404,7.65737,6,1.12667,0.0678822,0.923922
113,13.1739,7.85401,10,2.07333,0.0673792,0.988207
114,12.8854,7.84971,6,1.52667,0.0707824,1.22673
115,12.4166,7.42295,9,1.43333,0.0661012,0.951566
116,13.2673,7.66423,8,1.94,0.0684865,1.03852
117,12.7923,7.10853,7,1.26,0.0662969,0.942014
118,12.5252,7.33253,6,1.25333,0.0671608,1.15878
119,12.9387,8.10828,7,2.18667,0.0673482,0.961233
120,11.6958,6.88794,7,1.23333,0.0656126,0.912983
121,12.377,7.37511,6,1.38667,0.0680935,0.974858
122,12.9183,7.84399,7,1.59333,0.0681336,0.989995
123,12.6702,7.80566,7,1.61333,0.0678491,0.959191
124,13.8859,7.97435,14,2.18667,0.0697415,1.02313
125,13.2816,7.08455,10,1.68667,0.070544,0.970154
126,12.283,7.03042,7,1.36,0.0703967,0.964533
127,11.7497,6.93289,4,0.566667,0.0668061,0.992464
128,11.0011,6.71742,5,0.92,0.0667012,0.895134
129,12.4364,6.88546,7,1.17333,0.0652892,0.955597
130,12.7206,6.99354,10,1.88,0.0676718,1.03737
131,12.9404,7.27948,9,1.31333,0.0692697,1.12515
132,14.1167,7.4698,13,2.42667,0.0683796,1.17931
133,12.5339,7.72049,11,3.07333,0.0655687,1.16421
134,13.8102,9.05705,11,3.68667,0.0680153,1.18038
135,11.3556,7.14752,14,1.78,0.066374,0.926722
136,11.2966,6.58963,9,1.78667,0.0687322,0.983943
137,11.7103,7.61345,7,1.30667,0.0663371,0.893633
138,11.8857,7.399,8,1.36667,0.0655292,0.837375
139,12.6854,7.54403,9,1.90667,0.0680061,1.05524
140,13.0004,8.09566,6,2.18,0.0690351,1.00529
141,13.4452,7.65528,9,2.14667,0.0695764,1.02596
142,13.4581,7.80788,7,1.78667,0.0679806,1.19358
143,12.6567,8.09754,6,1.60667,0.066968,0.837019
144,12.2225,7.47565,12,1.28667,0.0673745,0.890769
145,13.0846,8.24061,9,2.53333,0.0667083,1.11716
146,11.7067,7.11309,7,1.14667,0.0699102,0.90422
147,11.386,7.13996,3,0.633333,0.0669257,1.07641
148,13.0479,8.39293,8,2.23333,0.0666317,0.87765
149,12.0568,7.62262,7,0.913333,0.0663072,0.948391
150,13.2962,8.32959,10,2.91333,0.0667561,0.921451
151,13.1627,8.19404,8,1.6,0.0687537,0.982619
152,13.8336,8.28667,10,1.5,0.070116,0.965669
153,11.9326,8.15058,4,0.86,0.0661547,0.84311
154,14.0526,7.87821,9,1.54667,0.0676102,1.03278
155,13.6227,8.66882,11,2.75333,0.0680488,1.02671
156,12.5134,8.04523,8,1.54667,0.0664861,0.855538
157,13.2291,8.06122,11,1.02667,0.0680297,0.987602
158,14.0672,8.58728,7,1.87333,0.0680503,0.903749
159,14.0984,8.49607,10,2.72,0.0665496,1.01172
160,12.7046,8.22391,7,1.98667,0.0662046,0.826386
161,12.4764,8.44124,6,1.78667,0.0702235,0.876639
162,12.6434,7.93356,5,1.27333,0.0673438,0.879956
163,13.7439,8.2001,9,2.66667,0.0663031,1.26801
164,12.6636,7.8842,8,2.42667,0.0645604,1.15455
165,12.4753,7.55305,9,2.6,0.0663723,1.14445
166,14.3086,7.92953,8,2.12667,0.0689041,1.37449
167,13.9197,7.74303,9,2.00667,0.0660531,1.20195
168,14.5234,8.15363,8,2.18,0.0685668,1.1715
169,13.9624,7.47911,9,1.83333,0.068624,1.32955
170,12.095,6.96462,6,1.21333,0.0677239,1.10912
171,13.5136,7.90345,8,1.86,0.06566,1.09299
172,13.6967,8.26931,10,2.8,0.0666372,1.17953
173,13.0484,7.30959,7,1.9,0.0682064,1.22846
174,11.4306,7.2539,8,1.76,0.0634891,1.05507
175,11.6641,7.4787,5,1.45333,0.0688251,1.15935
176,13.4134,8.1208,7,2.04667,0.0681751,1.16525
177,12.1865,7.22867,9,2.03333,0.0669591,1.23785
178,12.6013,7.58046,5,1.55333,0.0671131,1.24228
179,13.0939,7.89186,7,2.15333,0.0695368,1.13828
180,13.511,8.0487,10,2.77333,0.0668196,1.1344
181,13.8372,7.78702,10,2.12,0.0674496,1.28114
182,12.8538,7.22099,11,1.74,0.0675593,1.13469
183,12.9003,8.50426,8,2.68,0.0632081,1.10789
184,12.8114,8.44089,8,2.61333,0.0663089,1.12169
185,14.5272,8.66066,12,2.29333,0.0664881,1.26497
186,13.7593,8.76769,9,2.58667,0.0705377,1.1879
187,12.5093,8.16876,8,2.62667,0.0763795,1.22616
188,11.4495,7.6468,8,2.01333,0.0663134,1.02637
189,14.7305,8.89129,11,3.34,0.065268,1.32422
190,13.1839,8.35494,10,2.93333,0.0678895,1.16433
191,13.9503,8.79306,10,3.81333,0.068151,1.12633
192,14.9951,8.78659,12,3.71333,0.0693995,1.31772
193,13.3635,7.28853,9,2.29333,0.0689136,1.39287
194,14.3787,7.34201,10,2.52667,0.0670022,1.47222
195,13.7134,7.97781,11,1.76,0.0679645,1.35984
196,13.4548,8.02333,9,2.16667,0.0683241,1.2459
197,13.4101,8.47644,11,2.44667,0.0680692,1.02308
198,13.0454,7.82731,7,2.12667,0.0666833,1.27269
199,12.9874,7.51183,8,1.72667,0.0682903,1.25926
200,13.2398,7.92794,8,1.88,0.067056,1.23173
201,12.2339,8.01083,6,1.85333,0.0672279,1.04863
202,12.7015,7.84445,8,2.11333,0.0685569,1.11317
203,13.2805,8.08444,12,3.18667,0.0679268,1.22701
204,12.6529,7.96396,7,2.07333,0.0661919,1.2451
205,13.9234,8.29799,15,3.44,0.0664007,1.25154
206,11.7336,7.81537,10,1.7,0.0686178,1.13964
207,14.4661,8.49003,10,2.55333,0.0674155,1.09979
208,12.7647,7.91427,9,1.95333,0.0657971,1.07289
209,13.619,8.91331,8,2.85333,0.0667064,1.14032
210,13.9853,8.76523,8,2.73333,0.0670995,1.09918
211,13.54,8.70408,11,3.28,0.0663775,1.17702
212,12.6039,8.06964,7,2.48667,0.066466,1.19911
213,12.9463,7.92517,7,2.3,0.0665283,1.17362
214,13.6925,8.78775,7,2.8,0.0662268,1.17875
215,13.5261,8.76917,10,4.24,0.0693129,1.10348
216,12.3758,8.16235,12,2.24,0.0681344,1.14578
217,13.4503,8.67505,11,2.34,0.0679371,0.945586
218,12.1749,7.78537,5,2.43333,0.067393,1.34919
219,13.0335,8.54939,7,2.17333,0.0665948,1.05215
220,13.2177,7.99674,9,2.69333,0.0670121,1.12178
221,13.2662,8.36463,10,2.88,0.069048,1.13898
222,12.8286,8.54327,5,1.58,0.0677398,1.1011
223,13.1201,7.64125,12,1.80667,0.0660022,1.1641
224,14.1507,8.17271,10,3.4,0.0682185,1.18102
225,12.728,8.08423,5,1.08667,0.0704048,1.31055
226,13.4678,7.25226,9,1.7,0.0674956,1.16128
227,13.1502,6.91119,8,2.10667,0.0645448,1.41557
228,14.1713,8.27402,11,3.31333,0.0680109,1.1205
229,13.088,7.17346,7,1.78667,0.0665278,1.22325
230,14.5507,7.65556,10,2.62667,0.0662651,1.246
231,14.0782,7.7231,10,2.72667,0.0664077,1.15516
232,13.4213,7.82261,8,1.74,0.0675037,0.962795
233,12.4023,7.05619,8,1.63333,0.0659793,1.0994
234,13.5298,7.77475,8,2.26,0.0690243,0.976632
235,13.2643,7.79288,9,2.54,0.0665831,1.07697
236,12.7756,8.18272,6,1.61333,0.0695632,0.947171
237,13.044,7.37105,9,2.22,0.0660293,1.12287
238,13.3535,8.34993,9,2.52667,0.0673767,1.13778
239,13.8185,8.24509,11,2.69333,0.0677253,1.19967
240,12.781,7.73642,6,1.29333,0.0671594,1.01728
241,13.3021,7.91078,7,2.08,0.0665083,1.15062
242,13.7379,7.72287,9,2.08667,0.0693893,1.12059
243,14.8106,9.1274,12,3.12667,0.0691826,1.12481
244,13.3879,7.8713,9,2.15333,0.0658138,1.09126
245,11.6083,7.393,7,1.78667,0.0661746,1.13023
246,12.1774,7.84653,7,1.55333,0.0641116,0.946836
247,12.7646,7.86234,10,1.98,0.066908,1.03054
248,12.1619,8.02208,7,1.44,0.0696063,0.984759
249,14.5263,8.61355,9,2.76667,0.0680572,1.23438
250,13.9204,8.63462,8,2.16,0.0689122,0.995364
251,13.0321,8.52226,8,2.14667,0.0674311,1.07949
252,13.3709,8.22695,9,2.4,0.0690946,1.20842
253,12.167,6.8373,10,1.48667,0.0683788,1.60288
254,12.6629,7.24072,8,1.7,0.0650416,1.32538
255,12.5587,7.03228,14,2.40667,0.0652387,1.05523
256,13.0509,7.54105,9,2.45333,0.0654799,1.23454
257,13.8871,7.3982,15,3.3,0.0683114,1.23968
258,13.6341,7.61376,10,2.26,0.0674634,1.3262
259,14.193,8.24583,11,3.29333,0.06658,1.23714
260,12.9924,7.95443,9,2.65333,0.0660207,1.09037
261,14.7588,8.94088,11,3.24667,0.0690849,1.19505
262,13.0165,7.54689,16,2.08667,0.0697658,1.35043
263,13.1656,7.95375,7,1.88,0.0680562,1.15138
264,13.4475,8.50601,9,3.04,0.0701014,1.12397
265,13.275,8.10935,6,1.6,0.0657472,1.21534
266,12.2582,7.16846,7,1.69333,0.0663237,1.16634
267,13.178,8.44475,8,2.58,0.0659374,1.23739
268,14.1069,8.01238,10,2.5,0.0691975,1.21697
269,14.7145,8.74754,10,3.10667,0.0670119,1.18389
270,12.2022,7.12025,14,2.07333,0.0678961,1.23682
271,12.1796,7.77485,6,1.20667,0.0687122,1.11879
272,13.3491,8.43446,8,2.43333,0.0676706,1.04585
273,13.599,8.79564,9,3.58,0.0672568,1.10479
274,14.5465,8.66155,10,2.48667,0.0672211,1.21256
275,14.242,8.82078,12,2.62,0.0692966,1.05936
276,14.1709,9.42517,10,2.99333,0.0685167,1.08228
277,13.8766,8.6997,9,2.42667,0.0679194,1.23345
278,12.8977,8.5391,8,1.9,0.0690983,1.13055
279,13.3645,8.08221,10,2.08667,0.0663404,1.17459
280,13.1445,7.85789,11,2.18667,0.0684041,1.13485
281,13.6119,8.94961,8,2.96,0.0672077,1.03602
282,12.226,7.96775,6,0.546667,0.0686245,0.930854
283,13.4371,6.56764,12,2.00667,0.111096,1.25025
284,13.4829,6.19187,10,1.04,0.0680486,1.19869
285,13.0922,6.07478,7,1.68667,0.072627,1.22599
286,13.2922,6.23016,8,1.26,0.0656107,1.34363
287,12.4234,5.49215,8,1.54667,0.0669035,1.34106
288,13.0183,6.09411,7,1.50667,0.0662352,1.19733
289,13.6486,6.71222,11,2.04,0.0705391,1.03957
290,14.029,7.10005,10,2.56667,0.0695906,1.16566
291,13.448,7.07265,9,2.34,0.067053,1.31088
292,12.7616,6.26002,10,1.09333,0.0687631,1.10795
293,12.6704,7.60437,7,1.47333,0.06966,1.05356
294,12.8739,6.38205,11,1.48667,0.0644165,1.15409
295,12.4119,6.67574,10,1.72667,0.0681228,1.12587
296,13.1362,7.25724,8,1.76,0.0687918,0.99079
297,11.9636,6.86293,8,1.08,0.0670531,1.02926
298,11.7497,6.59646,11,1.18,0.0674204,1.05254
299,12.5627,7.13846,7,1.37333,0.066363,1.03323
300,12.9433,7.6548,11,2.51333,0.0679825,0.969495
301,12.7081,7.01575,8,2.02,0.0689805,0.990036
302,14.3375,7.48977,9,1.74667,0.0686354,1.04151
303,12.8025,7.12988,7,0.78,0.0661041,0.99251
304,13.3378,7.35549,8,1.48667,0.0682031,1.0505
305,12.2944,6.74792,9,1.31333,0.0670698,0.940759
306,12.5106,7.34851,8,1.74,0.0687044,0.906261
307,15.1006,7.94817,11,2.55333,0.0678977,1.0571
308,11.8438,7.64452,7,1.47333,0.0679927,0.945878
309,13.4985,7.58997,10,1.43333,0.0689645,0.934046
310,12.6837,7.09197,7,1.01333,0.0685955,1.19896
311,10.9746,7.21223,5,0.653333,0.0652139,1.02392
312,12.944,7.8532,9,2.20667,0.0687453,0.998859
313,15.3401,7.38793,12,2.75333,0.076139,1.32269
314,12.2283,6.49456,7,1.03333,0.0683181,1.08422
315,14.6907,7.42885,11,2.14667,0.0706286,1.11815
316,14.5494,8.12765,11,2.68667,0.0690849,1.06526
317,13.7613,7.25287,9,1.92667,0.0659759,1.2078
318,12.9549,6.90633,9,1.49333,0.0681892,1.39577
319,12.2825,6.80756,8,1.22,0.0669796,1.1293
320,12.7483,6.83308,6,1.29333,0.0673883,1.3559
321,13.584,7.14298,11,2.01333,0.0688838,1.4703
322,13.2084,7.4072,11,1.19333,0.0671698,1.19223
323,11.9236,6.97888,6,1.12667,0.0673065,1.14601
324,12.9276,7.27731,9,1.10667,0.0676623,1.31503
325,13.5957,7.46049,9,1.69333,0.066447,1.18372
326,12.8075,7.76825,6,0.866667,0.0662253,1.13875
327,12.7257,7.4728,10,1.88,0.065649,1.00801
328,14.0567,7.62391,15,2.10667,0.0701278,1.22389
329,13.0527,6.90782,9,1.63333,0.065247,1.22062
330,12.3913,6.95724,8,1.83333,0.0659626,1.10057
331,13.818,7.93565,9,2.26,0.0668647,1.17764
332,13.1055,7.22932,9,1.52,0.068604,1.23012
333,13.8573,7.78878,10,2.13333,0.0692877,1.24832
334,12.6653,8.04634,10,1.97333,0.0680057,1.16018
335,13.5014,7.95381,9,2.28,0.0679267,1.17841
336,12.3295,7.331,11,1.52,0.0670309,1.08348
337,14.6877,8.55199,14,2.83333,0.0678288,1.16185
338,12.9518,7.04098,8,1.05333,0.0660404,1.0777
339,12.7455,7.90565,6,1.06,0.0667958,1.13996
340,12.8571,8.0533,8,0.98,0.0689958,0.963707
341,12.564,8.06391,11,2.04667,0.0677765,1.20451
342,13.8327,7.73667,9,1.42,0.0661448,1.01245
343,13.4405,7.71443,13,4.62,0.0655323,1.34411
344,13.5789,7.64206,12,3.04667,0.0681413,1.41479
345,11.4766,7.64557,10,2.60667,0.0666429,1.30662
346,14.3091,7.73973,12,4.11333,0.0723115,1.73428
347,12.3629,7.16655,7,2.41333,0.0665,1.45448
348,13.6431,7.96858,11,2.73333,0.0688049,1.32158
349,14.072,7.82464,9,3.09333,0.0696204,1.33039
350,13.5676,8.64952,11,4.19333,0.0703712,1.38205
351,13.1408,7.90202,8,2.68667,0.0669183,1.26026
352,13.4014,7.76372,11,2.7,0.0669589,1.4287
353,12.7312,7.38928,10,2.75333,0.0679814,1.49769
354,13.681,8.48703,11,3.49333,0.0680043,1.35953
355,11.8313,7.68171,7,2.28667,0.0672533,1.22976
356,12.5659,8.15676,7,1.84,0.067492,1.41095
357,12.1352,7.27824,8,2.86,0.0682839,1.38342
358,13.1825,7.64724,10,2.47333,0.0683043,1.30795
359,13.3756,7.94571,11,3.56,0.0665636,1.16629
360,12.1908,7.87945,7,2.04,0.067401,1.26705
361,12.5893,7.80073,7,2.22,0.069255,1.39225
362,11.955,7.19122,6,1.94,0.0682796,1.39727
363,15.5527,8.46454,14,4.19333,0.0669286,1.29209
364,11.5816,7.38936,8,2.4,0.0693117,1.38519
365,12.9395,7.84953,10,2.54667,0.0669048,1.30343
366,13.1958,8.24709,10,3.14,0.0675266,1.33473
367,12.6387,7.65175,6,1.92667,0.0676244,1.26938
368,11.8717,8.02729,8,1.94,0.0693845,1.13929
369,13.266,8.25841,9,2.56667,0.0681905,1.21811
370,12.4711,7.94175,8,2.49333,0.0665066,1.3049
371,13.2571,7.7891,9,2.15333,0.0681623,1.29976
372,13.9654,7.97123,10,2.52667,0.0687049,1.39101
373,13.4239,7.67595,9,1.84,0.0687109,1.18122
374,13.3221,8.17481,11,2.65333,0.0684999,1.20282
375,13.4007,7.68323,7,1.89333,0.0683643,1.33234
376,13.3742,8.18156,9,2.58,0.0663573,1.42728
377,12.0425,7.754,10,2.24667,0.0651295,1.43363
378,13.8427,8.28058,12,2.91333,0.068349,1.3508
379,14.0051,8.82973,10,3.30667,0.0669813,1.28978
380,14.2326,8.36419,12,3.68667,0.0685992,1.45373
381,12.5093,8.0391,7,1.62667,0.0663517,1.29607
382,13.015,8.32157,10,2.79333,0.0687777,1.34952
383,14.3796,8.45975,12,3.64,0.0705967,1.36152
384,13.1455,8.39209,8,2.83333,0.0683006,1.40799
385,13.7868,8.90085,9,2.26667,0.0642019,1.233
386,13.4441,8.71323,11,3.91333,0.0711103,1.40713
387,11.8867,7.59875,8,1.42667,0.0654226,1.28173
388,12.4997,7.88181,7,1.68667,0.0667093,1.19811
389,13.0183,8.26929,10,2.8,0.066965,1.20523
390,13.547,7.9855,10,2.64,0.0682375,1.35504
391,12.1477,7.77261,8,1.67333,0.0680558,1.21885
392,11.9195,7.61196,8,1.42667,0.0653596,1.17114
393,13.0739,8.00988,6,1.63333,0.0656401,1.2198
394,13.3404,8.45471,5,2.18,0.0690968,1.59438
395,12.6355,7.70291,7,1.96667,0.0679381,1.54883
396,12.3167,7.93207,8,1.62667,0.0691152,1.44561
397,12.9579,7.71681,10,2.90667,0.0684308,1.37797
398,12.7547,8.44449,9,2.71333,0.0665924,1.10346
399,11.6342,7.69264,4,1.08667,0.0652323,1.13596
400,12.9915,8.04157,10,2.73333,0.0676151,1.17711
401,12.4797,7.48264,8,2.53333,0.0670315,1.45306
402,12.5445,7.605,9,2.22667,0.0665676,1.27678
403,13.3028,7.86609,8,1.44667,0.0678797,1.1219
404,13.526,8.12284,9,2.24667,0.0686087,1.39629
405,14.6348,8.40646,13,3.99333,0.0696133,1.46509
406,14.7595,8.86272,13,4.26667,0.0703028,1.42504
407,13.7509,8.81229,12,2.68,0.0695808,1.33708
408,12.7827,7.90685,8,2.58,0.0677293,1.33528
409,11.4438,7.50792,7,1.68667,0.0681668,1.27934
410,12.7062,8.50541,10,3.10667,0.0672909,1.31759
411,13.417,8.58078,10,2.92,0.0701286,1.33932
412,15.1305,9.13692,15,4.60667,0.0679325,1.32372
413,12.7943,8.35535,10,2.8,0.0683974,1.36733
414,13.4637,8.48621,11,3.18,0.0687135,1.33368
415,15.0931,9.43881,14,5.86,0.0680872,1.41876
416,13.3049,9.07607,9,3.75333,0.0673297,1.21971
417,13.1275,8.33444,9,2.58667,0.0682374,1.23344
418,12.7547,8.14815,11,2.24667,0.0689182,1.37775
419,11.9622,7.79376,6,2.01333,0.0698134,1.2501
420,11.4139,7.9068,5,1.22667,0.0657234,1.35145
421,11.5512,7.71944,5,0.92,0.0680802,1.25541
422,12.4843,8.39762,6,1.68,0.0661737,1.29715
423,12.9,8.78225,9,2.83333,0.0686852,1.10867
424,12.509,7.19862,5,1.72667,0.0676333,1.62465
425,14.2386,6.92856,13,3.26,0.0673814,1.62645
426,13.4877,7.22563,8,1.23333,0.0677072,1.34098
427,12.5654,7.01908,8,1.56667,0.0681276,1.31867
428,11.6505,6.6137,7,1.08,0.0667838,1.35323
429,12.0598,7.07444,8,1.35333,0.0686083,1.36196
430,12.1608,6.93316,7,1.67333,0.0676559,1.50135
431,12.0585,7.13182,7,1.24667,0.0641817,1.13122
432,13.135,7.93132,9,2.22667,0.0685937,1.19716
433,12.8307,7.19175,9,1.71333,0.065226,1.41379
434,14.0023,7.91775,9,1.78667,0.0657367,1.11316
435,13.4884,7.76863,10,1.96667,0.0643563,1.06626
436,12.3071,7.56078,8,1.19333,0.0666012,1.33118
437,12.9724,8.38463,8,2.12667,0.0674967,1.19089
438,14.2785,7.96528,10,2.38667,0.0675747,1.21018
439,13.4482,7.22595,9,2.38667,0.0661812,1.268
440,13.4271,7.99195,8,2.37333,0.0686413,1.19565
441,14.664,8.164,12,3.14667,0.0687979,1.3333
442,13.1146,7.24166,7,1.97333,0.0675357,1.2868
443,13.0736,8.0418,10,2.52667,0.0691068,1.36458
444,13.5161,8.76476,8,1.7,0.0671676,1.13668
445,12.9045,7.90843,10,1.90667,0.0667003,1.38416
446,13.2562,8.9024,9,3.07333,0.0686641,1.23951
447,15.3949,8.46728,14,3.28,0.0683932,1.46398
448,13.6573,8.30883,11,2.95333,0.0685326,1.32919
449,14.0917,8.1566,10,1.88667,0.0684113,1.18364
450,13.9084,8.3912,12,2.54,0.0684115,1.33876
451,13.575,8.43571,11,2.82667,0.0671326,1.22034
452,13.6028,8.46323,11,2.65333,0.0685118,1.20026
453,13.579,7.95996,10,2.17333,0.0679241,1.30198
454,13.3579,7.36367,11,3.29333,0.073687,1.78661
455,13.333,6.30324,10,2.43333,0.0661318,1.94235
456,13.4729,5.66406,11,1.76,0.076772,1.80435
457,14.1706,6.49,12,1.67333,0.0677344,1.89856
458,13.8242,6.62212,13,2.15333,0.0804293,1.64922
459,13.0828,6.80799,12,2.62,0.0669521,1.75899
460,14.7425,6.957,14,2.06,0.0663639,1.62267
461,13.9757,6.93084,15,2.22667,0.0673667,1.69219
462,13.1317,6.60861,13,1.84,0.0673781,1.54724
463,14.8318,6.68759,12,1.54,0.0669003,1.65809
464,13.8278,6.82717,10,1.34,0.067313,1.55228
465,13.778,7.17557,11,1.74,0.0672483,1.40517
466,14.8377,7.37382,11,1.90667,0.0719055,1.3499
467,13.4811,7.36644,12,2.05333,0.06552,1.47495
468,13.2104,7.16289,9,1.48667,0.0675104,1.50733
469,13.7955,7.36275,11,2.4,0.068608,1.54912
470,13.41,7.30131,11,2.44,0.0668272,1.55377
471,14.6142,7.31617,13,2.47333,0.0679928,1.60552
472,13.6412,6.92869,13,1.80667,0.0682613,1.65786
473,14.111,7.61028,14,2.12,0.0682598,1.48
474,13.6034,7.63747,13,1.69333,0.0652053,1.5031
475,14.1478,7.24033,9,1.98667,0.0690262,1.60497
476,13.3821,7.26361,7,1.42,0.0678239,1.63352
477,14.2012,7.38128,10,2.02667,0.0668664,1.56342
478,13.9253,7.77749,9,2.52,0.0671611,1.60731
479,14.3317,7.29097,12,2.22667,0.0687248,1.61054
480,13.5052,7.38632,9,1.64,0.0663814,1.4392
481,13.9681,7.66136,14,2.99333,0.0650091,1.51936
482,14.3291,7.6343,13,2.07333,0.0696958,1.42612
483,13.9402,7.65554,10,1.88,0.0670036,1.38692
484,13.3071,6.56558,11,2.06667,0.0655616,1.83241
485,13.6301,6.64715,11,2.3,0.0696425,1.86635
486,14.7542,7.16789,14,3.22,0.0694236,1.66279
487,13.0186,6.74524,9,1.28,0.0677197,1.65001
488,13.0366,6.30202,10,1.98667,0.0684086,1.63619
489,12.7913,6.94537,11,1.83333,0.0683754,1.27954
490,12.8467,6.90199,7,1.13333,0.0670265,1.4961
491,14.0665,6.9318,10,2.41333,0.0698508,1.56559
492,13.6091,7.15267,9,1.82,0.0666298,1.59917
493,13.2274,6.90757,10,1.91333,0.0689108,1.39524
494,11.6486,6.90629,7,0.753333,0.0660615,1.2775
495,14.18,7.41467,10,1.92,0.0678992,1.33018
496,13.422,7.39382,7,1.3,0.0661636,1.3507
497,13.785,8.03703,10,2.25333,0.0697486,1.46957
498,13.3515,7.57313,13,1.46,0.0652447,1.25824
499,14.8979,7.71119,11,2.03333,0.067644,1.36409
500,13.7561,7.67228,10,1.75333,0.0667707,1.24377
501,13.8094,8.09159,13,2.71333,0.067098,1.35156
502,13.8993,7.31215,8,1.74,0.0656011,1.3661
503,13.2196,7.27955,11,2.12667,0.0694945,1.32647
504,14.7234,7.72953,11,2.44667,0.0672483,1.37784
505,12.9805,6.88918,7,1.5,0.0655384,1.33492
506,13.1797,7.16297,7,0.986667,0.0678379,1.25085
507,13.123,7.55054,7,1.38,0.0660659,1.19532
508,13.4363,7.36976,7,1.51333,0.0679401,1.33708
509,14.1059,8.29079,9,1.93333,0.0648875,1.20662
510,14.629,8.28321,11,2.59333,0.066349,1.0746
511,14.0774,8.25973,8,1.76667,0.0665628,1.14417
512,13.82,8.20341,10,1.97333,0.068479,1.08218
513,13.0599,7.96917,7,1.91333,0.0658677,1.27327
514,13.2594,7.2135,10,2.33333,0.0670468,1.66236
515,13.7598,7.4064,10,2.00667,0.0674098,1.48011
516,13.4454,7.89731,9,2.30667,0.0654403,1.43428
517,14.1157,7.90068,10,2.04667,0.0678764,1.43903
518,13.447,7.18104,8,2.22667,0.0668259,1.44562
519,14.3343,7.15732,10,2.18667,0.0693964,1.53167
520,13.6688,7.86121,9,1.97333,0.0665766,1.10554
521,13.4722,8.1748,10,2.7,0.0674047,1.28025
522,14.182,7.38773,11,3.27333,0.0678842,1.5215
523,14.1517,7.45585,9,2.21333,0.0659458,1.24323
524,14.6338,7.84975,9,1.94667,0.0686375,1.20198
525,14.2723,7.26798,8,1.94667,0.0678526,1.17109
526,14.2288,8.26271,11,2.98,0.0694444,1.37879
527,14.5831,8.30992,11,2.74667,0.0683795,1.21852
528,14.0341,7.6602,10,2.18667,0.0695742,1.27878
529,14.9433,8.08948,12,3.36667,0.0692464,1.13531
530,13.8526,7.67092,9,2.28,0.0699101,1.46109
531,14.0153,7.62895,8,2.58667,0.0664277,1.32344
532,15.0018,8.46754,12,3.62667,0.0672778,1.17369
533,15.2253,8.16477,13,3.72,0.0712928,1.35011
534,13.9077,7.90817,12,1.78,0.0684441,1.22485
535,16.283,8.42766,14,3.12667,0.0685147,1.10767
536,14.2836,7.8032,10,3.01333,0.0685397,1.27645
537,14.8656,8.42553,12,3.28667,0.0660527,1.19857
538,12.7211,7.87032,5,1.32667,0.066271,1.2304
539,13.132,8.12315,12,2.3,0.0671627,1.2278
540,13.4426,8.71969,10,2.62667,0.0651799,1.15312
541,13.6292,8.6603,13,3.04,0.0695867,1.07367
542,14.435,7.67639,9,2.17333,0.0675181,1.08367
543,14.5037,8.72256,13,3.3,0.0665159,1.11112
544,12.4353,7.66167,14,2.4,0.0682123,1.25862
545,14.3391,8.72991,12,2.53333,0.0658132,1.00684
546,14.3324,8.90362,10,2.4,0.0688273,1.13887
547,12.6484,7.39321,6,1.09333,0.0687492,1.16724
548,14.7709,8.55083,10,2.82667,0.0651575,1.05806
549,14.1722,8.39966,9,2.24,0.0672628,1.08853
550,13.4318,8.60014,10,2.44667,0.066932,1.07704
551,14.5265,7.17163,9,2.50667,0.0678679,1.19798
552,14.4734,7.8055,12,2.26667,0.0676424,1.1971
553,14.5321,8.91164,10,3.50667,0.0675418,1.16791
554,13.6222,9.10327,11,2.90667,0.0674613,1.08682
555,14.3049,7.88832,10,1.81333,0.0656293,1.20925
556,13.9575,8.14718,10,2.13333,0.0689102,1.00764
557,13.7597,8.92095,7,2.84,0.066558,1.08216
558,13.6619,8.61888,10,3.43333,0.0677099,1.0279
559,13.8042,8.38052,9,2.39333,0.0689143,1.39456
560,13.5118,7.79235,11,2.31333,0.0675548,1.224
561,12.7748,8.58496,9,2.32667,0.0676949,1.15434
562,13.1252,8.70348,7,1.95333,0.0659087,0.986932
563,13.5855,8.38574,7,1.68667,0.0687669,1.12505
564,13.3193,7.81684,7,1.20667,0.0685649,1.21371
565,14.1557,8.12709,8,2.08,0.0665731,1.0784
566,14.7875,6.84357,11,2.48667,0.0670033,1.49967
567,14.5222,7.7401,10,2.58,0.0671639,1.31131
568,15.0723,7.67524,11,3.4,0.0667449,1.54962
569,14.1975,6.96788,11,2.96,0.0683227,1.69024
570,12.7587,7.33103,9,2.62,0.0669932,1.60004
571,13.2443,6.93977,9,1.8,0.0652102,1.46872
572,14.7421,7.51703,10,2.49333,0.0693821,1.37823
573,15.5081,7.81998,13,3.32,0.0670227,1.32868
574,14.6268,7.27264,9,2.03333,0.0673923,1.56801
575,13.3387,6.49223,13,1.75333,0.0684129,1.60652
576,14.6709,7.92891,11,2.77333,0.0705354,1.37957
577,15.1089,7.52177,12,3.57333,0.0685999,1.36695
578,14.9396,7.33613,12,2.74667,0.0703414,1.36463
579,13.2322,7.59934,8,1.56,0.0666827,1.29163
580,14.1484,7.92676,11,2.92,0.0665314,1.13873
581,13.4094,7.63356,10,2.27333,0.067473,1.53373
582,14.1803,7.67731,9,2.57333,0.0672494,1.36541
583,14.0452,7.70607,9,2.38,0.06766,1.21907
584,14.3969,8.03617,12,3.5,0.0690851,1.37442
585,13.8816,7.90438,7,1.62667,0.0683589,1.55405
586,13.6712,7.96737,10,2.18,0.0682111,1.25113
587,15.1275,9.14595,13,4.08667,0.0687188,1.39088
588,14.105,7.97955,11,1.91333,0.0684077,1.46596
589,15.1501,9.18931,12,3.98,0.0675752,1.35535
590,14.0891,8.41108,11,3.08,0.0651302,1.36663
591,15.4155,8.43674,14,3.60667,0.0684182,1.3427
592,13.4624,8.62408,11,2.08,0.0679498,1.40878
593,14.853,8.38367,10,2.82667,0.0689956,1.27924
594,15.2061,8.73085,12,3.36667,0.068859,1.27114
595,13.6588,8.25187,9,2.20667,0.0658914,1.44859
596,12.7394,6.56091,10,2.08,0.0669699,1.78289
597,14.0414,7.04522,12,3.26,0.0689211,1.65474
598,13.1702,6.47229,9,1.70667,0.0661158,1.38972
599,13.7876,7.10337,9,2.74667,0.0689288,1.93553
600,13.9604,6.98276,8,1.76667,0.0663077,1.69802
601,13.7898,6.92986,9,1.66667,0.0695133,1.84141
602,14.7872,8.0652,12,3.38,0.0686214,1.8052
603,14.006,7.77273,8,2.38,0.067197,1.74766
604,11.4819,6.80375,13,1.1,0.0691609,1.44641
605,13.4619,8.04147,9,1.73333,0.0680347,1.30036
606,12.6273,7.54678,8,1.31333,0.0671187,1.38369
607,12.711,7.53693,5,1.4,0.0663993,1.33515
608,13.9797,7.74117,14,2.18667,0.0692671,1.40443
609,14.719,8.18522,13,2.89333,0.070296,1.61207
610,14.2802,8.13807,11,2.98,0.069937,1.40711
611,13.4981,8.60568,8,1.94,0.07088,1.40986
612,13.3,8.26878,7,1.79333,0.0683162,1.3886
613,14.5953,8.83819,13,4.09333,0.0676562,1.29427
614,11.7806,7.61471,5,1.12667,0.0634761,1.17953
615,13.1799,7.66754,8,1.99333,0.0679602,1.53704
616,13.3552,8.16885,10,2.48667,0.0690099,1.30722
617,15.2636,8.68239,14,4.15333,0.0694561,1.55273
618,12.7611,7.76243,8,2.57333,0.0690469,1.33921
619,13.745,8.17977,8,2.00667,0.0682697,1.52357
620,14.2905,8.28726,10,2.63333,0.0690283,1.23804
621,13.5869,8.11257,10,2.97333,0.0709906,1.42347
622,14.3857,9.12156,12,3.66,0.0680752,1.28406
623,14.4197,9.00304,13,4.61333,0.0655562,1.41922
624,14.0688,8.10675,11,2.96,0.0670794,1.45635
625,13.1,8.47983,9,3.22667,0.0662454,1.37012
626,13.9872,8.0458,11,3.42667,0.0677118,1.74667
627,13.5538,8.1683,11,3.13333,0.0692055,1.47837
628,14.8706,8.62253,13,3.9,0.0691495,1.51889
629,13.9824,8.01725,10,2.78667,0.0672119,1.55585
630,12.5774,7.54492,5,1.59333,0.0657384,1.53128
631,14.1769,7.57474,11,3.08,0.0677308,1.67483
632,12.6954,7.64347,8,1.89333,0.0668442,1.40516
633,13.1766,7.87656,11,1.86,0.0683586,1.39378
634,13.7744,8.07348,9,2.77333,0.0680968,1.2267
635,13.2643,8.27386,9,2.37333,0.0665783,1.36013
636,12.8795,8.48401,7,2.20667,0.0668609,1.17672
637,14.3067,8.91182,10,3.10667,0.0668203,1.27051
638,12.9508,8.37483,11,3.44667,0.0656798,1.36104
639,13.8782,7.667,7,1.82,0.070743,1.63512
640,13.5595,8.94484,9,3.02,0.0652808,1.28886
641,14.1174,8.36408,11,3.62,0.0703076,1.41161
642,13.9983,8.48276,11,2.90667,0.0681189,1.22517
643,13.3459,8.00555,10,1.87333,0.0679545,1.2889
644,11.7383,8.41966,11,1.64,0.0674475,1.13342
645,13.7887,8.94041,10,3.6,0.0673612,1.35255
646,12.7652,8.49946,14,3.77333,0.0683449,1.33203
647,14.6481,9.46835,12,4.44,0.0665929,1.22169
648,14.133,9.23046,14,3.76,0.0684356,1.35661
649,13.4157,8.78652,10,2.69333,0.0666608,1.27324
650,14.644,9.78011,14,5.28,0.069723,1.30141
651,13.9975,9.15148,12,4.82667,0.0705954,1.48631
652,11.6416,8.53137,7,2.14,0.0678687,1.31168
653,13.0379,9.27209,8,2.37333,0.0677778,1.12839
654,13.0644,9.43994,8,2.35333,0.0652412,1.03607
655,12.7736,8.06236,11,2.15333,0.0692288,1.28142
656,12.8464,7.32827,10,2.12667,0.0678278,1.63935
657,13.7906,8.75533,13,3.42,0.067383,1.34066
658,13.9407,8.70239,8,1.99333,0.0666974,1.10687
659,13.7199,8.73298,12,3.32,0.0680177,1.34131
660,12.4839,8.08055,12,2.46667,0.0656995,1.27675
661,13.8149,8.51629,11,3.76,0.0677226,1.19089
662,13.8031,9.1497,11,3.85333,0.0649451,1.13742
663,14.098,9.15284,11,3.58,0.0675752,1.22373
664,13.4842,8.85684,10,3.61333,0.0702667,1.22954
665,13.7085,8.24653,11,3.64,0.069968,1.22191
666,13.0769,7.94215,8,2.1,0.0664911,1.10056
667,13.6406,8.55547,8,3.04,0.0654151,1.24343
668,12.8959,8.32282,6,1.30667,0.0632362,1.186
669,12.5373,8.10557,8,1.78,0.0682865,1.23532
670,13.5403,8.57784,9,2.96667,0.0679884,1.15753
671,13.6328,8.46196,10,1.46,0.0686064,1.15854
672,13.9361,8.8928,14,4,0.0678509,1.24349
673,11.8492,8.27808,10,2,0.06958,1.16771
674,13.2432,8.95441,9,2.82667,0.0664231,1.14818
675,12.633,8.4209,11,2.28667,0.0690588,1.34219
676,13.0261,8.42405,7,1.82,0.0685166,1.13925
677,13.2552,9.02577,7,2.68667,0.0686074,1.2564
678,13.3941,8.84845,7,1.95333,0.0663241,1.16448
679,14.0891,9.45214,9,3.26,0.0688135,1.21631
680,14.0947,8.85473,11,4.10667,0.0689433,1.31493
681,13.2902,8.4907,8,2.22667,0.0682556,1.15207
682,11.3299,8.18809,14,1.34,0.0661675,1.04323
683,14.84,8.85775,13,3.67333,0.066381,1.48123
684,13.4563,9.13853,13,3.30667,0.0662545,1.22348
685,14.7074,9.87242,11,4.18,0.0690223,1.32709
686,13.3224,8.30758,7,2.97333,0.0701459,1.57178
687,13.1949,7.99106,9,3.27333,0.0689049,1.42057
688,11.6492,7.88224,7,1.81333,0.0658987,1.19937
689,13.282,8.62295,8,2.74,0.0651413,1.22919
690,13.8491,7.76929,9,2.64667,0.0660731,1.36555
691,12.0123,7.75265,8,1.34667,0.0673615,1.18605
692,12.2802,8.46217,6,1.40667,0.0657144,0.924095
693,12.2054,7.78199,8,2.15333,0.0647611,1.1392
694,14.2723,9.02884,11,3.75333,0.0678539,1.14815
695,12.6984,7.80735,11,2.06667,0.0674336,1.16218
696,14.1274,8.85702,10,2.53333,0.0674931,1.24001
697,13.5823,8.47784,8,2.96667,0.068616,1.1986
698,14.5097,9.17954,12,3.32,0.0672497,1.13061
699,14.015,8.44842,9,3.1,0.0694262,1.18446
700,13.1533,8.34746,11,2.41333,0.0667512,1.16497
701,12.4596,8.29087,9,2.74,0.0654728,1.10448
702,13.2128,8.35432,8,1.37333,0.0694842,1.1175
703,13.2032,8.52801,7,2.40667,0.0664726,1.17116
704,13.7879,8.89078,9,3.03333,0.0672928,1.07834
705,14.011,8.79837,10,3.3,0.0678569,1.31101
706,13.4319,9.04196,9,3.45333,0.0665608,1.0461
707,13.2164,8.73876,10,3.54667,0.067707,1.15533
708,14.302,8.64518,10,4.04667,0.0684442,1.36572
709,13.4419,8.21265,6,1.77333,0.0666485,1.10085
710,13.4807,9.05722,7,2.45333,0.0648334,1.12645
711,13.8957,9.33016,8,3.1,0.0681696,1.03571
712,14.9182,10.0808,11,3.47333,0.0676306,1.02501
713,14.6049,10.2183,12,4.42667,0.0666431,1.0753
714,14.5185,9.32616,11,3.99333,0.0683859,1.09673
715,14.0166,9.51164,13,4.45333,0.0690452,1.04482
716,13.777,8.76872,9,3.42,0.0661676,1.5675
717,15.1261,9.45598,13,5.18,0.0705426,1.49621
718,13.0505,8.52181,9,2.52667,0.0697443,1.45008
719,14.0697,8.74937,12,4.07333,0.0668106,1.35607
720,14.9513,8.28453,12,3.5,0.0683304,1.46578
721,13.5395,8.55734,9,2.66,0.0675745,1.14456
722,13.9633,8.49585,8,1.80667,0.0676328,1.3119
723,13.0781,8.13238,10,2.57333,0.0672984,1.35053
724,15.1161,8.79154,12,2.74667,0.0651391,1.24855
725,13.212,8.39669,9,2.5,0.0702353,1.08077
726,13.7901,9.33928,9,2.67333,0.0686044,0.989826
727,13.5251,8.11057,17,2.84667,0.0689721,1.30217
728,14.0809,9.30868,13,4.35333,0.067239,1.11295
729,12.8102,8.61199,12,2.02,0.0671524,1.20289
730,13.3203,8.50908,6,1.92,0.06409,1.2461
731,11.9272,8.25623,7,1.43333,0.0629549,0.983959
732,14.1513,9.04078,9,3.07333,0.0667635,1.27371
733,11.887,8.44145,4,1.61333,0.0674571,1.12481
734,12.7593,8.79563,7,2.76,0.065987,1.03294
735,13.2149,9.01714,9,3.38667,0.0679842,1.05741
736,13.6812,8.88725,10,3.59333,0.0696298,1.19701
737,14.6133,9.7174,8,3.55333,0.068323,1.27777
738,13.8445,8.36656,8,3.02,0.0684339,1.35032
739,13.7135,9.32866,10,3.86667,0.0711909,1.32963
740,14.737,9.85874,13,4.67333,0.0694355,1.35783
741,14.1324,9.95647,10,5.4,0.0665603,1.31437
742,12.5055,8.77329,6,2.80667,0.0668032,1.00265
743,14.4387,9.92418,10,4.96,0.0690542,1.42086
744,13.9743,9.41896,11,4.35333,0.067827,1.18249
745,12.9724,8.98662,6,2.32,0.0660521,1.17141
746,13.3851,8.48927,9,3.26,0.0667512,1.50716
747,14.1779,8.88777,11,3.90667,0.0675197,1.49488
748,12.6638,8.23227,11,2.08,0.0696118,1.41555
749,12.7397,8.41815,11,3.21333,0.0663244,1.09938
750,14.1176,8.58886,10,3.97333,0.0676978,1.41625
751,12.6303,7.71957,10,1.65333,0.0692613,1.19497
752,12.5614,7.61887,6,1.76,0.0667379,1.22688
753,13.8742,9.00157,10,3.66667,0.0679344,1.21133
754,13.8676,9.06719,11,3.89333,0.067709,1.17579
755,13.1867,8.7296,7,2.74,0.0671037,1.15185
756,13.5293,8.4454,10,3.45333,0.0675959,1.50533
757,13.0917,8.43386,11,3.06,0.0678598,1.30544
758,12.6885,8.49379,7,2.04667,0.065525,1.15913
759,14.3675,9.60813,9,3.96,0.0722743,1.21544
760,12.9019,8.39394,8,2.68667,0.0669257,1.2022
761,13.8954,9.23408,11,5.31333,0.0672984,1.20602
762,14.4446,9.55789,12,4.95333,0.0681642,1.39008
763,14.471,9.45385,13,4.23333,0.0649757,1.01891
764,13.6841,9.15401,10,3.46,0.0674219,1.02868
765,14.0547,9.22795,9,2.79333,0.0688491,1.1336
766,13.171,9.39343,7,2.61333,0.0642629,1.08767
767,13.5949,9.4289,9,3.68667,0.0667031,1.22583
768,13.2549,8.78311,10,3.37333,0.0659655,1.09039
769,14.3563,8.84699,11,4.29333,0.0694281,1.31126
770,11.7767,8.72687,4,1.24,0.0670523,0.91313
771,11.6683,8.3802,6,1.58667,0.0681344,0.996058
772,12.9602,9.24885,8,3.19333,0.0681389,1.00057
773,13.603,9.39131,10,3.57333,0.0684043,1.21796
774,13.7779,9.56953,8,2.88667,0.0682627,1.12867
775,12.5849,9.2108,6,2.12,0.0665418,1.06006
776,13.8077,7.62835,11,3.49333,0.0665742,1.56896
777,13.4272,7.57646,10,3.10667,0.0691611,1.59062
778,13.9128,8.99566,10,4.03333,0.0669473,1.3451
779,13.3737,8.39916,14,2.66,0.0674632,1.34708
780,13.8018,8.83507,9,3.09333,0.0682514,1.19
781,13.099,8.19076,6,1.92667,0.0655911,1.2878
782,12.7197,8.3024,11,2.4,0.0682503,1.32937
783,15.0975,9.26843,12,4.2,0.0685548,1.45223
784,13.6164,8.88222,8,2.88,0.0657953,1.26516
785,13.6925,9.21947,13,3.53333,0.0679382,1.12286
786,13.1236,8.80152,12,2.37333,0.0679068,1.13745
787,14.2791,9.36813,11,4.62,0.0644434,1.36349
788,13.6355,8.44644,9,2.40667,0.0641467,1.19363
789,13.0704,9.01128,7,3.18667,0.0689791,1.16131
790,14.4515,9.85289,9,3.38667,0.0663023,1.21716
791,14.982,9.97451,12,4.92,0.0663258,1.40392
792,12.8813,8.48449,7,2.18,0.0657248,1.23038
793,13.7244,8.82729,12,4.23333,0.0697641,1.42921
794,13.9038,8.89782,10,2.54667,0.0676019,1.25718
795,14.5286,10.2646,9,4.26667,0.0686992,1.389
796,13.6388,9.24014,9,3.52667,0.0687675,1.23366
797,13.3801,9.00152,8,3.05333,0.0688252,1.35028
798,13.6346,9.15574,11,3.12,0.0666163,1.05557
799,13.038,8.90035,8,2.45333,0.0660912,1.11817
800,12.2557,8.65405,6,2.20667,0.0678849,1.20011
801,14.1032,9.48145,11,4.54,0.0674613,1.21488
802,14.2398,9.35308,9,3.06,0.0688355,1.31571
803,13.3182,9.59111,9,3.24,0.0681141,1.18418
804,15.2251,10.2478,13,6.00667,0.0705364,1.33158
805,12.4652,9.14494,9,3.16,0.0659432,1.12382
806,14.242,9.5576,11,4.62667,0.0689297,1.42504
807,12.6993,8.63034,10,2.56,0.0659061,1.23999
808,14.9419,9.45159,9,3.38,0.0657275,1.30674
809,13.2854,8.56314,10,2.58,0.066523,1.30366
810,13.2271,9.15937,8,3.22667,0.0669997,1.1496
811,14.5636,8.7877,10,3.32667,0.0687825,1.53461
812,12.7847,8.54417,9,2.92,0.0673153,1.34895
813,14.1633,8.88582,9,3.31333,0.0709233,1.29868
814,14.5421,9.86499,11,3.78667,0.0664527,1.26128
815,12.7069,8.54584,7,2.85333,0.0654596,1.24911
816,13.3869,8.91704,8,2.93333,0.0674382,1.40603
817,14.3234,9.65972,11,4.36,0.0681357,1.21461
818,14.3558,9.34516,9,3.92667,0.0676318,1.51536
819,12.6394,8.62998,5,1.68667,0.0673742,1.34634
820,13.5185,9.06534,10,3.44667,0.0687972,1.33821
821,13.4139,9.1378,9,2.75333,0.0682762,1.25015
822,13.6688,8.71144,8,2.23333,0.0678622,1.38873
823,13.619,9.28258,9,3.26,0.0655962,1.09588
824,13.0595,8.53469,8,1.64667,0.0670646,1.22864
825,13.1655,9.11928,6,1.62667,0.0686941,0.946712
826,12.8221,7.65207,7,1.88667,0.0677825,1.3547
827,12.3978,7.8446,7,2.48,0.069365,1.23004
828,12.8264,8.87816,12,2.9,0.0659622,1.28553
829,14.132,9.8977,11,4.24667,0.0692008,1.15508
830,13.3767,9.53733,11,3.36667,0.0671355,1.03252
831,13.8267,9.5499,9,3.71333,0.0648448,1.13739
832,14.7442,9.90761,12,4.98667,0.0652915,1.21967
833,11.5512,8.29313,4,1.10667,0.0656797,1.09133
834,12.5614,9.17185,7,3.32667,0.0696244,1.13409
835,13.2833,9.39092,9,3.58,0.0682305,1.12696
836,14.9869,9.12484,12,4.43333,0.0671042,1.64926
837,13.0518,8.37968,7,2.84,0.0694706,1.69448
838,14.6099,9.23757,10,4.12,0.0678473,1.6772
839,11.9447,7.93006,5,1.78667,0.0659022,1.36586
840,14.4033,8.72836,10,3.29333,0.0673356,1.31186
841,13.7085,8.51282,16,3.22,0.0673165,1.59685
842,13.4999,7.91806,10,2.71333,0.0687575,1.60513
843,13.4899,8.72453,12,2.47333,0.0665429,1.36599
844,15.1147,9.19752,12,4.79333,0.0696701,1.42227
845,14.0534,9.02363,8,2.60667,0.0682584,1.31119
846,13.4071,8.24063,8,3.02,0.0659721,1.59774
847,15.0959,9.08101,11,4.14,0.0672852,1.51352
848,13.1169,7.20682,9,2.48,0.0693656,1.82322
849,13.271,8.41089,10,3.70667,0.0688079,1.51087
850,13.144,9.09131,8,2.66667,0.0669334,1.37086
851,14.3617,9.1447,11,4.24667,0.0684127,1.54044
852,12.9406,8.96474,8,3.46667,0.0671861,1.32807
853,14.6106,9.11324,13,4.38,0.0696185,1.37561
854,14.1797,9.10664,10,4.31333,0.0676431,1.44928
855,14.4729,9.39172,12,4.97333,0.0677486,1.44649
856,14.2534,9.53436,9,4.99333,0.066883,1.39587
857,14.0081,9.55498,8,3.85333,0.0677115,1.34926
858,13.292,8.60868,9,3.5,0.066538,1.37507
859,14.4413,9.65386,13,6.54667,0.0685368,1.38663
860,13.9035,8.82541,9,2.74667,0.0664404,1.43288
861,13.1584,9.27186,8,3.24,0.0679593,1.22273
862,13.741,9.34341,7,2.12667,0.067907,1.35433
863,12.2526,8.73865,6,2.26667,0.0677174,1.32198
864,13.3664,8.68736,7,2.21333,0.0669004,1.25594
865,12.6243,8.37108,8,2.00667,0.0647454,1.46391
866,15.1795,9.4211,14,4.62,0.0687153,1.45106
867,13.5627,8.66342,9,3.28,0.0666847,1.61565
868,12.9242,7.79928,8,1.64667,0.0662779,1.41533
869,13.0677,7.68369,12,2.6,0.0673694,1.60135
870,13.7091,8.42773,7,2.35333,0.0695096,1.54439
871,14.8049,8.61753,12,3.83333,0.0686073,1.61717
872,13.8299,8.62346,8,2.66,0.069588,1.47348
873,13.0335,7.91068,10,2.66667,0.0687202,1.49205
874,12.64,7.92992,7,2.51333,0.069143,1.42075
875,11.9124,7.76174,7,2.18667,0.0671221,1.27207
876,13.9878,8.86397,9,2.17333,0.0653502,1.26047
877,12.8964,8.2307,8,2.22,0.0670075,1.58723
878,12.8161,8.23352,12,2.83333,0.0673094,1.29221
879,13.4705,8.86647,8,2.76,0.0665897,1.22503
880,13.7169,8.40692,9,3.48,0.0688414,1.65221
881,13.1303,8.45754,10,3.21333,0.0681263,1.45505
882,13.2233,8.46204,8,2.44667,0.0684655,1.37685
883,13.4969,9.22527,7,3.43333,0.0671963,1.3825
884,13.9181,9.32577,9,4.42667,0.0676736,1.46249
885,14.157,8.90524,11,4.51333,0.0675517,1.34138
886,14.6795,9.81566,10,4.4,0.0677058,1.37097
887,15.2636,9.86673,13,5.04,0.0702582,1.41749
888,13.256,9.0883,8,3.36667,0.065264,1.36228
889,14.7045,9.54759,10,3.71333,0.0677456,1.31155
890,13.0136,8.75739,6,1.58667,0.0671158,1.31717
891,13.5778,8.9461,11,4.04667,0.0665007,1.32749
892,12.4646,8.48217,5,1.73333,0.0674456,1.21479
893,14.4817,9.20261,10,3.57333,0.0711809,1.44387
894,13.2858,8.86635,7,2.98667,0.0658606,1.34524
895,13.6349,9.18006,9,3.30667,0.0677213,1.39574
896,12.2159,8.35815,4,1.38,0.0648128,1.37427
897,14.2777,8.50702,11,3.55333,0.0682873,1.68699
898,13.9568,8.28617,9,2.65333,0.0685508,1.36431
899,14.7356,10.2041,10,4.76,0.0687494,1.37313
900,13.9461,8.96547,11,3.88,0.0709009,1.36733
901,14.2319,9.30373,10,3.28667,0.0714203,1.44048
902,13.3031,8.67181,9,2.03333,0.0668876,1.19028
903,12.1253,8.04591,8,1.90667,0.0659527,1.2224
904,14.231,9.08082,10,3.21333,0.0665987,1.3264
905,14.5295,9.14494,10,3.68667,0.0681514,1.47003
906,13.4642,8.70902,8,3.28,0.0682032,1.28548
907,13.1458,8.69152,8,2.85333,0.0663068,1.34217
908,14.5786,8.783,12,4.48,0.069119,1.39698
909,13.1803,8.83211,6,2.19333,0.0674005,1.15155
910,14.3118,8.7015,11,3.61333,0.0704686,1.36205
911,13.6729,8.64012,14,2.52667,0.0698028,1.2302
912,14.2652,9.49283,11,4.28667,0.0667391,1.22781
913,12.5138,8.00936,7,1.62,0.0655316,1.20853
914,13.639,8.79683,11,4.01333,0.068305,1.2744
915,14.3184,9.10564,11,3.45333,0.0665405,1.2316
916,11.6737,7.6915,5,0.973333,0.0677813,1.03067
917,13.3079,8.66609,9,2.80667,0.0682907,1.30855
918,13.4266,9.04274,9,3.63333,0.0700022,1.11946
919,13.8641,9.19699,8,2.44,0.0677957,1.10931
920,13.9281,9.14452,9,2.86,0.0657975,1.09223
921,13.864,9.06585,8,2.86667,0.0651738,1.14315
922,13.9373,9.10484,10,3.06667,0.0680917,1.10201
923,13.8744,8.98267,9,3.12,0.0668972,1.1913
924,14.0478,8.82661,10,3.04,0.0674856,1.16744
925,12.2679,7.87213,5,1.42667,0.0667611,1.0855
926,13.0889,9.1722,6,2.8,0.0674064,1.35214
927,15.3113,8.95381,14,4.00667,0.0687497,1.651
928,14.3639,9.25299,10,3.3,0.0677365,1.31558
929,13.2781,8.07287,10,2.44,0.068335,1.42909
930,13.4711,8.83203,7,1.64,0.0665836,1.09004
931,13.2823,9.01659,9,3.17333,0.0676249,1.32333
932,14.298,9.23538,9,3.22667,0.065485,1.41217
933,12.8391,8.63094,6,2.38,0.0656083,1.33711
934,14.5573,8.89635,11,3.94,0.0674406,1.46695
935,13.1567,8.15838,8,2.99333,0.0677947,1.45104
936,14.5624,8.75921,11,3.24667,0.0693365,1.40435
937,14.2832,9.2558,11,3.73333,0.0685905,1.16267
938,13.5066,8.36216,10,3.21333,0.0662868,1.26812
939,13.5242,8.64291,9,2.56,0.0683289,1.16872
940,13.4468,9.10975,8,2.92,0.0687835,1.09649
941,13.275,8.06044,6,1.55333,0.066628,1.34174
942,13.6882,8.53786,8,2.46667,0.0663315,1.40212
943,14.6123,8.88708,13,4.87333,0.0687935,1.43884
944,14.1627,8.76536,8,2.80667,0.0678287,1.20481
945,14.5456,8.60144,13,4.2,0.0700008,1.53662
946,13.7309,8.76211,9,3.54,0.0661873,1.31304
947,13.9652,8.69936,11,3.56,0.0680035,1.315
948,12.3163,8.25425,7,2.78,0.0658962,1.11785
949,13.4157,8.7658,8,3.00667,0.0684782,1.37471
950,12.5001,8.59497,14,3.00667,0.0675804,1.16964
951,12.3885,8.77328,8,1.58667,0.0668641,1.28136
952,14.6061,9.63333,10,3.85333,0.0678668,1.18528
953,12.641,7.96659,7,2.02,0.065225,1.27186
954,13.4524,8.82513,11,2.94,0.0677323,1.30899
955,12.4406,8.04124,6,1.36,0.0652672,1.24945
956,14.187,9.60449,10,3.68,0.0649671,1.32487
957,13.5983,9.06819,8,2.69333,0.0653244,1.40479
958,12.7011,9.54653,7,2.81333,0.0662987,1.26101
959,13.9352,9.5755,10,3.36,0.0652404,1.33112
960,12.692,8.57001,8,2.94667,0.067838,1.40727
961,12.8144,8.36094,10,2.85333,0.0678087,1.23152
962,14.2774,9.46993,10,3.55333,0.0657785,1.35284
963,14.3556,9.55324,11,3.88,0.0674544,1.46392
964,13.5301,9.00174,11,3.46667,0.0674992,1.22728
965,12.9579,8.77258,6,2.25333,0.0672809,1.28189
966,15.0481,9.74717,10,3.21333,0.0704428,1.46012
967,13.8246,9.55433,9,3.54667,0.0711891,1.39504
968,14.7312,10.0247,11,4.8,0.0704543,1.47868
969,13.3624,9.43278,10,2.94667,0.067816,1.2477
970,13.9464,9.46756,11,3.86667,0.0673512,1.32023
971,12.6113,8.92971,4,2,0.0658781,1.27377
972,14.144,9.66642,11,3.94667,0.06903,1.31836
973,14.1909,9.4198,8,2.99333,0.0675833,1.27351
974,14.1536,9.64913,9,2.94,0.06819,1.2304
975,13.6256,9.20295,8,3.02,0.0678749,1.29339
976,13.5727,9.55784,8,2.98,0.0667059,1.21825
977,12.8285,8.96088,7,2.58,0.0661691,1.18156
978,13.113,9.48412,8,3.21333,0.0678845,1.0552
979,13.8906,9.16434,9,2.97333,0.066175,1.36983
980,13.623,9.39498,11,3.72,0.0654033,1.27316
981,15.1088,10.2962,13,4.98,0.0695276,1.22049
982,14.7576,9.3087,13,4.59333,0.0672226,1.33788
983,15.5179,10.3791,13,5.41333,0.0699417,1.4299
984,14.4058,9.42536,10,4.24,0.0696954,1.23124
985,13.46,10.1397,7,2.80667,0.0675798,0.991004
986,13.4009,7.86221,8,2.97333,0.0664177,1.48509
987,15.3733,8.92448,11,4.08,0.0674945,1.37423
988,13.6813,9.57267,9,3.63333,0.0662189,1.53144
989,13.6781,9.04175,7,2.26,0.0678572,1.40502
990,13.7427,9.01721,8,2.60667,0.0684748,1.50345
991,13.0348,8.80824,5,1.61333,0.0668864,1.26295
992,13.0718,8.46877,9,2.39333,0.065594,1.28164
993,13.2466,8.91431,9,3.23333,0.066629,1.24921
994,14.8416,9.84867,12,4.96,0.0676725,1.19056
995,13.6415,8.66231,9,3.58,0.0672798,1.42971
996,14.1277,8.39581,10,2.86667,0.0679056,1.5167
997,13.7767,8.55877,8,3.22667,0.0672926,1.6034
998,14.7047,9.45006,12,3.97333,0.0702665,1.53861
999,13.8021,9.74592,9,3.32,0.0697952,1.16246
1000,14.1641,9.35582,13,4.09333,0.0716731,1.51907
