1,9.14581,2.28245,10,0.4,0.0707997,1.08278
2,8.03324,3.48623,10,0.5,0.0695237,1.28308
3,8.55418,4.75641,4,0.0533333,0.0669816,0.666104
4,9.2851,4.47502,6,0.146667,0.065477,0.647044
5,9.3546,4.82712,3,0.0533333,0.0660127,0.476582
6,9.77212,4.95179,4,0.0933333,0.0671156,0.697994
7,9.94786,4.84646,3,0.1,0.0690994,0.944854
8,11.6134,5.14001,6,0.12,0.0668039,0.636805
9,10.4685,5.25983,7,0.18,0.0698205,0.660876
10,12.6073,5.31999,9,0.333333,0.0688817,0.942333
11,11.2904,5.57146,12,0.306667,0.0678815,0.814376
12,11.172,5.98031,3,0.106667,0.0677068,0.931064
13,11.0588,5.63943,7,0.153333,0.0645413,0.905809
14,11.3678,5.89997,9,0.54,0.067897,0.979254
15,11.5397,5.93816,6,0.26,0.06747,0.988431
16,11.4584,6.21366,5,0.306667,0.0664445,0.807536
17,13.4328,6.10605,6,0.373333,0.0681823,0.874239
18,14.6844,6.31007,8,0.686667,0.068488,0.969917
19,12.3333,5.94483,7,0.78,0.0662894,0.932129
20,11.9749,6.19702,6,0.513333,0.0683938,0.871246
21,11.0876,5.53109,6,0.473333,0.0686289,0.964303
22,11.4736,5.73079,6,0.353333,0.0679038,0.830741
23,12.9985,6.55825,8,0.4,0.0694092,0.919277
24,12.1536,6.68498,6,0.246667,0.0669864,0.823858
25,11.7312,6.47309,7,0.64,0.0651762,0.878744
26,12.6681,6.3607,8,0.506667,0.06449,0.830303
27,11.7757,7.09149,6,0.6,0.067164,0.949826
28,13.1728,6.42331,9,0.413333,0.0666035,0.929078
29,11.6922,6.18745,6,0.4,0.063445,0.853638
30,13.1569,6.48802,7,0.46,0.065648,1.03434
31,11.9519,6.44474,6,0.58,0.0649236,1.07959
32,11.4353,6.46445,9,0.36,0.0666466,1.075
33,12.563,6.48272,6,0.453333,0.0702911,1.16315
34,13.1539,6.91845,10,0.5,0.0663256,0.996871
35,12.6505,6.58527,6,0.306667,0.0675565,1.02698
36,13.1892,6.89909,12,0.593333,0.0682115,0.959678
37,13.0341,6.86584,7,0.44,0.0674352,0.937154
38,13.1296,6.59124,5,0.366667,0.0661115,1.01635
39,13.0097,6.83428,6,0.333333,0.0684945,1.05588
40,12.7833,6.8041,6,0.4,0.0680345,1.09694
41,13.2176,6.97097,5,0.313333,0.0644561,0.941086
42,11.662,6.95787,7,0.506667,0.0687418,1.05591
43,12.2035,7.27043,7,0.6,0.0694268,1.16131
44,12.2107,6.67847,6,0.686667,0.068593,1.11483
45,12.6388,7.0186,7,0.473333,0.0663366,1.00965
46,12.4926,7.09262,7,0.42,0.0688496,1.09592
47,13.8673,7.32908,9,0.5,0.0642032,0.967282
48,13.6213,6.93973,8,0.566667,0.0670215,1.15988
49,12.2273,7.23894,8,2.16,0.0692553,1.45563
50,11.3862,6.90863,4,0.866667,0.0654576,1.21377
51,13.1656,6.97146,5,1.08,0.0690549,1.40545
52,13.7494,6.05479,9,0.906667,0.0683689,1.45942
53,13.561,6.61571,6,0.393333,0.0658571,0.992352
54,12.8644,7.1468,10,0.566667,0.0681398,1.18487
55,12.4579,6.78949,9,0.586667,0.0695698,1.10219
56,14.2344,7.25169,8,1.02,0.066932,1.22722
57,12.9825,7.01646,7,0.84,0.0667338,1.1673
58,13.4273,7.05667,9,1.27333,0.0689684,1.33861
59,13.2229,6.82199,6,1.11333,0.0671178,1.38065
60,13.755,8.11549,9,1.79333,0.0692428,1.16806
61,13.1069,6.89278,6,1.02,0.0685981,1.17066
62,12.2185,6.66988,7,0.646667,0.0673245,1.17182
63,13.4915,6.73047,7,0.84,0.0677085,1.18349
64,14.2323,7.10987,10,1.34667,0.0668857,1.29196
65,12.3365,6.77827,6,0.42,0.0685188,1.30425
66,13.1836,7.21677,4,0.546667,0.0673985,1.15251
67,14.0946,7.20945,9,1.3,0.0728035,1.22672
68,12.5959,7.55084,7,1.10667,0.0713164,1.05065
69,11.8716,7.77245,4,0.666667,0.0655957,0.973772
70,12.7394,7.47455,9,0.64,0.0680883,1.17611
71,14.0355,8.47909,10,1.36,0.0705955,1.31229
72,13.6398,7.45162,6,1.14,0.0720943,1.4792
73,14.0032,7.81873,9,1.22667,0.0688076,1.24107
74,14.2417,7.97607,7,1.02667,0.0649342,1.13398
75,13.7015,8.15705,7,1.14,0.0678672,1.24688
76,13.8363,7.4405,7,0.966667,0.0699806,1.32973
77,13.3053,8.11897,6,0.933333,0.0666871,1.17524
78,13.4874,7.8539,7,1.12667,0.0657504,1.15742
79,14.4972,8.55019,9,2.16,0.0720036,1.77609
80,14.8874,9.081,10,2.55333,0.0691714,1.75193
81,12.9818,7.62257,7,1.57333,0.067162,1.62135
82,14.5045,7.74192,8,2.31333,0.0680445,1.61036
83,14.4979,7.95649,8,1.93333,0.0678567,1.65891
84,14.0154,7.27251,7,1.78,0.0687409,1.8703
85,14.2306,7.3783,9,2.34,0.0659919,1.74442
86,11.9528,7.66979,6,1.16,0.0698746,1.58727
87,12.8747,7.37132,7,1.39333,0.0673316,1.54223
88,14.1548,7.77885,9,2.33333,0.0663403,1.36288
89,14.2762,7.84511,15,1.54667,0.0696775,1.38569
90,13.1576,7.55711,7,0.926667,0.0679707,1.61389
91,12.2224,7.40839,5,1.14,0.0686931,1.53467
92,12.9646,7.57943,4,1.04,0.0675168,1.49619
93,14.73,8.35874,11,2.39333,0.0676978,1.34582
94,12.6894,7.42682,6,1.46,0.068697,1.41307
95,15.4517,7.98455,9,2.02,0.0673007,1.44383
96,14.8235,8.51836,12,2.12667,0.067416,1.25035
97,12.8972,7.85789,5,1.30667,0.0677554,1.20135
98,15.5981,8.80722,11,2.23333,0.0690661,1.3126
99,14.8024,8.96029,9,2.02667,0.0695597,1.36604
100,14.0849,8.83324,10,2.18667,0.065243,1.23274
101,12.7423,8.04842,6,1.14,0.0694388,1.30518
102,13.5537,8.65765,7,1.59333,0.0659192,1.27629
103,15.7885,9.81179,9,2.40667,0.066806,1.42239
104,14.195,8.82479,9,2.01333,0.0691187,1.32396
105,14.7751,9.2079,10,2.43333,0.0673308,1.25817
106,14.6112,8.80091,9,2.24667,0.0664723,1.12042
107,14.1211,9.0963,7,1.97333,0.0678379,1.29447
108,14.7459,9.45272,10,2.16667,0.068558,1.40695
109,13.5909,8.55653,8,1.93333,0.0695352,1.42797
110,13.271,8.57904,8,1.86,0.0681144,1.30474
111,12.8749,8.35773,5,0.84,0.0685938,1.26033
112,15.6169,9.24596,11,2.97333,0.0665248,1.46396
113,15.038,9.87249,11,2.14,0.0706243,1.30578
114,13.0226,8.88825,8,2.28,0.0672993,1.33372
115,13.6585,8.49226,5,1.04667,0.0710071,1.31059
116,13.2777,8.26459,4,0.846667,0.066997,1.5013
117,14.8779,9.65992,11,3.06667,0.0698698,1.37918
118,13.786,9.14366,9,1.54667,0.0665647,1.35206
119,14.3159,9.42768,9,2.18667,0.0680859,1.37544
120,14.289,9.53531,12,2.20667,0.0671663,1.33273
121,14.1427,9.86175,8,2.48667,0.0673522,1.35329
122,14.7191,9.28384,9,1.95333,0.0648064,1.43056
123,15.5265,9.35397,10,2.49333,0.0694408,1.47614
124,13.4891,8.92049,9,1.98667,0.0674413,1.35625
125,14.5173,9.42904,6,1.91333,0.0640671,1.40383
126,13.953,9.68989,9,2.92667,0.0663909,1.28357
127,15.0858,9.41467,9,2.50667,0.0690684,1.63447
128,13.8001,8.45027,10,2.55333,0.070137,1.68469
129,13.7643,7.58367,11,1.13333,0.0693403,1.69249
130,13.6232,8.24152,11,1.87333,0.0678025,1.55372
131,14.8221,8.58251,10,2.26,0.065481,1.4636
132,13.0906,8.31323,10,0.646667,0.0710192,1.49051
133,13.0344,8.02692,10,1.28,0.0694368,1.64957
134,14.8739,8.04419,11,3.1,0.0682623,1.56174
135,13.9506,7.2767,7,1.95333,0.0742869,1.53322
136,13.6761,7.90405,8,1.69333,0.0671155,1.46407
137,13.1336,8.10275,11,2.14,0.0671126,1.09103
138,13.5219,8.01107,7,1.3,0.0689935,1.24704
139,13.5213,7.71564,8,2.07333,0.0692428,1.4049
140,14.1626,7.49002,8,1.96,0.0669525,1.44872
141,13.9736,7.71807,7,1.56667,0.069337,1.45158
142,15.0635,8.39576,9,1.92667,0.0701716,1.40084
143,14.2972,7.87702,10,1.62,0.0683607,1.4005
144,13.4468,7.94147,8,1.12667,0.0696153,1.23167
145,14.402,8.24237,9,1.46667,0.0687129,1.16492
146,13.6577,8.14966,8,0.94,0.0689995,1.02306
147,14.6116,8.09426,9,1.96,0.0687247,1.34247
148,14.103,8.3092,7,1.65333,0.0672113,1.34581
149,14.3091,7.85686,8,1.52,0.0647596,1.44942
150,14.3012,8.31131,5,1.29333,0.0681851,1.33481
151,13.7346,8.52916,6,1.89333,0.0651928,1.27088
152,14.4396,8.88632,9,3.46,0.0682355,1.38059
153,14.5159,8.85261,10,1.99333,0.0681124,1.27245
154,14.9275,9.35205,10,2.54667,0.0684438,1.31236
155,14.0205,7.57149,10,2.03333,0.0684608,1.35223
156,14.0681,8.68123,7,1.82667,0.0681936,1.12364
157,14.1241,7.93418,9,1.56667,0.0677763,1.27706
158,14.7992,8.50343,10,2.14,0.0695002,1.34802
159,14.7159,8.99117,9,2.39333,0.0671099,1.28731
160,14.3288,8.43693,8,1.96,0.0670229,1.28857
161,13.3245,8.37832,11,1.28,0.0675487,1.3622
162,14.0349,8.16674,7,1.72667,0.0682862,1.18488
163,14.7666,9.39153,9,2.12,0.0674033,1.28064
164,16.3121,8.6821,13,3.24667,0.0669798,1.44388
165,14.9476,8.18193,11,2.37333,0.0693555,1.37899
166,15.363,7.94131,11,3.11333,0.0701533,1.26599
167,14.0485,6.80907,8,1.11333,0.0693125,1.44188
168,14.1765,7.54829,7,1.62,0.0688015,1.39929
169,13.2858,7.89302,6,1.3,0.0672064,1.22355
170,14.4451,7.87619,9,1.74,0.0675438,1.41458
171,13.3987,7.78824,6,0.673333,0.0671545,1.37052
172,14.2265,8.38646,11,1.78667,0.0659149,1.3698
173,15.6882,8.5989,11,2.22,0.0704368,1.35806
174,13.9299,7.89734,6,1.26,0.0684239,1.34328
175,14.5622,8.11185,10,1.93333,0.0686979,1.39947
176,14.0533,8.31759,8,1.64667,0.0646509,1.45277
177,13.8101,8.1157,6,1.44,0.0700401,1.56002
178,14.0834,8.53569,9,2.21333,0.0685723,1.31445
179,12.8003,8.12906,5,1.06,0.0673625,1.25723
180,13.5359,8.52058,8,1.46,0.0664337,1.27922
181,15.1622,9.22944,9,2.31333,0.0675963,1.33584
182,15.2695,8.80851,9,1.71333,0.0676827,1.2205
183,14.6776,8.52933,9,1.93333,0.068096,1.30682
184,14.397,8.13528,9,2.16667,0.0682253,1.32175
185,13.1119,8.33049,6,1.3,0.0697752,1.2785
186,12.6261,8.09004,10,1.14667,0.0662309,1.30867
187,13.9167,8.61389,12,2.24667,0.0704124,1.37067
188,14.9706,9.16111,10,1.9,0.0657123,1.32607
189,13.7031,8.93754,5,1.07333,0.069077,1.40954
190,13.8002,9.09441,6,1.61333,0.0674746,1.2789
191,14.1922,8.4914,9,2.22667,0.0655659,1.26238
192,14.811,9.21634,12,2.73333,0.0658965,1.25942
193,13.6691,8.52284,13,2.50667,0.0693296,1.38799
194,13.7513,8.33684,12,1.92667,0.0713851,1.39731
195,13.8193,8.16837,8,3.02,0.0670495,1.96108
196,15.4583,8.12879,13,4.01333,0.0701771,2.01385
197,13.4107,8.44877,6,2.02,0.0677472,1.59183
198,14.1471,8.68172,10,3.11333,0.0676113,1.50672
199,12.7603,7.32646,8,1.63333,0.0675296,1.26884
200,13.7678,8.34121,9,2.26667,0.0658512,1.37523
201,14.882,8.11931,10,2.60667,0.0685769,1.53273
202,13.6925,8.16166,9,2.48,0.067562,1.54763
203,14.031,8.65483,9,2.5,0.0681421,1.4631
204,12.8235,7.61011,4,1.12,0.0669006,1.54951
205,13.8758,8.32821,8,2.78,0.0660821,1.60513
206,15.4083,8.79547,10,2.85333,0.068202,1.75557
207,13.3762,7.79944,7,1.80667,0.0651719,1.62744
208,14.3469,8.89822,7,1.65333,0.0674085,1.57836
209,13.6225,8.73734,8,2.77333,0.0672374,1.58955
210,14.7264,9.71477,8,3.02667,0.0677222,1.38905
211,15.2839,9.64935,12,3.57333,0.068219,1.54785
212,14.3691,9.24874,10,3.37333,0.0666718,1.42233
213,13.8712,9.00053,7,2.50667,0.0647283,1.53642
214,12.6373,8.31839,6,1.26667,0.0671823,1.29544
215,15.3049,9.17122,11,3.74667,0.0692868,1.55448
216,14.6804,8.94812,8,2.67333,0.0674788,1.71965
217,14.1014,8.73569,8,2.48667,0.0676504,1.40209
218,13.7222,8.76763,9,2.94,0.0656017,1.5029
219,14.1271,9.06772,8,2.81333,0.0666951,1.48427
220,15.0166,9.41001,11,3.24667,0.0672138,1.56961
221,14.907,9.12666,7,1.86,0.0683472,1.48111
222,13.0836,8.52601,6,2.12,0.0677599,1.42891
223,13.7903,8.38929,11,3.66667,0.0677253,1.57243
224,15.12,8.83898,11,2.96667,0.0701667,1.55863
225,14.2722,7.1861,8,2.52667,0.0646652,1.83467
226,13.6161,6.85196,10,1.78,0.0673096,1.70845
227,13.7917,7.03942,7,1.79333,0.0673858,1.71404
228,16.4091,8.1458,13,2.94,0.0670709,1.47202
229,15.112,8.23231,11,3.44667,0.0666075,1.6949
230,13.4198,7.39943,8,1.42667,0.0706659,1.55956
231,14.358,8.56808,9,2.73333,0.0676228,1.45551
232,13.4034,7.47035,8,1.91333,0.0690364,1.65161
233,13.3967,7.03399,9,1.55333,0.0660498,1.62966
234,14.7124,8.36366,10,2.74667,0.0702001,1.64462
235,15.023,8.01271,9,2.08,0.0688462,1.49348
236,14.7445,7.1234,9,2.01333,0.0695021,1.90182
237,15.6647,8.77853,11,2.86667,0.0693277,1.58825
238,15.2053,8.70443,8,2.19333,0.07008,1.4938
239,13.1964,7.9214,10,1.98667,0.0668761,1.64218
240,14.0652,8.4616,8,2.14667,0.0664773,1.52592
241,13.6954,8.28808,8,2.25333,0.0664164,1.40642
242,14.2101,8.00839,9,2.78,0.0672068,1.5535
243,13.9151,7.85239,9,2.56667,0.070916,1.62975
244,13.8028,8.41665,8,2.4,0.0675717,1.48801
245,15.2279,8.36763,11,2.4,0.0686246,1.54532
246,12.71,8.17906,8,0.973333,0.068127,1.41854
247,13.6451,9.21496,8,1.92,0.0669786,1.41676
248,13.4897,8.26006,6,1.36,0.0657914,1.47399
249,14.9477,8.41126,9,2.19333,0.0690096,1.7174
250,14.3274,8.97666,10,2.20667,0.0679336,1.41712
251,12.697,8.60188,4,1.15333,0.0679762,1.48179
252,15.7473,9.87004,12,4.02667,0.0655554,1.44213
253,13.2297,7.57742,7,1.11333,0.0707801,1.69035
254,15.6998,9.21922,12,3.77333,0.0670091,1.3718
255,13.9668,8.70482,7,1.84667,0.0671287,1.5071
256,15.9981,8.68718,11,3.13333,0.0709188,1.77673
257,13.4951,7.78832,9,2.07333,0.0702433,1.56296
258,14.1985,8.59555,9,2.71333,0.067474,1.68921
259,15.3617,8.98611,7,1.74667,0.0657634,1.65833
260,14.2941,8.30389,10,2.92,0.0695704,1.65674
261,13.3034,7.90022,7,1.62,0.0671517,1.58608
262,13.3049,7.44181,6,1.11333,0.0685697,1.36385
263,13.8878,7.84877,10,2.3,0.0675333,1.35681
264,16.7092,8.71144,14,2.9,0.0669594,1.28991
265,15.4494,7.91141,12,2.38667,0.068801,1.47715
266,13.5648,7.19563,7,1.48,0.0676085,1.40818
267,13.9883,7.40584,9,1.28667,0.067123,1.40326
268,14.9082,8.33474,8,1.36667,0.0683462,1.33548
269,15.8724,8.64544,13,2.36667,0.0671164,1.38334
270,13.4723,8.52014,10,2.84667,0.0664623,1.35995
271,14.561,8.42146,11,2.36,0.0684707,1.48758
272,14.3316,8.04897,6,1.56667,0.0670122,1.57204
273,14.4758,7.89057,10,2.10667,0.070305,1.53258
274,15.53,8.30957,9,2.16667,0.0665064,1.32236
275,14.4089,7.92057,8,1.83333,0.0685903,1.4861
276,14.0825,7.11341,7,1.24,0.0687045,1.54542
277,14.5527,8.84954,10,2.32667,0.0692027,1.42567
278,14.2118,9.26325,8,2.14667,0.066016,1.33776
279,14.8234,8.7475,10,2.00667,0.0665747,1.45482
280,12.6103,7.46496,6,1.9,0.0679153,1.61493
281,15.6279,8.96518,12,3.34667,0.0686688,1.28025
282,14.914,9.0162,9,2.32667,0.0664436,1.39966
283,13.9264,8.26407,7,1.62,0.070044,1.52277
284,14.1401,8.80917,8,1.72,0.07032,1.22978
285,16.7656,8.97468,12,3.02,0.0670047,1.49338
286,13.9764,8.86984,9,2.36,0.0661112,1.43237
287,15.4735,9.03364,10,2.24,0.0687314,1.30034
288,13.782,8.3851,9,2.2,0.0715835,1.48003
289,15.8009,9.54097,11,2.67333,0.0699117,1.36278
290,14.6362,8.11901,13,2.53333,0.0681032,1.44676
291,14.3649,9.52076,9,2.33333,0.0679932,1.31536
292,12.8275,7.88341,7,1.36,0.0659061,1.38696
293,14.0122,8.27678,9,2.01333,0.0694436,1.32476
294,13.6952,8.53813,6,1.28,0.0673843,1.36498
295,15.7836,9.48168,12,2.18667,0.0697442,1.20575
296,15.8389,9.66898,12,3.78667,0.0695138,1.29666
297,13.8562,9.1331,8,1.75333,0.0674987,1.1788
298,14.4622,9.14784,9,2.75333,0.0688723,1.35315
299,14.1615,9.63557,6,1.81333,0.0662281,1.21289
300,14.5852,9.60377,9,1.83333,0.0673794,1.27544
301,13.5582,8.22733,9,1.82,0.0686473,1.30116
302,15.6627,9.64408,12,3.02667,0.066836,1.31486
303,12.8513,8.71148,8,1.24,0.0658762,1.43381
304,14.2342,9.55274,8,2.01333,0.0675871,1.4268
305,13.7447,8.70904,7,1.42667,0.0672372,1.51924
306,15.1169,9.60499,9,1.61333,0.0664034,1.34322
307,14.5082,8.7919,9,2.19333,0.0672769,1.47489
308,13.23,8.69359,7,1.64,0.0690132,1.50989
309,14.227,9.3185,9,2.74,0.0677584,1.28857
310,13.7938,8.77995,7,1.63333,0.0680272,1.36732
311,14.8213,9.01661,9,2.24667,0.0667921,1.3124
312,13.0314,8.30463,8,1.33333,0.0684555,1.49484
313,15.2398,9.7185,15,3.31333,0.0696613,1.33309
314,13.5526,8.44056,9,2.27333,0.0699687,1.55909
315,14.2107,8.47817,8,2.09333,0.0663715,1.5282
316,13.6993,8.73542,10,2.28667,0.0685616,1.72311
317,14.0187,8.59057,8,2.18,0.0685868,1.92102
318,13.2496,7.33193,8,1.93333,0.0687824,1.63942
319,15.5816,9.30497,11,3.26,0.0693344,1.44828
320,13.8952,9.02801,8,1.93333,0.0665757,1.6148
321,12.7731,7.88047,5,1.42,0.0694367,1.74287
322,14.6612,8.73271,11,2.94,0.0687903,1.62893
323,14.6331,8.99014,10,2.84,0.0673112,1.44394
324,14.7006,8.59126,7,2.14667,0.0674743,1.50621
325,14.1687,8.82032,10,2.46,0.0690003,1.46414
326,12.9538,8.05157,14,1.96,0.0666274,1.65024
327,14.7766,8.63196,10,2.76667,0.0684957,1.38809
328,15.0032,9.4497,11,2.02,0.0681704,1.33417
329,14.3188,8.24365,11,2.46,0.06705,1.60779
330,14.5919,9.63319,9,3.28667,0.0675744,1.51797
331,15.6386,9.38741,10,2.68,0.0692634,1.28362
332,11.4193,7.70849,5,0.893333,0.0687527,1.65883
333,14.5493,9.59676,9,2.57333,0.0698691,1.79514
334,15.7678,9.6769,9,3.29333,0.0689786,1.67673
335,14.6586,9.32386,8,2.32,0.0727156,1.65013
336,15,9.57369,11,3.53333,0.0669952,1.67622
337,13.4666,8.79381,10,2.85333,0.0694278,1.40683
338,16.1392,11.2088,9,3.40667,0.0693992,1.58849
339,15.151,10.6785,10,3.87333,0.0674212,1.31323
340,14.9648,10.0928,9,3.00667,0.0669066,1.53029
341,15.0084,9.46264,12,4.24667,0.0694746,1.57209
342,14.3847,9.84307,9,3.72,0.0690112,1.52323
343,15.8628,10.1326,13,4.28667,0.0686719,1.46443
344,14.7932,9.44951,11,3.44,0.0696842,1.57936
345,14.4677,10.0731,10,3.68667,0.0675984,1.34442
346,15.2986,9.35005,13,2.52667,0.0673792,1.7038
347,14.0859,8.34392,18,2.98,0.0686856,1.62211
348,14.9237,8.99368,10,3.34667,0.0671648,1.53617
349,13.018,7.97335,7,1.65333,0.0654624,1.33806
350,13.7422,9.26388,8,3.16,0.0684416,1.43595
351,12.5462,8.45142,11,1.12,0.065596,1.39038
352,14.836,9.04016,12,3.56,0.0694988,1.51809
353,14.0683,8.55413,10,1.30667,0.0685008,1.33222
354,15.3173,8.12427,10,2.12667,0.0696042,1.60386
355,13.4579,8.40705,7,1.72,0.0676059,1.3458
356,15.3717,8.82896,12,2.7,0.0703368,1.6599
357,15.1788,9.42865,11,2.77333,0.0650505,1.26022
358,16.3748,10.1242,11,2.84,0.0658519,1.24608
359,15.4042,9.43609,12,3.47333,0.0688731,1.41004
360,14.7044,8.98214,9,2.28667,0.0696187,1.73187
361,14.7098,8.98269,8,2.19333,0.0697009,1.33207
362,14.7891,9.59446,9,2.22,0.0668481,1.20924
363,13.5019,8.29581,9,2.41333,0.0720026,1.32376
364,16.7557,9.06224,12,1.95333,0.0687384,1.04588
365,14.7283,8.78024,9,2.35333,0.0664849,1.31368
366,14.964,9.01035,10,2.2,0.0675293,1.31692
367,16.1352,9.2207,11,2.53333,0.0669945,1.26169
368,13.2538,8.65001,9,1.16667,0.0648012,1.1257
369,14.2866,9.10924,11,2.34,0.069705,1.41374
370,14.4271,8.60106,8,1.7,0.0688657,1.29537
371,13.6846,8.59298,10,2.28667,0.0678985,1.37364
372,15.3363,9.46976,10,2.52,0.0677168,1.32724
373,13.9338,8.60254,9,2.10667,0.0676862,1.27714
374,13.8356,8.74304,8,1.54,0.0695269,1.50851
375,13.3563,8.55039,7,1.75333,0.0645376,1.49342
376,14.8609,8.7152,11,3.58,0.0699791,1.5262
377,14.204,7.53912,9,2.77333,0.0691891,1.64343
378,14.9374,9.39227,7,2.78667,0.0690091,1.51589
379,15.1435,8.8984,9,2.44,0.0663911,1.37485
380,14.0476,8.91118,8,2.54,0.0680261,1.28872
381,14.2417,8.60343,11,2.47333,0.0675425,1.15867
382,13.91,8.43257,8,1.79333,0.0691938,1.50975
383,15.4947,8.78204,12,3.48,0.0665786,1.41693
384,13.8257,9.18798,7,1.76667,0.066657,1.24243
385,14.6835,8.93255,11,3.36,0.0683769,1.34511
386,13.6827,8.86208,12,2.80667,0.0691034,1.31798
387,14.8681,9.19735,11,3.89333,0.0691154,1.46737
388,16.2396,9.61883,13,4.70667,0.0664707,1.60207
389,14.7688,8.48529,14,2.14,0.0712248,1.44322
390,14.6156,8.56542,10,3.38667,0.0694022,1.30998
391,14.5789,8.71067,14,2.17333,0.0668156,1.32234
392,13.923,8.6856,9,2.54667,0.0694896,1.39831
393,12.9656,8.23147,8,1.7,0.067611,1.16608
394,14.7357,9.06291,12,2.35333,0.06848,1.28241
395,15.4808,8.90932,10,2.5,0.069004,1.40491
396,14.7931,9.42341,10,2.88667,0.06801,1.25689
397,14.0181,8.92198,10,2.96667,0.0671427,1.27719
398,13.9393,8.64436,9,1.84,0.0705714,1.37445
399,14.0137,8.26562,8,2.39333,0.0665713,1.40878
400,15.2659,9.16973,10,2.94667,0.0680988,1.30134
401,12.7998,8.17118,7,1.65333,0.0682937,1.49462
402,16.2871,9.742,12,4.10667,0.0665813,1.29453
403,16.1706,9.38941,11,3.29333,0.0693129,1.30742
404,17.6846,10.6713,15,4.68667,0.0702109,1.43903
405,15.1017,9.73272,10,3.74667,0.067072,1.35391
406,14.5236,9.19005,10,2.69333,0.0688387,1.27927
407,15.3881,10.2695,9,3.23333,0.0706846,1.20747
408,14.021,9.49857,10,3.09333,0.0649489,1.16198
409,14.8797,9.73805,8,3.35333,0.0691138,1.42214
410,12.9387,9.07878,7,1.24667,0.0667795,1.16771
411,15.8402,10.2827,10,2.86,0.0705156,1.29064
412,15.6293,9.97963,14,3.76,0.0709676,1.4236
413,15.3,9.46877,13,3.22667,0.0686157,1.28278
414,14.8147,9.25541,8,2.47333,0.0679455,1.39275
415,15.5734,10.3268,12,3.7,0.0679157,1.23449
416,16.5552,10.2704,13,3.51333,0.0669152,1.19716
417,15.0807,9.87954,11,3.14667,0.0706557,1.36732
418,14.3495,9.36945,11,2.64,0.0658506,1.37346
419,15.0014,9.82274,8,2.85333,0.0683369,1.36744
420,14.2175,9.74105,8,2.08,0.0659806,1.2031
421,14.2305,9.45194,9,3.24,0.0672015,1.25957
422,13.7584,8.26412,8,1.96667,0.0666447,1.31133
423,13.7669,9.16004,9,2.38667,0.0675523,1.33663
424,16.5103,10.9751,13,4.94,0.0669646,1.23137
425,16.1929,10.9898,13,5.38,0.0704634,1.38367
426,15.801,10.6382,11,3.69333,0.0679453,1.29457
427,15.8029,10.3253,10,3.49333,0.0690017,1.26304
428,16.0635,10.7292,10,3.44,0.0711609,1.21994
429,14.1114,9.66276,7,2.29333,0.0708554,1.22143
430,13.6809,9.05872,8,2.28,0.0697096,1.19066
431,14.8686,9.85964,9,2.38,0.067672,1.25623
432,14.5099,9.22522,11,2.48,0.0670174,1.31547
433,13.7458,8.81496,8,1.2,0.0665544,1.18931
434,15.1788,10.0137,12,3.15333,0.0671657,1.1859
435,15.9171,9.82346,10,3.95333,0.0673995,1.61215
436,15.6973,9.50549,11,3.71333,0.0678104,1.70027
437,13.68,8.70175,9,2.92,0.0673284,1.55524
438,14.001,8.51717,10,2.59333,0.0697501,1.50221
439,14.2875,7.97365,10,2.39333,0.0692966,1.71437
440,15.7714,9.34924,13,3.14,0.0681313,1.42208
441,14.5954,8.7417,18,2.2,0.0690755,1.46159
442,14.4763,8.45921,10,2.32667,0.0688782,1.39193
443,14.0956,8.40759,9,2.02,0.0682781,1.35935
444,14.6064,8.30411,10,2.1,0.0692185,1.30368
445,14.6277,9.30792,11,2.54,0.0713902,1.3362
446,14.7945,9.08383,10,2.74,0.0675269,1.20471
447,12.8762,8.80804,7,1.53333,0.0662234,1.07568
448,15.6373,8.95339,12,2.91333,0.0677204,1.30909
449,14.6215,9.42382,10,2.62667,0.065633,1.06595
450,16.8306,9.27138,13,2.59333,0.0667342,1.14246
451,13.6015,8.77028,8,1.98667,0.0699447,1.36943
452,14.3744,8.99865,8,1.79333,0.0653516,1.3567
453,13.4637,8.69687,11,2.32,0.0655008,1.34599
454,14.6386,9.46157,13,3.61333,0.0705197,1.36999
455,14.3154,8.79789,10,2.36,0.0773982,1.30647
456,15.4203,10.3203,10,2.84667,0.0687805,1.16916
457,13.1469,8.52207,7,1.54667,0.0685518,1.29181
458,15.8818,9.45475,13,3.92667,0.0705973,1.39907
459,14.5104,9.08722,11,2.58,0.0679065,1.28853
460,14.802,9.08973,12,3.20667,0.0688325,1.49334
461,15.5896,9.86185,13,4.02,0.0696237,1.32032
462,15.1222,9.28526,11,2.94667,0.0661534,1.47949
463,12.9941,8.45909,9,1.83333,0.069378,1.47473
464,14.3566,9.6389,9,3.2,0.0722446,1.3165
465,14.8165,8.98677,10,3.84,0.0724735,1.5407
466,15.4558,9.70112,11,3.7,0.0682668,1.40439
467,15.779,9.45569,12,4.02,0.0683221,1.43081
468,15.8058,9.2826,8,2.32667,0.0695142,1.31001
469,14.452,9.17437,9,3.02667,0.0682024,1.47815
470,14.9588,9.45605,9,2.58667,0.0727609,1.35603
471,14.3116,8.63091,8,1.84,0.0671324,1.24277
472,14.2346,9.22937,7,1.96667,0.0698007,1.26543
473,15.8965,9.44779,11,3.29333,0.0675409,1.3361
474,14.7372,9.2246,10,3.46,0.0672612,1.45876
475,13.843,8.91808,9,2.58667,0.0651841,1.25839
476,15.7563,9.36528,13,3.60667,0.0704003,1.22023
477,16.0479,9.87781,12,3.66,0.0717173,1.52251
478,14.7896,9.0158,7,2.43333,0.0665313,1.25141
479,15.2396,9.67188,12,2.98,0.0672395,1.33774
480,16.687,10.6397,12,3.94,0.0669675,1.3623
481,14.903,9.91065,11,3.93333,0.0683853,1.38611
482,13.9149,9.41804,8,3.12,0.0672799,1.3015
483,14.8314,9.6174,10,3.36,0.0683633,1.28835
484,15.0596,9.09287,12,3.33333,0.0694506,1.41601
485,13.3572,8.03432,6,1.74667,0.0680627,1.33725
486,14.2491,9.1868,10,2.38667,0.066421,1.37171
487,13.855,9.54673,8,2.78,0.0648818,1.27275
488,13.762,9.33473,11,2.50667,0.0678765,1.49968
489,13.3963,9.09649,8,2.56667,0.0679497,1.21876
490,15.1405,9.75484,11,4.30667,0.0693924,1.33618
491,14.8066,8.74722,10,3.07333,0.0663383,1.59411
492,15.3758,10.0096,13,3.03333,0.0673059,1.30343
493,14.9978,8.73513,11,3.54,0.0683954,1.59093
494,14.9834,9.40697,9,1.93333,0.0677596,1.49128
495,15.0909,9.42127,11,4.16667,0.0742965,1.63088
496,15.6535,8.10647,12,4.12667,0.0658694,1.60929
497,16.1911,9.47274,10,4.48667,0.0692552,1.49488
498,13.5552,8.11524,7,1.82667,0.0651952,1.44312
499,13.8374,8.68246,8,1.96667,0.0679053,1.34703
500,15.9261,9.45279,12,3.57333,0.0689819,1.51904
501,15.1462,8.38428,11,3.62,0.0692164,1.41178
502,15.6897,9.37382,13,3.66,0.0684482,1.2762
503,15.0593,8.81983,9,3.02,0.0671638,1.36767
504,16.1299,9.15052,13,4.85333,0.0694576,1.49193
505,14.8026,9.21552,12,3.22667,0.0671056,1.52339
506,15.0528,8.37942,7,2.16667,0.0691111,1.50953
507,15.6355,9.45954,12,4.30667,0.0671262,1.2044
508,12.7692,8.48737,8,2.97333,0.0679173,1.4205
509,16.7568,9.60617,13,4.58,0.0705955,1.5135
510,15.6021,9.65623,10,2.57333,0.0689491,1.51124
511,16.0749,10.2881,11,3.62667,0.0677383,1.36755
512,14.9378,9.24546,9,2.97333,0.070128,1.4402
513,15.9684,9.517,12,3.48,0.0685718,1.52756
514,15.9939,9.64289,13,4.4,0.0702253,1.49969
515,15.4678,10.0418,11,3.62667,0.0678212,1.43219
516,15.8746,10.3854,10,3.28667,0.0653328,1.31429
517,14.0587,8.87526,10,1.96,0.0700015,1.40332
518,15.0848,9.0479,10,2.30667,0.0676547,1.37629
519,13.0064,8.7767,16,1.75333,0.0682895,1.27175
520,15.0224,9.39901,12,3.44667,0.0738318,1.42784
521,14.239,9.82609,9,2.98667,0.0686201,1.24209
522,15.0256,9.34809,11,3.80667,0.067788,1.40028
523,16.0229,10.1588,9,3.40667,0.06655,1.35479
524,15.8813,10.3403,10,3.84,0.0674662,1.4044
525,14.5351,8.18375,9,3.56,0.0747771,2.10246
526,15.7144,9.39912,14,5.14667,0.0755704,1.83095
527,14.9378,9.47288,9,3.57333,0.0700915,1.5599
528,15.0259,8.45284,10,3.62,0.070888,2.04987
529,13.6584,8.28418,7,1.82667,0.0732428,1.64121
530,15.8246,8.93259,12,4.17333,0.0698449,1.70972
531,15.728,9.37501,12,4.57333,0.0682772,1.55087
532,16.1054,10.4028,15,5.28,0.0721438,1.63934
533,15.9423,9.57951,12,3.97333,0.0693803,1.63768
534,14.3214,8.67961,11,3.50667,0.0699278,1.67157
535,15.594,9.14167,13,4.39333,0.0670905,1.55287
536,15.7548,10.1311,11,5.06,0.0685525,1.68922
537,15.4553,9.42234,12,3.74667,0.0676084,1.52845
538,16.1053,10.6049,11,5.11333,0.0707211,1.40013
539,15.1638,9.80174,11,4.87333,0.0664544,1.44906
540,16.8562,11.1189,14,5.84667,0.073159,1.48339
541,14.6727,8.853,10,3.74667,0.0665194,1.75528
542,14.7524,8.96782,12,4.57333,0.0659197,1.65999
543,14.4316,9.84113,9,3.6,0.067638,1.32944
544,13.5687,9.00635,6,2.07333,0.0684701,1.37064
545,15.3333,9.708,11,3.49333,0.0713659,1.37967
546,13.2142,8.9719,8,2.5,0.0680815,1.51632
547,14.9319,10.5977,10,3.95333,0.0688726,1.42485
548,15.6984,10.5497,14,4.87333,0.0720682,1.38898
549,15.2638,10.2748,13,4.46,0.0657288,1.44795
550,14.2165,9.68016,12,2.98667,0.0697472,1.44688
551,15.7993,9.78745,10,3.95333,0.0661271,1.5936
552,14.1495,10.1756,9,3.42,0.0666105,1.3549
553,14.3146,8.97391,9,3.22,0.0670693,1.63614
554,13.2405,8.64479,7,2.37333,0.0659875,1.37778
555,14.4143,8.40296,10,3.67333,0.0690549,1.55148
556,13.1807,6.91075,8,2.33333,0.0675267,1.64553
557,15.6309,8.97477,8,3.6,0.0661365,1.62069
558,13.7641,8.39922,7,2.55333,0.0681166,1.33612
559,15.8736,9.19204,11,2.90667,0.0673762,1.23533
560,14.7384,8.08248,8,2.5,0.0654361,1.35893
561,16.9326,10.0074,15,5.94667,0.0708681,1.31997
562,14.928,9.20484,13,3.5,0.0671785,1.30599
563,15.0742,9.14877,9,2.74667,0.0721569,1.38626
564,13.5958,8.31429,7,2.68667,0.069153,1.39328
565,14.5004,8.73092,8,2.78667,0.0688427,1.57655
566,15.3133,8.8391,11,3.89333,0.0687651,1.27641
567,15.0766,8.92098,9,3.20667,0.0699024,1.35084
568,14.8888,8.80984,9,2.87333,0.0694003,1.33034
569,15.2152,9.06976,11,4.33333,0.0700441,1.35373
570,16.377,10.0861,13,5.69333,0.067079,1.30215
571,15.9816,10.0215,13,4.86667,0.0668345,1.36509
572,14.8028,9.34722,10,3.06667,0.0672564,1.28405
573,15.36,9.98359,9,4.06667,0.0689955,1.51579
574,14.4935,9.49464,12,3.41333,0.0667323,1.23336
575,14.1568,8.9574,11,3.94,0.0658411,1.24783
576,15.1794,9.33672,9,3.08,0.0681419,1.41554
577,14.5341,9.2691,9,2.66667,0.0705725,1.24416
578,14.6818,9.15827,9,3.46,0.0652782,1.18776
579,15.4306,9.7653,11,4.18,0.0686698,1.35371
580,16.0501,10.4598,11,3.24667,0.0679291,1.09187
581,15.8936,10.017,12,4.36667,0.068561,1.20905
582,14.5369,8.85715,10,3.28667,0.0649961,1.24996
583,15.5566,10.0199,10,3.48667,0.0685663,1.32058
584,15.5641,9.95214,10,3.98667,0.0676485,1.22739
585,14.6806,8.8491,13,4.52667,0.0663734,1.447
586,14.0871,8.1614,8,2.36667,0.06955,1.49004
587,16.4449,9.62983,13,5.49333,0.0679677,1.38251
588,12.7336,8.78979,6,2.52667,0.0660851,1.36649
589,15.6101,9.37308,11,4.02667,0.0690979,1.35616
590,14.9594,8.55655,8,2.72667,0.0712307,1.29424
591,14.3042,8.99486,10,3.78,0.0690311,1.24678
592,16.8176,10.2563,12,3.86667,0.068064,1.1812
593,16.0372,9.84097,10,3.48,0.0687651,1.20317
594,17.3032,10.2847,15,4.75333,0.0692549,1.50191
595,14.358,8.9766,8,2.62667,0.0675479,1.28366
596,13.4816,9.14218,7,2.35333,0.0665082,1.2601
597,16.0253,9.87128,10,3.22667,0.0676176,1.25124
598,17.0117,9.67016,15,5.14,0.0711609,1.46975
599,15.138,9.4032,9,2.78,0.0684324,1.27965
600,15.1564,9.80374,9,3.38,0.0924939,1.40445
601,16.0194,10.3201,11,4.08,0.0707445,1.27163
602,13.6284,9.01076,7,2.52667,0.0668752,1.10065
603,14.5277,9.0114,8,2.41333,0.0661337,1.22083
604,15.4234,9.36627,12,3.46667,0.067228,1.3128
605,15.4957,9.68333,10,2.64667,0.0684322,1.15882
606,14.7686,9.5587,9,2.8,0.113473,1.15658
607,16.008,10.082,10,2.96,0.0690342,1.36869
608,15.2113,9.58859,11,4.06667,0.0699982,1.19866
609,14.6375,9.69902,9,3,0.0641527,1.23901
610,16.3598,10.39,11,4.48,0.0721908,1.23445
611,15.4755,9.82094,10,3.62667,0.066808,1.29772
612,15.3139,10.5627,14,3.11333,0.0678232,1.18201
613,15.5619,9.92861,11,3.79333,0.0731995,1.40654
614,15.8572,10.5877,13,4.50667,0.0676543,1.23406
615,14.0393,8.78051,9,2.49333,0.0686331,1.76705
616,14.2277,9.11178,11,3.3,0.0657143,1.58028
617,14.593,9.042,10,2.78,0.0693626,1.59224
618,14.2743,9.44032,11,3.77333,0.0691047,1.48971
619,16.2232,10.0019,10,4.05333,0.0692768,1.52915
620,16.3449,9.36034,13,3.53333,0.0659371,1.43774
621,15.2302,9.69714,9,3.20667,0.0689997,1.54764
622,14.4242,9.32111,9,3.27333,0.0677651,1.46135
623,14.6158,9.55632,9,2.88667,0.0693164,1.55613
624,11.6417,7.53154,6,0.946667,0.0649905,1.56863
625,15.1144,8.76214,11,2.87333,0.066263,1.39729
626,13.2645,8.93588,12,2.81333,0.0684029,1.52183
627,16.237,8.97076,13,3.63333,0.0699331,1.57494
628,14.4515,10.0233,9,4.45333,0.0708288,1.53736
629,16.4019,10.0427,12,4.05333,0.0690767,1.74332
630,15.5426,10.5485,10,4.50667,0.0687632,1.38868
631,13.9603,9.31923,7,3.19333,0.0671067,1.47416
632,14.9247,10.185,10,3.76,0.0683057,1.55939
633,16.6043,10.6748,12,4.06667,0.0652809,1.67008
634,14.9326,9.88595,11,3.5,0.0684663,1.55127
635,13.8664,9.05122,8,3.37333,0.0693903,1.67853
636,15.5203,9.6604,10,3.48,0.0760676,1.85441
637,14.9386,8.82023,10,2.05333,0.0672817,1.59839
638,15.5693,9.316,12,3.53333,0.067356,1.57761
639,14.6926,9.13024,9,2.64,0.0665285,1.58842
640,15.9469,10.4553,13,4.97333,0.0694849,1.46616
641,13.9783,9.47275,9,3.66,0.0695463,1.53876
642,13.5997,9.76945,8,3.64,0.0670285,1.45697
643,15.0298,10.4605,11,4.18667,0.0692999,1.48484
644,15.992,10.8268,11,5.00667,0.0654613,1.52694
645,13.5219,8.35078,7,1.90667,0.0670306,1.6193
646,15.2457,8.77525,12,3.53333,0.0663425,1.81164
647,14.7786,9.20122,11,2.99333,0.0733338,1.73636
648,14.588,8.84035,10,2.92667,0.0653006,1.43908
649,13.5232,8.83394,7,1.77333,0.0675207,1.31471
650,14.4237,8.98905,13,3.48667,0.0698504,1.49525
651,15.6395,8.90923,11,3.11333,0.0723244,1.6716
652,16.0668,9.24954,18,3.24667,0.0692176,1.73485
653,14.0501,9.07968,10,2.94667,0.0691105,1.55951
654,16.6946,10.0887,15,5.18667,0.0731917,1.69258
655,15.716,9.02117,10,2.64,0.0709637,1.3971
656,16.6565,10.0328,12,4.16,0.0665565,1.34482
657,14.5044,8.63705,9,2.82667,0.0670785,1.33529
658,14.4224,8.95916,11,2.8,0.0674901,1.36692
659,14.4879,9.15385,10,3.25333,0.0677811,1.43848
660,14.9713,9.10771,9,3.12667,0.0693404,1.48763
661,15.7101,9.97092,12,3.98667,0.072722,1.58416
662,15.6586,9.85061,13,3.68,0.070433,1.41793
663,14.1184,9.06252,14,2.65333,0.0664103,1.31764
664,14.913,9.67958,13,3.90667,0.0695733,1.24934
665,14.9451,9.98061,14,4.15333,0.0688987,1.436
666,14.5953,9.16578,13,2.89333,0.0716271,1.57227
667,15.4106,10.1094,14,4.32667,0.06704,1.43375
668,15.727,10.2477,14,3.51333,0.067175,1.32909
669,16.4811,10.2032,13,4.94,0.0697401,1.65837
670,14.4187,9.2133,11,3.9,0.0661711,1.38041
671,15.1566,9.61938,14,4.06667,0.067942,1.62053
672,15.8767,10.3655,14,4.64,0.0684028,1.4369
673,16.3679,10.613,11,4.75333,0.0694585,1.48794
674,15.5524,10.5555,14,4.70667,0.0717073,1.65279
675,14.7092,9.0027,10,4.02667,0.0664053,2.04188
676,14.4734,9.69965,9,4.02,0.0700192,1.71848
677,15.8996,9.4454,12,4.68667,0.0670864,2.04377
678,15.8501,9.18232,11,3.93333,0.0697776,2.14797
679,14.0811,8.44232,9,2.96667,0.075923,1.95077
680,15.2536,9.37516,10,3.62667,0.0672149,1.97533
681,14.225,8.88016,9,2.94667,0.0679708,1.58518
682,14.6092,9.54831,11,4.19333,0.0692208,1.72995
683,13.748,8.27457,12,1.96667,0.0680972,1.48543
684,13.1261,8.2354,14,1.96,0.0680668,1.62245
685,14.6621,9.92588,11,3.76667,0.0705963,1.6849
686,14.8809,8.91655,9,2.41333,0.0686287,1.91462
687,15.1728,9.35694,9,3.13333,0.0675014,1.61086
688,16.1119,10.5991,12,4.97333,0.0682413,1.74344
689,16.7805,10.7758,14,5.44,0.0707049,1.73743
690,15.7717,9.82579,11,4.1,0.0683162,1.51109
691,14.088,9.69168,8,3.03333,0.0682697,1.45931
692,14.1375,9.51828,9,2.26,0.0652805,1.53497
693,14.8968,9.72207,14,3.60667,0.0692185,1.29106
694,13.8888,9.37742,8,2.54667,0.0665129,1.40145
695,12.7765,9.13422,8,1.82,0.0681433,1.44229
696,15.4695,9.20936,11,3.34667,0.069808,1.66155
697,16.0664,9.54587,12,4.23333,0.0675032,1.69786
698,16.9342,11.4762,15,5.52667,0.0683059,1.67237
699,14.1599,9.21597,8,2.98667,0.0682327,1.80224
700,15.6736,10.2865,10,3.36667,0.0667202,1.34498
701,13.7876,9.83148,8,3,0.0701005,1.50876
702,13.0544,8.89444,9,1.85333,0.0675107,1.69573
703,13.6611,9.32272,10,1.75333,0.0687277,1.71156
704,15.718,10.7421,12,4.58,0.0651077,1.49508
705,16.7747,11.1894,14,6.36667,0.177617,1.81491
706,14.7543,9.08816,13,3.5,0.0685646,1.95307
707,14.7607,9.91801,14,5.38667,0.0719426,1.81107
708,13.6336,9.45129,11,2.11333,0.0766052,1.67137
709,14.8514,9.57334,11,3.66,0.0722104,1.83681
710,17.2473,10.5694,13,4.73333,0.0876111,1.9047
711,15.9502,10.4835,12,4.32667,0.0693625,1.69592
712,16.3866,11.1986,12,5.81333,0.0694732,1.61829
713,16.0053,10.4836,13,4.87333,0.0719283,1.62901
714,14.5088,10.4029,9,3.32667,0.0650002,1.5855
715,15.7179,10.6268,9,4.08667,0.0702095,1.6479
716,15.503,9.80598,9,3.33333,0.0684324,1.69985
717,15.8584,11.4486,10,4.54,0.0644604,1.48716
718,14.7699,10.5551,10,4.38667,0.0725362,1.71152
719,13.2773,9.32297,7,3.66667,0.0764354,1.82044
720,15.5761,10.3244,15,4.94,0.0762058,1.77496
721,15.1966,10.7423,10,4.90667,0.0699086,1.54021
722,14.8837,10.0453,9,3.42667,0.0707371,1.44061
723,15.1011,10.4072,11,4.69333,0.0692526,1.61103
724,14.8694,10.3143,11,5.20667,0.099645,1.83629
725,14.9227,10.3472,9,3.58,0.068618,1.65663
726,14.817,10.5735,16,5.28667,0.0711056,1.65369
727,15.4163,11.1963,11,5.76,0.0694922,1.46973
728,16.219,11.1288,13,5.64,0.0683344,1.62028
729,14.63,10.5368,11,5.62,0.0707723,1.60831
730,15.2333,11.2476,10,4.83333,0.0690206,1.70424
731,15.1014,11.3842,9,4.56667,0.0709964,1.48489
732,14.6154,10.334,11,5.68667,0.069491,1.78968
733,14.6269,10.2846,9,3.55333,0.0711749,1.58206
734,15.727,10.8249,10,4.14,0.0710304,1.51313
735,16.1456,10.1108,12,5.10667,0.0691564,1.87927
736,13.7558,7.8354,10,3.63333,0.0661046,1.99881
737,14.78,9.60192,10,3.96667,0.068546,1.78442
738,13.2317,8.82868,11,2.09333,0.0682735,1.87854
739,13.7639,8.84865,8,3.3,0.0672357,1.82878
740,16.515,9.34945,11,4.36,0.0683569,1.84354
741,15.3642,9.46479,15,4.41333,0.067979,1.78462
742,15.7547,9.28137,11,4.32667,0.0708056,1.94292
743,14.8204,9.67375,10,3.43333,0.065569,1.44523
744,14.7881,9.22986,9,2.94,0.0697411,1.76963
745,15.2829,9.4018,12,4.27333,0.0727351,1.60455
746,16.8966,9.9369,14,5.74,0.0718087,1.80032
747,15.7294,9.17403,12,3.34667,0.0664248,1.86008
748,15.0212,9.14864,16,4.29333,0.0700385,1.76616
749,15.7595,8.94852,14,3.26667,0.0671567,1.54387
750,15.4035,10.4147,13,4.51333,0.0671992,1.70447
751,16.523,10.7414,19,5.07333,0.0674607,1.81639
752,17.3597,10.3664,14,5.50667,0.0693601,1.93046
753,15.4904,9.24879,15,4.10667,0.0706031,1.93682
754,15.301,9.87521,11,4.18667,0.0670307,1.87024
755,15.4973,10.5766,10,4.43333,0.0664783,1.79612
756,15.4795,9.95551,13,5.51333,0.0682611,1.79876
757,15.9947,8.62407,16,3.05333,0.0685556,1.90373
758,15.4283,10.6113,12,4.58,0.0678196,1.74712
759,15.2224,8.39605,15,2.85333,0.065651,1.89832
760,13.7197,9.38067,13,2.17333,0.0692255,1.72347
761,16.4404,10.5866,13,4.33333,0.0716798,1.78214
762,15.1891,9.36968,16,3.06667,0.0669844,1.62529
763,16.7514,10.6815,15,4.74,0.0688311,1.65553
764,14.3156,9.63763,14,3.91333,0.0687508,1.85277
765,15.6157,9.11511,13,5.17333,0.0757346,2.05556
766,16.3533,8.40296,14,6.22,0.0689484,2.25477
767,12.3244,8.14114,10,1.84667,0.0665715,1.72289
768,14.4798,6.92203,9,2.88667,0.0674268,1.97553
769,14.9391,7.18682,10,3.17333,0.0657373,1.61038
770,15.4044,7.79131,11,2.6,0.0674566,1.77383
771,15.1451,7.24643,11,2.16667,0.0682395,1.59761
772,14.7813,7.79284,8,2.12,0.066136,1.41499
773,15.7293,8.82801,12,3.86667,0.0683591,1.27485
774,16.1598,8.36393,13,3.66,0.064502,1.17986
775,12.9383,7.86447,10,1.64,0.0668377,1.45054
776,16.0316,8.27456,12,3.33333,0.0660735,1.39734
777,15.5514,8.05734,13,3.03333,0.0693304,1.69053
778,14.9954,8.33669,10,3.46,0.0703359,1.49498
779,14.8291,8.54204,12,3.02,0.0713993,1.48377
780,15.0966,8.3359,10,2.88,0.0693701,1.50825
781,14.9735,9.02465,8,2.77333,0.0683475,1.38672
782,14.7289,9.1463,9,3.24,0.0673453,1.5175
783,16.4285,9.18701,12,3.65333,0.0691623,1.7384
784,15.2498,8.21736,11,2.85333,0.0679151,1.5596
785,14.5142,8.50667,10,2.62667,0.0707575,1.55427
786,15.7103,8.7272,14,3.87333,0.0695092,1.5696
787,16.5687,9.14345,14,4.16667,0.0665355,1.35737
788,15.0512,9.12863,13,3.42,0.0698519,1.71476
789,14.165,7.81026,12,2.42667,0.0951914,1.81209
790,15.5836,9.33159,10,3.77333,0.0686832,1.53392
791,14.2081,8.41116,13,2.84667,0.0686602,1.57069
792,13.9475,8.04231,13,2.69333,0.0701379,1.6305
793,15.8057,10.1396,13,4.36,0.0705387,1.57644
794,14.3185,8.79308,14,3.36667,0.0705802,1.55758
795,16.0551,7.88263,16,4.08,0.0684378,2.93483
796,16.4085,7.65796,14,3.7,0.0679738,2.68504
797,15.0689,7.87719,18,3.24,0.067993,2.27308
798,15.3804,8.29908,15,3.72667,0.0654588,1.7012
799,15.2196,8.13353,17,3.7,0.068192,2.10437
800,15.2233,7.74223,16,2.89333,0.0687278,1.8418
801,15.1143,8.55223,13,4.08,0.065829,1.95547
802,16.1603,8.5134,14,3.29333,0.0658494,1.91639
803,14.6004,7.89127,9,2.52667,0.0662112,1.85333
804,14.7399,8.29605,8,2.78,0.0662906,1.76677
805,15.1107,8.24061,14,2.99333,0.06724,1.96526
806,15.2926,8.05607,12,2.02667,0.0639985,1.93983
807,15.0708,8.29583,12,3.34667,0.0662214,2.21675
808,16.5962,8.67119,14,3.14,0.0655735,2.11072
809,15.5833,8.64332,13,3.84667,0.0684941,2.11416
810,15.7068,8.73853,11,2.41333,0.0657534,1.76979
811,15.6067,9.12127,11,3.33333,0.0676316,1.86503
812,14.9071,9.18455,16,3.16,0.0677111,1.98009
813,14.5073,8.59353,15,2.67333,0.0655098,1.82025
814,15.4341,8.62781,10,3.66,0.0666338,1.93825
815,15.5484,8.47428,11,3.70667,0.0653116,1.85771
816,15.1438,8.30956,13,3.10667,0.0696486,2.27329
817,15.3908,9.02415,13,3.42667,0.0675804,1.82656
818,15.4101,9.57767,11,2.92,0.0673755,1.65043
819,15.6841,9.12928,13,3.80667,0.0684061,1.9681
820,15.8711,9.7618,16,4.96667,0.0697945,1.98895
821,16.381,9.66353,12,4.75333,0.0697829,2.20449
822,15.8849,9.88439,16,3.37333,0.0653458,1.67006
823,15.5562,9.63587,14,3.56667,0.0636313,1.97072
824,15.9484,9.74478,17,3.47333,0.0673783,1.84044
825,14.5721,7.55219,16,4.66,0.0684125,2.22438
826,14.8047,7.31358,17,3.38,0.0682588,2.19402
827,15.083,8.22346,13,3.14667,0.0676635,2.01833
828,15.0368,7.94939,13,2.22,0.066328,1.70556
829,15.966,8.39281,14,3.36,0.0669628,1.86036
830,15.4142,8.2849,14,2.85333,0.0672791,1.79361
831,15.3075,7.53868,13,2.84667,0.0663177,1.72308
832,15.9065,8.89051,15,2.90667,0.0677744,1.68311
833,14.1449,8.33115,12,2.34,0.0663113,1.73243
834,15.0175,8.93118,13,2.70667,0.0680828,1.48791
835,16.0596,9.62375,15,3.32667,0.0692704,1.80995
836,16.0425,9.29957,15,4.26,0.0701574,1.58384
837,15.7526,9.70661,14,4.13333,0.0673926,1.73828
838,16.4548,8.79011,17,3.3,0.0671139,1.81725
839,15.5197,8.13212,13,2.82667,0.0662727,1.75801
840,16.8346,8.21195,15,2.84667,0.0675654,1.74431
841,16.6876,8.96404,16,3.14667,0.0681331,1.58773
842,16.6937,9.64959,15,4.98667,0.0681806,1.89223
843,16.029,9.3503,18,4.10667,0.0701521,1.60219
844,14.2545,9.06557,13,2.84667,0.064477,1.65462
845,15.9024,9.36217,16,4.08,0.0687244,1.68571
846,15.0362,9.09474,16,3.12667,0.0681871,1.67724
847,15.4435,8.97548,16,3.57333,0.0689518,1.87408
848,15.6222,10.3435,14,5.04667,0.0667483,1.73596
849,15.6661,10.1591,14,4.09333,0.0640474,1.55911
850,14.8885,9.4194,12,3.56667,0.0668156,1.95003
851,16.2359,9.29764,14,3.34667,0.0668203,1.60579
852,16.0394,9.42192,16,2.88,0.068721,1.79176
853,16.1055,10.4035,17,4.56,0.0697734,1.64636
854,15.8418,8.88063,11,2.92667,0.0674072,1.65329
855,16.627,8.09345,15,5.34667,0.0781317,3.21848
856,14.5481,7.13538,9,2.96667,0.0752909,2.96317
857,16.0537,8.19538,16,5.04667,0.132289,3.33154
858,16.2719,8.82106,17,5.21333,0.068735,3.02414
859,15.478,8.21748,14,4.6,0.0676614,3.10138
860,16.1346,8.36376,14,4.60667,0.0686101,3.00484
861,15.9374,8.92534,13,4.58,0.0676901,2.85785
862,15.2421,8.62443,12,3.28,0.0679767,2.78604
863,16.2183,8.68137,12,3.43333,0.0720335,2.86139
864,15.4,8.55541,15,3.54667,0.0832476,3.30716
865,15.6198,8.75372,14,4.35333,0.0660488,2.9046
866,17.0826,8.22952,16,3.77333,0.0656358,3.17492
867,15.3306,8.34259,14,3.70667,0.0832821,3.11251
868,16.137,8.62385,16,4.11333,0.0931521,2.96443
869,17.1333,9.38829,16,5.10667,0.0681505,3.05282
870,17.6657,8.7812,19,5.55333,0.072473,3.1526
871,17.4609,8.8973,17,4.77333,0.0666867,3.04756
872,16.5755,8.24241,17,3.84,0.0792282,2.85923
873,17.0333,7.73422,17,3.3,0.0704707,2.93263
874,17.5726,9.10564,18,4.06,0.0737168,3.05933
875,16.2343,8.83735,16,4.40667,0.0700982,2.91668
876,17.1276,8.72094,18,3.48,0.0767365,2.73867
877,17.2759,8.94143,18,3.88,0.0700881,2.60209
878,17.1134,9.17286,16,4.2,0.0722375,2.91356
879,16.7586,9.53365,17,4.47333,0.0715798,2.9649
880,18.1382,9.56951,20,4.72667,0.0710272,3.03101
881,17.742,9.36445,18,4.4,0.0770792,2.8226
882,17.4745,9.95297,18,5.3,0.0748223,2.89985
883,16.7526,8.91999,16,4.24667,0.0671737,3.1635
884,16.2754,9.8136,16,3.75333,0.0663741,2.9997
885,18.2844,10.322,20,6.31333,0.0738893,3.1302
886,17.554,10.1433,18,5.74667,0.0663392,2.74524
887,17.5554,10.0667,18,5.26667,0.0738644,2.8881
888,17.0813,10.1512,19,4.84,0.08075,3.26785
889,18.2001,10.2809,20,5.47333,0.0861117,2.97696
890,18.1594,9.66075,20,4.47333,0.0704189,3.01028
891,15.9761,9.21152,18,3.84,0.0862223,3.06212
892,17.2276,9.72762,17,4.68,0.0760985,2.89358
893,17.2945,9.71359,17,4.1,0.0812571,3.13814
894,17.108,10.16,17,6.18667,0.105239,3.24093
895,17.6369,9.54046,18,5.54667,0.0713206,3.08589
896,17.1332,9.13046,20,4.04,0.0700145,2.98621
897,17.4558,10.1532,19,6.28,0.0693604,2.78514
898,15.5574,10.3471,17,4.06,0.172659,3.04449
899,18.0144,9.42687,20,4.1,0.0699162,3.31664
900,17.6257,9.36992,19,5.74,0.0719015,3.22131
901,16.2743,9.4491,16,4.68,0.0670603,2.99152
902,16.6035,9.90333,17,5.10667,0.0673726,2.95765
903,17.1763,10.228,17,5.26667,0.0681473,3.06641
904,17.4259,10.9259,18,6.04,0.0682277,3.08829
905,17.4449,10.6397,18,5.64,0.0699106,3.26787
906,17.9011,10.9646,19,6.94667,0.0697175,3.1964
907,17.3306,10.4201,18,5.24,0.0800508,2.76835
908,17.1374,9.91493,17,4.77333,0.0876412,3.05295
909,17.1581,10.1031,18,5.64667,0.069305,2.85344
910,18.1683,10.2872,20,6.58667,0.0666075,3.16525
911,18.1268,11.4368,19,6.96,0.0699952,3.07349
912,17.3701,9.9654,19,4.45333,0.230258,3.16338
913,15.8208,9.94137,15,4.36667,0.0732627,3.03201
914,17.1339,9.58847,20,5.3,0.0705394,3.38187
915,17.4593,10.0396,18,5.8,0.066633,2.95318
916,17.931,9.74587,19,8.27333,0.185635,2.85536
917,17.7444,8.77503,19,6.76667,0.182068,2.83365
918,17.1284,8.72366,18,6.14,0.117338,2.6857
919,17.04,8.44213,18,6.5,0.173792,2.91271
920,17.4367,8.35723,18,5.67333,0.171547,2.8839
921,17.632,8.243,19,5.90667,0.110142,2.85879
922,17.4751,8.4324,17,5.73333,0.0861293,2.72455
923,17.5028,8.77565,18,5.38667,0.0671716,2.81434
924,16.5889,9.42467,17,6.36,0.0779927,2.58117
925,17.7559,9.32298,18,6.26667,0.0790828,2.63784
926,17.5278,10.7572,18,7.66,0.0742394,2.59321
927,17.304,10.1129,19,7.54,0.106006,2.84164
928,17.4664,10.0265,19,7.35333,0.107279,2.71455
929,18.0743,9.93209,19,6.26667,0.0692766,2.69474
930,16.9713,9.53704,17,5.84,0.136504,2.99865
931,17.7144,9.21021,19,6.53333,0.0885569,2.77142
932,17.511,8.87749,18,5.76,0.0673832,2.86952
933,17.1588,9.59818,17,6.06,0.08012,2.84849
934,16.7145,8.82834,17,5.68,0.0742318,2.79898
935,17.95,9.83656,19,7.86667,0.0710606,2.5877
936,17.4844,10.0412,18,7.47333,0.124902,2.90403
937,17.2746,9.90052,19,7.45333,0.092468,2.83332
938,17.1151,9.76168,18,7.10667,0.117654,2.82146
939,17.9851,10.4502,20,7.60667,0.0688762,2.78371
940,17.5045,9.95572,18,7.06667,0.102261,2.7678
941,17.8551,10.4025,19,7.19333,0.0723834,2.74808
942,17.5786,9.58488,18,6.15333,0.153156,2.95143
943,17.8188,10.0774,20,7.38,0.0717732,2.73423
944,17.4201,10.0023,18,7.15333,0.08689,2.90111
945,18.1133,10.1749,20,7.84,0.135218,2.50745
946,17.8043,8.71618,18,6.48,0.219429,2.95013
947,16.1826,8.20318,15,4.47333,0.22425,2.8279
948,17.7295,8.76042,18,7.44,0.124884,3.05374
949,17.5075,8.6525,17,5.68667,0.126799,3.1037
950,17.3917,8.80999,17,5.92,0.0668476,2.84069
951,17.6889,9.00984,19,6.00667,0.17365,2.97442
952,17.7873,9.70475,19,6.58667,0.150602,2.62577
953,17.6264,9.39521,20,6.2,0.150528,2.76471
954,18.3026,8.30694,20,5.80667,0.0703064,2.77475
955,17.2902,9.94935,17,6.56667,0.0689507,2.7084
956,17.1516,9.50869,19,6.22667,0.0712598,2.88147
957,18.562,9.70636,20,6.77333,0.11382,2.5168
958,16.9491,9.23135,17,5.9,0.0790286,2.84015
959,17.4379,9.58471,18,6,0.124158,2.83616
960,17.2776,9.51757,17,5.73333,0.120477,2.87236
961,17.1848,8.80969,18,5.65333,0.118104,2.95346
962,17.7697,10.2574,18,6.63333,0.0703364,3.35093
963,17.4775,9.66395,19,6.13333,0.0689355,2.75766
964,17.0093,9.12557,18,5.34,0.0663452,2.77087
965,17.2814,9.5203,18,5.92,0.069039,2.71272
966,16.972,9.72576,19,6.1,0.0690946,2.82649
967,18.1853,9.79281,20,7.22,0.0678312,2.83188
968,18.1478,9.29744,20,5.64,0.0683232,2.9196
969,16.8738,9.03483,17,5.53333,0.06663,2.77207
970,17.6893,9.56843,18,6.32,0.0665171,2.92383
971,17.8536,10.0854,19,7.10667,0.0685098,2.74804
972,18.3313,9.47717,20,6.38667,0.0674442,2.78371
973,16.7023,9.5547,19,5.65333,0.0659382,2.66653
974,17.4813,9.73417,18,6.26,0.0684815,2.79607
975,18.3137,10.8849,20,7.33333,0.0701081,2.81001
976,17.82,9.98264,19,6.34,0.0696179,3.0046
977,17.4359,10.2334,19,6.70667,0.0669354,2.74013
978,17.0307,10.3931,18,6.71333,0.0792567,2.73956
979,18.2601,10.0537,20,6.68,0.134786,2.78647
980,17.5892,10.5818,19,6.76,0.0704218,2.90771
981,18.2534,11.2656,20,7.4,0.0743902,2.72273
982,17.2853,8.98949,18,5.35333,0.132851,2.99368
983,17.7494,9.16787,19,4.54,0.132167,2.87729
984,17.3952,9.32943,18,5.77333,0.0666928,2.88007
985,17.176,9.70527,19,6.40667,0.0712387,2.7037
986,17.9528,10.2096,19,6.08667,0.0727759,3.06747
987,17.8436,9.57973,19,5.80667,0.107644,3.00164
988,17.9871,10.2056,19,7.36,0.209498,3.73682
989,18.0822,9.72602,19,6.54,0.221856,3.36815
990,17.6521,9.62505,19,6.94,0.0810387,3.38364
991,18.1602,8.89986,20,6.61333,0.069893,3.55988
992,18.3059,8.21865,20,5.31333,0.0702542,3.18414
993,17.4146,8.64424,18,4.78,0.0666201,3.11281
994,18.3727,9.6957,20,6.1,0.0696647,2.90327
995,17.3999,9.44063,18,6.19333,0.0824664,3.15876
996,18.0969,9.42696,20,6.78667,0.0701592,3.12487
997,17.6093,8.67879,19,5.54,0.0801964,3.24641
998,18.4175,8.93771,20,5.79333,0.0708783,2.81251
999,18.146,9.58345,20,7.18,0.0694687,3.0879
1000,18.3744,10.8778,20,8.57333,0.0692645,2.7306
