1,9.29461,1.9162,11,0.253333,0.0776238,1.13179
2,9.26849,2.73294,7,0.366667,0.072011,1.14273
3,10.5823,3.65291,6,0.153333,0.0663935,1.00009
4,9.31597,3.63168,12,0.2,0.0666697,1.12652
5,8.08447,3.57935,3,0.08,0.0683988,1.08038
6,8.89196,4.35967,4,0.106667,0.0691161,0.840003
7,11.4718,4.46837,7,0.18,0.0646509,0.75386
8,11.8041,4.82842,15,0.8,0.0683872,0.885036
9,10.4652,4.94882,7,0.373333,0.066618,0.879307
10,10.1644,5.35088,6,0.206667,0.0680114,0.648621
11,12.1911,5.2387,11,0.56,0.0675562,0.917441
12,10.1748,4.71997,13,0.593333,0.0680285,0.972602
13,12.7954,5.99013,10,0.96,0.0663648,0.877974
14,11.4868,5.59184,10,0.86,0.0672566,0.994412
15,14.0074,5.47568,17,0.706667,0.0693343,1.14262
16,13.9121,5.30372,12,0.986667,0.0689588,1.09917
17,10.5807,5.30002,12,0.566667,0.0677668,1.08921
18,11.9776,5.25373,11,0.46,0.0690665,0.90176
19,11.2799,5.78419,10,0.453333,0.0672325,0.875556
20,13.129,5.86082,8,0.54,0.0673876,1.07853
21,12.2593,5.67622,7,0.386667,0.0668076,1.00995
22,12.3157,6.26622,9,0.54,0.068024,0.90953
23,13.2282,6.32151,7,0.613333,0.070601,0.955929
24,12.7748,6.21624,10,1.09333,0.0685739,1.00095
25,13.098,6.35327,12,0.54,0.0677989,0.920762
26,14.1974,6.8566,10,0.973333,0.0698117,0.865986
27,12.7328,6.55066,13,0.926667,0.0664992,1.06928
28,13.6916,6.93034,11,1.07333,0.0710859,1.06532
29,14.1872,6.27963,8,0.74,0.0683283,1.17006
30,13.1883,7.01875,9,0.906667,0.0680336,1.10472
31,12.2124,6.80665,15,1.04,0.0706291,1.08582
32,15.1493,7.04757,9,0.666667,0.074945,0.947428
33,12.3449,6.827,12,0.506667,0.0702321,0.980967
34,14.138,6.88336,11,0.773333,0.0731014,0.992712
35,11.5976,6.53152,10,1.06,0.0652505,0.951848
36,15.1593,6.92251,13,0.58,0.0691303,0.88507
37,11.7838,6.93374,9,0.493333,0.0674596,1.02176
38,12.4838,6.93541,9,1.15333,0.0674107,1.03517
39,13.3577,6.65724,10,0.753333,0.0674271,0.961843
40,12.3763,6.77518,9,0.746667,0.0643492,1.03863
41,13.79,7.22367,12,1.06,0.0659803,1.07826
42,12.0068,6.7811,15,0.92,0.0665789,0.9835
43,11.97,6.69969,9,0.96,0.0674292,1.00917
44,13.7109,6.95597,12,1.18667,0.069208,1.00122
45,13.7658,6.63873,9,0.84,0.0692304,0.945162
46,14.4667,7.09248,11,1,0.0661271,0.92228
47,13.295,6.86744,15,1.18,0.066767,1.00591
48,12.4027,7.03505,10,0.593333,0.068751,0.900638
49,12.3779,7.00139,9,0.953333,0.0670432,0.996036
50,13.5205,7.30525,11,1.22,0.0705448,1.04978
51,12.456,7.01916,14,0.84,0.0682878,1.01697
52,12.8,7.07506,11,1.54667,0.0693023,1.06632
53,13.1522,6.78643,10,0.886667,0.0659946,1.04016
54,13.1185,7.38294,10,1.11333,0.068936,1.02831
55,12.4578,7.02691,9,1.02,0.0685395,1.02533
56,14.0685,7.4837,10,1.3,0.0687228,1.14173
57,12.3372,7.20299,11,0.806667,0.0664247,1.02508
58,12.3429,6.9812,10,0.8,0.0677374,1.20782
59,13.0473,7.08681,10,1.17333,0.0667913,1.09223
60,14.0314,7.40136,9,1.1,0.0668915,1.20054
61,11.7311,7.08704,6,0.646667,0.0672149,0.950399
62,14.8073,7.39025,10,0.513333,0.0697059,0.978684
63,15.608,7.35754,10,0.793333,0.0677135,0.967583
64,12.989,7.62377,11,1.11333,0.070452,1.09533
65,13.8255,7.36139,13,1.04667,0.0690678,1.04508
66,12.8511,6.98516,10,0.82,0.068632,0.977592
67,13.8422,7.59557,10,0.973333,0.0692172,0.952292
68,14.8624,7.5114,11,0.886667,0.067777,0.86015
69,11.6903,7.18218,9,0.786667,0.0685881,1.05459
70,13.2846,7.1636,9,0.58,0.0664627,0.862527
71,13.9242,7.90526,11,1.06667,0.0714167,0.944851
72,13.1045,6.94639,6,0.653333,0.0702933,0.999617
73,13.2989,7.29856,8,0.766667,0.0656617,0.955509
74,15.0185,7.71626,11,0.986667,0.0646735,1.01714
75,13.9049,7.69769,10,1.25333,0.0688105,1.09272
76,14.0339,7.20733,10,1.23333,0.0691303,1.08134
77,12.6539,7.10508,11,1.39333,0.0666185,1.08661
78,14.6084,7.27699,10,1.18,0.0702407,1.14877
79,13.0122,7.61252,8,0.853333,0.0690709,1.07434
80,12.6462,7.85269,10,0.9,0.0692508,1.03792
81,12.8877,7.40717,12,1.04667,0.0686788,1.10216
82,15.2869,6.9535,9,0.76,0.0656863,1.07223
83,12.8778,7.42599,11,1.16667,0.0697967,1.02462
84,12.7052,7.26814,9,0.893333,0.069144,0.948827
85,13.5536,7.41745,12,1.28667,0.0691936,1.1079
86,13.6364,7.44608,10,1.28667,0.0682839,0.983542
87,14.4698,7.64607,16,1.8,0.0700982,1.02186
88,13.5314,7.71869,14,1.1,0.0692815,0.944483
89,13.6536,7.63174,9,1.30667,0.0681118,1.06373
90,13.1426,7.49478,7,1.21333,0.0665111,0.942064
91,13.1187,7.18883,7,1.00667,0.0686913,1.14125
92,13.3876,7.13222,12,0.966667,0.0754864,1.2797
93,14.5042,7.50645,9,1.24667,0.0693128,1.17098
94,12.1906,8.02188,9,1.97333,0.0684599,1.7327
95,13.136,8.52676,9,1.71333,0.0667198,1.5488
96,12.2828,8.20863,5,0.966667,0.0678191,1.6117
97,12.9182,8.51591,8,2.1,0.0687159,1.66453
98,15.2949,9.24424,13,3.30667,0.0777693,1.87524
99,13.2332,8.877,15,2.31333,0.0698324,1.75504
100,13.7945,9.09731,11,3.43333,0.0696499,1.92889
101,13.1637,9.44448,10,1.94,0.0687391,1.60387
102,13.5442,8.4745,15,1.98667,0.0692558,1.7637
103,13.6177,9.02215,10,2.59333,0.0682505,1.98893
104,13.5405,8.64112,11,1.98667,0.0688069,1.76789
105,14.3612,9.78505,12,2.81333,0.069895,1.439
106,14.6246,9.16141,10,2.70667,0.0735731,1.60698
107,14.8241,9.6296,14,3.20667,0.0718292,1.53096
108,13.8071,9.15957,16,3.11333,0.0691003,1.7546
109,13.8036,8.91477,12,2.82,0.0690534,1.59397
110,13.7863,9.60891,12,3.20667,0.0672773,1.63535
111,15.024,8.55764,14,3.56667,0.0679276,1.60906
112,14.2435,8.56353,14,2.31333,0.066404,1.55116
113,13.4417,8.54598,11,2.08,0.0687352,1.54357
114,15.0439,9.6769,15,3.34667,0.0701119,1.57577
115,14.8624,9.70602,10,3.1,0.0681194,1.62453
116,14.1383,9.4474,11,3.32667,0.068883,1.47084
117,14.1321,9.33175,11,3.10667,0.0695187,1.66208
118,13.5727,8.96646,12,2.56667,0.0691556,1.58846
119,14.1865,9.89951,9,2.59333,0.0678555,1.48737
120,14.8782,10.3261,12,3.52667,0.0667291,1.44115
121,13.1397,9.17443,13,2.97333,0.0698997,1.44895
122,14.4441,9.68432,12,2.74667,0.069537,1.46022
123,13.6132,8.82677,8,2.00667,0.0679815,1.5155
124,14.5574,8.24836,12,2.45333,0.0664706,1.95663
125,14.6838,8.17132,12,2.84,0.0680996,1.92688
126,14.4836,7.87966,15,1.86667,0.0675163,1.82514
127,15.4249,7.94733,9,2.20667,0.0690175,2.08645
128,16.2849,7.98186,16,2.16,0.0676148,1.75467
129,16.844,8.19754,16,3.27333,0.0670686,1.79679
130,17.5386,8.00436,17,1.81333,0.0661469,1.6283
131,15.4595,8.44688,14,2.64,0.0665058,1.75549
132,15.2496,8.74185,14,2.90667,0.068316,1.64038
133,14.9488,8.4449,13,1.58,0.067607,1.66029
134,16.0423,8.72953,15,2.58,0.0658905,1.4942
135,16.028,8.3741,12,2.53333,0.0665014,1.51788
136,16.0878,8.96794,16,2.3,0.0693564,1.67848
137,16.9527,8.50226,15,1.71333,0.0679825,1.54276
138,15.2115,8.38207,12,1.78667,0.0684276,1.71959
139,15.0583,9.57915,14,2.66667,0.0648851,1.49813
140,14.9757,9.23655,14,2.06,0.0692679,1.63361
141,15.2592,9.07005,15,2.42,0.0656084,1.54115
142,15.5002,8.70853,15,2.40667,0.0668018,1.48074
143,15.2119,8.89833,15,2.62,0.0678838,1.79779
144,15.3447,8.51506,15,1.90667,0.0660343,1.51762
145,17.6684,8.92405,19,2.23333,0.0678013,1.51168
146,16.4356,8.82629,17,2.35333,0.0682262,1.59433
147,15.0585,9.21439,12,2.46,0.0681532,1.58368
148,16.0943,8.49868,16,2.09333,0.066608,1.74586
149,16.8865,9.04926,17,2.60667,0.0689657,1.94214
150,16.1057,9.37573,16,3.08667,0.0677352,1.69259
151,16.1526,9.28522,13,2.96667,0.0701382,1.75932
152,17.2254,9.30062,17,2.24667,0.067844,1.69275
153,17.2492,9.18719,17,2.1,0.0679223,1.69115
154,15.9271,8.80672,17,2.8,0.0679957,1.80019
155,17.0245,8.88499,19,2.9,0.0680469,1.73828
156,16.2157,8.80534,18,2.37333,0.0664423,1.87209
157,15.8043,8.45438,14,2.20667,0.0657254,1.71957
158,15.9876,7.8963,16,2.06,0.068454,1.80948
159,15.5077,8.35146,17,2.23333,0.0669192,2.06949
160,16.4179,8.26985,17,1.66667,0.0680714,1.78178
161,16.3238,8.03159,17,1.79333,0.0832161,1.60419
162,15.4043,8.09179,17,1.88667,0.0681689,1.621
163,16.0493,8.445,15,1.88667,0.0722209,1.66762
164,16.8871,8.01722,16,2.05333,0.0678032,1.87675
165,16.5353,8.41569,19,1.97333,0.0677849,1.75827
166,17.0936,8.3761,19,1.60667,0.0683396,1.57158
167,16.066,8.77057,17,2.85333,0.0657209,1.68579
168,16.6702,8.12889,16,2.63333,0.0686942,1.92342
169,15.11,8.40984,15,2.48,0.068365,1.76543
170,14.768,8.40938,12,1.90667,0.0674252,1.75149
171,14.9638,8.37714,15,2.26,0.068777,1.65314
172,16.1564,8.20315,16,2.18,0.0690581,1.75851
173,14.9196,8.81349,15,2.91333,0.0674094,1.65814
174,15.1475,8.29216,17,2.69333,0.0683018,1.77908
175,16.1328,8.59398,17,2.64,0.0678556,1.70299
176,16.3629,7.80165,17,1.66667,0.074421,2.05993
177,16.34,6.84462,18,1.22,0.0782298,2.27326
178,15.5344,6.85575,10,1.34,0.0689025,2.47952
179,14.0959,7.09916,15,1.44667,0.0669531,2.24082
180,16.6642,7.25362,13,0.926667,0.0702725,2.10328
181,16.4156,6.89534,15,0.666667,0.0677777,2.01993
182,15.9361,7.22014,17,1.58667,0.0667663,2.00744
183,15.6774,7.22352,18,1.76,0.0718819,2.25234
184,15.6301,6.69157,14,1.95333,0.0688356,2.15912
185,16.0876,7.43621,15,1.6,0.0674583,1.9056
186,15.6504,6.78773,11,1.04667,0.0677738,1.84373
187,16.2285,7.07075,12,1.41333,0.0684356,1.9124
188,16.3086,7.19718,17,1.86,0.0683411,2.18845
189,16.1212,7.74391,15,1.9,0.0681423,1.99006
190,15.5458,6.9838,15,1.22,0.0685817,2.00578
191,15.9979,7.65594,15,1.33333,0.0698789,1.87396
192,15.5444,7.39552,16,1.06667,0.0668832,1.77928
193,15.8977,7.29764,16,1.93333,0.0712456,2.16871
194,15.6991,7.97801,16,1.41333,0.0707952,1.87503
195,16.2946,7.34413,15,1.52,0.0688375,1.76186
196,15.9668,7.14133,12,1.54,0.0676547,2.027
197,16.7979,8.06424,17,1.83333,0.0701512,1.64852
198,15.8704,8.38562,15,1.37333,0.0676317,1.77795
199,15.9693,7.48778,14,1.20667,0.0675669,1.94077
200,15.1851,7.73378,13,1.50667,0.0660258,1.86487
201,15.9074,7.33667,14,0.946667,0.066817,1.85356
202,15.4083,8.11899,16,1.18,0.0685342,1.77071
203,16.045,6.98665,18,1.54667,0.0674421,1.85568
204,15.5412,7.41482,17,1.45333,0.0684459,1.70745
205,15.2277,7.00155,15,1.20667,0.06798,1.94579
206,16.2366,5.8614,16,1.76,0.0756927,2.48767
207,16.1242,6.06814,19,1.90667,0.0717686,2.41266
208,15.4963,5.57039,15,1.14667,0.0687274,2.24961
209,15.7811,6.10144,17,1.24,0.0688183,1.88451
210,15.2451,6.23927,16,1.08,0.0648021,1.98995
211,16.4537,6.56282,15,1.44,0.0647148,1.86304
212,16.4733,6.5162,18,1.36,0.0653711,1.7146
213,15.5781,7.26988,17,1.74667,0.0689146,1.75627
214,16.8593,6.9556,15,2.33333,0.0685337,2.06979
215,16.2272,7.20416,17,2.15333,0.0664593,1.94248
216,15.5436,7.1029,18,2.94667,0.068891,2.26344
217,14.8289,7.03709,14,2.33333,0.0699375,2.1765
218,16.3602,7.73105,18,2.95333,0.0676363,2.01555
219,16.708,7.77717,17,2.67333,0.0683833,2.14964
220,15.9826,7.22432,14,2.21333,0.0675772,2.05387
221,15.5447,7.59198,16,1.95333,0.0686719,2.11257
222,15.3451,7.57975,15,2.5,0.075723,2.15036
223,16.1695,7.84102,18,2.49333,0.0683529,2.38684
224,16.6263,7.83295,18,2.50667,0.0661142,1.96206
225,15.5013,7.72155,15,2.31333,0.0667268,2.09571
226,16.3743,7.95095,16,2.64667,0.0725261,2.25449
227,16.6953,7.7799,15,2.41333,0.0695612,2.25173
228,15.8143,7.08693,15,2.4,0.0693772,2.25787
229,16.1558,7.75981,17,2.41333,0.0673057,2.09973
230,15.2513,7.58563,18,2.32,0.0646086,2.14356
231,16.3631,7.7127,18,2.21333,0.0706977,2.07041
232,16.9348,7.69563,19,2.90667,0.0703417,2.08898
233,17.1689,7.74738,17,2.9,0.0690523,2.07637
234,16.562,8.04983,17,2.77333,0.0718164,2.10772
235,16.0852,7.79383,17,2.23333,0.0685721,1.84213
236,16.368,7.66732,16,3.54,0.0699102,2.29695
237,16.1958,6.29678,13,1.99333,0.0666239,2.67258
238,15.999,7.29237,15,2.70667,0.109813,2.71563
239,16.7143,6.72411,15,2.16,0.0913276,3.08988
240,15.7021,6.77235,16,2.49333,0.0706978,2.45737
241,16.6584,7.58142,17,3.27333,0.065969,2.20658
242,15.7739,6.85472,15,2.73333,0.0683672,2.15332
243,16.7509,6.93166,16,2.93333,0.0674738,2.24663
244,16.2471,6.8617,17,2.59333,0.0685715,1.9757
245,14.8529,6.41056,15,2.40667,0.0659397,1.89541
246,15.8138,6.62555,16,2.18667,0.0671656,2.06638
247,16.7612,6.86131,18,2.8,0.0694301,1.83457
248,16.6093,7.24654,17,2.35333,0.0696049,1.86528
249,17.0881,6.79054,17,2.42667,0.0680924,1.94943
250,16.7205,7.46483,15,2.78667,0.0667731,1.89396
251,17.1953,7.60748,18,2.90667,0.0664833,1.9535
252,15.5697,7.08886,15,1.92667,0.0682021,2.09997
253,17.3094,7.72106,18,3.52667,0.0736891,2.17912
254,16.4052,7.44168,14,2.70667,0.0670109,2.18968
255,15.1591,7.04046,15,2.28,0.0667152,2.1103
256,15.6703,7.3553,14,2.67333,0.0722716,2.04088
257,16.8083,7.97352,17,2.89333,0.0668808,1.86094
258,17.106,7.86548,17,2.91333,0.0661206,1.82994
259,16.6838,7.58886,15,2.66,0.0692317,2.16314
260,17.4649,8.47144,19,3.41333,0.0681105,1.95329
261,17.2228,8.17633,17,3.19333,0.0708848,2.20433
262,16.32,7.86261,20,3.40667,0.0697082,2.22875
263,17.4124,7.60592,18,3.28667,0.0677294,2.07687
264,17.2064,7.67654,18,3.10667,0.0712314,1.99742
265,15.9916,7.67528,15,2.76667,0.0672356,1.96737
266,16.1541,7.76438,15,3.43333,0.0699945,2.63344
267,16.5104,7.30575,15,3.58667,0.0858593,2.86167
268,16.1548,8.03472,16,4.07333,0.0703116,2.67805
269,16.4606,7.38326,15,3.77333,0.0703891,2.7235
270,16.1044,7.53712,17,3.64667,0.0682412,2.80737
271,16.2098,7.67572,15,3.19333,0.066337,2.61789
272,16.6921,7.5677,16,4.24,0.070363,2.91011
273,17.251,7.67059,19,4.26667,0.068337,2.36276
274,16.5778,8.29976,16,4.67333,0.0709825,2.5267
275,15.6805,8.10861,15,3.8,0.0663607,2.44821
276,16.9466,7.38438,17,3.92,0.0669028,2.55777
277,16.0687,7.3919,15,3.55333,0.0660334,2.32416
278,16.878,8.18579,17,4.44667,0.0691832,2.39804
279,15.8417,8.16107,16,4.18667,0.0651504,2.56422
280,14.5789,7.54297,17,3.64667,0.0704751,2.47404
281,15.9073,7.47019,13,3.38667,0.0751145,2.59898
282,16.8689,8.3683,18,4.79333,0.0696802,2.36056
283,16.4968,8.11353,15,3.65333,0.0666182,2.54191
284,16.2135,8.19979,17,4.42667,0.0725702,2.8027
285,17.418,8.19412,19,4.82667,0.0719229,2.35001
286,16.5533,8.56566,17,4.82667,0.076357,2.59292
287,16.8913,8.38372,17,4.88667,0.0676324,2.48842
288,17.183,9.07589,19,5.88667,0.0790077,2.65454
289,15.2691,8.04729,13,3.71333,0.0750861,2.54797
290,16.443,8.43319,16,4.50667,0.0711055,2.52649
291,15.7783,8.9447,14,3.81333,0.0708525,2.50833
292,16.5843,9.15176,18,5,0.0699139,2.47611
293,16.357,9.13708,17,5.44,0.0696101,2.41096
294,16.3279,8.69248,16,4.61333,0.0677792,2.45488
295,15.6043,9.3397,18,5.11333,0.0704815,2.64861
296,16.6504,6.73568,18,3.17333,0.0699756,2.50376
297,16.7516,6.09744,15,2.27333,0.0671122,2.70964
298,15.4819,7.24222,15,3.62,0.0682567,2.7304
299,17.8011,7.37764,19,3.63333,0.0698677,2.72422
300,16.5762,6.85605,16,3.36,0.0672791,2.58605
301,16.8303,6.39135,17,2.9,0.0687834,2.29863
302,16.2458,7.07648,14,3.12667,0.0670513,2.44312
303,15.9093,7.16517,17,3.84,0.0677912,2.5915
304,16.0906,6.76261,16,3.23333,0.0662898,2.59645
305,16.0964,6.40618,16,2.74667,0.0873465,2.69533
306,17.9459,7.34273,20,4.20667,0.069159,2.64121
307,17.3639,7.01474,18,3.39333,0.0669712,2.43966
308,16.8715,7.7651,17,4.30667,0.0677139,2.46984
309,17.3861,7.52743,17,3.63333,0.0663868,2.20556
310,16.065,7.04868,18,3.25333,0.0695966,2.2864
311,16.9912,7.67245,18,3.76,0.0676661,2.20538
312,17.5354,8.08657,19,4.72667,0.0665222,2.07382
313,17.1529,7.87523,18,4.12,0.0663179,2.20329
314,16.0506,7.50114,19,3.96667,0.0674915,2.3663
315,15.8716,7.38043,14,3.02667,0.0663254,2.09614
316,15.9683,7.30444,15,3.4,0.0675734,2.51785
317,17.4022,7.68404,17,3.63333,0.0694134,2.31749
318,16.6746,8.29355,19,4.84667,0.0683267,2.52127
319,16.6052,7.25466,18,4.03333,0.0704743,2.13008
320,16.8234,7.78438,17,4.15333,0.0697281,2.29263
321,16.7379,7.86602,18,3.96,0.0703732,2.44002
322,16.1147,7.63604,16,3.82667,0.070788,2.31048
323,17.4126,7.94094,18,4.05333,0.070503,2.48994
324,15.9431,7.39451,17,3.61333,0.135478,2.43303
325,15.5816,7.29084,16,3.02,0.0676115,2.2801
326,15.3864,7.52037,17,3.07333,0.0660558,2.07988
327,16.1734,7.42001,17,3.63333,0.0702808,2.05761
328,16.6788,8.10522,16,4.12,0.0702823,2.15006
329,16.5434,7.9873,16,3.92667,0.0694521,2.29475
330,16.4476,7.56112,17,3.04,0.0693133,2.17334
331,16.6336,7.54388,16,3.28667,0.0671183,2.13174
332,16.0709,7.26364,14,2.92,0.0687069,1.99941
333,16.0885,7.36515,16,3.8,0.0713319,1.96518
334,16.3105,7.67759,13,2.74,0.0679206,1.96087
335,15.869,7.43558,17,3.14667,0.0705471,1.88338
336,16.3127,7.28767,17,3.31333,0.0670542,2.22045
337,16.5708,6.69438,18,2.72667,0.0692738,2.4482
338,16.873,6.15127,17,2.03333,0.0735214,2.2518
339,15.3764,6.56152,16,1.89333,0.0724386,2.54776
340,16.5859,6.82616,20,2.59333,0.0737485,2.31315
341,16.8319,7.0977,20,2.15333,0.0691871,2.09984
342,15.4085,6.40026,19,2.52,0.0828563,2.24862
343,16.4413,6.95714,18,2.60667,0.08753,2.23841
344,16.7151,6.99684,17,3.06,0.0791833,2.3007
345,16.5386,7.70997,18,3.07333,0.0728884,1.97474
346,16.6358,7.20531,19,3.2,0.079864,2.15187
347,17.4122,7.15252,18,3.49333,0.0692228,2.25957
348,17.6652,7.64094,20,2.75333,0.0720828,2.33871
349,15.5935,7.57157,18,3.30667,0.0707972,2.21147
350,16.5646,7.63144,17,3.08,0.0677276,2.05524
351,16.6168,7.41009,18,3.26667,0.0694801,2.34889
352,16.283,7.70338,17,3.44,0.06733,2.16805
353,15.5303,7.97476,15,3.51333,0.0685113,2.27577
354,16.499,7.66897,17,3.4,0.0774366,2.36169
355,16.7911,8.1192,19,4.34667,0.0698386,2.10108
356,16.5369,8.4218,18,3.59333,0.0697455,2.36121
357,16.6968,8.52637,17,3.88667,0.0671284,2.12108
358,15.9359,7.98433,19,3.65333,0.0714985,2.5492
359,16.3218,8.11763,18,3.61333,0.0678265,2.1437
360,15.375,8.22538,17,3.46,0.0648421,2.35369
361,17.5837,8.26518,19,5.09333,0.0687624,2.36176
362,17.1038,8.37076,18,4.7,0.0671384,2.17122
363,17.6621,8.32954,19,4.68,0.0695679,2.22371
364,17.3485,8.40474,20,4.80667,0.0704475,2.13346
365,16.3914,8.23241,16,4.34,0.0719354,2.30614
366,17.8941,8.8017,20,4.56667,0.0879264,2.47695
367,17.03,7.10849,18,4.46,0.0673325,2.49608
368,16.6193,6.5511,16,2.94,0.0663894,2.69918
369,18.0721,6.82814,20,3.86,0.0738885,2.88075
370,16.1044,8.00206,17,4.89333,0.0753532,2.81767
371,17.7653,7.61239,20,4.97333,0.11794,2.52595
372,16.8591,8.04024,17,4.82667,0.0670782,2.76974
373,17.0694,7.72229,18,5.24667,0.0817587,2.7137
374,16.276,7.95667,17,4.24667,0.0692763,2.24202
375,16.366,7.51015,17,3.79333,0.0901942,2.32738
376,16.773,8.08467,17,4.43333,0.0728461,2.47869
377,16.929,7.52139,20,4.57333,0.0709657,2.38033
378,17.2716,7.90839,17,4.22,0.0975615,2.53942
379,16.8689,8.21716,18,4.58667,0.0673674,2.2539
380,16.2235,7.90833,17,4.47333,0.0660462,2.30075
381,16.4308,8.25402,18,5.32667,0.07472,2.41658
382,17.8659,8.672,19,6.38667,0.0696915,2.3436
383,17.0932,8.04678,18,5.19333,0.0735062,2.51995
384,16.908,8.01702,17,4.64,0.081974,2.46689
385,16.3555,7.91823,17,4.83333,0.0748876,2.25895
386,15.7156,7.78685,16,4.22,0.07548,2.66504
387,17.1323,7.77823,18,4.56667,0.0693986,2.22408
388,15.0121,8.34318,17,3.94667,0.079008,2.49022
389,17.8722,8.63561,19,5.09333,0.0686616,2.24756
390,17.0399,8.82354,18,4.70667,0.0845449,2.39806
391,17.6563,8.88619,19,4.96667,0.204764,2.47369
392,16.6521,9.05806,17,4.74,0.160962,2.56222
393,17.9131,9.47685,20,5.56,0.0742994,2.34997
394,17.3204,8.73954,17,4.40667,0.0744512,2.34479
395,16.8501,9.10366,18,5.15333,0.0721209,2.00117
396,16.7092,8.50747,17,4.50667,0.0928432,2.43176
397,18.0056,8.24505,20,5.04,0.0713616,2.34579
398,17.3056,9.66045,18,5.36,0.0872114,2.32267
399,17.6133,9.53856,18,5.46667,0.067025,2.26953
400,17.1868,8.49157,18,5.45333,0.110473,2.07172
401,16.7972,6.84037,18,4.71333,0.0694995,2.43079
402,16.0946,7.16757,16,3.4,0.0704373,2.4207
403,16.0961,7.53596,17,4.15333,0.0694806,2.36969
404,17.2065,8.23577,18,4.28,0.0796409,2.16486
405,17.594,7.90116,19,4.2,0.0703509,2.28089
406,17.7148,8.10069,19,5.22,0.0733831,2.34013
407,16.9202,7.62431,16,4.13333,0.0705805,2.13462
408,17.4675,8.09609,18,5.01333,0.0678258,2.14609
409,17.7879,8.38071,19,5.08,0.0681847,1.92257
410,16.0939,7.78741,18,4.44,0.0678934,2.09105
411,17.438,8.1489,17,4.42667,0.0673532,2.21031
412,16.2533,7.94977,14,3.81333,0.0677579,2.09829
413,17.4207,8.48915,18,4.80667,0.0714784,2.19797
414,16.2235,7.65863,18,4.26,0.0665208,2.10993
415,16.1309,7.88459,15,3.74,0.0650695,2.19992
416,17.0447,8.87907,17,4.32667,0.0678991,2.01855
417,16.8973,8.73588,17,4.64,0.0704002,2.21344
418,17.5777,7.46846,18,3.46,0.0687244,2.15043
419,17.5284,8.42836,18,4.91333,0.0696453,2.10826
420,15.85,8.21055,17,4.36,0.0686563,2.06475
421,17.9071,8.57092,18,5.35333,0.0678121,2.15682
422,17.23,8.58413,18,4.62,0.0697092,2.21494
423,16.9375,9.02893,18,4.62,0.0688775,2.24065
424,17.2292,8.39464,16,4.24,0.0692388,2.12535
425,16.7422,8.99322,16,4.65333,0.0675284,2.30195
426,16.0946,7.99442,16,3.34667,0.0671815,2.15544
427,16.9117,8.80648,18,4.89333,0.0693035,2.12442
428,17.2267,8.27365,18,4.64,0.0694117,2.32785
429,17.5713,8.80544,18,5.1,0.0690722,2.16085
430,17.4444,7.18607,19,4.94,0.0690679,2.25043
431,16.9603,7.06844,19,4.06667,0.0654975,2.20121
432,16.5127,7.16864,15,3.48667,0.0660996,2.26021
433,16.5947,7.31173,14,3.06667,0.0666968,2.38111
434,17.4946,7.10691,18,3.22667,0.0733612,2.6134
435,17.7376,6.82911,18,2.54,0.0680352,2.44705
436,17.4241,6.53193,16,2.22667,0.0732787,2.43165
437,16.3719,5.9337,16,2.16,0.0679907,2.35441
438,16.6519,6.66907,17,1.87333,0.068382,2.12814
439,16.0836,6.62083,17,2.42,0.0718036,2.39923
440,15.8528,6.61835,17,2.56,0.0687254,2.45182
441,16.8286,6.39536,15,2.39333,0.0689221,2.21034
442,17.397,6.71937,17,2.8,0.0692446,2.05491
443,16.2381,6.80337,16,2.79333,0.0647044,2.0889
444,16.7637,7.21716,16,3.05333,0.0691749,2.34279
445,16.9301,7.14766,16,3.47333,0.0657204,2.08174
446,17.6582,7.67495,18,3.79333,0.0668331,2.32028
447,17.6981,8.06586,20,3.99333,0.0680384,2.1922
448,15.5947,7.16203,15,3.44667,0.0686501,2.35421
449,16.9138,7.15311,16,3.06667,0.0667272,2.00717
450,16.9046,7.31981,17,3.13333,0.0727706,2.05697
451,17.02,7.96581,17,3.77333,0.0640975,1.99124
452,16.9405,7.02806,17,3.62,0.0668649,2.20696
453,17.2697,7.09497,19,4.10667,0.0704727,2.13274
454,17.066,7.50678,18,3.3,0.064125,1.92216
455,16.8265,7.68332,16,3.72667,0.0672091,2.02785
456,16.8351,7.64511,16,3.04667,0.0663466,2.06232
457,16.6714,7.3594,17,3.44,0.0654466,2.05951
458,15.9228,7.4816,17,3.18,0.0689358,2.18269
459,17.303,8.28843,18,3.58667,0.0671135,2.19792
460,16.635,6.65193,18,3.98667,0.0710677,2.67332
461,16.4808,6.64481,17,4.04,0.0742373,2.50405
462,15.9051,7.44231,17,5.1,0.087662,2.69721
463,16.7799,8.04026,17,4.76667,0.0732899,2.60773
464,17.3896,8.70017,19,5.62667,0.064516,2.37704
465,16.2676,7.8067,17,4.75333,0.0721726,2.84127
466,16.8546,7.44552,18,4.48,0.0713516,2.56831
467,16.4637,7.12664,14,3.48,0.0726276,2.58756
468,17.0024,8.03853,18,4.94667,0.0671999,2.64123
469,16.7895,8.49416,19,5.16,0.0660868,2.39307
470,16.7662,8.03599,16,4.33333,0.0670438,2.47957
471,17.7615,8.68092,18,5.30667,0.0666431,2.35163
472,16.4077,9.52896,16,5.8,0.0737102,2.50984
473,16.2483,8.96888,17,5.51333,0.0755176,2.36455
474,16.9141,8.38033,15,4.14,0.0688619,2.48917
475,17.5914,8.49709,19,4.81333,0.0957763,2.33964
476,15.6642,8.05474,15,4.4,0.0672891,2.45067
477,17.0295,8.428,17,5.51333,0.0689469,2.42747
478,16.964,8.41399,17,5.26,0.0693192,2.34246
479,16.6495,8.12361,16,4.80667,0.0701538,2.66983
480,16.3534,8.99489,17,5.23333,0.0670613,2.48849
481,17.0963,9.79611,17,5.43333,0.0734735,2.28601
482,16.1481,9.59251,14,4.44667,0.066608,2.32134
483,15.5389,8.71193,17,4.36667,0.0859594,2.53715
484,16.998,8.62983,18,4.74667,0.0681369,2.60248
485,16.808,8.61072,16,4.54667,0.0690736,2.59488
486,16.6625,8.94821,17,4.19333,0.0671475,2.29086
487,17.7747,10.0637,18,6.23333,0.0791917,2.31816
488,17.6883,9.57691,19,5.13333,0.107833,2.62321
489,16.4463,8.95009,17,4.83333,0.098849,2.09928
490,16.1929,6.90348,17,5.00667,0.0722193,3.01735
491,17.2951,7.05756,19,4.14667,0.0790542,2.91789
492,16.3416,7.40331,15,4.5,0.0800716,2.94884
493,17.3018,7.54129,20,3.94,0.0729157,2.53389
494,17.2623,8.3473,18,4.17333,0.0701937,2.50273
495,17.6487,7.27762,19,4.38667,0.100649,2.59416
496,16.5548,7.2628,15,3.67333,0.0745402,2.71739
497,16.6425,7.64939,16,4.4,0.0691082,2.81804
498,17.9391,6.82626,20,4.22,0.0682616,2.50524
499,16.0364,7.20842,16,3.59333,0.0662909,2.44833
500,17.2319,6.87793,18,4.68667,0.0678218,2.54639
501,17.26,7.21736,19,4.74667,0.069017,2.69512
502,17.4586,7.08833,18,4.60667,0.0701765,2.41923
503,17.0595,8.28139,17,5.28667,0.0684721,2.11236
504,17.8749,7.66058,19,4.74,0.065295,2.25533
505,16.8521,7.93847,17,4.39333,0.0662391,2.06444
506,17.2611,7.95992,17,4.3,0.0711883,2.31128
507,16.9137,8.08114,18,4.90667,0.0697182,2.32415
508,17.8458,8.37611,19,5.72,0.0688181,2.21445
509,16.6578,8.04959,16,5.45333,0.068077,2.4876
510,17.3977,8.39292,18,6.02667,0.0654411,2.52265
511,17.3002,8.03995,18,4.86,0.0693613,2.0755
512,17.0188,8.24343,17,5.10667,0.0651489,2.12332
513,16.9671,7.90388,17,5.8,0.0685465,2.46702
514,17.3836,8.09036,18,5.85333,0.0862013,2.41571
515,17.4182,8.09457,19,5.65333,0.0698772,2.47965
516,16.9618,8.26532,19,5.72667,0.0685237,2.24614
517,18.1968,8.88774,20,6.53333,0.0710307,2.16484
518,17.7431,8.80303,19,6.58667,0.070743,2.25577
519,16.3229,7.91742,16,4.86,0.0656997,1.93559
520,16.7201,7.85144,17,4.94667,0.0686841,2.05836
521,17.4862,7.93777,19,5.32667,0.0652387,2.06003
522,17.0661,7.50677,17,4.83333,0.0704786,2.32529
523,16.6777,7.79452,17,4.52667,0.0684631,2.02804
524,17.109,8.36662,19,5.11333,0.069501,2.25902
525,17.1087,7.86427,16,5.00667,0.0716726,2.20438
526,17.442,8.55824,19,5.22,0.0691788,2.0096
527,16.7805,8.4519,18,4.86,0.0669512,2.2063
528,16.5145,8.30641,16,4.28,0.0692213,2.31055
529,17.3994,8.75647,20,5.57333,0.0693462,2.18836
530,16.6526,8.71198,18,5.28667,0.0652539,1.93584
531,17.2087,7.39372,17,3.85333,0.0702823,2.13461
532,15.2974,8.44243,16,4.36,0.066749,2.17296
533,17.1672,7.95552,18,4.36,0.0697776,2.03104
534,15.5229,6.99302,16,2.92667,0.065812,2.11193
535,16.4844,8.00901,20,3.97333,0.0678612,2.09646
536,16.0139,7.37982,19,4.12,0.0692681,2.30545
537,17.405,8.04543,19,5.00667,0.071172,2.20347
538,15.687,7.70674,16,3.89333,0.0688793,2.39879
539,16.798,7.58305,18,3.98,0.0771133,2.31171
540,17.0471,8.21018,18,5.39333,0.0673081,2.25477
541,17.5741,8.28675,17,5.3,0.0697902,2.43339
542,16.7254,7.79519,19,4.17333,0.0675227,2.36692
543,17.3392,8.42101,19,5.12,0.067115,2.15388
544,16.1092,7.76446,16,4.40667,0.0694988,2.40792
545,16.4088,8.12102,18,4.62,0.068794,2.146
546,16.5946,7.09899,19,3.73333,0.0688432,2.25433
547,16.3791,7.09839,18,3.9,0.069615,2.38701
548,17.4846,7.77701,20,6.62667,0.0861688,3.24489
549,15.2045,6.4528,17,4.89333,0.0705219,3.44298
550,16.1831,6.86595,17,5.08667,0.0693002,3.27978
551,16.0965,7.45871,17,4.68667,0.0667576,3.19539
552,16.7223,7.57907,18,4.99333,0.0700191,2.94551
553,15.2225,6.76598,16,4.81333,0.0688755,3.32197
554,16.289,7.21824,19,5.48,0.0715651,3.23535
555,15.5996,7.14659,17,4.88,0.0707016,3.01861
556,17.358,8.01417,19,5.86,0.0682006,2.71535
557,16.4287,7.12783,18,5.04,0.0708735,3.18407
558,15.3783,6.92492,17,3.94,0.0684596,2.80081
559,15.2368,6.88429,16,3.81333,0.0702312,2.96016
560,14.8564,7.54069,15,4.06667,0.077555,2.49208
561,15.9071,7.52522,18,4.53333,0.0702493,2.69084
562,15.7161,7.33514,19,4.64667,0.0745749,3.09632
563,14.9964,7.17493,16,4.25333,0.0650918,3.08555
564,17.2552,8.39004,19,5.40667,0.071306,2.56811
565,16.0373,7.79683,17,4.68,0.0687066,2.82194
566,16.0685,7.98506,19,5.04,0.0670225,2.78425
567,16.7641,8.46502,18,5.69333,0.0703674,2.99185
568,16.4959,8.69045,17,5.21333,0.0721697,2.65396
569,16.9396,8.58544,18,5.16,0.0681739,2.5651
570,17.0333,7.32499,18,4.73333,0.0691326,2.62199
571,15.7185,7.93152,17,4.98,0.0694481,2.87792
572,16.2847,8.05392,17,5.30667,0.0698176,2.87326
573,15.6709,7.85915,15,4.11333,0.0663406,2.52295
574,15.754,8.1558,17,4.06,0.0676816,2.65934
575,15.703,8.37533,16,4.31333,0.0650853,2.74986
576,15.6634,7.87285,16,3.97333,0.0690781,2.45326
577,15.6975,7.96623,18,4.54667,0.0676171,2.42807
578,17.0551,5.98389,19,4.98667,0.0720568,3.37884
579,15.47,5.77555,16,3.27333,0.0698107,3.35563
580,17.3573,7.42734,20,6.47333,0.0711726,3.68231
581,16.4554,6.54152,18,5.02,0.076796,3.52865
582,15.6912,6.69245,17,4.3,0.0698882,4.00343
583,16.3986,7.04822,18,4.96667,0.0715321,3.53578
584,16.9922,7.96037,18,4.90667,0.0715928,3.39575
585,14.6806,7.09917,15,3.96,0.0673312,3.37587
586,16.1392,7.05996,18,4.51333,0.0691085,2.98821
587,15.9195,7.03075,15,3.91333,0.0680112,2.98408
588,16.3184,6.83023,18,4.38,0.0684095,3.16135
589,16.6586,7.40992,17,4.89333,0.0684804,3.05988
590,15.4302,6.93548,18,4.09333,0.0665164,2.77209
591,16.81,6.8126,18,4.56667,0.064993,2.88543
592,15.4648,7.24424,15,4.11333,0.0643558,2.68875
593,16.8159,7.26352,18,4.38,0.0690957,2.95331
594,16.395,7.91079,18,4.82667,0.0674151,2.39584
595,17.5935,8.27053,19,5.67333,0.072503,2.7715
596,15.5345,7.1988,17,4.29333,0.0663277,2.82511
597,16.7489,7.36092,18,4.84667,0.0660737,2.65299
598,16.8411,8.09918,19,5.98667,0.0692694,2.80717
599,16.9795,8.5776,19,5.62667,0.0698747,2.59989
600,16.7555,8.03309,19,5.58,0.0669863,2.71956
601,16.1124,7.86737,17,4.46667,0.0694353,2.94331
602,16.86,7.86086,17,3.92,0.0679011,2.32951
603,15.9307,8.98988,17,5.24667,0.0683321,2.66871
604,16.8313,8.74755,18,5.82,0.0682439,2.9855
605,17.4838,8.49016,19,4.79333,0.0673412,2.83799
606,17.5054,8.86706,19,5.28,0.0693781,2.8653
607,17.2081,8.11427,19,4.57333,0.0675853,2.67694
608,15.5296,8.52618,18,5.41333,0.0674728,3.36349
609,16.3262,8.56895,17,5.21333,0.0691419,3.6233
610,16.9813,8.24439,18,5.17333,0.0674041,3.38206
611,17.2634,8.23502,19,4.58667,0.0669666,3.38373
612,16.2224,7.63936,16,3.85333,0.0649066,3.36828
613,15.9892,7.88651,18,3.72,0.0668233,3.44419
614,15.589,7.46434,16,3.49333,0.0665471,3.4413
615,16.2624,7.93346,17,4.24667,0.0672057,3.12555
616,17.4141,8.15113,19,4.44,0.0686368,2.85555
617,16.9415,8.19896,18,3.98667,0.0691334,2.98494
618,15.6434,7.65894,16,3.63333,0.0695341,3.20646
619,16.1483,7.97129,19,4.06667,0.27169,3.45575
620,15.8306,8.3204,17,4.23333,0.069991,3.17084
621,17.2447,8.52238,19,4.04667,0.0700685,2.88156
622,16.9653,8.10334,18,4.03333,0.0690618,3.07436
623,16.0359,8.00007,17,4.13333,0.0704356,3.19607
624,16.9803,8.66651,18,4.93333,0.0701839,3.23634
625,15.6849,8.65377,15,4.33333,0.0653188,3.03986
626,17.6576,8.81083,20,5.36667,0.0691407,2.92347
627,17.1156,9.09084,19,4.51333,0.067802,2.76332
628,16.6477,8.70537,20,4.42,0.0692428,2.7402
629,16.3912,8.53934,17,4.54667,0.0670214,2.96461
630,16.7012,8.93246,18,4.70667,0.0678205,3.01664
631,17.4854,8.42386,19,4.8,0.0708741,3.20538
632,16.98,8.85294,19,5.49333,0.0667633,2.87592
633,16.2764,9.26101,20,5.56667,0.070297,2.98656
634,15.6809,8.25382,17,4.38,0.0681302,3.03469
635,15.9368,8.78094,16,4.57333,0.0652539,2.80652
636,16.4663,9.06877,18,5.66,0.0700231,2.68109
637,15.3069,9.11678,16,4.58667,0.0700936,2.92892
638,15.547,6.70315,15,3.02,0.0695377,2.55977
639,16.4604,7.06769,17,3.22667,0.071017,2.39518
640,16.1727,7.91638,15,3.48,0.0696299,2.35019
641,17.2724,7.92907,17,2.77333,0.0748375,2.185
642,16.6763,7.78855,15,3.28667,0.0661634,2.21189
643,16.6615,8.32107,17,3.27333,0.0677752,2.08441
644,16.7377,8.00982,17,4.01333,0.0706303,2.04251
645,17.3251,8.48025,18,5.02,0.0756631,2.22098
646,16.9572,8.41403,16,4.24,0.0717586,2.17955
647,16.8821,7.42822,17,4.03333,0.0656387,2.16117
648,16.684,7.7664,16,3.00667,0.0728353,2.21744
649,16.2219,7.9493,17,4,0.0668789,2.30722
650,16.4157,7.68919,15,3.74,0.0661336,2.15046
651,17.3877,7.83634,18,3.22,0.0686168,2.27544
652,16.7671,7.96024,17,4.02667,0.0690969,2.3998
653,16.2404,7.75302,19,3.9,0.0682573,2.20329
654,16.435,7.86211,16,3,0.0670961,2.18445
655,16.9963,8.20109,19,3.97333,0.0683162,1.89867
656,16.4105,8.25766,17,3.37333,0.0690115,2.18284
657,15.5684,7.56773,15,2.71333,0.0651819,2.21871
658,17.0115,8.42315,19,4.06667,0.0669648,2.12641
659,16.3608,8.55914,18,3.81333,0.0678255,2.22525
660,16.0666,7.64929,15,3,0.0673728,2.36675
661,16.654,8.24713,17,3.16667,0.0677115,2.07498
662,17.2031,8.7183,16,3.17333,0.0683587,2.0573
663,16.5584,8.14506,17,3.36667,0.0847516,2.25636
664,17.148,8.52898,16,4.38,0.068997,2.0828
665,17.2144,7.55343,16,3.30667,0.0644498,2.3362
666,15.9588,7.91392,16,3.08,0.0663613,2.43661
667,16.882,8.6771,18,4.07333,0.0771562,2.27133
668,15.8649,6.60983,17,3.19333,0.0673711,2.26425
669,15.7353,6.16925,15,2.48667,0.0702697,2.56482
670,17.5248,7.51651,18,4.40667,0.0691805,2.29604
671,17.3019,7.92246,17,4.64667,0.0683499,2.27402
672,16.306,6.81074,16,4.04,0.0825048,2.3476
673,16.5907,7.27699,18,3.98,0.065967,2.24444
674,16.6493,7.37154,17,3.99333,0.0727601,2.26637
675,17.0025,7.27532,18,4.16667,0.070594,2.55771
676,16.7307,7.55837,17,3.70667,0.0681584,2.59973
677,17.7563,7.19607,18,4.17333,0.0683722,2.48804
678,17.3963,7.36262,17,4.32,0.0690236,2.17104
679,16.659,7.8576,16,3.88,0.0672069,2.27571
680,16.0927,8.24392,15,4.20667,0.06456,2.13183
681,17.567,7.90313,19,4.14,0.0681186,2.17007
682,17.3375,7.7349,17,4.22667,0.0690019,2.2988
683,17.4717,9.00612,18,5.46,0.067568,2.44786
684,17.0646,8.22866,18,4.64667,0.0686249,2.12288
685,15.3385,8.38654,16,4.44667,0.0696097,2.20501
686,14.9223,7.88504,14,3.1,0.0654476,2.16615
687,17.1176,8.46892,18,4.92667,0.068386,2.13978
688,17.0747,7.87885,18,4.64,0.0676104,2.54214
689,16.0247,8.04871,18,3.89333,0.0674259,2.29851
690,16.7881,8.57291,19,4.44,0.0666603,2.51618
691,16.4965,8.84801,17,5,0.0673506,2.16268
692,15.7231,7.9432,17,4.91333,0.0770213,2.50219
693,17.2471,8.84128,17,5.42667,0.0696931,2.55007
694,16.4541,8.59666,16,4.76,0.068013,2.3914
695,16.9056,8.27764,17,4.95333,0.069962,2.72752
696,16.199,8.90605,16,4.93333,0.0676903,2.29535
697,16.307,8.25907,17,4.72667,0.06746,2.29974
698,15.8807,7.98117,18,5.34,0.0732076,2.62339
699,17.4288,7.83948,19,5.22667,0.067625,2.81071
700,17.0717,8.27103,18,6.15333,0.0697611,2.67945
701,16.672,7.49619,16,4,0.0710806,2.93021
702,15.7886,6.55854,17,4.46,0.0681418,2.90159
703,15.7656,6.77376,17,4.31333,0.0661482,2.72174
704,16.9487,7.02778,20,4.64667,0.0673355,2.90604
705,16.69,7.1653,18,5.32667,0.0705441,2.9715
706,17.0731,6.96954,18,5.21333,0.0686907,2.7122
707,17.0275,8.24692,20,6.3,0.0709901,2.83187
708,17.2582,7.90851,19,6.52,0.0704398,2.68798
709,16.9285,7.84227,19,6.04667,0.0689956,2.56926
710,15.3125,7.30417,17,4.92667,0.0688762,2.72093
711,16.6026,8.08255,19,6.01333,0.0692777,2.55204
712,16.9082,7.53091,18,5.30667,0.0672167,2.47554
713,16.9135,8.01344,19,5.57333,0.0680582,2.75187
714,16.7915,7.77421,19,5.96,0.0685565,2.75501
715,15.9487,8.22277,16,5.00667,0.0682385,2.67762
716,17.4254,8.1189,19,5.52667,0.0662311,2.28584
717,16.9679,8.05291,17,5.08,0.0669536,2.4804
718,17.2303,8.25761,18,5.14,0.0672519,2.66617
719,17.1245,8.69027,18,5.18,0.067849,2.41507
720,17.3481,8.45948,19,5.17333,0.0659319,2.37459
721,17.0124,8.83812,18,4.9,0.0695061,2.64019
722,17.3312,8.74924,17,5.68667,0.0794942,2.40267
723,17.1658,8.18503,17,5.36667,0.0688358,2.67534
724,16.4264,8.42923,17,4.65333,0.0653375,2.34821
725,17.7093,7.41567,18,5.00667,0.0687466,2.27159
726,17.3803,7.85969,17,4.62667,0.0692813,2.45467
727,17.472,7.68055,20,4.78667,0.0694722,2.61392
728,14.9632,7.63476,15,4.61333,0.0723846,3.33595
729,17.3581,7.559,19,5.34,0.0712543,2.87608
730,15.6919,6.42372,18,3.94667,0.0687137,2.84103
731,15.8315,6.24857,16,3.94,0.0656505,2.47954
732,16.9202,7.63188,17,4.04,0.0679615,2.46301
733,17.2005,7.51659,19,4.22667,0.0675941,2.44339
734,16.722,7.82106,17,4.44,0.0678789,2.24304
735,15.889,7.11078,15,2.97333,0.0679987,2.32794
736,15.7374,8.00964,16,3.74667,0.0666658,2.27389
737,15.9297,7.51495,17,3.91333,0.0671218,2.22588
738,15.9115,8.13605,17,4.43333,0.0694228,2.30006
739,17.4614,7.73571,19,4.71333,0.0708935,2.4448
740,16.3658,7.5953,18,4.24667,0.068328,2.36057
741,15.9992,7.59729,14,3.72667,0.0693449,2.25152
742,16.0194,7.88367,16,3.58667,0.0679179,2.1469
743,15.2656,7.90499,15,4.28,0.0662387,2.21225
744,15.2301,8.3169,16,4.52667,0.0687704,2.45641
745,15.6269,8.08782,14,3.58,0.0732974,2.25451
746,16.172,7.78021,16,4.18667,0.0731265,2.26532
747,16.2189,8.39934,17,4.78,0.0680153,2.11003
748,16.0568,8.51778,17,4.52,0.0680587,2.14561
749,16.3104,8.04743,17,3.97333,0.0657843,2.51728
750,18.1043,8.24746,20,4.32,0.0690983,2.34228
751,15.7684,8.28825,17,4.4,0.069201,2.36064
752,15.3289,8.31731,15,4.06667,0.06713,2.24178
753,16.1431,8.36204,18,4.57333,0.0684913,2.37979
754,15.7698,8.86666,18,4.61333,0.0692839,2.43674
755,16.2682,7.62725,17,4.64,0.0662627,2.29489
756,16.9896,8.24709,18,5.13333,0.0687877,2.19199
757,16.0751,7.93881,17,4.9,0.0688689,2.14428
758,16.5046,6.42223,16,4.22667,0.0681635,2.52203
759,15.9366,6.01488,15,3.96,0.0660506,2.5707
760,16.1669,7.02895,14,4.32,0.0690046,2.72486
761,16.0572,7.00414,17,4.95333,0.0693568,2.85319
762,15.7162,7.8267,16,4.80667,0.0677566,2.67014
763,15.6931,6.4344,17,3.86,0.0672708,2.66795
764,16.1372,6.56526,15,4.01333,0.0667266,2.67773
765,17.0332,7.75308,18,5.56667,0.0695267,2.91439
766,16.6034,7.10277,18,5.24667,0.0700162,2.66483
767,16.7592,7.31899,16,4.22667,0.066885,2.25374
768,15.8057,7.17376,15,3.72667,0.0651437,2.09949
769,16.1684,6.87698,18,3.83333,0.0675334,2.44913
770,16.5909,7.40295,19,5.16667,0.0678835,2.15286
771,15.7739,7.53146,19,5.00667,0.0698622,2.24882
772,16.9529,6.86498,18,4.74667,0.0678468,2.79818
773,16.7734,7.40289,17,4.71333,0.0679838,3.0268
774,15.8481,7.42082,18,5.16667,0.0669065,2.76873
775,17.5727,7.67948,19,5.64,0.0698912,2.62684
776,17.1675,7.72207,17,5.02,0.0702635,2.583
777,16.2324,8.59389,19,5.91333,0.0689747,2.78529
778,15.6434,7.7753,15,4.67333,0.0674082,2.43236
779,15.604,7.27191,17,4.23333,0.0650066,2.58659
780,16.4895,7.71822,19,5.46,0.0675774,2.50606
781,16.0064,7.94992,17,5.52667,0.066789,2.52925
782,16.9918,7.92511,17,5.58,0.068442,2.90624
783,17.5494,8.17966,19,5.50667,0.0705873,2.90221
784,17.0144,8.16658,16,5,0.0671781,2.77915
785,16.0684,7.86482,16,4.38667,0.0657833,2.63775
786,15.7883,8.5737,16,4.82667,0.0678919,2.56782
787,16.9991,8.20556,19,5.27333,0.0694357,2.68635
788,16.8511,8.93393,19,6.86667,0.0699366,3.11413
789,15.9084,6.7104,18,3.82667,0.0703388,3.21493
790,16.4762,8.00157,18,5.30667,0.0654431,3.10292
791,16.9289,8.44413,18,5.4,0.0663214,2.73375
792,16.237,8.29363,17,5.57333,0.0674304,3.09757
793,15.87,7.88991,17,4.8,0.0663322,2.86558
794,16.4293,7.92181,17,4.61333,0.0657391,2.66589
795,16.7538,8.42729,18,5.32667,0.0679159,2.5508
796,16.622,8.45718,17,5.41333,0.0665964,2.77372
797,16.2048,8.21859,18,5.62667,0.0681343,2.68292
798,17.4011,8.30964,18,6.64667,0.0726716,2.73464
799,15.9174,8.1555,16,4.94,0.0675712,2.56377
800,17.253,9.29107,19,6.68667,0.0672532,2.43708
801,17.5009,8.37246,19,6.22667,0.0681147,2.49551
802,17.2961,8.07443,18,4.82667,0.0672161,2.40012
803,15.7661,7.99027,17,4.33333,0.0663523,2.38619
804,15.3663,8.0587,15,4.42,0.0648078,2.50582
805,15.9985,8.09845,16,4.52667,0.0752122,2.71466
806,16.1684,8.1751,17,5.25333,0.0672065,2.51026
807,16.8657,8.68119,19,5.98667,0.0678393,2.58729
808,15.0007,7.68131,17,4.32,0.0649924,2.6545
809,16.898,7.93921,18,4.6,0.0692846,2.7032
810,16.7572,8.08309,18,5.32667,0.0717865,2.64578
811,16.9736,7.85071,18,5.02,0.0696535,2.44956
812,16.2525,8.47831,18,5.84667,0.0681839,2.57346
813,16.2831,7.48346,19,5.46,0.0687525,2.49579
814,15.812,7.68237,16,4.68,0.0682476,2.76219
815,16.6159,8.2283,18,5.24,0.0655655,2.44388
816,16.3849,8.79679,18,5.68,0.0684265,2.41005
817,16.0104,8.13179,18,4.3,0.0675823,2.41443
818,16.9337,8.3634,15,5.2,0.0678985,2.629
819,16.3103,8.47125,17,4.17333,0.0804532,2.72857
820,17.2215,8.70316,17,4.68667,0.0719152,2.78555
821,15.5628,7.52599,18,2.43333,0.0674915,2.45886
822,16.0712,7.98328,16,2.84,0.0682119,2.42382
823,16.5436,8.1607,14,3.31333,0.116035,2.50117
824,16.1511,7.94524,13,3.13333,0.0676196,2.39856
825,15.5664,8.00864,16,3.77333,0.0807392,2.54805
826,16.628,7.89434,19,4.18667,0.0725898,2.6385
827,16.935,7.33959,17,3.45333,0.065502,2.54187
828,17.7089,8.00803,18,4.19333,0.0661996,2.24201
829,16.7759,7.80326,19,4.92,0.0674608,2.66164
830,17.0317,8.25022,18,4.90667,0.0690821,2.3667
831,16.5245,7.39197,17,3.72667,0.0708981,2.23964
832,16.675,7.9642,18,4.18,0.0680647,2.29017
833,16.5319,8.42263,17,4.12667,0.0702449,2.60616
834,16.626,8.30757,17,4.41333,0.0677166,2.31952
835,16.6696,8.15733,17,4.85333,0.0652856,2.18621
836,16.2327,8.32746,16,4.1,0.0660456,2.2727
837,16.5518,8.28985,17,4.98667,0.0665529,2.19909
838,17.2065,8.90882,17,5.78,0.0682305,2.25522
839,16.2732,8.9675,15,5.11333,0.0685047,2.2223
840,15.9635,8.49219,17,4.81333,0.0700444,2.31364
841,16.1194,8.48133,17,4.89333,0.0696606,2.34218
842,16.3996,8.46291,17,4.14667,0.0676601,2.04741
843,16.0432,8.81589,15,5,0.0695791,2.08645
844,16.7659,9.21891,15,5.63333,0.0682706,2.51262
845,15.7662,8.65722,14,5.57333,0.0686735,2.42209
846,15.5567,8.55293,15,4.67333,0.0668235,2.39134
847,16.4851,9.12144,18,6.17333,0.0714755,2.30172
848,15.2415,8.20168,15,4.80667,0.0669913,3.00803
849,16.2225,8.05432,18,5.21333,0.0676253,2.82765
850,16.2335,8.14008,17,4.44,0.0726175,3.17664
851,16.7873,7.53511,16,4.20667,0.0679444,2.93498
852,16.3106,7.84492,17,4.06,0.0656996,2.44855
853,16.9653,7.99302,18,4.85333,0.0691735,2.76923
854,17.1252,8.52694,18,6.08667,0.0687773,2.87002
855,16.8322,8.47915,18,5.46,0.0715252,2.62754
856,16.7013,8.19307,18,5.08667,0.0681578,2.47554
857,15.9458,7.90227,17,4.93333,0.0688079,2.80664
858,16.8203,9.21685,18,6.98,0.0674537,2.70086
859,16.8926,9.63599,18,6.6,0.0716222,2.58914
860,15.971,8.56194,18,5.32667,0.0691764,2.70505
861,16.3849,8.89387,17,5.30667,0.0655871,2.52061
862,16.9179,9.19368,16,5.16667,0.0697906,2.5954
863,17.6598,9.36308,18,5.32,0.0678283,2.40814
864,17.5468,8.76995,18,5.28667,0.0682312,2.41891
865,17.5925,8.38472,18,4.76667,0.0664292,2.25059
866,17.1515,7.63658,18,4.35333,0.0682642,2.58281
867,16.8111,8.25323,17,4.44,0.0669843,2.23893
868,17.164,9.32187,17,5.5,0.0677944,2.30682
869,17.7272,8.88054,18,5.26,0.0675276,2.2886
870,17.6159,8.36055,18,4.42667,0.069469,2.38766
871,16.6399,8.09873,18,4.66667,0.0687886,2.48065
872,17.0061,8.96817,19,5.26,0.0675009,2.47974
873,16.5932,9.50575,17,5.18,0.0666368,2.48542
874,17.0337,9.19274,17,5.31333,0.0715696,2.62784
875,16.6,8.71106,20,5.15333,0.0692661,2.445
876,16.058,8.70662,16,4.1,0.071008,2.47133
877,16.2833,8.40535,16,4.92667,0.0670858,2.53641
878,15.9775,8.99557,14,4.40667,0.0678177,2.29653
879,17.1458,8.60384,17,5.03333,0.0711726,2.35638
880,17.1366,8.86238,18,6.10667,0.0696862,2.66967
881,16.8819,8.73902,16,5.44667,0.113851,2.6066
882,16.9073,8.18116,16,4.28667,0.0667995,2.63065
883,16.5324,8.93419,20,5.55333,0.0675446,2.3935
884,16.6335,8.80553,15,4.30667,0.0679219,2.51722
885,16.8125,8.44171,16,5.02667,0.0679947,2.4892
886,17.6614,9.49488,18,6.26667,0.0684973,2.44009
887,17.2999,9.17092,18,6.02,0.0729973,2.50756
888,16.6238,8.30958,17,4.81333,0.0665783,2.25979
889,17.1225,9.12552,16,4.54,0.0664746,2.24647
890,16.7411,8.92089,15,5.05333,0.0677037,2.35962
891,16.6741,9.02398,16,5.13333,0.0696863,2.34508
892,15.8552,9.4326,16,5.12,0.0668033,2.26883
893,16.9309,9.40729,18,6.34667,0.0675095,2.37418
894,16.7119,9.14336,17,5.51333,0.0746179,2.47555
895,16.1255,8.50481,19,4.92,0.0665631,2.34252
896,16.845,9.09194,17,5.1,0.0696238,2.27178
897,16.9409,8.63876,20,5.04,0.0681238,2.36621
898,17.7977,10.0636,20,6.96,0.0698234,2.40791
899,17.0295,10.2046,18,7.02667,0.0700117,2.42374
900,16.2383,8.50619,18,4.84,0.0669075,2.77887
901,16.8056,9.65333,18,6.04,0.0670828,2.47203
902,16.6456,9.10719,18,5.76,0.0705681,2.52564
903,16.7119,9.33756,16,5.8,0.10725,2.72041
904,16.2695,8.48566,19,5.23333,0.068383,2.59477
905,17.1939,9.47947,17,5.73333,0.0705203,2.48258
906,15.8419,9.03251,18,5.61333,0.0711403,2.62084
907,17.5762,9.36856,18,6.41333,0.0706437,2.53837
908,15.7921,8.34646,16,5.44667,0.0711492,2.14785
909,16.4387,8.25811,17,3.77333,0.0810589,2.09734
910,16.4849,8.96639,16,4.67333,0.0703991,2.00049
911,17.5278,8.89037,18,5.3,0.0660718,1.99525
912,16.15,7.97698,17,3.68667,0.0663514,1.83228
913,17.0025,8.86043,17,4.81333,0.0675758,1.87692
914,17.009,8.79513,17,4.8,0.0670659,2.0096
915,16.7474,8.5154,17,4.59333,0.0720534,2.19282
916,17.3602,9.14764,18,5.92667,0.0699947,2.11101
917,16.178,8.03306,16,4.48,0.0691792,2.17058
918,16.5613,7.89202,16,4.13333,0.0676502,2.23762
919,17.5576,9.31673,18,5.32,0.0716212,2.14451
920,17.1185,9.27441,17,5.12,0.0673815,2.0887
921,17.0073,9.50033,17,5.39333,0.0678199,2.17123
922,16.0936,8.57183,19,5.06,0.0717244,2.36395
923,16.7568,9.32275,17,5.52,0.0689695,2.31772
924,17.3028,9.89469,18,6.51333,0.0681558,2.14277
925,16.6906,8.85281,17,5.18667,0.0680087,2.06814
926,16.2549,9.00419,17,4.93333,0.0677623,2.13212
927,17.0071,9.38433,15,5.08,0.0687305,2.1825
928,15.5582,9.00974,14,4.4,0.0678685,2.05032
929,16.4337,10.0461,16,5.66667,0.0689886,2.15253
930,17.3441,10.0175,19,6.44,0.0672691,2.04259
931,17.7372,10.322,18,6.99333,0.0679827,1.92089
932,17.2553,9.55514,17,5.78,0.0720026,2.48386
933,16.9899,9.25875,17,6.18667,0.164432,2.13943
934,16.8517,10.0921,18,6.66,0.074343,2.42941
935,16.3579,8.86388,17,5.88,0.119528,2.22025
936,16.1479,9.67154,18,6.04,0.0673198,2.11723
937,17.2461,9.80869,16,6.64,0.0668806,2.13195
938,17.5927,8.87248,19,6.44,0.0663989,2.00591
939,16.8741,8.3942,17,5.93333,0.0674818,2.0065
940,17.2372,8.72561,15,5.06,0.0646285,1.84764
941,16.0135,8.78193,16,5.12667,0.068173,1.87805
942,17.1681,9.22693,19,5.38,0.06791,1.91901
943,16.7644,8.95021,17,5.66667,0.0684175,1.80363
944,15.726,8.46756,17,4.04,0.0675108,2.01062
945,16.7406,9.61029,16,6.16667,0.0775805,2.06705
946,16.802,8.75665,15,4.7,0.0917256,2.12075
947,16.5386,8.50079,15,4.83333,0.0661827,2.13558
948,17.0476,9.11499,18,5.66667,0.0697268,2.00177
949,16.344,9.09191,14,4.91333,0.069868,1.97747
950,17.9398,9.81334,19,6.72,0.0678935,1.97276
951,17.1809,9.77624,16,6.29333,0.0910038,2.13698
952,16.8082,8.97899,17,5.66,0.0649727,1.80119
953,17.4465,9.90765,18,7.35333,0.0684692,1.86609
954,18.0234,10.5566,19,7.92,0.0701636,1.96065
955,17.1293,9.65718,16,6.41333,0.0701735,2.1012
956,16.883,9.91413,16,6.39333,0.0724648,2.05082
957,16.3506,9.7711,17,6.15333,0.0772517,1.96502
958,16.7828,9.72413,17,7.2,0.0665531,1.77023
959,17.1801,10.747,17,8.09333,0.0699836,1.81802
960,17.7651,10.8033,19,8.74,0.0694025,1.98746
961,16.9703,10.2676,17,7.74,0.0687187,1.88435
962,17.4494,10.4629,19,7.67333,0.0665642,1.91941
963,16.4535,9.79061,17,7.48667,0.0702768,2.05242
964,17.351,10.0304,19,7.74667,0.0713011,1.95052
965,17.7485,10.4549,18,7.48,0.0687966,1.91912
966,16.7204,10.1731,16,6.84,0.0691031,1.97336
967,16.8168,10.1602,14,5.94,0.0672509,1.83089
968,16.1619,8.58596,16,4.46667,0.0660478,1.78271
969,16.9966,8.98203,17,5.26,0.0786324,2.06103
970,17.311,9.10781,17,5.92667,0.0661728,1.99337
971,16.0354,8.02089,16,4.67333,0.0660544,2.10335
972,17.7198,9.15924,19,5.80667,0.0733306,1.84768
973,17.5669,8.90991,18,5.6,0.0724878,2.10663
974,16.6817,8.29084,17,5.02667,0.0676268,2.20677
975,17.3679,8.54069,16,4.96667,0.0689828,2.34282
976,18.0088,8.42863,19,6.03333,0.0671319,2.0977
977,16.9361,9.21459,18,6.46,0.070479,2.02947
978,16.3626,8.96253,16,6.05333,0.0733199,2.10181
979,16.6854,9.16162,16,5.95333,0.0709343,1.99908
980,17.439,8.81309,19,5.94,0.0679987,2.11853
981,16.2167,8.07058,14,4.51333,0.068521,2.08134
982,16.5424,8.72926,17,5.02667,0.0689522,1.95306
983,16.2806,7.73598,15,4.66,0.0670018,2.10742
984,17.0691,9.04177,20,5.81333,0.0676131,2.06389
985,17.2938,9.17926,19,5.82667,0.0681859,1.96621
986,16.7678,8.92283,18,6.12667,0.0702939,2.17618
987,17.3928,8.04173,18,5.76667,0.0774998,2.15477
988,16.4398,8.36785,17,5.44,0.0681068,2.22223
989,17.4719,9.41633,18,6.62667,0.0682248,1.90416
990,17.9508,9.31798,18,6.62667,0.0794202,2.13634
991,16.79,9.55968,17,7.22667,0.0682478,2.08674
992,16.7025,9.22802,17,6.71333,0.0715056,2.10292
993,16.4318,9.49116,16,5.92,0.075598,2.01028
994,17.2354,9.3651,17,6.10667,0.0684419,2.01333
995,16.79,9.0924,16,4.74,0.0909719,2.17551
996,16.6161,9.15089,17,5.67333,0.0891608,2.06271
997,16.327,8.865,17,5.01333,0.0911629,2.006
998,16.6763,10.0706,16,5.51333,0.145716,1.82342
999,17.1513,8.43736,17,4.64667,0.0668045,1.98453
1000,17.3505,9.5161,19,5.65333,0.067369,1.99747
