1,0.603149,0.18349,4,0.0866667,0.0758502,1.29989
2,0.709669,0.235342,6,0.2,0.0701375,1.41274
3,0.623815,0.266907,3,0.0466667,0.069825,1.10397
4,1.04829,0.260444,4,0.14,0.0690962,0.896979
5,0.636603,0.267618,2,0.0533333,0.0678213,0.926101
6,0.845706,0.284726,5,0.2,0.0657318,0.786346
7,0.888561,0.307435,6,0.14,0.0710354,1.07902
8,0.946524,0.313123,5,0.153333,0.0663485,0.892898
9,0.809168,0.302004,4,0.166667,0.0665406,1.12712
10,0.876445,0.316932,2,0.0533333,0.0672646,0.801878
11,0.817575,0.359001,3,0.12,0.067342,0.746917
12,0.815209,0.35489,5,0.186667,0.0677052,0.635715
13,0.967464,0.35838,7,0.213333,0.0689783,0.829731
14,0.987418,0.368457,5,0.133333,0.0671811,0.903815
15,0.877214,0.39701,5,0.22,0.0679554,0.85988
16,0.834924,0.387945,4,0.16,0.0672931,0.759327
17,0.736205,0.383779,2,0.1,0.0665618,0.778842
18,0.951838,0.401606,4,0.213333,0.0674312,0.767991
19,0.809177,0.380161,4,0.12,0.0651482,0.774729
20,1.03365,0.362541,5,0.233333,0.0689528,0.899214
21,0.945285,0.370914,3,0.2,0.0647827,0.967065
22,0.894174,0.369353,3,0.326667,0.0681708,1.14867
23,0.950627,0.370583,6,0.26,0.0667645,1.03385
24,0.741991,0.377125,4,0.166667,0.0672121,0.991129
25,0.910586,0.391968,4,0.253333,0.0686236,0.999603
26,0.79129,0.417423,3,0.18,0.0669402,1.05426
27,0.793546,0.381559,3,0.153333,0.0659655,0.919317
28,0.946275,0.386283,6,0.226667,0.0663727,1.09569
29,0.811681,0.378815,7,0.153333,0.0661993,1.11949
30,0.843586,0.388062,4,0.2,0.0689333,0.925178
31,0.729787,0.371838,2,0.08,0.0691662,0.924453
32,0.748675,0.413777,4,0.186667,0.0667415,0.761179
33,0.93976,0.379146,5,0.2,0.0668893,0.731066
34,0.837665,0.411532,6,0.286667,0.0669487,0.890447
35,1.07989,0.416562,6,0.3,0.0681426,0.795748
36,0.849815,0.432184,2,0.173333,0.0665148,0.788457
37,0.878047,0.393782,3,0.226667,0.0695774,0.86259
38,0.942643,0.436408,4,0.193333,0.0689382,0.743239
39,1.06482,0.401766,4,0.193333,0.0684003,0.80038
40,0.98794,0.389263,4,0.22,0.0667725,0.789353
41,1.06522,0.389784,5,0.266667,0.0646821,0.769513
42,1.05773,0.398108,5,0.22,0.0673946,0.900868
43,0.931077,0.415549,4,0.173333,0.071814,0.900701
44,0.848504,0.408217,5,0.26,0.0676245,0.86037
45,0.866256,0.429466,5,0.233333,0.0652987,0.774966
46,0.820371,0.432486,3,0.26,0.06714,0.827406
47,0.982185,0.431252,4,0.226667,0.0663008,0.882986
48,1.50801,0.381251,8,0.12,0.0657757,0.81247
49,1.20938,0.367352,8,0.146667,0.065412,0.760644
50,1.27039,0.430135,6,0.333333,0.0684873,0.728392
51,1.22764,0.421676,6,0.226667,0.0659708,0.658638
52,1.38486,0.3943,8,0.166667,0.0675055,0.934656
53,1.47082,0.40881,7,0.326667,0.0675331,0.936233
54,1.47531,0.400517,9,0.266667,0.0690832,0.880075
55,1.45212,0.422602,9,0.32,0.065207,0.8625
56,1.31591,0.447214,8,0.346667,0.066513,0.95667
57,1.39707,0.43459,7,0.32,0.0669483,0.911885
58,1.68215,0.426672,9,0.4,0.0664862,0.918008
59,1.43944,0.436243,7,0.28,0.0664154,0.981382
60,1.21016,0.403645,8,0.24,0.0682375,0.969974
61,1.05325,0.404492,5,0.133333,0.068429,0.95197
62,1.1975,0.419774,8,0.306667,0.0689839,1.03829
63,1.27793,0.40945,6,0.326667,0.0675964,1.16174
64,1.23795,0.385729,8,0.22,0.0658994,1.0045
65,1.55009,0.422903,9,0.246667,0.0655975,0.901437
66,0.954547,0.405251,4,0.2,0.0647412,0.876141
67,1.52678,0.415519,9,0.373333,0.069879,1.01158
68,1.68904,0.450819,9,0.406667,0.0682187,1.03828
69,1.56938,0.423075,8,0.4,0.0672442,1.00545
70,1.16421,0.41266,6,0.34,0.065579,0.888826
71,0.982165,0.391779,4,0.286667,0.0658377,0.905408
72,1.43029,0.416595,7,0.273333,0.0677702,0.744535
73,1.12725,0.417499,6,0.306667,0.0640476,0.961221
74,1.38401,0.416201,8,0.333333,0.0691262,1.0313
75,1.12875,0.410724,7,0.34,0.0663442,1.01242
76,1.37104,0.471417,8,0.653333,0.066954,1.03484
77,1.11834,0.393291,5,0.4,0.0679113,1.19259
78,1.21593,0.425985,7,0.313333,0.0655596,1.05745
79,1.08006,0.426963,7,0.42,0.0717892,1.09422
80,1.14037,0.392729,5,0.273333,0.0707875,1.18866
81,1.2805,0.4103,6,0.346667,0.067537,1.09305
82,1.23709,0.393489,7,0.3,0.0656173,0.985183
83,1.05513,0.399968,4,0.333333,0.0632322,0.947683
84,0.900229,0.409894,4,0.2,0.0673064,1.04108
85,1.15842,0.418118,5,0.393333,0.0658914,1.17884
86,1.10703,0.450304,5,0.473333,0.0658517,1.14545
87,1.33248,0.420572,7,0.62,0.0664307,1.27261
88,1.04242,0.404465,5,0.253333,0.0700835,1.39504
89,1.2515,0.446557,7,0.486667,0.0680999,1.22844
90,1.03426,0.42592,5,0.46,0.0672618,1.20552
91,1.27778,0.408195,7,0.353333,0.0680457,1.13998
92,1.03166,0.427154,5,0.466667,0.0682276,1.1943
93,0.929585,0.409419,5,0.653333,0.0664732,1.23584
94,1.01881,0.389814,5,0.5,0.0681564,1.42859
95,1.07387,0.423731,5,0.553333,0.0650198,1.31288
96,1.28389,0.440284,8,0.84,0.0687645,1.16963
97,0.888958,0.414396,4,0.433333,0.062789,1.1512
98,1.16111,0.448754,7,0.673333,0.0701623,1.14128
99,1.31103,0.403047,7,0.513333,0.0659038,1.05786
100,0.977011,0.40595,4,0.4,0.0647945,1.32129
101,1.20052,0.434071,6,0.426667,0.0669694,1.08683
102,1.22896,0.431449,6,0.546667,0.0615581,0.940682
103,1.23352,0.414593,6,0.56,0.06572,1.19963
104,1.06028,0.420737,5,0.4,0.0645807,1.19604
105,1.03377,0.427548,6,0.4,0.0683243,1.22632
106,0.981808,0.381371,5,0.373333,0.0674094,1.38381
107,0.881142,0.402731,4,0.26,0.0699747,1.32441
108,1.06439,0.394705,8,0.406667,0.0667412,1.20372
109,1.3506,0.401337,6,0.353333,0.0670752,1.15156
110,1.05315,0.410563,6,0.52,0.0698572,1.20275
111,0.847163,0.419968,5,0.36,0.063274,1.08947
112,1.13974,0.39093,7,0.433333,0.0668932,0.985073
113,0.973363,0.390521,4,0.266667,0.067234,1.24867
114,0.753434,0.36411,3,0.253333,0.0653339,1.35856
115,0.865465,0.375498,4,0.146667,0.0653247,1.25292
116,1.13446,0.448289,9,0.646667,0.0705196,1.28622
117,0.902259,0.389986,7,0.533333,0.0691559,1.64429
118,0.813732,0.380138,4,0.373333,0.0677402,1.59594
119,1.10687,0.405881,7,0.353333,0.0670362,1.25672
120,1.21388,0.41273,6,0.406667,0.0658015,1.4225
121,1.1263,0.407137,7,0.46,0.064268,1.40249
122,1.0773,0.412833,7,0.473333,0.0651775,1.3852
123,1.2365,0.431602,8,0.513333,0.0690911,1.53807
124,1.26616,0.4094,7,0.506667,0.0690755,1.47168
125,0.729068,0.392702,7,0.306667,0.0665611,1.18637
126,1.20371,0.385029,9,0.226667,0.0646354,1.05094
127,0.983032,0.382238,8,0.24,0.0705735,1.16473
128,1.48866,0.41857,9,0.36,0.0688973,1.27951
129,1.1679,0.444793,8,0.906667,0.0682779,1.39154
130,1.28312,0.416468,9,0.64,0.0640706,1.41349
131,0.950342,0.446134,7,0.573333,0.0690108,1.45266
132,1.29755,0.432389,8,0.7,0.0672189,1.60697
133,1.02863,0.416713,8,0.486667,0.0663738,1.31124
134,1.27314,0.424778,9,0.513333,0.0676333,1.30508
135,1.49772,0.43331,10,0.566667,0.0677024,1.37018
136,1.2297,0.42904,8,0.593333,0.0656883,1.30201
137,1.32092,0.417399,10,0.726667,0.0664442,1.41768
138,1.10918,0.395834,8,0.306667,0.0703644,1.30145
139,1.1117,0.457823,9,0.566667,0.0643578,1.14315
140,1.31084,0.430401,8,0.626667,0.0661332,1.49045
141,1.10748,0.427948,7,0.48,0.0661715,1.30575
142,1.43347,0.464422,8,0.566667,0.0693701,1.11645
143,1.53793,0.438597,10,0.646667,0.0663957,1.27935
144,1.51793,0.473384,10,0.9,0.069627,1.37507
145,1.30191,0.463392,8,0.7,0.0680994,1.48046
146,1.42073,0.450148,9,0.766667,0.0678418,1.34628
147,1.29192,0.432378,8,0.566667,0.0655141,1.2058
148,1.49441,0.451299,10,0.826667,0.0693923,1.40798
149,1.23355,0.416574,8,0.926667,0.0695341,1.76424
150,1.7479,0.447701,10,0.766667,0.0656297,1.39062
151,1.55076,0.49702,9,1.07333,0.0663896,1.32826
152,1.39206,0.413551,9,0.873333,0.0703269,1.49072
153,1.21411,0.445574,9,0.82,0.0707194,1.56372
154,1.41724,0.456789,9,0.853333,0.067724,1.32219
155,1.58893,0.423486,10,0.806667,0.0680268,1.25843
156,1.50562,0.493768,8,1.04,0.0661103,1.16888
157,1.50135,0.478252,9,1.02667,0.0675403,1.25162
158,1.25961,0.466914,7,0.886667,0.0667619,1.39344
159,1.66647,0.536305,10,1.42667,0.0679266,1.40828
160,1.3623,0.468089,9,1.10667,0.0689885,1.50121
161,1.56714,0.470432,9,0.98,0.0681115,1.43493
162,1.86898,0.513905,10,1.46667,0.0703554,1.63206
163,1.7352,0.510392,10,1.66,0.0680571,1.66582
164,1.33191,0.446466,8,0.853333,0.0656884,1.70399
165,1.63631,0.464634,9,1.25333,0.0672866,1.66223
166,1.61285,0.51042,9,1.10667,0.067912,1.37628
167,1.64282,0.508558,9,1.43333,0.0689446,1.32276
168,1.58617,0.445426,9,1.10667,0.0655716,1.61819
169,1.42832,0.49069,9,1.04,0.0681276,1.57769
170,1.18923,0.439457,7,0.74,0.0642929,1.5888
171,1.25895,0.430624,8,0.813333,0.066011,1.5559
172,1.64377,0.526195,9,1.65333,0.0678844,1.66132
173,1.43888,0.527628,8,1.38,0.062458,1.79374
174,1.77428,0.517804,10,1.40667,0.0693565,1.66128
175,1.51153,0.503682,10,1.06,0.0664886,1.51245
176,1.44137,0.464544,9,1.06,0.0657514,1.49201
177,1.49319,0.496775,9,1.16667,0.0667404,1.61937
178,1.527,0.480121,9,0.973333,0.0712437,1.62835
179,1.55838,0.48626,10,0.913333,0.0664956,1.25288
180,1.49101,0.495682,9,1.37333,0.0695718,1.58649
181,1.63097,0.471572,9,0.946667,0.0646031,1.4428
182,1.49548,0.467513,9,0.753333,0.0644907,1.61577
183,1.37139,0.496293,9,1.07333,0.0680879,1.53902
184,1.6009,0.47761,10,1.07333,0.068821,1.68792
185,1.66617,0.475502,10,1.08,0.0690734,1.88905
186,1.36238,0.492403,8,1.23333,0.0690929,1.91776
187,1.71878,0.499539,10,1.18667,0.0686752,1.56639
188,1.4261,0.455665,8,0.833333,0.0664748,1.6223
189,1.80717,0.475856,10,1.25333,0.0649588,1.81516
190,1.91706,0.52889,10,1.5,0.070125,1.60982
191,1.51112,0.462498,8,1.20667,0.0679286,1.80211
192,1.64832,0.469737,9,1.29333,0.0687906,1.68185
193,1.66025,0.501189,10,1.41333,0.0667336,1.63677
194,1.6189,0.470889,10,1.14667,0.0685882,1.7497
195,1.39595,0.46728,8,0.986667,0.0651084,1.56024
196,1.41717,0.47751,9,1.13333,0.0676107,1.5714
197,1.70751,0.502577,9,1.42667,0.0667747,1.75147
198,1.7174,0.533957,9,1.71333,0.0693823,1.79732
199,1.63626,0.557465,9,1.58667,0.064363,1.85641
200,1.87215,0.5277,10,1.75333,0.0703394,1.64618
201,1.39538,0.523485,9,1.62667,0.0684043,1.73992
202,1.728,0.493051,9,1.41333,0.0629886,1.52193
203,1.48178,0.485261,9,1.48667,0.0658309,1.88357
204,1.7734,0.525632,10,1.46667,0.0720722,1.91724
205,1.54515,0.518403,9,1.3,0.0667558,1.96196
206,1.50915,0.518047,9,1.29333,0.0672678,1.76514
207,1.7367,0.518157,9,1.39333,0.0686378,1.93394
208,1.49488,0.538667,10,1.62,0.0702346,1.92581
209,1.85381,0.616593,10,2.12667,0.0678219,1.83957
210,1.65686,0.528085,10,1.50667,0.0683718,1.84507
211,1.46684,0.507264,9,1.51333,0.0710215,1.85713
212,1.76025,0.526319,10,1.84,0.0665206,1.98969
213,1.63099,0.495991,10,1.4,0.0674717,1.97774
214,1.44937,0.517905,10,1.79333,0.0678756,2.03636
215,1.78186,0.540548,10,1.63333,0.0660127,1.91424
216,1.42814,0.500515,8,1.29333,0.0669963,1.97943
217,1.42727,0.495919,9,1.53333,0.0667993,2.13802
218,1.50474,0.48554,8,1.27333,0.0629142,2.1325
219,1.4362,0.498216,9,1.17333,0.0690989,2.38265
220,1.53717,0.537035,9,1.36667,0.0688356,2.21092
221,1.78779,0.548229,10,1.36667,0.0662752,1.81097
222,1.57924,0.521086,10,1.38667,0.0690632,2.0401
223,1.71712,0.58018,10,1.87333,0.0692605,1.87397
224,1.62324,0.558974,10,1.75333,0.0689911,2.16538
225,1.68583,0.525909,10,1.55333,0.0716104,2.24838
226,1.49438,0.55288,10,1.70667,0.0700168,1.94203
227,1.70385,0.546247,10,1.63333,0.070818,1.82854
228,1.55414,0.535006,9,1.70667,0.0688522,1.89889
229,1.66058,0.546348,10,1.7,0.0676815,2.00573
230,1.81013,0.592859,10,1.98667,0.0661878,1.92255
231,1.46875,0.46138,9,0.973333,0.066248,2.03993
232,1.74589,0.505314,10,1.2,0.0657288,1.69436
233,1.31912,0.477801,8,1.12,0.063861,1.76486
234,1.42395,0.454811,8,0.886667,0.0667204,1.78269
235,1.55401,0.500503,9,1.20667,0.0691824,1.89744
236,1.62744,0.524148,9,1.59333,0.0667864,2.00632
237,1.69965,0.498112,9,1.52,0.0663956,1.84374
238,1.85382,0.510925,10,1.70667,0.0691127,2.32878
239,1.70334,0.540312,9,1.65333,0.069903,2.25758
240,1.49405,0.480381,10,1.31333,0.0660458,2.34255
241,1.68692,0.544686,10,1.92667,0.0711061,2.32435
242,1.62603,0.541453,9,1.86,0.068784,2.29542
243,1.59777,0.596275,10,2.06667,0.0662501,1.90875
244,1.44724,0.514497,9,1.66,0.0673235,2.62934
245,1.56434,0.483168,10,1.23333,0.0652362,2.43071
246,1.77953,0.535233,10,1.73333,0.0692749,2.23614
247,1.3298,0.450209,7,1.38,0.0657801,2.5746
248,1.78626,0.508257,10,1.54,0.0658778,2.05988
249,1.62307,0.500046,10,1.69333,0.0724044,2.45865
250,1.70513,0.52941,10,1.58,0.068703,2.24505
251,1.6209,0.488774,9,1.44667,0.0643841,2.26843
252,1.48194,0.522489,9,1.66667,0.0692825,2.24957
253,1.73495,0.61935,10,2.17333,0.067924,2.03457
254,1.69727,0.54768,10,1.97333,0.0682379,2.58455
255,1.56981,0.489292,9,1.4,0.0672565,2.20589
256,1.50447,0.50263,8,1.23333,0.068407,2.15162
257,1.74926,0.539539,10,2,0.0676091,2.05639
258,1.63591,0.537272,9,1.64667,0.069305,2.3135
259,1.59552,0.495112,10,1.42,0.0661503,2.33133
260,1.40108,0.529462,8,1.32,0.0642575,2.07228
261,1.5531,0.488945,8,1.18667,0.0696545,2.16464
262,1.53471,0.514054,9,1.43333,0.0682175,2.14227
263,1.53083,0.513818,9,1.40667,0.0640212,2.09608
264,1.38495,0.457892,9,1.38667,0.06931,2.3474
265,1.64451,0.50992,10,1.44667,0.0670463,1.98305
266,1.55378,0.495895,9,1.33333,0.0664101,2.0953
267,1.51401,0.461236,9,1.16,0.0651476,2.096
268,1.71092,0.530001,10,1.73333,0.0713599,2.06664
269,1.61966,0.532274,10,1.42667,0.0676668,1.93423
270,1.59579,0.429038,9,1.12667,0.06498,2.06128
271,1.61763,0.473209,9,1.04,0.0675896,1.97197
272,1.30335,0.458388,8,0.84,0.0657293,2.03185
273,1.55183,0.516264,9,1.16667,0.0713374,1.87473
274,1.40701,0.48064,9,1.40667,0.0637141,2.03724
275,1.33127,0.509606,9,1.31333,0.0710675,2.06477
276,1.44741,0.471997,10,1.22,0.0711939,1.92176
277,1.19096,0.434797,7,0.926667,0.0651198,1.84557
278,1.53627,0.431413,10,0.853333,0.0681476,1.75891
279,1.03559,0.428886,10,0.913333,0.0671276,1.93602
280,1.19124,0.451741,8,0.833333,0.0667505,1.73894
281,1.62513,0.492815,9,1.11333,0.0709293,1.83308
282,1.30995,0.475357,8,1.1,0.065269,1.73901
283,1.2326,0.498884,8,1.11333,0.0643592,1.45086
284,1.21002,0.485658,7,1.31333,0.0698027,1.80043
285,1.28738,0.447147,8,0.973333,0.0678005,1.75229
286,1.3025,0.428563,9,0.806667,0.0688054,1.70686
287,1.62243,0.482192,9,0.84,0.0714609,1.99632
288,1.68428,0.468008,9,0.78,0.0680874,1.72733
289,1.18838,0.442868,6,0.7,0.0710554,1.87506
290,1.31856,0.437739,7,0.626667,0.0712328,1.89323
291,1.19186,0.44308,7,0.686667,0.0659506,1.66271
292,0.99756,0.40138,6,0.513333,0.0682482,1.68797
293,0.925431,0.453112,5,0.493333,0.064726,1.7795
294,1.48951,0.452381,8,0.833333,0.070172,1.76852
295,1.26019,0.466452,6,0.846667,0.0712911,1.55494
296,1.4991,0.460323,10,0.62,0.0681192,1.42886
297,1.32445,0.443847,7,0.62,0.0641947,1.50244
298,1.28154,0.448158,6,0.68,0.0684277,1.50606
299,1.3658,0.45317,8,0.806667,0.0667422,1.53777
300,1.18915,0.436184,6,0.446667,0.0645264,1.39709
301,1.10447,0.448737,9,0.48,0.0680179,1.48072
302,1.29204,0.449488,9,0.68,0.0659798,1.45047
303,1.29987,0.463761,7,0.52,0.0636467,1.24399
304,1.33199,0.466011,9,0.713333,0.0694456,1.27615
305,1.1283,0.463177,8,0.586667,0.0697932,1.39303
306,1.33155,0.430587,8,0.666667,0.06481,1.42283
307,1.06558,0.435508,6,0.48,0.0689407,1.47039
308,1.56683,0.457777,9,0.72,0.066003,1.17619
309,1.39563,0.43994,8,0.506667,0.0639572,1.20362
310,1.47523,0.459116,8,0.913333,0.0698564,1.75491
311,1.35346,0.507144,8,0.853333,0.0670564,1.49254
312,1.32691,0.445691,9,0.673333,0.0651969,1.5776
313,1.27838,0.465981,8,0.766667,0.0645994,1.28238
314,1.20092,0.481897,7,0.693333,0.0690074,1.40302
315,1.47305,0.467056,8,0.753333,0.0708545,1.32522
316,0.974323,0.419603,6,0.64,0.0670151,1.43232
317,1.30648,0.437238,8,0.653333,0.0695731,1.45247
318,0.956599,0.409504,6,0.56,0.0691427,1.10389
319,1.33614,0.447044,8,0.613333,0.0675965,1.12608
320,1.48389,0.441643,8,0.613333,0.065626,1.2324
321,1.37527,0.443428,8,0.686667,0.069415,1.25737
322,1.3733,0.47793,10,0.94,0.069059,1.38052
323,1.04897,0.41558,7,0.673333,0.0671191,1.31326
324,1.22244,0.447436,8,0.806667,0.0675764,1.36746
325,1.34398,0.489874,8,0.92,0.0707068,1.5942
326,1.34724,0.483009,7,0.846667,0.0669255,1.6228
327,1.43993,0.421065,8,0.933333,0.0674789,1.56193
328,1.0784,0.41046,8,0.64,0.0688877,1.43896
329,1.12793,0.429369,7,0.766667,0.0654754,1.49605
330,1.59724,0.505182,9,1.06,0.0647854,1.32428
331,1.4888,0.472651,9,0.946667,0.071546,1.44781
332,1.19487,0.491347,9,1.11333,0.0686672,1.57066
333,1.26409,0.419952,9,0.62,0.0665713,1.50117
334,0.907442,0.367115,4,0.286667,0.0626648,1.46572
335,1.09321,0.409807,6,0.566667,0.0673439,1.32311
336,1.21857,0.476044,9,1,0.0693119,1.55159
337,1.10126,0.394003,5,0.34,0.0634868,1.47288
338,1.53357,0.448695,8,0.546667,0.0659867,1.34788
339,1.0075,0.402966,6,0.46,0.066379,1.39785
340,1.24935,0.439106,9,0.926667,0.068535,1.71248
341,1.14242,0.418948,9,0.573333,0.0706439,1.63907
342,1.03512,0.408342,7,0.706667,0.0692714,1.6928
343,1.52086,0.456274,9,0.926667,0.0685559,1.72953
344,1.32057,0.444838,8,0.8,0.0665543,1.56001
345,1.199,0.430095,8,0.8,0.0678746,1.72281
346,1.14365,0.426426,6,0.693333,0.0694064,1.64151
347,0.982221,0.45446,7,0.76,0.0683499,1.60588
348,1.43872,0.410055,8,0.78,0.066745,1.73801
349,1.25958,0.465497,7,1.06,0.0640701,1.76403
350,1.21903,0.420926,9,0.746667,0.068627,1.82403
351,1.30098,0.472932,9,1.22667,0.0712114,1.63003
352,1.18424,0.472406,7,1.11333,0.0655862,1.58971
353,1.06482,0.434613,7,0.786667,0.0683049,1.7385
354,1.23422,0.434472,7,0.906667,0.0683283,1.79384
355,1.31912,0.447855,8,0.913333,0.0710399,1.80127
356,0.975383,0.406452,5,0.593333,0.066548,1.68264
357,1.51092,0.496449,9,1.12667,0.0675162,1.55034
358,1.13959,0.474539,6,0.826667,0.0682953,1.79204
359,1.30697,0.431163,8,0.753333,0.0657815,1.39401
360,0.965212,0.400951,4,0.413333,0.0666522,1.53572
361,1.14403,0.419393,6,0.573333,0.0681005,1.60718
362,1.15501,0.435088,7,0.7,0.0647911,1.49327
363,1.06693,0.412414,4,0.546667,0.0663905,1.63802
364,1.24584,0.423628,7,0.606667,0.0705649,1.64901
365,1.40977,0.492032,9,1.02,0.0693875,1.50941
366,1.17018,0.41592,7,0.746667,0.0705336,1.83738
367,1.07947,0.447471,7,0.82,0.067003,1.48525
368,1.09345,0.450708,6,0.66,0.069856,1.4564
369,1.31615,0.4198,8,0.52,0.0675204,1.45773
370,1.49901,0.450458,9,1.15333,0.0667341,1.46827
371,1.24185,0.492447,6,1.11333,0.0647963,1.57401
372,1.35112,0.532674,8,1.26667,0.0670123,1.56482
373,1.15145,0.399597,7,0.653333,0.0640156,1.81983
374,1.46097,0.457338,9,1.02667,0.0696461,1.99051
375,1.13596,0.421361,7,0.78,0.0663184,1.79246
376,1.12583,0.420646,7,0.68,0.0677445,1.70314
377,1.05095,0.411649,7,0.6,0.0680593,1.64771
378,1.45253,0.438002,9,0.946667,0.0678344,1.77055
379,1.11641,0.439749,6,0.56,0.0676122,1.57704
380,0.832323,0.401431,3,0.366667,0.0661043,1.72116
381,1.50865,0.465442,10,0.813333,0.0684777,1.60844
382,1.04237,0.40829,6,0.553333,0.0700818,1.75393
383,1.1854,0.423086,6,0.653333,0.0692969,1.58791
384,1.17761,0.445382,5,0.473333,0.0664717,1.54604
385,1.00482,0.417468,6,0.466667,0.0663738,1.58406
386,1.46568,0.432123,8,0.586667,0.0667085,1.5216
387,1.21998,0.445733,7,0.573333,0.0666889,1.5637
388,1.36034,0.434577,7,0.513333,0.0660872,1.47496
389,1.04819,0.45088,6,0.706667,0.0650136,1.40823
390,1.3342,0.478581,8,1.13333,0.0665217,1.5746
391,0.935124,0.412483,7,0.58,0.0658729,1.50174
392,1.22659,0.452695,6,0.753333,0.0688446,1.41382
393,1.459,0.478582,8,1.08667,0.0681074,1.61797
394,1.24722,0.418542,8,0.68,0.0682404,1.81186
395,1.40147,0.441454,8,0.86,0.0673632,1.45938
396,1.22673,0.431173,8,0.7,0.0668573,1.50926
397,1.23341,0.439072,8,0.753333,0.0726585,1.54137
398,1.16283,0.471985,6,0.493333,0.0640216,1.36806
399,1.32013,0.44913,7,0.706667,0.0675346,1.4181
400,1.08476,0.401499,7,0.486667,0.0734289,1.45188
401,1.22553,0.441652,8,0.66,0.0664127,1.25916
402,1.03178,0.410823,5,0.466667,0.0686416,1.44282
403,1.17284,0.434526,8,0.526667,0.0676232,1.37839
404,1.06712,0.439682,6,0.486667,0.0660967,1.23111
405,1.18373,0.391768,6,0.6,0.0675219,1.55059
406,1.11968,0.418623,6,0.62,0.0656348,1.45452
407,1.02258,0.434401,5,0.76,0.0662383,1.41981
408,1.20062,0.457517,7,0.846667,0.0678243,1.45564
409,1.29004,0.436206,7,0.64,0.065765,1.40627
410,1.15801,0.455861,5,0.68,0.0640869,1.43172
411,0.954834,0.435784,4,0.453333,0.0680613,1.51385
412,1.37342,0.450586,7,0.406667,0.070006,1.33306
413,1.43881,0.488933,8,1.00667,0.0645902,1.31709
414,1.06986,0.426902,4,0.453333,0.0656615,1.24572
415,1.38388,0.443456,7,0.626667,0.067919,1.24891
416,1.31958,0.475428,7,0.813333,0.069072,1.50879
417,1.38266,0.445336,9,0.733333,0.0683931,1.46922
418,1.37611,0.444666,8,0.773333,0.070816,1.51278
419,1.37213,0.488854,9,1.09333,0.0714244,1.66516
420,1.15984,0.474438,7,0.786667,0.0663122,1.83491
421,1.21602,0.462983,7,0.926667,0.0674999,1.66753
422,1.19523,0.442503,7,0.746667,0.0701311,1.702
423,1.2393,0.442277,7,0.773333,0.0639495,1.50414
424,1.18237,0.448729,6,0.853333,0.0700825,1.77171
425,1.19382,0.427705,5,0.68,0.0681391,1.69828
426,1.4489,0.443735,8,0.713333,0.0702301,1.29111
427,1.10673,0.441315,6,0.646667,0.0713093,1.70573
428,1.29037,0.434301,8,0.66,0.0676782,1.56062
429,1.01057,0.432028,5,0.573333,0.0630358,1.67494
430,1.16899,0.440968,6,0.473333,0.0683107,1.97263
431,1.63625,0.510676,9,1.10667,0.0684164,1.70468
432,1.44279,0.510119,7,1.12667,0.0683403,1.76428
433,1.05516,0.48935,6,1.10667,0.067652,2.02353
434,1.09623,0.483744,5,0.92,0.0683458,2.0087
435,1.25657,0.477685,7,1.15333,0.0714004,2.15658
436,1.65296,0.55126,9,1.57333,0.0653277,1.72434
437,1.14935,0.462171,6,0.566667,0.0674043,2.34769
438,1.64799,0.492634,9,1.14,0.0684197,2.11943
439,1.1838,0.49754,9,1.05333,0.0651676,1.93683
440,1.21532,0.49559,7,1.00667,0.0674378,1.75706
441,1.24825,0.478503,7,0.933333,0.0680385,1.72794
442,1.20743,0.519218,7,1.30667,0.0694148,2.09737
443,1.34084,0.517041,9,1.13333,0.0698693,1.98612
444,1.56463,0.537545,8,1.22,0.0676948,1.96928
445,1.16519,0.447377,6,0.873333,0.0678234,2.1564
446,1.28512,0.44239,9,0.753333,0.068426,2.04723
447,1.38353,0.492135,8,1.17333,0.0697829,1.90679
448,1.01878,0.435548,5,0.666667,0.0666854,2.25104
449,1.55543,0.489344,9,1.16667,0.068736,1.85069
450,1.34049,0.470176,8,0.84,0.0707955,1.82474
451,1.30129,0.499925,8,0.96,0.0682144,1.55755
452,1.4036,0.485577,8,0.94,0.0699201,1.91715
453,1.27091,0.481728,7,0.9,0.0681716,1.94121
454,1.16512,0.47041,5,0.773333,0.0654385,1.80191
455,1.4027,0.502337,8,1.01333,0.0674463,1.86453
456,1.07453,0.44741,6,0.686667,0.0714403,1.99306
457,1.02103,0.437302,5,0.52,0.0623045,1.54217
458,1.41354,0.470443,9,0.933333,0.0647866,1.90201
459,1.2084,0.433808,7,0.686667,0.0672381,1.89305
460,1.52595,0.499251,9,1.15333,0.0651757,1.44123
461,1.3348,0.456064,8,0.913333,0.0679788,1.89739
462,1.33011,0.442181,6,0.6,0.0641662,1.59021
463,1.24648,0.449316,6,0.693333,0.0672878,1.5838
464,1.12988,0.48102,6,0.733333,0.0683347,1.78953
465,1.33982,0.47222,7,0.913333,0.0717585,1.83432
466,1.35602,0.524575,8,1.17333,0.0675591,1.71455
467,1.11527,0.494339,6,0.966667,0.0674948,1.88235
468,1.345,0.517526,7,1.23333,0.0667257,1.81574
469,1.09018,0.484914,6,1.06,0.0687356,1.92228
470,1.31575,0.468511,8,0.926667,0.0679491,1.57892
471,1.13558,0.471662,6,0.78,0.0640947,1.82644
472,1.07957,0.452306,5,0.82,0.0655501,1.74662
473,1.06713,0.480333,8,0.953333,0.0710128,1.9631
474,1.35158,0.473262,7,0.946667,0.0679632,1.83552
475,1.20909,0.482765,7,0.92,0.0678382,1.81726
476,1.21437,0.531882,7,1.1,0.0661193,1.64972
477,1.16048,0.465704,6,0.926667,0.0668641,1.90676
478,1.2147,0.497483,10,1.22,0.0680057,1.72163
479,1.10998,0.480013,6,0.953333,0.06965,1.67551
480,1.24705,0.467129,8,0.906667,0.0668078,1.63883
481,1.1265,0.473482,6,0.793333,0.0659737,1.86357
482,1.17187,0.492901,7,0.84,0.0673088,1.78199
483,1.29093,0.474104,7,0.866667,0.06715,1.64016
484,1.25594,0.485046,7,0.966667,0.0699819,1.68919
485,1.21275,0.466379,7,0.666667,0.0692461,1.56333
486,1.46332,0.441618,7,0.493333,0.0699679,1.61943
487,1.36878,0.462994,8,0.693333,0.0652896,1.68661
488,1.2711,0.4919,7,0.986667,0.0669701,1.88465
489,1.22678,0.497686,6,0.926667,0.0643739,1.72159
490,1.16593,0.463198,6,0.886667,0.0661729,1.9391
491,1.17127,0.435578,7,0.626667,0.0668816,1.90885
492,1.25224,0.500326,7,0.893333,0.0670484,1.83947
493,1.19287,0.461036,6,0.633333,0.0664437,1.88676
494,1.59064,0.538883,9,1.22,0.0676273,1.67637
495,1.27458,0.534797,6,1.20667,0.0672037,1.69978
496,1.21133,0.467397,6,1.04667,0.0677923,1.87678
497,1.26505,0.486404,7,0.806667,0.0650558,1.62497
498,1.23553,0.501503,6,0.933333,0.0637252,1.62389
499,1.30246,0.495568,7,1.10667,0.0686546,1.7678
500,1.38498,0.546083,7,1.35333,0.0683337,1.80802
501,1.30344,0.520673,7,1.07333,0.0662732,1.60172
502,1.29853,0.540353,7,1.28,0.0660112,1.96121
503,1.28976,0.578566,7,1.46,0.068866,1.89956
504,1.38902,0.510588,8,1.39333,0.0663695,2.00968
505,1.50653,0.528469,9,1.3,0.0717403,1.87065
506,1.43224,0.52211,10,1.24667,0.0677513,1.79841
507,1.25822,0.52558,9,1.37333,0.0665868,2.01856
508,1.33154,0.482205,8,0.98,0.0687898,2.06034
509,1.40204,0.559722,9,1.72,0.0704695,2.31267
510,1.3096,0.520335,7,1.48,0.0680627,2.48761
511,1.29505,0.554304,8,1.79333,0.0687986,2.5351
512,1.49479,0.532678,9,1.94,0.0685386,2.45883
513,1.26501,0.514906,8,1.45333,0.0628739,2.24971
514,1.54998,0.590111,9,1.84667,0.0664061,2.06457
515,1.44302,0.553997,8,1.82667,0.0676616,2.65157
516,1.32528,0.524007,7,1.48,0.0667094,2.47915
517,1.29925,0.554026,7,1.45333,0.0646115,2.46383
518,1.43856,0.599266,9,2.21333,0.070796,2.39152
519,1.30169,0.605965,8,2.08667,0.0697888,2.87154
520,1.41284,0.562532,8,1.9,0.0666887,2.68962
521,1.32696,0.490737,8,1.08667,0.0730854,2.61595
522,1.37092,0.563783,8,1.64,0.0669441,2.3837
523,1.3517,0.526458,8,1.42,0.0673157,2.7326
524,1.43404,0.507557,9,1.4,0.0668529,2.82889
525,1.44864,0.544393,9,1.64667,0.0710883,2.85472
526,1.38795,0.569329,9,1.70667,0.0680902,2.58055
527,1.15715,0.494668,7,1.04,0.0688289,2.81599
528,1.33622,0.543442,9,1.24667,0.0709875,2.53757
529,1.25307,0.507384,8,1.26,0.0722684,2.58443
530,1.5759,0.565508,9,1.61333,0.0702165,2.45077
531,1.34202,0.517095,7,1.41333,0.0687352,2.6132
532,1.20519,0.532587,6,1.01333,0.0646446,2.20985
533,1.35401,0.54323,7,1.23333,0.0660172,2.39025
534,1.50444,0.534665,8,1.06667,0.0700572,2.44714
535,1.26154,0.467529,7,0.86,0.0680349,2.47154
536,1.39485,0.515841,7,1.17333,0.0671307,2.12355
537,1.20344,0.451489,6,0.986667,0.0642128,2.51008
538,1.33496,0.484838,8,1.24667,0.0677161,2.61055
539,1.48152,0.513819,8,1.22667,0.0712089,2.85369
540,1.71688,0.546287,9,1.38667,0.0710009,2.32831
541,1.63024,0.573916,9,1.86,0.0715946,2.32494
542,1.66619,0.5136,9,1.25333,0.0655151,2.21837
543,1.30974,0.479354,7,0.766667,0.0671399,2.14055
544,1.54055,0.483038,8,0.893333,0.0666067,1.92077
545,1.24499,0.450773,7,0.58,0.0676633,1.84403
546,1.2884,0.4899,8,0.766667,0.0694252,1.44114
547,1.31853,0.489068,6,0.733333,0.0672521,1.78535
548,1.09381,0.476551,6,0.613333,0.0683651,1.82239
549,1.43342,0.567984,8,1.31333,0.0690926,1.59768
550,1.52301,0.562709,8,1.28667,0.0687591,1.85664
551,1.54678,0.514329,9,1.11333,0.0663761,2.01333
552,1.43133,0.558907,9,1.24,0.068522,2.29286
553,1.19584,0.535726,6,1.1,0.0659295,1.84087
554,1.33398,0.525829,7,1.29333,0.0661014,2.06168
555,1.56555,0.498211,8,1.04667,0.0682578,2.1929
556,1.28166,0.512579,7,1.18667,0.0639579,2.0038
557,1.16976,0.451273,6,0.9,0.0674378,2.27249
558,1.37415,0.522392,8,1.42,0.0655677,2.12227
559,1.28789,0.499745,7,1.18,0.0676283,2.35383
560,1.36633,0.481532,9,1.12,0.0666875,2.13723
561,1.15748,0.475077,6,1,0.0649326,2.16446
562,1.5214,0.509692,9,1.14,0.0678021,2.16299
563,1.33868,0.49743,7,1.01333,0.0694708,2.1836
564,1.11866,0.472899,5,0.8,0.0667527,2.07873
565,1.07918,0.512652,7,1.08,0.0675724,2.11638
566,1.29149,0.476077,7,0.933333,0.067031,2.42308
567,1.47997,0.582683,8,1.7,0.070102,2.33168
568,1.1377,0.494306,6,0.806667,0.0678599,2.24261
569,0.971634,0.428335,5,0.713333,0.0645856,2.365
570,1.21855,0.484995,6,0.926667,0.063923,1.97177
571,1.51476,0.540318,9,1.3,0.0711442,2.20185
572,1.56549,0.545408,8,1.44667,0.0681773,2.13383
573,1.28727,0.479556,7,0.933333,0.0702271,2.31364
574,1.14272,0.454761,5,0.633333,0.0678351,2.29322
575,1.09812,0.453152,6,0.853333,0.0656464,1.88027
576,1.10838,0.46703,7,0.853333,0.0680284,1.78591
577,1.36918,0.480281,9,1.05333,0.0707771,2.16196
578,1.27103,0.474279,9,0.98,0.0694806,2.06619
579,1.32931,0.490031,8,1.04667,0.0643757,1.54026
580,1.50356,0.505777,9,1.28,0.0657588,1.829
581,1.53448,0.519079,9,1.36,0.0681901,2.00161
582,1.45577,0.534771,10,1.77333,0.070115,1.89753
583,1.3257,0.51418,8,1.52667,0.0660095,1.92424
584,1.07193,0.47282,7,1.1,0.0635377,1.96106
585,1.09429,0.509033,7,0.96,0.0713596,2.03244
586,1.06332,0.450418,8,0.866667,0.0659781,2.0143
587,1.02405,0.457908,7,0.933333,0.0689582,2.10165
588,1.35571,0.458023,8,0.96,0.0690602,2.30344
589,1.12277,0.473605,8,1.14,0.0689159,2.36108
590,1.39369,0.483207,9,1.26,0.0716847,2.43496
591,1.30292,0.47692,8,1.03333,0.0677703,2.23468
592,1.39616,0.469263,8,1.04667,0.0682931,2.02574
593,0.976777,0.47062,5,0.98,0.0669449,2.17707
594,1.35252,0.508875,8,1.16667,0.0678761,2.05258
595,1.27592,0.516,8,1.38667,0.0659916,2.07666
596,1.16429,0.478785,6,1.02,0.0672088,2.29613
597,1.21797,0.47815,7,1.22,0.0640007,2.04686
598,1.10503,0.432694,6,0.84,0.0660621,2.36946
599,1.43629,0.46638,9,1.12,0.0684679,2.1612
600,1.21173,0.45229,6,0.873333,0.0662254,2.20048
601,1.27571,0.481595,9,1.12667,0.0703489,2.31487
602,1.27457,0.460607,7,1,0.0659102,2.24129
603,1.00058,0.450729,6,0.713333,0.0663317,2.05226
604,1.2621,0.475252,7,1.14,0.0680298,2.35362
605,1.20744,0.504032,8,1.66667,0.0680103,2.21738
606,1.08524,0.453876,7,1.09333,0.0684362,2.28755
607,1.40446,0.494632,8,1.47333,0.0637876,1.97493
608,1.31859,0.439037,7,1.26,0.0665725,1.89378
609,1.26932,0.426829,8,0.713333,0.0659902,1.66816
610,1.14146,0.454588,7,0.753333,0.0653477,1.89349
611,1.40815,0.475362,9,0.966667,0.0666638,1.82755
612,0.99752,0.438219,8,0.56,0.0644237,1.86927
613,1.2882,0.432148,7,0.58,0.0672237,1.73398
614,1.40377,0.480755,9,1.00667,0.0693912,1.74548
615,1.36648,0.47414,8,0.846667,0.0695928,1.80958
616,1.16741,0.471799,7,0.553333,0.0682346,1.83505
617,1.2107,0.478087,6,0.8,0.0665232,1.86099
618,1.24866,0.475824,6,0.746667,0.0637206,1.62229
619,1.25671,0.452748,8,0.526667,0.0697896,2.1861
620,1.21691,0.452163,8,0.706667,0.0672563,1.7515
621,1.27465,0.477528,8,0.8,0.0676567,2.05492
622,1.23288,0.44288,6,0.586667,0.0685388,1.82376
623,0.965643,0.42379,4,0.366667,0.0662487,1.97149
624,1.02301,0.436295,5,0.426667,0.0657015,1.78047
625,1.00404,0.441711,7,0.78,0.0661715,1.6975
626,1.24497,0.444976,8,0.706667,0.0688012,2.03709
627,1.01792,0.477902,6,0.746667,0.0693091,2.19593
628,1.41441,0.453032,7,0.82,0.0679676,2.02102
629,1.21312,0.467766,7,0.613333,0.069173,2.1474
630,1.21047,0.486703,7,0.806667,0.0667862,2.1806
631,1.43143,0.502028,8,0.94,0.0702507,2.38343
632,1.16493,0.479082,8,0.693333,0.0665339,2.08829
633,1.3224,0.494688,6,0.933333,0.0634815,1.93698
634,1.27364,0.515938,6,0.926667,0.0653264,1.90138
635,1.16969,0.489969,7,0.793333,0.0679069,2.15476
636,1.17371,0.473232,6,0.82,0.0694418,2.16529
637,0.959068,0.460069,5,0.706667,0.0681528,2.01858
638,1.3189,0.447113,8,0.793333,0.0656693,1.8374
639,1.25304,0.454572,7,0.76,0.0689776,2.17048
640,1.11471,0.474795,7,1,0.0650096,2.05491
641,1.04348,0.446823,5,0.653333,0.0642036,2.09027
642,0.919328,0.422175,7,0.713333,0.0669582,2.13586
643,1.38628,0.470587,8,0.726667,0.0665689,1.80412
644,1.28844,0.524649,8,1.04667,0.0698817,1.7787
645,1.31775,0.500266,8,1.00667,0.0687968,2.01513
646,1.52042,0.549246,9,1.63333,0.0672705,2.09227
647,1.33346,0.505738,7,1.15333,0.0681281,2.15097
648,1.50847,0.494224,9,1.15333,0.0693358,1.86739
649,1.32923,0.505925,8,1.08667,0.070929,2.37024
650,1.12709,0.443254,5,0.466667,0.0666676,2.04212
651,1.47386,0.506782,9,1.01333,0.068791,2.00041
652,1.22944,0.517013,7,1.23333,0.0678416,2.23183
653,1.53734,0.564521,9,1.52,0.0677507,2.1644
654,1.3758,0.499084,8,1.18,0.0668077,2.33871
655,1.48778,0.488492,8,1.42,0.0706244,2.04302
656,1.17858,0.485993,8,0.973333,0.0701217,2.15534
657,1.69729,0.552807,10,1.58,0.0722735,2.0182
658,1.38962,0.502666,9,1.30667,0.0672261,2.15181
659,1.21686,0.516042,7,1.06667,0.0683069,2.22621
660,0.96728,0.460908,5,0.693333,0.0644404,2.08134
661,1.24653,0.500647,8,1.02,0.0660346,1.90605
662,1.10971,0.490377,6,1.06667,0.0644718,2.05175
663,1.30814,0.479741,7,1,0.0702935,2.03431
664,0.912447,0.429954,5,0.566667,0.0652072,2.04834
665,1.12036,0.470712,6,0.56,0.0634343,1.80747
666,1.29791,0.502351,8,1.12667,0.0662593,1.98841
667,1.39914,0.507133,8,1.28,0.0694898,1.9469
668,1.26557,0.521462,9,1.23333,0.0691935,1.8864
669,1.51829,0.500577,9,1.24667,0.0671143,2.13965
670,1.27113,0.479537,8,1.36667,0.0707742,2.54966
671,1.02595,0.484576,7,1.02,0.0642283,2.17527
672,1.28329,0.476443,8,0.88,0.0684505,2.1124
673,1.27511,0.492599,8,1,0.0708474,2.19545
674,1.49599,0.479462,9,0.9,0.0702518,2.27212
675,1.19137,0.472395,8,0.786667,0.0680564,1.92453
676,1.02526,0.442063,4,0.42,0.0652387,1.85114
677,1.01951,0.437864,6,0.586667,0.0664093,1.82197
678,1.30174,0.483273,7,0.82,0.0699187,2.00065
679,1.14802,0.425438,6,0.713333,0.0662923,1.89871
680,1.49418,0.461155,8,0.693333,0.0712724,1.83551
681,1.28132,0.47826,6,0.84,0.0728531,2.15639
682,1.5147,0.460781,9,0.973333,0.0707458,1.70226
683,1.43346,0.484576,8,1.02667,0.066822,1.64637
684,1.47206,0.45764,8,1.02667,0.067903,1.88303
685,1.37879,0.465099,8,0.793333,0.0629382,1.80068
686,1.19965,0.488851,8,1.1,0.0660842,1.84148
687,1.28371,0.466223,7,1.21333,0.0647612,2.01358
688,1.39486,0.559194,10,1.34,0.0679262,1.80895
689,1.40493,0.478327,8,1.1,0.069586,2.01373
690,1.52652,0.541054,10,1.19333,0.0696413,1.8798
691,1.11916,0.474674,6,0.893333,0.0647095,1.86275
692,1.59228,0.512332,9,1.26667,0.0693976,1.87378
693,1.34228,0.488017,9,1.18,0.0706453,2.01253
694,1.20261,0.502337,7,1.24,0.066007,1.80023
695,1.29499,0.504206,7,1.32667,0.0663179,1.9455
696,1.18035,0.426262,8,0.853333,0.0669596,2.09842
697,1.56772,0.504208,9,1.20667,0.0629493,1.92723
698,1.21285,0.474454,7,0.926667,0.069507,2.10554
699,1.43253,0.487594,8,1.21333,0.066792,2.19986
700,1.40551,0.456044,9,0.94,0.0663004,2.33304
701,1.18717,0.474706,6,0.846667,0.0657892,2.11338
702,1.23998,0.495081,7,1.12,0.0641526,2.0258
703,1.07608,0.457661,7,0.733333,0.0644293,2.17862
704,1.22829,0.485389,7,0.933333,0.063465,1.87072
705,1.44061,0.472705,8,0.86,0.0725881,2.22652
706,1.29703,0.450809,7,0.733333,0.0679459,2.11851
707,1.18058,0.445458,6,0.573333,0.0651034,2.03
708,1.24005,0.44973,8,0.966667,0.0713469,2.33222
709,1.23795,0.477859,8,1.06667,0.0679633,2.12279
710,1.24137,0.472328,6,0.98,0.0692416,2.11731
711,1.17866,0.408509,6,0.64,0.0690485,2.28577
712,1.11598,0.432012,6,0.78,0.0645787,2.19871
713,1.32383,0.477048,8,1.05333,0.0653619,1.92715
714,1.17772,0.459062,7,1,0.0664448,2.05044
715,1.11772,0.438929,6,0.746667,0.0662809,2.17715
716,1.19217,0.45503,6,0.993333,0.0699433,2.05595
717,1.25788,0.456036,7,1.09333,0.0654191,1.91314
718,1.3831,0.44463,8,0.913333,0.0689666,2.20505
719,1.40403,0.500652,9,1.2,0.0704368,2.22798
720,1.38481,0.510681,8,1.24667,0.0688699,2.30674
721,1.47286,0.475167,9,1.18,0.0671378,1.99797
722,1.22207,0.456126,7,0.926667,0.0698087,1.89199
723,1.07396,0.415906,8,0.646667,0.0700125,1.87744
724,1.0784,0.449025,7,0.886667,0.0675865,1.5897
725,1.14989,0.438109,8,0.826667,0.0681355,1.56604
726,1.06725,0.435089,7,0.56,0.064602,1.46098
727,1.06083,0.453165,6,0.54,0.0643311,1.28113
728,1.46889,0.466423,9,0.766667,0.0703759,1.84742
729,1.05968,0.444935,6,0.633333,0.0647707,1.67746
730,1.07247,0.421628,7,0.546667,0.0684876,1.80673
731,1.06465,0.445754,7,0.62,0.06795,1.8903
732,1.19735,0.421148,6,0.513333,0.0654681,1.62831
733,1.37536,0.431904,8,0.62,0.0663998,1.28334
734,1.04369,0.452035,7,0.66,0.0652638,1.54248
735,1.16263,0.417483,7,0.493333,0.0698956,1.6727
736,0.955682,0.439933,6,0.6,0.0669805,1.57017
737,1.13299,0.448127,5,0.493333,0.0697806,1.77345
738,1.01742,0.414163,6,0.433333,0.067052,1.83092
739,1.25245,0.42902,7,0.773333,0.0649767,1.58809
740,1.10391,0.442345,6,0.546667,0.0682015,1.6779
741,1.23076,0.448655,8,0.62,0.06676,1.22929
742,1.03812,0.409133,6,0.62,0.0699963,1.56252
743,1.28864,0.43149,6,0.54,0.0681519,1.55193
744,0.830744,0.424173,4,0.34,0.067676,1.64751
745,1.20766,0.414734,6,0.486667,0.0681519,1.55008
746,0.990615,0.418318,6,0.453333,0.0683753,1.63022
747,1.13883,0.432782,8,0.56,0.0700337,1.44408
748,0.997771,0.413341,6,0.353333,0.0680988,1.45549
749,1.31248,0.420307,7,0.446667,0.0683137,1.36717
750,1.27245,0.445678,7,0.586667,0.0677929,1.4317
751,0.995301,0.455762,6,0.566667,0.0700775,1.26155
752,1.02741,0.437895,6,0.366667,0.0688049,1.5169
753,1.11329,0.418553,6,0.42,0.0649431,1.36969
754,1.29465,0.437808,6,0.58,0.0655026,1.68456
755,1.02093,0.44278,5,0.62,0.0677651,1.70224
756,1.42952,0.413211,9,0.706667,0.066004,1.63379
757,1.27033,0.474139,6,0.846667,0.0671082,1.56528
758,1.09161,0.439813,7,0.64,0.0683007,1.57623
759,1.0674,0.446517,5,0.586667,0.065528,1.57754
760,0.991041,0.441203,6,0.64,0.0669601,1.60841
761,1.07304,0.441907,7,0.68,0.0664121,1.41491
762,1.1129,0.443569,5,0.773333,0.0657863,1.77773
763,1.10288,0.444278,7,0.733333,0.0654961,1.74639
764,1.35684,0.439469,7,0.713333,0.0687002,2.01219
765,1.08701,0.390368,8,0.506667,0.0671952,1.75396
766,1.2758,0.43631,7,0.793333,0.0668048,1.7141
767,1.4457,0.489119,8,0.82,0.0673644,1.5549
768,1.22156,0.471721,9,0.833333,0.0666928,1.64205
769,1.25495,0.490911,8,0.98,0.0684232,1.9839
770,1.571,0.499955,9,0.873333,0.0683272,1.86225
771,1.49121,0.464825,10,0.953333,0.0704589,1.73736
772,1.26826,0.474274,8,0.78,0.0677865,1.69413
773,1.14605,0.445106,8,0.78,0.0653162,1.6324
774,1.38556,0.417769,8,0.813333,0.0696197,1.65093
775,1.23783,0.466495,8,0.76,0.0701854,1.63904
776,1.06235,0.418112,5,0.626667,0.0685614,1.64223
777,1.28137,0.437745,7,0.673333,0.0683112,1.62651
778,1.40534,0.514274,10,1.14667,0.0675508,1.75039
779,1.40808,0.517116,8,0.946667,0.0673603,1.99809
780,1.27962,0.482557,8,1.06667,0.0707856,1.92915
781,1.4052,0.422148,8,0.853333,0.0654288,2.04885
782,1.50968,0.471427,9,1.02667,0.0708488,2.26476
783,1.24895,0.448213,7,0.72,0.0658771,2.02399
784,1.24935,0.458637,6,0.726667,0.0669767,1.94484
785,1.25304,0.451759,8,0.82,0.0648577,1.83886
786,1.2077,0.461916,7,1.02667,0.0694167,2.09806
787,1.23977,0.509424,7,1.31333,0.0706118,2.12568
788,1.17316,0.465899,6,0.933333,0.0666533,1.92585
789,1.08677,0.482336,9,1.07333,0.0689785,1.87503
790,1.12066,0.427364,6,0.586667,0.0637609,1.64008
791,1.15589,0.428942,8,0.773333,0.067847,1.78248
792,1.49724,0.507095,9,1.32667,0.0654594,1.83904
793,1.08804,0.455037,6,0.813333,0.0669661,1.73944
794,1.47064,0.48788,9,1.14,0.0681845,1.85988
795,1.06284,0.431017,6,0.833333,0.0680596,1.8657
796,1.38343,0.487663,8,1.16667,0.0666773,1.81613
797,1.39918,0.49341,8,1.36,0.0710955,1.84313
798,1.2123,0.503948,8,1.26,0.07005,1.92015
799,1.26817,0.487878,7,0.826667,0.0691699,2.03485
800,1.42226,0.510652,8,1.08667,0.0670934,1.88885
801,1.4941,0.475351,9,0.953333,0.0684339,2.09321
802,1.61442,0.542158,9,1.37333,0.0704101,2.05724
803,1.24621,0.475558,8,1.04667,0.0661431,2.35005
804,1.24609,0.47166,7,0.993333,0.0644407,1.63829
805,1.48361,0.471867,9,1.00667,0.0670621,1.80788
806,1.28671,0.488161,7,1.18667,0.0611827,1.82002
807,1.15185,0.452567,6,0.746667,0.0634933,1.83615
808,1.14523,0.433897,7,1.11333,0.0691289,2.22698
809,1.17883,0.435317,7,0.68,0.0700337,1.89203
810,1.17164,0.463881,7,0.826667,0.0634721,1.47091
811,1.15808,0.473402,8,0.713333,0.0668654,1.74586
812,1.44296,0.4673,8,0.946667,0.0671473,1.70036
813,0.878587,0.414637,4,0.38,0.0617872,1.64848
814,1.34234,0.483231,7,0.773333,0.0654715,1.53509
815,1.40446,0.483339,8,1.06667,0.0673594,1.93265
816,1.33002,0.485558,7,0.893333,0.0660694,1.97718
817,1.15056,0.447609,5,0.646667,0.06784,1.97445
818,1.06799,0.420903,6,0.573333,0.0645623,1.82194
819,1.11187,0.396834,5,0.673333,0.0674347,1.69595
820,1.13424,0.405232,7,0.613333,0.0685104,1.58924
821,1.28488,0.446139,7,0.586667,0.0665691,1.68475
822,1.5512,0.429703,9,0.826667,0.0677657,1.82347
823,1.18564,0.453346,7,0.893333,0.0672485,2.06528
824,1.31365,0.450637,7,0.94,0.0650985,1.87723
825,1.17751,0.468612,7,0.786667,0.0683369,1.99144
826,1.13976,0.501768,7,0.82,0.0653163,1.61638
827,1.11518,0.465502,6,0.933333,0.0647761,1.75303
828,1.02488,0.460992,6,0.74,0.0657065,2.1916
829,1.32489,0.490393,9,1.06,0.0665826,2.01638
830,1.42865,0.525844,8,1.27333,0.067177,2.08349
831,1.39655,0.488206,7,1.01333,0.0677145,1.85846
832,0.943481,0.457971,6,0.62,0.0649317,1.78265
833,1.22625,0.505021,7,0.913333,0.0686867,2.04295
834,1.11382,0.460158,7,0.72,0.0689322,2.02566
835,1.26756,0.43301,7,0.666667,0.0711311,1.97488
836,1.41488,0.50708,8,1.17333,0.0675061,1.94565
837,0.977622,0.438519,7,0.706667,0.0710774,2.49021
838,1.26672,0.508746,8,1.15333,0.0695985,1.99463
839,1.31914,0.510999,7,1.24,0.0664262,1.81665
840,1.4728,0.536618,9,1.57333,0.0715049,2.16641
841,1.21182,0.472485,8,1.02667,0.0694485,2.25325
842,1.24641,0.493772,6,1.11333,0.067235,2.23351
843,1.36353,0.528137,7,1.46,0.0670394,2.0986
844,1.08002,0.495012,6,1.13333,0.0676784,2.21975
845,1.06448,0.470398,6,1.04,0.064505,2.12854
846,1.49251,0.572714,10,1.70667,0.0677967,1.82821
847,0.973897,0.514786,5,1.12,0.0656085,2.45811
848,1.27863,0.490766,7,1.06667,0.0661285,2.32287
849,1.35864,0.560016,7,1.7,0.0688399,2.39052
850,1.17376,0.469586,9,1.22,0.0718179,2.55742
851,1.22635,0.455775,7,1.27333,0.0714291,2.53455
852,1.19213,0.496019,7,1.32667,0.0640688,2.41299
853,1.28167,0.538349,7,1.46667,0.067615,2.25874
854,1.3581,0.561367,8,1.74,0.0682616,2.28492
855,1.44889,0.55363,8,1.52667,0.0638893,2.40085
856,1.35258,0.539354,8,1.66,0.0688298,2.63401
857,1.14928,0.51313,7,1.44,0.0697728,2.71602
858,1.09046,0.450781,7,1.21333,0.0680619,2.54557
859,1.32551,0.51841,7,1.31333,0.0686156,2.30104
860,1.51043,0.521471,9,1.32,0.0699632,2.60549
861,1.47291,0.545943,9,1.76,0.0713139,2.3237
862,1.3113,0.563157,8,1.61333,0.0674841,2.24812
863,1.43215,0.532701,8,1.56667,0.0719463,2.33199
864,1.18795,0.449936,6,1.05333,0.0677418,2.18315
865,1.33942,0.512786,7,1.26,0.0685629,2.00557
866,1.26531,0.468226,8,1.18,0.0646032,2.17998
867,1.21639,0.531968,7,1.46667,0.0630142,1.93542
868,1.38469,0.546706,9,1.79333,0.067351,2.11703
869,0.973007,0.463537,5,1.18,0.0664879,2.19479
870,1.1816,0.489494,6,1.02667,0.0639698,2.10041
871,1.2224,0.515414,8,1.13333,0.0675854,2.04441
872,1.26603,0.524056,7,1.20667,0.0663326,2.52768
873,1.35529,0.483979,9,1.10667,0.0691508,2.25081
874,0.988101,0.518158,5,1.20667,0.066622,2.37587
875,1.35279,0.558971,10,1.70667,0.0714136,2.16499
876,1.15639,0.442409,8,0.933333,0.0649676,2.16657
877,1.31116,0.504937,7,1.06667,0.068084,2.00194
878,1.44561,0.484852,8,1.12,0.0663146,2.00949
879,1.65728,0.50642,9,1.44,0.0667048,1.97319
880,1.44275,0.483629,8,1.24667,0.0669572,1.96708
881,1.31881,0.518293,7,1.24667,0.0658232,2.08492
882,1.37602,0.544126,9,1.90667,0.0688964,2.2798
883,1.17065,0.49131,8,1.1,0.0685014,2.46005
884,1.41702,0.507526,7,1.16,0.068673,2.24819
885,1.29514,0.449113,7,1.17333,0.0675179,1.98339
886,1.16544,0.493694,8,1.22667,0.068195,1.96225
887,1.30818,0.522656,7,1.19333,0.0678459,2.14999
888,1.28664,0.500827,7,1.26667,0.0680047,2.05735
889,1.08312,0.444776,8,1.14,0.0700601,2.26525
890,1.23494,0.513827,7,1.16667,0.066429,1.89899
891,1.11649,0.472341,6,1.02,0.0666236,2.14255
892,1.36078,0.4914,7,1.20667,0.0698997,1.94312
893,1.04682,0.46497,6,0.673333,0.0638967,1.82849
894,1.34535,0.465577,7,0.826667,0.069545,1.99799
895,1.22391,0.446677,8,0.693333,0.069375,2.01074
896,1.11903,0.450802,6,0.713333,0.0679401,1.79771
897,1.10372,0.429936,5,0.606667,0.0650438,1.84135
898,1.14793,0.455098,8,0.913333,0.0679408,1.75153
899,1.04711,0.424859,7,0.666667,0.0700843,1.928
900,1.29787,0.425579,9,0.566667,0.0673114,1.72105
901,1.48944,0.483204,9,1.16,0.0680746,1.95892
902,1.24603,0.454087,8,0.88,0.0667998,1.99098
903,1.42971,0.447311,8,0.733333,0.0701754,1.8644
904,1.33127,0.508717,9,1.1,0.0702639,1.62952
905,1.44147,0.426727,10,0.806667,0.0687307,1.55526
906,1.24309,0.450936,8,0.82,0.0669373,1.55482
907,1.19344,0.446387,8,0.806667,0.0678949,1.39894
908,1.41059,0.439142,8,0.606667,0.0682314,1.32041
909,1.35237,0.41844,8,0.546667,0.066744,1.59977
910,1.55839,0.445951,8,0.6,0.0679124,1.30008
911,1.40861,0.448468,9,0.6,0.0691896,1.3709
912,1.30633,0.446294,10,0.706667,0.0679438,1.3966
913,1.31308,0.447304,8,0.66,0.0657406,1.4098
914,1.18822,0.429553,7,0.893333,0.0655052,1.54734
915,1.29786,0.456253,8,0.773333,0.0648035,1.56803
916,1.09628,0.429201,8,0.706667,0.0659826,1.49367
917,1.10788,0.449322,9,0.9,0.0650985,1.35079
918,1.11348,0.440791,8,0.826667,0.0684314,1.56225
919,1.42473,0.431672,10,0.8,0.0675762,1.35921
920,1.24453,0.432386,9,0.933333,0.0706319,1.39053
921,1.06361,0.412723,8,0.48,0.0633508,1.49686
922,1.3067,0.45502,9,0.76,0.06783,1.56519
923,1.50848,0.49967,9,0.966667,0.0685472,1.67039
924,1.38504,0.47617,9,0.853333,0.0670193,1.67248
925,1.70444,0.445549,10,0.673333,0.0683693,1.69693
926,1.63558,0.492335,9,1.14,0.0688194,1.59615
927,1.32145,0.469158,9,0.92,0.0682674,1.45289
928,1.33216,0.462959,9,0.906667,0.0677742,1.52221
929,1.4673,0.463012,10,0.913333,0.0635951,1.49602
930,1.42717,0.484712,9,1.3,0.0691523,1.56458
931,1.62311,0.456063,9,1.15333,0.067794,1.68005
932,1.43568,0.443355,9,0.793333,0.0680907,1.70489
933,1.56364,0.447008,10,0.866667,0.0670919,1.5142
934,1.80339,0.466486,10,1.08667,0.0693461,1.54984
935,1.65999,0.453455,10,1.13333,0.0664989,1.29413
936,1.37913,0.439998,7,0.953333,0.0676666,1.5678
937,1.44944,0.427217,9,0.993333,0.0646526,1.73938
938,1.67938,0.474679,10,1.45333,0.0684563,1.5779
939,1.54583,0.510746,8,1.36667,0.0712318,1.72725
940,1.63911,0.447383,9,0.953333,0.0668403,1.54156
941,1.62309,0.506939,10,1.30667,0.0681432,1.63484
942,1.63215,0.525318,10,1.36,0.0646148,1.68772
943,1.44967,0.497085,9,1.2,0.0682507,1.61565
944,1.72521,0.479525,10,1.08,0.0680126,1.78049
945,1.58726,0.492783,9,1.40667,0.0658813,1.7492
946,1.66948,0.524915,9,1.6,0.0680496,1.68395
947,1.81314,0.517599,10,1.52,0.0649241,1.90974
948,1.62779,0.587693,9,1.94667,0.0673892,1.87075
949,1.62412,0.549965,10,1.83333,0.0677652,2.03127
950,1.6228,0.557977,10,1.55333,0.0663864,2.08425
951,1.59603,0.518353,10,1.44,0.0679682,1.93895
952,1.41557,0.478837,9,1.30667,0.0658448,2.28384
953,1.63557,0.554897,9,2.12,0.0670167,2.14123
954,1.57291,0.524894,10,1.82,0.0711193,2.38833
955,1.64102,0.523909,10,1.70667,0.068789,2.19565
956,1.57374,0.55735,10,2.15333,0.0692415,2.35447
957,1.72004,0.511216,10,1.67333,0.0692176,2.18823
958,1.70281,0.463511,10,1.4,0.0662362,1.7962
959,1.56216,0.464022,9,1.2,0.0663904,2.05907
960,1.57815,0.513009,9,1.66,0.0711263,2.01509
961,1.67159,0.495529,9,1.47333,0.0642064,1.95694
962,1.77076,0.538821,10,1.72,0.0683735,1.54118
963,1.70096,0.494913,9,1.59333,0.066944,1.76166
964,1.64075,0.514245,10,1.46667,0.0673948,1.81844
965,1.58071,0.498011,10,1.50667,0.0665498,1.91464
966,1.61029,0.534178,10,1.54,0.0679419,1.86989
967,1.57199,0.509297,9,1.8,0.0663335,1.95311
968,1.58504,0.562805,10,1.98667,0.068449,1.92164
969,1.59367,0.492688,10,1.55333,0.0659943,2.02366
970,1.77067,0.501447,10,1.52667,0.0690959,2.10451
971,1.53596,0.469734,9,1.34,0.0645755,2.04344
972,1.58451,0.468648,9,1.44667,0.0683917,1.90209
973,1.67703,0.512568,10,1.52667,0.066103,1.95003
974,1.65092,0.481153,9,1.64667,0.064445,2.10559
975,1.49489,0.50063,8,1.09333,0.0654844,1.93905
976,1.72894,0.459026,10,1.08667,0.0692305,1.8983
977,1.27422,0.45779,8,0.9,0.0694948,2.00904
978,1.45109,0.460067,10,1.02,0.0662213,2.00258
979,1.46616,0.494998,9,1.22,0.0644735,2.01893
980,1.44152,0.512172,9,1.49333,0.069423,2.26847
981,1.48304,0.486126,9,1.29333,0.0668619,2.2574
982,1.39633,0.469832,9,1.36667,0.0673254,2.22718
983,1.53247,0.489326,10,1.49333,0.0691692,2.23412
984,1.36329,0.483663,8,1.30667,0.0657092,2.19808
985,1.47577,0.480314,8,1.26,0.0646331,1.8674
986,1.57834,0.477795,10,1.67333,0.0690966,2.01575
987,1.72249,0.532226,10,2.13333,0.0696096,2.08443
988,1.52036,0.484346,9,1.45333,0.0665744,2.11154
989,1.45357,0.440937,8,1.4,0.0657404,2.07005
990,1.61923,0.513564,10,1.43333,0.0685089,1.59368
991,1.38496,0.45041,8,1.12667,0.0661968,1.86279
992,1.6013,0.475932,10,1.30667,0.0695822,1.50576
993,1.69225,0.491426,10,1.3,0.0654801,1.51842
994,1.64337,0.505055,10,1.55333,0.0705846,1.82531
995,1.62994,0.519727,9,1.69333,0.0692797,1.66164
996,1.58582,0.584784,9,2.11333,0.0690363,1.98506
997,1.47212,0.489898,10,1.52667,0.0694631,2.05304
998,1.63344,0.497678,10,1.5,0.0647087,1.64006
999,1.49547,0.463973,8,1.09333,0.0671748,1.75646
1000,1.48783,0.484981,10,1.2,0.0658541,1.58797
