1,0.51166,0.175532,6,0.186667,0.0819673,1.07827
2,0.606097,0.241454,4,0.293333,0.0659361,1.06121
3,0.524045,0.288672,5,0.206667,0.0686668,0.942954
4,0.855744,0.283317,4,0.253333,0.068423,0.985887
5,0.616365,0.297281,3,0.193333,0.0685436,0.971267
6,0.660435,0.301744,4,0.166667,0.0676548,0.788873
7,0.711548,0.346112,5,0.193333,0.0665901,0.991658
8,0.707618,0.328087,2,0.08,0.067529,0.726707
9,0.79429,0.364376,4,0.153333,0.0706739,0.714329
10,0.661743,0.361482,2,0.08,0.0688628,0.696283
11,0.620862,0.351796,4,0.0866667,0.0658753,0.724073
12,0.622566,0.359993,8,0.126667,0.0651504,0.639105
13,0.651117,0.362172,5,0.146667,0.0668344,0.916806
14,0.67399,0.375583,4,0.0933333,0.0675695,0.929178
15,0.580844,0.362519,4,0.0466667,0.0739728,0.847336
16,0.73435,0.361681,2,0.0733333,0.0671718,0.928856
17,0.56996,0.351133,3,0.06,0.0669828,0.876153
18,0.633894,0.359516,3,0.0533333,0.0648267,0.850008
19,0.594717,0.379434,5,0.126667,0.068828,0.856328
20,0.559454,0.360817,3,0.08,0.0668864,0.965374
21,0.762522,0.376388,6,0.0866667,0.0653437,0.743265
22,0.653585,0.351918,2,0.04,0.0687259,0.862726
23,0.793086,0.382228,6,0.2,0.0684513,0.94636
24,0.765558,0.365704,4,0.166667,0.0669977,1.01846
25,0.89709,0.396238,6,0.173333,0.0661219,0.829881
26,0.708081,0.39268,6,0.16,0.0683675,0.951281
27,0.684623,0.368386,6,0.246667,0.0668826,1.02142
28,0.71031,0.374426,3,0.0933333,0.0660649,1.00142
29,0.968363,0.369048,5,0.166667,0.0665383,0.952683
30,0.760909,0.367431,5,0.166667,0.0670805,0.930547
31,0.697146,0.353171,6,0.113333,0.0670342,0.798003
32,0.591797,0.385626,3,0.0933333,0.0667836,0.935592
33,1.23003,0.408828,5,0.346667,0.0668736,1.18872
34,0.901502,0.371721,4,0.146667,0.0648757,1.11149
35,0.654042,0.375157,7,0.18,0.066519,0.953182
36,0.822787,0.402903,3,0.18,0.0678284,0.946036
37,0.726625,0.381029,3,0.16,0.0679752,0.959277
38,0.962271,0.384827,4,0.146667,0.0647663,0.964623
39,0.660679,0.400846,7,0.14,0.0662258,0.921695
40,0.930302,0.377982,5,0.193333,0.0682779,1.10962
41,0.808962,0.381288,3,0.133333,0.0679335,0.900845
42,0.958843,0.389861,6,0.206667,0.0666868,1.03536
43,0.93248,0.377298,6,0.24,0.0699467,1.14605
44,0.915812,0.393565,5,0.22,0.0681753,1.03351
45,1.03695,0.411506,4,0.32,0.0671936,1.10941
46,0.660989,0.377002,4,0.12,0.0657194,1.10106
47,0.987468,0.396154,5,0.306667,0.0646323,1.13072
48,1.18427,0.413246,6,0.453333,0.070358,1.34134
49,0.950602,0.39684,7,0.466667,0.0655136,1.56494
50,0.813162,0.413152,4,0.213333,0.0654122,1.15221
51,1.10703,0.432899,5,0.34,0.0651948,1.19069
52,1.67709,0.418155,9,0.34,0.0696571,1.37755
53,0.99982,0.435679,5,0.326667,0.0682298,1.31736
54,1.10272,0.43954,5,0.353333,0.0697252,1.17124
55,1.00455,0.399594,4,0.253333,0.0621761,1.16081
56,1.35562,0.420231,7,0.386667,0.068305,1.17871
57,1.31862,0.434306,6,0.426667,0.0661669,1.34939
58,1.23684,0.408519,6,0.406667,0.0643184,1.15192
59,1.03573,0.429746,5,0.426667,0.0682424,1.20004
60,1.06381,0.412174,7,0.32,0.0661732,1.1383
61,1.0752,0.410667,6,0.286667,0.0660026,1.11598
62,1.20861,0.437836,6,0.386667,0.0645601,1.12309
63,1.22644,0.426853,6,0.453333,0.0661697,1.25789
64,1.0124,0.407818,5,0.36,0.0644002,1.16313
65,1.33413,0.418665,7,0.393333,0.0670764,1.30035
66,0.998545,0.42325,5,0.513333,0.069815,1.40056
67,1.19666,0.447672,6,0.613333,0.0678111,1.15797
68,1.14148,0.410626,5,0.293333,0.067639,1.42616
69,1.02879,0.426837,4,0.32,0.0706454,1.34154
70,1.39293,0.484774,7,0.646667,0.0679095,1.26231
71,1.11777,0.438337,5,0.166667,0.0650097,0.973166
72,1.2698,0.447049,7,0.393333,0.0682266,1.15822
73,1.20365,0.43674,6,0.413333,0.0689046,1.21308
74,1.50031,0.418457,8,0.353333,0.0684512,1.0644
75,1.25329,0.461151,6,0.553333,0.0656058,1.18455
76,1.18973,0.448574,5,0.46,0.0685808,1.3268
77,1.05995,0.431189,8,0.453333,0.0671772,1.27556
78,1.02617,0.454005,8,0.653333,0.0696335,1.52182
79,1.19912,0.469777,6,0.746667,0.06654,1.33408
80,1.26711,0.453494,6,0.606667,0.0649889,1.28153
81,1.25597,0.421848,5,0.266667,0.0678512,1.19233
82,1.29653,0.464105,6,0.593333,0.0664796,1.06596
83,1.24235,0.477666,6,0.593333,0.0666632,1.11552
84,0.964431,0.437183,5,0.493333,0.0658301,1.15155
85,1.05854,0.429361,5,0.42,0.0703365,1.18763
86,1.07709,0.367524,5,0.26,0.0657411,1.26374
87,1.23619,0.399675,9,0.28,0.0678648,1.19171
88,1.18418,0.448619,8,0.5,0.0657304,0.962052
89,1.27654,0.43189,7,0.36,0.0644175,0.95037
90,1.59902,0.448627,9,0.386667,0.067558,0.873457
91,1.2047,0.421822,9,0.553333,0.0714407,1.02575
92,1.39991,0.438237,10,0.246667,0.065134,0.893878
93,1.24465,0.437221,9,0.36,0.0673486,1.04549
94,1.43715,0.427287,8,0.253333,0.0672921,1.15682
95,1.4139,0.390455,10,0.273333,0.0642866,0.990382
96,1.21177,0.412215,10,0.413333,0.0649664,0.969846
97,1.02697,0.391618,5,0.166667,0.0679862,1.00049
98,1.38022,0.41816,10,0.306667,0.0678961,0.884293
99,1.38027,0.38482,9,0.246667,0.0665496,0.924076
100,1.56437,0.406094,10,0.366667,0.0673942,1.04212
101,1.28333,0.438204,10,0.493333,0.0671176,0.973969
102,1.45672,0.390131,9,0.3,0.0673911,0.784738
103,1.20285,0.407201,10,0.26,0.0659709,0.790939
104,1.40612,0.449385,9,0.72,0.0707039,0.950374
105,1.26953,0.433879,8,0.56,0.0699019,1.02531
106,1.75679,0.452099,10,0.706667,0.0672373,0.989864
107,1.07048,0.422837,7,0.513333,0.0666883,1.1649
108,1.30626,0.430028,9,0.506667,0.0649778,1.1669
109,1.18857,0.448924,9,0.58,0.0667866,1.13004
110,1.3819,0.446221,10,0.493333,0.0698799,1.2896
111,1.53874,0.439307,9,0.52,0.0669949,1.3821
112,1.49055,0.450826,9,0.726667,0.0683335,1.4144
113,1.55141,0.452211,10,0.753333,0.0705923,1.45757
114,1.3424,0.453337,9,0.713333,0.0715254,1.51731
115,1.61935,0.482853,10,1.23333,0.0690725,1.29619
116,1.26244,0.449221,8,0.826667,0.067904,1.25345
117,1.47407,0.468442,9,0.626667,0.0667942,1.1118
118,1.66009,0.433655,10,0.58,0.0660174,1.11285
119,1.26708,0.450918,8,0.62,0.0670958,1.08539
120,1.35506,0.459846,9,0.573333,0.0668694,1.12718
121,1.442,0.430543,8,0.393333,0.0682805,1.1751
122,1.34258,0.439392,9,0.646667,0.0683803,1.15272
123,1.22953,0.434152,7,0.526667,0.0682286,1.31588
124,1.46627,0.42878,10,0.513333,0.0696519,1.45
125,1.2957,0.425816,8,0.513333,0.0640977,1.10618
126,1.50973,0.429826,10,0.566667,0.0692461,1.19627
127,1.19453,0.469622,7,0.506667,0.0657913,1.07619
128,1.13386,0.433835,8,0.466667,0.0701802,1.20109
129,0.977882,0.420066,8,0.353333,0.0645333,1.01796
130,1.44308,0.412988,8,0.373333,0.0682126,1.16704
131,1.25657,0.411187,6,0.233333,0.0703078,1.16339
132,0.98077,0.432225,8,0.32,0.0692618,1.12583
133,0.951382,0.426929,5,0.313333,0.0674481,1.0786
134,1.38755,0.472436,10,0.653333,0.0689962,1.20282
135,0.796525,0.406437,6,0.313333,0.0656917,1.22205
136,1.06037,0.426912,6,0.406667,0.0683635,0.968905
137,1.06626,0.425229,7,0.273333,0.0693137,0.987839
138,0.99709,0.436165,6,0.373333,0.0671891,1.00826
139,1.04848,0.436846,4,0.446667,0.0680932,0.986664
140,0.867481,0.42228,4,0.366667,0.0680226,1.07347
141,0.881045,0.425151,4,0.36,0.0674729,1.17269
142,0.935225,0.426186,5,0.413333,0.0671569,1.21365
143,0.710043,0.3925,2,0.186667,0.0683638,1.14542
144,0.912668,0.408092,4,0.346667,0.0661203,1.14431
145,0.816944,0.415233,3,0.266667,0.0678289,1.01615
146,1.11266,0.412304,6,0.4,0.0664156,1.17026
147,1.10861,0.457306,4,0.373333,0.0665661,1.07044
148,0.906402,0.442051,5,0.253333,0.0653408,0.986151
149,0.844203,0.425682,3,0.313333,0.0676258,1.1694
150,1.2125,0.462324,6,0.58,0.0678075,0.992471
151,1.14891,0.433136,8,0.506667,0.0666342,1.00388
152,0.755938,0.397954,4,0.353333,0.0697942,0.890624
153,1.07384,0.420038,5,0.34,0.0685183,0.946048
154,0.937071,0.402736,7,0.366667,0.0676971,0.972868
155,1.05358,0.412927,5,0.253333,0.0672552,1.05695
156,1.04961,0.419682,4,0.386667,0.0708954,1.01745
157,1.18286,0.429499,7,0.453333,0.0675241,1.16353
158,0.788202,0.397558,3,0.173333,0.0649438,1.07779
159,0.86038,0.393895,6,0.24,0.0689413,1.08775
160,0.648015,0.379953,5,0.206667,0.0688044,1.13703
161,1.05524,0.40848,5,0.306667,0.0697123,1.06142
162,1.20619,0.423118,6,0.426667,0.0666917,1.03759
163,0.759707,0.391647,4,0.133333,0.0691544,1.23661
164,1.03015,0.424533,5,0.286667,0.0659629,0.901406
165,1.05711,0.405062,4,0.333333,0.0656051,1.13148
166,0.940723,0.408776,6,0.38,0.0669918,1.10481
167,0.893073,0.42286,4,0.233333,0.0685668,1.142
168,0.950308,0.435805,3,0.4,0.0678319,1.20489
169,1.33023,0.446886,6,0.766667,0.0704299,1.17392
170,1.03359,0.431208,4,0.46,0.0683712,1.06121
171,0.930942,0.43449,4,0.386667,0.0680832,1.07895
172,1.06838,0.450441,4,0.46,0.0669002,1.08562
173,1.08086,0.429922,4,0.56,0.0663717,1.33614
174,0.84531,0.386574,4,0.246667,0.0656815,1.13013
175,0.839658,0.397442,3,0.166667,0.0648238,0.912918
176,1.25839,0.39608,6,0.426667,0.0662688,1.11379
177,1.07329,0.400826,4,0.286667,0.0658342,1.00758
178,1.13627,0.421468,7,0.386667,0.0713468,1.06045
179,1.0473,0.430358,5,0.56,0.0654059,1.00035
180,0.987286,0.422476,6,0.386667,0.0635368,1.01357
181,1.05613,0.410548,4,0.306667,0.0675086,1.10435
182,1.15859,0.432645,8,0.433333,0.0712052,1.35182
183,1.02523,0.416447,5,0.286667,0.0718651,1.30642
184,1.01719,0.442081,4,0.36,0.0680553,1.26753
185,1.1142,0.451408,5,0.486667,0.0657153,1.10296
186,1.36281,0.435469,6,0.386667,0.0663585,1.18287
187,0.830359,0.439047,3,0.246667,0.0639217,1.03417
188,1.11284,0.412156,6,0.433333,0.0641661,1.11017
189,1.00581,0.412327,4,0.353333,0.06966,1.2024
190,1.01525,0.416693,6,0.3,0.0682038,1.23472
191,1.01034,0.443884,3,0.346667,0.0692837,1.29039
192,1.08928,0.450181,4,0.42,0.0634376,1.21671
193,1.26444,0.470234,6,0.42,0.0696018,1.33905
194,1.09363,0.403606,5,0.186667,0.0688171,1.29167
195,0.75991,0.394274,5,0.133333,0.0625448,1.26806
196,0.835546,0.39986,3,0.173333,0.0686753,1.23156
197,1.1703,0.451052,5,0.36,0.0672804,0.922084
198,0.938158,0.428393,4,0.293333,0.0695359,1.22533
199,0.899478,0.408035,5,0.173333,0.069047,1.1578
200,0.911041,0.433137,4,0.206667,0.0669032,1.2111
201,0.737209,0.401705,7,0.213333,0.0689351,1.28543
202,1.04877,0.450782,4,0.253333,0.0733276,1.23259
203,0.852021,0.392414,4,0.246667,0.0631728,1.17925
204,1.00944,0.422533,7,0.306667,0.0679918,1.25104
205,0.8583,0.413136,4,0.113333,0.065938,0.991024
206,0.835268,0.436038,5,0.12,0.0685513,0.861883
207,1.01329,0.444226,6,0.24,0.0684584,1.02565
208,0.960321,0.419292,5,0.226667,0.0696269,1.19769
209,0.919325,0.432689,4,0.173333,0.0681479,1.13248
210,0.808572,0.401215,5,0.08,0.0661832,0.909043
211,0.875188,0.430404,4,0.213333,0.0688203,0.917067
212,0.91325,0.415766,3,0.153333,0.0684599,1.11823
213,0.98894,0.409821,4,0.153333,0.0688577,0.992906
214,0.852263,0.409418,3,0.14,0.0651998,0.984361
215,0.886289,0.443062,4,0.126667,0.068332,1.06447
216,0.808062,0.402926,3,0.1,0.0672335,0.997946
217,0.772847,0.405249,4,0.12,0.0669953,0.917653
218,1.12086,0.408495,5,0.193333,0.065734,1.10704
219,0.942916,0.418128,4,0.206667,0.0697158,1.11876
220,0.929252,0.412189,5,0.146667,0.0703819,1.10759
221,0.714178,0.413667,4,0.0866667,0.0670804,1.00316
222,0.974434,0.404869,6,0.273333,0.0674657,1.14949
223,0.783915,0.398432,2,0.113333,0.069599,1.04604
224,1.00905,0.403721,5,0.186667,0.0681327,1.1295
225,0.967119,0.408741,6,0.266667,0.0695671,1.04132
226,0.962239,0.418178,6,0.326667,0.0686088,1.14101
227,0.992743,0.403661,5,0.186667,0.0665209,1.069
228,0.645171,0.402777,3,0.126667,0.0691691,1.19159
229,1.43139,0.403378,7,0.32,0.071341,1.28987
230,0.975942,0.434055,5,0.166667,0.069234,1.22388
231,1.18976,0.448839,9,0.5,0.0682468,1.16499
232,1.04148,0.414479,7,0.42,0.0712257,1.35091
233,1.13189,0.456631,7,0.393333,0.0675244,1.30404
234,0.760943,0.442724,5,0.16,0.0632591,1.22663
235,0.820041,0.414866,4,0.226667,0.0686611,1.2186
236,1.10615,0.42848,6,0.38,0.0674052,1.30128
237,1.0509,0.414126,6,0.473333,0.0657407,1.38316
238,1.33495,0.426862,10,0.433333,0.0672107,1.25079
239,1.45948,0.437077,9,0.253333,0.0667691,1.1534
240,1.24251,0.42464,7,0.273333,0.0683291,1.22757
241,1.2238,0.443961,9,0.346667,0.0692648,1.24031
242,1.43178,0.443886,8,0.393333,0.0673982,1.20548
243,1.12409,0.440595,7,0.34,0.0715075,1.47544
244,1.12737,0.464257,8,0.413333,0.066609,1.56617
245,1.25401,0.453064,9,0.273333,0.0678492,1.44361
246,1.18032,0.446697,9,0.506667,0.0695171,1.43554
247,1.27274,0.424794,7,0.26,0.0686561,1.35487
248,0.928388,0.427152,5,0.313333,0.0697576,1.40706
249,0.872356,0.430813,5,0.233333,0.0655506,1.4434
250,0.843189,0.436963,4,0.18,0.0680869,1.48464
251,1.01842,0.452922,4,0.313333,0.0646022,1.17859
252,1.07128,0.440029,6,0.46,0.0727503,1.52044
253,1.24295,0.462791,7,0.533333,0.0729375,1.3674
254,0.755778,0.398455,3,0.106667,0.0630183,1.23123
255,0.914215,0.446108,6,0.3,0.0665388,1.14609
256,1.12893,0.464878,5,0.373333,0.06851,1.33699
257,0.82448,0.43636,6,0.306667,0.0679767,1.35656
258,1.11044,0.416666,5,0.386667,0.070867,1.41465
259,1.25551,0.473305,5,0.486667,0.0697728,1.22452
260,1.08666,0.454252,4,0.393333,0.0639251,1.18837
261,1.06533,0.425303,6,0.446667,0.0674951,1.4109
262,0.96535,0.431838,5,0.46,0.0684072,1.63705
263,1.14219,0.432501,7,0.386667,0.0678803,1.6471
264,1.14569,0.416588,6,0.42,0.0696907,1.47104
265,0.950497,0.44251,4,0.46,0.0684379,1.56256
266,0.976953,0.428696,6,0.44,0.0695312,1.49528
267,0.965253,0.455289,5,0.386667,0.068965,1.42564
268,1.0803,0.435692,6,0.313333,0.0674823,1.35444
269,0.989359,0.466933,6,0.4,0.0637808,1.30985
270,1.372,0.467465,8,0.586667,0.0687823,1.72233
271,1.13005,0.436767,6,0.446667,0.0639952,1.44176
272,1.21212,0.448077,7,0.493333,0.0624457,1.44467
273,1.07277,0.458415,6,0.52,0.0684836,1.54287
274,1.05537,0.448674,5,0.646667,0.0673873,1.84022
275,1.08042,0.458452,8,0.753333,0.0689201,1.83904
276,1.32484,0.490135,8,0.733333,0.0678549,1.72309
277,1.05609,0.46045,5,0.513333,0.0675326,1.67596
278,1.52046,0.481474,7,0.633333,0.0693423,1.54411
279,1.20747,0.480601,7,0.533333,0.0670274,1.47588
280,1.30145,0.478557,7,0.586667,0.0674711,1.50515
281,1.03046,0.449081,5,0.553333,0.070573,1.50749
282,1.27423,0.46098,7,0.54,0.0655585,1.30072
283,1.24904,0.472888,9,0.48,0.0668164,1.43125
284,1.1921,0.407149,6,0.28,0.0662539,1.37853
285,1.05127,0.458718,7,0.58,0.0665936,1.40471
286,1.05603,0.436723,5,0.286667,0.0667258,1.1887
287,1.23497,0.466753,6,0.493333,0.070123,1.57291
288,1.17431,0.468873,7,0.566667,0.0659862,1.41804
289,0.85433,0.426505,5,0.36,0.0675299,1.62758
290,1.3922,0.479723,9,0.64,0.0715536,1.47435
291,1.19145,0.431147,5,0.366667,0.0661929,1.61701
292,1.22505,0.405051,6,0.346667,0.0646271,1.48104
293,1.09613,0.457849,6,0.5,0.0681749,1.35079
294,1.02633,0.431567,5,0.313333,0.0651828,1.34818
295,1.07656,0.439943,5,0.386667,0.0673447,1.41545
296,0.900599,0.451361,4,0.433333,0.0662641,1.27762
297,1.08057,0.417001,7,0.226667,0.0650053,1.26548
298,1.29918,0.411064,6,0.34,0.0681462,1.46197
299,1.00524,0.424727,6,0.313333,0.0707699,1.60073
300,0.875918,0.43928,4,0.306667,0.0675849,1.46897
301,0.969152,0.426852,5,0.366667,0.0665827,1.44193
302,1.30723,0.447724,7,0.64,0.0699318,1.6539
303,1.02045,0.443526,7,0.5,0.0679191,1.48527
304,0.953172,0.42073,4,0.42,0.0695936,1.57297
305,1.16913,0.461268,5,0.733333,0.0661249,1.37313
306,0.92373,0.410276,4,0.34,0.0665632,1.42299
307,0.854166,0.393222,4,0.213333,0.0700915,1.41648
308,0.868407,0.376299,6,0.306667,0.0650687,1.37803
309,1.1759,0.426148,5,0.433333,0.0688648,1.41714
310,1.01935,0.434094,6,0.466667,0.0662207,1.41272
311,1.17156,0.415421,5,0.393333,0.0624237,1.28202
312,1.35421,0.43027,10,0.426667,0.06435,1.31828
313,1.08188,0.419085,5,0.273333,0.0686403,1.33726
314,0.810016,0.404304,6,0.413333,0.0699312,1.49363
315,1.04489,0.396229,6,0.146667,0.0668469,1.27754
316,1.2472,0.417731,6,0.326667,0.0683278,1.30562
317,1.10574,0.431145,8,0.52,0.0700953,1.35001
318,1.02569,0.406584,4,0.253333,0.0686417,1.34158
319,0.865028,0.408946,5,0.333333,0.06728,1.46184
320,1.17483,0.3987,7,0.506667,0.0686346,1.36968
321,0.959227,0.377494,5,0.413333,0.0694514,1.48168
322,1.07381,0.370067,5,0.493333,0.0675692,1.53072
323,0.942896,0.391804,4,0.3,0.0687693,1.38712
324,1.05044,0.428383,6,0.386667,0.0690681,1.35331
325,0.949837,0.409433,5,0.366667,0.0658006,1.36478
326,1.1266,0.424247,5,0.36,0.0668462,1.49359
327,1.28543,0.448187,7,0.613333,0.0700296,1.49773
328,1.06624,0.422388,5,0.553333,0.0690969,1.57952
329,0.992397,0.417168,6,0.433333,0.0648808,1.4159
330,1.08927,0.407157,7,0.466667,0.0687171,1.52275
331,1.05177,0.399285,4,0.286667,0.0672357,1.35395
332,1.20305,0.446848,6,0.373333,0.0650891,1.23647
333,1.32752,0.431766,7,0.466667,0.0663909,1.39111
334,1.19978,0.454235,9,0.693333,0.0705078,1.45174
335,1.25848,0.399205,6,0.42,0.0687311,1.51373
336,0.883573,0.383451,5,0.34,0.0648105,1.429
337,1.12388,0.399043,5,0.213333,0.0683062,1.34716
338,1.17454,0.40851,5,0.3,0.0635378,1.24816
339,1.18306,0.427121,5,0.36,0.0710891,1.33211
340,0.924874,0.40668,6,0.286667,0.0705627,1.33688
341,1.31439,0.447165,6,0.406667,0.0709886,1.20163
342,0.843246,0.396984,4,0.22,0.0683348,1.33358
343,0.997576,0.388858,8,0.266667,0.0704139,1.40259
344,0.934863,0.412134,5,0.26,0.0654474,1.18718
345,1.13744,0.42562,5,0.38,0.0663359,1.22203
346,0.964952,0.418195,3,0.173333,0.0653641,1.26109
347,0.963165,0.42256,3,0.24,0.0703723,1.46097
348,1.16486,0.430111,5,0.493333,0.0667945,1.25831
349,1.03289,0.394216,4,0.286667,0.0648678,1.36837
350,1.09002,0.40989,5,0.413333,0.0705356,1.2167
351,0.968535,0.41659,5,0.34,0.0664056,1.09844
352,1.15607,0.437906,7,0.4,0.0653955,1.10169
353,0.87685,0.396,6,0.293333,0.0659476,1.33021
354,1.04977,0.413625,5,0.36,0.0708153,1.33002
355,1.12794,0.444639,7,0.586667,0.0686108,1.35025
356,0.941071,0.416851,3,0.266667,0.0632301,1.15178
357,1.18257,0.418096,6,0.433333,0.0691968,1.23138
358,0.932281,0.386334,4,0.213333,0.0670204,1.17075
359,0.920203,0.390126,5,0.3,0.0694721,1.31069
360,0.892292,0.406897,3,0.14,0.0662149,0.968319
361,0.916274,0.37896,4,0.226667,0.063217,1.19767
362,0.821572,0.397326,5,0.26,0.0678904,1.20194
363,0.920191,0.41299,7,0.353333,0.066235,1.12911
364,1.2915,0.43552,9,0.28,0.0690644,1.10916
365,1.07608,0.441279,6,0.273333,0.0652406,1.10714
366,1.37362,0.449477,8,0.466667,0.0723484,1.21128
367,1.02475,0.431219,6,0.533333,0.0642159,1.40641
368,1.07628,0.403284,7,0.526667,0.0710899,1.58516
369,1.25412,0.427139,8,0.573333,0.0694677,1.43927
370,1.25067,0.428452,7,0.5,0.0677234,1.50799
371,1.00733,0.436224,7,0.46,0.0666733,1.3295
372,1.01408,0.434051,8,0.56,0.0671962,1.364
373,1.21585,0.446569,6,0.553333,0.0707103,1.42898
374,1.28354,0.389598,8,0.58,0.0673327,1.55658
375,0.922276,0.410001,8,0.36,0.067822,1.54793
376,0.94725,0.407184,6,0.4,0.0645376,1.56644
377,1.01139,0.403686,5,0.213333,0.0651459,1.24625
378,1.0424,0.435075,6,0.246667,0.069348,1.26116
379,1.13837,0.403801,7,0.426667,0.0694897,1.52871
380,1.34196,0.397039,8,0.473333,0.0678651,1.55235
381,1.46698,0.475414,9,0.666667,0.0700272,1.50075
382,1.36899,0.408062,8,0.466667,0.0688851,1.47012
383,1.10491,0.419242,6,0.253333,0.0632719,1.41505
384,1.10707,0.414681,7,0.3,0.0676784,1.57639
385,1.09687,0.428337,7,0.346667,0.0682755,1.65287
386,1.16814,0.400982,5,0.3,0.0675744,1.76597
387,0.883238,0.413536,4,0.32,0.0655584,1.50165
388,1.0044,0.414375,5,0.453333,0.0704794,1.44344
389,0.922855,0.409865,5,0.326667,0.068714,1.51999
390,1.09658,0.425592,8,0.386667,0.0699998,1.61337
391,0.83465,0.419257,4,0.393333,0.0684247,1.68028
392,1.11378,0.441549,7,0.386667,0.0671093,1.32942
393,1.15113,0.435942,8,0.446667,0.0657413,1.23617
394,1.09006,0.427234,8,0.313333,0.0690039,1.31735
395,1.1455,0.412245,6,0.306667,0.0685046,1.58751
396,0.957397,0.418405,7,0.293333,0.0661209,1.44313
397,0.92843,0.411039,5,0.14,0.0683782,1.46314
398,0.978734,0.41467,4,0.146667,0.0659977,1.49266
399,0.972253,0.434101,6,0.253333,0.0687902,1.47521
400,0.858421,0.432238,4,0.153333,0.0676139,1.34422
401,1.03086,0.437747,5,0.213333,0.0654508,1.33867
402,1.05792,0.427159,5,0.326667,0.0670531,1.18821
403,1.04606,0.411324,6,0.34,0.0650384,1.49851
404,1.07507,0.435747,5,0.32,0.0667418,1.37251
405,1.34582,0.432388,7,0.353333,0.0700716,1.51565
406,0.974723,0.425268,4,0.246667,0.0631685,1.14702
407,1.03828,0.432552,6,0.166667,0.0679876,1.18903
408,0.859835,0.420662,5,0.193333,0.0639267,1.19456
409,0.799663,0.424706,6,0.253333,0.0662769,1.31828
410,1.01241,0.412536,5,0.173333,0.0677766,1.12263
411,0.785249,0.395734,3,0.1,0.0675452,0.954272
412,0.963147,0.423586,4,0.146667,0.0678226,1.02011
413,0.633017,0.401708,4,0.113333,0.0661677,0.902481
414,1.06668,0.428143,5,0.14,0.0687406,1.057
415,0.9899,0.417202,7,0.32,0.0678374,0.927374
416,0.895545,0.444316,7,0.3,0.0703576,0.987468
417,1.38004,0.437134,6,0.313333,0.0678949,1.0105
418,0.764773,0.419097,7,0.253333,0.0699373,1.07068
419,1.17136,0.436154,7,0.333333,0.0675084,1.13668
420,1.01665,0.433465,5,0.253333,0.0655592,1.11258
421,0.902814,0.419451,7,0.26,0.0680177,1.0188
422,1.32625,0.455797,8,0.333333,0.0683808,1.1097
423,1.04903,0.418189,6,0.306667,0.0693257,1.13271
424,1.23409,0.423402,7,0.36,0.0685276,1.18268
425,1.05996,0.435725,6,0.293333,0.0701999,1.15567
426,1.06593,0.43322,9,0.46,0.0684068,1.16612
427,1.18312,0.41913,6,0.253333,0.0707045,1.08993
428,0.701689,0.382097,7,0.2,0.0643803,0.972688
429,0.942724,0.4069,6,0.26,0.0673396,1.08044
430,0.880439,0.422016,5,0.206667,0.065962,1.04003
431,0.749151,0.401457,5,0.166667,0.067741,1.10949
432,0.831477,0.415437,8,0.246667,0.067345,1.00002
433,1.06379,0.45166,7,0.453333,0.070039,1.25415
434,1.06634,0.418023,9,0.326667,0.0666509,1.21202
435,1.15132,0.445552,8,0.453333,0.0712835,1.16593
436,1.00873,0.419723,7,0.273333,0.067614,1.15617
437,1.05531,0.434423,7,0.453333,0.0710111,1.05862
438,1.34667,0.390929,6,0.286667,0.0665395,1.22002
439,1.31854,0.403909,6,0.306667,0.0634393,1.1321
440,0.990455,0.378343,5,0.18,0.0651128,1.03875
441,1.12293,0.411209,9,0.22,0.07314,0.821903
442,0.719923,0.372587,4,0.293333,0.0656521,1.08647
443,1.04523,0.397467,5,0.233333,0.0693879,1.04221
444,1.04414,0.396954,5,0.353333,0.0632536,1.1902
445,1.00646,0.426065,6,0.546667,0.0651815,1.30231
446,1.15927,0.423146,7,0.553333,0.0689251,1.41724
447,1.07444,0.410553,5,0.346667,0.064453,1.25497
448,1.05623,0.416357,5,0.426667,0.0673161,1.55176
449,1.61997,0.435943,8,0.406667,0.0673913,1.40058
450,1.06699,0.418608,6,0.46,0.0662629,1.49245
451,1.47436,0.420248,7,0.433333,0.0695955,1.58581
452,1.58286,0.444547,9,0.486667,0.0677177,1.41181
453,1.03875,0.431428,6,0.486667,0.067825,1.43281
454,1.19481,0.448521,7,0.46,0.0673791,1.28436
455,1.41984,0.421498,8,0.48,0.0711486,1.47827
456,1.20815,0.429877,6,0.533333,0.0658187,1.42874
457,1.14817,0.452535,6,0.466667,0.0667662,1.26433
458,1.21647,0.441707,7,0.486667,0.0692046,1.46882
459,1.28086,0.417153,6,0.313333,0.0686971,1.38233
460,1.12045,0.421384,6,0.54,0.070838,1.39044
461,1.26527,0.4309,8,0.553333,0.0679184,1.31757
462,1.27941,0.469075,6,0.693333,0.0667999,1.37554
463,1.43136,0.400501,7,0.486667,0.0714957,1.46918
464,1.31993,0.399196,6,0.466667,0.0688157,1.48537
465,1.11886,0.403397,5,0.3,0.0667456,1.28647
466,1.37984,0.452279,7,0.426667,0.0624858,1.19816
467,1.17931,0.435745,7,0.486667,0.0718239,1.40956
468,1.27211,0.443906,6,0.553333,0.0700955,1.40498
469,1.60066,0.451824,9,0.733333,0.0721561,1.46351
470,1.53601,0.424589,9,0.706667,0.068261,1.41473
471,1.45374,0.443663,7,0.653333,0.0655686,1.40179
472,1.30045,0.434298,6,0.606667,0.0685857,1.52119
473,1.12236,0.457704,5,0.533333,0.0703481,1.54052
474,1.20041,0.43823,7,0.426667,0.0667888,1.33235
475,1.18064,0.452803,9,0.666667,0.0671097,1.32064
476,1.40141,0.447245,7,0.666667,0.0654914,1.52825
477,1.30539,0.45056,6,0.753333,0.0627215,1.27023
478,1.17253,0.428859,6,0.546667,0.0673427,1.42828
479,1.27586,0.421834,8,0.586667,0.070198,1.50497
480,1.11368,0.426614,6,0.433333,0.0662855,1.35373
481,1.35907,0.420403,7,0.38,0.0688557,1.31014
482,1.3708,0.410377,7,0.406667,0.0657597,1.23615
483,1.54686,0.439539,8,0.886667,0.0695749,1.39136
484,1.53239,0.48287,10,0.76,0.0626955,1.24051
485,0.888564,0.39991,7,0.513333,0.0682356,1.54774
486,0.990753,0.455094,7,0.526667,0.0659564,1.31837
487,1.34087,0.405397,7,0.5,0.0677663,1.42318
488,0.945468,0.408519,4,0.293333,0.0658896,1.13437
489,1.0963,0.412655,8,0.413333,0.0678527,1.41443
490,1.37151,0.433243,8,0.466667,0.0694203,1.26905
491,1.38381,0.45719,6,0.566667,0.0673826,1.29114
492,1.29233,0.438721,7,0.426667,0.0638967,1.39266
493,1.15971,0.449371,6,0.633333,0.0695305,1.49778
494,1.09084,0.465144,6,0.666667,0.0697555,1.53159
495,1.37814,0.443587,8,0.733333,0.0681187,1.43774
496,1.24662,0.444993,6,0.566667,0.0703417,1.33147
497,1.26542,0.442036,7,0.573333,0.0676966,1.15115
498,1.22439,0.447372,7,0.593333,0.0670213,1.06162
499,1.158,0.426517,6,0.433333,0.0659671,1.33484
500,1.15805,0.462239,6,0.613333,0.0671036,1.31268
501,1.14322,0.470399,10,0.773333,0.0691662,1.42103
502,1.24593,0.461794,8,0.693333,0.0690077,1.32823
503,1.11698,0.429355,8,0.62,0.0692975,1.08765
504,1.43515,0.444507,7,0.62,0.0680577,1.20403
505,1.18372,0.475093,6,0.693333,0.06913,1.21062
506,1.02645,0.411062,6,0.58,0.067445,1.21754
507,1.12621,0.419371,5,0.32,0.0663668,1.05189
508,1.05106,0.407228,5,0.38,0.0680988,1.1323
509,1.06261,0.448082,4,0.413333,0.0670168,1.02439
510,1.30587,0.466905,7,0.62,0.0694678,1.16787
511,0.993335,0.409847,6,0.46,0.0672924,1.16371
512,1.21509,0.422065,8,0.633333,0.0701416,1.20069
513,1.25418,0.446293,9,0.693333,0.0656171,1.14987
514,1.65727,0.475041,9,0.793333,0.0688629,1.08847
515,1.21057,0.396681,5,0.613333,0.0699246,1.19857
516,1.03098,0.391841,5,0.42,0.0656562,1.07874
517,1.0024,0.403911,7,0.593333,0.0674038,1.12069
518,1.17193,0.418054,6,0.366667,0.0699389,1.02352
519,1.14941,0.41066,6,0.466667,0.0657005,0.972281
520,1.06827,0.427216,5,0.4,0.0665935,1.12622
521,0.914894,0.419102,4,0.326667,0.0623022,1.03854
522,1.11382,0.384097,5,0.293333,0.07019,1.15273
523,1.46508,0.391758,8,0.493333,0.0669408,1.25892
524,1.19028,0.422876,8,0.713333,0.0685307,1.09455
525,1.49934,0.447906,7,0.906667,0.0712898,1.21259
526,1.32146,0.445752,8,0.84,0.0676088,1.11144
527,1.13473,0.425925,6,0.36,0.0646535,1.01942
528,1.19358,0.420103,7,0.686667,0.0680922,1.12442
529,1.17627,0.413619,7,0.433333,0.0662755,1.14362
530,1.31783,0.433802,8,0.58,0.0692725,0.910939
531,1.27321,0.42297,6,0.573333,0.0693701,1.00014
532,0.887847,0.394068,8,0.44,0.0663163,0.945751
533,1.38732,0.405838,6,0.366667,0.0665965,0.930258
534,1.2142,0.409012,6,0.48,0.0687821,0.947272
535,1.11434,0.38402,5,0.313333,0.0635667,0.926782
536,1.04622,0.391203,5,0.346667,0.0696885,1.07862
537,1.14162,0.392046,5,0.253333,0.0631617,0.893716
538,1.15293,0.433656,7,0.313333,0.0708022,1.03864
539,1.01954,0.39827,4,0.193333,0.0660959,0.82736
540,0.777278,0.382176,6,0.166667,0.0700417,1.01665
541,0.74449,0.40044,3,0.1,0.0674413,0.725501
542,1.36679,0.38173,6,0.166667,0.0672982,0.628236
543,1.04251,0.371684,6,0.346667,0.0668541,0.917623
544,1.1425,0.393128,6,0.426667,0.0689341,1.08981
545,1.1717,0.391908,6,0.32,0.0670279,0.953521
546,1.14618,0.394462,5,0.313333,0.0713378,1.24494
547,1.05397,0.38019,6,0.266667,0.0696213,0.904824
548,1.02018,0.380763,8,0.326667,0.0670815,1.18775
549,1.24416,0.399597,6,0.266667,0.0696298,1.09498
550,1.28799,0.41357,6,0.286667,0.0646023,1.07803
551,1.25141,0.41383,5,0.233333,0.0661724,0.857742
552,1.11009,0.415559,6,0.36,0.0656919,1.1639
553,1.15588,0.40038,6,0.38,0.0701177,1.12381
554,1.02453,0.375196,7,0.326667,0.0666852,1.18977
555,0.932127,0.372123,5,0.26,0.0660037,1.15562
556,1.12237,0.386662,6,0.306667,0.0669533,1.08907
557,0.63329,0.377622,3,0.2,0.0687256,1.14438
558,0.945152,0.382227,6,0.22,0.0667097,1.00296
559,1.08551,0.395292,6,0.273333,0.0676651,0.984339
560,0.902648,0.395025,8,0.32,0.0668037,1.10594
561,1.02063,0.402231,6,0.253333,0.0688111,1.10227
562,1.32541,0.411416,6,0.24,0.069049,0.972487
563,1.44116,0.394524,8,0.346667,0.0688442,1.08031
564,1.22002,0.406696,5,0.293333,0.0688272,1.12819
565,1.03178,0.426165,5,0.286667,0.0707005,0.963154
566,1.16273,0.392845,6,0.253333,0.065898,0.971642
567,1.17801,0.416174,5,0.113333,0.0646893,0.797116
568,1.21271,0.408735,8,0.32,0.0640497,0.88225
569,1.02354,0.398325,6,0.333333,0.0642826,1.01895
570,1.30968,0.379546,6,0.22,0.0695117,1.06593
571,0.851811,0.378828,7,0.18,0.0657187,0.92929
572,0.895688,0.378187,8,0.133333,0.0652693,0.835409
573,1.02166,0.374008,4,0.14,0.0697237,1.0215
574,1.32964,0.39892,6,0.26,0.0671536,0.916228
575,1.05225,0.389548,5,0.246667,0.0698025,0.818765
576,1.07989,0.357556,4,0.133333,0.0667856,0.971928
577,1.3064,0.3783,7,0.313333,0.0725613,1.13319
578,1.0156,0.382773,4,0.206667,0.0678098,1.0009
579,0.954687,0.396656,4,0.186667,0.0675665,0.943202
580,1.1391,0.397068,4,0.173333,0.0685824,0.820188
581,0.848543,0.390836,3,0.22,0.0680722,0.787251
582,0.760688,0.390479,3,0.226667,0.0668475,0.950123
583,1.02092,0.389152,6,0.153333,0.068636,0.815401
584,0.927404,0.39838,3,0.166667,0.0656666,0.878092
585,0.956481,0.395811,5,0.213333,0.0652168,0.745346
586,1.29216,0.378978,6,0.186667,0.0654018,1.00836
587,0.949761,0.380335,5,0.113333,0.0664657,0.899898
588,0.648124,0.382037,5,0.126667,0.0677137,0.700682
589,0.757979,0.390561,2,0.1,0.0678633,0.714787
590,0.986722,0.406034,5,0.233333,0.0662631,0.87472
591,1.09685,0.385069,4,0.133333,0.0675946,0.850223
592,0.975336,0.416291,6,0.213333,0.0651203,0.777674
593,0.663367,0.402555,2,0.04,0.0662066,1.06292
594,0.812273,0.386454,3,0.16,0.066264,1.07261
595,0.820294,0.40251,3,0.126667,0.0695229,0.950773
596,0.927735,0.413442,5,0.186667,0.0698407,1.08236
597,0.810956,0.373051,3,0.1,0.0669109,1.09204
598,0.651533,0.379524,3,0.0866667,0.0679953,0.842359
599,0.616171,0.385736,5,0.0733333,0.0665531,0.8133
600,1.07798,0.401248,4,0.153333,0.0688121,0.866629
601,0.693306,0.395838,1,0.06,0.0659202,0.741076
602,0.71371,0.377384,3,0.18,0.0674207,0.811686
603,1.08096,0.378587,4,0.16,0.0693364,1.14042
604,0.819028,0.383091,2,0.153333,0.0673838,0.842191
605,0.612489,0.36913,3,0.133333,0.0691042,0.9347
606,0.726646,0.366251,2,0.106667,0.0625181,0.867321
607,0.920196,0.375345,4,0.126667,0.0700602,0.970609
608,0.957073,0.363715,5,0.106667,0.070665,0.95313
609,0.729145,0.36518,2,0.0866667,0.0689939,0.770405
610,1.03127,0.358377,4,0.06,0.0657865,0.786486
611,0.65045,0.379028,3,0.06,0.0678662,0.801861
612,0.913433,0.364089,3,0.08,0.0653129,0.698721
613,0.776942,0.38008,3,0.186667,0.0677249,0.873249
614,0.840217,0.384941,5,0.173333,0.0669725,0.788371
615,0.730022,0.360709,3,0.146667,0.0684672,0.641339
616,0.99445,0.380734,4,0.166667,0.0717855,0.660561
617,0.965794,0.378334,3,0.146667,0.0649294,0.595133
618,0.947172,0.397977,4,0.226667,0.0709981,0.67261
619,0.576139,0.359474,1,0.02,0.0674756,0.617706
620,0.63746,0.382721,4,0.14,0.0651715,0.58596
621,0.605898,0.367424,4,0.133333,0.067301,0.626375
622,0.689421,0.377908,5,0.166667,0.0685699,0.651327
623,0.722933,0.391649,3,0.1,0.0666627,0.624448
624,0.683167,0.404814,6,0.193333,0.0701026,0.707169
625,0.631259,0.373189,6,0.16,0.0668472,0.745803
626,0.935119,0.393329,5,0.126667,0.0685511,0.671336
627,0.686376,0.370709,3,0.0466667,0.0697819,0.747268
628,0.734376,0.391741,2,0.04,0.0682916,0.78751
629,0.92115,0.384394,6,0.12,0.0677703,0.870377
630,0.688808,0.370596,1,0.0666667,0.0654788,0.971927
631,0.632381,0.358848,1,0.0133333,0.0667531,0.868313
632,0.841808,0.38785,3,0.04,0.0664209,0.748251
633,0.644102,0.36356,6,0.14,0.0669546,0.935395
634,0.60648,0.373353,2,0.04,0.0652444,0.843005
635,0.938488,0.37786,6,0.173333,0.0702649,0.879625
636,0.891238,0.373554,2,0.0866667,0.0650077,0.916687
637,0.8218,0.390018,6,0.16,0.0648298,0.921499
638,1.05038,0.374972,4,0.0866667,0.0697525,0.968332
639,0.632877,0.385488,2,0.0466667,0.0670497,0.813669
640,0.675914,0.379467,2,0.0533333,0.0660082,0.729965
641,0.969049,0.408547,4,0.126667,0.0685358,0.700594
642,0.693792,0.379762,4,0.0666667,0.0686161,0.847204
643,0.805636,0.370339,5,0.126667,0.0671511,0.853011
644,0.838003,0.365789,4,0.146667,0.0664459,0.800581
645,0.857119,0.399515,5,0.273333,0.0688653,0.68265
646,0.851115,0.387161,5,0.186667,0.0676961,0.762404
647,0.672799,0.381238,4,0.14,0.0663218,0.80132
648,1.0011,0.380115,4,0.153333,0.0701715,0.997108
649,0.834039,0.395251,3,0.193333,0.0681288,0.784149
650,1.0188,0.404633,4,0.193333,0.0688533,0.896882
651,0.694684,0.37608,4,0.0733333,0.0649399,0.760062
652,0.64924,0.374191,2,0.0466667,0.0695037,0.770762
653,0.634957,0.363953,6,0.153333,0.0682014,0.691633
654,0.626657,0.364663,4,0.16,0.0693409,0.738703
655,0.628836,0.359504,4,0.16,0.0690619,0.81245
656,0.637546,0.381756,5,0.0866667,0.0659865,0.678563
657,0.583969,0.381603,2,0.0466667,0.0644612,0.630284
658,0.679954,0.365872,7,0.106667,0.0664218,0.871268
659,0.62514,0.387958,4,0.1,0.0652514,0.785689
660,0.745292,0.402886,6,0.153333,0.0692018,1.0656
661,0.680532,0.417015,6,0.113333,0.0672534,0.806527
662,0.810804,0.406046,5,0.166667,0.0684082,0.780454
663,0.652419,0.389541,4,0.06,0.069724,0.883745
664,0.85199,0.40535,4,0.146667,0.0703105,0.887589
665,0.807132,0.360523,4,0.113333,0.0701934,0.949828
666,0.705971,0.382157,3,0.0933333,0.0666402,0.885763
667,0.954138,0.394221,3,0.146667,0.0665278,0.837094
668,0.775877,0.373298,2,0.1,0.0680731,0.919304
669,0.712355,0.360752,5,0.153333,0.0707436,0.964618
670,0.759954,0.378878,8,0.166667,0.0706363,0.845765
671,0.7727,0.385294,3,0.0733333,0.0661862,0.813163
672,0.665284,0.354118,3,0.0666667,0.0700483,0.773407
673,0.64889,0.371439,6,0.173333,0.06599,0.863611
674,0.721366,0.384567,4,0.0933333,0.0676744,0.803457
675,0.822877,0.395326,5,0.106667,0.0709744,0.876814
676,0.797497,0.406998,4,0.113333,0.0680761,0.662351
677,0.870184,0.384504,4,0.113333,0.0653996,0.792354
678,0.689137,0.393116,1,0.0333333,0.0669836,0.775964
679,0.842387,0.384023,5,0.16,0.0651815,0.73703
680,0.705249,0.388547,3,0.106667,0.0690369,0.931131
681,0.924462,0.373117,4,0.113333,0.0656962,0.884772
682,0.855891,0.391904,3,0.08,0.0669339,0.841143
683,0.812349,0.364335,4,0.233333,0.0689539,1.02716
684,0.72366,0.395081,6,0.146667,0.0694061,0.926171
685,1.02669,0.426525,5,0.253333,0.0688089,0.815292
686,0.881332,0.390246,3,0.126667,0.0639638,0.912341
687,0.87226,0.390868,3,0.153333,0.0660759,0.903214
688,0.932778,0.393406,5,0.16,0.0671529,0.970354
689,0.902293,0.388042,4,0.2,0.0669981,1.01955
690,0.996675,0.401284,7,0.32,0.0702748,1.06856
691,0.925882,0.39005,5,0.326667,0.0685571,1.24295
692,0.723078,0.376502,5,0.266667,0.0670872,1.11928
693,0.858893,0.37922,5,0.18,0.066561,0.935726
694,0.877412,0.393991,4,0.206667,0.0679175,0.97909
695,0.790943,0.388327,4,0.186667,0.0670273,0.986015
696,0.914866,0.401273,5,0.253333,0.0723753,1.14482
697,0.720382,0.385286,4,0.14,0.0685456,1.09286
698,0.943074,0.409891,5,0.46,0.0686728,1.06973
699,0.918239,0.408423,9,0.42,0.0680606,1.11719
700,1.06072,0.403648,5,0.353333,0.069768,1.20971
701,0.70244,0.397789,4,0.233333,0.0657927,1.04596
702,0.910899,0.406577,7,0.333333,0.067341,0.968618
703,0.868624,0.389202,4,0.373333,0.066256,1.001
704,0.798032,0.388534,4,0.153333,0.0650704,0.979982
705,1.01318,0.423096,6,0.273333,0.0690306,0.944248
706,0.859471,0.400421,5,0.306667,0.0647714,1.0203
707,1.08809,0.403368,5,0.246667,0.0670261,1.04007
708,1.0213,0.393774,4,0.186667,0.0691899,1.14073
709,1.11171,0.388745,8,0.186667,0.0697658,1.05177
710,0.785901,0.37966,5,0.253333,0.0687904,1.03793
711,0.998692,0.385263,4,0.193333,0.0678923,1.03194
712,0.856568,0.404989,3,0.266667,0.0701521,1.14062
713,0.809527,0.395923,3,0.113333,0.0684252,0.946696
714,1.01815,0.38886,8,0.486667,0.071002,1.11601
715,0.743565,0.386679,6,0.153333,0.07096,1.023
716,0.741317,0.395114,4,0.173333,0.0653911,0.913215
717,0.81835,0.391851,4,0.24,0.0688938,1.07439
718,0.786314,0.414015,5,0.2,0.0726896,0.985445
719,0.70036,0.39396,5,0.18,0.0655437,0.951626
720,0.747208,0.385103,4,0.26,0.0694006,1.05748
721,0.709707,0.360626,3,0.14,0.0651143,0.994271
722,1.05771,0.380974,6,0.36,0.0681938,0.983338
723,0.654152,0.363259,5,0.34,0.0676207,1.16606
724,0.698064,0.389318,5,0.16,0.0685765,1.1311
725,0.765469,0.366072,5,0.293333,0.0689006,1.00524
726,0.728224,0.387591,2,0.133333,0.0654455,1.12742
727,0.916434,0.422405,4,0.28,0.0641549,1.00373
728,0.758618,0.411099,5,0.3,0.0666999,1.26365
729,0.767395,0.404603,5,0.32,0.0666049,1.09732
730,1.09478,0.390645,6,0.253333,0.0656508,1.27806
731,1.11718,0.378981,5,0.24,0.0682853,1.19894
732,0.860438,0.409773,7,0.493333,0.0647721,1.01685
733,1.09693,0.416316,6,0.28,0.0705437,1.3103
734,0.824483,0.39118,5,0.32,0.0668167,0.993473
735,1.06352,0.408526,5,0.313333,0.0643677,0.892897
736,1.11246,0.437612,6,0.48,0.0679265,0.918079
737,0.890905,0.419117,4,0.226667,0.0679455,1.05141
738,0.964178,0.405413,4,0.28,0.0713389,1.05895
739,0.822918,0.397194,5,0.206667,0.0664426,0.847456
740,0.833759,0.38361,4,0.246667,0.0650094,0.864954
741,0.8047,0.375045,4,0.213333,0.0654083,0.917245
742,0.864797,0.395916,4,0.36,0.0645882,0.92515
743,0.747162,0.39945,2,0.0733333,0.063724,0.83514
744,0.858752,0.413326,3,0.126667,0.0677021,1.00777
745,0.917091,0.389383,5,0.2,0.0697132,1.02073
746,1.04663,0.393606,6,0.293333,0.0690162,1.04811
747,1.17582,0.396814,7,0.133333,0.0659323,0.834888
748,0.925348,0.41245,4,0.206667,0.0700132,0.875826
749,0.947505,0.404785,3,0.14,0.0670161,0.955785
750,1.38429,0.422153,7,0.293333,0.0660119,0.903644
751,0.818602,0.403405,5,0.273333,0.0706268,1.18209
752,1.09826,0.419644,5,0.366667,0.069401,1.10895
753,1.18197,0.439726,8,0.46,0.0719095,1.05885
754,1.07748,0.404427,5,0.42,0.0669946,1.21059
755,1.16845,0.388738,6,0.34,0.0692947,1.16713
756,0.800079,0.389584,8,0.38,0.0664717,1.07724
757,1.19017,0.425538,7,0.613333,0.0680225,1.24509
758,1.02197,0.429077,6,0.3,0.0680302,1.16537
759,1.03391,0.396101,8,0.406667,0.0664331,1.26755
760,1.00095,0.396585,6,0.293333,0.0658055,1.17055
761,1.13668,0.41372,7,0.22,0.0667312,1.19932
762,1.34583,0.399595,9,0.4,0.0668148,0.988279
763,0.974556,0.397528,5,0.386667,0.0670452,1.16839
764,0.913933,0.405793,5,0.306667,0.069372,1.13078
765,1.22014,0.404903,7,0.313333,0.0703759,1.40077
766,0.92091,0.40107,6,0.273333,0.0639354,1.13762
767,1.09721,0.359423,6,0.26,0.0662397,1.19627
768,1.25307,0.41852,8,0.493333,0.0708164,1.32855
769,1.20977,0.410614,8,0.393333,0.0694534,1.20782
770,1.18649,0.437788,7,0.38,0.069474,1.21197
771,0.871375,0.375958,5,0.286667,0.0652054,1.28697
772,0.783515,0.380877,4,0.18,0.068258,1.05985
773,1.05133,0.406989,6,0.186667,0.0661687,0.910914
774,1.14374,0.36769,5,0.3,0.0660916,1.39185
775,1.02914,0.394177,6,0.34,0.0693898,1.23396
776,0.912433,0.403703,5,0.233333,0.0640722,1.06123
777,0.921585,0.420991,5,0.273333,0.0659032,1.13208
778,0.809604,0.399121,4,0.206667,0.066604,1.05179
779,1.1779,0.394166,6,0.24,0.0738481,1.17863
780,1.07927,0.370622,7,0.286667,0.0683688,1.03079
781,0.767583,0.395008,2,0.1,0.0682636,0.99265
782,0.92298,0.386836,5,0.213333,0.0685933,0.881524
783,1.25375,0.43775,8,0.346667,0.0704929,0.872424
784,1.22165,0.409432,6,0.4,0.0672027,1.02005
785,0.891009,0.391097,4,0.16,0.0658376,0.936806
786,0.919699,0.382726,5,0.28,0.0669159,1.16468
787,0.831761,0.390282,4,0.26,0.0691424,1.12151
788,0.936285,0.398599,7,0.413333,0.0684751,1.11066
789,0.841151,0.390749,5,0.433333,0.0646675,1.11925
790,0.780579,0.373087,5,0.313333,0.0658558,0.911291
791,1.0434,0.388529,6,0.273333,0.0663837,1.03297
792,1.2446,0.391467,5,0.226667,0.067983,1.02114
793,0.824527,0.395504,3,0.166667,0.0703292,1.01654
794,0.955114,0.425931,5,0.24,0.0688851,1.02608
795,0.879746,0.385531,3,0.14,0.0648036,1.01191
796,1.14738,0.384001,4,0.26,0.06774,0.907626
797,0.803807,0.382766,5,0.3,0.0700291,1.10306
798,0.959452,0.368831,6,0.233333,0.0711974,0.831121
799,0.989403,0.363711,5,0.186667,0.0641776,1.04637
800,0.891575,0.388944,4,0.266667,0.0653721,1.12916
801,0.968526,0.379806,5,0.34,0.0662252,1.153
802,0.880284,0.426758,7,0.473333,0.0689636,1.12197
803,0.923599,0.377915,6,0.426667,0.0687322,1.1866
804,1.22772,0.367096,6,0.266667,0.0655412,1.05854
805,1.24833,0.408605,6,0.266667,0.0651318,0.997485
806,0.660271,0.378089,3,0.12,0.0643723,1.06467
807,1.09191,0.399147,5,0.306667,0.0710399,1.24089
808,0.862836,0.37659,4,0.173333,0.0665707,1.06868
809,0.822005,0.406816,4,0.166667,0.0671628,0.93387
810,0.941947,0.393052,4,0.166667,0.064187,1.08697
811,1.14474,0.380355,5,0.22,0.0643839,1.23849
812,1.34411,0.40079,7,0.366667,0.066546,1.20501
813,1.12533,0.380356,9,0.406667,0.0675651,1.17361
814,1.25293,0.401061,6,0.3,0.0696275,1.06814
815,0.787448,0.382261,7,0.286667,0.0680225,0.992111
816,0.842925,0.363243,5,0.12,0.0652614,0.922967
817,1.0078,0.367013,7,0.273333,0.0679162,1.17325
818,1.1243,0.410931,7,0.366667,0.0709946,1.29852
819,1.34222,0.431905,7,0.406667,0.0640328,1.17703
820,1.07587,0.411044,7,0.44,0.066377,1.22116
821,1.18289,0.404645,6,0.366667,0.0662563,1.08614
822,1.17674,0.399922,7,0.4,0.0707945,1.26562
823,1.04229,0.382753,6,0.353333,0.0667946,1.31009
824,1.13913,0.404994,6,0.36,0.0679204,1.10649
825,1.33995,0.379306,9,0.313333,0.0668614,1.20667
826,1.32161,0.379764,8,0.333333,0.0665446,1.35386
827,1.04104,0.407942,6,0.32,0.0668753,1.35243
828,1.06557,0.406706,6,0.313333,0.0643424,1.17733
829,1.0087,0.390525,6,0.293333,0.0710612,1.25085
830,1.3357,0.412303,10,0.466667,0.0671655,1.09581
831,0.883075,0.374876,6,0.14,0.0679923,1.00339
832,1.37305,0.40172,7,0.173333,0.0694802,1.01151
833,0.910963,0.399294,7,0.266667,0.0666984,1.04831
834,1.35491,0.410695,7,0.413333,0.0656808,0.942512
835,1.43552,0.42245,8,0.42,0.0697361,1.27414
836,1.22066,0.39245,6,0.28,0.0686159,1.15246
837,1.3108,0.422606,7,0.226667,0.0646993,0.996724
838,1.18569,0.386447,6,0.286667,0.0662196,1.04609
839,1.06849,0.393479,6,0.206667,0.0701346,1.15944
840,1.3481,0.414934,9,0.22,0.0708156,1.29162
841,1.15652,0.404069,6,0.253333,0.0703249,1.14954
842,1.03336,0.416678,5,0.246667,0.0686974,1.18831
843,1.34275,0.397607,7,0.4,0.0683562,1.21032
844,1.21791,0.383899,7,0.413333,0.0699139,1.35908
845,0.918207,0.380516,5,0.273333,0.0693751,1.20565
846,1.10522,0.406383,5,0.406667,0.0699509,1.44307
847,0.971499,0.406196,5,0.42,0.0674945,1.23305
848,0.827386,0.381582,5,0.38,0.0688422,1.2805
849,1.38749,0.42642,9,0.34,0.07015,1.09168
850,1.46686,0.418173,7,0.393333,0.0678106,1.33033
851,0.908919,0.388645,5,0.333333,0.0659142,1.25809
852,1.11546,0.387021,6,0.28,0.0691919,1.15796
853,0.978376,0.368055,6,0.36,0.0677378,1.12563
854,1.16591,0.403885,6,0.4,0.0678115,1.29559
855,1.30626,0.402494,7,0.34,0.0692396,1.09683
856,0.912849,0.420172,6,0.306667,0.0662196,1.30874
857,1.14351,0.391206,7,0.393333,0.068806,1.23755
858,0.837722,0.376998,5,0.293333,0.0685145,1.39558
859,1.39339,0.385197,7,0.32,0.0667296,1.28264
860,0.959984,0.354777,5,0.293333,0.0675773,1.18632
861,1.10847,0.434827,8,0.353333,0.0681095,1.19858
862,0.932416,0.408335,4,0.273333,0.0703047,1.2685
863,1.09721,0.397183,7,0.313333,0.0691349,1.2166
864,0.872545,0.392037,5,0.166667,0.0673026,1.04654
865,0.766696,0.383874,4,0.213333,0.0683171,0.974481
866,1.0286,0.389943,4,0.186667,0.0673037,0.991409
867,1.01806,0.36432,5,0.24,0.0674464,1.14191
868,0.940924,0.377733,5,0.24,0.0649438,0.951349
869,1.06479,0.377718,6,0.306667,0.0680498,1.30928
870,0.880267,0.38336,7,0.306667,0.0685529,1.03728
871,0.95897,0.389811,5,0.286667,0.0674554,1.02655
872,0.912729,0.379379,4,0.186667,0.0647031,0.958155
873,0.914916,0.3752,4,0.16,0.0670635,1.09679
874,0.858389,0.372309,6,0.173333,0.0667979,0.946819
875,0.891021,0.36371,6,0.213333,0.067456,1.03921
876,0.762276,0.362346,6,0.186667,0.0660293,1.05007
877,0.731175,0.372311,4,0.16,0.0662327,0.950248
878,0.760775,0.375072,5,0.193333,0.0646173,1.10548
879,0.72958,0.38276,4,0.206667,0.070524,1.13332
880,0.70439,0.397118,3,0.12,0.0657865,0.990478
881,0.732928,0.382658,5,0.146667,0.0669874,1.0538
882,0.71357,0.362709,5,0.213333,0.0645322,1.03064
883,0.711441,0.389025,3,0.16,0.068735,0.950698
884,0.784505,0.387613,4,0.14,0.0671326,0.895675
885,0.795109,0.371723,3,0.0666667,0.0654114,0.808772
886,0.734655,0.383995,2,0.04,0.0674667,0.567976
887,0.72251,0.378097,1,0.0666667,0.06866,0.805211
888,0.83649,0.364869,2,0.0933333,0.0666784,1.05999
889,0.751353,0.363389,5,0.14,0.0683844,0.930184
890,0.990961,0.388659,3,0.146667,0.0693885,0.84618
891,0.844739,0.387602,5,0.16,0.0695759,0.964303
892,0.718052,0.388457,2,0.0466667,0.0659701,0.863102
893,0.687817,0.368885,3,0.166667,0.0656622,1.03169
894,0.667196,0.379256,4,0.146667,0.0675087,0.975611
895,0.932726,0.411555,4,0.266667,0.0690507,1.12731
896,0.826759,0.378296,5,0.2,0.0688468,1.13186
897,0.98451,0.39805,4,0.166667,0.070526,1.04463
898,0.884667,0.365883,4,0.186667,0.0667558,1.07241
899,0.741377,0.379386,4,0.193333,0.0683157,1.1518
900,1.15022,0.394115,7,0.273333,0.0697566,0.967338
901,0.933965,0.401092,4,0.233333,0.0684167,1.07576
902,0.926071,0.36643,6,0.346667,0.070269,1.34134
903,0.826487,0.374871,8,0.3,0.0672129,1.0379
904,0.940005,0.366811,7,0.246667,0.065004,1.09228
905,0.825433,0.373614,7,0.373333,0.0707359,0.993493
906,0.677856,0.36332,6,0.233333,0.0702481,1.14468
907,0.920987,0.374061,4,0.133333,0.06575,1.08818
908,0.747076,0.378619,3,0.153333,0.0706258,1.15813
909,0.966448,0.366896,7,0.2,0.0633353,1.08954
910,1.04928,0.370226,4,0.233333,0.0692314,1.04945
911,0.845644,0.382775,4,0.166667,0.0683638,0.903966
912,0.729263,0.350804,7,0.14,0.0662187,0.881804
913,0.799548,0.378872,3,0.186667,0.0687104,0.720863
914,0.658974,0.373644,4,0.08,0.0684519,0.878015
915,0.629416,0.369613,5,0.126667,0.0692768,0.844528
916,0.698676,0.388638,7,0.24,0.0726555,0.941614
917,0.723152,0.376453,7,0.213333,0.069528,0.777065
918,1.40917,0.355693,7,0.193333,0.0639034,0.81652
919,1.1093,0.380781,6,0.266667,0.0697665,1.0044
920,1.10587,0.397411,7,0.286667,0.06706,0.952667
921,1.20551,0.374497,7,0.18,0.066909,0.88434
922,0.622009,0.352419,7,0.166667,0.0689123,1.05012
923,1.15336,0.389205,5,0.166667,0.0663536,0.808783
924,1.3472,0.370294,7,0.253333,0.0672644,1.01591
925,0.806903,0.3874,4,0.2,0.068583,0.932067
926,0.842636,0.375784,3,0.113333,0.0677747,0.851718
927,1.20496,0.399364,7,0.186667,0.0648002,0.792597
928,0.744413,0.368229,3,0.126667,0.0680314,0.754186
929,0.87263,0.386056,4,0.173333,0.0664899,0.694137
930,0.788288,0.395054,4,0.113333,0.0651385,0.791501
931,0.969749,0.388117,4,0.06,0.0706144,0.890668
932,0.948022,0.372686,5,0.166667,0.0687078,0.861652
933,0.642265,0.378386,3,0.126667,0.0685793,0.937431
934,1.07767,0.395609,6,0.166667,0.066536,0.755867
935,0.760947,0.352878,5,0.126667,0.0663954,0.835774
936,0.796959,0.375041,3,0.0866667,0.0664493,0.818331
937,1.04164,0.388379,7,0.206667,0.0683616,0.860168
938,1.14313,0.356876,5,0.193333,0.064314,1.00013
939,0.93778,0.38232,6,0.206667,0.0672291,0.903665
940,0.831025,0.37455,6,0.166667,0.0685856,0.96854
941,0.752456,0.377045,3,0.106667,0.0720938,0.801646
942,1.0429,0.384656,5,0.12,0.0688415,0.785697
943,0.820228,0.383744,3,0.08,0.0644819,0.671151
944,0.85745,0.370338,4,0.0933333,0.0694464,0.779044
945,0.693441,0.372005,7,0.1,0.067757,0.851786
946,0.608048,0.379281,3,0.113333,0.0684106,0.855162
947,1.10703,0.407631,5,0.133333,0.0636562,0.647096
948,0.630114,0.393744,8,0.14,0.0690451,0.810077
949,0.625522,0.379616,4,0.133333,0.0670319,0.825374
950,0.734919,0.389948,3,0.12,0.067553,0.750657
951,0.767603,0.392695,4,0.08,0.0696287,0.992066
952,0.787629,0.397055,5,0.246667,0.0660574,0.789082
953,0.680085,0.373071,5,0.16,0.0692079,0.893205
954,0.978652,0.386053,6,0.18,0.0676012,0.82789
955,0.969322,0.400999,5,0.16,0.0698107,0.844551
956,0.931961,0.379113,7,0.18,0.0713916,0.889176
957,0.714599,0.397487,4,0.133333,0.0689732,0.728509
958,0.773451,0.388545,3,0.133333,0.0661263,1.00416
959,0.621105,0.392589,5,0.0933333,0.0644924,0.810769
960,0.627161,0.386002,2,0.0333333,0.0667156,0.81746
961,0.628966,0.382343,4,0.1,0.0651485,0.761932
962,0.899045,0.409781,5,0.16,0.0686398,0.835755
963,0.681516,0.373274,4,0.16,0.0640209,0.955368
964,1.16888,0.401178,4,0.193333,0.0712051,0.975082
965,0.962875,0.406499,3,0.186667,0.0694806,0.878323
966,1.04154,0.386974,4,0.166667,0.066871,0.846639
967,0.679245,0.381371,6,0.0866667,0.0700951,0.897783
968,0.927515,0.394232,5,0.153333,0.0633221,0.800803
969,0.688116,0.378504,2,0.0533333,0.0656039,0.940337
970,0.975407,0.391313,4,0.18,0.0655127,0.804592
971,0.8854,0.39422,3,0.106667,0.0705754,1.137
972,0.939526,0.390584,3,0.186667,0.0673211,0.934054
973,1.14138,0.3799,5,0.293333,0.0669229,0.978789
974,1.00697,0.392653,5,0.24,0.066809,1.09949
975,0.804498,0.391129,4,0.146667,0.0668435,1.06019
976,1.25561,0.419091,8,0.406667,0.0676258,1.12709
977,0.916721,0.397873,3,0.22,0.0666205,0.894475
978,0.88301,0.385728,3,0.133333,0.0679133,0.915822
979,1.21115,0.410744,6,0.326667,0.0693329,1.06141
980,0.784,0.399924,5,0.246667,0.0707036,0.975232
981,0.915137,0.410016,6,0.34,0.0715823,0.97756
982,1.06896,0.39593,9,0.393333,0.0671435,1.30499
983,0.816564,0.399556,4,0.3,0.0692698,1.18298
984,1.02838,0.390959,5,0.293333,0.0678918,1.07202
985,0.739618,0.390911,4,0.273333,0.0692449,1.06865
986,0.870141,0.407379,6,0.346667,0.0696555,1.01583
987,0.917827,0.393808,4,0.28,0.0656252,1.15757
988,0.906516,0.383278,4,0.293333,0.0673814,1.04868
989,0.896293,0.407393,4,0.26,0.0662681,0.994236
990,0.854936,0.383304,4,0.246667,0.0671769,0.981612
991,0.979001,0.41956,4,0.293333,0.0687607,1.10173
992,0.740659,0.371456,6,0.273333,0.0642844,0.944475
993,0.813544,0.413654,4,0.26,0.0660553,0.989298
994,0.687093,0.375153,3,0.113333,0.0647519,1.03978
995,0.802073,0.386547,4,0.146667,0.0678441,0.927503
996,0.902901,0.393247,4,0.153333,0.0674251,0.831202
997,0.870756,0.398913,5,0.153333,0.0709811,0.814246
998,0.788161,0.385597,5,0.173333,0.0675606,0.831642
999,0.894827,0.387088,5,0.18,0.0656242,0.876291
1000,0.876246,0.408337,6,0.233333,0.0687072,0.892874
