1,0.582248,0.18646,4,0.126667,0.079989,1.18816
2,0.817904,0.225838,4,0.2,0.0671782,1.23971
3,0.817904,0.303113,2,0.0466667,0.0671994,0.806954
4,0.867323,0.304625,4,0.126667,0.0671398,0.850641
5,0.867323,0.337505,2,0.0866667,0.0671314,0.829675
6,0.887312,0.344169,4,0.0933333,0.067127,0.54656
7,0.887312,0.379683,5,0.133333,0.0671281,0.525527
8,0.896299,0.391968,5,0.246667,0.0671286,0.519249
9,0.896299,0.408689,5,0.286667,0.067126,0.649793
10,1.19156,0.392244,6,0.5,0.0671259,0.762761
11,1.19156,0.387343,6,0.553333,0.0671319,0.817073
12,1.19156,0.384548,6,0.553333,0.0671259,1.04612
13,1.19156,0.40533,6,0.666667,0.0671259,0.946236
14,1.19156,0.397895,6,0.426667,0.067126,0.828866
15,1.19156,0.386491,6,0.533333,0.067126,0.890856
16,1.19156,0.402831,6,0.666667,0.0671262,0.983495
17,1.19156,0.384387,7,0.593333,0.067129,1.05111
18,1.19156,0.408711,7,0.513333,0.0671268,1.03893
19,1.19156,0.456721,9,0.713333,0.0671553,1.04868
20,1.20173,0.453119,8,0.86,0.0671289,1.03378
21,1.20173,0.446083,8,1.08667,0.0671389,1.35565
22,1.20173,0.435507,8,0.766667,0.0671269,1.10774
23,1.20173,0.437225,8,0.786667,0.0671269,1.21215
24,1.20173,0.428741,7,0.926667,0.0671266,1.38882
25,1.20173,0.417226,8,0.906667,0.0671266,1.23133
26,1.20173,0.448723,7,0.853333,0.0671298,1.25916
27,1.20173,0.437972,7,0.786667,0.0671292,1.26308
28,1.20173,0.450871,7,0.806667,0.0671259,1.31399
29,1.20173,0.457566,7,0.966667,0.0671259,1.24095
30,1.20173,0.457016,7,1.09333,0.0671262,1.3661
31,1.20173,0.455689,7,1.24,0.0671293,1.56118
32,1.20173,0.487036,7,1.26667,0.0671259,1.51101
33,1.20173,0.479133,7,1.28667,0.0671259,1.50698
34,1.37916,0.516339,7,1.61333,0.0671259,1.83779
35,1.37916,0.507454,7,1.64,0.0671389,1.89352
36,1.37916,0.528558,7,1.56667,0.0671389,1.83192
37,1.37916,0.530139,8,1.51333,0.0671368,1.75975
38,1.37916,0.51512,7,1.48667,0.0671285,1.70817
39,1.37916,0.496809,7,1.28,0.0671263,1.63683
40,1.37916,0.497181,7,1.19333,0.0671259,1.74112
41,1.37916,0.536764,8,1.36,0.0671261,1.63296
42,1.37916,0.53566,8,1.50667,0.0671261,1.67226
43,1.37916,0.558313,8,1.65333,0.0671265,1.81743
44,1.37916,0.543813,8,1.49333,0.0671265,1.69898
45,1.37916,0.524313,8,1.68,0.0671514,1.7676
46,1.37916,0.572014,8,1.90667,0.0671318,1.82339
47,1.37916,0.563622,9,1.97333,0.0671635,1.82588
48,1.37916,0.542107,8,1.99333,0.0671428,2.01542
49,1.38595,0.559512,9,1.84667,0.067127,1.75449
50,1.38595,0.585184,8,1.92,0.0671677,1.78559
51,1.38595,0.567909,8,2,0.0673089,1.89621
52,1.38595,0.617291,8,2.23333,0.0671361,2.17017
53,1.38595,0.600471,9,2.1,0.0671291,1.90889
54,1.38595,0.600974,8,1.94,0.0671273,2.12673
55,1.38595,0.588404,8,2.06,0.0671322,2.08252
56,1.38595,0.627474,8,2.18,0.0672655,2.04346
57,1.38595,0.615375,8,2.17333,0.0672717,2.18358
58,1.38595,0.629877,8,2.18,0.067208,1.95339
59,1.38595,0.60324,8,1.92,0.067227,1.9144
60,1.38595,0.596178,8,1.76,0.0671262,1.85256
61,1.38595,0.600979,8,2.07333,0.0671277,2.07981
62,1.47528,0.54829,8,1.94667,0.0671341,1.9945
63,1.47528,0.586487,8,1.95333,0.0671341,1.96571
64,1.47528,0.601869,8,2.19333,0.0673797,1.96709
65,1.47528,0.573386,8,1.96,0.0671982,2.04261
66,1.47528,0.591542,8,1.65333,0.0671346,1.98353
67,1.47528,0.576035,8,1.74667,0.0674266,1.9587
68,1.47528,0.614915,8,2.06667,0.0671287,2.13726
69,1.47528,0.62776,8,2.26667,0.0671302,1.99073
70,1.47528,0.62459,8,2.20667,0.0671264,2.19813
71,1.47528,0.596744,8,2.28,0.0671283,2.02091
72,1.47528,0.61171,8,2.34,0.0674917,2.41006
73,1.47528,0.640286,8,2.22667,0.0671312,2.13631
74,1.47528,0.596592,9,2.24,0.0671768,2.29021
75,1.59934,0.630878,9,2.6,0.0671278,2.12611
76,1.59934,0.574565,9,2.55333,0.0671693,2.34495
77,1.59934,0.642732,9,2.64667,0.0675947,2.23778
78,1.59934,0.657482,9,2.50667,0.0672957,2.4251
79,1.59934,0.643983,9,2.5,0.0671569,2.12761
80,1.59934,0.710889,9,2.72667,0.0674289,2.1343
81,1.59934,0.658796,9,2.28,0.067722,2.31237
82,1.59934,0.654195,9,2.62667,0.0671492,2.20854
83,1.59934,0.671639,9,2.58,0.0671513,2.12437
84,1.59934,0.682412,9,2.40667,0.0674401,2.22351
85,1.59934,0.672302,9,2.48,0.0671416,2.14853
86,1.59934,0.671354,9,2.43333,0.0671387,2.04184
87,1.59934,0.668745,9,2.75333,0.0671259,2.14109
88,1.68185,0.637267,9,2.58667,0.0671815,2.10671
89,1.68185,0.679011,9,2.56667,0.0671898,2.24143
90,1.68185,0.652082,9,2.53333,0.0671409,2.37732
91,1.68185,0.687557,9,2.57333,0.0671261,2.06295
92,1.68185,0.677659,9,2.53333,0.0673111,1.92258
93,1.68185,0.598835,9,2.44667,0.0671259,2.16883
94,1.68185,0.655554,9,2.63333,0.0671259,2.1205
95,1.68185,0.715526,9,2.92,0.0671261,2.06051
96,1.68185,0.657124,9,2.58,0.0671267,2.04887
97,1.68185,0.678012,9,2.65333,0.0671259,2.17138
98,1.68185,0.704113,9,2.87333,0.0671259,2.12722
99,1.68185,0.69536,10,2.8,0.0672044,2.23811
100,1.68185,0.689491,9,2.83333,0.0671335,2.22347
101,1.68185,0.675929,9,2.83333,0.0673748,2.44799
102,1.68185,0.641591,9,2.62667,0.068957,2.34749
103,1.68185,0.683306,9,2.9,0.0671259,2.1765
104,1.68185,0.660838,9,2.86667,0.0671259,2.28954
105,1.68185,0.66503,9,2.75333,0.0673683,2.22875
106,1.68185,0.652755,10,2.86667,0.0677943,2.13585
107,1.80164,0.65952,10,3.01333,0.0671259,2.29328
108,1.80164,0.695934,10,3.20667,0.0679837,2.26849
109,1.80164,0.707829,10,3.3,0.0685082,2.28751
110,1.80164,0.729927,10,3.24,0.0671259,2.3502
111,1.80164,0.71664,10,3.54667,0.0707748,2.41041
112,1.80164,0.701184,10,3.41333,0.0671841,2.40429
113,1.80164,0.673363,10,3.06,0.0671364,2.30382
114,1.80164,0.719489,10,3.22,0.0671364,2.37545
115,1.80164,0.706522,10,3.11333,0.0671372,2.25856
116,1.80164,0.663784,10,2.94667,0.0673284,2.21116
117,1.80164,0.727778,10,2.97333,0.0672449,2.17148
118,1.80164,0.688267,10,3.07333,0.0674991,2.4508
119,1.80164,0.680605,10,3.06,0.067132,2.3827
120,1.80164,0.702432,10,2.99333,0.0671271,2.1552
121,1.80164,0.627851,10,2.44,0.0671325,1.81552
122,1.80164,0.689068,10,2.70667,0.0671279,1.97601
123,1.80164,0.680537,10,2.83333,0.0672937,2.21893
124,1.80164,0.61988,10,2.52,0.067167,2.12546
125,1.80164,0.665492,10,2.67333,0.0672457,2.10224
126,1.80164,0.638187,10,2.67333,0.0671273,2.26237
127,1.80164,0.715292,10,2.76,0.0671321,2.26783
128,1.80164,0.716969,10,2.96,0.0673702,2.21361
129,1.80164,0.695102,10,2.64667,0.067141,2.08048
130,1.80164,0.66142,10,2.66667,0.0679435,1.98555
131,1.80164,0.746977,10,3.28667,0.0671276,2.21321
132,1.54142,0.706909,10,3.01333,0.0671276,2.35008
133,1.54142,0.717796,9,2.96,0.0672836,2.13123
134,1.54142,0.677002,9,2.92,0.0671596,2.24459
135,1.54142,0.706304,9,2.88667,0.0671337,2.25389
136,1.54142,0.674231,9,2.66,0.0671906,2.04621
137,1.54142,0.68082,9,2.82,0.0671344,2.21408
138,1.54142,0.704635,9,3.02,0.0671271,2.07008
139,1.54142,0.746759,10,3.20667,0.0671264,2.03073
140,1.54142,0.733515,10,3.06667,0.0671304,2.19324
141,1.54142,0.683005,10,2.88,0.0677326,2.14056
142,1.54142,0.681315,9,2.93333,0.0671273,2.1578
143,1.54142,0.69883,9,2.98,0.0671264,2.19196
144,1.50769,0.636864,9,2.83333,0.0671291,2.0924
145,1.50769,0.608428,9,2.42,0.0673982,1.96603
146,1.50769,0.652677,9,2.75333,0.0671447,2.12737
147,1.50769,0.614834,9,2.7,0.0673044,1.86325
148,1.50769,0.656613,9,2.68667,0.0671898,1.90782
149,1.50769,0.660652,10,2.89333,0.0685716,2.08341
150,1.50769,0.703549,9,3.14667,0.0671259,2.04164
151,1.50769,0.69559,9,2.72667,0.0672397,2.14591
152,1.56462,0.696345,10,3.15333,0.067275,2.21158
153,1.56462,0.65909,9,3.01333,0.0671667,2.11981
154,1.56462,0.673618,9,2.82667,0.0671529,2.13076
155,1.56462,0.671174,10,2.87333,0.0671371,2.01805
156,1.56462,0.723425,10,3.14667,0.067628,2.01942
157,1.56462,0.724712,9,3.29333,0.0671259,1.89182
158,1.80551,0.779918,10,3.39333,0.0714192,2.10221
159,1.80551,0.727982,10,3.42667,0.0673644,2.11753
160,1.80551,0.73409,10,3.06667,0.0672348,1.91032
161,1.80551,0.744393,10,3.26,0.0674064,1.87555
162,1.80551,0.697674,10,3.05333,0.0671547,2.12895
163,1.80551,0.709899,10,3.08,0.0671259,1.97793
164,1.80551,0.713054,10,3.16667,0.0671268,2.07564
165,1.80551,0.731192,10,3.14,0.0671259,1.94612
166,1.80551,0.734345,10,3.1,0.0672683,1.99619
167,1.80551,0.71897,10,2.95333,0.067364,2.02134
168,1.80551,0.701602,10,2.86667,0.067129,1.84039
169,1.80551,0.708641,10,2.65333,0.0671492,1.90178
170,1.80551,0.671614,10,2.64,0.0671348,1.84423
171,1.80551,0.690451,10,2.88,0.0671348,1.96269
172,1.80551,0.728783,10,3.08,0.0671262,1.80849
173,1.80551,0.771274,10,3.06667,0.0671259,1.8689
174,1.80551,0.74525,10,2.88667,0.0671264,1.78272
175,1.80551,0.728492,10,2.95333,0.0671264,1.71751
176,1.80551,0.743328,10,3,0.0671259,1.71636
177,1.80551,0.723459,10,2.94667,0.0671274,1.5488
178,1.80551,0.7602,10,3.22,0.0671259,1.72314
179,1.80551,0.777007,10,3.18667,0.0671259,1.62204
180,1.80551,0.723379,10,3.08667,0.0671259,1.77995
181,1.80551,0.720637,10,3.08,0.0671259,1.89009
182,1.80551,0.70246,10,2.68667,0.0671259,1.72311
183,1.62885,0.681408,10,2.56667,0.0671319,1.52628
184,1.62885,0.677832,10,2.77333,0.0671319,1.71216
185,1.62885,0.667666,10,2.80667,0.0671319,1.74406
186,1.62885,0.688687,10,2.82667,0.0671314,1.63626
187,1.62885,0.723638,10,3.06,0.067126,1.76638
188,1.62885,0.696748,10,2.62667,0.0671263,1.71471
189,1.62885,0.626008,10,2.84,0.067126,1.77255
190,1.62885,0.687851,10,2.77333,0.0671398,1.86017
191,1.62885,0.67551,10,2.70667,0.0671656,1.73657
192,1.62885,0.650268,10,2.53333,0.0671268,1.73402
193,1.62885,0.700573,10,2.95333,0.0671283,1.85167
194,1.62885,0.734431,10,2.91333,0.0671283,1.64174
195,1.62885,0.668223,10,2.84667,0.0671268,1.76188
196,1.62885,0.690059,10,2.72667,0.0671268,1.67001
197,1.62885,0.671511,10,2.42667,0.0671264,1.57348
198,1.62885,0.65851,10,2.42,0.067126,1.65244
199,1.62885,0.645034,10,2.48667,0.067126,1.6261
200,1.62885,0.717804,10,2.75333,0.0671911,1.63173
201,1.62885,0.711157,10,2.63333,0.0671259,1.60424
202,1.62885,0.70506,10,2.72667,0.0671279,1.8447
203,1.62885,0.703047,10,2.74667,0.0671279,1.81851
204,1.62885,0.672677,10,2.72,0.0671261,1.78932
205,1.62885,0.637834,10,2.21333,0.0671271,1.82273
206,1.58416,0.616265,10,2.47333,0.0671259,1.77648
207,1.58416,0.633605,10,2.2,0.0671331,1.59626
208,1.58416,0.65595,10,2.54,0.0671263,1.71995
209,1.58416,0.686309,10,2.94,0.0671261,1.68492
210,1.58416,0.630269,10,2.24,0.0671287,1.57554
211,1.58416,0.644372,10,2.33333,0.0671286,1.62263
212,1.58416,0.615227,10,2.39333,0.0671303,1.54368
213,1.58416,0.616307,10,2.55333,0.0671273,1.7573
214,1.58416,0.701203,10,2.92,0.0672636,1.72708
215,1.58416,0.671499,10,2.50667,0.0671517,1.71528
216,1.58416,0.668687,10,2.76,0.0671259,1.60161
217,1.58416,0.733047,10,3.27333,0.0671364,1.83614
218,1.58416,0.647728,10,2.45333,0.0678797,1.55038
219,1.58416,0.663168,10,2.58,0.0671336,1.65982
220,1.58416,0.691672,10,2.72,0.0673816,1.59414
221,1.5947,0.701451,10,2.70667,0.0671442,1.51601
222,1.5947,0.684755,10,2.87333,0.0671272,1.78401
223,1.5947,0.668982,10,2.7,0.0671272,1.81311
224,1.5947,0.656231,10,2.62,0.0671272,1.73777
225,1.5947,0.699015,10,2.76667,0.0671272,1.78013
226,1.5947,0.627661,10,2.44667,0.0671272,1.90945
227,1.5947,0.726113,10,2.88667,0.0671272,1.69486
228,1.5947,0.700274,10,2.96667,0.0671261,1.92405
229,1.5947,0.692339,10,2.72,0.0671265,1.67265
230,1.5947,0.6827,10,2.54667,0.0671272,1.63673
231,1.5947,0.730871,10,2.75333,0.0671268,2.00237
232,1.5947,0.762434,10,3.08667,0.0671272,1.6001
233,1.5947,0.742062,10,3.04,0.0671272,1.7198
234,1.5947,0.688935,10,2.52667,0.0671294,1.61559
235,1.5947,0.669039,10,2.50667,0.067126,1.54209
236,1.5947,0.687736,10,2.81333,0.0672458,1.76424
237,1.5947,0.68123,10,2.61333,0.0671493,1.90385
238,1.5947,0.687857,10,2.66,0.067129,1.71958
239,1.60561,0.738844,9,2.82,0.0671554,1.80489
240,1.60561,0.712851,9,2.63333,0.067194,1.93564
241,1.60561,0.669812,9,2.58,0.06716,1.85595
242,1.60561,0.647332,9,2.38667,0.0676615,1.76552
243,1.60561,0.658823,9,2.48667,0.0671264,1.93715
244,1.60561,0.722314,9,2.64667,0.0673534,1.83963
245,1.68544,0.758513,9,2.86667,0.0671268,1.79258
246,1.68544,0.684772,9,2.49333,0.067128,1.49606
247,1.68544,0.659773,9,2.44667,0.067128,1.60858
248,1.68544,0.655305,9,2.50667,0.067128,1.54481
249,1.68544,0.64709,9,2.38,0.067128,1.63026
250,1.68544,0.645409,9,2.31333,0.0671271,1.70313
251,1.68544,0.665348,9,2.45333,0.067128,1.72578
252,1.68544,0.614023,9,2.30667,0.0671707,1.7729
253,1.68544,0.63031,9,2.37333,0.0671521,1.78957
254,1.68544,0.681691,9,2.44,0.0671622,1.73897
255,1.68544,0.672283,9,2.54667,0.0671521,1.87263
256,1.68544,0.643924,9,2.31333,0.0698876,1.63238
257,1.68544,0.635885,9,2.28667,0.0672943,1.66395
258,1.68544,0.624503,10,2.01333,0.0672274,1.45274
259,1.68544,0.653932,9,2.37333,0.0671269,1.49715
260,1.68544,0.683646,10,2.86,0.0671339,1.70805
261,1.68544,0.657711,9,2.88667,0.0671259,1.69851
262,1.68544,0.679418,10,2.71333,0.0672391,1.72505
263,1.68544,0.66822,10,2.70667,0.0677298,1.74328
264,1.68544,0.660052,9,2.68,0.0677298,1.77613
265,1.68544,0.667952,9,2.78667,0.0672797,1.76598
266,1.68544,0.683413,9,2.7,0.067126,1.69339
267,1.68544,0.648152,9,2.42,0.0671259,1.75937
268,1.68544,0.659843,9,2.67333,0.0672688,1.90828
269,1.68544,0.692494,9,2.82,0.0673774,1.85936
270,1.66811,0.623343,9,2.82667,0.067126,1.95627
271,1.66811,0.636746,9,2.46667,0.067126,1.91357
272,1.66811,0.67086,9,2.59333,0.0671261,1.84908
273,1.66811,0.695717,9,2.94667,0.0671259,2.04249
274,1.66811,0.694006,9,2.97333,0.0671548,2.02854
275,1.66811,0.667861,9,2.72,0.0672458,2.15556
276,1.66811,0.632957,9,2.6,0.0671259,2.36418
277,1.66811,0.603402,9,2.21333,0.0671296,1.96788
278,1.66811,0.631586,9,2.24667,0.0672219,1.99301
279,1.61091,0.661412,9,2.53333,0.0672917,2.20517
280,1.61091,0.623247,9,2.59333,0.0687356,2.29028
281,1.61091,0.623867,9,2.44,0.0672953,2.08843
282,1.61091,0.664535,9,2.79333,0.0675356,2.07458
283,1.61091,0.648697,9,2.82,0.067206,2.24166
284,1.51922,0.622431,9,2.50667,0.0672557,2.16364
285,1.51922,0.654759,10,2.64667,0.0671934,2.29746
286,1.51922,0.648384,10,2.6,0.0672353,2.15765
287,1.51922,0.693095,10,2.84,0.0671259,2.18805
288,1.51922,0.612814,10,2.50667,0.0671259,2.20446
289,1.51922,0.623156,10,2.56,0.0671309,2.38338
290,1.51922,0.644396,10,2.84667,0.0671688,2.48357
291,1.51922,0.635573,10,2.62667,0.0671775,2.34415
292,1.51922,0.626652,10,2.48,0.0672501,2.35555
293,1.51922,0.656866,10,2.38,0.0671316,2.33831
294,1.51922,0.641943,10,2.35333,0.0672278,2.29483
295,1.51922,0.609726,10,2.50667,0.0671267,2.58843
296,1.51922,0.645714,10,2.37333,0.0671942,2.35757
297,1.51922,0.692914,10,2.72,0.0671821,2.44544
298,1.51922,0.679554,10,2.73333,0.0671278,2.35114
299,1.51922,0.6597,10,2.61333,0.0671259,2.40206
300,1.51922,0.720035,10,3.02667,0.0671278,2.40208
301,1.51922,0.74101,10,3.15333,0.0671436,2.42464
302,1.51922,0.72163,10,3.20667,0.067274,2.54324
303,1.51922,0.710715,10,3.12667,0.0672463,2.48519
304,1.51922,0.712933,10,2.80667,0.0671939,2.15289
305,1.51922,0.689673,10,2.84,0.0677208,2.45208
306,1.51922,0.693011,10,2.85333,0.0685986,2.10741
307,1.51922,0.693208,10,2.94667,0.0679548,2.21718
308,1.51016,0.713503,10,3.1,0.0692895,2.03092
309,1.51016,0.700163,10,2.96667,0.0671587,2.11473
310,1.51016,0.700031,9,2.89333,0.0671287,2.30311
311,1.64478,0.688584,9,2.75333,0.0671288,2.25889
312,1.51016,0.645657,9,2.6,0.0671728,2.41437
313,1.51016,0.658464,9,2.75333,0.0671264,2.39774
314,1.51016,0.696679,9,2.94,0.0671266,2.21575
315,1.51016,0.673912,9,2.99333,0.0674573,2.35704
316,1.51016,0.67712,9,2.82,0.067126,2.2135
317,1.51016,0.688149,9,2.68,0.0671263,2.21193
318,1.51016,0.660973,9,2.76,0.0671537,2.18426
319,1.51016,0.688884,9,2.72667,0.0671358,2.12378
320,1.57996,0.704012,9,2.92667,0.0671334,2.16069
321,1.648,0.701446,9,2.92,0.0671966,2.0191
322,1.648,0.733571,9,2.88667,0.0677592,2.16531
323,1.65256,0.693658,9,2.92,0.0675803,2.41777
324,1.65256,0.676906,9,3.06,0.0677592,2.38323
325,1.65256,0.685755,9,2.95333,0.0674186,2.40135
326,1.65256,0.680012,9,2.76667,0.0671555,2.38324
327,1.65256,0.657396,9,2.42,0.0671259,2.49219
328,1.65256,0.62765,9,2.54,0.0671307,1.99237
329,1.65256,0.688008,9,2.81333,0.0672555,2.2299
330,1.65256,0.68674,9,3.01333,0.0702005,2.03056
331,1.68158,0.699745,10,3.12667,0.0671983,2.3562
332,1.68158,0.710841,10,3.02,0.06732,2.17684
333,1.68158,0.702928,10,2.88,0.0671361,2.2513
334,1.68158,0.658838,10,2.86667,0.068175,2.44359
335,1.68158,0.661976,10,2.87333,0.0671273,2.18074
336,1.68158,0.72167,10,3,0.0671311,2.34898
337,1.68158,0.688221,10,2.84667,0.0677523,2.42656
338,1.68158,0.669232,10,2.81333,0.0688127,2.28038
339,1.68158,0.660891,10,2.70667,0.0671259,2.01594
340,1.68158,0.720096,10,2.76,0.0671259,2.12402
341,1.68158,0.671551,10,2.74,0.0671259,1.93734
342,1.68158,0.658053,10,2.60667,0.0671259,2.05354
343,1.68158,0.669769,10,2.74,0.0671259,2.22028
344,1.68158,0.703037,10,2.86,0.0671259,2.32794
345,1.68158,0.760435,10,3.31333,0.0683391,2.31623
346,1.71506,0.741997,10,3.20667,0.0673239,2.22259
347,1.71506,0.692288,10,2.82667,0.0672382,2.2785
348,1.71506,0.709264,10,2.64,0.0671276,2.30847
349,1.71506,0.69325,9,2.68,0.0671259,2.24659
350,1.71506,0.750356,9,3.29333,0.0671259,2.21964
351,1.71506,0.706349,9,2.96,0.0671259,2.1831
352,1.71506,0.693854,9,2.79333,0.0672668,2.22305
353,1.71506,0.66093,9,2.6,0.067126,2.26512
354,1.71506,0.693774,9,2.78,0.067127,2.38807
355,1.71506,0.736047,9,2.81333,0.067127,2.18913
356,1.71506,0.710199,9,2.84667,0.067127,2.16309
357,1.71506,0.719019,9,2.9,0.0673213,2.27253
358,1.71506,0.733596,9,2.98667,0.0671311,2.15424
359,1.71506,0.727299,9,2.8,0.067129,2.2373
360,1.71506,0.693987,10,2.68,0.0671259,2.07387
361,1.71506,0.673043,9,2.80667,0.0671259,2.18834
362,1.71506,0.686271,9,2.84667,0.067126,2.17004
363,1.71506,0.733899,9,2.96,0.0671532,2.16302
364,1.71506,0.777121,9,3.16,0.0671881,2.07139
365,1.71506,0.679288,9,2.97333,0.0671284,2.33396
366,1.71506,0.718094,9,2.94667,0.0671261,2.02515
367,1.71506,0.727747,9,2.93333,0.067126,2.1782
368,1.71506,0.687532,9,3.07333,0.0671261,2.16744
369,1.71506,0.703088,9,3.05333,0.0671322,2.08179
370,1.71506,0.677333,9,2.71333,0.0671435,2.0514
371,1.68615,0.681021,9,2.79333,0.0671351,2.04421
372,1.68615,0.70892,9,2.75333,0.0671351,2.22366
373,1.58924,0.694342,8,2.66667,0.0671373,2.24426
374,1.58924,0.67334,8,2.68,0.0671404,2.25127
375,1.58924,0.687621,8,2.77333,0.0671262,2.09319
376,1.58924,0.667508,8,2.69333,0.0671262,2.13143
377,1.58924,0.709529,8,2.92,0.0671266,2.14048
378,1.58924,0.705538,8,2.91333,0.0671266,2.2559
379,1.58924,0.703569,8,2.98,0.0671259,2.47922
380,1.58924,0.720757,8,3.02,0.0671259,2.26605
381,1.58924,0.739587,8,3.01333,0.0671259,2.16725
382,1.58924,0.659543,8,2.87333,0.0671259,2.36233
383,1.58924,0.71558,8,2.96,0.0671259,2.215
384,1.58924,0.704369,8,2.96667,0.0671266,2.14478
385,1.58924,0.743518,8,3.1,0.067127,2.19832
386,1.58924,0.743018,8,2.94667,0.0671272,2.24692
387,1.58924,0.729549,8,2.89333,0.0671273,2.24442
388,1.58924,0.719751,8,2.73333,0.0671692,2.1518
389,1.58924,0.700892,8,2.78,0.0671692,2.2146
390,1.58924,0.757755,8,3.02,0.0671259,2.27234
391,1.58924,0.752061,8,3.34,0.0671432,2.47502
392,1.58924,0.7155,8,3.01333,0.0676547,2.14546
393,1.58924,0.721025,9,2.98667,0.0671382,2.25626
394,1.58924,0.741436,9,3.16667,0.0676835,2.56717
395,1.58924,0.705225,9,2.91333,0.0671277,2.49081
396,1.55126,0.714485,9,2.91333,0.0671298,2.4984
397,1.55126,0.719397,9,2.89333,0.0852818,2.47885
398,1.55126,0.776058,9,3.16667,0.0671558,2.3874
399,1.55126,0.767849,9,3.28,0.067228,2.54171
400,1.55126,0.779725,9,3.07333,0.0671309,2.51397
401,1.55126,0.703259,9,2.72,0.0671581,2.23613
402,1.55126,0.763618,9,3.15333,0.0671264,2.29186
403,1.55126,0.753701,9,3.30667,0.0671283,2.25761
404,1.55126,0.69714,9,2.94667,0.067196,2.35341
405,1.55126,0.737656,9,3.04,0.0673178,2.39696
406,1.55126,0.707092,9,3.06,0.0671263,2.21921
407,1.55126,0.749637,9,3.12667,0.0671365,2.13262
408,1.55126,0.762869,9,3.38,0.0671291,2.01606
409,1.55126,0.708505,9,3.11333,0.067175,2.02257
410,1.55126,0.731246,9,3.16,0.0674418,2.07102
411,1.55126,0.766156,9,3.56667,0.0681321,2.45551
412,1.55126,0.726033,9,3.29333,0.067128,2.45273
413,1.55126,0.755235,9,3.16,0.0671301,2.45496
414,1.55126,0.788701,9,3.44667,0.06713,2.5337
415,1.55126,0.769159,10,3.54,0.06713,2.46713
416,1.5477,0.750101,9,3.48,0.0688851,2.67408
417,1.5477,0.774414,9,3.7,0.0672167,2.62532
418,1.5477,0.803283,9,3.84667,0.0671588,2.66383
419,1.5477,0.800586,10,3.67333,0.0674995,2.28611
420,1.5477,0.778824,10,3.42667,0.0671262,2.31725
421,1.5477,0.813483,10,3.58,0.0671354,2.45443
422,1.5477,0.813796,10,3.51333,0.067648,2.45261
423,1.55666,0.726002,10,3.22,0.0673423,2.37176
424,1.55666,0.786837,10,3.60667,0.0764192,2.69285
425,1.55666,0.762076,10,3.36667,0.0677143,2.56107
426,1.55666,0.764338,10,3.56667,0.06843,2.53156
427,1.55666,0.740024,10,3.38667,0.0684959,2.29318
428,1.55666,0.718049,10,3.1,0.0674608,2.31798
429,1.55666,0.769088,10,3.49333,0.0673253,2.41763
430,1.55666,0.725803,10,3.28,0.0671301,2.3312
431,1.68762,0.778777,10,3.46667,0.0671259,2.34525
432,1.68762,0.747739,10,3.39333,0.0671571,2.4099
433,1.68762,0.743169,10,3.15333,0.0671272,2.30647
434,1.68762,0.728116,10,2.82,0.0671504,2.29367
435,1.68762,0.744678,10,2.97333,0.0677151,2.35377
436,1.68762,0.777505,10,3.31333,0.0671262,2.34111
437,1.68762,0.792926,10,3.40667,0.0671611,2.24546
438,1.68762,0.757788,10,3.06667,0.067163,2.23701
439,1.68762,0.74776,10,3.00667,0.0671613,2.23008
440,1.69348,0.774121,10,3.18667,0.0671295,2.52223
441,1.69348,0.780565,10,3.52,0.0671756,2.56986
442,1.69348,0.730548,10,2.92667,0.0671304,2.38266
443,1.69348,0.708466,10,2.79333,0.0678678,2.62194
444,1.69348,0.74883,10,2.88667,0.0671624,2.62966
445,1.69348,0.749443,10,2.94667,0.067126,2.23732
446,1.69348,0.710802,9,3.04667,0.0671286,2.30643
447,1.69348,0.79081,9,3.43333,0.0678552,2.39319
448,1.69348,0.766758,9,3.24667,0.0688753,2.25487
449,1.69348,0.765241,9,2.97333,0.0671348,1.98053
450,1.69348,0.726525,9,2.86,0.0675934,2.11595
451,1.69348,0.788524,9,3.18667,0.0672218,2.05368
452,1.69348,0.770396,10,3.24,0.0671259,2.24522
453,1.69348,0.744975,10,2.98667,0.0687157,2.20763
454,1.69348,0.77937,9,3.14,0.0671343,2.327
455,1.69348,0.822023,9,3.38667,0.067271,2.32117
456,1.69348,0.722641,9,3.14667,0.069044,2.4535
457,1.69348,0.777063,9,3.12667,0.0671277,2.13519
458,1.69348,0.808013,9,3.34,0.067303,2.31847
459,1.69348,0.820969,9,3.26667,0.0722002,2.3452
460,1.69348,0.74189,9,2.98,0.0671291,2.51419
461,1.69348,0.773809,9,3.02667,0.0671291,2.2562
462,1.69348,0.758575,9,3.10667,0.0671279,2.36463
463,1.69348,0.800279,9,3.22,0.0671277,2.22596
464,1.69348,0.732171,9,3.08667,0.0671282,2.50344
465,1.69064,0.75916,9,3.14667,0.0671271,2.53425
466,1.69064,0.79314,9,3.28667,0.0671645,2.62846
467,1.69064,0.750093,10,3.06667,0.0671552,2.49723
468,1.69064,0.765478,10,3.42,0.067129,2.69637
469,1.69064,0.742139,10,3.00667,0.0671269,2.39995
470,1.69064,0.798262,10,3.22667,0.0673833,2.44338
471,1.69064,0.770343,10,3.22,0.067567,2.39901
472,1.69064,0.828312,10,3.51333,0.0676557,2.55651
473,1.63138,0.768989,10,3.35333,0.0672512,2.34459
474,1.63138,0.721771,10,3.03333,0.0674476,2.38032
475,1.63138,0.706616,10,2.90667,0.0673315,2.60967
476,1.63138,0.783747,10,3.16,0.0673671,2.36868
477,1.63138,0.757756,10,2.86667,0.0671859,2.24451
478,1.63138,0.699494,10,2.86667,0.0671547,2.62523
479,1.62574,0.701033,10,2.96667,0.0671261,2.44522
480,1.62574,0.706855,10,2.71333,0.0671259,2.46613
481,1.62574,0.704951,10,2.64,0.0671259,2.21395
482,1.62574,0.734152,10,2.91333,0.0671262,2.42996
483,1.62574,0.725987,10,3.19333,0.0671262,2.37612
484,1.62574,0.744284,10,3.02667,0.0671259,2.2255
485,1.62574,0.732247,10,3.14667,0.0671261,2.43532
486,1.62574,0.68763,9,2.82667,0.0671349,2.51882
487,1.55194,0.717573,9,2.78,0.0675423,2.35038
488,1.62011,0.659986,9,2.62667,0.0671448,2.59435
489,1.62011,0.721459,9,2.82667,0.0671512,2.68239
490,1.62011,0.67954,9,2.82667,0.0672339,2.58075
491,1.62011,0.726793,10,2.94667,0.0671511,2.24599
492,1.7171,0.698669,9,2.87333,0.0676468,2.25626
493,1.7171,0.750854,9,2.94667,0.0676363,2.32014
494,1.7171,0.747319,9,3.15333,0.0671317,2.35069
495,1.7171,0.782685,9,3.37333,0.0672269,2.32453
496,1.7171,0.814023,10,3.72,0.0675208,2.5519
497,1.7171,0.768204,10,3.26,0.0671338,2.54641
498,1.7171,0.812368,10,3.4,0.0771977,2.49052
499,1.7171,0.787547,10,3.12667,0.067181,2.4299
500,1.7171,0.798327,10,3.44,0.0671387,2.59523
501,1.73695,0.746291,10,3.24,0.0671263,2.75406
502,1.73695,0.736988,10,3.19333,0.0671297,2.70838
503,1.73695,0.764965,10,3.33333,0.0674029,2.70606
504,1.73695,0.824391,10,3.64667,0.0674029,2.45478
505,1.73695,0.743391,10,3,0.0671321,2.40507
506,1.73695,0.756472,10,3.14667,0.0672067,2.39659
507,1.73695,0.752341,10,3.20667,0.0679315,2.50116
508,1.73695,0.758633,10,3.30667,0.0672211,2.37778
509,1.73695,0.776016,10,3.63333,0.0673053,2.69538
510,1.73695,0.83433,10,3.89333,0.0671321,2.56082
511,1.73695,0.8717,10,3.97333,0.0671289,2.50034
512,1.73695,0.832638,10,3.78667,0.0671259,2.45045
513,1.73695,0.794736,10,3.52,0.0674277,2.41748
514,1.74518,0.886879,10,4.00667,0.0671262,2.57544
515,1.74518,0.806374,10,3.52667,0.067126,2.45777
516,1.74518,0.838278,10,3.80667,0.0671676,2.39199
517,1.74518,0.812032,10,3.7,0.0671259,2.58886
518,1.74518,0.840908,10,4.08667,0.0671546,2.502
519,1.74518,0.841824,10,3.88667,0.0671291,2.48231
520,1.74518,0.808064,10,3.71333,0.0671385,2.49732
521,1.74518,0.782425,10,3.73333,0.067127,2.62604
522,1.74518,0.816299,10,3.95333,0.0740328,2.53006
523,1.74518,0.772346,10,3.70667,0.0684377,2.576
524,1.74518,0.780733,10,3.54,0.0671307,2.48351
525,1.74518,0.793159,10,3.74,0.0672922,2.4864
526,1.74518,0.772941,10,3.84,0.067137,2.62015
527,1.74518,0.788902,10,3.83333,0.0671287,2.43611
528,1.74518,0.784549,10,3.50667,0.0671291,2.45707
529,1.74518,0.796514,10,3.6,0.0671262,2.40363
530,1.74544,0.773073,10,3.62667,0.0672716,2.76824
531,1.74544,0.752895,10,3.5,0.067197,2.56421
532,1.74544,0.781718,10,3.59333,0.0676064,2.45423
533,1.74544,0.866088,10,4.17333,0.0671763,2.76346
534,1.82174,0.838105,10,3.93333,0.0673215,2.53347
535,1.82174,0.81471,10,3.62667,0.0671632,2.51061
536,1.82174,0.887339,10,4.16,0.0671552,2.62406
537,1.82174,0.802707,10,3.76,0.0673479,2.71138
538,1.82174,0.805702,10,3.66667,0.0671265,2.55625
539,1.82174,0.814313,10,3.97333,0.0673244,2.80732
540,1.82174,0.863412,10,4.46,0.0672496,2.65533
541,1.82174,0.8751,10,4.36,0.067162,2.41073
542,1.82174,0.840875,10,4.09333,0.0671636,2.47662
543,1.82174,0.796783,10,3.85333,0.0673915,2.39593
544,1.82174,0.751752,10,3.55333,0.0671271,2.40654
545,1.82174,0.777578,10,3.64667,0.0674423,2.6674
546,1.82174,0.822083,10,3.61333,0.0674442,2.40516
547,1.82174,0.862083,10,4.1,0.0671264,2.35301
548,1.82174,0.883131,10,4.09333,0.0671368,2.36426
549,1.82174,0.897834,10,4.23333,0.0671275,2.35936
550,1.82174,0.863868,10,3.85333,0.0671364,2.22024
551,1.82174,0.808376,10,3.74667,0.0674103,2.36662
552,1.82174,0.785019,10,3.68,0.067376,2.51608
553,1.82174,0.792807,10,3.86,0.0671262,2.32535
554,1.82174,0.80393,10,3.7,0.0671275,2.10167
555,1.82174,0.815318,10,3.84667,0.067225,2.12107
556,1.82174,0.809509,10,3.71333,0.0671493,2.3225
557,1.82174,0.788651,10,3.72,0.067704,2.20072
558,1.82187,0.822995,10,3.65333,0.0675851,2.25742
559,1.82187,0.744977,10,3.26,0.067206,2.24232
560,1.82187,0.819692,10,3.77333,0.0672225,2.16993
561,1.82187,0.826172,10,3.64667,0.0671394,2.20939
562,1.82187,0.824448,10,3.84667,0.0672088,2.3125
563,1.82187,0.844909,10,3.98,0.079748,2.45769
564,1.82187,0.844506,10,4.06,0.0762705,2.39082
565,1.82187,0.826976,10,3.80667,0.06714,2.0564
566,1.82187,0.800682,10,3.82667,0.067126,2.46018
567,1.82187,0.848698,10,4.17333,0.0671259,2.53883
568,1.82187,0.844208,10,4.03333,0.0671268,2.38681
569,1.82187,0.752748,10,3.54667,0.0671261,2.21078
570,1.82187,0.769261,10,3.56,0.0671259,2.16167
571,1.82187,0.757911,10,3.64667,0.0671259,2.16799
572,1.82187,0.810412,10,3.7,0.0671259,2.14297
573,1.82187,0.872144,10,4.19333,0.0671259,2.47145
574,1.82187,0.787076,10,3.58667,0.0671259,2.2238
575,1.82187,0.804071,10,3.90667,0.0671332,2.32643
576,1.82187,0.814757,10,3.89333,0.0671376,2.21412
577,1.82187,0.827948,10,4.01333,0.0671266,2.25659
578,1.82187,0.810023,10,3.94,0.0671261,2.37868
579,1.82187,0.871585,10,4.19333,0.0671259,2.1216
580,1.82187,0.816569,10,3.96667,0.0671285,2.25869
581,1.82187,0.833408,10,4.26,0.0671267,2.2392
582,1.82288,0.858039,10,3.96667,0.0671376,2.06104
583,1.82174,0.828142,10,3.92,0.067129,2.15293
584,1.82174,0.823297,10,3.85333,0.0671282,2.18055
585,1.82174,0.758876,10,3.45333,0.067129,2.30146
586,1.82174,0.752291,10,3.55333,0.0671259,2.06572
587,1.82174,0.728646,10,3.36,0.067129,2.1023
588,1.82174,0.78156,10,3.77333,0.0671259,2.19829
589,1.82174,0.801275,10,3.59333,0.0671264,1.94502
590,1.82174,0.786394,10,3.90667,0.0671269,2.32814
591,1.82174,0.773565,10,3.75333,0.067129,2.2078
592,1.82174,0.818882,10,4.19333,0.067129,2.44066
593,1.82174,0.829877,10,4.04667,0.0673042,2.09707
594,1.82174,0.899527,10,4.31333,0.0689708,2.18046
595,1.82174,0.818701,10,3.74667,0.067126,2.05203
596,1.82174,0.791944,10,3.78667,0.067126,2.0931
597,1.82174,0.82971,10,3.92,0.067126,2.32402
598,1.82174,0.826561,10,4.04,0.0671259,2.41251
599,1.82174,0.855766,10,4.34667,0.0671337,2.3062
600,1.82174,0.791799,10,3.61333,0.0671337,2.05726
601,1.82152,0.856803,10,4.18,0.0672027,2.20571
602,1.82152,0.836922,10,3.89333,0.0671777,2.05143
603,1.82152,0.878242,10,4.17333,0.0671259,2.15849
604,1.82152,0.808139,10,4.12,0.0671337,2.30482
605,1.82152,0.867448,10,3.96,0.0671263,2.16937
606,1.82152,0.850854,10,4.02,0.0671337,2.30227
607,1.82152,0.854687,10,4.12667,0.0671259,2.33323
608,1.82152,0.8832,10,4.15333,0.0671259,2.16024
609,1.82152,0.949742,10,4.61333,0.067126,2.29101
610,1.82152,0.880737,10,4.37333,0.0671279,2.07608
611,1.82152,0.843388,10,3.82,0.0678582,1.97722
612,1.82152,0.825006,10,3.9,0.0671282,2.11514
613,1.82152,0.822463,10,4.21333,0.067126,2.26593
614,1.82152,0.800401,10,3.62667,0.0671263,2.18276
615,1.82152,0.816621,10,4.06,0.0671317,2.2095
616,1.82152,0.871081,10,4.00667,0.0672323,2.12642
617,1.82152,0.839926,10,3.76667,0.0671304,2.50408
618,1.82152,0.874785,10,4.07333,0.067126,2.06232
619,1.82152,0.863076,10,4.28,0.067126,2.16755
620,1.82152,0.898409,10,4.53333,0.0682894,2.30748
621,1.82152,0.875988,10,4.43333,0.0674476,2.45897
622,1.82152,0.867165,10,4.09333,0.0675204,2.06556
623,1.82152,0.841794,10,3.90667,0.0671548,2.26708
624,1.82152,0.845265,10,4.07333,0.0671943,2.22857
625,1.6921,0.852105,10,4.11333,0.067276,2.29837
626,1.6921,0.75669,10,3.78667,0.0672242,2.20717
627,1.6921,0.863067,10,4.18667,0.0672074,2.426
628,1.6921,0.800507,10,3.98667,0.0672242,2.37626
629,1.6921,0.789766,10,4.01333,0.067126,2.21692
630,1.6921,0.79148,9,3.76,0.0671259,2.31422
631,1.75658,0.80397,9,3.94,0.0671535,2.29678
632,1.75658,0.807318,9,4.15333,0.0671259,2.40287
633,1.75658,0.811132,9,4.26,0.0671816,2.48143
634,1.75658,0.770921,9,3.75333,0.0673028,2.28959
635,1.75658,0.817622,9,3.93333,0.0678902,2.28168
636,1.75658,0.903145,9,4.46667,0.0681404,2.20012
637,1.75658,0.88735,10,4.35333,0.0704939,2.32614
638,1.75658,0.873354,10,4.36,0.0672218,2.18773
639,1.75658,0.872019,10,4.28667,0.0671268,2.07281
640,1.75663,0.871696,10,4.52,0.0672578,2.34476
641,1.75663,0.876538,10,4.58,0.0671259,2.47384
642,1.75663,0.893921,10,4.34667,0.0671262,2.30179
643,1.75663,0.884096,10,4.56,0.0672766,2.18803
644,1.75663,0.844128,10,4.34,0.0671272,2.00554
645,1.75663,0.890665,10,4.64667,0.0675246,2.27665
646,1.75663,0.854089,10,4.30667,0.0671725,2.30711
647,1.75663,0.807736,10,4.2,0.0673065,2.14449
648,1.75663,0.852326,10,4.30667,0.067278,2.22274
649,1.75663,0.793685,10,4.05333,0.0677057,2.20278
650,1.77921,0.880181,10,4.38,0.0690196,2.11143
651,1.77921,0.826266,10,4.53333,0.0672251,2.31262
652,1.77921,0.87458,10,4.40667,0.0671264,2.3592
653,1.77921,0.863522,10,4.10667,0.0671285,2.11876
654,1.77921,0.798079,10,3.96667,0.0676429,2.21441
655,1.77921,0.851545,10,4.37333,0.0672103,2.28641
656,1.77921,0.857916,10,4.08667,0.0671951,2.23927
657,1.77921,0.787542,10,3.65333,0.06713,2.00353
658,1.77921,0.753586,10,3.7,0.0671319,1.99572
659,1.77921,0.771191,10,3.87333,0.0672108,2.39586
660,1.77921,0.781059,10,3.89333,0.0672929,2.15661
661,1.77921,0.795525,10,4.07333,0.067177,2.40096
662,1.77921,0.828628,10,3.84667,0.0671262,2.24907
663,1.77921,0.794587,10,3.63333,0.0671364,2.20816
664,1.77921,0.850546,10,3.85333,0.0676513,2.32316
665,1.77921,0.838179,10,4.09333,0.0672144,2.21622
666,1.77921,0.782146,10,3.89333,0.0671317,2.42605
667,1.77921,0.827376,10,3.90667,0.067126,2.23331
668,1.77921,0.851075,10,4.11333,0.0671261,2.27508
669,1.77921,0.854511,10,4.12,0.0671438,2.41952
670,1.77921,0.815061,10,3.84667,0.067266,2.34951
671,1.77921,0.855778,10,4.41333,0.0671414,2.41114
672,1.77921,0.834673,10,4.11333,0.067315,2.25521
673,1.77921,0.860209,10,4.18667,0.0690978,2.39728
674,1.77921,0.872927,10,4.26667,0.0693878,2.44996
675,1.75805,0.842674,10,4.24667,0.0671603,2.37163
676,1.75805,0.894097,10,4.37333,0.0671259,2.34998
677,1.75673,0.898354,10,4.34,0.0672173,2.50929
678,1.75673,0.889778,10,4.52667,0.0671632,2.36952
679,1.75673,0.920849,10,4.56667,0.0673415,2.36444
680,1.75673,0.893773,10,4.36,0.0673276,2.37668
681,1.75673,0.920886,10,4.54667,0.0672497,2.66597
682,1.75688,0.87441,10,4.24667,0.067126,2.2381
683,1.75688,0.862128,10,4.15333,0.0683367,2.12102
684,1.75688,0.841552,10,4.14,0.0683367,2.36976
685,1.75688,0.859844,10,4.08667,0.067147,2.23367
686,1.75688,0.831384,10,3.87333,0.0672278,2.26
687,1.75688,0.875459,10,4.27333,0.0671259,2.20932
688,1.75688,0.868335,10,4.08667,0.0671289,2.2843
689,1.75688,0.837168,10,3.92,0.0675269,2.26884
690,1.75688,0.894299,10,4.17333,0.0679888,2.37597
691,1.75688,0.915691,10,4.28,0.0671262,2.21204
692,1.75688,0.900238,10,4.29333,0.0671353,2.31503
693,1.75688,0.933054,10,4.50667,0.067126,2.36022
694,1.75688,0.917407,10,4.54,0.067201,2.39889
695,1.75688,0.95858,10,4.60667,0.0672969,2.17686
696,1.75688,0.922678,10,4.48,0.0704378,2.24345
697,1.75688,0.851435,10,4.01333,0.0704378,2.23016
698,1.75688,0.860969,10,3.9,0.067126,2.18004
699,1.75688,0.878697,10,3.85333,0.0671356,2.13328
700,1.75688,0.831842,10,4.00667,0.0671424,2.35658
701,1.75688,0.89216,10,4.17333,0.0671424,2.22152
702,1.75688,0.911363,10,4.66,0.0671924,2.25369
703,1.75688,0.876422,10,4.04667,0.0672855,2.39051
704,1.75688,0.817106,10,3.92667,0.0681191,2.28106
705,1.75688,0.84645,10,3.9,0.0674768,2.26128
706,1.75688,0.84437,10,4.11333,0.06936,2.41989
707,1.74331,0.834319,10,3.88,0.0679978,2.38073
708,1.74331,0.853454,10,3.72667,0.0694434,2.42919
709,1.74331,0.882651,10,4.17333,0.0673305,2.27939
710,1.74331,0.863402,10,3.82667,0.0672094,2.31831
711,1.74331,0.853064,10,3.87333,0.0671364,2.3298
712,1.74331,0.864102,10,4.1,0.0675543,2.25843
713,1.74331,0.911989,10,4.14,0.0673331,2.09326
714,1.74331,0.834483,10,3.76667,0.0671679,2.24051
715,1.74331,0.862469,10,3.98667,0.0705317,1.99228
716,1.74331,0.842751,10,3.81333,0.067169,2.17355
717,1.74331,0.829684,10,3.62667,0.0694627,2.13649
718,1.74331,0.840191,10,3.93333,0.067139,2.37215
719,1.74331,0.82738,10,3.80667,0.0672608,2.1739
720,1.74331,0.832937,10,3.74667,0.0673466,2.11691
721,1.74331,0.86155,10,3.88667,0.0675807,2.11429
722,1.74331,0.851673,10,3.9,0.0671261,2.05378
723,1.7896,0.85338,10,3.79333,0.0690383,2.09702
724,1.7896,0.869396,10,3.93333,0.0678469,2.1561
725,1.79287,0.896938,10,3.95333,0.0671714,1.99313
726,1.79287,0.764722,10,3.54667,0.0683943,2.23065
727,1.79287,0.745045,10,3.32,0.0852856,2.26878
728,1.79287,0.774508,10,3.47333,0.0675246,2.13528
729,1.79287,0.82717,10,3.54,0.0671264,2.17572
730,1.79287,0.8103,10,3.42667,0.067131,2.12804
731,1.79287,0.867897,10,3.79333,0.0671572,2.0408
732,1.79287,0.817779,10,3.58667,0.0671307,1.90092
733,1.79326,0.812896,10,3.44,0.0671307,1.98736
734,1.79326,0.77492,10,3.32,0.0671307,2.06757
735,1.79326,0.817807,10,3.52667,0.0726847,1.99175
736,1.79326,0.770175,10,3.34667,0.0683762,2.01872
737,1.79438,0.818006,10,3.54667,0.0676104,2.04095
738,1.79438,0.808703,10,3.57333,0.0674027,2.06055
739,1.79438,0.82708,10,3.48667,0.0671259,1.93159
740,1.79438,0.802996,10,3.49333,0.0671473,1.9298
741,1.79438,0.806121,10,3.55333,0.0671473,2.04065
742,1.79438,0.772351,10,3.13333,0.0671284,2.115
743,1.79438,0.777715,10,3.22,0.067126,1.99371
744,1.79438,0.791649,10,3.4,0.0684141,2.07151
745,1.79438,0.793983,10,3.4,0.0684683,1.87879
746,1.79438,0.805754,10,3.31333,0.0674911,1.98985
747,1.79438,0.842668,10,3.67333,0.0671807,1.87968
748,1.79438,0.751354,10,3.28667,0.0671262,1.92187
749,1.79438,0.760642,10,3.33333,0.067128,1.72421
750,1.79438,0.735244,10,3.14,0.0676304,1.90328
751,1.79438,0.715688,10,3.08,0.0677306,1.71156
752,1.79438,0.716934,10,3.2,0.0672862,1.72845
753,1.79438,0.725391,10,3.29333,0.0674791,1.85342
754,1.79882,0.738456,10,3.22667,0.0674791,1.82262
755,1.79882,0.700726,10,2.82667,0.0671723,1.66827
756,1.79882,0.726546,10,2.82667,0.0671537,1.75368
757,1.79882,0.67881,10,2.96,0.0671268,1.7765
758,1.79882,0.712118,10,3.04,0.0671262,1.8846
759,1.79882,0.711136,10,2.96,0.0671353,1.85566
760,1.79882,0.694151,10,2.93333,0.0671259,1.91107
761,1.79882,0.665582,10,2.33333,0.0671259,1.892
762,1.79882,0.710036,10,2.83333,0.067355,1.87745
763,1.79882,0.733482,10,2.88,0.0701256,1.69899
764,1.79882,0.717524,10,2.79333,0.0681729,1.82626
765,1.79882,0.739193,10,3.06667,0.0671291,1.85618
766,1.79882,0.736375,10,3.30667,0.0671402,1.96478
767,1.79882,0.703661,10,3.1,0.067126,2.05969
768,1.79882,0.734405,10,3.05333,0.067126,1.95529
769,1.79882,0.704589,10,3.06667,0.0671415,2.19164
770,1.79882,0.678788,10,2.88667,0.0671377,2.16815
771,1.79882,0.736419,10,3.18667,0.0671415,2.22486
772,1.79882,0.738579,10,3.21333,0.0671415,2.26577
773,1.79882,0.782745,10,3.22667,0.0685362,1.9422
774,1.79882,0.763514,10,3.28,0.0740193,2.04362
775,1.79882,0.749654,10,3.42667,0.0671285,2.17407
776,1.79882,0.736555,10,3.26,0.0671282,1.97514
777,1.79882,0.713077,10,3.2,0.0672467,2.06315
778,1.79882,0.787181,10,3.34667,0.0671342,2.07988
779,1.7353,0.771161,10,3.69333,0.0807109,2.20683
780,1.7353,0.75378,10,3.39333,0.0676779,2.01662
781,1.7353,0.778505,10,3.28667,0.0680492,1.95325
782,1.7353,0.774101,10,3.32667,0.0671259,1.96546
783,1.7353,0.808586,10,3.40667,0.0671276,2.15466
784,1.7353,0.769927,10,3.34,0.0677815,2.19501
785,1.7353,0.793055,10,3.47333,0.0675721,2.30168
786,1.7353,0.808936,10,3.58667,0.0673397,2.16661
787,1.7353,0.818135,10,3.57333,0.0671432,2.04497
788,1.7353,0.777619,10,3.66,0.0673036,2.03634
789,1.7353,0.792381,10,3.55333,0.0671421,2.24781
790,1.7353,0.739476,10,3.14667,0.0671421,2.01163
791,1.73504,0.762216,10,3.06,0.0671421,2.19072
792,1.73504,0.752404,10,3.12667,0.067127,2.28612
793,1.73504,0.784157,10,3.38667,0.0671265,2.1413
794,1.73504,0.795952,10,3.34,0.0671262,2.21941
795,1.73504,0.733809,10,3.17333,0.0671261,2.07496
796,1.73504,0.769392,10,3.18667,0.0671261,2.09008
797,1.73504,0.769866,10,3.28,0.0671261,2.11595
798,1.66478,0.804373,9,3.44667,0.0679369,2.32902
799,1.66478,0.800229,9,3.46667,0.0671267,2.2552
800,1.66478,0.740067,9,3.21333,0.0671267,2.2162
801,1.66478,0.742389,9,3.21333,0.0671267,2.1783
802,1.66478,0.789264,9,3.48,0.0671267,2.06688
803,1.66478,0.731652,9,3.26667,0.0671267,2.08136
804,1.66478,0.681188,9,2.97333,0.0671267,2.15394
805,1.66478,0.704746,9,3.06667,0.0671907,2.0833
806,1.66478,0.73413,9,3.15333,0.0679257,2.1619
807,1.66478,0.729872,9,3.20667,0.0673848,2.47422
808,1.66478,0.773676,9,3.25333,0.067129,2.49005
809,1.66478,0.77571,9,3.44,0.0671345,2.22925
810,1.66478,0.769825,9,3.44667,0.0673805,2.33168
811,1.66478,0.750032,9,3.25333,0.0676979,2.15644
812,1.66478,0.814957,9,3.49333,0.0692374,2.0273
813,1.66478,0.775116,9,3.28667,0.0674973,2.05775
814,1.66478,0.742187,9,3.15333,0.0671487,1.92921
815,1.66478,0.757121,9,3.42667,0.0671924,1.97487
816,1.66478,0.778646,9,3.37333,0.0673007,2.05919
817,1.62462,0.745935,9,3.11333,0.0674194,1.966
818,1.62462,0.718645,9,3.08667,0.0672935,2.14894
819,1.62462,0.739883,9,3.33333,0.0671339,1.95966
820,1.63865,0.754632,10,3.17333,0.0671283,2.01463
821,1.63865,0.793932,10,3.62,0.0671262,2.00764
822,1.63865,0.771127,10,3.48,0.0671259,2.17615
823,1.66647,0.794714,10,3.50667,0.0671259,2.03466
824,1.66647,0.787056,10,3.58,0.0671401,1.91211
825,1.66647,0.809908,10,3.56,0.067126,2.14351
826,1.66647,0.81622,10,3.56,0.0671259,1.94124
827,1.66647,0.748686,10,3.15333,0.0671259,2.09352
828,1.71588,0.799501,10,3.36667,0.0671259,1.91059
829,1.71588,0.77064,9,3.67333,0.0675519,2.11423
830,1.71588,0.792647,9,3.34,0.0682191,2.00737
831,1.71588,0.735213,10,3.27333,0.067183,2.04684
832,1.73264,0.798123,10,3.70667,0.067131,2.21868
833,1.73264,0.800396,10,3.68667,0.0671259,2.36945
834,1.73264,0.765235,10,3.67333,0.0671259,2.25535
835,1.75311,0.785048,10,3.6,0.0671259,2.39419
836,1.75311,0.806571,10,3.5,0.0671259,2.13929
837,1.75311,0.778296,10,3.45333,0.067126,2.17795
838,1.75311,0.7169,10,3.02667,0.067126,2.18481
839,1.75311,0.723128,10,3.16667,0.067126,2.21319
840,1.75311,0.771557,10,3.37333,0.0671259,2.28765
841,1.75311,0.721966,10,3.08667,0.067126,2.22454
842,1.75311,0.720595,10,2.79333,0.067126,2.2101
843,1.75311,0.765419,10,3.23333,0.067126,2.18327
844,1.75311,0.732423,10,3.17333,0.067126,2.27114
845,1.75311,0.819445,10,3.66667,0.067126,2.17963
846,1.75311,0.759448,10,3.27333,0.067126,2.31181
847,1.75311,0.778984,10,3.56667,0.0671259,2.29445
848,1.75311,0.778367,10,3.29333,0.0671259,2.28114
849,1.75311,0.74489,10,3.08667,0.0671259,2.03278
850,1.75311,0.743994,10,2.85333,0.0671259,2.12142
851,1.75311,0.724468,10,2.81333,0.0671259,2.02234
852,1.75311,0.770358,10,3.14667,0.0671259,2.03371
853,1.75311,0.802885,10,3.5,0.067126,2.20345
854,1.75311,0.77265,10,3.22,0.067126,2.00448
855,1.75311,0.754448,10,3.10667,0.067126,2.11797
856,1.75311,0.718972,10,3.1,0.0671259,2.31186
857,1.75311,0.754301,9,3.02667,0.067126,2.0941
858,1.75311,0.739184,9,3.17333,0.067126,2.30944
859,1.75311,0.748673,9,3,0.067126,2.14616
860,1.7041,0.693152,9,2.96667,0.067126,2.42862
861,1.7041,0.72034,9,2.91333,0.067126,2.35047
862,1.7041,0.664752,9,2.96,0.0671328,2.3261
863,1.7041,0.728769,10,3.06667,0.0671976,2.32495
864,1.7041,0.773686,10,3.61333,0.0672643,2.3581
865,1.79122,0.736848,10,3.13333,0.0672643,2.25318
866,1.79122,0.73767,10,3.17333,0.0672579,2.01423
867,1.79122,0.771851,10,3.26,0.0672579,1.99537
868,1.79122,0.700494,10,2.99333,0.067258,2.39472
869,1.79122,0.738073,10,3,0.067147,2.03543
870,1.79122,0.708969,10,2.78667,0.0672575,2.12053
871,1.79122,0.786915,10,3.35333,0.0671334,2.16766
872,1.79122,0.774314,10,3.23333,0.0671701,2.19014
873,1.79122,0.758913,10,3.48667,0.0672075,2.41969
874,1.79122,0.743524,10,3.12667,0.0672075,2.26524
875,1.79122,0.806046,10,3.60667,0.0672075,2.17787
876,1.79122,0.813194,10,3.85333,0.0671259,2.23744
877,1.79122,0.734797,10,2.99333,0.0671259,2.24979
878,1.79122,0.816455,10,3.59333,0.0671259,2.30956
879,1.79122,0.84334,10,3.76,0.0671259,2.50985
880,1.79122,0.76339,10,3.50667,0.0671259,2.27445
881,1.79122,0.787624,10,3.68,0.0671259,2.42097
882,1.79122,0.75726,10,3.60667,0.0671259,2.48618
883,1.79122,0.849665,10,3.98667,0.0671259,2.72637
884,1.79122,0.785371,10,3.72667,0.0671259,2.57827
885,1.79122,0.814713,10,3.93333,0.0671259,2.35101
886,1.79122,0.813174,10,3.88,0.0671259,2.1965
887,1.79122,0.783873,10,3.54,0.0671259,2.01833
888,1.79122,0.75514,10,3.46,0.0671259,2.11966
889,1.79122,0.761352,10,3.38667,0.0671259,2.06689
890,1.67376,0.822845,10,4.03333,0.0671259,2.32069
891,1.67376,0.744507,10,3.46667,0.0671339,2.37676
892,1.67376,0.748568,10,3.47333,0.0671261,2.33718
893,1.67376,0.723379,10,3.56667,0.067126,2.34743
894,1.75625,0.814938,10,4.10667,0.0671262,2.28428
895,1.75625,0.794374,10,3.72,0.0671344,2.15239
896,1.75625,0.803194,10,3.89333,0.0671259,2.40962
897,1.75625,0.796726,10,3.55333,0.0672047,2.29254
898,1.75625,0.735952,10,3.64,0.0687112,2.41772
899,1.75625,0.772682,10,3.58667,0.0681025,2.53338
900,1.75625,0.774504,10,3.68667,0.0674711,2.31073
901,1.75625,0.751816,10,3.49333,0.0697943,2.24894
902,1.75625,0.768786,10,3.54667,0.0671318,2.31759
903,1.75625,0.77028,10,3.53333,0.0671401,2.30903
904,1.75625,0.732173,10,3.48,0.0672243,2.27465
905,1.75625,0.772752,10,3.74,0.0671259,2.39396
906,1.75625,0.754913,10,3.55333,0.0671262,2.23615
907,1.75625,0.763629,10,3.68,0.0674157,2.18701
908,1.75778,0.775667,10,3.38667,0.0671259,2.207
909,1.75778,0.811793,10,3.91333,0.0694415,2.21137
910,1.75778,0.797362,10,3.62,0.0671383,2.17752
911,1.75778,0.770353,10,3.72667,0.0671274,2.17701
912,1.75778,0.739729,10,3.58,0.0671267,2.28857
913,1.75778,0.797544,10,3.76667,0.0671267,2.22904
914,1.75778,0.769538,10,3.66,0.0671282,2.24534
915,1.75778,0.794137,10,3.77333,0.0671787,2.21413
916,1.75778,0.788359,10,3.52,0.0671448,2.02347
917,1.75778,0.747453,10,3.47333,0.0673694,2.20554
918,1.75778,0.748365,10,3.31333,0.0673869,2.20573
919,1.75778,0.709434,10,3.07333,0.0671259,2.24897
920,1.75778,0.718885,10,3.24667,0.0681748,2.34005
921,1.75778,0.684392,10,3.1,0.0672037,2.35383
922,1.75778,0.711647,10,3.33333,0.067128,2.3104
923,1.75778,0.772218,10,3.58667,0.067128,2.33819
924,1.75778,0.775359,10,3.42,0.0671331,2.24232
925,1.75778,0.768032,10,3.87333,0.0674569,2.29238
926,1.75778,0.710212,10,3.42,0.0672012,2.2427
927,1.75778,0.728351,10,3.36,0.067126,2.20275
928,1.75778,0.705041,10,3.52,0.0671283,2.2079
929,1.75778,0.759134,10,3.6,0.067126,2.39057
930,1.75778,0.719917,10,3.34,0.0671263,2.22831
931,1.75778,0.725245,10,3.42,0.0671266,2.11321
932,1.75778,0.683078,10,3.22667,0.0671266,2.10414
933,1.65741,0.683036,9,3.35333,0.0671259,1.93244
934,1.65741,0.747321,9,3.49333,0.0671259,2.08236
935,1.68605,0.735653,9,3.51333,0.0671259,2.31149
936,1.68605,0.716221,9,3.59333,0.0671259,2.25652
937,1.75346,0.748761,10,3.46,0.0671259,2.18906
938,1.75346,0.718194,10,3.39333,0.0671259,2.15371
939,1.75346,0.747427,10,3.65333,0.0671259,2.03463
940,1.75346,0.769993,10,3.6,0.0671259,2.09023
941,1.75346,0.725303,10,3.30667,0.0671649,2.09673
942,1.75346,0.719475,10,3.31333,0.067126,2.02334
943,1.75346,0.787114,10,3.61333,0.0671273,2.2106
944,1.75346,0.801584,10,3.86,0.0671649,1.95102
945,1.75346,0.758141,10,3.6,0.0671649,2.23336
946,1.78998,0.812595,10,3.8,0.0671649,2.00581
947,1.78998,0.79918,10,3.64,0.0671259,2.17984
948,1.78998,0.768047,10,3.56,0.0671259,2.09161
949,1.78998,0.743863,10,3.52667,0.0671259,2.01392
950,1.78998,0.791186,10,3.76,0.067138,2.03514
951,1.78998,0.830794,10,4.16667,0.0683327,2.08098
952,1.78998,0.831704,10,3.82,0.0683327,2.22293
953,1.78998,0.863148,10,4.38667,0.0671768,2.26664
954,1.78998,0.779,10,3.82667,0.0671348,2.22803
955,1.78998,0.819147,10,3.93333,0.0671507,2.0709
956,1.78998,0.827196,10,3.97333,0.0671259,2.20778
957,1.78998,0.794895,10,4.02667,0.0671259,2.17612
958,1.78998,0.879017,10,4.62667,0.0694542,2.2542
959,1.78998,0.847109,10,4.09333,0.069433,2.25549
960,1.78998,0.813538,10,4.24,0.071519,2.24727
961,1.78998,0.857794,10,4.12,0.0671726,2.09444
962,1.78998,0.822131,10,4.04667,0.0671353,2.14876
963,1.78998,0.791772,10,3.83333,0.0674034,2.33994
964,1.78998,0.8338,10,4.12,0.0671294,2.16075
965,1.78998,0.877885,10,4.32,0.0693657,2.09086
966,1.78998,0.830289,10,4.22,0.0677415,2.14095
967,1.78998,0.874561,10,4.49333,0.0671327,2.24828
968,1.78998,0.821061,10,4.1,0.0683024,2.21889
969,1.78998,0.82127,10,3.95333,0.0671259,2.14628
970,1.78998,0.808773,10,3.74,0.0671292,2.04895
971,1.72268,0.788635,10,3.6,0.069367,2.28921
972,1.72268,0.823755,10,3.96667,0.0694322,2.33593
973,1.72268,0.845253,10,4.02,0.0687094,2.17381
974,1.72268,0.852397,10,4.06667,0.0697581,2.20904
975,1.72268,0.853725,10,3.98667,0.0671378,1.88004
976,1.72268,0.921488,10,4.28,0.0671669,2.14301
977,1.72268,0.893454,10,4.37333,0.0690227,2.2473
978,1.67271,0.827211,9,3.73333,0.0671819,2.26267
979,1.67271,0.837047,9,3.74667,0.067131,2.3342
980,1.67271,0.847441,9,3.88,0.0671349,2.31081
981,1.67271,0.806789,9,3.6,0.0671296,2.27069
982,1.67271,0.783864,9,3.58,0.0693018,2.32976
983,1.67271,0.784433,9,3.78667,0.0671342,2.47793
984,1.71777,0.859285,9,4.01333,0.067182,2.38698
985,1.71777,0.82742,9,3.94667,0.068491,2.32116
986,1.72116,0.798098,10,3.56667,0.0671264,2.34063
987,1.72116,0.790267,10,3.48667,0.0671264,2.48426
988,1.72116,0.772935,10,3.54,0.0671264,2.45709
989,1.72116,0.761425,10,3.56667,0.067126,2.27826
990,1.77565,0.834636,10,3.98667,0.0671277,2.18794
991,1.77565,0.838387,10,3.90667,0.0671277,2.47531
992,1.77565,0.829305,10,3.79333,0.0671277,1.91669
993,1.77565,0.85284,10,3.96,0.0671277,2.18148
994,1.77565,0.865949,10,4.02667,0.0671277,2.09699
995,1.77565,0.839007,10,3.78,0.0671277,2.063
996,1.77565,0.805137,10,4.06,0.0671277,2.12083
997,1.77565,0.781976,10,3.54,0.0671277,2.25752
998,1.77565,0.806522,10,3.93333,0.0671277,2.33469
999,1.77565,0.770291,10,3.34,0.0671277,2.09733
1000,1.77565,0.764006,10,3.30667,0.0671275,2.22254
