1,0.559587,0.193887,6,0.186667,0.0751302,1.1647
2,0.751651,0.275325,6,0.273333,0.0672812,1.25386
3,0.751651,0.316067,8,0.173333,0.0671333,0.977033
4,0.810511,0.289086,4,0.2,0.0671445,0.891404
5,0.810511,0.348646,4,0.173333,0.0671259,0.90172
6,0.810511,0.368961,4,0.113333,0.0671267,0.534255
7,1.00452,0.336596,4,0.173333,0.0671261,0.691427
8,1.00452,0.358724,8,0.2,0.0671261,0.604113
9,1.00452,0.37186,5,0.18,0.067129,0.816
10,1.00452,0.394636,7,0.34,0.0671281,0.789194
11,1.01764,0.356723,5,0.353333,0.0671259,0.902266
12,1.01764,0.367921,4,0.213333,0.0671265,0.905786
13,1.01764,0.376468,5,0.366667,0.0671267,0.966649
14,1.01764,0.376488,5,0.34,0.0671267,0.961169
15,1.25767,0.382981,6,0.32,0.0671259,0.926938
16,1.25767,0.431451,6,0.513333,0.0671259,0.94424
17,1.25767,0.385128,6,0.466667,0.0671259,0.907574
18,1.25767,0.377448,6,0.493333,0.0671259,0.943033
19,1.25767,0.402647,6,0.58,0.0671259,0.971556
20,1.25767,0.398319,6,0.506667,0.0671261,0.875961
21,1.25767,0.427645,6,0.7,0.0671261,0.910582
22,1.25767,0.440292,6,0.886667,0.0671324,1.08912
23,1.25767,0.451384,6,0.706667,0.0671333,0.994352
24,1.25767,0.43892,6,0.573333,0.0671265,1.10885
25,1.25767,0.473919,6,0.8,0.0671319,1.16989
26,1.37646,0.459017,7,0.7,0.067126,1.11943
27,1.37646,0.480782,8,0.726667,0.0671359,1.06283
28,1.37646,0.496251,8,0.913333,0.0671259,1.17945
29,1.37646,0.46524,8,0.733333,0.0671279,1.32393
30,1.37646,0.454444,7,0.94,0.067133,1.36756
31,1.37646,0.434392,7,0.86,0.067133,1.48581
32,1.37646,0.441941,7,0.773333,0.0671522,1.28698
33,1.37646,0.447955,7,0.846667,0.0671287,1.28407
34,1.37646,0.48951,7,0.82,0.0671269,1.26277
35,1.37646,0.508119,7,1.06,0.0671268,1.38466
36,1.37646,0.482488,7,0.88,0.0671283,1.48831
37,1.43888,0.495217,7,0.986667,0.0671263,1.63105
38,1.43888,0.491197,7,1.08667,0.067137,1.54707
39,1.43888,0.505111,7,1.36,0.067137,1.58607
40,1.43888,0.524081,7,1.38,0.0671261,1.52315
41,1.43888,0.497768,7,1.28667,0.0671289,1.66483
42,1.43888,0.521533,8,1.29333,0.0671286,1.5149
43,1.43888,0.490021,8,1.18667,0.0671286,1.76247
44,1.43888,0.510652,7,1.14667,0.0671278,1.61493
45,1.43888,0.510629,7,1.22,0.0671279,1.70786
46,1.43888,0.510425,7,1.14,0.0671279,1.43246
47,1.43888,0.505311,7,1.32,0.067126,1.67609
48,1.43888,0.527855,7,1.22,0.067126,1.66471
49,1.44609,0.569708,7,1.40667,0.0671259,1.51397
50,1.44609,0.541077,7,1.47333,0.0671259,1.63512
51,1.44609,0.539999,7,1.34667,0.0671265,1.57151
52,1.44609,0.518732,7,1.44667,0.067126,1.64006
53,1.44609,0.542931,7,1.45333,0.0671261,1.68324
54,1.44609,0.560289,7,1.54,0.0671314,1.72533
55,1.44609,0.586285,7,1.69333,0.0671323,1.60979
56,1.44609,0.54738,8,1.72667,0.0671293,1.65092
57,1.44609,0.543484,7,1.46667,0.0673228,1.57167
58,1.44609,0.551149,7,1.60667,0.0672802,1.61086
59,1.44609,0.582344,7,1.89333,0.0674508,1.7629
60,1.44609,0.540643,7,1.69333,0.0671307,1.75693
61,1.44609,0.608972,8,1.9,0.0671307,1.74665
62,1.44609,0.578738,7,1.82667,0.0671366,1.65943
63,1.44609,0.55178,7,1.62667,0.0671374,1.90072
64,1.44609,0.579885,8,1.70667,0.067126,1.83724
65,1.44609,0.573578,7,1.72667,0.0674728,2.25653
66,1.44609,0.601293,7,1.94667,0.0671343,2.0577
67,1.44609,0.614296,7,1.88,0.0671261,2.00742
68,1.50368,0.625431,9,2.19333,0.0675703,2.15059
69,1.50368,0.605182,10,2.14667,0.0671591,1.978
70,1.50368,0.635607,10,2.16,0.0673747,1.79557
71,1.50368,0.61099,10,2.11333,0.0671507,1.95292
72,1.50368,0.657619,9,2.18667,0.067226,1.95966
73,1.50368,0.670319,9,2.42,0.0671272,2.07362
74,1.50368,0.661183,9,2.46,0.0671272,2.09436
75,1.50368,0.654519,9,2.41333,0.0671263,2.05599
76,1.50368,0.659946,9,2.32,0.067126,2.0419
77,1.53574,0.665934,9,2.42667,0.067128,2.27629
78,1.53574,0.644018,9,2.31333,0.067128,2.36987
79,1.53574,0.658169,9,2.34667,0.0671262,2.36087
80,1.53574,0.659108,9,2.5,0.0678048,2.62841
81,1.53574,0.635346,9,2.32,0.0671292,2.49237
82,1.53574,0.643555,9,2.32,0.0671288,2.33803
83,1.53574,0.632306,9,2.09333,0.0671507,2.33297
84,1.53574,0.703499,9,2.54,0.0671931,2.45203
85,1.71986,0.671469,9,2.39333,0.0792715,2.53093
86,1.71986,0.696383,9,2.28667,0.0674259,2.32014
87,1.71986,0.706238,9,2.55333,0.0672435,2.57682
88,1.71986,0.665707,9,2.68667,0.0671494,2.66019
89,1.71986,0.679,9,2.64667,0.0674377,2.58043
90,1.71986,0.70069,9,2.80667,0.0680688,2.39898
91,1.71986,0.701183,9,2.78,0.0681744,2.3204
92,1.71986,0.756729,9,2.93333,0.0683043,2.56549
93,1.71986,0.733261,9,2.85333,0.0701055,2.46327
94,1.71986,0.711483,9,2.80667,0.0671358,2.40493
95,1.71986,0.667251,9,2.6,0.0671357,2.35528
96,1.71986,0.707835,9,2.74,0.0671905,2.4887
97,1.71986,0.694478,9,2.77333,0.0672594,2.45435
98,1.71986,0.712996,9,2.8,0.0671476,2.58295
99,1.71986,0.70214,9,2.92,0.070943,2.67985
100,1.71986,0.703979,9,2.77333,0.0671642,2.44662
101,1.71986,0.737952,9,2.86667,0.0672377,2.72451
102,1.71986,0.730362,9,2.97333,0.067126,2.58179
103,1.71986,0.749211,9,3.03333,0.0673686,2.70088
104,1.71986,0.735577,9,2.74667,0.0673686,2.65835
105,1.71986,0.717262,9,2.8,0.0673686,2.50937
106,1.71986,0.697544,9,3.04,0.0672779,2.79136
107,1.71986,0.763092,9,3.18667,0.0671651,2.75209
108,1.71986,0.727765,9,3.10667,0.0673686,3.01539
109,1.71986,0.699957,9,2.91333,0.0672213,2.73724
110,1.51169,0.70163,8,2.88,0.0671346,2.77373
111,1.51169,0.720396,8,3.11333,0.0671752,2.99746
112,1.51169,0.712375,8,3.08,0.0671271,2.67676
113,1.50876,0.717704,8,3.15333,0.0676228,2.78299
114,1.50876,0.680752,8,2.70667,0.0671846,2.72537
115,1.50876,0.679298,8,2.86,0.0674051,2.71613
116,1.50876,0.681245,8,2.78,0.0672494,2.89762
117,1.50876,0.667203,8,2.41333,0.0672494,2.73694
118,1.50876,0.66511,8,2.77333,0.0679842,2.78019
119,1.50876,0.729675,8,3.04667,0.0679777,3.15137
120,1.50876,0.724574,8,3.02667,0.0690789,3.044
121,1.50876,0.717002,8,2.93333,0.067129,2.99341
122,1.50876,0.743264,8,2.94667,0.067129,2.90857
123,1.50876,0.691965,8,2.83333,0.067129,2.91231
124,1.53948,0.709566,8,2.86667,0.0671259,2.82265
125,1.53948,0.700533,8,2.83333,0.0671261,2.91026
126,1.53948,0.704808,9,2.93333,0.0673163,2.79987
127,1.53948,0.757867,9,3.14,0.0671358,2.86522
128,1.53948,0.74167,9,3.06667,0.0671292,2.99621
129,1.53948,0.761384,9,3.28667,0.0672161,2.87743
130,1.53948,0.79793,9,3.55333,0.0679164,3.01283
131,1.53948,0.75609,9,3.36,0.0671299,3.07254
132,1.53948,0.751238,9,3.06667,0.0671299,2.71079
133,1.53948,0.753994,9,3.33333,0.0671299,2.81003
134,1.53948,0.799625,9,3.56667,0.0671299,2.84593
135,1.53948,0.770492,9,3.16667,0.0671259,2.67745
136,1.53948,0.752205,9,3.18667,0.0671259,2.69564
137,1.53948,0.727109,9,3.24667,0.0671259,3.09535
138,1.53948,0.758696,9,3.20667,0.0671259,2.75741
139,1.53948,0.73632,9,3.10667,0.0676324,2.75861
140,1.53948,0.770433,9,2.92667,0.0671302,2.56041
141,1.53948,0.713179,9,2.79333,0.0671293,2.63348
142,1.53948,0.708155,9,2.60667,0.067764,2.73283
143,1.53948,0.711927,9,2.52,0.0671398,2.64189
144,1.53948,0.760209,9,2.97333,0.0680294,2.85301
145,1.53948,0.747219,9,3.04667,0.0671986,2.76345
146,1.53948,0.760996,9,3.19333,0.0672205,2.82316
147,1.53948,0.785562,9,3.22667,0.0673428,2.80952
148,1.53948,0.762384,9,2.98,0.0671324,2.5311
149,1.53107,0.802326,9,3.27333,0.0671259,2.80178
150,1.53107,0.738216,9,2.82,0.0671454,2.7546
151,1.53107,0.741695,9,2.81333,0.0671278,2.68872
152,1.53107,0.714033,9,2.88,0.067166,2.6684
153,1.53107,0.752949,9,3,0.0673661,2.85714
154,1.53107,0.747935,9,3.13333,0.0671299,2.61077
155,1.53107,0.734837,9,3.05333,0.0671272,2.56216
156,1.53107,0.689943,9,3.00667,0.0672559,2.63211
157,1.53107,0.737876,9,3.04,0.0671271,2.62431
158,1.53107,0.761867,8,3.27333,0.0671278,2.42109
159,1.53107,0.721214,8,3.01333,0.0680829,2.62435
160,1.53107,0.742487,8,3.09333,0.0671481,2.70289
161,1.53107,0.726594,8,3.12,0.067205,2.69864
162,1.53107,0.712258,8,3.06667,0.067205,2.61072
163,1.53107,0.753794,8,2.88,0.0671262,2.42699
164,1.53107,0.728123,8,2.95333,0.0686791,2.43127
165,1.53107,0.708786,8,3.03333,0.0672425,2.53157
166,1.53107,0.693981,9,2.98,0.0671281,2.6597
167,1.53157,0.688416,8,2.72,0.0671322,2.49157
168,1.53157,0.706476,8,2.84,0.0671313,2.42829
169,1.53157,0.716633,8,2.73333,0.0671402,2.55435
170,1.53157,0.685461,8,2.78,0.0671487,2.26107
171,1.53157,0.672281,8,2.82,0.0671265,2.44676
172,1.53157,0.666851,8,2.74,0.069045,2.59355
173,1.53157,0.652056,8,2.41333,0.0671268,2.58058
174,1.53157,0.714988,8,2.66,0.0671259,2.4204
175,1.53157,0.703717,8,2.79333,0.0671274,2.46418
176,1.53157,0.711838,8,2.59333,0.0672157,2.33235
177,1.53157,0.696334,8,2.66667,0.0671267,2.47571
178,1.53157,0.645822,8,2.36667,0.067285,2.40469
179,1.53157,0.689261,8,2.55333,0.0671472,2.38925
180,1.53157,0.69504,8,2.59333,0.0671263,2.44683
181,1.60083,0.702469,9,2.68667,0.0671632,2.48297
182,1.60083,0.695479,9,2.7,0.0691135,2.32712
183,1.60083,0.620038,9,2.22,0.0671408,2.61569
184,1.60083,0.663929,9,2.4,0.0671267,2.32876
185,1.60083,0.643282,9,2.33333,0.0671318,2.22653
186,1.60083,0.677022,9,2.66,0.0671303,2.55121
187,1.60083,0.689873,9,2.89333,0.0671261,2.39314
188,1.60083,0.68322,9,2.6,0.0671259,2.33766
189,1.60083,0.647689,9,2.51333,0.0671264,2.27058
190,1.60083,0.651216,9,2.33333,0.0671264,2.30515
191,1.60083,0.651656,9,2.24667,0.0671264,2.16325
192,1.60083,0.661724,9,2.37333,0.0676323,2.31207
193,1.60083,0.700712,9,2.6,0.0671284,2.21295
194,1.60083,0.664861,9,2.43333,0.067127,2.0476
195,1.60083,0.636473,9,2.28667,0.0675855,2.19347
196,1.60083,0.655618,9,2.4,0.067129,2.13516
197,1.60083,0.620655,9,2.18,0.0671338,1.99625
198,1.60083,0.598103,9,1.96667,0.0671302,1.957
199,1.60083,0.586448,9,2.24667,0.067127,1.92411
200,1.60083,0.61366,9,2.02,0.0671418,2.07562
201,1.60083,0.603706,9,2.06,0.0671271,2.09262
202,1.60083,0.616595,9,2.16667,0.0671303,2.19282
203,1.60083,0.604067,9,2.04667,0.0671462,2.23034
204,1.60083,0.590686,9,1.88,0.0671265,1.87743
205,1.60083,0.594384,9,1.81333,0.0671276,1.91505
206,1.4801,0.629026,7,1.97333,0.0671259,1.72797
207,1.4801,0.610165,7,1.90667,0.0671285,1.73944
208,1.4801,0.571893,7,1.69333,0.0671259,1.75
209,1.4801,0.600321,7,1.83333,0.0671261,1.8627
210,1.4801,0.6198,7,1.92667,0.0671306,1.98622
211,1.4801,0.603102,7,1.96667,0.0671262,1.93863
212,1.4801,0.594374,7,1.82,0.0671259,1.90336
213,1.4801,0.614134,7,2.03333,0.0674858,2.01493
214,1.4801,0.63872,7,2.14,0.0671272,2.10703
215,1.4801,0.682084,7,2.36667,0.0671527,1.98649
216,1.4801,0.628787,7,1.98,0.0671339,1.9749
217,1.51805,0.653916,7,2.04667,0.0671266,2.0505
218,1.51805,0.631988,8,2,0.0671271,2.22518
219,1.51805,0.624127,8,2.01333,0.0671479,1.71493
220,1.51805,0.628749,7,2.03333,0.0671487,1.95487
221,1.51805,0.65863,7,2.09333,0.0671505,1.66123
222,1.51805,0.597145,8,1.92,0.0671525,1.66071
223,1.51805,0.607574,7,1.80667,0.0676371,1.62237
224,1.51805,0.632381,7,1.91333,0.0671485,1.52169
225,1.51805,0.644912,8,2.21333,0.0678349,1.63867
226,1.51805,0.693795,8,2.4,0.0674029,1.83288
227,1.51805,0.665143,8,2.53333,0.0671259,1.99263
228,1.51805,0.637655,7,2.13333,0.0671456,1.9185
229,1.51805,0.647376,7,2.1,0.0671468,1.95169
230,1.51805,0.669884,8,2.08,0.0671469,1.96882
231,1.51805,0.69812,7,2.24,0.0671475,1.92622
232,1.51805,0.662244,8,2.20667,0.0672222,1.71738
233,1.51805,0.67487,8,2.20667,0.0685707,1.82545
234,1.51805,0.667349,8,2.26,0.0673956,1.97693
235,1.51805,0.637028,8,2.25333,0.0672035,1.96936
236,1.52339,0.657894,8,2.22,0.0671259,1.89904
237,1.52339,0.692946,8,2.34667,0.067126,1.91714
238,1.52339,0.655714,8,2.33333,0.0671321,1.9186
239,1.52339,0.695279,8,2.51333,0.0672005,1.75236
240,1.52339,0.702133,8,2.57333,0.0671262,2.02635
241,1.52339,0.709144,8,2.48667,0.0671441,1.63411
242,1.52339,0.698804,8,2.49333,0.0671259,1.87965
243,1.52339,0.699723,8,2.61333,0.0672864,2.08037
244,1.52339,0.683391,8,2.46667,0.0673784,1.95527
245,1.52339,0.670593,8,2.43333,0.0672623,2.11549
246,1.52339,0.699406,8,2.64,0.0671922,1.92766
247,1.52339,0.68757,8,2.46,0.0671922,1.74925
248,1.52339,0.675047,8,2.42,0.0671274,1.96413
249,1.52339,0.716717,8,2.58,0.0671377,1.82565
250,1.52339,0.692211,8,2.4,0.0671281,1.94383
251,1.52339,0.662678,8,2.52667,0.0671281,2.02728
252,1.52339,0.685755,8,2.44,0.0671281,1.94109
253,1.52339,0.673606,8,2.45333,0.0685133,1.87067
254,1.52339,0.651852,8,2.42,0.0671353,1.9398
255,1.52339,0.707481,9,2.66,0.0671305,1.81242
256,1.52339,0.76373,8,2.82667,0.0671305,1.99365
257,1.52339,0.710721,8,2.47333,0.0671415,1.88234
258,1.52339,0.683297,8,2.56667,0.0671277,1.85355
259,1.52339,0.76699,8,3.00667,0.0671263,2.02644
260,1.52339,0.704155,9,2.65333,0.0671263,1.82696
261,1.48264,0.749991,8,2.83333,0.0671259,1.89379
262,1.531,0.739029,8,2.86667,0.067175,1.92675
263,1.531,0.692004,8,2.43333,0.067126,1.81253
264,1.531,0.688713,8,2.33333,0.067126,1.77635
265,1.531,0.693968,8,2.54667,0.0671914,1.94606
266,1.531,0.674441,8,2.42,0.0672326,1.9815
267,1.531,0.718618,8,2.28,0.0671266,1.74249
268,1.531,0.714174,8,2.44,0.0679083,1.80781
269,1.531,0.714647,8,2.43333,0.0671497,2.14334
270,1.531,0.751263,8,2.8,0.0671497,1.89922
271,1.531,0.72528,8,2.58,0.0671275,1.71983
272,1.531,0.655795,8,2.35333,0.0671345,2.00264
273,1.531,0.696019,8,2.52667,0.0676474,1.81988
274,1.531,0.72313,8,2.69333,0.0671434,1.83778
275,1.62233,0.709573,9,2.8,0.0671711,2.0108
276,1.62233,0.748432,9,2.84667,0.067126,1.88532
277,1.62233,0.676207,9,2.76,0.0671457,2.01236
278,1.62233,0.666677,9,2.70667,0.0671457,2.05159
279,1.62233,0.692089,9,2.7,0.0671457,1.99285
280,1.62233,0.673475,9,2.42667,0.06713,1.89917
281,1.62233,0.654688,9,2.44,0.0671553,2.09348
282,1.62233,0.709216,9,2.89333,0.0671553,1.8919
283,1.62233,0.685895,9,2.60667,0.0671292,1.84587
284,1.62233,0.668103,9,2.39333,0.0671404,1.96304
285,1.62233,0.651198,9,2.10667,0.0671267,1.74101
286,1.62233,0.661504,9,2.27333,0.0671267,1.75281
287,1.62233,0.645427,9,2.3,0.0671259,1.65079
288,1.62233,0.618217,9,2.17333,0.0671264,1.67501
289,1.62233,0.627572,9,2.4,0.0671302,1.91154
290,1.62233,0.641724,9,2.39333,0.0671475,1.74116
291,1.62233,0.62109,9,2.5,0.0671431,1.83295
292,1.62233,0.602242,9,2.07333,0.0671322,1.723
293,1.62233,0.644238,9,2.01333,0.0671268,1.67067
294,1.62233,0.593132,9,2.16667,0.0671277,1.6906
295,1.62233,0.59363,9,1.97333,0.0671389,1.84044
296,1.62233,0.642044,9,2.04,0.0671474,1.51467
297,1.62233,0.59398,9,1.98667,0.0671492,1.71018
298,1.62233,0.600504,9,1.87333,0.067246,1.60693
299,1.62233,0.594582,9,2.02,0.0671745,1.70976
300,1.46977,0.622287,8,1.82667,0.0675563,1.64946
301,1.46977,0.594909,8,1.92,0.0672947,1.87228
302,1.46977,0.590285,8,2.02,0.0671638,1.94141
303,1.46977,0.613602,8,1.95333,0.0671326,1.92736
304,1.46977,0.636277,8,2.12667,0.0677212,1.64826
305,1.46977,0.62148,8,2.02667,0.0675035,1.75837
306,1.46977,0.64245,8,2.33333,0.0671265,1.88762
307,1.46977,0.612229,8,2.10667,0.0671288,1.80549
308,1.46977,0.576825,8,1.86667,0.0678485,1.67843
309,1.46977,0.579587,8,2.05333,0.0675098,1.73043
310,1.46977,0.632192,8,2.06,0.0671293,1.69842
311,1.46977,0.618698,8,1.96667,0.0671286,1.75095
312,1.46977,0.620052,8,1.97333,0.0672372,1.52797
313,1.46977,0.653348,8,2.3,0.0676574,1.74512
314,1.46977,0.649019,8,2.12667,0.0671261,1.66295
315,1.46977,0.615166,8,2.07333,0.0671452,1.72809
316,1.46977,0.662409,8,2.28,0.0671291,1.77848
317,1.46977,0.650997,8,2.22,0.0671266,1.54598
318,1.46977,0.632092,8,1.94,0.0671266,1.78835
319,1.46977,0.591038,8,2.06667,0.0671266,1.90036
320,1.46977,0.582815,8,2.09333,0.0671271,1.66665
321,1.46977,0.636849,8,2.43333,0.0671387,1.8588
322,1.46977,0.629775,8,2.44,0.0671879,1.86497
323,1.46977,0.61014,8,2.19333,0.0672762,1.81618
324,1.46977,0.674847,8,2.42,0.0671351,1.75307
325,1.45158,0.635736,8,2.6,0.0671311,1.74392
326,1.45158,0.66106,8,2.26667,0.0671259,1.61453
327,1.45158,0.636055,9,2.33333,0.0672059,1.67918
328,1.45158,0.637056,9,2.34667,0.0671518,1.8752
329,1.45158,0.647276,9,2.64,0.0671503,1.664
330,1.45158,0.635082,9,2.32,0.0671266,1.90119
331,1.45158,0.641506,9,2.34,0.0675459,1.81125
332,1.48655,0.648396,9,2.38,0.0671497,2.06167
333,1.48655,0.643904,9,2.18667,0.067223,1.79262
334,1.48655,0.63984,9,2.28667,0.0671264,1.63111
335,1.48655,0.663793,9,2.48,0.0671259,2.00721
336,1.48655,0.671949,9,2.4,0.0682,1.78472
337,1.48655,0.6621,9,2.56667,0.067126,1.75312
338,1.48655,0.656405,9,2.34,0.0671265,1.96532
339,1.48655,0.68008,9,2.46667,0.0671305,1.83324
340,1.48655,0.685776,9,2.69333,0.0671514,1.76848
341,1.48655,0.659554,9,2.32667,0.0671259,1.7661
342,1.48655,0.654949,9,2.42,0.0671265,1.87345
343,1.48655,0.708454,9,2.57333,0.0671269,1.60001
344,1.48655,0.693015,9,2.84,0.0671269,1.89244
345,1.48655,0.743774,9,2.89333,0.0671358,1.87082
346,1.49066,0.660367,9,2.66,0.0671263,1.78518
347,1.49066,0.710328,9,2.78667,0.067128,1.91285
348,1.49066,0.732131,9,2.66,0.0671267,1.67821
349,1.49066,0.708522,8,2.61333,0.0671665,1.76629
350,1.49066,0.685894,8,2.47333,0.0671665,1.83525
351,1.49066,0.724336,8,2.6,0.0671665,1.67293
352,1.49066,0.719025,8,2.61333,0.0671285,1.79601
353,1.49066,0.65203,8,2.36,0.0671259,1.82733
354,1.49066,0.716792,8,2.48,0.067126,1.71273
355,1.49066,0.714912,8,2.68667,0.0671259,1.65697
356,1.49066,0.705309,8,2.57333,0.0671259,1.53971
357,1.49066,0.713298,8,2.69333,0.0671259,1.59639
358,1.49066,0.698317,8,2.78,0.0671259,1.73686
359,1.49066,0.653242,8,2.55333,0.067126,1.62743
360,1.49066,0.718594,8,2.90667,0.067126,1.75732
361,1.49066,0.696326,8,2.69333,0.0671364,1.64779
362,1.49066,0.70266,8,2.66667,0.0671263,1.72751
363,1.49066,0.675192,8,2.5,0.0671259,1.87291
364,1.49066,0.690644,8,2.6,0.0671259,1.79308
365,1.49066,0.704932,8,2.66667,0.0671266,2.00386
366,1.49066,0.730941,8,2.64,0.0671261,1.72726
367,1.49066,0.742482,8,2.84,0.0671259,1.76414
368,1.50663,0.739299,8,2.9,0.067331,1.8568
369,1.50663,0.717685,8,2.57333,0.0671259,1.76516
370,1.50663,0.778855,8,3.04,0.0671259,1.68248
371,1.50663,0.699227,8,2.68,0.0671306,1.70767
372,1.50663,0.732993,8,2.75333,0.067129,1.60262
373,1.50663,0.683452,8,2.62,0.0671338,1.72488
374,1.50663,0.664343,8,2.58667,0.0671639,1.98092
375,1.50663,0.699839,8,2.50667,0.0674646,1.77171
376,1.50663,0.679707,8,2.51333,0.0671262,1.92924
377,1.50663,0.655301,8,2.31333,0.0671287,1.90953
378,1.50663,0.664605,8,2.22667,0.0671323,1.73399
379,1.50663,0.672911,8,2.24667,0.0671259,1.63432
380,1.50663,0.659314,8,1.92,0.0671259,1.56997
381,1.50663,0.634638,8,1.96,0.0671259,1.79655
382,1.50663,0.655286,8,2.09333,0.0671259,1.57786
383,1.50663,0.6636,8,2.21333,0.0671309,1.7218
384,1.50663,0.655615,8,2.41333,0.0671265,1.9433
385,1.50806,0.707631,8,2.66667,0.0671259,1.91704
386,1.50806,0.71487,8,2.75333,0.067126,2.41192
387,1.50806,0.716178,8,2.80667,0.0674391,2.2453
388,1.50806,0.735919,8,2.78,0.0711709,1.98029
389,1.50863,0.74748,8,2.93333,0.0672222,2.09199
390,1.50863,0.750923,8,2.65333,0.0672064,2.02858
391,1.50863,0.71159,8,2.58,0.0671727,1.80079
392,1.50863,0.683092,8,2.46,0.0671268,1.81001
393,1.50863,0.685141,8,2.38,0.0671266,1.70404
394,1.50863,0.683191,8,2.45333,0.0672446,1.79756
395,1.50863,0.709497,8,2.44667,0.0672373,1.83259
396,1.50863,0.705349,8,2.59333,0.0671471,1.81019
397,1.50863,0.712655,8,2.58667,0.067155,1.90305
398,1.50863,0.686513,8,2.54,0.0671583,1.84161
399,1.50863,0.681482,8,2.41333,0.0671583,1.71135
400,1.50863,0.704358,8,2.29333,0.067126,1.64292
401,1.50863,0.719335,8,2.52667,0.0672176,1.76713
402,1.50863,0.675209,8,2.24667,0.0671267,1.7743
403,1.50863,0.69339,8,2.32,0.0671267,1.71154
404,1.50863,0.672813,8,2.34,0.0671259,1.71622
405,1.50863,0.672491,8,2.12667,0.0671267,1.77118
406,1.50863,0.695766,8,2.38,0.0671267,1.72917
407,1.50863,0.69883,8,2.46667,0.0671267,1.75561
408,1.50863,0.679566,8,2.48,0.0671267,1.71732
409,1.50863,0.721938,8,2.71333,0.0671267,1.94939
410,1.50863,0.764125,8,2.60667,0.0671259,1.60824
411,1.50863,0.69514,8,2.36667,0.0671267,1.88861
412,1.50863,0.733141,8,2.65333,0.0673644,1.7381
413,1.50863,0.738357,8,2.68667,0.0677728,1.84766
414,1.4192,0.701829,7,2.44,0.0674101,1.93039
415,1.4192,0.672264,7,2.34667,0.0683884,1.83926
416,1.4192,0.649858,7,2.16,0.0671263,1.83662
417,1.4192,0.683574,7,2.36667,0.067126,1.70927
418,1.4192,0.643697,7,2.22,0.0671326,1.76243
419,1.4192,0.671808,7,2.36667,0.0671293,1.69176
420,1.4192,0.657836,7,2.39333,0.0671364,1.80168
421,1.4192,0.702045,7,2.51333,0.0673259,1.63406
422,1.4192,0.679729,7,2.29333,0.0671259,1.48368
423,1.4192,0.688048,7,2.35333,0.0671497,1.41066
424,1.4192,0.678021,7,2.27333,0.0673796,1.53011
425,1.4192,0.711301,8,2.42667,0.0671259,1.76688
426,1.4192,0.682539,8,2.27333,0.0671259,1.43364
427,1.4192,0.664347,7,2.23333,0.067304,1.60289
428,1.4192,0.678817,7,2.26,0.0671281,1.66305
429,1.4192,0.653107,7,2.11333,0.0671495,1.52588
430,1.4192,0.677465,7,2.26,0.067211,1.56085
431,1.4192,0.707048,7,2.31333,0.0671424,1.56282
432,1.4114,0.717055,7,2.29333,0.0672876,1.56174
433,1.4114,0.669997,7,2.2,0.067126,1.84241
434,1.4114,0.70412,7,2.48667,0.067126,1.68584
435,1.4114,0.713926,7,2.39333,0.0671271,1.61956
436,1.4114,0.712405,7,2.47333,0.0671271,1.74497
437,1.4114,0.745537,8,2.7,0.0671376,1.74821
438,1.4114,0.661821,8,1.98,0.0671272,1.46432
439,1.38873,0.694968,8,2.21333,0.0671598,1.71803
440,1.38873,0.719743,8,2.32,0.0671267,1.65008
441,1.38873,0.731428,8,2.46667,0.0671301,1.70391
442,1.38873,0.737069,8,2.50667,0.0671726,1.73324
443,1.38873,0.731629,8,2.48667,0.0671267,1.54221
444,1.38873,0.79856,8,2.8,0.0672997,1.47541
445,1.38873,0.72438,8,2.64667,0.0671259,1.56966
446,1.32434,0.689859,8,2.38,0.0671286,1.73968
447,1.32434,0.698384,8,2.56667,0.0671259,1.62683
448,1.32434,0.698666,8,2.38667,0.0671259,1.57888
449,1.32434,0.712227,8,2.46667,0.067126,1.50533
450,1.32434,0.684267,8,2.32667,0.067128,1.69174
451,1.32434,0.752121,8,2.66667,0.0671269,1.56509
452,1.32434,0.703432,8,2.42,0.0676448,1.54179
453,1.47179,0.759216,8,2.63333,0.0671271,1.47307
454,1.47179,0.770463,8,2.82667,0.067128,1.6413
455,1.47179,0.72005,8,2.74,0.0671405,1.65461
456,1.47179,0.736547,8,2.56,0.0671333,1.59832
457,1.47179,0.723733,8,2.38,0.0671259,1.43044
458,1.47179,0.739447,8,2.57333,0.0671363,1.58161
459,1.47179,0.717798,8,2.58667,0.0671259,1.43052
460,1.47179,0.720054,8,2.49333,0.0671292,1.65004
461,1.47179,0.706826,8,2.46667,0.0671259,1.73204
462,1.47179,0.736053,8,2.64,0.0671718,1.5863
463,1.47179,0.678163,8,2.42,0.0684697,1.75921
464,1.49907,0.750684,8,2.80667,0.0678685,1.47631
465,1.49907,0.754696,8,2.72667,0.0671347,1.48518
466,1.49907,0.755777,8,2.58,0.0671261,1.59303
467,1.49907,0.733879,8,2.89333,0.0671341,1.47747
468,1.49907,0.767153,8,2.80667,0.0677848,1.5561
469,1.51292,0.735815,8,2.70667,0.0671259,1.70806
470,1.51292,0.769351,8,2.61333,0.067128,1.49211
471,1.51292,0.707534,9,2.51333,0.067143,1.56762
472,1.51292,0.732566,8,2.45333,0.067126,1.62559
473,1.51292,0.699574,8,2.34,0.0671265,1.71324
474,1.51292,0.723251,8,2.65333,0.0671262,1.66904
475,1.51292,0.756449,8,2.64667,0.0671566,1.56649
476,1.51292,0.704376,8,2.52,0.0671598,1.89836
477,1.51292,0.776685,8,2.69333,0.067238,1.72092
478,1.51292,0.758735,8,2.66,0.0671259,1.72664
479,1.51292,0.704993,8,2.33333,0.0671259,1.67434
480,1.51292,0.731221,8,2.56667,0.067348,1.76116
481,1.51292,0.704474,8,2.32667,0.0671338,1.6479
482,1.51292,0.751289,8,2.42667,0.0671259,1.56788
483,1.51292,0.761993,8,2.57333,0.0671261,1.47212
484,1.51292,0.723329,8,2.44667,0.0671267,1.52739
485,1.51292,0.768922,8,2.80667,0.0671267,1.63202
486,1.51292,0.763117,8,2.61333,0.0671267,1.39949
487,1.51292,0.730477,8,2.32,0.0671259,1.52569
488,1.51292,0.694815,8,2.36,0.067126,1.57627
489,1.51292,0.694418,8,2.22667,0.067129,1.60722
490,1.51292,0.707488,8,2.2,0.0671357,1.64319
491,1.51983,0.716907,8,2.28667,0.067126,1.464
492,1.51983,0.739429,8,2.48667,0.0671259,1.56855
493,1.51983,0.695659,8,2.43333,0.0673187,1.65493
494,1.51983,0.696297,8,2.31333,0.0671295,1.67145
495,1.51983,0.729511,8,2.5,0.0671266,1.81093
496,1.51983,0.708807,8,2.40667,0.0671276,1.86979
497,1.51983,0.654214,8,2.13333,0.0671289,1.54196
498,1.51983,0.709418,8,2.53333,0.0671724,1.77195
499,1.51983,0.715075,8,2.52667,0.0671344,1.54274
500,1.51983,0.72461,8,2.64667,0.0672054,1.3918
501,1.51983,0.726461,8,2.6,0.067126,1.52772
502,1.51983,0.711225,8,2.52667,0.067126,1.43091
503,1.51983,0.708753,8,2.56,0.0671259,1.717
504,1.51983,0.720481,8,2.65333,0.0671259,1.5343
505,1.51983,0.725195,8,2.52,0.0680685,1.63908
506,1.51983,0.677216,8,2.17333,0.0671263,1.57217
507,1.51983,0.727569,8,2.61333,0.067129,1.49762
508,1.51983,0.726351,8,2.46667,0.067142,1.4069
509,1.51983,0.762962,8,2.64,0.0671297,1.57686
510,1.51983,0.737403,8,2.64667,0.0671259,1.71942
511,1.51983,0.79678,8,3.05333,0.067488,1.47577
512,1.51983,0.777039,8,2.86,0.0671262,1.70289
513,1.51983,0.728904,8,2.76667,0.0671293,1.77224
514,1.51983,0.764104,8,2.93333,0.0671352,1.76949
515,1.51983,0.746265,9,3,0.0671264,1.68737
516,1.50295,0.765087,8,3.06667,0.0671264,1.76384
517,1.50295,0.761945,8,2.94,0.0671298,1.76878
518,1.50295,0.726417,8,2.66667,0.0671259,1.65783
519,1.50295,0.755143,8,2.9,0.0671259,1.7363
520,1.50295,0.721966,8,2.50667,0.067126,1.80564
521,1.50295,0.709961,8,2.33333,0.0671259,1.65087
522,1.50295,0.717541,8,2.71333,0.0671259,1.80952
523,1.50295,0.672187,8,2.16667,0.0671259,1.67905
524,1.50295,0.70498,8,2.50667,0.0671259,1.73121
525,1.50295,0.72099,8,2.64,0.0671259,1.7434
526,1.50295,0.753179,8,2.72,0.0676014,1.63993
527,1.50295,0.758437,8,3.08667,0.067126,2.00845
528,1.50295,0.776468,8,3.01333,0.0671259,1.84199
529,1.50295,0.800308,8,2.90667,0.0671259,1.77374
530,1.50295,0.799052,8,3.05333,0.0671259,1.8011
531,1.50295,0.752853,8,2.88,0.0671259,1.86044
532,1.50295,0.769997,8,2.92667,0.0671259,1.73306
533,1.50344,0.734794,8,2.78,0.0671259,1.79994
534,1.50344,0.748919,8,2.90667,0.0671259,1.72648
535,1.50344,0.750705,8,3.12667,0.0671263,1.9618
536,1.50344,0.790166,8,2.97333,0.0671263,1.86733
537,1.50344,0.784844,8,3.20667,0.0671259,2.03849
538,1.50344,0.795385,8,3.12,0.0672429,1.85575
539,1.50344,0.761443,8,3.16,0.0671259,1.76984
540,1.50344,0.726422,8,2.98667,0.0671259,1.96697
541,1.50344,0.757318,8,2.97333,0.0671259,1.66676
542,1.50344,0.808211,8,3.17333,0.0671259,1.68324
543,1.50344,0.751603,8,2.87333,0.0671259,1.83122
544,1.50344,0.80378,8,3.12667,0.0671259,1.95527
545,1.50344,0.757373,8,2.92667,0.0671259,1.95531
546,1.50344,0.765997,8,3.04,0.0671259,1.68566
547,1.50344,0.810511,8,3.18,0.0671259,1.72189
548,1.50344,0.736469,8,2.86,0.067128,1.93045
549,1.50344,0.753277,8,3.02,0.0671638,1.7041
550,1.50344,0.710796,8,2.79333,0.0671785,1.90402
551,1.50344,0.723374,8,2.64,0.0671259,1.68061
552,1.50344,0.794805,8,3.16,0.0671259,1.77176
553,1.50344,0.772847,8,3.16667,0.0671259,1.95778
554,1.50344,0.73581,8,2.74667,0.0671262,1.85278
555,1.50344,0.724042,8,2.82,0.0671262,1.96059
556,1.50344,0.695139,8,2.61333,0.0671441,2.00214
557,1.50344,0.734507,8,2.80667,0.067126,2.00218
558,1.49753,0.689486,8,2.68667,0.0671259,1.99266
559,1.49753,0.708164,8,2.88667,0.0671468,2.18781
560,1.49753,0.708279,8,2.80667,0.0671259,1.87216
561,1.49753,0.740822,8,2.97333,0.0671259,1.78487
562,1.49753,0.739401,8,2.85333,0.0671259,2.01966
563,1.49753,0.749529,8,3,0.0671259,1.99464
564,1.49753,0.69088,8,2.73333,0.0671259,1.82351
565,1.49753,0.736112,8,2.94667,0.0671259,2.06786
566,1.49753,0.740795,8,2.81333,0.0671259,1.80182
567,1.49753,0.725634,8,2.74667,0.0671259,1.78649
568,1.49753,0.717471,8,2.91333,0.0671259,1.89186
569,1.49753,0.715836,8,2.92667,0.0671259,1.93319
570,1.49753,0.754478,8,2.96,0.0671259,1.95107
571,1.49753,0.693206,8,2.79333,0.0671259,1.96339
572,1.49753,0.734727,8,3.02667,0.0671259,2.10345
573,1.49753,0.761474,9,3.20667,0.0671259,1.97803
574,1.49753,0.750409,8,3.06667,0.0671259,1.95662
575,1.49753,0.775589,8,3.34667,0.0671259,1.95092
576,1.49753,0.717899,8,3.00667,0.0671259,2.07777
577,1.49753,0.765044,8,2.98,0.0671259,1.89758
578,1.49753,0.678445,8,2.74667,0.0671259,1.91932
579,1.47415,0.750069,8,3.06,0.0671259,1.85226
580,1.47415,0.743026,8,2.9,0.0671285,1.93118
581,1.47415,0.735003,8,3.01333,0.0671459,1.93111
582,1.40073,0.710353,8,2.96,0.0671459,1.86791
583,1.47902,0.736738,8,2.99333,0.0671259,1.86604
584,1.47902,0.730523,8,2.88667,0.067126,1.68104
585,1.47902,0.689207,8,2.68667,0.0671259,1.58119
586,1.50352,0.697463,8,2.62667,0.0671262,1.71275
587,1.50352,0.703204,8,2.66667,0.0671259,1.64096
588,1.50352,0.694708,8,2.69333,0.0671259,1.60144
589,1.50352,0.645374,8,2.40667,0.0671259,1.7312
590,1.50352,0.670923,8,2.66667,0.0672142,1.82558
591,1.50352,0.711967,8,2.7,0.0671259,1.76124
592,1.50352,0.72946,8,2.8,0.0671259,1.64239
593,1.50352,0.753093,8,2.96667,0.0671259,1.72933
594,1.50352,0.755898,8,3.04667,0.0671259,1.85076
595,1.50352,0.779714,8,3,0.0671259,1.6721
596,1.50352,0.736463,8,2.84,0.0671259,1.68254
597,1.50352,0.723102,8,2.86667,0.0672034,1.58395
598,1.50352,0.710708,8,2.88,0.0671259,1.56647
599,1.50352,0.743805,8,2.94,0.0671259,1.58193
600,1.50352,0.709428,8,2.80667,0.0671259,1.73377
601,1.50352,0.755947,8,3.08,0.0671259,1.74727
602,1.50352,0.748285,8,3.03333,0.0671259,1.59621
603,1.50352,0.766297,8,3.04,0.0671265,1.85675
604,1.50352,0.708978,8,2.74,0.0671259,1.81021
605,1.50352,0.798993,8,3.19333,0.0671261,1.5499
606,1.50352,0.800857,8,3.18,0.0671259,1.5937
607,1.50352,0.776026,8,3.03333,0.0671259,1.50497
608,1.50352,0.781535,8,3.22667,0.0671259,1.89217
609,1.50352,0.73018,8,2.85333,0.0671259,1.81802
610,1.50352,0.715308,8,2.87333,0.0677828,1.71648
611,1.43987,0.754759,8,3.05333,0.0671259,1.69264
612,1.43987,0.74133,8,3.07333,0.0671259,1.69296
613,1.43987,0.714631,8,2.88667,0.0671429,1.83338
614,1.43987,0.727837,8,2.94,0.0671268,1.82633
615,1.43987,0.777304,8,3.12667,0.0671259,1.58926
616,1.43987,0.708148,8,2.74,0.0671259,2.06666
617,1.43987,0.752358,8,2.77333,0.0671314,1.72479
618,1.43987,0.711091,8,2.59333,0.0671259,1.74527
619,1.43987,0.719244,8,2.69333,0.0671259,1.71673
620,1.43987,0.756113,8,2.79333,0.0671259,1.43273
621,1.43987,0.763738,8,2.96667,0.067126,1.62131
622,1.43987,0.702453,8,2.54667,0.067126,1.63629
623,1.43987,0.70377,8,2.68667,0.0671259,1.87663
624,1.43987,0.701125,8,2.87333,0.0671259,1.47123
625,1.43987,0.731882,8,2.66667,0.0671259,1.55296
626,1.43987,0.794207,8,3.15333,0.067126,1.46526
627,1.43987,0.798366,8,3.06,0.0672452,1.4558
628,1.44053,0.727256,8,2.57333,0.0671838,1.46284
629,1.44053,0.749237,8,2.92667,0.0671314,1.48536
630,1.44053,0.777445,8,3.06667,0.0671259,1.55607
631,1.44053,0.723808,8,2.66667,0.0671259,1.56375
632,1.44053,0.740227,8,2.64,0.0671259,1.44907
633,1.44053,0.77196,8,3.04667,0.0671259,1.75138
634,1.44053,0.788323,8,3.04667,0.0671291,1.65205
635,1.44053,0.765484,8,2.84,0.0672824,1.51369
636,1.44053,0.765985,8,2.90667,0.0671259,1.53907
637,1.4444,0.778932,8,3.06667,0.0671259,1.61578
638,1.4444,0.77022,8,2.98667,0.0671259,1.62209
639,1.4444,0.799203,8,3.00667,0.0671259,1.54951
640,1.4444,0.825033,8,3.04,0.067163,1.67145
641,1.4444,0.7863,8,2.9,0.0671259,1.44769
642,1.4444,0.756312,8,2.78667,0.0671259,1.43162
643,1.4444,0.715182,8,2.70667,0.0671259,1.68356
644,1.4444,0.695246,8,2.44667,0.0671259,1.47636
645,1.4557,0.703681,8,2.70667,0.0671259,1.43786
646,1.4557,0.699425,8,2.60667,0.0671259,1.38203
647,1.4557,0.721103,8,2.64667,0.0671259,1.39427
648,1.4557,0.691826,8,2.62,0.0671259,1.71069
649,1.4557,0.752918,8,2.84,0.0671587,1.83098
650,1.4557,0.75008,8,2.88667,0.0671259,1.58216
651,1.4557,0.78388,8,2.9,0.0671259,1.56288
652,1.4557,0.703387,8,2.57333,0.0671301,1.88412
653,1.4557,0.740264,8,2.78667,0.067126,1.68432
654,1.4557,0.708115,8,2.7,0.067135,1.85684
655,1.4557,0.699369,8,2.58667,0.0671259,1.76751
656,1.4557,0.701449,8,2.74,0.0671267,1.76914
657,1.4557,0.748025,8,2.77333,0.0671261,1.60025
658,1.4557,0.773269,8,2.84,0.0671265,1.58808
659,1.4557,0.756364,8,2.92,0.0671436,1.58649
660,1.4557,0.772493,8,3.14,0.0672231,1.78491
661,1.4557,0.741663,8,3.00667,0.0671259,1.63364
662,1.4557,0.723528,8,2.84667,0.0671448,1.86217
663,1.4557,0.7777,8,2.97333,0.0671259,1.84743
664,1.4557,0.740774,8,2.87333,0.0671259,1.70429
665,1.4557,0.750791,8,3.02667,0.0671259,1.67901
666,1.4557,0.710721,8,2.82,0.0671351,1.77329
667,1.4557,0.705398,8,2.63333,0.0671259,1.50625
668,1.4557,0.756314,8,2.85333,0.0671259,1.69314
669,1.4557,0.733814,8,2.8,0.0671259,1.56561
670,1.44692,0.716835,8,2.62,0.0671288,1.77414
671,1.44692,0.69509,8,2.56667,0.0671259,1.70456
672,1.44692,0.710483,8,2.86667,0.0671259,1.81177
673,1.44692,0.783815,8,3.08667,0.0671259,1.7239
674,1.44692,0.782681,8,3.04667,0.067126,1.7739
675,1.44692,0.725203,8,2.67333,0.0671278,1.65102
676,1.44692,0.713233,8,2.64,0.0671259,1.51443
677,1.44692,0.691927,8,2.44667,0.0671259,1.48558
678,1.44692,0.721516,8,2.72667,0.067126,1.51031
679,1.44692,0.763302,8,2.77333,0.0671274,1.40814
680,1.44692,0.703094,8,2.76667,0.0671259,1.49786
681,1.39786,0.744544,8,2.84,0.0671259,1.52608
682,1.39786,0.740474,8,2.91333,0.0671259,1.53205
683,1.39786,0.720576,8,2.68,0.0671259,1.71577
684,1.39786,0.724739,8,2.52667,0.0671259,1.62419
685,1.39786,0.684015,8,2.55333,0.0671259,1.75276
686,1.39786,0.75414,8,2.86,0.0671259,1.59204
687,1.39786,0.721886,8,2.97333,0.0671259,1.71095
688,1.3688,0.740523,8,2.83333,0.0671259,1.77149
689,1.3688,0.706688,8,2.59333,0.0671259,1.56943
690,1.3688,0.757541,8,2.94,0.0671259,1.49491
691,1.3688,0.655053,8,2.56667,0.0671259,1.73474
692,1.3688,0.69711,8,2.87333,0.0671259,1.68915
693,1.3688,0.746435,8,2.94,0.0671259,1.44995
694,1.3688,0.767722,8,3.03333,0.0671259,1.6854
695,1.3688,0.699317,8,2.8,0.0671259,1.56553
696,1.3688,0.734268,8,2.58667,0.0671512,1.47985
697,1.3688,0.753369,9,2.83333,0.067126,1.69197
698,1.3688,0.75036,9,2.82,0.0671259,1.67254
699,1.42788,0.702548,9,2.67333,0.0671259,1.57823
700,1.42788,0.715772,9,2.92,0.0671259,1.61989
701,1.42788,0.706349,9,2.7,0.067126,1.63529
702,1.42788,0.722997,9,2.74667,0.067126,1.88217
703,1.42788,0.68921,9,2.82,0.0671261,1.7004
704,1.42788,0.713255,9,2.88,0.0671259,1.75867
705,1.42788,0.727173,9,2.9,0.0671259,1.78664
706,1.42788,0.698908,9,2.62667,0.0671263,1.79706
707,1.42788,0.757518,9,3.06667,0.0671259,1.76592
708,1.42788,0.734053,9,2.83333,0.0671259,1.67594
709,1.42788,0.71339,9,2.82,0.0671259,1.68951
710,1.42788,0.732153,9,2.68667,0.0671259,1.76834
711,1.42788,0.783758,9,3.12,0.0671259,1.80622
712,1.42788,0.750286,9,2.98,0.0671315,1.9896
713,1.42788,0.740878,9,2.98,0.0671259,1.67141
714,1.42788,0.751159,9,2.93333,0.0671259,1.75028
715,1.42788,0.72315,9,2.92,0.0671259,1.70306
716,1.47034,0.775033,9,3.33333,0.0671259,1.56852
717,1.47034,0.740514,9,2.92,0.0671353,1.77432
718,1.47034,0.776029,9,2.91333,0.0671259,1.59677
719,1.47034,0.7069,9,2.83333,0.0671301,1.67386
720,1.47234,0.69951,9,3.03333,0.0671353,1.67183
721,1.47234,0.774162,9,3.21333,0.0671259,1.74775
722,1.47234,0.684801,8,2.69333,0.0671259,1.92781
723,1.47234,0.732577,8,2.94,0.0671259,1.72003
724,1.47234,0.725262,8,2.74667,0.0671259,1.77563
725,1.47234,0.782634,8,3.15333,0.0671314,1.94486
726,1.47234,0.770469,8,3.21333,0.0671259,1.98826
727,1.48828,0.749167,8,2.99333,0.0671259,1.8045
728,1.48828,0.737065,8,2.72,0.0671324,1.83617
729,1.48828,0.726786,8,2.68667,0.0671259,1.55518
730,1.48828,0.74795,8,2.90667,0.0671259,1.69064
731,1.48828,0.749593,8,2.71333,0.0671259,1.70252
732,1.48828,0.760123,8,3.04667,0.0671259,1.7361
733,1.48828,0.733462,8,2.94,0.0671259,1.76591
734,1.48828,0.671565,8,2.74,0.0671259,1.91899
735,1.48828,0.726837,8,2.74667,0.0671264,1.91611
736,1.48828,0.741115,8,2.66667,0.0671264,1.62856
737,1.48828,0.684577,8,2.58,0.0671393,1.87928
738,1.48828,0.76694,8,2.94,0.0671259,1.86684
739,1.48828,0.711413,8,2.84,0.0671259,1.94116
740,1.48828,0.677648,8,2.72,0.067126,1.92271
741,1.48828,0.718006,8,2.79333,0.0671259,2.01217
742,1.48828,0.741841,8,3.04,0.0671259,1.96063
743,1.48828,0.729039,8,3.04667,0.0671259,1.80029
744,1.48828,0.746217,8,3.12667,0.0671259,1.80819
745,1.48828,0.730917,8,3.10667,0.0671263,1.94058
746,1.48828,0.74488,8,3.27333,0.067126,1.88944
747,1.48828,0.763641,8,3.23333,0.0671393,1.96005
748,1.48828,0.782176,8,3.43333,0.0671393,2.02612
749,1.48828,0.738367,8,3.11333,0.0671266,1.93782
750,1.48828,0.772326,8,3.18667,0.0671264,1.79164
751,1.48828,0.74217,8,3.18,0.0671299,2.01469
752,1.53989,0.777267,8,3.46,0.0671259,1.89205
753,1.53989,0.848202,8,3.68,0.0672207,1.89111
754,1.53989,0.80332,8,3.33333,0.0671259,1.92165
755,1.53989,0.80465,8,3.36667,0.0673378,1.83924
756,1.53989,0.739461,8,3.23333,0.067127,1.73054
757,1.53989,0.76642,8,3.18,0.0673969,1.96063
758,1.54062,0.808015,8,3.34667,0.0671259,1.84617
759,1.54062,0.755616,8,2.89333,0.0671259,1.83218
760,1.54062,0.786207,8,3.26667,0.0671259,1.7768
761,1.54062,0.795775,8,3.28667,0.0671259,1.93623
762,1.54062,0.798255,8,3.32,0.0671312,1.66397
763,1.54062,0.778445,8,3.53333,0.0678296,2.20241
764,1.54062,0.87154,8,3.67333,0.0674899,1.94515
765,1.54062,0.801827,8,3.51333,0.0671259,1.86331
766,1.54062,0.830205,8,3.59333,0.0671262,1.81894
767,1.54062,0.847658,8,3.76667,0.0700456,2.03098
768,1.54062,0.816702,8,3.5,0.0671259,2.07887
769,1.54062,0.758551,8,3.18667,0.0671259,1.9261
770,1.54062,0.789028,8,3.19333,0.0671259,1.89048
771,1.54062,0.808909,8,3.52,0.0671261,2.02554
772,1.54062,0.83164,8,3.71333,0.0671754,1.95473
773,1.54062,0.760643,8,3.14667,0.0671259,2.03185
774,1.54062,0.773602,8,2.92,0.0671259,1.85255
775,1.54062,0.806071,8,3.14667,0.0671259,2.07925
776,1.6554,0.800312,9,3.3,0.0671259,2.04476
777,1.6554,0.785479,9,3.21333,0.0671261,1.99161
778,1.6554,0.810563,9,3.34667,0.067126,1.82141
779,1.6554,0.812294,9,3.33333,0.067127,1.83321
780,1.6554,0.844103,9,3.61333,0.0686669,1.90352
781,1.6554,0.825793,9,3.54667,0.0671657,1.98736
782,1.6554,0.771961,9,3.04667,0.0671266,1.84787
783,1.6554,0.833567,9,3.34,0.0671259,1.71372
784,1.6554,0.800908,9,3.28667,0.0671259,1.78987
785,1.6554,0.77056,9,3.02667,0.0671291,1.70767
786,1.6554,0.744818,9,2.92,0.0671262,1.6423
787,1.6554,0.759339,9,2.92667,0.0671275,1.65343
788,1.6554,0.777256,9,2.93333,0.0671334,1.55682
789,1.6554,0.772203,9,3.07333,0.0671745,1.91992
790,1.6554,0.729257,9,2.86667,0.0671259,1.66993
791,1.6554,0.790717,9,3,0.0671259,1.65157
792,1.6554,0.763697,9,2.96,0.0671259,1.61773
793,1.6554,0.785253,9,3.35333,0.0671261,1.78229
794,1.6554,0.733778,9,2.85333,0.0671263,1.69896
795,1.6554,0.71263,9,2.58667,0.0671314,1.55002
796,1.6554,0.777684,9,3.06,0.0671261,1.5964
797,1.6554,0.743784,9,2.74,0.067126,1.48338
798,1.6554,0.771227,9,3.15333,0.067126,1.6872
799,1.6554,0.767414,9,2.88667,0.067126,1.61287
800,1.6559,0.802209,9,3.01333,0.067126,1.60482
801,1.6559,0.75259,9,2.86,0.0671259,1.50034
802,1.77908,0.742376,10,2.95333,0.0671259,1.5346
803,1.77908,0.762073,10,2.78667,0.067126,1.46307
804,1.77908,0.794195,10,2.90667,0.0671259,1.60377
805,1.77908,0.779342,10,3.04667,0.067126,1.60102
806,1.77908,0.784284,10,2.93333,0.0671269,1.48702
807,1.77908,0.831925,10,3.16,0.0671306,1.50683
808,1.77908,0.788101,10,3.14,0.0671259,1.53517
809,1.77908,0.841947,10,3.30667,0.0671259,1.47612
810,1.77908,0.791278,10,2.92,0.0671277,1.37614
811,1.77908,0.754083,10,2.71333,0.0671277,1.42764
812,1.77908,0.750555,10,2.72667,0.0672892,1.43318
813,1.77908,0.787469,10,2.95333,0.0671615,1.4055
814,1.77908,0.774153,10,2.81333,0.0671288,1.42015
815,1.77908,0.748308,10,2.77333,0.0683432,1.50477
816,1.77908,0.735366,10,2.8,0.0671479,1.46474
817,1.77908,0.76577,10,2.70667,0.0671276,1.28862
818,1.77908,0.765575,10,2.92667,0.0671597,1.5465
819,1.77908,0.750811,10,2.78,0.0671269,1.65953
820,1.77908,0.815751,10,3.15333,0.0671269,1.50724
821,1.82021,0.776509,10,2.93333,0.0671692,1.36876
822,1.82021,0.782136,10,3.01333,0.0671261,1.6455
823,1.82021,0.710701,10,2.82667,0.0671265,1.66695
824,1.82021,0.798577,10,3.16,0.0671265,1.56556
825,1.82021,0.748167,10,2.96,0.0671288,1.48511
826,1.82021,0.72625,10,2.88,0.0671328,1.63058
827,1.82021,0.740466,10,2.7,0.0671307,1.38225
828,1.82021,0.698223,10,2.62667,0.0671702,1.41424
829,1.82021,0.731404,10,2.85333,0.0671296,1.3874
830,1.82021,0.717674,10,2.83333,0.0671702,1.67879
831,1.82021,0.753418,10,2.91333,0.0671418,1.44177
832,1.82021,0.717633,10,2.90667,0.0681443,1.67375
833,1.82021,0.710546,10,2.77333,0.0681488,1.5101
834,1.82021,0.750123,10,2.93333,0.0671482,1.62093
835,1.82021,0.73677,10,2.78667,0.0672182,1.57148
836,1.82021,0.760464,10,2.93333,0.0672356,1.48757
837,1.82021,0.731591,10,2.82,0.0675703,1.66144
838,1.82021,0.719237,10,2.72,0.0674398,1.46614
839,1.82021,0.686741,10,2.48,0.0671262,1.58016
840,1.82021,0.705541,10,2.62667,0.0671531,1.73743
841,1.82021,0.721547,10,2.62667,0.0671279,1.648
842,1.82021,0.720446,10,2.66667,0.06714,1.45823
843,1.82021,0.701205,10,2.62,0.0671531,1.73454
844,1.82021,0.74164,10,2.66,0.0671531,1.6188
845,1.82021,0.712242,10,2.68,0.0672047,1.61691
846,1.3608,0.681373,7,2.15333,0.067126,1.52521
847,1.3608,0.723925,8,2.71333,0.0671307,1.69384
848,1.43491,0.758916,8,2.89333,0.0671347,1.76628
849,1.43491,0.718828,8,2.78667,0.0673123,1.79149
850,1.43491,0.719252,8,2.7,0.0671263,1.6557
851,1.43491,0.735588,8,2.76,0.0671263,1.69302
852,1.43491,0.73528,8,2.67333,0.0671263,1.74894
853,1.43491,0.695995,8,2.54,0.067187,1.75426
854,1.45184,0.692836,8,2.49333,0.067126,1.78665
855,1.43491,0.64402,8,2.32667,0.0671608,1.76276
856,1.43491,0.677233,8,2.53333,0.0671635,1.79302
857,1.43491,0.665552,8,2.34,0.0671976,1.55642
858,1.43491,0.651853,8,2.3,0.0671275,1.55352
859,1.43491,0.675554,8,2.62667,0.067126,1.89436
860,1.43491,0.66278,8,2.6,0.0671259,1.985
861,1.43491,0.683253,8,2.64667,0.067133,1.72326
862,1.43491,0.672076,8,2.44667,0.0671261,1.75535
863,1.43491,0.737917,8,2.83333,0.0671266,1.67519
864,1.43491,0.714669,8,2.86667,0.0671586,1.86901
865,1.43491,0.728001,8,2.77333,0.0671584,1.81016
866,1.43491,0.718924,8,2.67333,0.0671292,1.6754
867,1.43491,0.68146,8,2.52667,0.0671279,1.73724
868,1.43491,0.715377,8,2.78,0.0671279,1.56537
869,1.43491,0.753829,8,3.04667,0.0671286,1.64622
870,1.43491,0.745508,8,2.93333,0.067127,1.82631
871,1.43491,0.645279,8,2.42667,0.0671259,1.81441
872,1.43491,0.708175,8,2.53333,0.0671286,1.59128
873,1.39245,0.745191,8,2.94667,0.0671284,1.72232
874,1.39245,0.670254,8,2.58667,0.0671897,1.91425
875,1.39245,0.650121,8,2.35333,0.067131,1.72713
876,1.39245,0.707678,8,2.42667,0.067131,1.63278
877,1.39245,0.711101,8,2.56667,0.067131,1.49082
878,1.39245,0.6655,8,2.50667,0.067131,1.63364
879,1.39245,0.68468,8,2.58667,0.0671265,1.76129
880,1.39245,0.707382,8,2.75333,0.0671265,1.77229
881,1.39245,0.689851,8,2.51333,0.067131,1.83223
882,1.39245,0.761303,8,2.81333,0.067131,1.63946
883,1.39245,0.724135,8,2.67333,0.067131,1.49654
884,1.39245,0.7208,8,2.58667,0.0671769,1.57132
885,1.39245,0.745992,8,2.79333,0.067126,1.73691
886,1.39245,0.695696,8,2.92667,0.0671274,1.9089
887,1.39245,0.72803,8,2.94667,0.0671262,1.79445
888,1.39245,0.757973,8,3.02,0.0671529,1.74489
889,1.39245,0.759654,8,3.18667,0.0671265,1.87046
890,1.36492,0.713651,8,2.98667,0.0671259,1.74766
891,1.36492,0.687689,8,2.77333,0.0671265,2.00873
892,1.36492,0.716378,8,2.60667,0.0671274,1.94721
893,1.36492,0.752333,8,2.76,0.0671276,1.76905
894,1.36492,0.702109,8,2.66667,0.0672723,1.82647
895,1.36492,0.752472,8,2.80667,0.0671259,1.75142
896,1.36492,0.758171,8,3,0.0671272,1.85576
897,1.36492,0.793753,8,3.02,0.0671263,1.56579
898,1.36492,0.795919,8,3.24,0.0671909,1.84896
899,1.36492,0.718886,8,2.92,0.0671909,1.91949
900,1.36492,0.723055,8,2.97333,0.0671825,2.04435
901,1.36492,0.721031,8,2.84667,0.0671295,1.92041
902,1.36492,0.754167,8,3.21333,0.0671351,1.92862
903,1.36492,0.769332,8,3.02667,0.0671271,1.70221
904,1.36492,0.726533,8,2.97333,0.0671454,1.80361
905,1.36492,0.711597,8,2.89333,0.0675613,1.83499
906,1.36492,0.719994,8,2.89333,0.0671491,1.87254
907,1.36492,0.705023,8,2.86667,0.0671259,1.92434
908,1.36492,0.740425,7,2.89333,0.0671806,1.88391
909,1.29557,0.66742,7,2.26,0.0671559,1.66428
910,1.29557,0.670446,7,2.48,0.0671261,1.79746
911,1.29557,0.703557,7,2.8,0.0671414,1.95675
912,1.29557,0.756404,7,2.9,0.0671414,2.05247
913,1.29557,0.750035,8,2.88667,0.0671623,1.91182
914,1.29557,0.712117,7,2.67333,0.0671259,1.81121
915,1.29557,0.675715,7,2.45333,0.0671267,1.58914
916,1.29557,0.702068,7,2.5,0.067131,1.53505
917,1.29557,0.697134,7,2.57333,0.0671279,1.81454
918,1.29557,0.695609,7,2.64,0.0671279,1.84366
919,1.29557,0.695986,9,2.8,0.0671279,1.87275
920,1.29557,0.693276,7,2.47333,0.0671373,1.75363
921,1.29557,0.716209,7,2.71333,0.0671274,1.72822
922,1.29557,0.682126,7,2.46,0.0671274,1.61149
923,1.29557,0.737539,8,2.91333,0.0671259,1.67739
924,1.29557,0.76338,8,2.94667,0.0671259,1.65282
925,1.29557,0.747781,7,2.83333,0.0681569,1.61249
926,1.29557,0.740115,7,2.92,0.0680405,1.65257
927,1.35324,0.734741,8,2.84,0.0671259,1.44282
928,1.35324,0.757675,8,2.72667,0.0671259,1.3109
929,1.35324,0.64482,7,2.42667,0.0671304,1.53326
930,1.35324,0.700954,8,2.53333,0.0673935,1.59707
931,1.35324,0.698213,7,2.54667,0.0671268,1.69323
932,1.35324,0.720516,7,2.70667,0.067128,1.60261
933,1.38708,0.737396,8,2.70667,0.0671364,1.47195
934,1.38708,0.740718,8,2.66667,0.0671267,1.58879
935,1.38708,0.699783,7,2.61333,0.0671259,1.34602
936,1.38708,0.70143,7,2.54,0.0671259,1.4259
937,1.38708,0.734924,8,2.67333,0.0672205,1.47948
938,1.38708,0.768546,7,2.98,0.0672153,1.63951
939,1.39284,0.740344,7,2.86,0.0674107,1.55822
940,1.39284,0.741013,7,2.68,0.0671474,1.45132
941,1.39284,0.748232,7,2.99333,0.0672676,1.52383
942,1.39284,0.691732,8,2.59333,0.0671265,1.68136
943,1.39284,0.737814,7,2.76667,0.0671261,1.53529
944,1.39284,0.758419,7,2.87333,0.0671501,1.37164
945,1.39284,0.755837,8,2.65333,0.0671264,1.53094
946,1.39284,0.737098,7,2.67333,0.0671501,1.57973
947,1.39284,0.706538,8,2.87333,0.0671964,1.71393
948,1.39284,0.700642,8,2.76,0.0672836,1.5877
949,1.39284,0.732269,8,3.05333,0.0671298,1.86102
950,1.39284,0.707348,8,2.80667,0.0675978,1.73351
951,1.39284,0.697797,8,2.84,0.067257,1.65984
952,1.39284,0.723717,8,2.66,0.0671264,1.60917
953,1.39284,0.667237,8,2.46,0.067126,1.76938
954,1.39284,0.708763,8,2.56667,0.0671261,1.66591
955,1.39284,0.697123,8,2.72,0.0671781,1.64998
956,1.39284,0.689013,8,2.56667,0.0671333,1.51639
957,1.39284,0.715958,8,2.53333,0.0671273,1.51632
958,1.39284,0.716871,8,2.59333,0.0671289,1.53899
959,1.39284,0.717367,8,2.79333,0.067126,1.39189
960,1.39284,0.743636,8,2.84,0.0675027,1.4583
961,1.39284,0.698752,8,2.45333,0.0671285,1.45458
962,1.39284,0.695398,8,2.66667,0.0685249,1.64362
963,1.39284,0.746471,8,2.91333,0.0672526,1.44335
964,1.25583,0.723828,8,2.74,0.067136,1.36061
965,1.25583,0.733539,8,2.76,0.0671267,1.39656
966,1.25583,0.756221,8,3.04667,0.0671264,1.4327
967,1.25583,0.701023,8,2.69333,0.0672201,1.7003
968,1.25583,0.72638,8,2.82,0.0671713,1.69652
969,1.25583,0.763736,8,2.96,0.067148,1.4357
970,1.50346,0.785017,8,3.04667,0.0676268,1.55327
971,1.50346,0.70061,8,2.72,0.0671259,1.5246
972,1.50346,0.738696,8,2.81333,0.0672682,1.54156
973,1.50346,0.750283,8,2.92667,0.0671259,1.47257
974,1.50346,0.718107,8,2.87333,0.0671259,1.56008
975,1.50346,0.774429,8,2.95333,0.0673375,1.35658
976,1.50346,0.780671,8,3.02667,0.067128,1.48233
977,1.50346,0.771534,8,3.21333,0.0671262,1.66169
978,1.50346,0.758474,8,3.05333,0.0671261,1.56085
979,1.50346,0.782329,8,3.14,0.0671559,1.59717
980,1.50346,0.790934,8,3.16,0.0685497,1.73372
981,1.50346,0.747737,8,2.86667,0.0671301,1.44357
982,1.50346,0.768678,8,2.89333,0.0671259,1.48624
983,1.50346,0.740953,8,2.82,0.0671479,1.62244
984,1.50346,0.715693,8,2.57333,0.0671259,1.45955
985,1.50346,0.760443,8,3.01333,0.0671286,1.48461
986,1.50346,0.806939,8,3.06667,0.0681543,1.64323
987,1.50346,0.720191,8,2.76667,0.0729053,1.66314
988,1.50346,0.763482,8,3.08667,0.0696617,1.52268
989,1.50346,0.767998,8,2.92,0.0673968,1.48292
990,1.50346,0.751084,8,2.93333,0.0672571,1.70177
991,1.50346,0.763243,8,3.00667,0.0671263,1.52812
992,1.50346,0.724631,8,2.68667,0.0671446,1.47957
993,1.50346,0.756605,8,2.69333,0.0671279,1.32095
994,1.50346,0.77012,8,2.69333,0.0671358,1.34291
995,1.37399,0.703425,8,2.39333,0.0672467,1.4866
996,1.37399,0.750039,8,2.9,0.0671921,1.61087
997,1.37399,0.787106,8,3.00667,0.067126,1.43534
998,1.37399,0.77178,8,3.10667,0.0671259,1.66446
999,1.37399,0.808544,8,3.08,0.0671261,1.35963
1000,1.37399,0.793897,8,2.84,0.0671528,1.26702
