*lrsnash:lrslib v.6.2 2016.3.28(64bit,lrsgmp.h gmp v.6.1)
2  0  0  0  0  0  0  0  0  0  0  0  1  0  0  0  0  0  0  0  0  0  0  0  0  0  0  0  0  0  0  0  0  0  0  0  0  0  0  0  0  0  0  0  0  0  0  0  0  0  0  5399230485265667/2251799813685248 
2  0  0  0  0  0  0  0  0  0  0  0  0  0  0  1  0  0  0  0  0  0  0  0  0  0  0  0  0  0  0  0  0  0  0  0  0  0  0  0  0  0  0  0  0  0  0  0  0  0  0  5399230485265667/2251799813685248 
2  0  0  0  0  0  0  0  0  0  0  0  0  0  0  0  0  0  0  1  0  0  0  0  0  0  0  0  0  0  0  0  0  0  0  0  0  0  0  0  0  0  0  0  0  0  0  0  0  0  0  5399230485265667/2251799813685248 
2  0  0  0  0  0  0  0  0  0  0  0  0  0  0  0  0  0  0  0  0  0  0  1  0  0  0  0  0  0  0  0  0  0  0  0  0  0  0  0  0  0  0  0  0  0  0  0  0  0  0  5399230485265667/2251799813685248 
2  0  0  0  0  0  0  0  0  0  0  0  0  0  0  0  0  0  0  0  0  0  0  0  0  0  0  0  0  0  0  0  0  0  0  0  0  0  0  0  1  0  0  0  0  0  0  0  0  0  0  5399230485265667/2251799813685248 
1  0  0  0  1  0 -5399230485265667/2251799813685248 

*Number of equilibria found: 5
*Player 1: vertices=25 bases=33 pivots=45
*Player 2: vertices=5 bases=5 pivots=90

*lrsnash:lrslib v.6.2 2016.3.28(64bit,lrsgmp.h)
