1,1.25404,0.41464,6,0.206667,0.0700363,1.26297
2,1.32094,0.585461,14,0.446667,0.0745675,1.23784
3,1.52859,0.641606,6,0.173333,0.0665028,1.52098
4,1.48095,0.692554,11,0.466667,0.0656287,1.15124
5,1.64718,0.90228,7,0.2,0.0687874,0.778573
6,1.53928,0.949241,7,0.166667,0.0681912,0.618907
7,1.26094,0.959142,6,0.1,0.0679302,0.792589
8,1.25597,0.926106,2,0.08,0.0656224,0.647367
9,1.29421,0.969455,8,0.173333,0.0703013,0.68382
10,1.28422,0.95883,4,0.16,0.0665916,0.595525
11,1.27992,1.05949,5,0.0533333,0.0695582,0.620381
12,1.32586,1.00641,5,0.153333,0.0675724,0.530665
13,1.39204,0.991448,6,0.233333,0.0661784,0.551766
14,1.48072,0.995391,6,0.24,0.0666369,0.539822
15,1.88345,0.948719,6,0.446667,0.0695162,0.701234
16,1.69947,1.01911,6,0.34,0.0675542,0.60751
17,1.83359,0.919247,7,0.26,0.0703767,0.721784
18,1.40253,0.981405,9,0.32,0.0673658,0.565421
19,1.39788,0.995027,7,0.273333,0.0687547,0.564184
20,1.58415,1.03479,5,0.22,0.0680865,0.563932
21,1.62527,1.01583,6,0.246667,0.0693044,0.567228
22,1.4932,1.03432,4,0.2,0.0663212,0.53026
23,1.35215,0.987315,5,0.233333,0.0685708,0.663904
24,1.3523,1.07926,5,0.153333,0.0688824,0.449205
25,1.3596,1.00035,7,0.233333,0.0669587,0.569182
26,1.27871,1.03078,3,0.12,0.0686835,0.454259
27,1.34897,1.04,5,0.14,0.0693767,0.520503
28,1.38369,0.992033,6,0.293333,0.0682157,0.705714
29,1.36696,1.01049,6,0.146667,0.0666726,0.576982
30,1.81345,1.06891,6,0.286667,0.0719339,0.492599
31,1.30721,1.0257,6,0.186667,0.0685527,0.699121
32,1.35996,0.955899,4,0.146667,0.064428,0.618693
33,1.37749,0.999503,7,0.24,0.0699061,0.552358
34,1.36166,1.08961,6,0.14,0.0695075,0.40126
35,1.34332,1.00016,6,0.286667,0.068808,0.475384
36,1.34761,1.06827,7,0.28,0.0691461,0.461878
37,1.43264,0.991745,5,0.186667,0.0642548,0.476652
38,1.62353,1.08161,7,0.193333,0.0693967,0.407948
39,1.36879,1.03442,5,0.173333,0.0657474,0.525943
40,1.84317,1.03355,8,0.42,0.0676021,0.553276
41,1.53201,1.07338,5,0.286667,0.0693144,0.487798
42,1.71392,1.00619,6,0.24,0.0646333,0.521796
43,2.06106,1.04904,8,0.393333,0.068913,0.559533
44,1.69649,1.01769,7,0.44,0.0683628,0.53555
45,1.58407,1.07158,6,0.2,0.0674405,0.46342
46,1.62989,1.02626,9,0.526667,0.0693148,0.636727
47,1.58244,1.03529,6,0.133333,0.0662132,0.490389
48,1.81916,1.03288,10,0.646667,0.0723524,0.711565
49,1.74108,1.06396,7,0.64,0.0693145,0.578421
50,1.76025,1.07655,6,0.333333,0.0704031,0.565143
51,1.52622,1.04383,6,0.24,0.067752,0.531476
52,1.73531,1.12747,5,0.233333,0.0681219,0.443379
53,1.6331,1.00244,6,0.213333,0.0688029,0.608018
54,1.61779,1.10094,5,0.14,0.0665751,0.480704
55,1.41798,1.03749,8,0.24,0.0656087,0.445834
56,1.67084,1.08749,6,0.26,0.0681338,0.571981
57,1.63012,1.04421,4,0.106667,0.0679142,0.505077
58,1.54899,1.04497,5,0.08,0.0684125,0.49382
59,1.61903,1.06845,4,0.1,0.0681548,0.443168
60,1.39925,1.03285,6,0.24,0.0688173,0.525008
61,1.61603,1.04522,4,0.14,0.065212,0.443372
62,1.51772,1.04698,7,0.16,0.0667243,0.484969
63,1.62552,1.02817,7,0.26,0.0675613,0.630056
64,1.45333,1.06534,5,0.106667,0.0650571,0.47879
65,1.60447,1.06892,7,0.28,0.0689404,0.514357
66,2.02762,1.02127,11,0.213333,0.0686929,0.561472
67,1.57943,1.1103,5,0.253333,0.067506,0.485516
68,1.67767,1.02173,7,0.313333,0.0678089,0.515109
69,1.61875,1.0084,5,0.273333,0.0693293,0.728651
70,1.37812,1.0407,9,0.233333,0.0685834,0.52205
71,1.65203,1.04584,10,0.353333,0.0673006,0.628049
72,1.48021,1.06257,6,0.14,0.0668735,0.503462
73,1.74703,1.07684,13,0.34,0.0706967,0.509233
74,1.36743,1.07372,4,0.16,0.0670895,0.422307
75,1.51937,1.02991,2,0.133333,0.0683327,0.459791
76,1.51973,1.06352,8,0.306667,0.0684145,0.511299
77,1.49922,1.1468,5,0.173333,0.0669042,0.429783
78,1.50176,1.0893,4,0.146667,0.0694218,0.551863
79,1.51292,1.07089,8,0.146667,0.0671187,0.528153
80,1.71281,1.08113,11,0.34,0.0692738,0.664873
81,1.62724,1.05432,7,0.26,0.0666599,0.59045
82,1.48146,1.04445,5,0.14,0.0676675,0.472955
83,1.48949,1.03219,4,0.16,0.0665896,0.500481
84,1.49764,1.02492,3,0.0866667,0.0672327,0.5513
85,1.54534,1.00275,5,0.2,0.0671853,0.70561
86,1.42848,1.01965,4,0.14,0.0664384,0.712145
87,1.72419,1.02507,6,0.36,0.0676987,0.627652
88,1.64898,1.1163,5,0.366667,0.0655876,0.587089
89,1.64765,1.04082,7,0.346667,0.0673755,0.600897
90,1.62405,0.997925,7,0.2,0.067246,0.581287
91,1.73391,1.03719,6,0.353333,0.0663486,0.626747
92,1.48821,1.11362,7,0.213333,0.0677158,0.462525
93,1.59769,1.06279,4,0.16,0.0672496,0.515968
94,1.77624,1.11981,5,0.193333,0.0659794,0.396031
95,1.99943,1.09597,6,0.246667,0.0662137,0.471549
96,1.65188,1.09966,6,0.293333,0.0709693,0.516398
97,1.74524,1.10621,6,0.166667,0.0669632,0.444313
98,1.58429,1.04718,6,0.306667,0.0640528,0.602858
99,1.48279,1.07775,5,0.226667,0.0685839,0.565638
100,1.73,1.07686,4,0.3,0.0672185,0.527868
101,1.74994,1.06821,5,0.473333,0.0648403,0.637645
102,1.56884,1.05334,4,0.293333,0.0685459,0.51941
103,1.38886,0.989528,5,0.36,0.0654453,0.612253
104,1.63738,1.04594,8,0.433333,0.0696555,0.530589
105,1.82676,1.1135,6,0.4,0.067179,0.513951
106,1.71232,1.08059,9,0.586667,0.0648813,0.574779
107,1.60595,1.06805,5,0.44,0.0699512,0.590986
108,1.70095,1.07615,4,0.353333,0.0658403,0.557943
109,1.70478,1.10178,6,0.393333,0.0678337,0.525329
110,1.83727,1.06405,6,0.466667,0.0701141,0.609492
111,1.55209,1.04458,5,0.32,0.0688423,0.640556
112,1.72614,1.08149,5,0.32,0.0662924,0.548666
113,1.67383,1.09111,5,0.46,0.0645238,0.444065
114,1.69463,1.06531,6,0.586667,0.0670842,0.633222
115,1.57878,1.01149,6,0.373333,0.0652867,0.690937
116,1.74568,1.06997,7,0.4,0.0676247,0.608034
117,1.88042,1.07222,7,0.6,0.0654544,0.638948
118,1.68932,1.08238,6,0.693333,0.069471,0.618539
119,1.67061,1.09029,7,0.426667,0.0665585,0.623733
120,1.93248,1.09882,7,0.553333,0.0674328,0.56658
121,1.68282,1.0717,6,0.566667,0.0672143,0.67584
122,1.6102,1.03082,6,0.326667,0.0671625,0.800623
123,1.90455,1.11377,9,0.593333,0.0696261,0.673444
124,1.93538,1.05283,8,0.786667,0.0672457,0.749558
125,1.6588,1.0628,6,0.36,0.0675534,0.729099
126,1.57953,1.06292,4,0.333333,0.0666055,0.602955
127,1.4273,1.03451,3,0.186667,0.0651221,0.681288
128,1.81023,1.12468,5,0.48,0.0682598,0.491818
129,1.75424,1.11762,8,0.566667,0.0686848,0.572183
130,1.76939,1.08328,7,0.466667,0.0705239,0.692822
131,1.84355,1.10334,6,0.42,0.065253,0.706572
132,1.6785,1.11914,6,0.34,0.0689254,0.559158
133,1.85394,1.08044,6,0.44,0.067239,0.601058
134,1.90441,1.0356,8,0.526667,0.0668346,0.64134
135,1.79684,1.11528,6,0.413333,0.0687073,0.651455
136,1.65261,1.11643,7,0.466667,0.070321,0.659755
137,1.53407,1.10941,7,0.413333,0.0695422,0.623687
138,1.91582,1.08543,7,0.573333,0.0672703,0.736419
139,1.87011,1.09511,9,0.48,0.0671903,0.769571
140,1.90003,1.11552,7,0.506667,0.0685674,0.76336
141,1.78181,1.09029,5,0.38,0.066322,0.821687
142,1.6338,1.07677,6,0.28,0.0700947,0.754049
143,1.37818,1.03697,2,0.0933333,0.0668914,0.647006
144,1.50882,1.11099,4,0.206667,0.0671107,0.682807
145,1.58637,1.06533,4,0.26,0.0677675,0.585085
146,1.74725,1.10183,9,0.386667,0.0667906,0.629761
147,1.69621,1.12997,4,0.193333,0.0692751,0.502958
148,1.35803,1.00913,3,0.0666667,0.063107,0.647318
149,1.60406,1.13812,6,0.12,0.0661902,0.533931
150,1.74734,1.08178,6,0.286667,0.0703578,0.607385
151,1.78249,1.07242,8,0.273333,0.0706572,0.668627
152,1.88227,1.10949,10,0.18,0.0665729,0.436633
153,1.85158,1.17072,8,0.386667,0.068716,0.492044
154,2.04461,1.10006,7,0.24,0.0687802,0.627428
155,1.82999,1.11208,5,0.22,0.0682161,0.519087
156,1.59995,1.10855,6,0.3,0.0664476,0.591266
157,1.70316,1.06647,9,0.3,0.0682828,0.614854
158,1.71081,1.15448,5,0.233333,0.0666412,0.469906
159,1.80419,1.0718,7,0.346667,0.065955,0.646008
160,1.80146,1.06657,10,0.413333,0.0681813,0.752707
161,1.50075,1.13634,3,0.0866667,0.0647063,0.520536
162,1.80856,1.1656,5,0.22,0.0673519,0.51267
163,1.84241,1.08568,9,0.646667,0.067576,0.616214
164,1.56166,1.14096,5,0.22,0.0695139,0.569911
165,1.67485,1.07369,4,0.173333,0.0697958,0.64411
166,1.42382,1.07639,4,0.126667,0.0661394,0.524041
167,1.55423,1.10873,4,0.173333,0.0658696,0.523201
168,1.46426,1.05045,4,0.153333,0.0664037,0.61051
169,1.70284,1.12256,9,0.393333,0.067916,0.533482
170,1.46594,1.07317,4,0.26,0.0659024,0.575098
171,1.48496,1.11211,3,0.14,0.0692463,0.551275
172,1.73085,1.14945,8,0.38,0.069166,0.668518
173,1.56532,1.14058,3,0.166667,0.0701022,0.567617
174,1.68103,1.05325,7,0.313333,0.0674207,0.721836
175,1.50144,1.10303,2,0.133333,0.0665817,0.686586
176,1.87857,1.12104,8,0.253333,0.066831,0.55485
177,1.83867,1.13025,6,0.26,0.0656681,0.533674
178,1.83595,1.1509,7,0.346667,0.0667023,0.542883
179,1.2873,1.13325,4,0.0866667,0.0620997,0.38016
180,1.61081,1.11615,7,0.166667,0.0660158,0.501366
181,1.70505,1.05956,5,0.233333,0.0701117,0.646008
182,1.52709,1.09479,6,0.173333,0.0684213,0.515627
183,1.41552,1.10454,3,0.0866667,0.0686703,0.441304
184,1.40602,1.0716,5,0.166667,0.0658847,0.531769
185,1.49646,1.09164,3,0.1,0.0664108,0.643395
186,1.6027,1.15319,6,0.166667,0.0670464,0.555511
187,1.63628,1.07142,7,0.333333,0.0670184,0.668404
188,1.4758,1.09189,5,0.206667,0.0664217,0.595444
189,1.58938,1.13451,6,0.273333,0.0671344,0.500854
190,1.34,1.07877,3,0.16,0.0673877,0.576364
191,1.68302,1.08499,7,0.32,0.0670909,0.533298
192,1.92472,1.13814,6,0.32,0.0681002,0.505193
193,1.67213,1.13535,7,0.286667,0.0684495,0.548772
194,1.71323,1.07485,5,0.306667,0.0677299,0.570727
195,1.77818,1.12532,6,0.346667,0.068153,0.518348
196,1.38749,1.08625,3,0.126667,0.06938,0.52234
197,1.83643,1.05323,6,0.22,0.0685455,0.652327
198,1.84952,1.09932,7,0.32,0.064792,0.566928
199,1.47715,1.04278,5,0.3,0.0679733,0.691735
200,1.53302,1.06648,6,0.293333,0.0682087,0.655554
201,1.6271,1.04757,8,0.446667,0.0667459,0.633814
202,1.51061,1.10397,5,0.213333,0.0674479,0.53246
203,1.55224,1.07034,3,0.206667,0.0674526,0.634027
204,1.7471,1.11137,7,0.193333,0.0674639,0.624449
205,1.65277,1.08024,6,0.166667,0.0684189,0.645023
206,1.49323,1.10767,6,0.28,0.0627442,0.563878
207,1.49708,1.08826,7,0.306667,0.0680257,0.714641
208,1.4777,1.09257,7,0.293333,0.068944,0.549052
209,1.6725,1.13206,5,0.226667,0.0644852,0.491057
210,1.66155,1.13583,5,0.426667,0.0687878,0.620167
211,1.69784,1.09895,4,0.3,0.0640348,0.521719
212,1.61485,1.10214,5,0.253333,0.0689308,0.647847
213,1.79647,1.10777,7,0.353333,0.0668689,0.630916
214,1.93086,1.10245,7,0.506667,0.0670404,0.61409
215,1.48374,1.08188,3,0.153333,0.0663928,0.63996
216,1.8326,1.12244,6,0.293333,0.0654037,0.621917
217,1.68294,1.08124,7,0.38,0.0690755,0.703969
218,1.67217,1.03676,4,0.193333,0.0672159,0.721189
219,2.1125,1.12548,8,0.433333,0.0658126,0.578337
220,1.58857,1.10728,4,0.266667,0.0674542,0.599679
221,1.57924,1.08441,5,0.2,0.0676642,0.718663
222,1.70376,1.08483,5,0.26,0.0687785,0.642582
223,1.6849,1.17975,7,0.34,0.0694224,0.648478
224,1.60576,1.05219,7,0.2,0.0660604,0.778824
225,1.95306,1.13561,7,0.406667,0.0694245,0.671816
226,1.74356,1.07157,5,0.333333,0.0665501,0.731772
227,1.58297,1.10547,5,0.126667,0.0665739,0.572361
228,1.71407,1.13832,6,0.366667,0.068795,0.505949
229,1.57781,1.09811,6,0.233333,0.0656788,0.554771
230,1.5535,1.14999,3,0.186667,0.0676143,0.487111
231,1.61273,1.14712,4,0.306667,0.069101,0.580276
232,1.65788,1.11762,7,0.36,0.0674631,0.624007
233,1.86656,1.14231,8,0.5,0.0690678,0.567587
234,2.04869,1.09416,8,0.566667,0.0670543,0.628566
235,2.33725,1.14059,11,0.82,0.0683431,0.672976
236,1.74166,1.09187,8,0.586667,0.0671931,0.797557
237,1.70041,1.12596,6,0.386667,0.0689276,0.700947
238,1.83258,1.1357,8,0.56,0.0668837,0.667219
239,1.81253,1.08014,7,0.573333,0.0681428,0.761658
240,1.65382,1.05843,4,0.266667,0.0687456,0.799628
241,1.51872,1.03868,7,0.4,0.067607,0.798115
242,1.66796,1.11521,5,0.44,0.0683914,0.741189
243,1.92854,1.16196,7,0.54,0.0672645,0.593029
244,1.64715,1.09617,9,0.453333,0.0695165,0.682718
245,1.41449,1.08988,6,0.346667,0.0659613,0.650492
246,1.38239,1.12336,4,0.246667,0.0689584,0.578264
247,1.79683,1.09502,5,0.173333,0.0653152,0.593179
248,1.58705,1.11296,5,0.226667,0.0665653,0.455215
249,1.70988,1.09858,5,0.3,0.0693354,0.59257
250,1.69499,1.10172,6,0.326667,0.067584,0.589193
251,1.61528,1.10607,4,0.18,0.0674885,0.551305
252,1.64551,1.13677,5,0.16,0.0669572,0.546618
253,1.50123,1.13593,5,0.0866667,0.0693088,0.572654
254,1.85513,1.135,7,0.28,0.0699563,0.583021
255,1.67221,1.16154,5,0.16,0.0688068,0.462109
256,1.55584,1.13612,3,0.133333,0.0681036,0.570826
257,1.6741,1.11395,4,0.18,0.0697488,0.56209
258,1.75679,1.08596,6,0.28,0.0692125,0.613569
259,1.86007,1.09825,9,0.32,0.065585,0.567241
260,1.47789,1.09657,6,0.26,0.0682103,0.647218
261,1.4637,1.1345,3,0.113333,0.0705183,0.485473
262,1.59242,1.12626,9,0.18,0.0655606,0.438892
263,1.56641,1.06472,4,0.173333,0.0690325,0.561376
264,1.81383,1.1125,10,0.306667,0.0696438,0.502866
265,1.55438,1.09001,5,0.126667,0.0647308,0.507201
266,1.53814,1.10902,5,0.153333,0.0677669,0.565672
267,1.38407,1.10302,5,0.22,0.0680032,0.696112
268,1.58604,1.0951,7,0.22,0.0686806,0.572146
269,1.45389,1.07048,5,0.253333,0.065272,0.579533
270,1.38569,1.07794,3,0.153333,0.0646354,0.535861
271,1.78065,1.07846,5,0.3,0.0678165,0.570315
272,1.44554,1.09011,5,0.226667,0.066984,0.494407
273,1.4399,1.08689,3,0.08,0.0673805,0.496779
274,1.39969,1.10505,3,0.0933333,0.0662281,0.495554
275,1.5724,1.08585,6,0.16,0.065748,0.584171
276,1.72569,1.08976,7,0.166667,0.0649523,0.559798
277,1.43395,1.11341,5,0.126667,0.066075,0.521307
278,1.81853,1.11846,7,0.206667,0.0665493,0.483495
279,1.52537,1.05324,6,0.16,0.0688131,0.535147
280,1.55115,1.12078,9,0.34,0.0691091,0.496903
281,1.81493,1.09524,7,0.58,0.0708296,0.638264
282,1.62861,1.11629,6,0.146667,0.0682599,0.482476
283,1.62273,1.05878,4,0.16,0.0671801,0.597135
284,1.58482,1.07725,5,0.186667,0.0689174,0.589079
285,2.03058,1.03164,10,0.306667,0.0699699,0.541913
286,2.00904,1.06836,7,0.246667,0.0672698,0.497329
287,1.65218,1.10162,7,0.32,0.066792,0.476265
288,1.55853,1.06906,7,0.3,0.0668215,0.523625
289,1.56148,1.06851,5,0.28,0.0634012,0.505407
290,1.66707,1.11041,4,0.34,0.0668669,0.526722
291,1.69153,1.08607,6,0.246667,0.0694345,0.543016
292,1.95952,1.10246,7,0.366667,0.0719586,0.658318
293,1.99521,1.10548,7,0.366667,0.0679958,0.566959
294,1.79152,1.06002,7,0.493333,0.0683988,0.653528
295,1.57163,1.09615,4,0.24,0.0669024,0.509288
296,1.60287,1.11486,7,0.18,0.0633104,0.450193
297,1.82194,1.1226,5,0.166667,0.0674844,0.441782
298,1.66906,1.11036,6,0.16,0.0668902,0.458628
299,1.56739,1.11945,5,0.2,0.0673972,0.579562
300,1.69611,1.12808,6,0.293333,0.0657902,0.530486
301,1.75007,1.11663,6,0.3,0.0676699,0.591177
302,1.56379,1.05096,6,0.406667,0.0704016,0.740299
303,1.62877,1.08969,5,0.153333,0.0684832,0.53511
304,1.67682,1.0864,5,0.206667,0.0677852,0.503937
305,2.08479,1.11186,8,0.166667,0.0686737,0.435392
306,1.68088,1.03071,5,0.14,0.0680803,0.58154
307,1.7517,1.10957,5,0.0533333,0.0693703,0.459324
308,1.49029,1.11522,7,0.213333,0.0704829,0.400883
309,1.36312,1.09451,3,0.12,0.0647932,0.469099
310,1.66154,1.09211,4,0.0466667,0.0668126,0.440661
311,1.80805,1.09445,6,0.113333,0.0659773,0.470293
312,1.49107,1.05257,4,0.186667,0.0666687,0.611353
313,1.5798,1.03137,7,0.153333,0.0668543,0.516813
314,1.4417,1.10175,4,0.146667,0.0689887,0.541641
315,1.61244,1.13194,4,0.166667,0.0684843,0.435095
316,1.59573,1.0474,6,0.18,0.0682841,0.516073
317,1.4484,1.04339,4,0.106667,0.0694061,0.626574
318,1.55684,1.08854,4,0.0933333,0.0676798,0.49293
319,2.04807,1.10062,9,0.14,0.0671735,0.40414
320,1.40279,1.05114,5,0.253333,0.0686979,0.553078
321,1.62842,1.07691,6,0.206667,0.0615075,0.458606
322,1.59157,1.10216,5,0.08,0.067498,0.43848
323,1.59486,1.12204,7,0.0933333,0.069185,0.43275
324,1.49159,1.09791,8,0.16,0.0682256,0.431665
325,1.36769,1.09457,5,0.14,0.0657233,0.446249
326,1.55766,1.04651,6,0.233333,0.0703995,0.57132
327,1.3082,1.17342,13,0.273333,0.0694198,0.347014
328,1.76305,1.08588,7,0.16,0.0708935,0.510743
329,1.51733,1.03943,5,0.16,0.0652168,0.508659
330,1.2902,1.04261,4,0.1,0.0669848,0.466988
331,1.28393,1.12704,6,0.14,0.0645219,0.413856
332,1.34271,1.06782,6,0.16,0.0677664,0.445846
333,1.31666,1.06474,4,0.08,0.0666188,0.491161
334,1.56134,1.07556,4,0.0666667,0.0663708,0.404871
335,1.49469,1.03647,3,0.166667,0.0704783,0.406889
336,1.449,1.08903,3,0.113333,0.0697805,0.522164
337,1.32037,1.04902,5,0.106667,0.0685157,0.446394
338,1.39981,1.11112,3,0.0866667,0.0692872,0.44761
339,1.29061,1.13091,4,0.153333,0.0707989,0.368015
340,1.28088,1.11901,3,0.0466667,0.0652157,0.343015
341,1.27937,1.06287,7,0.08,0.0694246,0.373428
342,1.35416,1.11683,6,0.1,0.0672604,0.524233
343,1.52462,1.06434,9,0.106667,0.0663131,0.403203
344,1.40552,1.10217,3,0.0866667,0.0639514,0.45615
345,1.38965,1.02766,6,0.166667,0.0669102,0.471957
346,1.28664,1.07796,6,0.106667,0.0671208,0.417367
347,1.26588,1.10653,6,0.106667,0.0662185,0.297752
348,1.29564,1.04159,8,0.0933333,0.0688628,0.438324
349,1.28145,1.11579,8,0.133333,0.0699136,0.325253
350,1.29167,1.05304,2,0.0266667,0.0694776,0.389455
351,1.30594,1.11174,9,0.186667,0.0678913,0.331069
352,1.28301,1.10238,4,0.06,0.0653964,0.280366
353,1.34651,1.0886,6,0.0733333,0.0663799,0.378871
354,1.46827,1.10297,7,0.173333,0.068296,0.405735
355,1.28936,1.10158,7,0.133333,0.065627,0.371228
356,1.28716,1.08261,8,0.106667,0.0647956,0.402951
357,1.35332,1.07344,6,0.14,0.0649345,0.396613
358,1.27853,1.09449,4,0.06,0.0656487,0.384657
359,1.28992,1.10585,3,0.04,0.0689183,0.315576
360,1.28679,1.08639,4,0.0933333,0.066076,0.38992
361,1.27914,1.07231,5,0.133333,0.0673019,0.420954
362,1.30101,1.10341,6,0.153333,0.0683232,0.377364
363,1.29624,1.05265,5,0.12,0.0686019,0.361433
364,1.29771,1.10622,5,0.12,0.0697918,0.428175
365,1.3103,1.0944,6,0.16,0.0690194,0.362222
366,1.59553,1.11071,5,0.126667,0.0678199,0.348055
367,1.41157,1.04014,8,0.2,0.0652677,0.412005
368,1.40637,1.0929,5,0.12,0.0646675,0.292301
369,1.46956,1.05656,9,0.16,0.0658912,0.449046
370,1.56807,1.01867,7,0.313333,0.064351,0.425361
371,1.51423,1.13928,4,0.0933333,0.0706778,0.268508
372,1.51135,1.10644,8,0.213333,0.0668317,0.390593
373,1.58258,1.10645,5,0.16,0.0687346,0.379655
374,1.50172,1.04575,6,0.213333,0.0644333,0.413411
375,1.68278,1.1518,11,0.246667,0.0681562,0.252955
376,1.32668,1.01373,7,0.193333,0.0651256,0.424405
377,1.51256,1.11506,5,0.16,0.0645486,0.378107
378,1.38563,1.10456,5,0.18,0.065826,0.368595
379,1.55677,1.16121,8,0.14,0.0705145,0.245781
380,1.33981,1.13621,4,0.0666667,0.0699876,0.346425
381,1.48685,1.11015,4,0.166667,0.0685574,0.36512
382,1.44643,1.13082,4,0.1,0.0658962,0.295384
383,1.48778,1.08752,5,0.193333,0.0661972,0.395252
384,1.3298,1.10737,7,0.166667,0.0685846,0.400998
385,1.52374,1.12007,9,0.286667,0.0704977,0.449491
386,1.32493,1.11761,2,0.0666667,0.0713895,0.37484
387,1.61768,1.09308,4,0.08,0.0654415,0.409401
388,1.91928,1.15391,8,0.193333,0.0694161,0.3329
389,1.56165,1.13722,8,0.146667,0.0680746,0.349708
390,1.32756,1.10751,4,0.1,0.0673174,0.371541
391,1.40899,1.10078,5,0.126667,0.0679809,0.387757
392,1.51048,1.12414,5,0.106667,0.0689921,0.321343
393,1.29737,1.1396,3,0.04,0.0683509,0.306268
394,1.28883,1.16373,4,0.0733333,0.0680579,0.244255
395,1.27449,1.16902,8,0.1,0.0647243,0.237547
396,1.2784,1.1607,2,0.0333333,0.068218,0.258397
397,1.30373,1.14433,4,0.146667,0.0678051,0.325381
398,1.29088,1.16537,6,0.146667,0.0661396,0.302708
399,1.28135,1.16772,2,0.02,0.0651794,0.261906
400,1.27011,1.1474,4,0.08,0.0661189,0.370715
401,1.31873,1.10151,5,0.153333,0.0699327,0.345953
402,1.31265,1.11039,5,0.126667,0.0671053,0.304347
403,1.28768,1.14411,3,0.02,0.0672154,0.333566
404,1.29656,1.16275,5,0.1,0.0677571,0.261248
405,1.5163,1.14082,8,0.153333,0.0687565,0.264842
406,1.32897,1.12393,2,0.08,0.0655063,0.293244
407,1.2938,1.15964,11,0.18,0.0662392,0.292633
408,1.27578,1.15137,10,0.16,0.0649123,0.280882
409,1.30301,1.12739,3,0.0866667,0.070441,0.276334
410,1.291,1.14348,6,0.0733333,0.0658835,0.273059
411,1.2999,1.16661,7,0.0933333,0.0660202,0.258207
412,1.28404,1.10485,2,0.0333333,0.067418,0.353506
413,1.30796,1.11225,4,0.0666667,0.0697135,0.33393
414,1.29235,1.13268,8,0.12,0.0697082,0.273217
415,1.31794,1.1883,6,0.0866667,0.0703361,0.217325
416,1.30523,1.12637,3,0.0533333,0.0652315,0.24137
417,1.27765,1.10143,6,0.113333,0.0672212,0.340661
418,1.29037,1.13784,5,0.166667,0.0636067,0.238204
419,1.52935,1.13296,5,0.08,0.0660239,0.262872
420,1.81839,1.12389,6,0.22,0.0686295,0.29826
421,1.70364,1.12241,5,0.186667,0.0678636,0.349559
422,1.74049,1.14228,6,0.233333,0.0669596,0.256975
423,1.53335,1.12446,6,0.16,0.0647737,0.269003
424,1.61166,1.17907,6,0.213333,0.0667462,0.303382
425,1.71186,1.12185,8,0.32,0.0682587,0.411959
426,1.84095,1.18887,5,0.173333,0.0665903,0.32094
427,1.68114,1.13925,6,0.16,0.0686445,0.324193
428,1.39689,1.13925,7,0.273333,0.0687456,0.34541
429,1.75679,1.18857,6,0.173333,0.067636,0.244219
430,1.55272,1.14603,4,0.1,0.0632974,0.318145
431,1.49507,1.17054,3,0.14,0.0695695,0.328401
432,1.53643,1.17156,2,0.0666667,0.0680044,0.285827
433,1.58386,1.16028,4,0.14,0.0654455,0.3159
434,2.0441,1.10014,7,0.333333,0.065689,0.437044
435,1.58986,1.14246,6,0.233333,0.0679112,0.326584
436,1.55564,1.06916,9,0.2,0.067528,0.483147
437,1.50175,1.11004,6,0.253333,0.0715609,0.476882
438,1.69869,1.10502,6,0.22,0.0662657,0.405378
439,1.6963,1.12161,5,0.253333,0.0661436,0.43059
440,1.56045,1.10934,6,0.18,0.0676795,0.421625
441,1.41519,1.08503,5,0.126667,0.0649399,0.415079
442,1.49303,1.06538,3,0.113333,0.0698898,0.548197
443,1.37131,1.10249,4,0.06,0.0688335,0.348397
444,1.55028,1.12677,6,0.2,0.0686065,0.36773
445,1.42659,1.15573,5,0.0866667,0.0672435,0.328195
446,1.62086,1.12797,4,0.2,0.0670888,0.378206
447,1.55701,1.16145,7,0.213333,0.0695891,0.328001
448,1.55051,1.12842,6,0.2,0.067856,0.335285
449,1.44074,1.10306,4,0.1,0.0633998,0.380724
450,1.30794,1.13943,2,0.0466667,0.0658286,0.33052
451,1.38709,1.1027,5,0.14,0.0671239,0.391288
452,1.49312,1.1441,8,0.313333,0.0670036,0.311881
453,1.42773,1.10109,6,0.193333,0.065843,0.374787
454,1.61628,1.13149,4,0.133333,0.0679373,0.277861
455,1.72068,1.12497,5,0.126667,0.066877,0.308512
456,1.61095,1.11828,5,0.18,0.070135,0.387999
457,1.45129,1.13733,4,0.206667,0.0681712,0.380085
458,1.60704,1.06582,6,0.293333,0.065487,0.404964
459,1.8397,1.11229,6,0.246667,0.0666903,0.366869
460,1.38945,1.08303,6,0.2,0.0682531,0.393422
461,1.75847,1.19489,6,0.146667,0.0683678,0.263399
462,1.42181,1.09173,3,0.146667,0.066603,0.46761
463,1.6481,1.09973,5,0.253333,0.0674942,0.393764
464,1.51433,1.0876,4,0.28,0.0690447,0.495211
465,1.7416,1.11762,8,0.28,0.0667167,0.393145
466,1.65301,1.06705,4,0.246667,0.0711288,0.608415
467,1.48921,1.08539,3,0.1,0.0678276,0.420278
468,1.6217,1.08688,3,0.126667,0.0672854,0.479159
469,1.40105,1.02014,4,0.166667,0.0675708,0.564456
470,1.55811,1.09754,6,0.16,0.067235,0.43468
471,1.73353,1.12911,7,0.353333,0.0703954,0.431933
472,1.30287,1.05317,5,0.14,0.0667879,0.467424
473,1.38715,1.10673,4,0.18,0.0673687,0.370125
474,1.94808,1.11396,7,0.373333,0.0687484,0.454288
475,2.12873,1.09952,8,0.44,0.0676459,0.551868
476,1.65196,1.16084,6,0.193333,0.0679191,0.399545
477,1.38782,1.12656,5,0.133333,0.0677761,0.421851
478,1.61656,1.08,6,0.4,0.0662929,0.428662
479,1.63071,1.0769,5,0.246667,0.0680901,0.469223
480,1.50763,1.11663,4,0.18,0.0673978,0.461769
481,1.76447,1.08829,6,0.26,0.0674504,0.60037
482,1.75955,1.13629,6,0.273333,0.067649,0.481677
483,1.73,1.14294,8,0.313333,0.0693945,0.427529
484,1.74753,1.07766,5,0.326667,0.06452,0.478132
485,2.13087,1.09763,9,0.466667,0.066538,0.553686
486,1.71636,1.06557,6,0.446667,0.0679625,0.557368
487,1.95809,1.14156,8,0.273333,0.0701935,0.48128
488,2.07707,1.13996,8,0.246667,0.0687491,0.399975
489,1.86374,1.11461,9,0.206667,0.0700866,0.42584
490,1.52739,1.12523,4,0.293333,0.0667581,0.510557
491,1.9046,1.07205,9,0.466667,0.068925,0.66779
492,1.8196,1.08207,5,0.266667,0.067839,0.6688
493,1.96876,1.11597,7,0.433333,0.0675091,0.660788
494,1.59544,1.06278,4,0.186667,0.0707496,0.607443
495,1.70878,1.07193,5,0.26,0.0644979,0.571483
496,1.93045,1.10103,8,0.4,0.0666613,0.538788
497,1.61194,1.04086,7,0.24,0.067101,0.545908
498,1.62752,1.07496,6,0.426667,0.0679069,0.582124
499,1.73246,1.03844,7,0.366667,0.0650333,0.509766
500,1.84195,1.09471,9,0.313333,0.067265,0.470436
501,1.6383,1.08123,4,0.153333,0.0677326,0.430183
502,1.59644,1.02389,7,0.333333,0.0661475,0.46827
503,1.58361,1.05379,6,0.326667,0.0698369,0.513491
504,1.55369,1.07568,6,0.253333,0.0685019,0.489473
505,1.57988,1.10714,7,0.253333,0.0696337,0.525879
506,1.67802,1.07255,13,0.26,0.0681345,0.516941
507,1.71101,1.05737,5,0.206667,0.0691851,0.425885
508,1.8405,1.15887,6,0.213333,0.0676405,0.335382
509,1.65174,1.0869,6,0.18,0.06767,0.439633
510,1.58725,1.05194,8,0.266667,0.0680085,0.450395
511,1.38857,1.09887,3,0.08,0.0699864,0.360517
512,1.54165,1.14764,4,0.1,0.069306,0.338242
513,1.94104,1.16049,10,0.386667,0.0715761,0.394571
514,1.61564,1.10248,5,0.153333,0.0694324,0.363574
515,1.65362,1.10446,6,0.24,0.066831,0.356746
516,1.41259,1.10957,8,0.206667,0.0677611,0.315384
517,1.58028,1.13228,5,0.12,0.0684055,0.335986
518,1.85128,1.13508,8,0.16,0.0672144,0.284163
519,1.56954,1.08695,5,0.206667,0.0664377,0.397879
520,1.64983,1.14382,6,0.0866667,0.0686647,0.315111
521,1.29342,1.12259,3,0.0666667,0.0666505,0.33801
522,1.29222,1.1148,2,0.0266667,0.0687328,0.321358
523,1.29206,1.13305,3,0.04,0.0679586,0.301967
524,1.29113,1.17086,4,0.0333333,0.0660289,0.267288
525,1.2902,1.12664,2,0.0733333,0.066431,0.358475
526,1.29679,1.16836,4,0.0533333,0.0676719,0.302454
527,1.3109,1.12391,1,0.00666667,0.0701649,0.324864
528,1.50233,1.16021,8,0.146667,0.0679951,0.298853
529,1.84267,1.12746,5,0.0866667,0.0647994,0.358203
530,1.588,1.1788,3,0.08,0.0706378,0.252106
531,1.44928,1.1036,3,0.1,0.0678684,0.343672
532,1.53438,1.13974,4,0.113333,0.0681224,0.288551
533,1.33255,1.13247,4,0.0866667,0.0671849,0.268539
534,1.86859,1.18331,6,0.14,0.0708187,0.270362
535,1.57629,1.13624,3,0.113333,0.0669402,0.298075
536,1.4101,1.166,4,0.0666667,0.0683803,0.275771
537,1.555,1.14998,2,0.02,0.0660807,0.236633
538,1.27654,1.13807,5,0.1,0.067889,0.348967
539,1.28043,1.14086,4,0.0666667,0.0689851,0.331646
540,1.28462,1.11662,10,0.166667,0.0669983,0.305219
541,1.28759,1.17575,7,0.133333,0.0688086,0.271815
542,1.28159,1.16357,2,0.0266667,0.0686591,0.212898
543,1.27149,1.12539,6,0.1,0.0642053,0.284581
544,1.27857,1.134,2,0.06,0.0686597,0.278827
545,1.28277,1.14986,9,0.16,0.0674786,0.314222
546,1.40842,1.0989,7,0.206667,0.0670931,0.353371
547,1.55377,1.12806,5,0.14,0.0676384,0.316221
548,1.58778,1.08432,5,0.186667,0.0651833,0.466044
549,1.28343,1.11997,3,0.06,0.0690287,0.356804
550,1.332,1.13932,4,0.106667,0.0729115,0.352135
551,1.43778,1.16699,5,0.113333,0.068903,0.377707
552,1.37857,1.1585,6,0.1,0.0692796,0.311536
553,1.48499,1.14806,3,0.0466667,0.0659602,0.378147
554,1.30137,1.08327,5,0.133333,0.0656564,0.497846
555,1.30124,1.08026,4,0.08,0.066226,0.384036
556,1.38298,1.11467,4,0.126667,0.067874,0.34907
557,1.51555,1.11237,3,0.166667,0.0699925,0.418432
558,1.85017,1.12074,5,0.153333,0.0661045,0.383673
559,1.52144,1.11435,6,0.113333,0.0694846,0.396013
560,1.4733,1.14116,4,0.113333,0.0690844,0.330935
561,1.89616,1.13127,5,0.0933333,0.0674302,0.322118
562,1.64438,1.0924,9,0.293333,0.067682,0.478378
563,1.65679,1.10202,7,0.14,0.0686012,0.319181
564,1.57692,1.13371,3,0.0733333,0.0656155,0.293929
565,1.6587,1.08752,6,0.12,0.067121,0.353882
566,1.28601,1.09488,6,0.166667,0.0665634,0.407919
567,1.36243,1.0739,5,0.0933333,0.0679657,0.38704
568,1.34062,1.08795,7,0.0933333,0.0677,0.359251
569,1.91917,1.12612,6,0.133333,0.0670919,0.334209
570,1.54056,1.05404,3,0.0533333,0.0668307,0.40142
571,1.32329,1.08434,3,0.0533333,0.0676621,0.327368
572,1.41483,1.09515,8,0.253333,0.0661095,0.417024
573,1.6114,1.10969,5,0.14,0.0685207,0.308228
574,1.34807,1.02728,8,0.24,0.0674355,0.402952
575,1.60277,0.993636,6,0.18,0.0666531,0.585399
576,1.30025,1.01899,6,0.126667,0.067093,0.531463
577,1.29055,1.02357,7,0.146667,0.0656003,0.488698
578,1.47479,1.09087,8,0.173333,0.065922,0.429508
579,1.53151,1.02476,5,0.18,0.0657712,0.566408
580,1.46203,0.997726,4,0.146667,0.067361,0.599688
581,1.52793,1.08445,5,0.113333,0.0690238,0.432595
582,1.50385,1.03958,7,0.26,0.0670943,0.453746
583,1.65301,0.958098,8,0.406667,0.0678448,0.557366
584,1.59713,1.04325,6,0.226667,0.0685014,0.613843
585,1.76494,1.08797,6,0.213333,0.0678637,0.468426
586,1.39528,1.04514,7,0.24,0.0639746,0.479162
587,1.64224,1.08074,7,0.26,0.0695188,0.474809
588,1.65144,1.03641,7,0.353333,0.0683785,0.546354
589,1.37684,1.03418,7,0.246667,0.067786,0.625423
590,1.6783,1.04052,7,0.186667,0.0699643,0.612784
591,1.79047,1.04161,6,0.213333,0.069745,0.61004
592,1.58411,1.05644,4,0.133333,0.0671839,0.477334
593,1.55195,1.07832,6,0.16,0.0673064,0.488807
594,1.73645,1.02593,5,0.186667,0.0675565,0.554735
595,1.60763,1.08242,10,0.426667,0.0705817,0.538684
596,1.74362,1.01467,5,0.246667,0.0700142,0.552892
597,1.92789,1.01814,6,0.2,0.0657427,0.556007
598,1.87536,1.02178,6,0.273333,0.0671072,0.52098
599,1.78596,0.976125,10,0.3,0.0663922,0.638091
600,1.51696,1.03655,3,0.12,0.0672933,0.620365
601,1.67262,1.08003,4,0.173333,0.067618,0.513437
602,1.57567,0.950813,5,0.133333,0.0649714,0.559927
603,1.58828,1.0309,5,0.166667,0.0665176,0.455083
604,1.68646,1.03172,7,0.26,0.0684336,0.686607
605,1.58365,1.04368,6,0.193333,0.0687322,0.507311
606,1.7819,1.02532,7,0.34,0.0683275,0.477917
607,1.76112,1.00007,6,0.273333,0.0692816,0.626677
608,1.38476,1.07277,10,0.286667,0.0687971,0.425583
609,1.6178,0.985237,5,0.246667,0.0700643,0.603936
610,1.4823,1.06595,4,0.146667,0.0660513,0.432747
611,1.76332,1.0087,6,0.266667,0.0688214,0.670127
612,1.4235,1.07558,7,0.3,0.0680602,0.564054
613,1.78939,0.995689,7,0.28,0.0659595,0.481363
614,1.64154,1.01049,5,0.16,0.0678398,0.52106
615,1.76731,0.960405,5,0.193333,0.0701494,0.590626
616,1.65958,1.03274,6,0.32,0.0669489,0.576698
617,1.73901,0.972792,8,0.306667,0.0683905,0.533164
618,1.68193,0.98253,4,0.18,0.0700638,0.663385
619,1.99895,1.09823,7,0.226667,0.0676637,0.374331
620,1.87734,1.00869,6,0.34,0.0660188,0.547331
621,1.66809,1.02093,7,0.226667,0.0668993,0.583818
622,1.70728,1.03256,6,0.166667,0.0659134,0.470337
623,2.13636,1.03797,9,0.393333,0.0689173,0.54741
624,1.48961,1.02293,3,0.0733333,0.0672451,0.479478
625,1.43648,0.97398,4,0.22,0.0710961,0.524086
626,1.82886,1.02964,6,0.246667,0.0678681,0.517015
627,2.08864,1.06338,9,0.413333,0.0723974,0.422385
628,2.08813,1.0556,8,0.22,0.0689445,0.522093
629,1.88276,1.00978,6,0.313333,0.06865,0.454898
630,2.0201,1.03837,8,0.506667,0.0682064,0.587592
631,1.39247,1.06727,4,0.14,0.0652406,0.360805
632,1.4267,1.03563,3,0.106667,0.065231,0.360612
633,1.81518,1.05908,7,0.26,0.0678656,0.400715
634,1.98807,1.07329,8,0.48,0.0677544,0.454247
635,2.04192,1.07299,8,0.346667,0.0677375,0.431886
636,1.61062,1.01028,4,0.153333,0.0669441,0.466892
637,1.71707,1.0735,5,0.28,0.0681076,0.442039
638,1.6591,1.03132,5,0.206667,0.06674,0.437286
639,1.77393,1.0465,6,0.34,0.068137,0.475845
640,1.52843,1.02321,4,0.173333,0.0678553,0.60523
641,1.95085,1.09997,7,0.413333,0.0695355,0.502458
642,1.53061,0.974856,4,0.193333,0.0684315,0.755825
643,1.88344,1.0909,6,0.153333,0.0688568,0.520716
644,1.96355,1.0414,7,0.3,0.0667691,0.539923
645,1.86134,1.02045,7,0.406667,0.0647073,0.579773
646,1.92587,1.10422,7,0.553333,0.0667178,0.549976
647,1.51054,1.02632,4,0.186667,0.0678937,0.617836
648,1.56587,1.08694,4,0.233333,0.0670507,0.44751
649,1.64315,1.05248,7,0.233333,0.0688878,0.551138
650,1.59705,1.05869,5,0.28,0.0689883,0.608989
651,1.78182,1.07631,5,0.26,0.0646575,0.543654
652,1.61096,1.08284,4,0.206667,0.0696455,0.534981
653,1.60444,1.04619,5,0.366667,0.0687588,0.564138
654,1.59619,1.06464,4,0.24,0.0663551,0.504415
655,1.69576,1.03602,5,0.4,0.0663679,0.619763
656,1.7055,1.08356,6,0.4,0.0716677,0.650055
657,1.60531,1.02213,4,0.226667,0.0657392,0.637383
658,1.56997,1.08038,4,0.153333,0.0647569,0.437832
659,1.45412,1.03576,6,0.226667,0.064392,0.510222
660,1.85373,1.02156,6,0.413333,0.0654589,0.537081
661,1.64357,1.05849,4,0.32,0.066913,0.58245
662,1.37043,1.04319,3,0.133333,0.0681507,0.584735
663,1.64664,1.01988,7,0.433333,0.0654237,0.757265
664,1.61646,1.05776,6,0.353333,0.0681991,0.642932
665,1.45355,0.981125,5,0.186667,0.0657672,0.574167
666,1.66767,1.06317,13,0.373333,0.064989,0.555928
667,1.646,1.05101,12,0.386667,0.0677046,0.550801
668,1.73792,1.07537,6,0.466667,0.0643841,0.604097
669,1.78115,1.07767,6,0.38,0.0683546,0.554415
670,1.5953,1.07253,5,0.326667,0.0689475,0.500187
671,1.44215,1.02446,4,0.146667,0.0683596,0.570765
672,1.70129,1.07111,5,0.42,0.0647057,0.525922
673,1.37677,1.06181,7,0.22,0.0681492,0.598658
674,1.71825,1.03801,6,0.253333,0.0672434,0.453951
675,1.67611,0.989863,5,0.253333,0.0641343,0.648959
676,1.98131,1.11044,8,0.36,0.0672291,0.491401
677,1.50329,1.06018,9,0.486667,0.0659005,0.538521
678,1.57809,1.07102,5,0.153333,0.0690027,0.440903
679,1.79448,1.08538,10,0.473333,0.067974,0.455138
680,2.00645,1.11558,10,0.666667,0.0656089,0.384154
681,1.51565,1.01767,5,0.32,0.0705255,0.620492
682,1.49053,1.07077,8,0.24,0.0691948,0.573892
683,1.68473,1.11405,6,0.24,0.0680045,0.441512
684,1.45249,1.04645,4,0.146667,0.0667024,0.494139
685,1.69932,1.10321,6,0.266667,0.0644947,0.324815
686,1.49194,1.09365,5,0.3,0.0657136,0.511214
687,1.69882,1.12124,5,0.306667,0.0686274,0.458562
688,1.48355,1.07963,6,0.24,0.0667274,0.485572
689,1.40271,1.06346,3,0.126667,0.065942,0.53676
690,1.83528,1.08938,7,0.3,0.0692228,0.43685
691,1.56855,0.979002,8,0.266667,0.0668636,0.613633
692,1.50598,1.02572,7,0.246667,0.0683889,0.532055
693,1.82793,1.0944,6,0.24,0.066861,0.547646
694,1.4893,1.07301,6,0.2,0.0651212,0.482962
695,1.55613,1.05843,3,0.133333,0.0679909,0.557674
696,1.62113,1.05542,5,0.3,0.0668504,0.603782
697,1.54433,1.07165,4,0.226667,0.0658862,0.426825
698,1.58917,1.10225,4,0.193333,0.0680091,0.507938
699,1.38068,1.05623,4,0.186667,0.0666428,0.492879
700,1.41525,1.09535,3,0.0733333,0.06543,0.424276
701,1.33912,1.11632,2,0.0866667,0.0681035,0.493524
702,1.59848,1.06076,5,0.18,0.0697571,0.511354
703,1.46373,1.05292,5,0.2,0.0653115,0.51267
704,1.28833,1.02927,5,0.08,0.0690901,0.503729
705,1.32318,1.03433,4,0.0933333,0.0704967,0.459938
706,1.28717,1.06071,4,0.0933333,0.066107,0.421522
707,1.29593,0.987888,10,0.233333,0.0708508,0.608776
708,1.27924,1.00487,4,0.133333,0.0664159,0.504931
709,1.28107,1.01614,2,0.02,0.0663887,0.445003
710,1.2807,1.00315,3,0.04,0.0679482,0.461232
711,1.46512,1.00979,8,0.266667,0.0667503,0.595653
712,1.59532,1.01319,4,0.0866667,0.071668,0.612525
713,1.2704,0.995106,3,0.08,0.0642283,0.473719
714,1.32352,1.03411,7,0.14,0.0657481,0.492508
715,1.27642,1.05767,6,0.16,0.0706985,0.445964
716,1.50122,0.987942,5,0.146667,0.0675962,0.570549
717,1.43457,1.00499,3,0.106667,0.0687415,0.564067
718,1.3629,0.973276,6,0.193333,0.06602,0.522098
719,1.36657,0.989266,5,0.186667,0.0664607,0.694454
720,1.71958,1.07667,7,0.193333,0.0676979,0.35983
721,1.30603,1.07835,6,0.0933333,0.0666642,0.479346
722,1.49474,1.01487,7,0.213333,0.0677283,0.527912
723,1.29771,1.04417,3,0.0666667,0.0663249,0.509531
724,1.33024,1.00938,4,0.0666667,0.0689963,0.489222
725,1.3502,0.996615,5,0.0733333,0.0689658,0.596792
726,1.42032,1.04651,3,0.12,0.0689977,0.524706
727,1.44854,1.0056,6,0.246667,0.0686661,0.519712
728,1.50589,0.973946,4,0.153333,0.065742,0.704472
729,1.34675,0.990707,6,0.193333,0.0667346,0.589955
730,1.40427,1.00606,3,0.146667,0.0645872,0.510013
731,1.54164,1.02086,5,0.1,0.067983,0.650209
732,1.34076,1.00872,4,0.0866667,0.0658531,0.577107
733,1.39164,1.02653,6,0.0866667,0.0683092,0.539365
734,1.48973,1.0171,6,0.146667,0.0658569,0.529157
735,1.52723,1.05094,6,0.173333,0.067246,0.507862
736,1.27978,1.02701,7,0.126667,0.0664884,0.577212
737,1.34129,0.988022,4,0.16,0.0682976,0.710711
738,1.45261,0.981726,5,0.106667,0.0674564,0.528614
739,1.61128,1.06604,5,0.0866667,0.068664,0.48654
740,1.42426,0.975191,9,0.206667,0.0695107,0.686336
741,1.36732,1.04591,8,0.08,0.0664285,0.55417
742,1.28443,0.955234,3,0.0666667,0.0673041,0.702158
743,1.32552,0.956465,4,0.133333,0.0650133,0.568591
744,1.34805,0.979826,5,0.146667,0.0677977,0.599211
745,1.32965,0.997706,4,0.113333,0.0667573,0.554739
746,1.81008,1.04306,5,0.14,0.0662445,0.490935
747,1.32498,1.03616,7,0.14,0.0668006,0.546906
748,1.3556,1.03678,5,0.0666667,0.0649269,0.527043
749,1.2995,0.949259,6,0.146667,0.0666138,0.567589
750,1.27757,1.01912,3,0.04,0.0676616,0.444902
751,1.27668,0.937956,3,0.0733333,0.0670489,0.747101
752,1.28807,1.01323,3,0.06,0.0663653,0.440959
753,1.29615,0.968274,8,0.173333,0.0677765,0.706617
754,1.3048,1.02637,3,0.0333333,0.0668773,0.480913
755,1.30938,1.04758,2,0.0333333,0.0685717,0.488044
756,1.28729,1.0667,4,0.04,0.0674401,0.424478
757,1.27394,1.01714,3,0.04,0.0661868,0.402238
758,1.28994,1.01681,6,0.126667,0.0667212,0.451911
759,1.28858,1.04522,7,0.16,0.0687619,0.452834
760,1.2887,1.04235,7,0.2,0.0651379,0.47506
761,1.29513,0.999412,4,0.08,0.0669752,0.551578
762,1.37348,1.06215,5,0.106667,0.0662169,0.454194
763,1.29989,0.975958,4,0.106667,0.0654049,0.48212
764,1.47263,1.05148,2,0.0733333,0.0639583,0.39633
765,1.67708,0.998798,5,0.186667,0.0686253,0.599502
766,1.48048,1.01343,5,0.106667,0.0684395,0.490099
767,1.28779,1.08139,1,0.02,0.067433,0.353086
768,1.72396,1.05844,5,0.146667,0.0655029,0.505198
769,1.47247,1.03838,7,0.106667,0.0695735,0.531889
770,1.40566,1.05887,6,0.206667,0.0695091,0.414286
771,1.59408,0.998339,5,0.26,0.0664345,0.579101
772,1.43676,1.05715,3,0.0866667,0.0685356,0.421598
773,1.4755,1.01451,5,0.14,0.0671714,0.524299
774,1.36336,1.06933,2,0.04,0.0706637,0.467761
775,1.43204,1.07604,5,0.12,0.069012,0.440601
776,1.42359,1.09331,6,0.126667,0.0659592,0.366398
777,1.63181,1.06456,7,0.273333,0.0679785,0.482893
778,1.59806,1.07631,7,0.18,0.0678195,0.44634
779,1.37782,1.07462,9,0.146667,0.0675666,0.47653
780,1.61,1.02356,7,0.246667,0.0657223,0.508599
781,1.40262,1.02986,6,0.173333,0.0682696,0.513496
782,1.49015,1.06112,4,0.133333,0.066658,0.369757
783,1.65142,1.04917,6,0.193333,0.0664177,0.496612
784,1.52184,1.01059,7,0.266667,0.0684156,0.529759
785,1.51881,1.02529,4,0.113333,0.068455,0.514679
786,1.59864,1.06113,6,0.206667,0.0649644,0.504984
787,1.48501,1.04197,5,0.166667,0.0683901,0.435285
788,1.35213,1.10737,3,0.1,0.0681182,0.351192
789,1.63512,1.07437,3,0.0866667,0.0658125,0.444086
790,1.26863,0.99915,2,0.0466667,0.0648772,0.443079
791,1.29969,1.0052,4,0.113333,0.0675853,0.471237
792,1.58979,1.01862,3,0.0666667,0.0676447,0.495309
793,1.27898,0.988208,3,0.0666667,0.065787,0.614025
794,1.29427,0.975942,6,0.146667,0.0679244,0.527222
795,1.30031,1.02818,6,0.14,0.0696775,0.492129
796,1.27919,1.02008,6,0.113333,0.0659847,0.470535
797,1.29282,1.02517,5,0.213333,0.0692,0.47469
798,1.27111,1.02677,5,0.0533333,0.0689551,0.514589
799,1.28124,1.06933,2,0.0266667,0.0672198,0.393907
800,1.29824,1.0401,4,0.133333,0.0674564,0.531738
801,1.30271,1.04022,6,0.16,0.0699248,0.584675
802,1.27863,1.0203,6,0.106667,0.066267,0.52098
803,1.27283,0.942103,4,0.0666667,0.063632,0.492158
804,1.29498,1.01169,6,0.16,0.0675004,0.498269
805,1.28906,1.02956,7,0.133333,0.0649636,0.409103
806,1.27753,1.03181,4,0.0533333,0.0668447,0.437475
807,1.27954,1.106,0,0,0.065466,0.320749
808,1.2828,1.04683,4,0.0333333,0.0684717,0.380944
809,1.29363,1.0859,6,0.106667,0.069159,0.367621
810,1.27217,1.0275,2,0.02,0.0640847,0.394527
811,1.27261,1.07486,6,0.08,0.0651094,0.346726
812,1.30347,1.04135,3,0.0933333,0.0675418,0.44692
813,1.31005,1.04315,4,0.0933333,0.0677637,0.432281
814,1.28645,1.03204,3,0.06,0.0666234,0.406321
815,1.28689,1.067,5,0.0533333,0.0670235,0.361751
816,1.2853,1.01425,4,0.0666667,0.0673435,0.449714
817,1.29755,1.00166,6,0.153333,0.0671206,0.505459
818,1.37534,1.00039,2,0.04,0.0645167,0.390845
819,1.36354,1.02873,5,0.146667,0.0659359,0.448888
820,1.37908,1.07136,3,0.0266667,0.0659817,0.358958
821,1.29554,0.992697,9,0.253333,0.0662096,0.480014
822,1.29073,1.05604,3,0.0266667,0.0696766,0.399831
823,1.28924,1.02328,4,0.0866667,0.0711832,0.520787
824,1.30474,1.017,7,0.253333,0.0706463,0.511084
825,1.28242,1.04195,5,0.126667,0.0706719,0.404455
826,1.2979,1.07152,5,0.0733333,0.0658657,0.388053
827,1.284,1.01502,2,0.0466667,0.0685607,0.420586
828,1.29219,0.999275,9,0.0933333,0.0669279,0.468636
829,1.2878,1.05957,5,0.133333,0.0692767,0.491417
830,1.28804,1.03345,2,0.0666667,0.0686327,0.452585
831,1.2825,1.04916,6,0.1,0.0649326,0.392128
832,1.28109,1.05245,4,0.0666667,0.0666739,0.330302
833,1.31828,1.02492,5,0.113333,0.0676223,0.429986
834,1.29744,1.00687,3,0.0933333,0.0666902,0.470265
835,1.29535,1.0417,3,0.04,0.0671445,0.40887
836,1.28915,1.07431,4,0.0666667,0.0650749,0.400588
837,1.28306,1.06866,3,0.0333333,0.0652441,0.390655
838,1.28868,1.00499,6,0.193333,0.0669898,0.475717
839,1.29483,1.01585,3,0.0933333,0.068249,0.481662
840,1.28836,1.0405,3,0.06,0.0684035,0.564385
841,1.28934,1.02945,3,0.0533333,0.067695,0.448417
842,1.31697,1.07266,4,0.126667,0.0700589,0.427665
843,1.29773,1.02453,5,0.0666667,0.0686652,0.481027
844,1.30296,1.0102,8,0.166667,0.0674617,0.45658
845,1.28013,1.01561,4,0.06,0.065624,0.410419
846,1.28846,1.06856,3,0.1,0.0673942,0.422486
847,1.28623,1.02898,6,0.153333,0.0657445,0.452658
848,1.30131,1.06509,6,0.113333,0.0704124,0.411931
849,1.28727,1.0303,7,0.146667,0.0699694,0.465711
850,1.28118,1.06572,3,0.0533333,0.0646376,0.452904
851,1.29948,1.02581,7,0.246667,0.0687022,0.46769
852,1.27444,1.06159,1,0.00666667,0.0661027,0.383655
853,1.29612,1.06307,4,0.06,0.0684284,0.438856
854,1.28479,1.0553,9,0.16,0.0676604,0.365988
855,1.30429,1.02434,5,0.0866667,0.0697693,0.505695
856,1.3252,1.04132,4,0.106667,0.0702883,0.459
857,1.31485,1.04894,6,0.0866667,0.0654691,0.406325
858,1.30137,1.08921,4,0.0466667,0.0636354,0.308485
859,1.29903,1.00431,4,0.0666667,0.0675053,0.403009
860,1.33756,1.03812,4,0.153333,0.0667219,0.415497
861,1.30746,1.0788,10,0.226667,0.0696576,0.471537
862,1.308,1.10677,7,0.0866667,0.0710694,0.453753
863,1.3154,1.03351,5,0.126667,0.0683443,0.557796
864,1.29552,0.997952,2,0.0333333,0.0688363,0.570397
865,1.31768,0.985911,5,0.18,0.0681847,0.687433
866,1.28775,0.989897,2,0.0733333,0.0668745,0.491874
867,1.29758,1.04189,7,0.173333,0.068695,0.499891
868,1.29507,1.04247,5,0.18,0.0684989,0.453762
869,1.3061,0.995307,6,0.206667,0.0671376,0.579146
870,1.30866,1.08979,5,0.12,0.0692281,0.498934
871,1.32362,1.06384,7,0.18,0.0698801,0.451985
872,1.30688,1.07284,3,0.06,0.0690051,0.491403
873,1.29753,1.054,7,0.246667,0.0665044,0.448779
874,1.43064,1.09244,3,0.0666667,0.0680762,0.503191
875,1.30609,1.03128,10,0.18,0.0675851,0.500437
876,1.3072,0.971867,6,0.113333,0.068235,0.563591
877,1.40308,1.04879,3,0.08,0.0644144,0.407364
878,1.67563,1.0558,6,0.253333,0.0673066,0.480413
879,1.46795,1.06996,3,0.08,0.0653642,0.395745
880,1.59585,1.06923,4,0.0533333,0.0646212,0.443301
881,1.31533,1.11062,4,0.08,0.068044,0.472574
882,1.40223,1.10504,2,0.0333333,0.0677099,0.480516
883,1.47186,1.09536,3,0.0933333,0.0702842,0.442568
884,1.60693,1.05517,6,0.16,0.0651154,0.451897
885,1.29838,1.05959,2,0.06,0.0661293,0.408613
886,1.58143,1.01446,7,0.14,0.0669596,0.448511
887,1.47297,0.992678,5,0.206667,0.0674532,0.486599
888,1.3835,0.999259,4,0.126667,0.0643788,0.473863
889,1.53903,1.04452,9,0.393333,0.0687411,0.580328
890,1.72122,1.02341,5,0.313333,0.0681915,0.462075
891,1.47029,1.10121,4,0.213333,0.0676973,0.469407
892,1.3933,1.04935,5,0.32,0.0686188,0.503381
893,1.31417,1.01871,4,0.146667,0.0681502,0.513204
894,1.40681,0.996684,6,0.233333,0.0648375,0.461379
895,1.45716,1.05904,7,0.16,0.069819,0.496647
896,1.3624,1.09102,5,0.146667,0.0693553,0.369936
897,1.50133,1.05944,8,0.373333,0.0685286,0.470104
898,1.56151,1.05913,4,0.2,0.0640542,0.406172
899,1.82548,1.06166,7,0.22,0.0699031,0.561345
900,1.76569,1.07265,6,0.446667,0.0693948,0.641911
901,1.6758,1.04777,4,0.2,0.0664488,0.534479
902,1.76893,1.03626,6,0.353333,0.0684282,0.590668
903,1.75947,1.10038,8,0.526667,0.0679689,0.442748
904,1.93501,1.09484,7,0.366667,0.0666551,0.4539
905,1.73866,1.08895,8,0.38,0.0676763,0.406604
906,1.99914,1.0684,8,0.393333,0.0652688,0.415391
907,1.85068,1.12691,6,0.28,0.0666659,0.468152
908,1.65491,1.02882,6,0.3,0.0657127,0.654851
909,1.69997,1.04704,5,0.413333,0.0676559,0.630955
910,1.7276,1.03294,5,0.273333,0.0657474,0.548479
911,1.75818,1.10429,5,0.313333,0.0683376,0.601608
912,1.721,1.1112,5,0.426667,0.0653866,0.490416
913,1.58622,1.05321,4,0.253333,0.0678832,0.581231
914,1.62793,1.03625,5,0.38,0.0694923,0.687488
915,1.8027,1.04677,7,0.44,0.0651001,0.595795
916,1.86296,1.0339,8,0.453333,0.0661612,0.574246
917,1.70739,1.06577,6,0.32,0.0657591,0.505546
918,1.83057,1.07737,6,0.406667,0.0673078,0.530591
919,1.77969,1.07788,6,0.546667,0.0679084,0.614246
920,1.8362,1.10134,6,0.286667,0.0687839,0.444262
921,1.8818,1.03303,6,0.453333,0.067164,0.61157
922,1.86811,1.09019,6,0.386667,0.0657407,0.600619
923,1.91979,1.11285,8,0.393333,0.0686623,0.565175
924,1.64917,1.10377,4,0.38,0.0671032,0.510742
925,1.72287,1.06235,6,0.42,0.0694531,0.601526
926,1.99865,1.09791,7,0.68,0.0638673,0.659752
927,1.8807,1.1336,8,0.753333,0.0689744,0.54542
928,1.7732,1.06101,5,0.62,0.0663072,0.644999
929,1.95589,1.01567,7,0.56,0.0668651,0.577676
930,1.66165,1.07854,5,0.42,0.0661402,0.550905
931,1.4133,1.00767,4,0.2,0.0659705,0.563321
932,1.77973,1.08348,6,0.513333,0.0662343,0.500821
933,1.72767,1.02451,7,0.346667,0.0683793,0.601473
934,1.61436,1.09381,4,0.293333,0.0696374,0.440947
935,1.57258,1.01546,7,0.233333,0.0721547,0.631862
936,1.69067,1.07453,7,0.22,0.0669261,0.429587
937,1.40962,1.09317,5,0.18,0.0677774,0.499656
938,1.85471,1.09183,6,0.313333,0.0661398,0.558222
939,1.59725,1.07569,4,0.206667,0.0692989,0.543205
940,1.74034,1.06268,7,0.38,0.0652607,0.513798
941,1.7101,1.06119,7,0.466667,0.0684011,0.67503
942,1.72684,1.08514,4,0.266667,0.0666721,0.566144
943,1.93847,1.06959,10,0.506667,0.0693025,0.547946
944,1.72172,1.0821,8,0.613333,0.0654623,0.58542
945,1.79536,1.033,6,0.48,0.0652867,0.612395
946,1.71258,0.994556,6,0.4,0.0681129,0.749184
947,1.54743,1.06422,5,0.18,0.0669707,0.591729
948,1.36502,1.03578,8,0.2,0.0681738,0.652965
949,1.51374,1.06383,3,0.14,0.0663721,0.432311
950,1.52766,1.03442,6,0.326667,0.0672564,0.716847
951,1.64633,1.05018,13,0.426667,0.0701751,0.602761
952,2.00704,1.10517,7,0.306667,0.0683519,0.464876
953,1.84869,1.01972,6,0.266667,0.0701864,0.671738
954,1.7469,1.04935,6,0.346667,0.066776,0.565514
955,1.89144,1.0245,7,0.4,0.0672801,0.698843
956,1.83561,1.10882,7,0.373333,0.0704927,0.498436
957,1.60329,1.0155,14,0.513333,0.0704848,0.734653
958,1.66001,1.04225,5,0.34,0.0705326,0.622216
959,1.7003,1.02773,6,0.333333,0.0664411,0.617906
960,1.55767,1.09283,6,0.333333,0.0690778,0.51787
961,1.7865,0.976641,5,0.306667,0.0663628,0.64385
962,1.4738,1.01756,3,0.146667,0.0673249,0.630758
963,1.49606,1.0895,6,0.32,0.0684697,0.539302
964,1.63205,0.994454,14,0.46,0.0713317,0.695477
965,1.65997,1.04096,6,0.173333,0.0703713,0.612229
966,1.9441,1.06471,7,0.326667,0.0711029,0.602005
967,2.11398,1.03188,10,0.453333,0.0671193,0.609805
968,1.60117,1.03312,6,0.413333,0.0679733,0.727798
969,1.84228,0.999817,6,0.34,0.0670256,0.793354
970,1.67856,1.00748,7,0.346667,0.0681012,0.699935
971,1.60185,1.05657,11,0.333333,0.0684878,0.624042
972,1.76429,0.988024,7,0.666667,0.06918,0.694194
973,1.94745,1.07335,9,0.48,0.0667517,0.542519
974,1.63123,1.07397,6,0.253333,0.0672327,0.647651
975,1.7656,1.09936,12,0.426667,0.0673195,0.547232
976,1.58088,1.07618,8,0.366667,0.0699213,0.697564
977,1.48635,1.02836,10,0.22,0.0681087,0.647466
978,1.81967,1.0458,6,0.386667,0.066909,0.685302
979,1.59959,1.05387,4,0.24,0.0659043,0.549692
980,1.4973,0.956247,5,0.3,0.0674974,0.745576
981,1.61352,1.01002,6,0.266667,0.0649062,0.627096
982,1.66934,1.03752,9,0.46,0.069448,0.648988
983,1.6945,0.997006,8,0.466667,0.0682563,0.597667
984,1.62479,1.06315,6,0.3,0.0699897,0.548907
985,1.5917,1.05811,5,0.246667,0.0687,0.688574
986,1.66696,1.0462,7,0.346667,0.0688968,0.562151
987,1.85127,1.06656,6,0.346667,0.06726,0.618104
988,1.76164,1.07697,7,0.46,0.0708098,0.588669
989,1.8954,1.01593,8,0.513333,0.064814,0.647151
990,1.49452,1.02807,5,0.3,0.0662826,0.659541
991,1.86511,1.02235,7,0.686667,0.0688456,0.76709
992,1.54703,1.04595,6,0.44,0.0691764,0.593385
993,1.70394,1.02465,6,0.36,0.066969,0.595903
994,1.8209,0.996725,7,0.34,0.0666346,0.690818
995,1.61615,1.03696,7,0.333333,0.0687565,0.587276
996,1.40677,1.05136,5,0.253333,0.0662562,0.500643
997,1.67614,0.976884,7,0.34,0.0690946,0.75368
998,1.53101,0.98566,5,0.126667,0.0682232,0.668132
999,1.58488,1.06705,7,0.3,0.0655923,0.506669
1000,1.48032,1.03669,8,0.26,0.0679496,0.601881
