1,0.316888,0.00648338,5,0.18,0.081763,1.1208
2,0.117873,0.00224752,4,0.146667,0.0645081,0.94188
3,0.187253,0.00582249,6,0.213333,0.0662305,0.902762
4,0.27842,0.0126904,6,0.5,0.0690806,0.968671
5,0.206018,0.0162926,6,1.09333,0.0663919,0.894568
6,0.255585,0.0207938,8,0.613333,0.0677662,0.99502
7,0.376953,0.040155,7,1.24667,0.0678771,1.0982
8,0.187209,0.0315004,7,1.16667,0.0777807,1.35086
9,0.134435,0.0141392,8,0.733333,0.0679947,1.32923
10,0.30032,0.0234465,7,1.08,0.0665484,1.45804
11,0.277757,0.0252692,6,0.84,0.0656646,1.19876
12,0.452014,0.0268622,8,1.06667,0.065394,1.29676
13,0.381614,0.020871,8,1.2,0.0656664,1.20508
14,0.443026,0.0318878,9,1.18667,0.0683152,1.40267
15,0.262034,0.0238981,7,1.29333,0.0669501,1.27455
16,0.35692,0.0429266,8,1.64667,0.0690856,1.69952
17,0.399908,0.0442338,10,1.72667,0.0688163,1.12256
18,0.314712,0.0376586,7,1.48667,0.0659931,1.03672
19,0.318224,0.0589551,8,1.77333,0.0731566,1.48952
20,0.397124,0.0599415,8,1.67333,0.0684226,1.06891
21,0.286807,0.0403101,6,1.18,0.0639441,1.18066
22,0.433367,0.0491235,9,1.92667,0.0705908,1.57314
23,0.348918,0.0349651,8,1.4,0.0685959,1.9104
24,0.294977,0.0560544,5,1.39333,0.0668819,1.31664
25,0.259957,0.0252469,6,0.793333,0.0648583,1.33353
26,0.303179,0.0265131,7,0.973333,0.0668249,1.73033
27,0.344716,0.0499033,6,1.20667,0.0660453,0.895207
28,0.201935,0.0295538,6,1.39333,0.0660693,1.80908
29,0.337419,0.0376392,8,1.84,0.0696233,1.59023
30,0.258144,0.0392618,6,1.29333,0.06639,1.91511
31,0.309987,0.0323239,7,1.56667,0.0687863,1.86861
32,0.463811,0.048639,8,1.72667,0.0671842,1.58148
33,0.28056,0.0441099,8,2.14667,0.0700296,2.174
34,0.299553,0.0468494,7,1.55333,0.0682078,2.21733
35,0.359458,0.0320175,7,1.36,0.0693868,2.094
36,0.450716,0.0597415,7,1.69333,0.0640867,2.3417
37,0.383772,0.0724915,8,2.27333,0.0707226,2.274
38,0.332768,0.0546155,7,1.5,0.0669636,2.62931
39,0.319474,0.0220573,7,0.653333,0.0658374,1.86682
40,0.368551,0.0499929,6,1.42,0.0661715,1.98841
41,0.415096,0.0730866,9,1.81333,0.0679487,1.91916
42,0.564766,0.105746,8,2.52667,0.0629012,2.31745
43,0.370383,0.0690331,8,2.10667,0.0645694,2.36193
44,0.205271,0.0380226,6,1.26667,0.0638701,2.70523
45,0.348087,0.063712,8,2.16667,0.0650988,2.39926
46,0.511645,0.115745,9,2.80667,0.0670143,2.13525
47,0.470895,0.111924,8,2.66667,0.0653878,2.44348
48,0.389558,0.0791311,7,2.22,0.0669083,2.82715
49,0.452747,0.0733214,8,2.01333,0.0692825,2.55761
50,0.531688,0.110988,9,2.98,0.0723856,2.82669
51,0.464991,0.101994,8,2.86667,0.0661324,2.76963
52,0.322149,0.0479744,6,1.24667,0.0652472,3.10282
53,0.373089,0.0625383,6,1.80667,0.0691263,3.28124
54,0.460983,0.0726521,9,2.05333,0.067718,2.72921
55,0.459087,0.0771704,7,2.18667,0.0665389,3.02401
56,0.514532,0.108915,9,2.46,0.0664801,2.41693
57,0.457634,0.110575,8,2.55333,0.067054,2.81835
58,0.523032,0.0926663,7,2.17333,0.0695821,3.41012
59,0.355121,0.0785029,6,1.84,0.0664362,3.54159
60,0.356151,0.0699256,7,1.75333,0.066813,3.76381
61,0.532965,0.09904,8,2.36667,0.0660147,3.05956
62,0.528826,0.105998,9,2.32667,0.0699343,3.32048
63,0.357512,0.0820376,7,2.10667,0.0659013,3.37877
64,0.367988,0.0809222,7,2.03333,0.0660454,3.66764
65,0.351371,0.0836276,6,2.07333,0.0682647,3.92702
66,0.426653,0.107308,6,2.43333,0.0680527,3.58679
67,0.313956,0.0587874,6,1.56,0.0688694,3.7654
68,0.490624,0.103463,9,2.46667,0.0698192,3.78552
69,0.557367,0.138427,9,2.95333,0.0675623,3.6111
70,0.367102,0.0881048,7,2.09333,0.0687343,3.50658
71,0.574365,0.128044,8,2.87333,0.0688041,3.11016
72,0.418579,0.108192,7,2.34667,0.0653057,3.18691
73,0.427181,0.123939,9,2.63333,0.0651695,3.23886
74,0.587643,0.145632,9,3.31333,0.0643094,3.14912
75,0.483537,0.118735,7,2.52,0.0661517,3.06781
76,0.427174,0.102,8,2.78,0.0697855,3.3094
77,0.474668,0.118869,7,2.81333,0.0660786,3.35909
78,0.693277,0.198288,8,3.92667,0.0684024,3.38239
79,0.434137,0.113432,6,2.50667,0.0680806,3.52978
80,0.388829,0.0795909,9,1.92,0.062748,3.53177
81,0.508419,0.100069,6,2.08,0.0669539,3.58435
82,0.44895,0.1269,8,2.58,0.0676752,3.25187
83,0.44329,0.0706893,9,1.84667,0.0648653,3.21681
84,0.523225,0.114602,8,2.44667,0.0657922,3.35591
85,0.445932,0.150173,9,2.75333,0.0666113,3.37956
86,0.39034,0.1056,7,2.41333,0.0681123,3.40915
87,0.421713,0.0926426,8,1.90667,0.0636644,3.3427
88,0.370732,0.064448,9,1.46667,0.0680829,3.45108
89,0.531238,0.151574,9,3.38667,0.0671949,3.75545
90,0.435323,0.0865929,8,2.02,0.0683243,3.59422
91,0.399174,0.0558238,8,1.40667,0.0609703,3.47567
92,0.540281,0.119742,9,2.7,0.0660432,3.44767
93,0.681129,0.157185,10,3.33333,0.066266,3.18727
94,0.546994,0.136779,9,2.70667,0.0634487,3.43602
95,0.390286,0.068592,6,2.03333,0.0669435,3.66917
96,0.490315,0.155282,9,3.32667,0.0685622,3.55468
97,0.457466,0.0873414,8,2.23333,0.0673066,3.25019
98,0.42011,0.0927737,8,2.08667,0.069827,3.64507
99,0.503254,0.129212,9,3.07333,0.0690147,3.426
100,0.470594,0.0968348,8,2.54,0.0714772,3.45703
101,0.483275,0.109785,8,2.63333,0.0696705,3.27173
102,0.421068,0.116856,9,3.16667,0.0684555,2.9489
103,0.476566,0.08814,9,2.37333,0.0721154,3.29541
104,0.511587,0.0954781,9,2.12,0.0656902,2.95877
105,0.526246,0.117056,10,2.34667,0.0661354,3.08585
106,0.51505,0.132253,8,3.11333,0.0686989,3.31763
107,0.384011,0.0766624,7,2.06,0.0677417,3.51899
108,0.375891,0.0953431,8,2.18,0.0666744,3.38193
109,0.433784,0.112371,9,2.32667,0.0674655,3.36845
110,0.457633,0.133516,8,3,0.0686895,3.5977
111,0.501923,0.143287,8,3.22667,0.0662067,3.45127
112,0.506026,0.121732,9,2.67333,0.0677262,3.38844
113,0.445481,0.0795326,8,2.06,0.0699637,3.68425
114,0.375789,0.0928889,7,2.14,0.0649568,3.44673
115,0.417306,0.108205,8,2.56,0.0660602,3.26044
116,0.432694,0.108891,8,2.64667,0.0703988,3.49312
117,0.529345,0.100516,9,2.58667,0.0659852,3.17073
118,0.413114,0.11258,8,2.79333,0.0699262,3.8336
119,0.574886,0.130199,9,3.14,0.0675395,3.41464
120,0.59384,0.133508,9,3.08,0.0721163,3.93816
121,0.436545,0.128331,8,2.81333,0.0676833,3.70248
122,0.400262,0.0767479,6,1.61333,0.0656253,3.03208
123,0.382708,0.0767283,7,1.99333,0.0703449,3.86194
124,0.720683,0.161977,9,3.25333,0.0648185,3.08437
125,0.302912,0.0725274,7,1.86667,0.0680256,3.33818
126,0.388762,0.0845863,7,2.46667,0.064937,3.49752
127,0.444006,0.0817089,7,2.27333,0.0693003,3.6436
128,0.317627,0.0783274,6,1.98667,0.0656706,3.64861
129,0.431225,0.0586196,8,1.68,0.0702892,3.85518
130,0.622364,0.126992,9,3.1,0.0709971,3.75813
131,0.592264,0.154799,8,3.19333,0.0693576,3.49749
132,0.542271,0.159883,9,3.69333,0.0712061,3.31115
133,0.391259,0.101767,7,2.52667,0.067623,3.84682
134,0.518358,0.124743,8,2.66667,0.0661722,3.86413
135,0.455054,0.12834,9,2.92,0.0668678,3.8764
136,0.492222,0.125731,8,2.69333,0.0673761,3.64333
137,0.545914,0.162567,8,3.41333,0.0717621,3.42351
138,0.364153,0.103033,7,2.42667,0.0651737,3.40878
139,0.356067,0.0953445,7,2.26,0.0660942,3.29719
140,0.617155,0.12211,9,2.77333,0.0653979,3.39678
141,0.429722,0.121044,7,2.48,0.0704602,3.68278
142,0.654139,0.133243,10,3.15333,0.0657987,3.48159
143,0.522705,0.154241,8,3.43333,0.0700346,3.32487
144,0.496928,0.139117,8,3.3,0.0702503,3.82777
145,0.487091,0.142126,8,3.14,0.0681174,3.31523
146,0.326164,0.0813848,7,1.89333,0.0702452,3.95308
147,0.597422,0.130346,8,2.94667,0.0680307,3.28988
148,0.551433,0.134202,8,2.87333,0.0661025,3.06347
149,0.442043,0.0956901,8,2.27333,0.0658508,3.43765
150,0.504137,0.137857,7,2.62667,0.0640115,3.21737
151,0.412995,0.10816,6,2.41333,0.0677161,3.47341
152,0.534443,0.132008,9,2.58,0.0699932,3.29062
153,0.467566,0.123747,8,2.48667,0.0668896,3.086
154,0.548248,0.151259,8,3.18,0.0712346,3.20774
155,0.588811,0.12632,9,2.66667,0.0719901,3.24701
156,0.512104,0.12812,8,2.59333,0.0656805,3.15317
157,0.470826,0.115768,8,2.56,0.0667989,3.46703
158,0.662986,0.194768,9,3.74,0.068725,3.32339
159,0.418089,0.114995,7,2.44667,0.0707313,3.55264
160,0.491393,0.118309,8,2.97333,0.068187,3.46615
161,0.548599,0.116237,9,2.96667,0.0704586,3.59188
162,0.393493,0.129098,7,2.54,0.068284,3.64994
163,0.469976,0.13044,7,2.6,0.0658613,3.41157
164,0.604316,0.0964833,9,2.40667,0.0706589,3.19534
165,0.493875,0.0836348,8,2.04,0.0689212,3.73649
166,0.563446,0.110527,9,2.44667,0.0660269,3.86479
167,0.546868,0.134683,9,2.98,0.0704404,3.39906
168,0.513339,0.120224,8,2.67333,0.0700406,3.34709
169,0.469921,0.104793,8,2.46,0.0689735,3.40991
170,0.498846,0.130617,9,3.09333,0.0678338,3.76252
171,0.448483,0.115353,8,2.64,0.0675525,3.8588
172,0.541111,0.114379,9,2.72667,0.0715366,3.70427
173,0.513273,0.116816,8,2.61333,0.0651246,3.45357
174,0.496214,0.0710097,9,1.88667,0.0666244,3.42625
175,0.519518,0.108715,8,2.41333,0.0675498,3.43
176,0.570951,0.130026,9,2.66,0.0655846,3.3134
177,0.62077,0.124046,9,2.69333,0.0705393,3.52747
178,0.538107,0.145239,8,3.10667,0.0653073,3.34094
179,0.551809,0.102321,8,2.58,0.0678183,3.32015
180,0.598693,0.145458,9,3.40667,0.0668502,3.31025
181,0.49433,0.119871,7,2.52,0.0660856,3.37564
182,0.640223,0.147777,9,3.21333,0.0679069,3.49507
183,0.545,0.0999845,8,2.42,0.066307,3.18622
184,0.510455,0.11537,9,2.52667,0.0697681,3.01165
185,0.455326,0.111808,7,2.56,0.0663215,3.19496
186,0.532533,0.139464,9,2.93333,0.0688381,2.94813
187,0.487881,0.0864505,7,2.18,0.0681372,3.26055
188,0.627985,0.156014,10,3.42,0.069143,2.99754
189,0.69025,0.149633,10,3.55333,0.0707746,3.05723
190,0.543294,0.109458,8,2.76,0.0697281,3.3115
191,0.463854,0.1015,8,2.32,0.0684308,3.35224
192,0.524025,0.105866,9,2.64,0.069841,3.57203
193,0.516284,0.121568,9,3.13333,0.0681952,3.35129
194,0.518603,0.140824,7,3.11333,0.0671478,3.3541
195,0.497069,0.115834,9,2.89333,0.0701428,3.54314
196,0.521006,0.104586,9,2.72667,0.0661971,3.53232
197,0.571424,0.136887,8,3.23333,0.0684095,3.1488
198,0.57978,0.137777,9,3.08667,0.0668518,3.0287
199,0.496392,0.137771,9,3.01333,0.0675804,3.15918
200,0.519774,0.150063,7,3.20667,0.0670046,3.56581
201,0.553205,0.169279,10,3.46,0.0681748,3.23129
202,0.30893,0.060733,6,1.38667,0.0657481,3.34467
203,0.541998,0.118544,10,2.8,0.0681867,3.30427
204,0.483931,0.123941,9,2.84,0.0711123,3.26082
205,0.517771,0.0780921,8,2.13333,0.0711638,3.37382
206,0.487324,0.0555986,7,1.49333,0.0703428,3.43614
207,0.566431,0.0925926,9,2.04,0.0660536,2.89014
208,0.572922,0.112053,10,2.58667,0.0676202,3.35229
209,0.39971,0.0686224,8,1.96,0.0654901,3.5226
210,0.426286,0.0788593,9,2.07333,0.0666848,3.36286
211,0.414841,0.101592,8,2.22667,0.06695,3.46556
212,0.512849,0.102416,8,2.53333,0.0669758,3.22225
213,0.454003,0.0643389,8,1.9,0.0670466,3.16223
214,0.466063,0.118483,8,2.83333,0.0687511,3.22219
215,0.420404,0.0537759,7,1.32,0.0658811,3.08664
216,0.490866,0.0944441,9,2.4,0.0687084,2.69159
217,0.510284,0.0850496,8,2.10667,0.0687305,3.1878
218,0.686646,0.1385,10,3.02667,0.0630371,2.74574
219,0.552899,0.0879315,9,2.22667,0.0643494,2.70269
220,0.493504,0.097038,9,2.57333,0.0693527,3.08037
221,0.488406,0.0916652,9,2.56,0.0709147,3.15364
222,0.494643,0.083491,9,2.42,0.0681425,3.42294
223,0.456816,0.0851017,7,2.18667,0.0659355,2.87621
224,0.43318,0.0973695,9,2.88667,0.0721765,3.57684
225,0.518854,0.106546,9,2.7,0.0668949,3.45594
226,0.543016,0.11185,9,2.46667,0.0643304,2.91596
227,0.415333,0.0758379,8,2.28,0.0693737,2.96588
228,0.540653,0.109445,8,2.65333,0.0701898,3.11526
229,0.430428,0.0944453,8,2.05333,0.065253,3.05463
230,0.595974,0.115342,10,3,0.0685291,2.80613
231,0.450848,0.0848223,8,2.07333,0.0649823,2.80876
232,0.456186,0.0983572,7,2.27333,0.0675745,3.00221
233,0.440462,0.0924716,10,2,0.0672077,2.88649
234,0.57219,0.113962,9,2.52667,0.0684396,2.70422
235,0.511628,0.106217,8,2.65333,0.0669893,2.60279
236,0.411174,0.0920491,6,1.99333,0.0669571,2.81157
237,0.416109,0.0751633,7,1.84,0.0679606,3.10887
238,0.612323,0.148554,10,3.31333,0.0711803,3.3177
239,0.478878,0.0921755,9,2.23333,0.0737768,3.56839
240,0.383759,0.0668233,8,1.72,0.0665964,2.83366
241,0.511287,0.116717,9,2.86,0.0695856,3.06463
242,0.408327,0.0789638,8,2.16667,0.0661389,3.16402
243,0.476562,0.104682,8,2.40667,0.0688264,3.02374
244,0.429669,0.0940116,7,2.48,0.0692475,3.2705
245,0.394617,0.0748771,8,1.97333,0.0677392,3.11133
246,0.554048,0.128504,9,3.01333,0.0734625,3.56828
247,0.505827,0.127066,9,3,0.0666442,2.92122
248,0.457261,0.104144,9,2.66,0.0723827,3.27752
249,0.437357,0.0869796,7,2.06,0.0725818,3.42247
250,0.434867,0.0903091,8,2.08667,0.0667292,3.04141
251,0.375351,0.0459333,7,1.62667,0.0662122,2.92131
252,0.512001,0.101956,9,2.78,0.0679761,3.26554
253,0.39551,0.0838646,7,2.32667,0.0678155,2.91051
254,0.533383,0.0900328,8,2.07333,0.0638382,3.07981
255,0.617522,0.148862,9,3.14667,0.0702052,3.04225
256,0.552379,0.0591493,8,1.72,0.0696911,2.67722
257,0.417822,0.110944,8,2.74,0.0664253,2.88936
258,0.458486,0.103961,8,2.71333,0.0667428,2.77885
259,0.505748,0.116773,8,2.67333,0.0637766,2.70734
260,0.420742,0.0729215,8,2.07333,0.0655176,2.55844
261,0.517282,0.0720091,7,1.88667,0.0663257,2.53477
262,0.478689,0.0857253,9,2.26667,0.0699091,2.89217
263,0.460024,0.0697359,7,2.03333,0.0673972,2.58942
264,0.3684,0.104365,7,2.57333,0.0657771,3.28553
265,0.511696,0.0813982,8,2.2,0.0644751,2.83008
266,0.478975,0.0696174,9,1.90667,0.0699907,3.20617
267,0.592867,0.110864,9,2.78,0.0698681,3.06472
268,0.553972,0.135496,9,3.21333,0.0712945,3.07276
269,0.472015,0.102908,8,2.55333,0.0677975,3.35313
270,0.354844,0.089676,9,2.42667,0.0661491,3.61772
271,0.503254,0.0724302,9,2.05333,0.0680838,3.77687
272,0.501126,0.115991,9,2.96667,0.0696915,3.56825
273,0.452784,0.0736993,8,1.88,0.0686341,3.44134
274,0.272242,0.0629964,6,1.63333,0.0656397,3.65679
275,0.41544,0.0728318,8,2.02667,0.0669426,3.27844
276,0.442352,0.0902174,6,2.08,0.0682747,3.40289
277,0.475369,0.104855,8,2.6,0.0678772,3.29835
278,0.475718,0.0759761,7,1.82667,0.0649895,3.34278
279,0.595591,0.113841,9,3.05333,0.0718747,3.60633
280,0.335805,0.0884983,7,2.32667,0.0676297,3.94979
281,0.512891,0.12966,10,3.22,0.0698937,3.30875
282,0.417902,0.0984863,8,2.22667,0.0688317,3.04825
283,0.345483,0.0766693,7,1.92,0.0659903,3.23852
284,0.551721,0.122598,9,2.70667,0.0688686,3.18054
285,0.291232,0.0673332,6,1.80667,0.0654502,4.07149
286,0.437178,0.104186,7,2.28,0.068913,3.37908
287,0.39104,0.0759019,8,2.06,0.064135,3.54782
288,0.467405,0.135792,9,3.22,0.0692522,4.01373
289,0.414791,0.0827399,8,1.96,0.0639599,3.55026
290,0.542225,0.104264,8,2.78,0.0682764,3.85987
291,0.509759,0.103978,10,2.55333,0.0681567,3.56032
292,0.572795,0.138987,9,2.91333,0.067562,3.21823
293,0.656416,0.159448,9,3.26,0.0661681,3.43802
294,0.473518,0.135419,7,2.81333,0.0690174,3.67532
295,0.404618,0.114216,7,2.33333,0.0665043,3.54158
296,0.543424,0.095672,9,2.26667,0.0689928,3.35712
297,0.627203,0.14764,10,3.16,0.0668994,3.41155
298,0.773422,0.2138,10,3.68,0.0649975,3.27827
299,0.503191,0.134117,7,2.7,0.065273,3.33812
300,0.662922,0.176899,9,3.12,0.0646664,3.67655
301,0.416723,0.0887879,8,2.19333,0.177133,4.04628
302,0.591488,0.100593,9,2.47333,0.0733601,3.88509
303,0.474969,0.0989144,7,2.18667,0.0645748,3.70102
304,0.41504,0.0786809,6,1.69333,0.0671464,3.49549
305,0.478121,0.0969234,8,2.06,0.064102,3.31088
306,0.518761,0.150715,9,2.94667,0.0674096,3.42046
307,0.442377,0.117288,7,2.28667,0.0658356,3.58213
308,0.498273,0.116308,8,2.55333,0.0714639,3.44335
309,0.420431,0.110452,8,2.45333,0.068971,3.5619
310,0.575338,0.0936477,8,2.19333,0.0693661,3.28539
311,0.645531,0.213545,10,3.78,0.0644162,3.04223
312,0.599277,0.168301,9,3.18,0.0686776,3.07865
313,0.440175,0.0870003,9,1.89333,0.0661516,3.29842
314,0.449513,0.114377,9,2.64,0.0688395,3.43309
315,0.5656,0.146312,9,2.93333,0.0831283,3.66078
316,0.614356,0.15634,9,3.25333,0.0664829,3.54383
317,0.449698,0.120918,8,2.70667,0.0682467,3.57391
318,0.409091,0.113527,7,2.47333,0.0722199,3.98753
319,0.501431,0.115025,9,2.36667,0.100539,3.93599
320,0.522917,0.139175,9,2.89333,0.0691825,3.86342
321,0.528432,0.140159,10,3.01333,0.0814593,4.20255
322,0.48066,0.108862,8,2.26,0.0663321,3.75551
323,0.486569,0.142469,9,2.94,0.0702163,3.87254
324,0.577363,0.172611,10,3.32667,0.0700523,3.83221
325,0.537745,0.127478,8,2.34,0.0672475,3.39438
326,0.485575,0.117188,8,2.46,0.0676534,3.99984
327,0.645108,0.127525,9,2.57333,0.0655214,3.7662
328,0.771073,0.146363,10,2.91333,0.0677225,3.45654
329,0.468544,0.108224,8,2.46,0.0663738,3.8939
330,0.483654,0.101393,8,2.28,0.0679663,3.3709
331,0.571096,0.113968,9,2.48667,0.0666513,3.3327
332,0.51554,0.0864088,8,1.85333,0.0665845,3.09182
333,0.525941,0.0932791,9,2.12667,0.0653828,3.52604
334,0.584517,0.113786,9,2.56667,0.0693807,4.09251
335,0.725177,0.145764,10,3.13333,0.067476,3.36158
336,0.488355,0.10364,7,2.35333,0.0690026,3.64272
337,0.621179,0.126396,9,2.66667,0.0678995,3.20876
338,0.657635,0.163383,9,3.22,0.0671895,3.54019
339,0.599158,0.169597,9,3.25333,0.103643,3.69669
340,0.731625,0.141827,10,3.24,0.0660215,3.53512
341,0.648991,0.202254,9,3.70667,0.072081,3.75786
342,0.569905,0.196434,8,3.75333,0.069002,3.78559
343,0.639115,0.135642,9,3.26,0.0661924,3.61407
344,0.79466,0.21159,10,4.04,0.068999,3.86944
345,0.646387,0.179366,9,3.66,0.073813,3.61734
346,0.52107,0.109003,9,2.30667,0.0665374,3.89618
347,0.574321,0.130929,9,2.68,0.0669724,3.81246
348,0.610211,0.0965926,10,2.25333,0.0692424,3.54825
349,0.670675,0.138129,10,3.04,0.0706205,3.42416
350,0.550057,0.133508,9,2.85333,0.0669368,3.53449
351,0.548117,0.0899625,9,2.3,0.0669647,3.35575
352,0.725504,0.148915,10,3.04,0.0658647,3.47623
353,0.588293,0.130904,10,3.03333,0.0866287,4.04735
354,0.657465,0.127443,10,3.16667,0.0708404,3.63715
355,0.71327,0.152353,9,3.19333,0.0652336,3.58971
356,0.589993,0.151493,9,3.18667,0.070322,3.8024
357,0.507805,0.119975,10,2.60667,0.0670626,3.85015
358,0.56987,0.196421,9,3.76667,0.0671915,3.53966
359,0.636622,0.129628,9,2.59333,0.064953,3.41132
360,0.570048,0.175324,9,3.41333,0.0721658,3.20946
361,0.544571,0.14033,9,2.84,0.0662912,3.24041
362,0.68957,0.208403,10,4.18667,0.0799808,3.40907
363,0.480621,0.13042,8,2.64,0.064458,3.36609
364,0.613286,0.153874,9,3.43333,0.0669057,3.35276
365,0.722546,0.185885,10,3.50667,0.0733195,3.44192
366,0.701693,0.180405,10,3.48667,0.0678779,3.2942
367,0.576268,0.152553,9,3.18667,0.0679735,3.06166
368,0.684191,0.183458,10,3.57333,0.0704392,3.18903
369,0.499672,0.12384,9,2.84,0.0685579,3.41241
370,0.609013,0.161795,10,3.26667,0.0700927,3.36656
371,0.629542,0.146081,10,3.06667,0.0661643,3.18893
372,0.590589,0.120217,9,2.8,0.0662498,3.48968
373,0.593263,0.143057,9,3.12,0.0715405,3.39377
374,0.50508,0.126184,9,2.64667,0.0643413,3.4877
375,0.770783,0.185811,10,4.06667,0.0685616,3.41172
376,0.673523,0.198645,10,3.94667,0.223803,3.51805
377,0.675608,0.155161,10,3.4,0.0663104,3.31615
378,0.620256,0.181139,9,3.34667,0.167859,3.4844
379,0.620742,0.191289,9,3.50667,0.0736255,3.27722
380,0.581942,0.130602,9,3.12667,0.0712475,3.53319
381,0.487613,0.129257,8,2.68,0.0661326,3.35069
382,0.670512,0.170524,9,3.27333,0.0679481,3.43612
383,0.714243,0.222434,10,4.29333,0.0671036,3.15328
384,0.645036,0.201067,10,4.10667,0.0693391,3.49295
385,0.580861,0.122099,9,2.47333,0.0693559,3.3924
386,0.460769,0.151652,9,3.48667,0.0715908,3.5077
387,0.669965,0.169497,10,3.57333,0.0681552,3.0072
388,0.677591,0.169151,9,3.2,0.0668823,3.28054
389,0.689213,0.123678,10,2.72,0.0704979,3.20613
390,0.569782,0.137101,8,3.34,0.0726093,3.71408
391,0.558605,0.131783,9,3.16667,0.0703631,3.61268
392,0.69664,0.164243,10,3.60667,0.0685987,3.63583
393,0.559534,0.127104,10,2.94667,0.067391,3.57815
394,0.728841,0.167481,10,3.50667,0.0708268,3.64335
395,0.653475,0.160042,9,3.17333,0.0679737,3.29179
396,0.643127,0.153269,10,3.16,0.0753837,3.70986
397,0.632134,0.185707,10,3.95333,0.0787541,3.47474
398,0.662897,0.23094,10,4.03333,0.06877,2.94433
399,0.499174,0.142441,9,3.16,0.0734605,3.26324
400,0.73564,0.184978,10,4.05333,0.0678738,3.44689
401,0.68402,0.175656,10,3.58667,0.0712957,3.17775
402,0.589838,0.194025,10,3.96667,0.0742116,3.42693
403,0.461249,0.141972,9,3.03333,0.069972,3.73706
404,0.75392,0.193472,10,4.35333,0.0690151,3.216
405,0.577363,0.178789,10,3.43333,0.0685041,3.27398
406,0.582454,0.167997,10,3.73333,0.0678339,3.18327
407,0.598817,0.163651,10,3.64,0.377976,3.2849
408,0.59429,0.182961,10,4,0.0655323,3.14284
409,0.509437,0.153297,8,3.38667,0.175752,3.41633
410,0.58487,0.16981,10,3.63333,0.0716491,3.02453
411,0.659816,0.196186,10,4.26,0.0685025,3.11524
412,0.597723,0.198774,9,3.88667,0.0710613,3.16641
413,0.61933,0.204863,10,4.17333,0.0786639,2.87634
414,0.600984,0.180662,9,4.06667,0.0672053,3.4179
415,0.818883,0.256282,10,4.54667,0.0660144,2.91766
416,0.63537,0.140212,9,3.35333,0.0813952,3.57682
417,0.693081,0.168503,10,4.22667,0.070915,3.5104
418,0.549892,0.130345,10,3.32667,0.0686373,3.3558
419,0.608491,0.179034,9,3.75333,0.0642265,3.22247
420,0.637603,0.178,9,3.72,0.0674566,3.21211
421,0.511412,0.135941,9,2.96,0.0633795,3.20283
422,0.671115,0.156535,10,3.39333,0.0982871,3.31179
423,0.60574,0.153029,9,3.26667,0.0661267,3.08501
424,0.580903,0.122295,8,2.64667,0.0655367,3.16489
425,0.627574,0.165024,9,3.16,0.065965,3.07841
426,0.534257,0.139297,9,3.08,0.0682011,3.28037
427,0.526305,0.140389,9,3.39333,0.0696449,3.18879
428,0.478672,0.124429,9,3.10667,0.0687292,3.28596
429,0.567346,0.131118,9,2.97333,0.0653343,3.43325
430,0.692201,0.186852,10,4.22,0.0722068,3.07955
431,0.523743,0.155116,9,3.56667,0.0749245,3.07226
432,0.620463,0.1535,10,3.67333,0.0687845,2.88888
433,0.480701,0.149386,8,3.15333,0.0735034,3.35825
434,0.657625,0.173306,10,3.7,0.0718998,3.12222
435,0.510443,0.123842,10,3.34,0.123618,3.56136
436,0.638958,0.184249,10,3.7,0.0693315,3.13798
437,0.560739,0.148302,8,3.18,0.0774766,3.15132
438,0.485988,0.112556,9,2.73333,0.0689081,3.35025
439,0.524386,0.110572,9,2.98,0.140456,3.41234
440,0.686695,0.18252,10,3.9,0.0836244,3.33804
441,0.616538,0.146212,10,3.66667,0.0698947,3.60735
442,0.512867,0.146097,9,3.19333,0.0691074,3.57432
443,0.580105,0.155038,10,3.64667,0.0732799,3.18321
444,0.623727,0.157599,9,3.49333,0.0855787,3.40914
445,0.512754,0.110179,9,2.99333,0.0667186,3.50339
446,0.556523,0.118245,8,2.9,0.0677537,3.58879
447,0.662575,0.121628,9,3.32,0.0665015,3.45363
448,0.50286,0.100656,9,2.6,0.0663289,3.57043
449,0.526835,0.123569,10,3.12,0.0661699,3.47361
450,0.606841,0.140709,8,3.30667,0.0697687,3.50608
451,0.456148,0.126548,9,3.3,0.0673191,3.35127
452,0.574677,0.119186,9,2.78,0.0670487,3.47408
453,0.713786,0.18524,9,3.84,0.0685324,3.40548
454,0.461969,0.102076,10,3.16667,0.0644548,3.41029
455,0.606401,0.160655,10,3.50667,0.0645117,3.43489
456,0.524726,0.142646,9,3.56667,0.0666384,3.57451
457,0.55811,0.166142,10,3.68,0.0688615,3.32635
458,0.642113,0.181229,10,4.21333,0.0686402,3.19065
459,0.581538,0.153713,10,3.57333,0.0685443,3.28602
460,0.681277,0.169403,10,3.7,0.0681292,2.62714
461,0.465838,0.140033,9,3.4,0.0685003,3.74605
462,0.526847,0.117146,9,2.98,0.0706751,3.62589
463,0.479833,0.118676,8,3.30667,0.0681733,3.50315
464,0.455285,0.126563,8,3.02667,0.0665261,3.71217
465,0.610532,0.154624,9,3.84667,0.077124,3.4112
466,0.537015,0.108499,9,2.66667,0.0673655,3.45626
467,0.688938,0.130272,10,3.16667,0.0663894,3.46133
468,0.62207,0.15655,10,3.7,0.0677818,3.13034
469,0.610912,0.168091,10,3.8,0.0697715,3.1096
470,0.73543,0.195848,9,3.88,0.0666265,3.27298
471,0.485166,0.106086,10,2.96,0.065602,3.42138
472,0.46927,0.135246,10,3.48667,0.0713115,3.89097
473,0.497021,0.156019,10,3.89333,0.0688059,3.3177
474,0.498154,0.156187,9,3.24667,0.0653699,3.42839
475,0.623245,0.162188,10,3.5,0.0669733,3.69828
476,0.608228,0.139758,10,3.68,0.0674709,3.4743
477,0.598407,0.147768,9,3.31333,0.07019,3.48074
478,0.554708,0.122982,9,2.99333,0.0719933,3.52614
479,0.529136,0.111152,8,2.52,0.0738556,3.67668
480,0.534697,0.120706,8,3.00667,0.0676435,3.66427
481,0.762016,0.203983,10,4.28667,0.0672212,3.0398
482,0.584269,0.12559,9,2.96667,0.100713,3.40822
483,0.597499,0.107382,10,2.76,0.0684886,3.49664
484,0.548743,0.10746,9,2.64,0.0670548,3.62278
485,0.36865,0.0974922,7,2.56667,0.0634885,3.36397
486,0.536264,0.122313,9,2.90667,0.119479,3.88358
487,0.586774,0.134874,9,3.13333,0.0689318,3.59555
488,0.530151,0.129159,9,2.76667,0.0720725,3.74058
489,0.472259,0.0958541,8,2.26,0.06663,3.42829
490,0.565914,0.157824,9,3.49333,0.0672351,3.16305
491,0.554742,0.113732,9,3.06667,0.0698629,3.52909
492,0.529508,0.128146,9,3.10667,0.067667,3.73896
493,0.667319,0.127848,9,3.4,0.0711288,3.54057
494,0.541909,0.148263,9,3.45333,0.0699096,3.42304
495,0.509114,0.129614,8,2.78667,0.0702464,3.63185
496,0.542205,0.119175,9,2.76,0.0685205,3.46308
497,0.611071,0.146758,9,3.08,0.065662,2.91536
498,0.542945,0.0906945,10,2.58667,0.0745751,3.19689
499,0.566697,0.10028,9,2.06,0.0650871,3.07754
500,0.714393,0.114726,10,2.68667,0.0701369,3.11691
501,0.586183,0.118823,10,3.08667,0.069354,3.11387
502,0.682768,0.118367,10,2.81333,0.0678468,2.77606
503,0.534878,0.106844,10,2.70667,0.0672101,3.42011
504,0.627554,0.153528,9,2.98,0.0666307,2.8337
505,0.483723,0.115741,10,2.86667,0.0677341,3.08154
506,0.565138,0.122151,10,2.68667,0.0664943,3.10154
507,0.593265,0.119792,10,2.52,0.0697886,3.13614
508,0.678722,0.110733,9,2.59333,0.0679612,2.99637
509,0.616047,0.150782,9,3.25333,0.0647539,2.91209
510,0.540974,0.0996469,9,2.42667,0.0659796,2.90311
511,0.60487,0.1355,9,2.86667,0.070902,3.29983
512,0.502589,0.117893,8,2.56,0.0690342,2.95316
513,0.570016,0.109727,9,2.5,0.0671744,2.74689
514,0.517636,0.118891,9,2.64667,0.0708726,3.26229
515,0.529522,0.119777,9,2.78667,0.0653289,3.67147
516,0.514658,0.119943,9,2.84667,0.149921,3.51841
517,0.64051,0.158046,9,3.29333,0.0686795,3.13228
518,0.597374,0.170843,10,3.37333,0.0668623,2.98542
519,0.682251,0.148875,9,3.26,0.0696162,3.27555
520,0.43961,0.136539,7,2.79333,0.0644134,3.14747
521,0.720167,0.188486,10,3.73333,0.0705402,2.78145
522,0.781238,0.201222,10,4.06667,0.0664968,2.84226
523,0.581877,0.128174,9,2.93333,0.0690743,3.26888
524,0.538251,0.13007,10,2.98,0.0671707,3.01216
525,0.715943,0.132804,10,3.12,0.0971432,3.55252
526,0.539903,0.136711,9,3.3,0.0694303,3.17913
527,0.630268,0.131233,10,3.30667,0.0639864,3.11964
528,0.495427,0.106728,9,2.86,0.0692647,3.57624
529,0.625309,0.139597,10,3.22,0.0717467,3.41031
530,0.40863,0.0989592,8,2.38667,0.066191,3.0901
531,0.437261,0.118994,8,3.10667,0.0662285,3.57941
532,0.527264,0.12748,9,3.42667,0.0705207,3.60005
533,0.472886,0.100446,9,2.57333,0.0625006,3.09053
534,0.424417,0.116621,8,2.84667,0.0668623,3.52947
535,0.529881,0.14295,9,3.44,0.0670015,3.44975
536,0.604604,0.115629,8,2.88,0.0682784,3.5943
537,0.452518,0.108334,9,2.52,0.0692941,3.27571
538,0.625659,0.10269,10,3.08,0.0703497,3.19553
539,0.472963,0.136421,9,3.44,0.0700778,3.29329
540,0.633627,0.150479,9,3.56,0.0658886,3.00259
541,0.559131,0.145109,10,3.37333,0.0654127,3.33581
542,0.606559,0.130032,10,3.48667,0.0702526,3.65431
543,0.552404,0.122298,9,3.10667,0.0686476,3.29149
544,0.651224,0.188561,10,3.82,0.0662685,3.2181
545,0.371593,0.0927587,8,2.14,0.0675515,3.45904
546,0.460792,0.0926686,8,2.98667,0.0667081,3.76498
547,0.593944,0.118243,10,2.9,0.0657,3.47892
548,0.408547,0.084832,9,2.61333,0.069352,3.62929
549,0.406698,0.106989,8,2.51333,0.0670218,3.77901
550,0.54924,0.125134,10,2.97333,0.0666489,3.50816
551,0.433466,0.102566,10,3.13333,0.0717133,3.94532
552,0.42917,0.0991122,8,2.71333,0.0748497,3.53636
553,0.474824,0.120007,9,2.94667,0.0704394,3.95979
554,0.480458,0.124012,9,3.05333,0.0666656,3.44251
555,0.607531,0.152514,10,3.22,0.071096,3.32288
556,0.559377,0.119531,9,3.18667,0.0749275,3.48652
557,0.57702,0.155835,10,3.24667,0.0659528,3.60457
558,0.48646,0.10964,8,2.60667,0.0641082,3.44944
559,0.60581,0.121287,9,2.94,0.0677667,3.60995
560,0.602159,0.165706,9,3.56,0.0716428,3.54086
561,0.422042,0.067646,8,1.93333,0.062774,3.79465
562,0.592597,0.1719,8,3.66667,0.0688072,4.06661
563,0.518953,0.162006,10,3.72,0.0726309,3.6588
564,0.617435,0.130189,9,2.95333,0.0693307,3.68422
565,0.495452,0.122831,9,2.98,0.0699206,3.57991
566,0.515309,0.152866,8,3.24667,0.111193,3.64813
567,0.499699,0.145294,9,3.10667,0.066165,3.45643
568,0.615923,0.177212,10,3.82,0.0685658,3.40104
569,0.65424,0.165838,9,3.46,0.0657643,3.18422
570,0.651097,0.151417,9,3.80667,0.163451,3.49294
571,0.544066,0.146427,9,3.04667,0.0668743,3.66358
572,0.482255,0.134725,9,2.8,0.066459,3.59828
573,0.554794,0.169224,9,3.55333,0.0664076,3.54543
574,0.499982,0.134855,8,2.9,0.0640041,3.48592
575,0.401708,0.102533,9,2.32667,0.0673504,3.05699
576,0.64083,0.168859,10,3.76667,0.0726081,3.25776
577,0.688296,0.147602,10,3.14667,0.0677409,2.99213
578,0.528199,0.14886,9,3.14667,0.0677528,3.58668
579,0.559989,0.152505,9,3.38667,0.0725996,3.5253
580,0.587864,0.132336,10,2.85333,0.0655629,3.43893
581,0.588808,0.157698,8,3.20667,0.0644951,2.95991
582,0.597867,0.159646,10,3.17333,0.0648403,2.99624
583,0.641269,0.202675,10,4.04667,0.206641,3.48141
584,0.617924,0.156935,10,3.40667,0.0666448,3.41734
585,0.509736,0.119397,8,2.99333,0.0680841,3.68519
586,0.445682,0.113802,9,2.82,0.0672224,3.70746
587,0.459586,0.115239,9,2.64667,0.0694137,3.41579
588,0.695022,0.154424,10,3.46,0.0670837,3.54756
589,0.55095,0.133582,10,2.83333,0.0679834,3.82197
590,0.613719,0.131338,10,3.06667,0.066787,3.72444
591,0.509733,0.120788,9,3.04667,0.0693071,3.84255
592,0.361136,0.0819973,7,2.02,0.065112,3.47602
593,0.501975,0.100973,9,2.40667,0.0680485,3.76714
594,0.600696,0.105785,9,2.63333,0.0684484,3.4704
595,0.619159,0.139815,9,3.34667,0.0888909,3.37592
596,0.565215,0.12797,9,3.15333,0.0684396,2.98071
597,0.558465,0.127915,9,2.72667,0.0694594,3.4158
598,0.430248,0.0844354,7,2.19333,0.0671782,3.40923
599,0.418496,0.0926528,7,1.78,0.0616329,3.25691
600,0.566787,0.145725,8,2.92667,0.0722751,3.14789
601,0.660749,0.111253,9,2.38,0.0807843,3.108
602,0.444948,0.0891221,7,2.31333,0.06609,3.29354
603,0.432567,0.0935829,8,2.16,0.0660876,3.47572
604,0.473844,0.0863278,8,2.23333,0.0656195,3.31998
605,0.418981,0.0604037,9,1.94667,0.0683369,3.56737
606,0.509507,0.155119,9,3.04,0.0659635,3.54182
607,0.447912,0.0788196,8,1.93333,0.0659228,3.85254
608,0.605894,0.18723,9,3.93333,0.066555,3.59943
609,0.475433,0.1098,9,2.87333,0.0687028,3.61118
610,0.470392,0.112057,7,2.57333,0.286645,4.20398
611,0.463825,0.110434,9,2.52667,0.0689611,3.93567
612,0.466656,0.115533,9,2.8,0.0669817,3.87813
613,0.430964,0.106306,8,2.68,0.165274,3.705
614,0.435897,0.136042,9,3.22667,0.0636707,3.24187
615,0.480657,0.159912,9,3.26667,0.0680327,3.34455
616,0.600219,0.111883,9,2.88,0.069075,3.60057
617,0.510401,0.127485,8,2.92667,0.0764165,3.82495
618,0.425893,0.117685,9,3,0.065893,3.68851
619,0.450834,0.14517,9,3.26667,0.0675292,3.92837
620,0.388286,0.0861879,7,2.18,0.0712796,4.33933
621,0.604605,0.16141,10,3.24,0.0673552,3.22166
622,0.538228,0.143014,9,3.26667,0.0708738,3.56794
623,0.544445,0.142673,10,3.22667,0.0705743,3.21987
624,0.39758,0.107924,9,2.62,0.0689316,3.62527
625,0.595671,0.138715,9,3.06,0.0712865,3.55375
626,0.431893,0.120202,10,2.99333,0.0683315,3.36023
627,0.657082,0.121889,9,2.88,0.0858878,3.5774
628,0.499009,0.133824,8,2.96,0.0725902,3.68016
629,0.509861,0.122039,8,2.9,0.0650541,3.54424
630,0.452188,0.0953412,8,2.68,0.0651064,3.46289
631,0.483809,0.145016,9,3.37333,0.0698318,3.67684
632,0.485984,0.121812,9,3.12667,0.0705497,3.77911
633,0.50587,0.155426,8,3.76667,0.0675123,3.28969
634,0.482176,0.105169,8,2.75333,0.0652095,3.59925
635,0.484139,0.113601,8,2.72667,0.0688419,3.3341
636,0.387249,0.0676085,8,2.20667,0.0687067,4.12508
637,0.451112,0.0896379,8,2.88667,0.0670654,3.87333
638,0.530375,0.121827,10,3.48667,0.0999286,3.60165
639,0.394206,0.0813121,8,2.59333,0.0664113,3.92655
640,0.565651,0.123081,9,3.13333,0.0670986,3.52339
641,0.454489,0.133271,9,3.63333,0.0713335,3.60027
642,0.432069,0.131878,8,3.59333,0.0731879,3.74245
643,0.399313,0.100808,8,2.92,0.0794735,3.61381
644,0.722557,0.148705,10,3.94,0.0680722,3.46706
645,0.449163,0.108625,9,2.88667,0.0653203,3.22567
646,0.353363,0.0876933,7,2.54,0.0775801,3.37755
647,0.611593,0.19502,9,4.31333,0.0713939,3.43721
648,0.642366,0.094411,9,2.78,0.071114,3.58946
649,0.396031,0.10119,9,2.84667,0.0684594,3.58557
650,0.493423,0.113665,9,3.93333,0.0671866,3.85333
651,0.450257,0.0834932,8,2.77333,0.084737,3.85416
652,0.449931,0.132557,9,3.42667,0.133254,3.66927
653,0.326824,0.0500367,7,1.96667,0.0657929,3.71492
654,0.500583,0.117843,9,3.46,0.0701821,3.68648
655,0.444924,0.0803361,9,2.68667,0.068504,3.36392
656,0.474364,0.0932445,8,2.64667,0.0651199,3.41441
657,0.569936,0.108033,9,2.72667,0.0691185,3.36488
658,0.426912,0.0816691,8,2.22667,0.0680746,3.22048
659,0.594817,0.103894,9,2.68667,0.0689719,3.37359
660,0.465712,0.0796971,9,2.68667,0.0682077,2.85245
661,0.625925,0.148438,10,3.64,0.0967357,2.92865
662,0.598487,0.10925,9,2.92667,0.0732281,3.38971
663,0.464521,0.0849776,9,2.46667,0.0693996,3.76498
664,0.458653,0.0986837,8,2.53333,0.0664233,3.33278
665,0.683807,0.151259,9,3.34667,0.074282,3.57722
666,0.408949,0.100981,8,2.68667,0.0697758,3.82045
667,0.417674,0.111317,9,2.96667,0.0692705,3.68415
668,0.506786,0.132842,9,3.28667,0.081903,3.41255
669,0.473778,0.112191,8,2.59333,0.0679922,3.45168
670,0.56111,0.147202,9,3.33333,0.0771503,3.59157
671,0.603013,0.108011,8,2.84667,0.0764449,3.7031
672,0.486706,0.124477,9,3.06,0.0700734,3.55916
673,0.42054,0.0824327,9,2.37333,0.0661179,3.35518
674,0.698937,0.145097,10,3.38,0.0714698,3.36039
675,0.520845,0.0962011,10,2.52,0.0642174,3.26438
676,0.422706,0.0695602,10,2.28,0.0748425,3.56818
677,0.464544,0.122429,10,2.85333,0.0669445,3.61965
678,0.572626,0.113582,9,3.02667,0.0687186,3.4605
679,0.408036,0.0837095,8,2.39333,0.0666975,3.37286
680,0.534661,0.114102,10,2.66,0.0673346,3.36384
681,0.476458,0.0754666,9,2.42667,0.0682682,3.52639
682,0.53575,0.109686,9,3.03333,0.0675915,2.83222
683,0.446295,0.100277,9,2.88,0.0684314,3.25426
684,0.484795,0.147627,10,3.36667,0.0685768,3.44678
685,0.619875,0.109831,10,2.49333,0.0663131,3.37121
686,0.582417,0.113046,10,2.74667,0.0687922,3.3665
687,0.691705,0.172147,10,3.57333,0.0648741,2.99656
688,0.528338,0.117684,10,2.78,0.0660563,3.12449
689,0.685549,0.106723,10,2.72,0.0677794,3.43096
690,0.588179,0.0844733,10,2.06,0.0664642,3.47119
691,0.562769,0.115394,10,2.87333,0.0715516,3.19022
692,0.555682,0.124183,10,3.12,0.0697983,3.09527
693,0.577214,0.113877,10,2.69333,0.067348,3.28128
694,0.629453,0.111697,10,2.86,0.0690591,3.09024
695,0.558137,0.11476,10,2.80667,0.0735442,3.13719
696,0.562857,0.108499,9,2.39333,0.0645278,3.36412
697,0.61371,0.116245,10,2.64667,0.0724832,3.33727
698,0.552144,0.142089,9,2.83333,0.0665314,3.13279
699,0.618184,0.12369,10,2.76667,0.0667267,3.04201
700,0.475989,0.108263,10,2.84,0.0717671,3.10295
701,0.557413,0.152027,10,3.29333,0.0666444,3.12732
702,0.643595,0.145416,10,3.06667,0.0679823,3.42581
703,0.660541,0.167629,10,3.28667,0.0659551,3.0434
704,0.66581,0.148017,10,2.84,0.0666924,3.15022
705,0.544638,0.132791,10,2.81333,0.0857475,3.41336
706,0.703563,0.147001,10,3.32667,0.067248,2.8741
707,0.661392,0.133158,10,3.1,0.0713906,2.93766
708,0.618989,0.158278,10,3.54,0.0718701,3.13965
709,0.620152,0.153845,10,3.38667,0.0687991,3.03372
710,0.616861,0.123466,10,2.62667,0.197262,3.17655
711,0.650261,0.16355,10,3.47333,0.0823086,3.36376
712,0.666648,0.194398,10,4.00667,0.0730681,3.12045
713,0.662733,0.177922,10,3.46667,0.0740361,3.0758
714,0.597322,0.145196,10,2.69333,0.0718436,3.32835
715,0.646717,0.156118,10,2.99333,0.0740594,3.16205
716,0.676637,0.194702,10,3.53333,0.0683746,2.99922
717,0.634463,0.165443,10,3.08,0.0698745,3.24398
718,0.629884,0.197917,10,3.95333,0.152133,3.06734
719,0.561987,0.153167,10,3.44667,0.0805086,3.12111
720,0.630826,0.15155,10,3.07333,0.0692079,3.0309
721,0.782213,0.198305,10,3.71333,0.0746185,3.19681
722,0.595671,0.113727,10,2.30667,0.0694768,3.39391
723,0.705323,0.172244,10,3.37333,0.0667618,3.16713
724,0.668419,0.195284,10,3.87333,0.0785953,3.01869
725,0.54221,0.123079,10,2.57333,0.0729856,3.28559
726,0.596355,0.150657,9,2.94,0.0650154,2.98752
727,0.758824,0.193048,10,3.67333,0.0723772,3.54697
728,0.6537,0.191999,10,3.92,0.067872,3.11531
729,0.72353,0.185669,10,3.55333,0.0739195,3.16264
730,0.664439,0.164682,10,3.41333,0.0717264,2.98412
731,0.656302,0.141334,10,3.1,0.0699103,3.35925
732,0.498617,0.107188,9,2.46,0.100629,3.29776
733,0.523035,0.120668,10,2.82,0.0684928,3.14696
734,0.541068,0.13732,9,2.6,0.0677481,2.99291
735,0.674375,0.172851,10,3.1,0.0682475,2.88862
736,0.566397,0.131408,10,2.85333,0.0689801,3.22631
737,0.614773,0.19338,10,3.80667,0.0667564,3.06674
738,0.772685,0.212507,10,4.09333,0.072949,2.92128
739,0.618477,0.176298,10,3.45333,0.0672779,3.24944
740,0.676353,0.202008,10,4.05333,0.0684879,3.40561
741,0.657539,0.150621,10,3.42667,0.0723207,3.24174
742,0.809565,0.245071,10,4.46,0.0699143,3.00394
743,0.651474,0.174003,10,3.92667,0.068346,3.38155
744,0.665626,0.180493,10,3.5,0.0773131,3.34089
745,0.702664,0.204439,10,3.58667,0.0686963,3.26386
746,0.633604,0.196912,10,3.78,0.0693755,3.06846
747,0.615387,0.145695,10,3.25333,0.0703077,3.41921
748,0.678015,0.194402,10,4.04,0.458582,3.20485
749,0.684034,0.15839,10,3.11333,0.0673,3.37285
750,0.628557,0.186733,10,3.66667,0.0728715,3.21633
751,0.642648,0.151505,10,3.01333,0.0820074,3.45893
752,0.656761,0.195127,10,4.15333,0.0736195,3.31549
753,0.608702,0.169776,10,3.22,0.0638751,3.38039
754,0.756799,0.18179,10,3.66667,0.0681866,3.28546
755,0.611247,0.151845,10,3.07333,0.0716959,3.29731
756,0.536501,0.148441,10,3.40667,0.0683089,3.2013
757,0.729423,0.17086,10,3.11333,0.0727278,3.05373
758,0.552232,0.145625,10,2.96667,0.0684997,3.44033
759,0.638585,0.194403,10,3.66667,0.133151,3.11044
760,0.748922,0.270509,10,4.54,0.206474,2.89407
761,0.655713,0.164338,9,3.16667,0.188296,3.32574
762,0.63804,0.164559,10,3.46,0.123145,3.54904
763,0.665811,0.192722,10,3.72,0.0681672,3.32652
764,0.611806,0.179169,10,3.3,0.0709321,3.38242
765,0.719348,0.202913,10,4.07333,0.189359,3.22833
766,0.627229,0.211637,10,3.86667,0.074431,3.01157
767,0.582538,0.153226,10,3.4,0.0683353,3.4413
768,0.753181,0.194115,10,3.55333,0.0924572,3.24655
769,0.679145,0.190078,10,3.89333,0.0703593,3.18604
770,0.620033,0.199138,10,3.72,0.200421,3.3536
771,0.612823,0.108605,9,2.35333,0.197197,3.47138
772,0.599026,0.140629,10,2.84667,0.0674663,3.41486
773,0.679217,0.203482,10,3.75333,0.295845,3.21475
774,0.706372,0.164879,10,2.69333,0.0681778,3.20535
775,0.680252,0.18849,10,3.64667,0.0774686,3.35756
776,0.631892,0.163593,10,3.14,0.0661731,3.02049
777,0.6738,0.197644,10,3.73333,0.0696988,3.39378
778,0.645481,0.164228,10,3.22667,0.0690634,3.06393
779,0.592414,0.153862,10,3.02,0.0672947,3.17661
780,0.531721,0.130183,10,3.10667,0.0678822,3.209
781,0.598154,0.169672,10,3.62667,0.0678287,3.26581
782,0.694277,0.202151,10,3.98667,0.0843276,3.12749
783,0.687228,0.223207,10,4.05333,0.162583,2.92817
784,0.625649,0.166492,10,3.47333,0.0694284,3.03019
785,0.639097,0.149023,10,3.3,0.0710476,3.43042
786,0.785868,0.208727,10,3.85333,0.071521,3.11951
787,0.690206,0.213406,10,4.14,0.0680363,2.87471
788,0.682935,0.224872,10,4.10667,0.303958,3.35404
789,0.792669,0.273261,10,4.45333,0.0686912,3.12521
790,0.67574,0.176192,10,3.41333,0.0687952,3.30549
791,0.642067,0.213012,10,3.80667,0.0709169,3.04643
792,0.632683,0.191203,10,3.74,0.0714528,3.56815
793,0.638153,0.19418,10,3.72667,0.325266,3.38649
794,0.606117,0.154426,10,3.13333,0.067308,3.21828
795,0.685146,0.205134,10,3.98,0.0701017,3.28583
796,0.683005,0.198762,10,3.92667,0.124073,3.16229
797,0.575854,0.182119,10,3.76,0.177367,3.23547
798,0.697252,0.209442,10,4.32,0.282183,3.17795
799,0.646958,0.18925,10,3.47333,0.11285,2.79579
800,0.604147,0.164075,10,3.30667,0.074855,3.17178
801,0.596297,0.168879,10,3.72667,0.0708049,3.04531
802,0.753562,0.196328,10,3.86,0.100075,3.2953
803,0.662134,0.204803,10,3.93333,0.0695867,3.18603
804,0.627323,0.202989,10,3.58667,0.0610727,2.93517
805,0.682781,0.221216,10,4.45333,0.0791565,3.013
806,0.726656,0.204274,10,4.00667,0.0703401,3.14605
807,0.663798,0.178993,10,3.66667,0.0786104,3.31351
808,0.594432,0.136321,10,2.91333,0.103089,3.39146
809,0.738911,0.201054,10,3.9,0.0713959,3.25734
810,0.692769,0.241356,10,3.99333,0.0688437,3.03942
811,0.599194,0.194069,10,4.06667,0.0728407,3.39895
812,0.662492,0.190863,10,3.64,0.0723535,3.14014
813,0.713183,0.225058,10,4.40667,0.0737496,3.45153
814,0.625183,0.153861,10,3.02667,0.066986,3.35374
815,0.61416,0.126601,10,2.68,0.356247,3.3587
816,0.611429,0.134726,10,2.99333,0.0701423,3.15979
817,0.582391,0.158992,10,3.45333,0.0690192,3.17443
818,0.630683,0.154501,10,3.3,0.0709394,3.1566
819,0.684408,0.180782,10,3.36667,0.0674161,3.05377
820,0.667988,0.180155,10,3.56,0.127276,3.27524
821,0.664531,0.178463,10,3.58,0.0716862,3.33687
822,0.694199,0.153588,10,3.3,0.0674644,2.99186
823,0.628993,0.179338,10,3.81333,0.0667391,3.33489
824,0.56136,0.149339,9,3.24667,0.0720632,3.36106
825,0.615798,0.174738,10,3.78,0.0683597,2.94533
826,0.667508,0.177682,10,3.30667,0.0682185,3.01613
827,0.753104,0.208791,10,3.43333,0.0741896,2.96032
828,0.643856,0.200042,10,3.90667,0.19813,3.20661
829,0.74396,0.165003,10,2.88667,0.0626091,2.89868
830,0.693884,0.182658,10,3.92667,0.0669693,3.31942
831,0.68417,0.226656,10,4.05333,0.0715305,3.09713
832,0.572739,0.137255,10,3.09333,0.0687558,3.31944
833,0.6102,0.153246,10,3.32667,0.0662958,3.19402
834,0.528436,0.150616,10,3.04667,0.0743766,3.27992
835,0.652298,0.195776,10,3.70667,0.0664128,3.16071
836,0.623691,0.199594,10,4.03333,0.0685595,3.25857
837,0.7699,0.194917,10,3.83333,0.0730434,3.2575
838,0.631439,0.163938,10,3.62,0.0691538,3.05057
839,0.628719,0.219924,10,4.15333,0.0689715,3.09285
840,0.614252,0.189235,10,3.64667,0.069226,3.19806
841,0.664487,0.190624,10,3.82667,0.0670482,3.20044
842,0.678197,0.200833,10,3.76667,0.0820697,3.10617
843,0.666941,0.187313,10,3.38,0.0740158,3.33639
844,0.746931,0.211836,10,4.05333,0.0990346,3.19077
845,0.65724,0.211076,10,4.31333,0.0696735,3.2239
846,0.6467,0.194103,10,3.62,0.0678343,3.14546
847,0.712853,0.197646,10,3.54,0.0669868,2.9798
848,0.642453,0.201908,10,3.81333,0.0716133,3.13123
849,0.680664,0.206121,10,3.60667,0.0697826,3.25629
850,0.637097,0.185629,10,3.37333,0.0714393,3.23759
851,0.651729,0.155781,10,3.49333,0.107981,3.47813
852,0.684913,0.163249,10,2.81333,0.0662051,2.77248
853,0.739031,0.198117,10,3.38,0.0672657,2.82021
854,0.613826,0.140353,10,2.83333,0.069097,3.31926
855,0.677565,0.177116,10,3.33333,0.0659083,2.90336
856,0.623812,0.185673,10,3.29333,0.070175,2.83223
857,0.657877,0.181582,10,3.68667,0.070184,3.19892
858,0.784269,0.293567,10,5.30667,0.0837973,2.77112
859,0.664287,0.175207,10,3.44667,0.203016,3.26208
860,0.725616,0.212628,10,4.04,0.0728194,3.21249
861,0.733284,0.20978,10,3.70667,0.0682129,2.95113
862,0.710713,0.162222,10,3.04,0.0634094,3.14533
863,0.678248,0.176344,10,3.30667,0.0714254,3.44258
864,0.574817,0.162717,10,3.3,0.0701626,3.25777
865,0.691923,0.19223,10,3.41333,0.0644943,3.08386
866,0.697889,0.22109,10,4.00667,0.0669419,2.79346
867,0.749247,0.200467,10,3.58667,0.0657422,3.17393
868,0.770715,0.268529,10,4.42667,0.0717404,3.09737
869,0.641435,0.188409,10,3.36667,0.097576,3.13643
870,0.809896,0.285913,10,4.62,0.0700916,2.94274
871,0.754662,0.248131,10,4.36667,0.0689127,2.89714
872,0.685024,0.149702,10,2.78,0.0734941,3.34385
873,0.761363,0.199401,10,3.66,0.0662995,3.01309
874,0.632635,0.181925,10,3.46667,0.0701605,3.4547
875,0.68706,0.183032,10,3.97333,0.0692928,2.82998
876,0.717784,0.223724,10,4.24,0.0668943,2.99252
877,0.640245,0.20722,10,3.85333,0.0703929,3.1496
878,0.605743,0.210437,10,4.14,0.0706487,3.112
879,0.651327,0.250522,10,4.68667,0.195098,2.81891
880,0.740974,0.236344,10,4.02,0.0697832,2.62271
881,0.773639,0.250517,10,4.00667,0.0662604,2.79537
882,0.617809,0.176261,10,3.25333,0.0693242,3.1205
883,0.71472,0.200885,10,3.64667,0.16448,3.2117
884,0.762658,0.207477,10,3.54667,0.071349,3.11795
885,0.628266,0.137658,10,2.98667,0.489449,3.45577
886,0.628284,0.175358,10,3.46667,0.0639554,3.09922
887,0.58264,0.157497,10,3.10667,0.0665995,3.34927
888,0.652645,0.216403,10,3.94,0.0679135,3.03308
889,0.751517,0.204254,10,3.56,0.0670286,3.16688
890,0.626836,0.181629,10,3.63333,0.0698145,3.25854
891,0.724535,0.200339,10,3.68,0.162879,3.47069
892,0.613674,0.179319,10,3.22667,0.164177,3.42047
893,0.712822,0.209944,10,3.69333,0.161347,3.5349
894,0.737819,0.225295,10,4.32667,0.0743432,3.73463
895,0.676215,0.19889,10,3.61333,0.236228,3.25429
896,0.690588,0.186672,10,3.59333,0.0711869,3.4988
897,0.698187,0.22734,10,4.3,0.0725034,3.15147
898,0.666885,0.177008,10,3.42,0.068343,3.35678
899,0.716836,0.201509,10,3.66,0.0723764,3.24009
900,0.77501,0.191702,10,3.75333,0.0664923,3.18493
901,0.646719,0.17771,10,3.33333,0.0665378,3.15981
902,0.749897,0.221707,10,4.24,0.0671305,3.13933
903,0.621428,0.157976,9,2.88,0.067302,3.26417
904,0.754702,0.211383,10,3.58667,0.0708769,3.28647
905,0.762683,0.179496,10,3.02,0.0698533,2.89964
906,0.694787,0.163554,10,2.96,0.0716927,3.0479
907,0.700417,0.165715,10,3.19333,0.0688838,3.05087
908,0.708916,0.145241,10,2.75333,0.0656376,2.90159
909,0.64911,0.170206,10,3.10667,0.144957,3.53251
910,0.664898,0.158724,10,3.32667,0.0641905,3.38405
911,0.605081,0.184575,10,3.53333,0.0647978,3.14003
912,0.623874,0.169938,10,3.23333,0.0649165,3.0583
913,0.802886,0.196348,10,3.32,0.0650742,2.83704
914,0.74013,0.189032,10,3.43333,0.0680765,2.83017
915,0.666626,0.152084,10,2.93333,0.0671691,3.18623
916,0.645369,0.152745,10,2.80667,0.0717006,3.10367
917,0.808636,0.191757,10,3.82667,0.06823,3.08859
918,0.629106,0.137875,9,2.9,0.0698909,3.23706
919,0.744448,0.178779,10,3.35333,0.0708039,3.14957
920,0.70838,0.157555,10,3.02,0.0709437,3.54277
921,0.733471,0.159363,10,3.07333,0.0708816,2.74982
922,0.721861,0.187675,10,3.58,0.0821133,2.84329
923,0.676396,0.180625,10,3.41333,0.0682203,2.9666
924,0.702108,0.203275,10,3.85333,0.0678215,3.13856
925,0.655406,0.165758,10,3.32,0.0658113,3.14768
926,0.785811,0.216977,10,4.32667,0.0717787,3.27449
927,0.821128,0.212592,10,3.82667,0.0659985,3.07688
928,0.698023,0.197188,10,3.56667,0.0643696,2.79303
929,0.638666,0.167061,10,3.05333,0.0655291,2.95368
930,0.683546,0.177467,10,3.40667,0.0655241,3.12416
931,0.723234,0.174687,10,3.30667,0.0703795,3.12151
932,0.643741,0.164987,10,3.35333,0.0710936,3.40628
933,0.738494,0.232383,10,3.98,0.0654495,2.86756
934,0.702259,0.159711,10,3.29333,0.0684963,3.08362
935,0.653423,0.181351,10,3.26667,0.0659242,2.97851
936,0.682958,0.20455,10,3.64,0.0714061,3.18323
937,0.718115,0.165703,10,3.40667,0.0668511,3.14566
938,0.687898,0.192492,10,3.75333,0.17843,3.04815
939,0.731072,0.180899,10,3.32667,0.0712221,3.15595
940,0.717715,0.212884,10,3.66,0.0699064,3.01734
941,0.656168,0.156825,10,3.20667,0.0992738,3.04125
942,0.753754,0.169645,10,3.18667,0.068411,3.14728
943,0.663801,0.16328,10,3.1,0.0650065,2.90121
944,0.718419,0.196862,10,3.48667,0.0688647,2.89329
945,0.640191,0.174154,10,3.15333,0.0678657,3.12646
946,0.736094,0.189224,10,3.36,0.0663642,2.84684
947,0.718562,0.197909,10,3.52,0.0701497,3.11902
948,0.663896,0.168616,10,3.36,0.069312,3.01258
949,0.785143,0.211552,10,3.69333,0.069598,3.01676
950,0.629633,0.192297,10,3.65333,0.0661302,3.26499
951,0.639857,0.15188,9,3.43333,0.071708,2.83523
952,0.625595,0.138119,10,3.02667,0.156231,3.50628
953,0.577122,0.120134,10,2.61333,0.0706354,3.58609
954,0.674754,0.165354,10,3.16,0.0759086,3.23142
955,0.719615,0.175007,10,3.24667,0.0836854,3.12312
956,0.666138,0.155115,10,2.94,0.0695823,3.32474
957,0.570328,0.138078,10,3.04,0.0682552,3.18788
958,0.619736,0.139951,10,2.61333,0.0662506,3.09238
959,0.697751,0.223808,10,3.9,0.0695492,3.03917
960,0.674694,0.169323,10,3.59333,0.0744317,3.27771
961,0.643807,0.151338,10,3.31333,0.0667842,3.41926
962,0.646351,0.142756,10,3.17333,0.0685215,3.49971
963,0.765753,0.214247,10,3.88667,0.0721593,2.85089
964,0.6758,0.186109,10,3.48,0.0913584,2.85375
965,0.769702,0.18734,10,3.38667,0.0682365,2.80356
966,0.665669,0.188439,10,3.42667,0.0867761,3.19427
967,0.701943,0.143076,10,2.7,0.0675468,2.78154
968,0.594535,0.139552,10,2.64,0.0674125,3.31763
969,0.657115,0.159026,10,3.29333,0.0697328,3.15793
970,0.596617,0.182734,10,3.47333,0.0650667,2.47499
971,0.639937,0.18866,10,3.79333,0.139501,3.05857
972,0.625662,0.173453,10,3.38667,0.0660582,3.08099
973,0.627788,0.196029,10,3.64667,0.0722023,3.01417
974,0.673054,0.172123,10,3.18,0.067659,2.85996
975,0.574685,0.173491,10,3.41333,0.0733721,3.17699
976,0.688429,0.161696,10,3.17333,0.0664235,2.81868
977,0.664084,0.212368,10,3.69333,0.0674094,2.79799
978,0.667554,0.204933,10,3.94,0.0676076,2.79836
979,0.679496,0.192609,10,3.78667,0.0667762,2.7456
980,0.69958,0.213909,10,3.64,0.0708952,2.62699
981,0.66758,0.173363,10,3.26667,0.0725384,2.63981
982,0.674177,0.110695,10,2.54,0.0685566,3.18312
983,0.684626,0.195445,10,3.62667,0.0722739,3.34062
984,0.557501,0.16331,10,3.06,0.0707554,3.34024
985,0.683921,0.186445,10,3.76667,0.0674735,3.02886
986,0.72637,0.19163,10,3.71333,0.071203,2.95576
987,0.680871,0.184153,10,3.31333,0.0662746,3.03105
988,0.67429,0.128088,10,2.52667,0.0709298,2.9166
989,0.592011,0.123075,9,2.4,0.0700034,3.09377
990,0.710628,0.154742,10,2.90667,0.0671928,2.85964
991,0.722126,0.160648,10,3.33333,0.0683072,2.95942
992,0.647665,0.169364,10,3.56667,0.0674885,2.84477
993,0.678937,0.161214,10,3.56667,0.0826914,3.18093
994,0.660191,0.114323,10,2.54667,0.06803,2.74091
995,0.669728,0.155364,10,3.4,0.0677331,3.25144
996,0.662311,0.150548,10,2.88667,0.0711653,3.19696
997,0.670604,0.152271,10,2.82,0.0684296,3.25477
998,0.582874,0.117364,9,2.34667,0.0678601,3.08549
999,0.722551,0.221347,10,3.78,0.0667809,2.99339
1000,0.684941,0.139295,10,2.83333,0.0927971,3.27639
