1,9.87781,3.05477,5,0.193333,0.0718625,1.01905
2,9.98836,4.11967,3,0.126667,0.0662094,0.9845
3,10.8446,4.83628,6,0.193333,0.0654783,0.729866
4,9.65074,4.68041,3,0.106667,0.0678263,0.74605
5,12.9652,5.14674,4,0.16,0.0665955,0.745173
6,13.4755,5.24132,4,0.0533333,0.0659614,0.825847
7,12.3424,5.25462,3,0.08,0.0667597,0.797585
8,14.3156,5.404,7,0.213333,0.0657808,0.93041
9,13.1753,5.29489,4,0.146667,0.0693053,1.07972
10,14.2075,5.98256,5,0.206667,0.0655528,0.871502
11,13.7533,5.51637,8,0.173333,0.0660272,0.820137
12,14.7914,6.63573,6,0.273333,0.0655826,1.08379
13,13.6621,6.50786,4,0.366667,0.0677919,0.99806
14,13.6413,6.62419,3,0.24,0.0680727,1.10529
15,13.5541,6.41177,9,0.373333,0.0696498,1.11405
16,13.4398,6.24228,5,0.206667,0.0655941,1.12234
17,14.8379,7.30987,5,0.433333,0.0636368,1.15116
18,13.663,7.46965,4,0.42,0.0638286,1.20311
19,15.4453,7.64444,4,0.193333,0.0692147,1.22239
20,16.0753,7.84433,8,0.52,0.0685283,1.45472
21,14.3085,7.6257,5,0.373333,0.0702998,1.4052
22,14.821,7.31344,3,0.353333,0.0708988,1.27297
23,15.3626,7.35135,5,0.366667,0.067449,1.24582
24,14.7891,7.79367,6,0.34,0.0678519,1.35772
25,16.701,7.86869,5,0.546667,0.0690311,1.4798
26,14.6223,7.37006,5,0.433333,0.0730431,1.52145
27,16.7986,7.75602,5,0.226667,0.0651785,1.4045
28,15.9512,8.05061,5,0.34,0.0683288,1.44986
29,16.8546,8.52513,6,0.546667,0.0659711,1.33614
30,15.301,8.77559,5,0.4,0.067601,1.42345
31,16.7903,8.31669,6,0.626667,0.0682097,1.44097
32,17.6672,8.43084,6,0.573333,0.0692757,1.43383
33,16.9428,7.9853,6,0.546667,0.0676509,1.51968
34,16.6528,8.94967,7,0.7,0.0710879,1.74474
35,17.6659,8.75947,7,0.613333,0.0686454,1.58249
36,15.9444,9.00496,7,0.56,0.0760237,1.57478
37,17.1183,8.43747,7,0.56,0.0729921,1.60045
38,15.5525,8.58189,5,0.62,0.0827908,1.71627
39,17.1104,8.82897,7,0.726667,0.071458,1.5339
40,16.2705,9.38272,6,0.973333,0.0783081,1.6477
41,15.6517,8.84814,4,0.46,0.068987,1.54974
42,18.0807,8.8904,6,0.66,0.0679949,1.65446
43,16.7601,9.25413,5,0.78,0.0704069,1.5968
44,15.9595,8.86287,5,0.56,0.0704154,1.62235
45,17.1235,9.35782,6,0.773333,0.0726327,1.5418
46,15.6854,9.22895,5,0.466667,0.0687044,1.58071
47,15.6731,8.21154,5,0.36,0.0680682,1.52085
48,16.9375,9.15541,6,0.64,0.067185,1.33688
49,15.8031,9.17279,6,0.613333,0.0702644,1.69849
50,16.4986,9.17644,7,0.966667,0.0731792,1.71192
51,16.7077,9.44484,6,1.04,0.0712105,1.8417
52,15.6539,9.39655,5,0.553333,0.0677212,1.50897
53,16.9604,9.64072,7,1.05333,0.109506,1.81428
54,16.8306,9.48764,5,0.993333,0.0800669,1.68232
55,16.5073,9.82989,6,1.08,0.0716879,1.66742
56,16.6752,9.68568,7,0.96,0.0733884,1.83379
57,18.4231,9.87183,8,1.24,0.0716727,1.64092
58,16.3126,9.03205,8,0.926667,0.077624,1.78001
59,17.5047,9.75304,8,1.14,0.0917367,2.01403
60,15.4767,9.03544,7,0.966667,0.0689957,1.74435
61,16.6635,10.2705,7,1.50667,0.0736027,1.82094
62,17.0927,9.70075,7,1.58667,0.0771878,1.93841
63,18.0202,9.40626,7,1.36,0.0731928,1.75292
64,16.5365,10.4598,7,1.60667,0.0754985,1.64441
65,16.4801,9.20278,8,1.29333,0.0719464,1.77185
66,17.3032,9.03963,6,1.23333,0.0764055,1.86472
67,16.5925,9.06744,5,0.966667,0.0716944,1.9386
68,16.1253,9.44429,8,1.05333,0.0804525,1.70181
69,15.4499,9.00666,5,0.946667,0.0893306,1.60881
70,16.1547,8.49171,7,1,0.0739014,1.79931
71,18.7648,9.54608,8,1.51333,0.0730804,1.81959
72,16.9773,9.52744,7,1.37333,0.072844,1.87101
73,16.8627,9.85738,5,1.16,0.0697864,1.78494
74,17.3274,9.49089,7,1.09333,0.0736315,1.65903
75,17.1475,9.43763,7,1.42667,0.0778823,1.54623
76,15.8085,8.33858,4,0.5,0.0681148,1.48527
77,15.7799,8.82411,5,0.62,0.0694467,1.49065
78,14.779,8.21759,4,0.326667,0.0701287,1.79315
79,16.6443,8.7961,5,0.526667,0.0678002,1.47319
80,17.34,8.70957,5,0.386667,0.0713086,1.54902
81,15.4887,8.62715,6,0.533333,0.0695999,1.5122
82,16.1118,8.44324,5,0.466667,0.0642988,1.53343
83,16.7031,8.81998,6,0.88,0.0704126,1.51919
84,15.0922,8.40221,4,0.566667,0.0683032,1.38447
85,16.5244,8.74057,4,0.706667,0.0749218,1.47052
86,15.9271,8.5665,6,0.653333,0.0693408,1.36379
87,15.2367,8.56565,3,0.286667,0.0756322,1.29634
88,15.5294,8.05362,4,0.433333,0.0690283,1.26777
89,15.8852,8.77082,5,0.52,0.0702496,1.2291
90,15.6215,8.62287,5,0.48,0.070902,1.14577
91,14.4944,8.58594,7,0.566667,0.0673091,1.32823
92,15.9307,8.30622,5,0.526667,0.0669815,1.12448
93,16.6078,8.439,6,0.553333,0.0646629,1.15704
94,15.6956,8.23407,4,0.673333,0.0670996,1.28405
95,16.1201,8.43846,5,0.573333,0.0665841,1.28576
96,16.884,8.19911,6,0.726667,0.0696551,1.3844
97,15.421,8.31658,5,0.493333,0.0755718,1.50701
98,17.1038,8.79819,6,0.84,0.0772622,1.37412
99,15.6381,8.74771,6,0.486667,0.0699747,1.4252
100,14.7649,8.34714,4,0.366667,0.0694053,1.48124
101,17.0763,7.53481,6,0.72,0.0645131,1.262
102,16.9715,8.52973,7,1.01333,0.0806926,1.95661
103,17.7268,8.20294,6,1,0.0902655,2.1329
104,16.4817,8.59516,6,1.18,0.0712169,2.10792
105,15.1318,8.54178,5,0.873333,0.0699133,2.08359
106,16.6291,7.95063,8,1.08,0.0662794,2.16313
107,16.524,8.27009,6,0.84,0.0710324,2.38088
108,17.131,8.34668,8,0.926667,0.0700652,2.18428
109,16.3394,8.26075,6,0.713333,0.0852124,2.22871
110,17.6441,8.5609,7,1.05333,0.0727628,2.26823
111,17.6621,8.4717,7,1.32667,0.0695186,2.15635
112,18.7165,8.01759,9,1.25333,0.064858,1.76501
113,16.484,8.91403,9,1.18,0.0688214,1.95108
114,19.2259,8.11588,10,1.27333,0.0689981,1.72379
115,18.0457,7.88687,6,0.773333,0.0659803,1.75307
116,17.1417,8.36675,6,0.6,0.0634771,1.84225
117,17.0349,8.8384,8,1.23333,0.0687525,1.89814
118,17.5896,8.98027,8,1.06667,0.0678217,1.97972
119,17.5567,8.96127,8,1.1,0.0655471,2.10225
120,16.1771,8.71269,9,1.22667,0.066321,2.16996
121,16.1597,8.05294,6,1.15333,0.0721526,2.28783
122,15.8815,8.46779,7,1.1,0.0687311,1.99881
123,18.1643,8.37185,7,1.04667,0.0751607,1.91229
124,15.6059,8.84562,7,1.24,0.0676823,1.99901
125,15.5758,8.43296,6,1.17333,0.0667935,1.98034
126,15.483,8.68924,7,1.01333,0.0684206,1.95357
127,17.8352,9.14247,6,1.18,0.0691014,1.98337
128,18.3437,8.8275,8,1.32667,0.0662035,1.82926
129,18.5703,9.40964,9,1.35333,0.0714591,1.85715
130,14.1682,8.62471,6,0.886667,0.0691555,1.9924
131,15.7572,8.60024,5,0.826667,0.0849311,2.01011
132,17.7506,8.88162,7,1.20667,0.081006,1.91062
133,15.6122,9.02524,6,1.08,0.071725,1.95303
134,15.8584,8.87805,6,1.06667,0.0681452,1.90866
135,17.3309,8.85038,9,1.00667,0.0681696,1.89064
136,16.1512,9.08005,8,1.13333,0.0718601,1.9403
137,17.1839,9.03314,7,1.08667,0.0657584,1.77681
138,17.4537,8.375,8,0.76,0.0682687,1.80993
139,16.9451,8.8816,8,0.993333,0.0699496,1.98341
140,16.0116,8.74212,7,0.926667,0.0683432,1.73105
141,17.9203,8.68813,7,0.96,0.0698062,1.60628
142,18.07,8.38547,8,0.74,0.0672786,1.58834
143,15.9593,8.54269,6,0.82,0.0667521,1.71967
144,17.93,8.77417,6,0.773333,0.0680583,1.86962
145,13.6684,8.19675,5,1.68667,0.0692103,2.10169
146,17.1674,9.5366,8,2.2,0.0698897,1.70348
147,16.6974,6.68798,7,1.24667,0.0714133,2.09663
148,13.811,6.5721,4,0.78,0.0667187,1.68002
149,14.4534,7.07767,8,0.773333,0.0697628,1.66965
150,13.5468,7.05659,6,0.686667,0.0690525,1.33898
151,15.2756,8.61252,4,0.78,0.0672569,1.25399
152,14.3773,7.13517,4,0.313333,0.0663348,1.24453
153,15.1999,7.52414,4,0.54,0.0667869,1.13834
154,14.693,7.51462,4,0.613333,0.0684103,1.17659
155,14.8656,7.65448,5,0.593333,0.0654245,1.06252
156,14.1281,7.89454,5,0.46,0.0657538,1.19421
157,14.8559,7.3741,4,0.44,0.0665701,0.990768
158,15.8844,7.97657,5,0.48,0.0638583,1.10801
159,14.6568,8.20217,4,0.28,0.0637358,1.22373
160,14.6455,8.78366,4,0.793333,0.0634605,1.31133
161,13.3357,8.08995,4,0.44,0.0656951,1.35925
162,15.4169,8.55615,4,0.786667,0.0778418,1.44986
163,14.4415,7.80344,4,0.553333,0.0669659,1.46651
164,13.295,8.14481,4,0.273333,0.0643863,1.4276
165,14.5926,8.42069,3,0.426667,0.065717,1.37982
166,13.7955,8.30469,5,0.413333,0.0682675,1.52674
167,15.5133,8.66771,5,0.893333,0.0666493,1.54308
168,13.4565,8.38771,3,0.246667,0.0651065,1.26495
169,14.8218,8.64674,6,0.52,0.0692734,1.56976
170,15.0924,8.93622,9,0.666667,0.0633986,1.5884
171,14.5159,9.24817,3,0.32,0.0628841,1.5563
172,15.3554,8.75076,7,0.806667,0.0663317,1.76626
173,15.3827,9.47537,4,0.786667,0.0650221,1.54918
174,15.2018,8.80576,5,0.82,0.0737178,1.66282
175,14.468,9.53938,5,1.2,0.0680562,1.71093
176,13.8535,8.32687,7,1.38,0.0685918,1.96342
177,14.8914,9.45046,6,1.16,0.0695388,2.17938
178,15.8505,9.16372,6,1.40667,0.0707704,2.10248
179,16.4238,8.95617,6,1.49333,0.0654154,1.98363
180,16.2384,8.82983,7,1.3,0.0681399,2.22825
181,14.5674,8.53457,4,1.38667,0.0707117,2.3816
182,15.5894,9.27853,6,1.88,0.0687524,2.05746
183,13.7621,8.24794,4,1.22,0.0701349,2.22016
184,15.6401,9.34441,4,0.753333,0.0689369,2.25169
185,16.9835,9.43975,7,2.08667,0.0707235,2.15018
186,16.3264,10.1401,7,1.94,0.073196,2.21784
187,13.762,8.75552,4,1.11333,0.0694138,2.29958
188,16.4998,9.45468,8,1.2,0.0724344,2.17009
189,13.5537,8.3551,4,0.826667,0.0662352,1.9912
190,12.9075,8.00998,4,0.826667,0.0707024,2.21044
191,17.0597,10.0246,7,1.42667,0.0744311,2.44132
192,13.1029,8.00911,4,0.846667,0.0716406,2.13748
193,16.2218,8.68063,5,1.22667,0.0667672,2.09896
194,16.2505,9.20139,6,1.04667,0.069156,2.36597
195,16.5125,9.70167,5,1.38667,0.0831539,2.50088
196,14.4658,9.02824,4,1.14,0.0679144,2.03815
197,16.906,9.96591,6,1.5,0.0654802,2.09411
198,15.8572,9.29827,6,1.59333,0.0659147,1.90895
199,14.5096,8.86141,4,0.406667,0.0696496,2.1024
200,17.2547,9.63851,8,1.96667,0.0663804,1.7174
201,17.6909,10.8952,7,2.30667,0.0732556,2.11913
202,16.1839,9.69658,5,0.98,0.0701267,2.22681
203,16.4821,9.74304,6,1.94667,0.067193,2.09092
204,15.7584,9.7264,6,0.913333,0.0697362,2.68933
205,15.9459,9.32224,6,1.42667,0.0673131,2.68678
206,15.6703,8.31926,5,1,0.0675096,2.91505
207,16.2542,8.14072,8,1.13333,0.0682889,2.07126
208,17.143,8.38115,6,0.913333,0.0680682,2.33636
209,16.8589,8.67733,5,1.00667,0.0705463,2.06555
210,18.1253,8.90088,8,1,0.0656405,2.2417
211,19.0855,8.96639,9,1.62,0.0728405,2.34318
212,19.1752,10.3302,9,1.80667,0.0708443,2.21038
213,16.7771,8.53549,6,1.12667,0.0711786,2.4663
214,17.9688,8.7836,7,1.08667,0.0693427,2.29991
215,18.1546,9.44988,8,2.13333,0.0694694,2.28574
216,15.2791,8.8854,5,1.00667,0.0643405,1.96318
217,15.7056,9.02353,8,1.54,0.0688356,2.27395
218,18.5419,9.58546,7,1.11333,0.0675353,2.20825
219,17.8698,9.56837,8,1.41333,0.0701157,2.68896
220,17.083,9.8176,7,1.8,0.0694374,2.33328
221,18.2082,10.5746,7,2.22667,0.0698065,2.16884
222,17.5477,9.81269,7,1.52,0.0701341,2.42767
223,17.3264,9.78426,7,1.88667,0.0704992,2.21277
224,17.4604,9.69686,8,1.57333,0.0716431,2.33576
225,16.9766,9.53703,7,1.54,0.0692538,2.22963
226,16.8898,8.89227,6,1.3,0.0712367,2.15643
227,17.7696,9.15228,6,1.24,0.0698779,2.32355
228,17.1022,9.06307,6,1.03333,0.066976,2.16562
229,15.9902,8.4371,5,0.7,0.0637153,2.06225
230,18.0794,9.33617,9,0.953333,0.0753748,2.45793
231,16.9201,8.76426,9,1.28667,0.0742544,2.47459
232,18.0687,9.55316,8,1.66667,0.0681891,2.09679
233,14.1584,8.52175,4,0.753333,0.0673992,2.17605
234,17.4029,9.33107,6,1.37333,0.0711228,2.13774
235,16.0726,8.12395,8,1.86667,0.0685954,2.29068
236,17.9871,8.28468,9,2.09333,0.0713494,2.36665
237,18.2374,7.75534,10,1.44,0.0789105,2.33869
238,19.483,7.73779,10,1.24667,0.0712448,2.39392
239,17.2747,7.88914,8,1.17333,0.069124,2.47364
240,17.4259,8.55922,7,1.39333,0.0632466,2.47755
241,16.8386,7.65546,5,0.953333,0.066852,2.14551
242,18.3771,7.70161,9,1.27333,0.0714626,2.30495
243,17.1251,8.1118,6,1,0.0683448,2.18294
244,18.7495,8.28793,9,1.34,0.0709266,2.37173
245,17.4869,8.27384,7,1.14667,0.073797,2.47391
246,17.666,8.31238,9,1.12,0.0710021,2.26966
247,18.4933,7.70082,8,1.18,0.0704301,2.24162
248,17.954,7.36537,7,0.84,0.0707033,2.35552
249,18.902,8.80964,8,1.51333,0.0716389,2.0925
250,18.9716,8.61889,8,1.64,0.0720492,2.42751
251,16.7265,8.36796,7,1.31333,0.0619846,2.03488
252,15.8879,8.01379,6,0.686667,0.063555,2.30522
253,14.9888,7.63057,4,0.82,0.0644246,2.26137
254,17.1328,7.83308,7,1.18667,0.0654752,2.13562
255,15.9408,7.72485,7,0.806667,0.0638026,2.25491
256,16.6194,7.66505,5,0.633333,0.0619691,2.07057
257,16.2452,8.29061,9,0.866667,0.0649381,2.11263
258,17.731,7.77989,10,0.86,0.0638005,2.28335
259,17.7019,8.60262,9,1.08,0.0683703,2.35727
260,16.0569,7.99267,10,0.7,0.0638555,2.28532
261,16.0076,8.4805,8,0.86,0.0626719,2.12315
262,17.0204,8.14853,9,0.866667,0.0651997,1.96942
263,16.1122,8.07622,9,0.786667,0.0632862,2.08892
264,17.4429,8.46687,7,0.96,0.06276,1.91018
265,16.5163,7.99142,9,0.573333,0.0641961,2.25012
266,18.9568,8.02685,9,0.986667,0.0617586,1.96802
267,17.7896,8.80438,10,1.65333,0.0670158,2.07746
268,18.372,7.95982,9,1.16,0.0632557,2.01604
269,18.8047,8.34951,9,2.37333,0.0654653,1.93327
270,17.9822,7.82132,7,1.09333,0.06357,2.07985
271,18.5744,7.31702,10,1.58667,0.0630287,1.82944
272,15.7569,7.26564,5,0.806667,0.0643308,1.77714
273,16.7162,6.45533,6,0.766667,0.0637217,2.07089
274,15.2765,7.19218,6,0.966667,0.0653669,1.99971
275,17.0572,7.61488,7,1.02,0.0639345,1.96907
276,17.6923,7.78507,9,1.28667,0.0655294,2.29672
277,18.4964,8.1701,9,1.29333,0.0695514,2.31995
278,17.3973,8.04652,8,1.13333,0.0689564,2.28368
279,16.8094,7.4872,6,0.84,0.0675923,2.2505
280,17.9177,8.50141,9,1.18667,0.0681411,2.40207
281,19.0715,7.68621,9,1.14,0.0680391,2.36827
282,17.6115,8.33985,8,0.953333,0.0678498,2.05168
283,16.61,8.33137,4,0.666667,0.0638538,2.24349
284,16.8629,8.31956,7,1.13333,0.0649686,1.9717
285,17.7494,8.7264,8,0.953333,0.0677789,2.25326
286,15.9,7.85399,6,0.673333,0.0610728,1.94734
287,19.4847,8.26945,10,1.28667,0.0698416,1.88752
288,17.0268,8.12486,7,0.973333,0.0641477,2.05338
289,17.5511,8.73559,8,1.34667,0.0678131,2.15942
290,17.7388,8.7843,7,1.28667,0.0630371,2.14189
291,17.1012,8.93248,7,1.22,0.0689247,2.20157
292,18.166,8.76627,9,1.46,0.0667929,1.9527
293,17.683,8.96285,7,1.12667,0.0686538,1.8053
294,18.6156,8.69306,7,1.15333,0.106792,1.95553
295,19.2772,9.28336,9,1.52667,0.0676291,2.06561
296,17.4305,8.79372,8,1.37333,0.0834887,2.20211
297,18.5136,9.23605,8,1.52667,0.0704968,2.33591
298,18.6661,9.73155,9,1.80667,0.0661383,1.97763
299,17.3215,9.20982,7,1.48,0.0668977,2.2161
300,19.1222,9.61694,9,1.98667,0.0720508,2.03132
301,17.3051,8.72815,7,1.52667,0.0670298,1.91103
302,16.3482,8.63007,6,1.08667,0.0641273,1.92558
303,17.3928,9.10716,6,1.15333,0.067635,2.05237
304,16.5241,8.93609,7,1.22667,0.0675546,2.27843
305,17.1739,8.34338,7,1.3,0.0637691,2.12122
306,16.9851,8.36368,7,1.13333,0.0632465,2.15946
307,16.5141,8.66494,6,1.2,0.0668493,2.19363
308,18.0216,8.64979,9,1.50667,0.0675547,2.16537
309,16.1501,8.84042,7,1.17333,0.0653417,2.28435
310,19.4819,8.95652,10,1.78,0.0699214,2.12046
311,17.6845,9.22706,7,1.39333,0.0644577,2.0809
312,17.5316,8.31267,6,0.833333,0.0637827,1.97598
313,16.0556,8.05462,6,0.92,0.064622,1.93147
314,16.0565,7.97196,6,0.82,0.0641855,2.12035
315,17.1946,8.70551,6,0.993333,0.0640534,1.99419
316,17.1933,8.38412,6,1.08,0.0665967,2.0166
317,17.8204,8.26376,7,1.17333,0.0695181,1.9565
318,18.8909,9.34623,8,2.02,0.0657958,2.03435
319,18.3119,8.4261,9,1.72,0.0614415,2.34988
320,17.2955,7.90256,8,1.18,0.0654822,2.02079
321,17.3549,7.08966,8,1.04667,0.0670602,2.00059
322,18.1056,7.47464,9,0.98,0.0621102,1.94561
323,16.8858,7.67672,8,1.07333,0.0678661,2.11121
324,16.7744,8.2919,7,0.966667,0.0626703,1.9868
325,18.197,8.86389,10,1.59333,0.0760189,1.93494
326,18.1583,8.43834,8,0.966667,0.0640703,1.90967
327,17.9532,8.91072,10,1.58,0.0653604,1.93738
328,18.5225,8.38352,8,1.44667,0.0621332,1.64843
329,18.1411,8.23739,7,1.23333,0.0650214,1.85407
330,16.8337,7.90329,6,0.9,0.0653823,2.11969
331,18.3834,8.71058,7,1.20667,0.0639686,2.04247
332,18.4406,9.26196,9,1.1,0.0661579,2.19925
333,19.4833,8.94053,10,1.5,0.065386,2.15894
334,19.1388,9.77197,10,1.78667,0.0647372,2.11524
335,18.2107,8.82867,8,1.32667,0.0637134,2.06404
336,18.1203,8.98235,8,1.21333,0.0657296,2.25065
337,18.9723,9.52387,9,1.40667,0.068926,2.22002
338,19.4834,9.17998,10,1.82667,0.0657098,2.00332
339,17.5221,8.5052,8,1.10667,0.0647009,2.09094
340,19.1567,8.94225,9,1.44,0.0661794,2.07478
341,18.434,9.55789,7,1.42,0.0635932,2.21263
342,18.0149,8.97288,9,1.21333,0.0652975,2.20914
343,18.0865,8.7907,7,1.12,0.134803,2.09264
344,17.8273,8.71235,10,1.28667,0.0641977,2.15938
345,19.1578,9.35727,10,1.77333,0.0645784,2.11853
346,19.4842,9.16171,10,1.46667,0.0662145,2.21475
347,18.1469,9.36934,9,1.18667,0.0668088,2.02377
348,18.9292,9.64559,9,1.73333,0.0646635,2.61387
349,18.4191,9.37252,8,1.48,0.0622348,2.40992
350,19.2084,10.4629,10,1.94,0.0659302,2.6197
351,19.4861,8.14465,10,1.59333,0.0725918,3.01133
352,19.4833,8.48429,10,1.6,0.0698446,2.64522
353,19.4845,8.97626,10,1.49333,0.0701046,2.8494
354,19.4842,9.11848,10,1.82,0.0694775,2.83832
355,18.8043,9.57226,9,1.44,0.0645437,2.8859
356,19.4849,9.44459,10,1.9,0.0699317,2.69391
357,19.3273,9.32217,9,1.45333,0.0670086,2.32629
358,19.4852,10.034,10,1.97333,0.0684235,2.52893
359,19.486,10.1559,10,2.18667,0.0714544,2.54383
360,18.8547,9.15963,9,1.62,0.0674201,2.43819
361,19.4832,9.79775,10,2.05333,0.0730295,2.63218
362,19.485,10.2958,10,2.18,0.0680599,2.54811
363,19.4817,9.58838,10,2.18667,0.0680192,2.22729
364,19.483,10.5715,10,1.9,0.066706,2.5067
365,19.0217,10.1376,9,2.07333,0.0652815,2.29599
366,19.4836,10.0204,10,2.03333,0.0723176,2.57096
367,18.3724,9.30569,8,1.56,0.0675404,2.32087
368,18.6152,9.75121,9,1.81333,0.0666797,2.39571
369,19.0551,10.6686,10,2.18667,0.0710006,2.35073
370,18.9361,10.1074,9,1.8,0.0681734,2.55381
371,19.4815,10.2515,10,1.94667,0.0691932,2.25434
372,18.9705,10.1337,9,2.20667,0.0700194,2.39297
373,18.4649,9.89127,9,1.84,0.0675348,2.36727
374,18.0218,9.77338,7,1.54,0.0681168,2.33294
375,18.2099,10.1618,9,2.08667,0.0665883,2.20141
376,18.7922,10.5312,9,2.35333,0.0717416,2.09123
377,18.7958,9.96268,9,1.94667,0.0645974,1.94914
378,19.3861,9.96755,9,1.89333,0.0648237,2.19449
379,18.8351,10.4683,9,2.08,0.065656,2.08083
380,19.4844,10.676,10,2.51333,0.0683086,2.13156
381,19.4835,10.4861,10,1.92667,0.0642596,2.0977
382,19.2186,10.5191,9,3.08,0.168177,2.40774
383,18.8387,10.0533,9,3.04,0.249926,2.34435
384,17.5278,9.74394,9,2.56667,0.0693748,2.11417
385,17.1938,9.58675,9,1.95333,0.0705226,2.40528
386,18.7375,9.19717,9,2.02667,0.0658307,2.44155
387,17.8141,9.30533,10,2.13333,0.0702755,2.3506
388,18.2527,9.63807,8,1.76,0.127403,2.42986
389,18.6016,10.2227,9,2.14667,0.0837624,2.36499
390,18.5104,10.5317,10,2.36,0.0966277,2.2608
391,17.6739,9.66937,8,1.98,0.0715294,2.39682
392,19.2821,10.0807,9,2.26,0.0659674,2.11446
393,19.4854,10.3441,10,2.47333,0.0687037,2.54677
394,19.187,10.4334,9,2.28,0.0678572,2.41959
395,18.6175,10.3167,9,2.33333,0.0687415,2.51587
396,19.3722,11.2742,9,2.90667,0.0693445,2.4555
397,19.4843,10.7232,10,2.48667,0.0674674,2.4289
398,19.485,10.7824,10,2.88667,0.0681073,2.41718
399,19.4858,10.8898,10,2.94667,0.0650943,2.28159
400,19.4855,10.4754,10,2.38,0.0654823,2.15422
401,18.9383,10.4464,9,1.91333,0.0677889,2.48712
402,18.2582,10.7733,8,1.98667,0.0684267,2.41793
403,17.97,10.3438,7,1.78,0.0673946,2.44519
404,18.4248,9.71155,8,1.76,0.0654809,2.61716
405,19.4842,10.5491,10,2.4,0.066587,2.41252
406,18.3435,11.3442,8,2.17333,0.0689727,2.6208
407,19.4841,11.2468,10,2.40667,0.0716169,2.59245
408,18.7967,9.88684,8,1.51333,0.0657267,2.45938
409,19.4835,10.9453,10,2.24,0.0659137,2.35486
410,19.485,10.2638,10,1.86,0.0660945,2.39034
411,17.9866,11.1309,9,1.92667,0.0645221,2.53715
412,19.1944,10.7317,9,2.40667,0.0648905,2.04974
413,18.5124,9.95646,9,2.06667,0.068086,2.22923
414,18.2675,9.95371,9,1.54667,0.0676047,2.39626
415,18.1393,9.36271,9,1.32667,0.0627134,2.12157
416,18.8951,9.45691,9,1.58,0.0669123,2.46679
417,19.1459,10.2644,9,1.58,0.0649609,2.4304
418,18.7793,9.87876,9,1.62,0.0673343,2.38271
419,18.4094,10.0661,8,1.56,0.0655626,2.543
420,17.6941,9.85627,7,1.46,0.0677816,2.31058
421,18.9353,9.98549,9,1.71333,0.0659563,2.32431
422,19.2911,9.91764,9,1.83333,0.0662541,2.279
423,19.4849,10.3704,10,1.77333,0.0611611,2.14245
424,19.4846,9.51556,10,1.46667,0.067761,2.30799
425,19.4835,9.48783,10,1.78,0.0710869,2.17159
426,19.4839,10.155,10,2.16,0.0714675,2.42332
427,19.4857,10.6112,10,2.36,0.0684184,2.35425
428,19.4852,9.9279,10,2.28,0.0719149,2.41368
429,19.4849,9.44982,10,1.67333,0.0712966,2.31306
430,19.4852,10.7235,10,2.59333,0.0725316,2.25988
431,19.483,10.6003,10,2.53333,0.0689631,2.05576
432,19.483,10.5755,10,2.54,0.073986,2.23773
433,19.4847,10.3786,10,2.88,0.0714576,1.97632
434,18.7839,10.5153,9,2.26,0.0657901,1.79714
435,19.4847,10.7463,10,2.75333,0.0694814,1.71723
436,19.4849,10.3832,10,2.43333,0.0686376,2.05014
437,19.4549,10.8431,9,2.20667,0.0685103,2.23641
438,19.4867,10.7301,10,2.96,0.0684498,2.05606
439,19.4854,11.1144,10,3.04667,0.0758931,2.09876
440,19.4862,10.6884,10,2.54667,0.0713766,2.28562
441,19.3224,10.678,9,2.37333,0.070283,2.32203
442,19.4856,10.5076,10,2.82667,0.0698425,2.41603
443,19.4852,10.2199,10,2.62,0.069077,2.31223
444,19.4834,10.3297,10,2.36667,0.0664992,2.14984
445,19.4857,10.8162,10,2.68667,0.0710441,2.0604
446,19.4844,10.6375,10,2.70667,0.0706227,2.04761
447,19.4856,10.5018,10,2.64667,0.0716294,2.27112
448,19.482,10.7376,10,2.54,0.0680975,2.17452
449,19.485,11.2538,10,3.13333,0.0716609,2.21266
450,19.4833,10.8463,10,2.62667,0.0720504,2.29878
451,19.4824,10.6344,10,2.12,0.0649917,2.16415
452,19.4814,10.3601,10,2.18,0.0657139,2.34604
453,18.6351,10.3283,9,2.4,0.0646827,2.20143
454,19.4841,10.2002,10,2.30667,0.0669536,1.95412
455,19.4828,11.1946,10,2.26667,0.0632799,2.15648
456,19.4667,10.3951,10,2.18,0.144502,2.3699
457,18.8559,10.0681,9,1.98667,0.0672393,2.28298
458,19.4835,11.025,10,2.72,0.0687748,2.116
459,18.7957,10.4897,9,1.90667,0.0614751,2.09231
460,19.4819,10.2194,10,1.95333,0.0685761,2.32094
461,19.4839,10.4459,10,2.12667,0.0679231,2.43885
462,19.4842,10.2236,10,2.19333,0.0671621,2.28386
463,19.1367,9.77306,9,2.02667,0.0724507,2.71271
464,19.2209,9.84197,9,1.85333,0.0637959,2.06169
465,19.2852,10.0793,9,1.64667,0.0651967,2.1853
466,19.484,9.35551,10,1.78,0.0692131,2.29808
467,19.4836,10.1807,10,2.28667,0.065796,2.08706
468,19.1576,9.8172,9,2.26,0.068554,2.50841
469,17.5652,9.36839,7,1.15333,0.0670333,2.4341
470,19.2803,9.35796,9,1.4,0.0651248,2.13803
471,18.8227,9.72371,8,1.70667,0.0634996,2.33872
472,18.1012,8.88916,8,1.31333,0.0634448,2.35057
473,19.4837,9.22786,10,1.71333,0.0627229,2.27691
474,18.9824,9.0225,9,1.2,0.0676053,2.58804
475,19.3234,9.63718,9,1.47333,0.0658565,2.49861
476,17.693,9.31026,7,1.39333,0.0662839,2.29073
477,18.3819,10.1698,7,1.36667,0.0655907,2.14036
478,19.2652,10.3209,10,1.98,0.0660913,2.28191
479,19.4823,9.76055,10,1.49333,0.0637341,2.20389
480,18.6085,9.01942,6,1.21333,0.0673043,2.40424
481,19.4826,9.46905,10,1.61333,0.0673337,2.13907
482,18.8883,9.35728,8,1.28667,0.0662205,2.27378
483,18.3414,9.15614,8,1.22667,0.0651835,2.24283
484,18.8887,9.81623,9,1.57333,0.0676281,2.41848
485,18.7318,9.69748,9,1.38667,0.0644369,2.44873
486,18.8334,9.12031,9,1.20667,0.0638736,1.92078
487,19.4834,9.45076,10,1.34667,0.0671461,2.12476
488,18.6848,9.69422,8,1.10667,0.0657958,2.32144
489,18.888,9.09905,9,1.07333,0.0662034,1.97452
490,17.7397,9.4372,7,1.12667,0.0667086,2.24928
491,19.4827,10.3116,10,1.88,0.0717078,2.44873
492,19.4849,10.0787,10,1.60667,0.0670603,2.37077
493,19.4819,9.99944,10,1.66,0.0663343,2.09151
494,18.8714,10.0119,9,1.46667,0.0658469,2.17267
495,17.0016,9.73319,6,1.02,0.0616999,2.19488
496,18.7793,10.0953,9,1.46667,0.0666449,2.2395
497,18.2371,9.94305,8,1.14667,0.063857,2.23884
498,19.3377,10.1178,9,1.63333,0.0668188,2.27595
499,19.1991,10.1026,9,2.22,0.0680578,2.11622
500,18.9042,10.1327,9,2.02,0.0682285,2.53917
