1,9.63511,2.84379,10,0.2,0.0738719,1.20635
2,12.7959,4.57971,6,0.193333,0.0706167,1.01205
3,12.1634,6.18599,8,0.193333,0.0663645,0.654388
4,10.6237,6.33199,4,0.133333,0.0676537,0.816681
5,10.7645,6.29298,5,0.16,0.0658483,0.752591
6,11.0215,6.58614,3,0.14,0.0661519,0.789616
7,10.88,7.47532,4,0.0866667,0.0659971,0.474784
8,11.5028,7.05282,4,0.14,0.066454,0.506036
9,12.0662,8.66343,4,0.08,0.0708836,0.373651
10,11.2537,6.95566,6,0.126667,0.0670406,0.463844
11,11.2701,8.08,5,0.113333,0.0696003,0.403275
12,11.1555,7.48381,11,0.166667,0.0677088,0.485717
13,12.1712,7.59693,5,0.153333,0.0686583,0.510289
14,12.2023,8.06976,4,0.133333,0.0706396,0.526259
15,12.9975,8.57348,5,0.2,0.071673,0.556532
16,11.2897,7.5861,5,0.193333,0.0677921,0.592091
17,12.058,8.04203,7,0.273333,0.0706402,0.563571
18,11.5172,7.69501,4,0.133333,0.066895,0.548124
19,12.4624,7.5363,5,0.306667,0.0668783,0.712848
20,11.7232,8.00525,7,0.286667,0.0676864,0.526907
21,11.7304,7.40307,4,0.18,0.0653223,0.594447
22,13.0039,7.4479,7,0.246667,0.0671244,0.613693
23,12.9628,7.91444,10,0.42,0.067996,0.614254
24,12.1695,7.81967,5,0.133333,0.0675047,0.535065
25,12.0243,7.71672,8,0.153333,0.0662112,0.501308
26,12.3208,8.33217,5,0.22,0.0688535,0.564204
27,13.8184,8.33659,4,0.246667,0.0692683,0.665512
28,13.2088,7.75338,5,0.266667,0.0687111,0.760785
29,13.1919,7.65876,6,0.533333,0.0648822,0.747152
30,15.3571,8.70736,8,0.64,0.0658038,0.610491
31,12.5559,7.59656,5,0.266667,0.0648962,0.711214
32,16.8464,9.07369,6,0.36,0.0687075,0.605655
33,15.1086,8.91221,7,0.52,0.0682317,0.729291
34,14.185,8.08108,7,0.586667,0.0652512,0.545555
35,15.4009,9.06186,8,0.526667,0.0692834,0.613237
36,13.5101,8.77799,6,0.393333,0.0691415,0.670053
37,14.6272,8.63792,10,0.573333,0.0668,0.604643
38,12.2274,7.38678,6,0.393333,0.0656221,0.74938
39,15.3916,9.26235,10,0.306667,0.07027,0.643872
40,12.1957,8.13697,5,0.38,0.0670656,0.653927
41,16.9715,8.39868,8,0.706667,0.0688786,0.79232
42,12.0348,8.09452,4,0.273333,0.0653846,0.550043
43,13.1226,8.45557,5,0.353333,0.0683933,0.712529
44,12.6932,8.01096,4,0.22,0.0654533,0.633466
45,15.2411,8.93416,8,0.626667,0.0681002,0.705476
46,12.0711,8.07181,5,0.313333,0.0673978,0.626416
47,14.3829,9.21516,7,0.373333,0.0694124,0.61415
48,13.7786,8.43475,6,0.44,0.0677102,0.695398
49,12.9196,8.37026,5,0.326667,0.0679423,0.740862
50,13.9958,8.04652,6,0.493333,0.0659518,0.720282
51,17.1704,8.96557,10,0.746667,0.0670688,0.768798
52,15.0106,8.63115,7,0.833333,0.0657195,0.751821
53,17.5364,9.36938,7,0.8,0.0688603,0.787861
54,13.9746,9.09501,6,0.6,0.0678948,0.614293
55,13.6728,8.88508,5,0.66,0.0695417,0.666338
56,14.1858,8.86682,7,0.42,0.0691038,0.727527
57,13.8994,8.53282,7,0.253333,0.0683266,0.757988
58,13.865,9.04864,4,0.566667,0.0665636,0.620241
59,13.4758,8.56052,9,0.466667,0.0666296,0.7641
60,14.9357,9.35253,11,0.826667,0.0690933,0.754979
61,11.7476,8.20357,4,0.233333,0.0678371,0.667142
62,13.7852,9.22338,4,0.373333,0.0696598,0.657447
63,13.9566,8.16103,5,0.613333,0.0651823,0.749749
64,12.5311,8.3645,5,0.32,0.0648582,0.632447
65,14.3033,8.57321,5,0.946667,0.0663956,0.763462
66,17.7401,9.79942,10,1.38667,0.0690281,0.830921
67,13.4256,8.94586,5,0.693333,0.0696269,0.815584
68,14.7115,9.28718,6,0.9,0.0673501,0.846698
69,12.9303,8.4074,5,0.486667,0.0655838,0.854177
70,14.1871,8.84816,6,0.666667,0.0670393,0.649434
71,13.6428,9.1055,8,0.766667,0.0686808,0.80358
72,14.2669,8.99298,7,0.453333,0.0704933,0.788277
73,12.7516,8.34734,4,0.413333,0.065575,0.712845
74,15.2232,9.55868,7,0.973333,0.0659911,0.711202
75,13.7651,8.90299,6,0.986667,0.0678024,0.752312
76,14.6057,8.90829,7,0.6,0.0673108,0.750077
77,13.3845,8.96786,5,0.893333,0.0657552,0.763344
78,15.2317,8.72489,6,0.826667,0.0665887,0.684581
79,15.7976,9.32049,7,0.993333,0.068576,0.710034
80,13.7604,8.53756,5,0.773333,0.0690878,0.818039
81,12.472,8.15731,5,0.513333,0.0656681,0.663814
82,12.3376,8.39497,4,0.333333,0.0676109,0.665964
83,12.8122,8.25862,5,0.466667,0.0657841,0.654091
84,15.7961,8.8228,7,0.96,0.0661164,0.694638
85,15.4081,8.99673,7,0.806667,0.0690162,0.821217
86,16.1723,9.7372,7,1.36,0.0675807,0.697593
87,15.2695,9.77053,8,1.77333,0.068441,0.831067
88,13.3237,8.85024,5,0.413333,0.0683839,0.762146
89,12.2081,7.85203,4,0.486667,0.0665354,0.739056
90,12.7557,8.29807,8,0.813333,0.0654101,0.665356
91,14.4349,8.22948,7,0.473333,0.06554,0.735442
92,15.2181,9.12842,6,0.513333,0.0671671,0.557708
93,16.8464,9.98781,8,1.42,0.0707202,0.733599
94,14.0407,9.30337,6,0.466667,0.0686717,0.717559
95,12.1038,8.38552,4,0.36,0.0682582,0.801628
96,14.0854,8.55186,6,0.626667,0.0670572,0.790016
97,15.3754,8.7772,7,1.77333,0.0688673,0.933506
98,16.3451,10.4119,7,1.84,0.0703305,0.898013
99,12.3789,8.09101,4,0.62,0.0693491,0.985632
100,16.0928,9.18396,7,0.633333,0.0686332,0.68407
101,14.878,9.74,5,1.11333,0.0694586,0.606944
102,14.4421,9.60293,7,1.17333,0.0685464,0.715037
103,13.5861,8.96175,4,0.86,0.0688275,0.685487
104,14.1613,9.40718,6,0.946667,0.0660758,0.649008
105,14.6868,8.73978,6,1.21333,0.0694204,0.859933
106,14.4089,9.15498,5,0.853333,0.0689271,0.832088
107,11.1779,7.77718,5,0.646667,0.064608,0.840198
108,13.5083,8.76845,5,0.62,0.0671261,0.760651
109,14.307,9.37207,11,1.12667,0.0685589,0.912932
110,15.244,8.84958,7,1.34,0.0677733,0.992096
111,11.8946,8.0282,5,0.746667,0.0682081,0.865191
112,14.0924,9.19287,7,0.913333,0.068221,0.680326
113,16.5049,10.1709,9,2.13333,0.0685359,0.894601
114,15.7991,10.7432,8,2.1,0.0696517,0.728427
115,14.2523,9.5659,8,1.97333,0.0681346,0.83174
116,12.8116,9.08547,8,0.846667,0.0671752,0.715304
117,15.3865,10.1372,6,1.47333,0.0678483,0.739417
118,14.2096,9.00003,6,1.03333,0.0681293,0.746857
119,13.3921,8.94264,5,0.646667,0.0685547,0.993882
120,14.6167,9.84194,6,0.886667,0.0655162,0.705803
121,12.0581,8.17707,4,0.593333,0.0666606,0.695931
122,13.0795,9.14847,3,0.346667,0.068766,0.63314
123,13.8648,9.37549,5,0.72,0.0661793,0.709833
124,12.5428,8.64249,5,0.373333,0.0672068,0.715756
125,15.0454,10.0052,7,1.32,0.0692988,0.791492
126,14.2269,9.98837,5,0.88,0.0726916,0.798017
127,15.2212,9.65755,4,0.626667,0.0700804,0.824671
128,14.3229,9.10553,8,0.946667,0.0688347,0.802017
129,15.8187,9.86149,5,1.18,0.0746339,1.1318
130,13.4348,8.22854,4,0.786667,0.0671437,1.2913
131,16.3321,10.2657,7,1.58667,0.0677739,0.996284
132,14.9613,9.85223,6,1.58,0.0686057,0.934495
133,12.825,7.86455,10,0.893333,0.0685429,0.941201
134,13.954,8.70327,7,1.20667,0.0687745,1.02091
135,12.5928,7.7627,5,0.84,0.0647104,0.916336
136,15.3588,9.83439,7,1.46667,0.0718898,0.93956
137,13.1716,8.97471,6,1.02,0.0675742,0.721154
138,12.4028,8.51493,5,0.28,0.0677313,0.68781
139,12.5689,9.10144,6,0.813333,0.0675637,0.781871
140,14.5364,9.37513,5,0.726667,0.0670574,0.699642
141,13.4531,9.36097,6,1.15333,0.0674993,0.720547
142,14.2678,8.68069,5,0.96,0.0674382,0.874705
143,16.7341,9.42157,8,1.41333,0.0663971,0.822379
144,11.9567,7.74017,7,0.62,0.0659298,0.86346
145,11.2574,8.16298,3,0.293333,0.0695101,0.92765
146,15.3182,10.0016,7,1.02,0.0681354,0.72926
147,14.5164,9.13339,5,0.82,0.0674246,0.825781
148,14.3735,9.49467,7,0.82,0.0688949,0.747956
149,10.9793,8.14911,3,0.4,0.0676897,0.6235
150,13.9614,9.26708,5,0.793333,0.0689256,0.741918
151,14.777,8.86654,5,0.933333,0.0665202,0.817678
152,15.4957,9.94802,8,1.47333,0.0685833,0.869229
153,15.4449,9.42264,7,1.67333,0.0666797,0.943472
154,15.8775,10.1079,7,1.23333,0.069425,0.887676
155,12.5078,8.54043,8,0.84,0.0668142,0.722222
156,13.5308,9.18286,5,0.826667,0.0663251,0.780507
157,12.6175,7.94159,6,1.22667,0.0682108,1.11094
158,12.3715,9.0706,6,0.626667,0.0679719,0.780305
159,16.0047,10.2794,7,1.76667,0.0672988,1.00583
160,16.956,9.55102,7,1.34,0.0701115,1.31131
161,14.0382,9.17993,8,1.30667,0.066719,0.814782
162,14.3888,9.48312,6,1.44667,0.0688214,0.959393
163,15.221,9.89002,8,1.74667,0.068929,0.904358
164,12.1637,7.76176,6,1.49333,0.0633209,1.03636
165,11.5412,8.57206,3,0.453333,0.0670116,0.73301
166,12.8866,9.13286,8,1.12667,0.0665584,0.838703
167,13.8024,8.70316,6,1.12667,0.0692039,1.06569
168,12.1655,8.43457,4,1.16,0.0678834,0.977807
169,14.5974,9.8653,9,1.82,0.0654485,0.900064
170,13.8619,9.25926,8,1.87333,0.0661889,0.942438
171,14.5678,9.61086,7,1.12,0.0685957,0.966314
172,11.2478,8.43691,8,0.673333,0.0693935,0.808262
173,16.6818,10.505,9,2.05333,0.0700423,1.01514
174,14.6309,9.65968,9,1.00667,0.069801,0.893751
175,16.454,10.2504,7,1.26,0.0657678,0.826133
176,17.3084,10.5189,8,1.96,0.069078,0.890951
177,14.2218,9.9607,5,0.966667,0.0690823,0.655399
178,14.4639,10.0569,7,1.94667,0.0690222,0.813511
179,13.5299,9.07809,6,1.04,0.0659295,0.711181
180,15.8674,10.7591,7,1.85333,0.0694514,0.84754
181,12.5214,8.8115,6,0.966667,0.0658313,0.871265
182,12.4681,8.75446,5,0.893333,0.0679014,0.796547
183,13.8653,9.59007,6,1.2,0.0679788,0.641145
184,11.4186,7.95762,4,0.533333,0.0626846,0.539502
185,11.4668,8.17658,5,1.04667,0.0677798,0.860239
186,14.5109,9.23836,5,0.793333,0.0687385,0.979139
187,14.8636,10.4475,6,2.01333,0.068147,0.863735
188,16.2375,11.4142,10,1.74,0.0711716,0.884481
189,12.4673,8.87434,6,1.17333,0.0688918,0.874864
190,13.3883,9.03295,6,0.826667,0.0674974,0.817671
191,15.6685,10.7818,8,1.6,0.0683093,0.852837
192,12.5904,8.42121,10,1.06,0.0657421,0.866527
193,15.7936,10.9964,5,0.98,0.0689328,0.674446
194,16.1581,11.0669,8,2.05333,0.067375,0.846055
195,13.7393,9.89188,5,1.58,0.0698608,0.86977
196,13.6147,9.55456,11,0.98,0.0657796,0.795161
197,18.1391,11.7947,11,2.76,0.0694558,0.951187
198,14.375,10.6598,5,1.84,0.0684441,0.903582
199,14.8598,10.5679,6,1.94,0.0662932,0.932668
200,16.5203,11.5709,8,2.31333,0.0692253,0.938716
201,14.3316,9.99856,6,1.86667,0.0660681,0.938432
202,11.4116,8.50934,5,0.66,0.0647628,0.84926
203,16.9827,10.9838,9,2.34667,0.0645847,0.819319
204,14.4072,10.5115,7,1.12,0.0697954,0.932079
205,13.6789,9.49271,6,1.24,0.0652645,1.06483
206,15.4736,10.0902,5,1.55333,0.0682536,0.889049
207,17.3824,11.6694,8,2.82667,0.0685204,0.906975
208,15.1811,11.4554,7,1.86667,0.0691987,0.742631
209,13.2265,9.69558,4,1.18,0.0686624,0.635618
210,15.9383,10.3708,7,1.98667,0.0686334,0.984053
211,13.6969,10.2405,5,1.4,0.0687965,0.808818
212,14.6095,10.4031,7,1.7,0.065954,0.790219
213,14.723,10.1492,6,1.35333,0.0669075,0.76765
214,12.9668,9.64937,4,0.98,0.0688181,0.756686
215,14.1647,10.6691,6,1.12667,0.0700127,0.711892
216,18.9622,11.1348,11,2.71333,0.0677072,1.02217
217,12.0895,9.01327,4,0.54,0.067067,0.759829
218,14.057,9.17563,6,1.50667,0.0637516,0.724176
219,12.8642,9.14247,3,0.973333,0.0671673,0.700522
220,12.5913,10.0136,3,0.686667,0.0682398,0.650006
221,11.6012,9.5102,10,0.66,0.069455,0.658265
222,15.8851,10.9952,5,1.72,0.0703097,0.734907
223,15.4142,10.2948,11,2.24,0.0668152,0.730092
224,14.7956,10.6021,6,1.7,0.0684168,0.875503
225,12.9819,9.57172,4,1.03333,0.0677924,0.832563
226,11.3995,8.33498,3,0.86,0.0660282,0.806654
227,12.8548,9.58361,4,1.21333,0.0666356,0.760112
228,15.5043,11.0609,7,1.44667,0.0677827,1.004
229,16.6189,11.6201,7,1.88667,0.0698326,0.799585
230,14.1145,9.60361,4,1.17333,0.0661147,0.675475
231,16.7177,11.6372,7,2.20667,0.0692006,0.812386
232,15.0268,10.7307,6,1.34,0.0683475,0.780846
233,15.2218,10.1847,5,1.56667,0.0664962,0.873339
234,12.4282,9.4054,4,0.946667,0.0657619,0.738696
235,18.9392,12.3252,11,3.78,0.0658984,0.910339
236,15.1471,10.2527,7,2.25333,0.0679236,0.913751
237,11.7233,9.08184,3,0.726667,0.066371,0.756143
238,15.8371,10.8581,8,2.13333,0.0664857,0.861203
239,13.9732,9.4895,5,0.646667,0.0697548,0.950039
240,15.2662,10.6889,7,1.28,0.0694891,0.874342
241,13.2002,9.14074,5,1.15333,0.06367,0.617022
242,14.7587,9.99767,7,1.78667,0.0661815,0.905861
243,14.8161,9.29322,6,1.74,0.0659054,0.793597
244,12.0379,9.1244,7,0.726667,0.0663714,0.71683
245,15.392,10.6205,8,1.21333,0.0670412,0.948237
246,11.6431,9.07415,3,0.92,0.0661069,0.711398
247,14.5338,9.44625,5,1.44,0.067522,0.958449
248,15.5385,10.0563,7,2.4,0.0668524,0.936537
249,12.8175,8.08318,7,1.12,0.0649271,0.936656
250,12.9778,9.31172,5,1.2,0.0686579,0.820218
251,14.0164,9.60083,6,1.64,0.0673551,0.730643
252,16.6849,10.1059,9,2.23333,0.0671094,0.920235
253,15.0061,10.583,6,2.41333,0.067404,0.774735
254,15.0282,9.34393,6,1.75333,0.0649643,0.851036
255,14.4121,9.54299,6,0.586667,0.0661491,0.756066
256,14.7414,10.0785,4,1.93333,0.067375,0.820309
257,15.4997,10.1614,7,2.37333,0.0662985,0.807673
258,16.531,11.1331,11,2.94667,0.0695166,0.883723
259,12.0822,8.88384,9,1.64667,0.067112,0.658488
260,14.9027,10.5043,7,2.73333,0.0692567,0.829481
261,16.7961,10.3774,7,2.08667,0.0660245,0.714428
262,14.6742,9.79235,4,1.53333,0.068476,0.961379
263,12.5086,8.76695,7,1.58667,0.0652462,0.704975
264,14.603,9.50952,7,1.5,0.0672122,0.661223
265,13.5265,10.6689,3,1.6,0.0688964,0.75053
266,14.5863,9.9941,5,1.72667,0.0664998,0.968369
267,13.7696,10.1373,6,2.34667,0.0669974,0.698312
268,17.8195,12.0429,9,3.33333,0.0686988,0.831931
269,15.603,11.8045,9,2.49333,0.0691499,0.746984
270,12.6943,9.13202,4,1.60667,0.0673507,0.737708
271,16.4469,11.8307,8,2.94667,0.06818,0.738263
272,14.2374,10.7473,7,1.36667,0.0713488,0.719366
273,15.4789,10.7232,4,1.00667,0.0700399,0.598324
274,14.3802,9.45986,8,0.833333,0.0653377,0.780539
275,15.7672,11.0618,9,2.57333,0.0663556,0.841033
276,15.1863,11.1463,6,2.34667,0.0665176,0.829224
277,14.1724,9.60575,5,1.62,0.0655787,1.10374
278,15.4923,10.3612,8,2.46667,0.0683077,1.19862
279,13.2579,10.0209,5,1.49333,0.0669067,0.87265
280,12.2756,8.4161,4,1.74,0.0644484,0.810482
281,14.0288,9.75674,5,1.27333,0.0673724,0.848054
282,13.676,9.41843,10,2.11333,0.0673736,1.10519
283,15.5327,10.6273,7,2.72667,0.067523,0.78835
284,14.2227,10.3445,7,1.65333,0.0696794,0.841407
285,14.0818,10.1378,5,1.96,0.0676978,0.718824
286,14.6518,10.3137,5,1.6,0.0680753,0.874302
287,15.2567,10.0266,9,2.52667,0.0669538,0.957859
288,12.5362,10.0342,4,1.33333,0.0683466,0.670501
289,13.941,9.96512,6,1.42,0.0681606,0.859187
290,15.6582,10.7385,6,2.32667,0.0668899,0.938078
291,11.7127,8.29612,4,1.35333,0.0644818,0.866039
292,15.0586,10.1029,9,2.36,0.066286,0.963286
293,15.0406,9.94007,7,2.45333,0.0669846,0.924709
294,14.0026,10.3301,7,1.51333,0.0680356,0.874647
295,15.2308,10.8562,7,2.75333,0.0683232,0.975905
296,15.0175,11.422,7,2.63333,0.0698769,0.769826
297,13.192,10.3373,5,1.06,0.0665969,0.724299
298,13.6138,10.0986,5,1.04,0.0699887,0.684468
299,15.3844,11.2475,6,1.58,0.0707584,0.704574
300,14.1107,10.1139,5,1.82,0.0678579,0.814339
301,15.8173,9.92083,13,1.40667,0.067369,0.825865
302,13.4311,10.1469,6,1.66,0.0681653,0.802714
303,17.6622,11.9617,10,2.98,0.0682054,0.791161
304,18.6618,13.3717,9,3.76667,0.0689426,0.916226
305,14.6319,10.4961,7,1.73333,0.0680594,0.738135
306,15.6251,11.5559,5,1.28,0.0712929,0.831094
307,12.7694,9.72552,10,0.926667,0.0680665,0.719213
308,11.3906,8.57013,5,0.753333,0.067028,0.918089
309,14.5857,10.5609,6,1.09333,0.06787,0.648581
310,13.9963,9.63357,5,1.22667,0.0671103,0.675509
311,14.2688,10.4591,5,1.24,0.0706086,0.812359
312,12.6589,8.83661,4,0.586667,0.0677235,0.641299
313,15.5817,10.1758,9,1.18,0.0696512,0.813063
314,15.5754,10.8151,8,1.66,0.0680968,0.718985
315,16.757,10.2349,7,2.30667,0.0676012,0.856029
316,15.9591,10.9589,9,2.14,0.0675062,0.843018
317,12.5783,9.41328,7,1.06667,0.0673131,0.753518
318,14.7635,9.83877,8,1.06,0.0674081,0.807229
319,14.3521,10.2105,5,1.50667,0.0678519,0.727961
320,13.8331,10.6466,6,1.44,0.0689127,0.781264
321,13.1656,9.4516,12,0.546667,0.069754,0.796372
322,13.8794,9.17656,7,1.12667,0.0664556,0.910927
323,15.9667,10.6116,7,1.74,0.0688803,0.673726
324,12.7076,9.11388,6,1.30667,0.0646706,0.782151
325,13.8138,9.47708,7,1.38,0.0674412,0.681587
326,17.586,11.1726,8,2.36,0.0680189,0.943948
327,16.0111,11.2405,9,2.91333,0.068064,0.75371
328,13.782,9.78619,7,1.02,0.0686118,0.782609
329,17.5127,11.5565,7,2.26,0.0709751,0.823014
330,16.9134,9.9015,9,1.98667,0.0662282,0.771077
331,15.4805,10.7457,5,1.66,0.0676676,0.697762
332,16.1016,10.9427,8,2.34,0.0666365,0.776045
333,12.6688,9.00784,4,1.25333,0.0637169,0.708995
334,15.0597,11.5277,8,2.39333,0.066745,0.728175
335,16.3945,10.6664,8,1.58667,0.0706268,0.951741
336,14.4644,9.84818,8,1.58,0.0677039,0.813925
337,12.4022,8.38093,7,1.53333,0.065665,0.930074
338,12.7243,9.33541,5,1.97333,0.0659109,0.637932
339,15.1171,9.56964,7,1,0.0670521,0.755092
340,14.7492,10.1802,6,1.17333,0.0655876,0.883467
341,18.0914,9.00092,10,2.08,0.0652216,1.09183
342,15.1045,10.3311,7,1.14,0.0676287,0.723056
343,16.796,10.8,10,2.06,0.0679972,0.825262
344,16.6747,11.0188,10,2.23333,0.0704566,0.883734
345,16.7395,10.8039,9,1.68,0.066921,0.710791
346,15.5075,10.3087,10,2.06667,0.0686449,0.651337
347,14.6952,10.231,11,1.42667,0.0668791,0.725581
348,14.5499,10.2079,8,1.24,0.0684885,0.788846
349,14.8017,10.8193,10,1.05333,0.0711355,0.635775
350,15.2581,10.6719,6,2.04667,0.0682078,0.706802
351,12.2339,9.41822,5,0.533333,0.0682622,0.560199
352,14.5002,9.63131,7,1.31333,0.0652297,0.61737
353,14.8104,10.0739,6,1.04,0.0681642,0.682137
354,15.274,10.2655,7,2.06667,0.0689166,0.702354
355,15.3349,9.89708,8,1.75333,0.0624222,0.641029
356,15.1216,10.5121,5,1.39333,0.0686226,1.01728
357,12.7251,9.22101,6,0.98,0.0657487,0.47989
358,16.9225,10.8096,8,1.95333,0.0690742,0.845693
359,13.998,9.7029,6,1.33333,0.0671447,0.771425
360,15.6413,10.7506,6,1.60667,0.0683243,0.648484
361,14.1723,9.94715,6,1.55333,0.0679581,0.859047
362,12.2248,8.63355,12,0.853333,0.0644975,0.638104
363,14.9808,10.36,9,1.48,0.0684333,0.617402
364,13.9823,10.1782,5,0.886667,0.0684346,0.701341
365,15.2359,10.2995,4,0.933333,0.068408,0.705962
366,15.0186,10.0987,7,1.24,0.0660718,0.608831
367,16.4811,11.7003,8,2.38,0.0707237,1.14745
368,14.3192,10.1678,10,1.76667,0.068074,1.13143
369,16.373,10.3845,7,2.02,0.0665797,1.14658
370,13.8967,10.0125,6,1.28,0.0678676,0.893771
371,14.7811,10.4112,7,1.89333,0.067332,0.828291
372,13.5719,10.1172,7,1.86667,0.067488,0.964088
373,14.013,10.4663,5,1.80667,0.0662616,0.944
374,16.9921,11.3709,8,2.36667,0.0694851,0.979592
375,12.6598,9.16173,4,0.7,0.0661016,0.803181
376,14.6003,10.3819,6,1.78667,0.0693232,1.04248
377,14.9666,10.465,6,2.01333,0.06801,1.00621
378,15.3872,10.7878,6,2.05333,0.0655107,0.850294
379,12.3749,8.9037,6,1.19333,0.0637022,0.930222
380,12.4323,9.27149,6,1.23333,0.0662231,0.949159
381,15.1412,10.4944,11,1.66,0.0666226,0.953778
382,14.1101,10.2985,7,1.1,0.0655205,0.844353
383,13.1583,10.3429,8,0.986667,0.0678475,0.801995
384,15.9413,11.5855,7,1.72667,0.0672321,0.985434
385,14.1878,9.71807,5,1.76,0.0670148,1.04474
386,14.7767,10.9932,7,1.72667,0.0707038,0.89586
387,12.7195,9.38185,6,0.893333,0.0666845,0.787631
388,15.1375,10.3829,7,2.16,0.0664932,1.05267
389,12.5628,9.1507,5,0.973333,0.0649167,0.70523
390,13.4,10.3432,6,1.26667,0.0667948,0.839556
391,18.7248,12.8272,7,2.48,0.0700143,1.00252
392,14.6875,10.9225,5,1.76667,0.068403,0.827428
393,16.7337,11.4553,9,2.19333,0.0647676,0.872503
394,14.4783,10.7422,7,2.22,0.0677779,0.924777
395,16.0467,11.0685,7,2.12667,0.0691498,1.16555
396,13.1498,9.61914,7,1.56,0.0645441,0.755203
397,12.9005,9.12433,7,1.44,0.0657775,1.16606
398,14.6251,10.1087,5,0.966667,0.0678717,0.864917
399,13.5749,10.2782,4,0.993333,0.0683619,0.878929
400,15.3212,10.716,7,1.12,0.0706902,1.19517
401,17.1087,11.4463,10,2.29333,0.0684642,1.34242
402,17.3358,12.0396,7,2.98667,0.069427,1.13403
403,15.3743,9.40066,7,2.06667,0.0650038,1.29078
404,11.2773,8.61939,6,0.673333,0.0671142,1.14505
405,14.1551,9.89372,7,1.48,0.0677622,0.918878
406,14.4635,9.73236,8,1.26,0.0669736,1.18135
407,14.7915,10.2165,8,1.38667,0.0691358,1.13487
408,15.2614,10.5162,8,2.24,0.0675273,1.05756
409,13.1545,9.6476,11,1.06667,0.0673296,0.912086
410,15.059,9.99043,8,1.67333,0.0672681,0.990498
411,15.3061,10.1793,6,1.22667,0.0661095,0.991922
412,11.0127,8.10277,7,0.74,0.0652527,0.804671
413,13.4344,10.0919,6,0.633333,0.0680204,0.83614
414,13.4555,9.73848,5,1.04667,0.066072,0.851834
415,16.3304,10.9567,8,1.7,0.0653516,0.862298
416,13.7986,9.78986,5,1.33333,0.0669103,1.05761
417,14.6405,10.0251,9,1.41333,0.0676363,0.865328
418,15.8818,11.0785,7,1.45333,0.0701274,1.03189
419,15.1457,11.0376,9,1.36,0.0703677,0.872298
420,13.7924,10.2049,7,1.27333,0.0710572,1.05151
421,13.2406,9.58744,7,0.866667,0.0678545,0.919214
422,15.2001,10.8246,8,2.00667,0.0680473,1.10036
423,14.1058,10.2379,8,0.593333,0.0685986,0.917145
424,13.9717,9.2801,7,1.62667,0.0664629,1.18616
425,14.1593,8.94353,6,0.6,0.0647467,0.776696
426,14.9695,10.6146,10,1.52667,0.0699881,0.935063
427,11.6094,8.50242,3,0.413333,0.0678771,1.11027
428,13.882,9.82297,7,1.46667,0.0678445,0.822656
429,14.5307,9.88049,7,1.47333,0.0680917,1.08242
430,15.0788,9.53107,7,2.01333,0.0659452,1.23722
431,13.2113,9.16651,9,1.24,0.0681257,1.18471
432,15.6797,10.5631,8,1.96,0.0680546,0.991724
433,14.3598,9.90508,5,1.43333,0.0694824,1.1078
434,11.2658,8.56872,8,0.52,0.0687679,0.809944
435,15.5754,10.1644,6,1.52667,0.0672275,0.680229
436,14.6861,9.61534,6,1.54667,0.0669563,0.78132
437,12.9872,9.30492,6,0.88,0.0681481,0.938219
438,12.6226,8.96984,6,1.34,0.0651154,0.92339
439,13.7859,9.56871,4,0.88,0.0688415,0.93437
440,14.7532,9.4816,5,1.35333,0.0674622,0.929231
441,11.9416,9.21117,8,0.926667,0.0663816,0.776296
442,13.9526,9.82725,8,1.4,0.0688279,0.957424
443,16.0092,10.5942,8,2.01333,0.0675818,0.906783
444,15.0428,10.1995,7,0.846667,0.0689243,0.778538
445,12.6616,9.16674,6,0.853333,0.068011,0.881699
446,14.3897,10.2703,5,1.08,0.0680755,0.916415
447,12.2332,9.10089,4,0.373333,0.0677523,0.886815
448,12.6418,9.3314,5,0.693333,0.0647589,0.586694
449,13.2185,9.34484,6,1.26667,0.0670882,0.878737
450,15.7357,10.4629,9,2.45333,0.0650876,0.724525
451,14.407,9.6008,6,1.47333,0.0687361,0.859089
452,16.1118,11.0369,6,1.88667,0.0685889,0.834674
453,14.7984,10.1128,5,1.33333,0.0675098,0.775673
454,13.8006,9.843,7,0.773333,0.0693966,0.802904
455,12.5703,8.71545,3,0.626667,0.068009,0.73441
456,15.6967,10.1792,7,1.7,0.0649298,0.643476
457,16.4289,10.2283,6,1.70667,0.0729062,1.46719
458,13.8685,8.29745,6,1.06667,0.0648138,1.04406
459,12.7973,8.59173,5,1.14667,0.0675232,1.01335
460,14.0566,8.73649,4,1.18,0.065313,1.09275
461,13.4472,8.73918,5,1.01333,0.0670975,0.961559
462,14.4489,9.55043,7,1.24,0.0670053,1.17133
463,15.0561,10.0702,6,1.24,0.0640429,0.823116
464,13.9901,9.51342,8,1.66667,0.0654128,0.913662
465,15.4057,9.82366,6,1.44,0.0666815,1.13027
466,14.2424,9.55328,6,1.30667,0.0681447,1.02838
467,14.9802,9.41575,6,1.56,0.0646019,1.07257
468,11.8192,8.12597,4,0.593333,0.0650562,0.758702
469,14.6284,10.5501,5,1.24,0.0704651,0.951232
470,14.6543,9.64679,6,1.07333,0.068454,1.08772
471,14.8995,10.0235,5,1.7,0.0706323,1.18838
472,15.5089,9.61796,8,1.68,0.0651065,0.937631
473,17.6107,11.7766,8,1.91333,0.0721272,1.14134
474,13.9598,9.73574,5,1.88667,0.0691417,0.953305
475,13.8822,9.70313,6,2.22667,0.0708003,1.001
476,14.6305,10.4331,6,1.74,0.0681986,1.05841
477,16.1238,11.2042,8,2.66,0.0703559,1.08675
478,14.2699,9.37019,7,1.85333,0.0651367,1.18581
479,15.304,10.8728,7,2.11333,0.0693083,1.01191
480,11.9792,8.6817,6,0.42,0.0675628,1.1235
481,14.5629,10.4432,8,2.07333,0.0687733,0.886577
482,14.1561,9.95102,7,1.66667,0.0657609,0.893718
483,14.3453,9.61689,6,1.14,0.0663683,0.912761
484,15.5344,10.6617,6,2.3,0.0658688,0.890327
485,12.7159,9.48398,5,1.26,0.0657968,0.798171
486,11.6645,8.74001,2,0.713333,0.0681674,0.838474
487,11.71,7.46109,6,0.52,0.0651566,0.838134
488,12.3808,8.26678,5,0.56,0.0691911,1.03207
489,15.1479,7.76023,7,0.713333,0.0683854,0.967174
490,14.7116,7.02633,6,0.613333,0.0659348,0.987768
491,14.1242,8.41543,6,0.64,0.0669427,0.668454
492,14.4963,8.50346,7,1.07333,0.0699266,0.955732
493,13.986,8.07819,13,1.06667,0.0701361,1.00491
494,13.7006,8.41841,7,0.926667,0.0681789,0.800648
495,13.1375,8.39346,6,0.693333,0.0652574,0.850661
496,14.2992,8.60274,7,0.56,0.0656095,0.690345
497,13.411,9.35992,5,0.74,0.066663,0.652883
498,12.5333,8.09451,7,0.78,0.0674224,0.837554
499,13.4772,8.17622,5,0.6,0.0639113,0.719825
500,14.7091,8.79527,8,1.10667,0.0670058,0.929082
501,13.5675,9.35865,7,0.726667,0.0681539,0.814012
502,15.3066,9.66565,7,0.966667,0.0680507,0.831875
503,13.4996,9.12881,7,0.726667,0.0657154,0.684737
504,13.4525,9.5953,5,0.673333,0.0708584,0.778738
505,14.7677,9.92974,7,1.06,0.0678121,0.750637
506,15.5003,9.02276,8,1.46,0.0649801,0.708693
507,15.8489,9.00149,7,0.973333,0.0676052,0.856834
508,18.2254,10.6678,10,1.36,0.071323,0.821035
509,13.5704,8.59828,5,0.786667,0.0666904,0.755671
510,12.8588,8.10068,3,0.266667,0.0672829,0.729826
511,11.4778,8.35949,10,0.306667,0.0665562,0.637901
512,14.5416,9.10817,6,0.826667,0.0667536,0.887307
513,16.0801,10.1472,8,0.873333,0.0695216,0.642522
514,12.2496,9.25581,6,0.9,0.0675484,0.719648
515,15.3655,9.42451,7,1.08667,0.0673449,0.864811
516,15.6297,10.2932,6,0.986667,0.0695825,0.731152
517,13.8614,9.507,4,1.32,0.0671411,0.886945
518,14.2901,8.90054,6,1.35333,0.0692077,1.2818
519,17.6854,9.81432,8,2.12667,0.0690729,1.33827
520,15.5245,9.06126,6,1.55333,0.0663253,1.07351
521,12.4875,8.40605,5,1.23333,0.0658476,1.05456
522,14.5264,9.72539,7,1.75333,0.0661405,0.866845
523,12.1077,8.39516,4,0.506667,0.0664261,0.948049
524,12.7531,9.10925,5,1.04,0.0663629,0.955649
525,15.0684,9.67618,7,2.04,0.0686257,1.08373
526,12.8926,8.31339,3,0.766667,0.0655038,0.933263
527,16.4791,10.3798,7,1.9,0.0677729,0.920289
528,12.2285,8.92137,3,0.526667,0.066638,0.901193
529,13.5706,9.40795,6,1.42,0.0668964,0.846744
530,14.8158,10.4181,5,1.22,0.0695108,0.752193
531,12.5875,8.53874,5,1.14667,0.0644297,0.837971
532,15.9827,10.3708,6,1.44,0.0702983,0.910139
533,17.3711,11.0161,11,1.86667,0.0714544,0.969993
534,14.3141,9.83034,6,0.806667,0.0697514,0.78979
535,14.8474,10.0138,6,1.24,0.0673122,0.926863
536,14.3376,9.81168,6,1.68667,0.0700235,0.91658
537,16.0703,10.5623,9,2.72,0.0694476,1.03486
538,16.2245,11.0276,7,1.63333,0.0711884,0.960512
539,13.1158,9.33981,9,1.11333,0.0660885,0.847351
540,15.3479,9.88734,7,1.19333,0.0702779,0.824812
541,15.8124,10.3516,7,1.43333,0.0689257,0.854168
542,14.0864,8.71374,5,1.05333,0.0667832,0.887258
543,16.4906,10.6573,8,1.29333,0.0689907,0.712567
544,16.4635,10.2025,8,1.94667,0.0681202,0.921856
545,14.0023,9.82063,7,1.46667,0.0681407,0.865315
546,12.3521,8.85421,3,0.746667,0.0653934,0.792634
547,12.4685,7.79109,7,1.89333,0.0668828,1.10729
548,13.608,8.376,11,2.28667,0.0682183,0.973375
549,11.0696,7.09161,5,1.26,0.0637417,0.744439
550,14.3964,9.62655,5,1.29333,0.0688365,0.870522
551,11.9941,7.52578,5,0.413333,0.0647712,0.662359
552,12.8087,8.9256,4,1.04,0.0653648,0.631875
553,12.8419,8.04492,9,1.42667,0.0662944,0.907137
554,11.883,8.11646,7,1.20667,0.0646196,0.875692
555,16.238,9.34203,8,1.16,0.0669658,0.87982
556,15.5505,10.4507,8,2.14667,0.0690482,0.797693
557,16.1088,10.2638,8,2,0.0680155,0.90185
558,14.6686,9.80607,7,0.986667,0.0705934,0.944744
559,14.0252,9.25127,8,1.67333,0.0665869,0.977386
560,15.4331,9.97778,6,1.55333,0.0696972,0.911542
561,14.9921,9.70554,6,1.57333,0.0695301,0.886472
562,13.1643,8.4502,11,0.76,0.0680358,0.960348
563,14.0109,9.04351,7,1.29333,0.0674848,0.643261
564,15.0278,8.61999,7,0.526667,0.0672682,0.705585
565,12.3814,8.61859,7,0.746667,0.0676102,0.908139
566,13.3534,9.71791,4,0.566667,0.0697779,0.660707
567,12.7363,8.63553,5,0.673333,0.0652628,0.63055
568,13.6594,9.34608,7,1.06667,0.0666097,0.627219
569,12.7387,9.83501,5,0.513333,0.0690185,0.700797
570,13.3214,9.38958,3,0.82,0.0687515,0.654309
571,13.086,8.65891,5,0.953333,0.0673832,0.783851
572,13.4344,8.97406,11,0.673333,0.0670647,0.59593
573,12.8623,8.82288,7,0.88,0.0657397,0.615371
574,16.7393,10.9228,10,2.34667,0.0687585,0.869971
575,12.1838,8.70816,7,0.606667,0.0670189,0.655172
576,14.4329,9.5618,6,0.973333,0.0671022,0.694789
577,12.62,6.88188,6,1.28667,0.067744,1.07367
578,13.5528,7.98263,9,1.55333,0.0683795,0.955255
579,14.4664,8.88534,4,1.08667,0.0686385,0.967178
580,12.8792,9.45408,5,1.28667,0.0683958,1.02979
581,15.5023,8.94939,10,2.25333,0.0684564,1.08592
582,13.4202,8.81043,5,1.16667,0.0668974,0.962608
583,13.1289,8.64255,6,1.78,0.0642309,0.887292
584,13.1803,8.12414,5,1.08667,0.0651625,1.00088
585,13.742,8.77663,7,1.86667,0.0641005,0.878803
586,13.6915,9.52935,5,1.63333,0.0664077,0.876943
587,12.6566,8.95504,5,1.22,0.0692115,0.876175
588,16.6882,10.4537,8,2.64667,0.0651488,0.838417
589,17.763,10.805,9,2.99333,0.070295,0.966486
590,15.7438,9.69302,8,2.04667,0.0673183,1.01297
591,15.3501,10.0304,9,2.22667,0.0715903,0.873331
592,12.4766,8.22019,6,1.33333,0.0651697,0.892371
593,15.5823,10.1361,8,2.8,0.068634,0.880295
594,16.8297,10.8745,7,2.4,0.0701388,1.02082
595,14.8182,10.8491,5,2.02,0.068596,0.690491
596,13.0868,9.08701,5,1.06,0.0675299,0.825675
597,13.1932,9.03285,6,1.46,0.0657062,0.866021
598,11.3832,8.80002,4,0.646667,0.0667844,0.676886
599,14.4705,8.75442,7,1.39333,0.0646848,0.701244
600,12.2972,9.26235,8,0.666667,0.0673987,0.74816
601,16.6492,10.1508,11,2.38667,0.0678647,0.957848
602,16.3798,10.7173,7,2.62,0.068566,0.690617
603,12.4517,9.16749,6,0.84,0.0685197,0.849739
604,15.5824,10.7732,8,2.56,0.0677446,0.767312
605,14.4452,9.55179,6,2.02667,0.0659863,0.830787
606,15.1314,10.571,5,1.41333,0.0703649,0.855148
607,12.2594,8.37854,6,1.25333,0.0632751,0.923341
608,13.5601,9.81604,4,1.47333,0.0689225,0.982137
609,17.5908,10.8938,9,3.25333,0.0676225,1.08234
610,17.2414,10.0705,9,2.53333,0.0683387,1.28172
611,13.4511,9.4219,5,1.45333,0.067689,0.982575
612,14.9059,10.0212,6,1.56667,0.0685187,1.07086
613,17.2361,10.4212,7,2.05333,0.0656675,1.04573
614,13.7019,9.66117,5,0.68,0.0698878,0.816333
615,14.2065,9.7797,6,1.3,0.0689045,1.00584
616,15.4168,10.9461,5,1.08667,0.0717869,0.711678
617,14.4072,10.6114,5,1.65333,0.0683526,0.765176
618,13.1855,9.55368,4,1.02667,0.06828,0.732184
619,13.9852,9.73847,6,1.58,0.0654583,0.751417
620,13.6672,10.3699,6,0.933333,0.0688617,0.864103
621,14.9859,10.3277,6,1.1,0.0679795,0.803635
622,16.7046,11.3015,10,1.82,0.0692759,0.805928
623,16.2822,11.6579,8,2.12667,0.0702097,0.770068
624,13.8328,10.1554,7,1.74,0.068005,0.765308
625,16.5968,11.6526,8,2.16667,0.069737,0.829022
626,12.7619,9.17473,5,1.24,0.0654649,0.716742
627,16.112,11.3352,8,2.04,0.0668486,0.828089
628,14.4916,9.9006,6,1.21333,0.0676959,0.956204
629,12.7411,9.95663,9,0.72,0.0682387,0.71689
630,12.485,9.1289,8,1.27333,0.0634804,0.821076
631,16.0376,11.0328,7,1.88667,0.0687358,0.877628
632,13.8872,10.2312,7,1.62667,0.0686349,1.03538
633,15.2631,10.2466,6,1.78,0.0691889,0.821017
634,14.5899,10.2186,6,1.38,0.0685211,0.951794
635,13.4177,9.50018,6,1.91333,0.0659593,0.925108
636,17.0157,11.1642,10,2.94667,0.06673,0.97637
637,14.1436,8.92187,7,2.05333,0.0633572,1.18265
638,13.4293,8.91531,7,2.12667,0.0665897,1.32727
639,16.0242,10.1385,5,1.63333,0.0701423,1.13533
640,14.5684,9.32091,7,1.78,0.0649587,1.14625
641,14.035,9.79792,6,0.646667,0.0675374,0.954958
642,13.794,9.68242,6,1.08667,0.0672692,0.907771
643,12.5145,8.5541,4,0.82,0.0647878,1.0072
644,13.8145,9.15394,7,1.97333,0.0656244,0.970857
645,14.1813,9.31039,5,0.866667,0.0682537,1.06922
646,11.0831,8.50696,7,0.806667,0.0677127,0.921621
647,15.7576,10.2845,7,1.58667,0.0698965,0.946914
648,17.2538,10.7009,9,2.52,0.0683954,1.05124
649,12.6695,9.18122,5,1.46,0.0654071,0.696157
650,16.1189,10.0424,7,2.38667,0.0673192,0.831473
651,14.2133,9.23332,5,1.45333,0.06715,1.0809
652,15.6267,10.4521,8,2.05333,0.0691096,0.944511
653,15.4228,10.899,8,1.1,0.0686948,0.757122
654,14.9564,9.68402,8,1.42667,0.0665809,0.817948
655,14.9088,9.44704,6,1.5,0.0681437,0.963287
656,16.5381,10.5831,9,1.93333,0.0663364,0.741152
657,14.5679,9.80084,8,1.48,0.0681953,0.882051
658,13.8,9.04079,6,2.2,0.0634861,0.823861
659,13.3175,9.63321,5,1.40667,0.0672319,0.819317
660,16.6194,11.2692,7,2.14,0.068603,0.870614
661,15.2955,10.8264,6,1.56,0.0692818,0.906111
662,12.6623,9.13201,10,1.1,0.0652213,0.728053
663,13.6873,9.00726,9,1.7,0.0642419,0.91597
664,13.9061,10.1227,5,1.17333,0.0703433,0.697356
665,13.4211,9.4812,5,1.47333,0.0667033,0.816929
666,14.4119,8.56424,7,1.48667,0.0626111,0.85898
667,13.6088,8.42021,4,0.986667,0.0667331,1.16927
668,17.2875,9.34165,7,2.02,0.0672858,1.27033
669,14.8126,8.74274,7,2.12667,0.0660747,1.69041
670,15.2617,9.09558,6,0.86,0.0699033,1.08082
671,15.4782,9.51452,7,1.16,0.0696907,0.987038
672,17.5499,9.19485,9,1.45333,0.0668594,1.15021
673,13.3331,8.65521,5,0.646667,0.068979,1.07774
674,13.0235,8.49417,7,0.88,0.0684719,1.09348
675,15.0259,8.6556,7,0.946667,0.0658986,0.862701
676,15.8316,9.25535,7,1.46667,0.0682471,1.08876
677,11.9418,7.99226,7,0.186667,0.0688243,0.946379
678,13.7812,8.91101,3,0.24,0.0669346,0.766479
679,13.3071,9.65299,3,0.193333,0.0687293,0.637539
680,17.0381,9.85069,8,0.92,0.067404,0.868599
681,14.5438,9.75959,7,1.32667,0.0700793,0.896535
682,11.6689,8.20114,6,0.526667,0.0670953,0.811134
683,12.7609,8.70313,7,0.553333,0.0656259,0.818304
684,15.4061,10.1544,7,0.873333,0.0692064,0.998754
685,14.352,10.0654,7,1.04,0.0691685,0.880543
686,13.9879,9.61578,5,0.506667,0.068955,0.67468
687,13.3503,9.11764,7,0.6,0.0662128,0.712519
688,13.9907,9.33491,11,0.9,0.0685027,0.84635
689,14.7029,9.07533,6,0.913333,0.0664247,0.797762
690,14.6585,9.1634,10,1.02667,0.0663342,0.717873
691,12.4711,8.7276,6,0.493333,0.0667702,0.752981
692,13.4562,9.36822,7,0.58,0.0679394,0.719706
693,13.0931,9.35299,5,0.593333,0.0665315,0.597082
694,13.6686,8.6208,7,0.826667,0.0668422,0.879368
695,13.1325,9.43636,6,0.453333,0.0689857,0.806365
696,13.5917,8.61456,6,0.913333,0.0674924,0.851859
697,11.587,8.39755,6,0.866667,0.0671637,0.986607
698,16.2502,9.52231,7,1.86667,0.0671621,1.37835
699,14.5243,10.5041,5,1.21333,0.0700456,0.786844
700,13.9849,9.61855,7,0.853333,0.0707059,1.0027
701,12.7545,8.4205,4,0.4,0.067793,0.909942
702,13.7685,8.98933,4,0.733333,0.067802,0.900306
703,14.9752,8.99588,8,0.933333,0.0672385,1.02975
704,15.4752,10.0109,6,1.34667,0.0684118,0.954315
705,16.4078,10.6329,7,0.986667,0.0699946,0.929703
706,14.5647,9.4189,6,1.38667,0.0659138,0.88439
707,14.1006,8.64368,4,0.733333,0.0663616,0.798152
708,12.9887,8.46698,6,0.84,0.0663683,0.920689
709,14.8098,9.98871,6,1.26667,0.0674834,0.899345
710,13.7904,9.28054,8,1.34,0.066799,1.11469
711,15.1921,9.2659,7,1.62,0.0674516,1.23425
712,16.2122,10.3406,7,1.98667,0.0672045,1.05191
713,15.7694,9.89784,8,1.66667,0.0670543,0.999363
714,16.1137,10.0961,8,1.5,0.0684626,0.984128
715,13.5014,9.01846,6,1,0.0678145,1.01861
716,14.6852,9.7554,6,1.7,0.0684595,0.954946
717,13.7554,9.76536,5,1.43333,0.0672346,0.769163
718,15.6584,8.96151,7,1.72667,0.065788,1.03676
719,15.8054,9.79858,7,1.62667,0.0684957,1.10658
720,14.5343,9.92842,5,1.19333,0.0684272,0.8262
721,16.0493,10.4364,8,1.89333,0.0683818,0.842478
722,15.1492,10.7337,5,1.17333,0.067511,0.780437
723,15.989,10.301,6,1.59333,0.0670753,0.995799
724,16.3616,9.48544,8,1.71333,0.0638489,1.09881
725,14.1966,9.65789,6,1.13333,0.067623,0.968764
726,13.342,9.34875,8,1.02667,0.0643431,0.816704
727,16.4832,7.93064,9,1.35333,0.0683454,2.07603
728,13.2852,7.96956,9,0.973333,0.0681675,1.45978
729,15.259,7.97068,6,1.48667,0.0690906,1.83632
730,14.6805,7.96037,7,1.18667,0.0689534,1.77847
731,14.1397,8.55591,8,1.84667,0.0695774,1.67753
732,13.7452,8.27246,7,1.46667,0.0678464,1.32618
733,16.8055,9.50301,9,1.84667,0.0698825,1.28471
734,15.4395,8.81595,6,1.25333,0.0676162,1.19805
735,16.1445,9.59874,8,1.62,0.0667038,1.22596
736,13.5405,8.14278,7,1.50667,0.064546,1.35743
737,17.5742,10.2446,11,2.44,0.0677483,1.00834
738,14.373,7.96066,5,0.7,0.0665304,1.21507
739,15.3597,8.68743,7,1.34667,0.0681169,1.32434
740,13.3973,8.64292,6,1.32667,0.0659425,0.996154
741,14.4521,9.04728,7,1.22667,0.0680792,1.086
742,14.8061,8.04374,6,1.50667,0.0651994,1.13953
743,14.7714,9.40109,8,1.58,0.0673908,1.09797
744,16.9472,9.84131,8,1.60667,0.0698047,1.15165
745,17.0553,9.90098,7,1.54667,0.070325,1.23788
746,14.932,9.28633,7,1.62667,0.0672871,1.00251
747,16.6258,9.77288,11,1.96,0.067704,1.0557
748,14.0148,8.82867,7,1.00667,0.0655155,0.995821
749,14.7728,9.37588,8,1.32,0.0704297,1.09404
750,15.9889,8.22746,6,0.973333,0.0656806,1.01386
751,14.6433,8.52212,5,0.846667,0.0663513,0.882376
752,18.2619,9.32831,8,0.966667,0.0688159,1.04168
753,13.9123,9.21899,6,1.01333,0.0670705,0.87086
754,13.5665,8.72808,6,0.54,0.067063,0.753473
755,15.4306,8.99414,7,1.45333,0.0674192,0.95381
756,17.2505,10.4216,7,1.51333,0.0703834,0.994528
757,15.0328,8.60524,7,2.20667,0.0685146,1.21273
758,12.9887,8.45861,5,1.76667,0.0671228,0.947434
759,15.2206,9.58688,8,3.03333,0.0659424,1.20197
760,16.1142,10.2331,8,3.62667,0.0678056,1.1773
761,13.957,7.82715,6,0.626667,0.0692689,1.23532
762,15.5737,9.27035,7,1.52,0.0686338,1.20797
763,14.6529,9.25263,8,1.16667,0.0665244,1.05914
764,13.1618,9.1526,7,1.41333,0.0697041,1.10609
765,12.9285,8.5042,6,1.26,0.0675837,1.05864
766,15.6008,9.71797,8,2.44,0.0672465,1.20476
767,12.4707,8.27638,5,0.8,0.0660166,0.978473
768,16.7436,10.1849,9,3.13333,0.0667002,1.11034
769,13.5289,8.52278,7,1.5,0.0678415,1.0543
770,17.7124,11.1809,11,3.67333,0.0690858,1.15643
771,15.1451,9.84421,7,1.93333,0.0673281,1.15572
772,11.6401,7.92701,5,0.72,0.0678736,1.00686
773,11.9532,8.00544,4,1.08,0.0666578,1.04437
774,14.1174,9.32923,7,1.27333,0.0693295,0.94591
775,16.1702,10.4445,8,1.55333,0.0711765,1.04607
776,13.15,8.67264,8,2.20667,0.0654837,1.10614
777,13.0606,8.43871,7,1.88667,0.0656733,1.14977
778,17.3222,10.7886,9,3.17333,0.0686632,0.906852
779,14.4192,9.16956,7,1.89333,0.0683535,0.95103
780,14.442,9.17705,7,2.2,0.0653885,1.14082
781,13.9221,9.4531,8,1.48667,0.0673831,1.02063
782,13.2599,8.97036,5,1.74667,0.0670849,0.930023
783,14.5536,9.32324,11,1.08667,0.0707825,0.990463
784,16.5654,10.6245,8,2.85333,0.0704035,0.947703
785,11.6931,8.23967,6,1.42,0.0620769,0.853318
786,15.6349,9.45257,8,2.32667,0.0675174,1.11833
787,15.2606,9.39579,7,2.42667,0.0690873,1.0008
788,14.7633,9.84476,8,2.18,0.067791,0.943891
789,13.1851,8.63602,7,0.933333,0.0667865,0.914646
790,13.3448,8.89201,7,0.9,0.0662911,0.76749
791,15.9085,9.50748,9,1.78,0.0664172,0.763508
792,17.4366,10.6658,11,3.39333,0.0667866,0.866379
793,14.6391,9.32244,8,1.64667,0.0649782,0.961867
794,10.1814,7.22942,3,0.713333,0.0646354,0.784369
795,13.2412,9.67416,6,0.746667,0.0690642,0.637344
796,16.6219,10.3268,8,1.3,0.0706728,0.926348
797,16.3759,10.9176,8,2.11333,0.0677173,1.00332
798,13.1591,9.0784,5,1.16,0.0682595,0.866052
799,13.7099,9.82153,5,1.62,0.0688204,0.867338
800,14.2582,9.9259,7,1.53333,0.0685468,0.946662
801,13.5387,9.71731,6,1.11333,0.0691059,1.01085
802,14.4606,9.90479,7,1.21333,0.0666558,0.858868
803,14.1131,9.67202,7,1.78,0.0684489,0.917942
804,14.7656,10.0652,9,1.44667,0.0683027,0.975723
805,14.0423,9.19779,6,1.44667,0.0699559,1.08295
806,13.8306,10.2549,7,1.68,0.0678678,0.866761
807,13.3754,9.64813,5,1.36,0.0682835,1.01044
808,13.7869,9.24213,5,0.993333,0.0633178,0.989119
809,14.2185,10.5759,6,1.76667,0.0695927,0.967913
810,13.8586,9.20302,7,1.34667,0.0660981,0.965011
811,14.2802,9.70567,5,0.546667,0.0705992,1.09807
812,14.0975,10.288,6,1.18,0.0701736,0.863643
813,13.9029,10.2808,8,1.44667,0.0673034,0.976842
814,15.4616,10.12,9,2.11333,0.0664313,1.12302
815,13.5812,9.16923,4,1.43333,0.0690822,1.06826
816,14.3287,9.90626,8,1.56667,0.0679443,0.975509
817,13.8905,9.5804,8,2.14,0.0686396,1.15759
818,13.7332,9.62993,5,1.53333,0.0681382,1.16567
819,16.0665,9.51151,8,2.38,0.0699248,1.63283
820,14.707,9.7033,10,1.73333,0.0689068,1.35468
821,14.6278,9.88979,6,1.48,0.0682178,1.20219
822,15.1907,9.93295,7,1.66667,0.0677722,0.823686
823,14.5077,8.9847,8,1.98,0.0676495,1.37687
824,14.9587,9.82288,7,2.26,0.0696416,1.22166
825,15.4132,9.38297,9,1.94667,0.063859,1.01083
826,12.5302,8.62844,5,1.26,0.0654291,1.18103
827,16.6708,10.49,9,1.74667,0.0710535,1.05458
828,15.8956,10.1854,10,2.57333,0.0664512,1.00503
829,14.6771,9.4405,7,2.50667,0.06579,1.15311
830,15.6962,10.5451,9,2.42,0.0702548,1.31982
831,16.173,9.80721,7,1.70667,0.0680936,1.2447
832,15.6591,10.0207,6,1.56667,0.0671701,1.14901
833,15.7494,9.91429,9,2.22667,0.0629425,0.980707
834,14.0762,9.58783,8,2.38667,0.0682049,1.30636
835,13.4823,8.86245,6,1.66667,0.0664244,1.1026
836,14.5536,9.38245,6,1.24667,0.0671384,1.04557
837,15.2659,9.71077,7,2.1,0.0672376,1.2116
838,14.3774,9.47059,6,1.61333,0.0674012,1.24392
839,15.6406,9.6,8,2.66,0.0664884,1.20809
840,17.6321,11.6518,9,2.79333,0.0711208,1.25007
841,13.7834,9.19458,5,1.14667,0.0674697,1.09071
842,15.482,10.1073,9,2.42667,0.0663844,1.10316
843,14.385,9.83642,6,1.61333,0.068013,1.19811
844,14.7459,9.9707,9,1.58667,0.0678811,1.21735
845,13.0869,9.23429,6,1.68667,0.0664391,0.958675
846,14.5104,9.94739,7,1.60667,0.0643939,0.960925
847,12.4543,8.01618,5,2.1,0.0660802,1.3941
848,14.9622,9.52893,6,2.28667,0.0681697,1.24496
849,13.6848,8.61314,7,1.94,0.0704028,1.47732
850,14.9067,9.28447,6,1.99333,0.0659583,1.02488
851,15.346,9.54205,11,2.9,0.0694715,1.07236
852,14.3613,8.60328,6,1.68667,0.0669742,0.987805
853,17.1525,11.0354,8,2.79333,0.0710219,1.04071
854,15.4295,9.98059,10,3.34,0.0657849,1.09326
855,15.2264,9.58217,7,2.22,0.069819,1.10942
856,14.0115,9.36493,6,2.03333,0.0665331,1.00228
857,12.7678,8.93199,5,2,0.0649007,0.912827
858,13.6974,9.23661,7,1.91333,0.0675491,1.19682
859,12.8416,8.88498,8,1.86,0.0666463,0.874021
860,13.2531,8.60648,5,1.14,0.0673941,1.03624
861,11.5937,7.98335,5,1.12667,0.0668032,1.08524
862,13.3108,8.00424,9,0.913333,0.0706096,1.21301
863,16.4308,10.0238,8,1.98,0.0702258,0.96623
864,16.7247,10.4882,8,2.04667,0.0702126,0.771682
865,17.3641,11.186,9,2.54667,0.0695816,0.94284
866,13.2916,8.35193,7,1.88667,0.0657619,1.11739
867,12.8034,8.37808,7,1.50667,0.0647967,0.883069
868,12.3326,8.4868,4,1.23333,0.0663231,0.903218
869,13.9188,9.39742,6,1.54,0.0679459,0.874817
870,13.7569,9.56945,6,1.60667,0.0671494,0.765878
871,16.5275,10.3288,8,2.1,0.0659184,0.881752
872,16.8733,11.0817,9,1.91333,0.0692629,0.9328
873,13.5081,9.48011,5,1.43333,0.0685007,0.898671
874,13.9802,9.17915,7,1.65333,0.0667341,0.761809
875,12.712,9.16527,4,0.96,0.0690518,0.886439
876,14.0116,9.11524,7,1.48667,0.067296,0.725646
877,15.5726,9.61568,8,3.58,0.0671292,1.19338
878,15.1389,8.26706,6,2.01333,0.0695198,1.14537
879,15.4674,10.2082,8,3.06667,0.0680042,1.2363
880,15.6406,9.87967,7,2.89333,0.0688484,1.11919
881,14.9302,8.27487,7,1.22667,0.0686371,1.24727
882,16.872,9.35285,7,1.27333,0.0682598,0.95024
883,13.356,8.06973,5,0.5,0.0711199,1.10383
884,13.0024,8.32952,10,1.23333,0.0665655,0.900337
885,14.0794,9.1468,9,2.05333,0.0662191,0.908188
886,14.346,9.20607,6,1.53333,0.0679923,0.875882
887,16.9964,9.97984,6,1.9,0.0673019,0.89162
888,15.5507,9.65374,6,1.59333,0.0688608,0.848776
889,14.3985,9.66887,7,2.2,0.0696121,0.917551
890,14.1927,9.56248,6,1.60667,0.0694866,0.881417
891,16.207,10.6304,8,2.74,0.0692007,0.732412
892,16.7653,10.5584,9,3.04667,0.0670607,1.01614
893,10.6418,7.54373,5,0.34,0.067156,0.942001
894,15.2656,8.73227,6,1.53333,0.0659967,0.808862
895,12.9762,8.70251,6,1.06667,0.0669507,0.814716
896,14.8963,8.91037,7,0.993333,0.069702,0.892939
897,13.4664,8.10573,7,2.16667,0.067356,1.10682
898,14.1372,8.63486,6,1.08667,0.0667247,0.880233
899,15.2345,9.08121,7,1.01333,0.0679531,0.757888
900,16.7554,9.99322,8,1.96667,0.0703259,0.807908
901,15.5586,9.71319,6,1.23333,0.0688475,0.714572
902,15.7361,8.65938,7,1.5,0.0667912,0.819739
903,15.4487,9.13497,5,1.07333,0.0679292,0.93365
904,13.4162,9.22075,7,1.25333,0.0655419,0.780226
905,13.1786,9.33853,7,1.50667,0.0651677,0.965472
906,13.1797,8.46551,5,0.84,0.0645282,0.717706
907,12.9777,8.28827,5,0.92,0.0669168,1.11362
908,14.7401,9.0368,7,1.05333,0.069926,1.17127
909,15.6935,9.42573,8,1.44667,0.0665596,0.946997
910,12.0809,7.66421,6,0.553333,0.0689894,1.19161
911,12.3078,7.78616,4,0.68,0.0655581,0.871716
912,12.9561,8.79616,7,0.866667,0.0653579,0.782844
913,12.5919,7.70063,6,1.06,0.066448,1.03894
914,11.9092,7.80617,4,0.573333,0.0676397,0.881674
915,12.918,8.74994,6,0.986667,0.0655676,0.732511
916,13.1931,7.84106,5,1.20667,0.0654224,0.917449
917,15.3357,8.52319,9,1.86667,0.0641744,1.02063
918,14.2109,9.67916,6,1.85333,0.0675942,0.861838
919,14.6957,9.57394,8,2.48667,0.0660808,0.977514
920,13.3596,8.50614,8,1.23333,0.0665607,0.963406
921,13.8752,9.04182,7,1.47333,0.0655587,0.704308
922,14.3815,9.01124,7,1.94667,0.0674877,0.872098
923,15.7546,9.16323,8,2,0.0647789,1.06605
924,15.8135,9.56621,10,2.33333,0.0683729,1.18032
925,15.2234,9.64843,8,2.08,0.0680405,1.00164
926,13.3656,8.64674,6,1.67333,0.0665683,1.02635
927,14.719,8.87018,9,1.74,0.0700865,1.18501
928,12.3979,7.84236,8,0.966667,0.0678399,1.06088
929,12.9442,8.27523,5,1.1,0.0661909,1.15355
930,12.3967,8.36614,5,0.82,0.0652237,0.93028
931,15.6153,9.171,8,1.29333,0.0677548,1.02425
932,15.1615,10.0262,6,1.32,0.0673047,0.912103
933,15.8338,10.176,8,2.40667,0.0673743,0.973968
934,16.3426,9.58129,8,1.75333,0.0650454,0.842242
935,15.3247,9.42411,8,2.27333,0.0658346,0.906017
936,14.5693,8.99006,6,1.25333,0.0675754,1.07555
937,13.1937,9.21414,4,1.39333,0.0691494,1.23422
938,14.1065,9.4971,6,1.39333,0.0681476,0.850477
939,15.9777,10.0423,8,2.99333,0.065112,1.01241
940,14.4479,9.11865,5,1.84667,0.0691949,1.12788
941,14.7041,9.49662,8,2.44667,0.0661493,0.878233
942,14.3269,9.45927,8,1.51333,0.0679739,0.868012
943,15.851,9.96989,8,2.36667,0.0663858,0.798987
944,14.1069,8.7031,5,1.44,0.0676145,0.995379
945,16.2837,9.99064,6,1.79333,0.0706053,1.02766
946,14.4521,9.94437,7,1.90667,0.0667297,0.845685
947,17.5092,10.6185,9,1.64,0.0675669,0.816676
948,15.8169,9.8175,7,1.71333,0.066905,0.784004
949,13.9017,9.04164,7,2.09333,0.0667513,1.0534
950,16.1562,10.3706,7,2.05333,0.0698351,1.01156
951,16.6247,11.353,7,1.88667,0.067997,0.718758
952,14.9102,10.3259,6,2.01333,0.067198,0.864792
953,13.498,8.87343,7,1.59333,0.0648475,0.845105
954,16.9199,10.8269,8,2.39333,0.0698807,0.822669
955,13.7855,9.33939,6,1.69333,0.0664896,0.844767
956,17.7659,11.7627,10,3.48,0.0684923,0.899272
957,13.7621,8.94177,7,2.38,0.0685782,1.09633
958,16.3467,10.9035,7,2.19333,0.0693107,0.909937
959,13.7715,9.59733,6,1.12667,0.0688816,0.857895
960,15.7648,10.0729,6,2.08667,0.0694713,0.945908
961,16.1666,10.9435,7,2.83333,0.0696189,0.952697
962,14.7643,10.7075,6,1.64,0.0705396,0.773958
963,15.3547,11.1133,7,2.38667,0.0670535,0.902003
964,13.2478,10.006,5,1.14,0.0683266,0.715804
965,15.2446,10.4978,6,2.06,0.0709719,0.844971
966,16.3653,10.9159,7,2.42667,0.0670575,0.798007
967,14.577,10.098,8,3.94667,0.0674436,1.2295
968,15.1525,9.14114,5,1.56,0.0685926,1.29157
969,15.839,9.78493,7,2.22667,0.0682155,0.937063
970,13.4472,8.99009,8,2.72667,0.0635587,0.877269
971,16.584,10.9985,8,2.44,0.0681115,1.04548
972,14.7349,10.2044,6,1.56,0.0686812,1.03221
973,12.6867,9.07088,5,1.8,0.0634103,0.843458
974,14.5692,9.2755,7,2.2,0.063678,0.961035
975,16.8496,11.1681,8,2.31333,0.0683231,0.996517
976,13.7706,9.58223,5,1.69333,0.0658291,0.839316
977,17.8976,12.4114,11,3.66,0.0702615,0.985376
978,11.906,8.43088,4,1.08667,0.0645349,0.923557
979,13.7529,9.81031,8,1.27333,0.067153,0.860914
980,14.8634,10.2505,6,1.46667,0.0658572,0.729051
981,14.1739,9.41379,6,0.966667,0.0670363,0.943888
982,18.323,11.527,10,3.03333,0.0708938,1.00966
983,13.2155,9.20236,7,0.913333,0.0656484,0.914775
984,16.6224,11.4534,8,2.10667,0.0669087,0.800063
985,15.0971,10.0794,7,1.70667,0.0682412,0.977194
986,14.8458,10.3004,6,1.16,0.0690334,0.882801
987,12.9361,9.57364,6,0.866667,0.0677741,0.755303
988,16.8059,11.4484,8,2.16,0.0681414,0.918596
989,14.2621,10.2196,7,1.65333,0.0683084,0.973615
990,17.0082,11.7488,9,2.30667,0.0683209,0.848365
991,14.201,9.99438,8,1.79333,0.0671846,0.858562
992,13.6233,9.25528,5,1.19333,0.068941,0.973554
993,13.6843,9.28032,6,1.52667,0.0630286,0.875761
994,13.7798,9.62486,6,1.68,0.0683573,1.09101
995,13.8186,9.95525,4,1.14,0.0683537,0.918267
996,14.8378,10.3451,7,1.44667,0.0672717,0.877138
997,14.174,9.21955,8,1.86,0.0691177,0.987215
998,13.7212,8.92231,9,2.16,0.0662778,1.02338
999,15.5855,9.92667,9,3.16667,0.0665735,1.18232
1000,18.887,10.326,10,3.66667,0.0673315,1.06264
