1,11.5851,3.17369,6,0.12,0.0757998,1.20643
2,14.9913,5.17143,7,0.253333,0.0690124,1.19568
3,15.4476,5.47716,7,0.153333,0.0658501,1.19273
4,12.381,5.59814,4,0.113333,0.068611,1.08299
5,14.7997,6.74881,8,0.273333,0.0663638,0.72683
6,15.2129,6.30231,6,0.153333,0.0664046,0.884685
7,13.1839,5.9153,5,0.0933333,0.066877,0.917685
8,13.2725,7.48406,2,0.04,0.068625,0.662056
9,12.5995,7.30069,2,0.06,0.0665274,0.639498
10,12.001,6.83753,1,0.00666667,0.0640614,0.709708
11,12.116,7.10764,6,0.153333,0.0667408,0.691451
12,15.8772,7.90913,6,0.193333,0.0667797,0.691249
13,13.4255,8.07534,6,0.233333,0.0695749,0.616264
14,12.3497,7.9406,1,0.04,0.0675005,0.597176
15,14.4581,8.86058,6,0.2,0.070661,0.575912
16,12.967,8.1108,4,0.18,0.0677022,0.629439
17,12.2105,7.23377,5,0.166667,0.0665112,0.733555
18,14.8194,8.06358,5,0.106667,0.0684091,0.588561
19,12.4698,7.53626,5,0.106667,0.0683346,0.641215
20,14.2867,7.61611,5,0.14,0.0678064,0.664266
21,12.4034,7.94019,5,0.06,0.0668713,0.607449
22,14.0325,7.71194,5,0.146667,0.0664618,0.572649
23,14.5809,8.16393,6,0.153333,0.0678784,0.667456
24,14.61,7.50233,5,0.14,0.0677912,0.765639
25,13.1416,7.71052,5,0.173333,0.0665082,0.544459
26,17.0535,8.67533,7,0.213333,0.067248,0.601691
27,14.9847,8.1596,4,0.206667,0.0673682,0.708822
28,15.7063,7.9062,8,0.213333,0.0688769,0.813281
29,13.9856,8.41027,7,0.253333,0.0675742,0.710846
30,14.7565,8.76371,8,0.406667,0.0693855,0.831206
31,14.5967,7.78088,7,0.32,0.0650407,0.857604
32,14.228,7.92135,7,0.313333,0.0669324,0.883436
33,13.7187,7.98465,7,0.393333,0.0671578,0.895508
34,14.2894,8.80106,5,0.206667,0.0689671,0.644764
35,14.7136,9.25145,6,0.166667,0.0703375,0.713911
36,16.1916,8.1824,7,0.233333,0.0664097,0.651194
37,17.219,8.43687,10,0.373333,0.0696775,0.920133
38,13.8686,7.89685,5,0.18,0.0665178,0.827961
39,14.6944,8.09905,8,0.346667,0.0655544,0.813933
40,14.4413,7.70706,6,0.32,0.0648494,0.963966
41,14.8209,8.38274,7,0.546667,0.0686139,0.998149
42,14.6316,8.47348,6,0.253333,0.065888,0.774736
43,14.7919,7.84202,9,0.68,0.064955,0.9277
44,13.874,8.18614,5,0.226667,0.0666963,0.88066
45,17.6599,9.54914,7,0.493333,0.0720042,0.897028
46,14.9296,8.28459,8,0.366667,0.0656681,0.863409
47,13.6446,7.7463,4,0.366667,0.0661983,0.905769
48,15.0754,8.6513,8,0.426667,0.0673372,0.709216
49,14.1644,8.36446,6,0.313333,0.0668417,0.870524
50,15.9405,8.64044,8,0.326667,0.0663836,0.784173
51,16.2199,8.65412,8,0.42,0.0683642,0.918305
52,15.617,8.61367,10,0.413333,0.0673729,0.782405
53,14.6072,8.30786,2,0.106667,0.0702891,1.01502
54,13.694,8.10964,5,0.306667,0.0645073,0.820081
55,15.0712,9.1998,6,0.473333,0.0684344,1.01043
56,15.4066,8.47604,6,0.46,0.067445,1.00582
57,14.1351,8.53311,3,0.18,0.0700412,0.88892
58,13.6405,8.65004,4,0.233333,0.0667438,0.729738
59,13.6708,8.87541,5,0.426667,0.0673424,0.798098
60,12.8477,8.06641,4,0.18,0.0657082,0.827266
61,16.7442,9.29084,6,0.366667,0.0684799,0.790954
62,14.9975,8.17418,8,0.466667,0.0670488,0.935802
63,15.5123,9.01873,5,0.233333,0.0684053,0.822308
64,13.5907,8.15424,3,0.24,0.0665311,0.916969
65,14.3378,8.03984,9,0.293333,0.0676181,0.912156
66,16.1323,8.56629,5,0.273333,0.0695355,0.843846
67,14.8707,8.06227,6,0.286667,0.0658403,0.720693
68,15.3689,8.67094,9,0.333333,0.0702046,0.806734
69,16.6923,10.097,11,0.68,0.0684034,0.779695
70,15.2468,9.31734,3,0.353333,0.0709239,0.954999
71,14.1591,8.84908,7,0.4,0.068785,0.901215
72,12.3759,7.51715,4,0.353333,0.0650698,0.903989
73,15.937,7.85073,7,0.5,0.066921,0.941225
74,13.9685,8.53485,8,0.5,0.0669358,0.862098
75,13.9524,8.00151,5,0.28,0.0666266,0.909465
76,14.481,5.80708,13,0.233333,0.0685765,2.3976
77,17.4292,6.84943,7,0.286667,0.0665391,1.67184
78,13.3985,6.69181,8,0.173333,0.0684772,1.72531
79,14.9153,6.38269,7,0.153333,0.0643202,1.40558
80,14.9794,8.30679,7,0.18,0.0694517,1.49041
81,13.8058,6.75463,5,0.173333,0.0669164,1.48806
82,15.6452,7.31882,6,0.153333,0.0664649,1.42852
83,12.681,7.36918,9,0.153333,0.0667151,1.40889
84,13.2627,7.63228,6,0.0933333,0.0667994,1.3858
85,14.5108,7.65613,6,0.1,0.0685436,1.47402
86,16.205,8.00062,4,0.06,0.0690691,1.47465
87,14.3334,7.20881,11,0.226667,0.067361,1.44189
88,16.8835,7.6076,4,0.1,0.0658248,1.3594
89,15.4064,8.24813,7,0.186667,0.0692173,1.38555
90,16.5083,7.36444,5,0.153333,0.0691161,1.44018
91,16.8583,8.03565,5,0.146667,0.0693033,1.25872
92,15.7576,8.21848,7,0.246667,0.0685561,1.21821
93,15.061,8.08917,6,0.153333,0.0650225,1.1336
94,16.7014,7.526,8,0.126667,0.0681227,1.3951
95,15.6397,8.26314,6,0.153333,0.0692761,1.31716
96,13.6065,7.21779,11,0.1,0.0661229,1.23523
97,15.4401,7.76755,6,0.186667,0.0672697,1.11877
98,16.0756,8.11861,4,0.0666667,0.0684827,1.09988
99,15.6606,8.00102,5,0.113333,0.0674508,1.17825
100,14.1523,8.58984,5,0.14,0.0697311,1.32368
101,14.2377,8.17739,5,0.106667,0.0667455,0.968923
102,15.5765,8.18552,4,0.0733333,0.0696215,1.06984
103,13.3163,7.38683,10,0.186667,0.0647247,0.999724
104,13.352,8.20615,5,0.14,0.0673462,0.992343
105,13.5848,7.89163,5,0.0533333,0.0676689,1.01028
106,15.1071,7.2009,6,0.2,0.0703289,2.98872
107,15.8449,7.45432,6,0.24,0.0669222,2.15594
108,14.5067,7.94171,10,0.133333,0.0690519,2.23216
109,14.9544,8.02284,13,0.386667,0.0686655,2.10207
110,14.6123,7.48049,9,0.233333,0.0680216,1.98403
111,14.8088,8.06954,10,0.326667,0.0720695,2.04158
112,16.1265,7.76545,9,0.366667,0.068342,1.87817
113,14.4345,7.96985,4,0.113333,0.0638524,1.45368
114,16.9488,8.39476,7,0.14,0.0664176,2.00068
115,16.1603,7.92724,5,0.126667,0.0692028,1.95939
116,14.6537,7.92902,5,0.14,0.0674674,1.63126
117,15.5304,7.93187,7,0.186667,0.0649896,1.59346
118,17.6124,8.64814,6,0.313333,0.0660095,1.7927
119,12.852,7.65926,5,0.24,0.0681565,1.9592
120,16.2407,7.35293,6,0.206667,0.0632064,1.37674
121,17.0776,8.98038,6,0.153333,0.0692318,1.44175
122,12.9675,7.85875,7,0.34,0.0670664,1.40331
123,14.1372,8.24266,8,0.186667,0.0695575,1.25944
124,17.6782,8.29674,6,0.22,0.0692554,1.38656
125,15.6684,8.39935,7,0.2,0.0671342,1.2093
126,14.8191,8.388,6,0.113333,0.0692456,1.29783
127,13.3443,8.35926,4,0.126667,0.0696754,1.18423
128,14.7571,8.16154,5,0.0866667,0.0666223,0.859291
129,14.4798,8.37563,4,0.113333,0.069057,0.934322
130,15.2909,8.2599,6,0.173333,0.0661981,0.79895
131,15.1398,8.18511,5,0.0666667,0.0671347,0.77083
132,16.7226,9.04528,7,0.166667,0.0704775,0.828012
133,16.3861,8.42705,7,0.166667,0.068773,0.771361
134,14.736,8.46589,5,0.0333333,0.0667563,0.809559
135,18.8867,8.17419,6,0.173333,0.0652748,0.936413
136,18.7097,8.27789,2,0.0466667,0.0664288,0.739314
137,14.9739,8.29343,5,0.106667,0.0683066,0.824115
138,16.3694,8.53816,3,0.0866667,0.0675334,0.823975
139,16.3883,8.07297,6,0.233333,0.0660491,0.904955
140,17.4077,8.36695,6,0.213333,0.069661,0.754771
141,17.4838,8.21235,5,0.0733333,0.0655752,0.888064
142,15.5419,8.41415,3,0.113333,0.0683948,0.899676
143,17.8728,8.97751,4,0.106667,0.0700785,0.81595
144,14.2989,8.38983,3,0.113333,0.0656317,0.790462
145,17.6417,8.20727,6,0.166667,0.0689004,1.04997
146,16.6869,7.99369,4,0.133333,0.0663203,0.763548
147,15.3527,8.35224,6,0.173333,0.0670167,0.855728
148,15.3861,8.68017,7,0.113333,0.0658536,0.65857
149,17.4178,8.46797,4,0.206667,0.0671247,0.976785
150,17.2524,8.65325,4,0.113333,0.0690382,1.1729
151,16.8883,8.05635,2,0.0933333,0.0674728,1.06667
152,14.2295,7.97491,9,0.153333,0.0653984,0.85799
153,15.9389,9.06631,3,0.12,0.0679669,1.00398
154,15.8324,8.44297,5,0.186667,0.0675586,1.18851
155,14.6007,8.31904,5,0.173333,0.0662351,1.03868
156,17.766,8.57596,3,0.0866667,0.0665654,1.22507
157,16.9569,8.59717,12,0.173333,0.0660244,1.28321
158,14.5864,9.05799,6,0.186667,0.0678692,0.971138
159,16.0204,8.45655,5,0.14,0.0684032,1.2622
160,15.9756,8.5273,7,0.0733333,0.0660611,0.707629
161,16.2779,8.25146,4,0.0666667,0.0659629,0.9768
162,15.1549,8.72188,3,0.0533333,0.0679449,0.904537
163,15.8033,7.86055,5,0.14,0.0634932,0.741098
164,15.5028,8.25944,5,0.0933333,0.0653791,0.847615
165,14.9623,8.33758,6,0.126667,0.0658295,0.91554
166,16.6947,7.33415,7,0.46,0.0665544,3.67738
167,18.4996,7.46693,7,0.333333,0.0681809,2.42951
168,15.8023,8.05587,3,0.0866667,0.0690358,2.28842
169,16.5082,8.45506,6,0.213333,0.0699787,1.97455
170,17.1558,8.31941,13,0.373333,0.0682636,1.71015
171,17.0701,9.15364,7,0.3,0.0688394,1.7848
172,16.2167,9.43516,10,0.186667,0.0697654,1.90806
173,17.1857,8.05226,7,0.22,0.0639051,1.6859
174,16.3926,9.11726,7,0.16,0.0695008,1.82643
175,17.2244,8.772,6,0.186667,0.0692257,1.97636
176,15.3819,8.20688,8,0.366667,0.0660833,2.08625
177,16.1918,8.50866,8,0.34,0.0695404,2.11579
178,18.1754,8.41932,7,0.28,0.0659458,1.71979
179,15.4027,8.49305,9,0.306667,0.0668643,1.69442
180,14.4677,8.88522,6,0.193333,0.0678643,1.65883
181,17.3809,8.03971,7,0.113333,0.0643527,1.30598
182,16.0406,8.51003,8,0.22,0.0657596,1.7317
183,15.0761,8.41815,6,0.24,0.0696708,1.96359
184,15.98,8.93084,8,0.193333,0.0649239,1.43778
185,17.1669,9.20448,9,0.193333,0.0664688,1.58663
186,15.9506,9.03819,5,0.153333,0.0681235,1.91799
187,16.9261,8.96583,5,0.186667,0.0661696,1.74205
188,15.1723,8.29875,4,0.1,0.0645373,1.67185
189,16.8341,9.40395,8,0.16,0.0692971,1.81695
190,16.3564,8.93991,9,0.233333,0.0697889,1.843
191,17.5024,9.38299,8,0.16,0.0676171,1.75074
192,16.4259,9.15839,6,0.166667,0.0677801,1.68374
193,16.8217,9.6132,8,0.22,0.0657385,1.49795
194,15.3368,9.01339,7,0.206667,0.0693989,2.0536
195,15.4236,8.92233,8,0.3,0.0677424,1.53175
196,15.227,8.10187,9,1.58667,0.070213,3.65543
197,17.2551,8.87311,10,1.35333,0.0686716,3.26293
198,15.9002,8.6754,7,1.09333,0.0673438,3.13343
199,16.4611,8.28072,9,0.82,0.0713722,3.06345
200,17.9025,9.06244,9,0.946667,0.0660559,2.71209
201,16.7512,8.45819,8,0.72,0.0688158,3.01157
202,17.5683,8.79654,10,1.02667,0.0688701,2.67509
203,15.6321,7.89139,6,0.466667,0.0688953,2.65243
204,15.3214,7.77922,8,0.506667,0.0674562,2.2143
205,15.14,7.69622,9,0.686667,0.0677429,2.32894
206,16.5887,8.15013,10,0.54,0.068417,2.15948
207,19.6085,9.16277,11,0.633333,0.0699041,2.0138
208,17.2958,9.24396,9,0.766667,0.0698139,2.01935
209,18.1842,9.27697,11,0.453333,0.0659059,1.89091
210,16.4678,9.28213,8,0.566667,0.0705327,2.29598
211,16.9853,9.14445,11,0.606667,0.0667853,1.83486
212,17.5335,9.03983,10,0.526667,0.067099,2.06333
213,15.6229,8.20748,8,0.42,0.0684803,2.30531
214,17.5022,8.91971,11,0.453333,0.0667607,1.97008
215,16.6794,8.42363,8,0.453333,0.0653314,2.10393
216,18.8707,9.66838,13,0.846667,0.0695675,2.31769
217,18.7857,9.74107,12,0.8,0.0670692,2.24548
218,17.8584,9.18466,11,0.826667,0.0679192,2.07336
219,17.1201,8.72312,9,0.526667,0.064864,1.97617
220,17.9628,9.2477,10,0.426667,0.0658023,1.95099
221,16.694,9.26931,8,0.366667,0.0702277,2.30082
222,16.7403,9.08301,9,0.333333,0.0663716,1.77718
223,16.8087,9.54769,9,0.566667,0.0684392,1.97436
224,16.5454,9.27104,9,0.586667,0.067302,1.89977
225,16.9884,9.28284,9,0.453333,0.068858,1.77483
226,17.3352,9.42096,12,0.673333,0.0695016,2.16253
227,17.3033,8.87005,9,0.586667,0.065195,2.06811
228,18.6541,10.0037,11,1.02,0.0693885,2.25584
229,16.3154,8.44969,11,0.626667,0.0664437,2.3492
230,16.9986,9.36364,9,0.793333,0.0677074,2.0384
231,17.2508,9.48308,9,0.646667,0.0679654,2.20331
232,17.2132,8.69101,8,0.393333,0.0670277,1.91226
233,16.8536,9.26081,10,0.666667,0.0682125,1.9708
234,17.1331,9.85697,9,0.586667,0.0695856,1.91703
235,19.851,9.63302,13,0.713333,0.069628,1.97394
236,18.6528,9.75971,14,0.913333,0.068301,1.98517
237,17.4655,9.24122,11,0.78,0.067608,2.04551
238,19.3087,9.42616,11,0.646667,0.0659762,1.95454
239,17.5329,9.13882,9,0.653333,0.0667572,2.12536
240,19.8397,9.74621,13,0.713333,0.069164,2.11269
241,18.1166,8.87761,10,0.78,0.0711988,2.23687
242,19.0291,8.86599,10,0.606667,0.0680286,2.03901
243,14.7533,8.3422,6,0.4,0.0636205,1.52327
244,17.0348,8.69292,7,0.713333,0.0680207,2.12927
245,19.8578,10.0539,14,1.06,0.0696817,1.86257
246,16.7407,8.80728,10,0.593333,0.0648187,1.43958
247,17.9979,9.68786,11,0.813333,0.0685156,1.41678
248,16.4973,9.48736,9,0.686667,0.0677353,1.54568
249,16.5679,8.49954,11,0.54,0.0655146,1.49926
250,18.733,9.63561,11,0.76,0.066136,1.44488
251,17.4106,9.19444,10,0.753333,0.0670582,1.54514
252,19.737,10.0044,12,0.886667,0.0708685,1.54879
253,17.3364,9.29822,10,0.673333,0.0706608,1.52861
254,15.6621,9.72125,10,0.726667,0.0702243,1.39605
255,17.9219,8.52006,11,0.793333,0.0661885,1.44189
256,18.7828,9.95969,11,0.82,0.0693914,1.32069
257,16.4826,10.088,10,0.713333,0.0701886,1.41223
258,19.0501,9.70635,13,0.913333,0.0674783,1.23996
259,19.5076,8.93021,13,0.833333,0.0646205,1.22548
260,17.7343,8.96234,10,0.76,0.0665375,1.46748
261,16.1848,8.52985,10,0.533333,0.0667621,1.46062
262,16.2585,8.56876,8,0.533333,0.0669063,1.40445
263,17.1535,9.29278,9,0.646667,0.0664569,1.08765
264,15.2991,8.50447,7,0.6,0.0631518,1.32626
265,15.976,8.1323,8,0.4,0.0661019,1.51405
266,18.5355,8.7703,10,0.533333,0.0671929,1.51529
267,16.798,9.23816,9,0.493333,0.0702718,1.50085
268,17.6383,7.86604,11,0.346667,0.065482,1.30804
269,18.493,8.93441,11,0.72,0.0660209,1.39653
270,17.7598,8.83409,11,0.706667,0.0660306,1.44251
271,16.4961,8.94687,10,0.413333,0.0695635,1.35177
272,17.3191,9.22835,11,0.626667,0.0706384,1.31069
273,19.7028,9.44475,10,0.593333,0.0681743,1.23939
274,17.0225,9.09804,10,0.56,0.0691087,1.33578
275,18.1303,8.55236,11,0.5,0.0660842,1.29098
276,15.8294,8.67375,10,1.05333,0.0671316,3.43642
277,15.2656,7.97112,9,0.88,0.0795652,3.24859
278,18.5601,9.70264,12,1.44,0.0668055,2.9051
279,18.6663,9.35639,12,1.82667,0.07032,2.84647
280,15.9132,8.78653,9,0.993333,0.0666942,2.31818
281,18.3124,9.45487,11,1.26,0.0693701,2.16769
282,18.5002,10.3675,12,1.65333,0.0685367,2.3841
283,18.3939,9.61227,10,1.32,0.0695111,2.39052
284,17.1029,9.60353,9,1.52,0.0666841,2.31637
285,17.667,10.1515,11,1.70667,0.0682294,2.30302
286,17.4634,9.44658,10,1.64667,0.0690699,2.76135
287,17.8641,10.3094,11,2.08,0.06454,2.3728
288,17.5812,10.5855,10,1.99333,0.0680847,2.59062
289,18.0269,9.66997,10,1.37333,0.0681325,2.53562
290,16.6318,8.92559,9,1.24667,0.067987,2.61013
291,17.1188,9.7001,10,1.64667,0.0667129,2.58363
292,17.573,8.91644,11,1.6,0.0688504,2.67952
293,19.4361,10.7689,13,2.51333,0.066057,2.42861
294,17.2202,10.2678,10,2.18667,0.0682544,2.8276
295,16.9509,10.2221,10,1.86,0.0663435,2.50937
296,16.156,9.55008,11,1.28667,0.0661476,2.42467
297,16.6727,9.45761,11,1.91333,0.0642129,2.6476
298,17.3512,9.73539,10,1.18,0.0672362,2.53579
299,18.7016,10.408,13,2.13333,0.0654141,2.58679
300,18.9583,10.9239,11,1.78667,0.0675676,2.37823
301,17.3833,9.41683,11,1.36,0.0663348,2.39098
302,19.1123,9.18182,10,1.33333,0.064128,2.1657
303,20.0135,10.5384,15,1.56667,0.0694238,2.07334
304,17.5353,10.278,11,1.86,0.0665702,2.22116
305,16.9941,10.4339,15,1.86667,0.0688876,2.36542
306,19.1857,10.372,12,1.57333,0.070074,2.33239
307,18.2342,9.52421,11,1.58667,0.0705862,2.42653
308,19.349,10.0895,12,1.74667,0.0671959,2.13931
309,17.5433,9.90237,11,1.36667,0.066802,1.99901
310,18.8312,10.0619,13,2.10667,0.0661891,2.45948
311,16.5453,9.43065,10,1.6,0.0673296,2.40755
312,19.9,10.3822,13,2.10667,0.0699937,2.47334
313,18.5374,10.5758,12,2.10667,0.0676701,2.32632
314,19.5739,10.5281,11,1.79333,0.067843,2.30737
315,19.4565,10.9734,13,1.86,0.0672893,2.44009
316,18.5476,10.1155,12,2.1,0.0680397,2.33517
317,16.0552,9.43919,10,1.53333,0.0634848,2.24063
318,17.4599,9.95833,11,1.69333,0.0689424,2.30765
319,19.1551,9.72818,11,1.62,0.0684784,2.29732
320,16.8607,8.47083,11,1.37333,0.0650626,2.04257
321,19.4508,10.3069,13,2.24667,0.0692124,2.1622
322,21.1321,10.8218,14,2.10667,0.0688163,2.02636
323,18.7268,9.84476,10,1.4,0.0680385,2.16088
324,16.3005,9.32659,10,1.68,0.0677291,2.15791
325,17.814,9.79862,10,2.04,0.0679532,2.35734
326,20.12,9.65069,14,2.02,0.067597,2.06664
327,19.8705,11.1803,12,2.47333,0.0689412,2.25509
328,17.753,9.12413,10,1.44667,0.0673468,2.351
329,18.2254,9.84502,11,1.51333,0.066345,1.67623
330,19.4078,9.92666,14,1.74667,0.0667521,1.97816
331,18.7248,9.87601,12,2.04,0.0653864,1.88594
332,19.6408,10.151,12,2.26,0.0687958,2.32442
333,19.9276,9.81393,13,1.54667,0.0661069,1.75119
334,20.1237,10.8338,14,2.04667,0.0694747,1.9272
335,17.0015,9.24968,11,1.82,0.0650663,1.92573
336,18.421,9.82715,11,1.61333,0.06934,2.2506
337,19.0689,9.87208,12,1.71333,0.0641684,1.76366
338,19.797,10.2356,13,2.06667,0.0665774,2.02462
339,19.4136,10.4128,13,2.12667,0.0684953,2.20528
340,20.1921,9.49183,12,1.56,0.0676764,1.75222
341,20.0121,10.1322,12,1.82,0.0657325,1.93404
342,20.4215,10.1131,14,1.80667,0.0673933,2.1302
343,19.273,9.9555,12,1.59333,0.0697901,2.28039
344,17.301,8.96636,11,1.34667,0.0672407,1.77405
345,20.2446,10.2666,14,2.1,0.0680527,2.14112
346,17.1011,8.86083,10,1.32667,0.0666769,2.00788
347,18.338,9.11356,11,0.786667,0.0682409,1.54648
348,18.4555,9.48878,12,1.12,0.0661272,1.41231
349,19.2433,9.33772,13,1.3,0.0665887,1.52582
350,20.0428,9.49075,13,1,0.0678354,1.81641
351,17.6872,8.74634,11,1.4,0.0669218,2.19334
352,18.6625,9.08706,12,1.38667,0.0672231,1.74617
353,16.8539,8.38258,11,2.18,0.0903828,2.88394
354,19.727,9.64431,13,2.09333,0.0672176,2.36434
355,19.8846,8.92205,12,2.04,0.0683617,2.41768
356,19.1033,10.1543,13,2.03333,0.0689005,2.43851
357,19.9809,9.61447,14,2.16,0.0649715,2.20309
358,19.5847,10.0505,14,2.14667,0.070599,2.46804
359,18.6676,10.6555,14,2.41333,0.0679417,2.4103
360,20.9706,9.93368,15,1.88,0.0691306,2.5059
361,16.6366,8.35977,12,1.16,0.0688863,2.38775
362,18.4801,8.61494,11,1.7,0.0647348,2.18608
363,20.0644,9.98104,12,2.29333,0.0665742,2.37546
364,18.4961,10.3891,12,2.32,0.0698275,2.50664
365,18.0967,9.51447,10,1.49333,0.0660292,2.14389
366,19.1925,10.7185,12,2.2,0.0698364,2.3192
367,19.6852,10.0536,12,1.87333,0.0677001,2.26953
368,21.1122,10.9947,14,2.01333,0.0714049,2.63178
369,18.7423,9.26168,11,1.32,0.0682818,2.27779
370,19.3804,10.1083,12,2.00667,0.0680312,2.33322
371,17.6661,9.75524,11,1.74,0.0677639,2.20389
372,17.2161,10.1782,11,1.72667,0.070428,2.33284
373,19.265,10.0285,12,1.44667,0.0643631,2.0225
374,18.4881,10.518,11,1.58,0.0677181,2.34927
375,19.1273,10.2664,12,1.5,0.0651999,2.11007
376,18.6082,10.3971,12,1.26667,0.0682256,2.2126
377,20.4026,10.7629,13,1.53333,0.0663466,2.06106
378,21.4125,10.8547,15,1.61333,0.0688001,2.14582
379,19.4668,11.1248,13,1.62,0.0681207,2.21764
380,20.5207,10.6561,14,1.53333,0.064582,2.32336
381,20.3196,10.8493,14,1.88,0.0718738,2.70896
382,19.9198,11.3556,13,1.85333,0.0688711,2.30453
383,21.2724,11.4796,14,1.89333,0.0700754,2.39673
384,20.7947,11.2885,13,1.80667,0.0664425,2.19254
385,18.3698,9.64841,12,1.32667,0.0674323,2.3198
386,18.9234,10.653,13,1.75333,0.0672541,2.3124
387,19.7944,11.3007,13,1.86,0.07047,2.49514
388,20.0869,10.7629,13,1.78,0.0702465,2.685
389,19.3222,11.3875,12,2.1,0.0678521,2.37664
390,21.0959,10.5032,14,1.41333,0.066598,2.35555
391,18.5166,11.0242,13,1.74,0.0692998,2.67956
392,20.3531,11.7096,14,1.81333,0.0683997,2.32548
393,20.8839,10.7176,13,1.74667,0.0682144,2.50825
394,18.2024,10.3021,13,1.56667,0.0683102,2.50056
395,20.2351,11.8686,14,1.76,0.0704901,2.42449
396,18.1347,10.2727,11,1.42667,0.0705836,2.66768
397,18.3566,10.144,11,1.25333,0.0685353,2.35489
398,20.7088,11.4397,15,2.20667,0.0684198,2.41418
399,18.4431,10.3629,12,1.27333,0.0654588,2.16509
400,18.8578,9.15191,12,1.30667,0.0683352,2.55194
401,19.0225,10.496,14,1.48,0.0651931,2.09102
402,18.7086,10.4072,12,1.36,0.0680996,2.44696
403,20.1438,10.7847,13,1.43333,0.0674474,2.11222
404,17.7215,10.0722,11,1.49333,0.0683742,2.45318
405,18.6985,10.5632,10,1.24,0.0699087,1.93939
406,17.0418,9.57803,9,1.04,0.0667521,2.35696
407,17.7134,10.3371,8,0.926667,0.0679805,2.32477
408,18.4168,10.2394,9,0.953333,0.0670767,2.3293
409,18.875,9.11811,12,2.18667,0.0765008,2.81659
410,17.6723,8.05351,12,1.59333,0.0671424,2.57253
411,19.1957,9.53408,11,2.08667,0.064846,1.9184
412,18.0919,9.81304,9,1.38,0.0680589,2.08106
413,17.4324,8.3928,13,1.47333,0.0679876,2.43683
414,15.7237,8.26093,8,0.933333,0.0660591,2.07417
415,18.216,8.57652,12,1.16,0.0659324,1.89304
416,18.8634,8.82369,14,1.14,0.0687944,2.13206
417,17.5084,8.92732,10,1.10667,0.068627,1.99068
418,18.324,9.37958,11,1.40667,0.0688411,2.1237
419,20.56,9.17535,13,1.25333,0.0675274,2.00192
420,19.0604,8.90433,12,0.8,0.0685557,2.20557
421,18.2485,9.45297,9,1.07333,0.0707909,2.02373
422,19.7482,9.65121,11,1.02667,0.0669478,1.89106
423,19.6388,9.04141,12,1.25333,0.0678484,2.00623
424,17.9445,9.35026,10,1.1,0.0671228,2.07545
425,18.1505,9.62042,11,1.14,0.0692629,2.34578
426,16.851,8.72434,10,0.753333,0.0682685,2.14681
427,18.359,9.37358,12,1.38,0.0696766,2.13727
428,19.3549,9.69741,11,1.20667,0.0680459,2.0406
429,15.9729,8.08442,9,0.913333,0.065211,1.98344
430,15.4772,8.13671,11,0.946667,0.0665426,1.974
431,17.9095,9.66941,10,0.96,0.0686492,1.92118
432,18.1311,9.42743,10,1.08667,0.0681462,2.14577
433,18.1633,9.18404,11,0.94,0.0681062,2.08278
434,17.395,9.68961,9,1.29333,0.0672354,1.95765
435,19.697,9.70919,12,1.24,0.0691564,2.34496
436,19.5795,8.72179,14,1.28667,0.0704799,2.36334
437,20.8569,9.16632,12,1.17333,0.0703872,2.27421
438,16.0567,9.03866,10,1.29333,0.0679318,2.0268
439,16.768,8.68583,12,2.12667,0.0710928,3.45448
440,18.9809,8.48577,13,1.55333,0.0689475,2.9198
441,20.2843,8.34683,13,1.41333,0.0670115,2.65662
442,18.6228,8.7685,12,1.04,0.0699696,2.53429
443,18.3762,8.88345,13,0.84,0.0692033,2.3375
444,18.4417,8.33166,11,0.913333,0.0669183,2.16607
445,17.5043,9.49036,10,1.04667,0.0684789,2.34491
446,16.2359,7.40647,11,0.633333,0.0647617,2.10548
447,18.0398,8.89162,12,1.03333,0.0675525,1.90748
448,20.5819,9.54316,13,0.92,0.0667696,1.94366
449,15.7562,8.76992,11,0.886667,0.0688221,1.95014
450,20.0915,9.73804,14,1.02667,0.0700763,1.71021
451,18.2551,9.35382,14,0.926667,0.0684731,1.91643
452,19.0791,8.97958,12,0.74,0.0650714,1.57082
453,20.7488,9.9018,14,1.18,0.0672416,1.7018
454,20.2367,8.7571,13,1.52667,0.0681268,2.27441
455,15.5315,8.61106,10,1.03333,0.0681465,2.00863
456,20.3396,9.72662,14,0.993333,0.0672835,1.87617
457,19.2007,8.8175,12,0.96,0.06603,2.15376
458,18.2724,9.54886,12,1.00667,0.0697624,2.07902
459,19.2265,10.0766,12,1.04,0.0696609,1.7554
460,20.247,9.75646,13,0.84,0.0675667,1.66529
461,17.4731,8.74378,10,0.806667,0.0668526,1.93655
462,17.7724,9.93128,9,0.786667,0.0673387,1.82908
463,18.6289,9.53459,13,1.23333,0.0686866,2.08201
464,18.6824,9.32625,12,0.98,0.0705027,2.03786
465,19.6332,8.90285,13,0.82,0.0674846,1.95718
466,18.873,9.01486,12,0.773333,0.0676603,2.01732
467,20.1493,9.39079,13,0.913333,0.0665905,1.94817
468,20.7216,9.53737,15,0.893333,0.0689226,1.98679
469,18.9955,8.78975,12,2.65333,0.0702421,3.28103
470,18.1603,8.14031,13,1.62,0.0680837,3.04194
471,19.3828,9.63956,14,2.52,0.0656248,2.76561
472,17.6984,8.9128,10,1.35333,0.0679304,2.67746
473,19.7392,9.05018,13,1.82667,0.0697263,2.50538
474,19.1644,9.76686,12,2.02667,0.0699603,2.35034
475,19.5364,8.80625,12,1.17333,0.0661917,1.93677
476,19.2821,8.66054,13,1.61333,0.0653956,2.31762
477,18.5584,8.71616,14,1.74667,0.0687838,2.51755
478,17.1759,8.50578,14,1.76,0.0686305,2.43497
479,19.3588,9.19418,14,2.15333,0.0655041,2.53192
480,18.2661,9.28899,14,2.27333,0.0686945,2.4536
481,17.2843,8.34301,12,1.67333,0.0625228,2.28773
482,20.289,8.89032,14,1.78,0.06553,2.28129
483,20.331,9.46057,14,1.74,0.0632947,2.14314
484,18.0068,9.07004,15,1.87333,0.06769,2.47346
485,19.0337,10.0621,14,2.05333,0.0675755,2.4131
486,19.3624,8.56985,13,1.45333,0.066356,2.2475
487,19.5631,8.83341,14,1.54,0.0678675,2.25909
488,20.4873,9.46838,13,1.86,0.0650884,2.11811
489,18.9219,10.0282,13,1.51333,0.0679467,2.16208
490,18.5562,9.33389,13,1.72667,0.0676342,2.14041
491,20.5542,10.2886,15,2.58,0.0674035,2.35505
492,20.6272,9.53628,14,2.11333,0.0686376,2.37541
493,20.5912,10.2103,14,2.22667,0.0677548,2.18127
494,20.0888,9.56303,13,1.92667,0.0665128,2.22537
495,17.9577,9.38266,12,1.63333,0.0672618,2.21315
496,19.4409,10.0332,13,1.52667,0.0675641,2.11917
497,20.5845,10.5777,15,2.05333,0.0692378,2.31155
498,18.8953,10.1673,13,2.12667,0.0692073,2.10369
499,19.3361,8.69311,11,2.27333,0.0672023,2.92333
500,18.3671,7.61601,11,1.16,0.0645835,2.60617
501,20.3378,8.38852,14,1.77333,0.0674603,2.7895
502,18.9318,8.00146,10,1.26667,0.0683295,2.49296
503,19.345,8.5993,12,0.76,0.0664992,1.84958
504,17.8918,8.1272,11,0.866667,0.0662464,1.93323
505,17.748,8.49362,12,0.853333,0.0704067,1.93091
506,18.0414,8.28185,11,0.686667,0.066181,1.36682
507,20.1745,9.23218,12,0.926667,0.0670171,1.62538
508,18.4852,8.37898,10,0.693333,0.0669127,1.79258
509,17.7006,8.51988,11,0.706667,0.0696793,1.66295
510,18.305,9.29734,12,0.973333,0.0698247,1.34496
511,17.8126,8.81535,11,0.726667,0.0680523,1.33436
512,20.5318,9.11983,13,0.78,0.0678162,1.3089
513,18.2933,9.87974,12,1.06667,0.0682003,1.35751
514,19.2202,8.86309,13,0.906667,0.0670392,1.35795
515,20.0297,9.34222,13,1.03333,0.0663367,1.13932
516,19.4626,9.26717,11,0.706667,0.0700285,1.24567
517,19.5287,9.32243,12,0.88,0.0686631,1.30837
518,21.4802,9.19856,15,1.18,0.0678528,1.25706
519,17.8634,9.19941,10,1.04667,0.066721,1.52873
520,18.484,10.4782,11,1.16,0.070809,1.57681
521,21.1509,9.55572,14,1.40667,0.0674199,1.58791
522,20.0188,9.35544,13,1.40667,0.0665971,1.61843
523,21.5511,8.70719,15,1.08,0.0648097,1.55398
524,21.0691,9.77782,14,1.35333,0.0680091,1.52777
525,18.8358,9.62994,12,1.10667,0.0711834,1.64218
526,20.0339,9.40904,12,0.873333,0.0695854,1.32583
527,19.1278,9.4559,13,1.12,0.0713297,1.59097
528,19.0945,9.59179,13,1.18,0.0692164,1.15775
529,20.8308,8.91669,15,0.966667,0.0643666,1.18899
530,18.5342,9.25994,13,1.15333,0.0666458,1.31938
531,19.1939,9.66578,13,0.873333,0.0694935,1.43106
532,18.5998,8.96164,13,0.753333,0.0666055,1.33272
533,19.8928,9.32076,14,1.06,0.0678869,1.02609
534,19.6529,9.39614,12,1.12,0.0677804,1.41431
535,18.8724,8.52886,12,0.9,0.0672829,1.55934
536,20.8176,9.08707,14,1.3,0.0667999,1.44939
537,20.2033,8.91611,13,1.4,0.0668919,1.37058
538,19.3411,9.69347,13,1.14,0.0683239,1.27537
539,20.3385,9.58169,14,1.30667,0.0660661,1.35571
540,19.1152,9.55236,13,1.27333,0.0687637,1.43564
541,20.8314,9.07241,13,1.24,0.0671399,1.26491
542,21.2224,8.61585,14,1.01333,0.0675358,1.24572
543,19.9677,9.42202,15,1.12667,0.0693366,1.23444
544,20.5506,8.95343,13,1.26,0.0651854,1.37627
545,18.779,9.47533,13,1.31333,0.0694391,1.54069
546,19.073,9.32158,12,1.23333,0.0688874,1.34448
547,19.3811,9.16226,13,1.13333,0.066623,1.1423
548,17.1502,9.01847,10,0.953333,0.0671517,1.1277
549,20.2803,8.8932,14,0.92,0.0669776,1.15386
550,18.8578,8.5271,12,0.633333,0.069168,1.07867
551,17.8732,8.07256,11,0.613333,0.0657185,1.13026
552,17.4679,8.02494,12,0.433333,0.0678623,1.42514
553,17.5109,7.5705,12,0.306667,0.0663055,1.00355
554,19.4596,9.21909,14,2.72,0.0747026,3.24088
555,18.4589,8.70409,10,1.59333,0.06936,2.76452
556,20.8368,10.5887,14,3.12,0.070208,3.00952
557,19.0101,8.85557,11,1.65333,0.0669302,2.16504
558,20.1875,9.49445,13,2.62,0.0663194,2.58744
559,18.2554,8.81634,12,2.16667,0.0705607,2.63274
560,19.3564,8.21189,13,1.88,0.0685688,2.36827
561,20.7945,9.33731,14,2.56,0.067168,2.56121
562,17.2624,8.71804,12,1.67333,0.0679862,2.15263
563,18.0569,9.65455,11,1.9,0.0685053,2.10724
564,19.1328,9.15833,11,1.68667,0.0674637,2.22552
565,20.8583,10.0675,12,1.99333,0.0678046,2.27879
566,18.681,8.87155,12,1.69333,0.0680729,2.23449
567,18.3127,8.58223,9,1.15333,0.0685739,2.06228
568,18.5092,9.49061,11,1.75333,0.0685611,2.05117
569,19.8297,9.91197,14,1.78,0.0675159,2.10871
570,18.0781,8.82089,12,1.46667,0.0678449,2.30099
571,19.2575,9.32167,12,1.52,0.068461,1.97659
572,17.5885,8.90794,11,1.34667,0.0646451,1.90399
573,19.6874,9.7357,12,1.46,0.0667248,2.20819
574,19.3378,10.2932,12,1.84,0.0702489,2.37957
575,18.2797,9.3103,10,1.70667,0.0672428,2.34963
576,18.7231,9.84342,11,1.38,0.0668747,2.30771
577,18.9576,10.276,13,1.86667,0.0669768,2.40255
578,19.8939,9.8415,13,1.82667,0.0682332,2.18215
579,18.3219,8.89037,10,1.2,0.0667914,2.07899
580,20.3153,9.81209,13,1.83333,0.066039,2.06932
581,19.003,9.72863,12,1.4,0.0681797,2.22916
582,18.8549,8.89883,12,1.31333,0.0649266,1.86278
583,19.5471,10.0357,11,1.16667,0.0665565,2.14899
584,20.1607,10.756,11,2.96667,0.0851767,3.16842
585,19.9208,9.28199,13,2.38,0.0769303,3.08791
586,19.2741,10.0768,13,2.18667,0.0664568,2.78217
587,18.5904,9.90007,8,1.88667,0.0662038,2.77791
588,16.5244,8.91813,7,1.41333,0.0660666,2.64734
589,20.4135,11.2093,14,3.03333,0.0719612,2.73315
590,18.7408,10.4799,10,2.49333,0.0669733,2.41942
591,18.5163,10.1852,14,1.96,0.0673525,2.64388
592,19.4486,10.1777,13,2.54,0.0659045,2.50106
593,21.3096,10.1142,14,2.36667,0.0672211,2.60682
594,18.9478,9.87661,13,2.30667,0.0691702,2.39225
595,17.5206,9.99519,10,2.21333,0.0647965,2.65444
596,21.2399,11.6279,13,2.91333,0.068302,3.0538
597,18.1565,10.0524,12,2.48667,0.0670887,2.92662
598,18.9208,10.2042,11,2.47333,0.0672872,2.88697
599,18.5387,10.3099,10,2.16,0.0682051,2.79201
600,20.5083,10.3575,13,2.27333,0.0684009,2.73163
601,18.0691,8.88142,9,1.66667,0.0642759,2.82559
602,20.2593,11.2933,11,2.48667,0.0640173,2.66303
603,19.7967,11.5408,11,2.65333,0.0686544,2.83451
604,20.3334,11.3012,11,2.6,0.0680232,2.69302
605,20.3841,10.9797,14,2.76,0.0677466,2.63281
606,20.4298,12.1909,13,3.03333,0.0718936,2.7942
607,20.6591,11.8621,14,3,0.0688515,2.44933
608,20.9958,11.1509,14,2.88667,0.0694163,2.57414
609,20.6161,11.1749,14,2.38,0.0700606,2.54249
610,20.9431,10.8729,14,2.51333,0.0689305,2.65369
611,18.5118,9.95956,11,1.97333,0.0688801,2.86586
612,19.1278,10.6789,12,2.67333,0.0677689,2.56916
613,20.4283,11.5782,13,2.64,0.0676926,2.42624
614,19.9547,9.78932,13,3.30667,0.068942,3.11596
615,19.4983,8.40015,13,2.69333,0.0700178,3.26901
616,20.7902,9.8496,14,2.96667,0.0701965,3.18522
617,20.8661,9.42424,14,2.94,0.0710953,3.05545
618,19.5397,9.39054,13,2.74,0.0658171,2.90784
619,19.5276,8.75756,13,2.48,0.068964,2.67047
620,17.8065,8.9544,12,2.44667,0.0666199,2.32912
621,21.3414,9.63866,14,2.60667,0.0702367,2.70072
622,19.5373,9.84414,13,2.53333,0.0692355,2.59208
623,19.3542,9.33084,15,2.3,0.0702957,2.67414
624,18.3905,9.10797,12,1.88667,0.0698475,2.29551
625,19.495,8.88295,12,1.84667,0.0659424,2.12919
626,20.5517,9.41919,15,2.33333,0.0693529,2.73537
627,20.3892,9.46965,14,2.2,0.0660231,2.00146
628,18.4641,9.00709,12,1.88667,0.0696693,2.54238
629,19.7945,9.31594,14,2.05333,0.0679349,2.2947
630,20.8041,9.75076,14,2.16,0.0655868,2.15118
631,20.1011,9.65783,13,2.28,0.0678691,2.60766
632,21.2529,9.1383,14,2.42667,0.0683566,2.71461
633,19.2985,9.5522,13,2.18667,0.068719,2.51762
634,19.6184,9.87301,13,2.28667,0.0689865,2.5545
635,19.9714,10.4298,13,2.44667,0.0662949,2.40341
636,18.9638,9.02772,13,1.94,0.0677026,2.58845
637,19.4333,10.0308,13,2.3,0.0672665,2.28927
638,21.3217,9.1866,14,2.16,0.0663922,2.17253
639,19.3882,9.58049,12,2.13333,0.0696666,2.36829
640,19.7921,10.6053,13,2.48667,0.0683359,2.01784
641,19.1711,10.1172,12,2.13333,0.0677309,2.12114
642,19.5133,10.1122,12,2.36667,0.0667533,1.96021
643,20.818,9.51893,14,2.2,0.0676036,2.07628
644,19.1396,9.09307,12,2.6,0.06902,2.78398
645,21.3518,9.67736,14,2.40667,0.0701842,2.84518
646,19.6726,10.5857,14,3.68,0.0705258,2.70609
647,20.7498,10.1271,14,3.52667,0.0681784,2.68521
648,17.681,8.69725,10,2.02,0.0641587,2.35041
649,21.6183,10.5454,15,3.09333,0.0671791,2.5744
650,20.4739,10.143,13,2.81333,0.0690086,2.679
651,20.2113,10.8315,13,3.26667,0.0699982,2.77463
652,21.1105,9.97317,14,2.96667,0.067829,2.53468
653,18.9701,9.91886,12,2.67333,0.0672562,2.82286
654,20.6766,9.75777,13,3.1,0.0665189,2.33123
655,19.7974,9.78536,13,2.69333,0.0673337,2.38743
656,20.1347,10.0317,14,2.53333,0.0706843,2.4336
657,19.3875,10.2218,12,2.56,0.06689,2.05028
658,18.3694,10.325,12,2.46667,0.0713312,2.23487
659,21.4374,10.067,14,2.92667,0.0655425,2.24282
660,19.3717,10.2533,12,2.88,0.0675322,2.22537
661,18.8033,10.9539,11,2.72,0.0693012,2.1432
662,19.5122,10.6203,13,2.6,0.0683693,2.12949
663,19.7988,9.90709,13,2.99333,0.0672546,2.10586
664,20.8643,10.8559,13,3.49333,0.0645858,2.1947
665,21.5315,10.9785,15,3.58,0.066886,2.26405
666,20.233,9.66198,14,2.79333,0.0651724,1.91769
667,19.8762,10.4677,13,3.19333,0.0686581,1.94282
668,20.1973,10.8015,13,3.33333,0.0661956,2.12653
669,19.9709,10.0692,12,2.52667,0.0659207,2.16363
670,19.9364,10.0766,13,2.34667,0.0663575,2.09279
671,19.2733,9.66824,13,2.80667,0.0679604,2.16862
672,19.0137,10.5725,12,2.72667,0.0672087,1.86223
673,19.689,10.9922,13,2.96,0.0703149,2.00963
674,20.9649,10.5689,14,2.64667,0.0692078,1.73915
675,21.1805,10.4307,14,2.56,0.068168,1.82757
676,19.0926,9.91874,12,2.58,0.0648863,1.73844
677,20.6345,11.8082,13,3.24,0.0699296,2.1619
678,20.396,9.86562,14,2.19333,0.0700121,2.06502
679,19.6794,9.73616,13,2.60667,0.0632251,1.63351
680,18.9042,8.99738,12,2.94,0.0691049,3.2042
681,19.6074,9.38468,12,2.32,0.0665019,2.54896
682,19.1408,9.74967,13,2.53333,0.0678424,3.04856
683,20.8968,9.09623,14,2.30667,0.0658971,2.25366
684,19.7943,8.99251,13,1.44667,0.0670123,1.84985
685,19.8969,9.09531,13,1.42667,0.0670477,1.93767
686,19.7631,8.99422,13,1.68,0.0690065,1.9809
687,19.4533,10.2271,13,1.94667,0.0684028,1.65767
688,19.5188,9.17001,13,1.66,0.068547,2.06447
689,20.0672,9.41375,13,1.91333,0.0671393,1.89367
690,20.5502,9.78578,13,1.79333,0.0684132,1.73724
691,19.1285,9.51803,12,1.24667,0.0666831,1.45921
692,19.7481,9.28737,13,1.76,0.0658922,1.72197
693,19.8362,9.70125,13,1.59333,0.0676228,1.67374
694,19.4921,8.98097,13,1.36667,0.0667879,1.65968
695,21.3066,10.1935,14,2.29333,0.0696957,1.86238
696,20.4835,9.59199,14,2.22667,0.0658535,1.8919
697,21.566,10.346,15,2.24,0.0698809,1.85881
698,18.9829,9.59947,14,1.98,0.0670909,2.01977
699,21.3226,10.1013,15,1.98,0.0704135,1.94038
700,19.8375,10.1546,13,1.88,0.0677412,1.73199
701,17.5796,8.7521,11,1.98,0.0653434,2.07541
702,20.5304,9.91626,13,1.94667,0.0678292,1.98828
703,18.8212,9.83737,11,1.87333,0.0678061,1.89554
704,20.1073,10.0564,13,1.92667,0.0670099,1.84058
705,19.7758,10.3151,13,2.22,0.0682374,2.13456
706,21.0705,10.572,14,2.29333,0.0698076,2.3228
707,21.2192,10.5852,15,2.55333,0.0684855,2.40287
708,20.608,10.4801,13,2.32667,0.0671454,2.09207
709,18.3109,9.59737,12,1.9,0.0682471,2.09981
710,20.4339,10.4988,14,3.46,0.0692634,2.67293
711,20.0308,10.9666,13,3.78,0.0839887,2.8158
712,19.8984,11.1037,13,3.82,0.0701363,2.7905
713,20.5072,10.9578,14,3.81333,0.0688211,2.47753
714,18.7597,9.34078,12,2.57333,0.0639775,2.62622
715,20.4141,10.302,13,2.96,0.0682439,2.30945
716,18.6122,9.71765,12,3.17333,0.0666775,2.55412
717,20.3889,9.94339,14,3.17333,0.066414,2.32196
718,19.3835,9.92213,13,2.75333,0.0667223,2.20251
719,19.0688,9.69463,12,2.48667,0.0661096,2.16917
720,20.9086,10.2572,14,3.07333,0.068294,2.44353
721,19.2987,10.2412,12,2.74667,0.0668985,2.09944
722,19.7495,9.42737,13,2.68667,0.0656208,2.36344
723,19.3915,9.67907,13,2.89333,0.066025,2.43915
724,21.1686,12.2773,14,3.88,0.0721645,2.45712
725,20.2483,9.56779,13,2.89333,0.0652716,2.27339
726,21.1093,10.9263,14,3.58,0.0694583,2.48183
727,21.4741,10.9991,15,3.7,0.0683033,2.31668
728,19.7983,9.58609,12,2.58,0.0661559,2.58406
729,18.9933,10.1748,14,2.60667,0.0686753,2.43882
730,20.5083,10.764,13,3.12667,0.0674237,2.48998
731,22.1974,11.2292,15,3.36,0.0678025,2.46559
732,20.2431,11.4247,14,3.60667,0.0695265,2.34924
733,22.0533,10.9859,15,3.22667,0.0666716,2.50846
734,21.1633,10.5173,14,2.61333,0.0688677,2.4398
735,19.6051,11.0056,13,2.85333,0.0686579,2.31556
736,20.3143,10.3164,14,2.83333,0.066418,2.46854
737,21.3987,11.4513,15,3.09333,0.0693152,2.20809
738,21.1701,11.6206,15,3.22,0.0700479,2.12981
739,18.5665,9.53765,13,2.19333,0.0641028,2.03616
740,20.9152,10.2486,14,2.34,0.065144,1.86097
741,20.6727,10.0232,13,2.64667,0.0660626,2.15532
742,18.9502,9.57433,13,2.32,0.0666173,2.19387
743,20.0427,10.2903,14,2.77333,0.0671695,2.24095
744,20.9109,10.4467,14,2.78,0.069673,2.30981
745,20.1398,9.77842,14,2.60667,0.0636613,1.99953
746,20.4879,10.5304,13,2.80667,0.0691218,2.21968
747,20.2259,9.39048,13,2.17333,0.0662189,2.11825
748,20.7895,10.2949,14,2.42,0.0649739,1.98994
749,19.345,10.0742,13,2.60667,0.0676641,2.16775
750,22.1705,11.1042,14,2.94,0.068705,1.97809
751,19.9172,9.48493,14,2.33333,0.0656179,2.22186
752,19.3052,10.7429,14,2.63333,0.0697498,2.02156
753,18.1453,9.78778,12,2.29333,0.0652888,1.75101
754,21.5138,10.895,15,3.18,0.0681312,2.12292
755,21.4069,10.6357,15,3.25333,0.06833,2.03875
756,19.9477,9.941,14,2.53333,0.0680795,2.41508
757,19.1234,9.87053,12,2.70667,0.0666601,2.03822
758,19.6928,10.3098,14,2.86667,0.0657759,2.04462
759,20.1045,9.30255,14,2.32667,0.0668416,2.38221
760,19.4757,9.74886,12,2.44,0.0676187,2.19628
761,20.812,10.1524,14,2.62667,0.0680813,2.26666
762,21.2163,11.0768,14,3.84,0.0670354,2.07845
763,17.9356,9.64589,13,2.50667,0.0693896,2.11031
764,20.7796,10.1302,14,2.80667,0.0667372,2.0819
765,20.7348,8.35011,13,1.99333,0.0670626,1.9147
766,20.6289,9.36147,13,1.11333,0.0696851,1.90454
767,21.5622,8.94995,14,1.46,0.069648,2.00638
768,20.6635,9.18665,14,1.37333,0.0687118,1.84324
769,19.8842,9.31847,14,1.30667,0.0663387,1.71201
770,20.3523,10.0165,13,1.50667,0.0700491,1.65399
771,20.4765,9.34649,14,2.06667,0.067757,2.01885
772,21.0497,9.49514,14,1.88667,0.0693709,1.98115
773,21.4054,10.4684,14,2.4,0.0682276,1.79888
774,21.3148,9.41307,14,1.84667,0.0662228,1.93689
775,19.5158,9.77369,13,2.03333,0.0668491,1.99145
776,18.4566,8.67498,12,1.41333,0.0652189,1.73373
777,20.3064,8.93711,14,1.49333,0.067134,1.67444
778,20.4954,9.26625,14,1.74667,0.0687269,1.90855
779,20.362,9.07867,14,1.76,0.0683222,2.25099
780,20.3865,10.3325,14,1.69333,0.0713822,1.77015
781,20.9966,9.93369,15,1.80667,0.0686793,1.94251
782,17.2212,9.60476,13,1.71333,0.0677188,1.94937
783,20.611,9.67506,14,1.69333,0.0683452,1.99515
784,19.8785,9.36871,13,1.44667,0.0674619,1.75422
785,19.1719,9.53722,13,1.84,0.0667765,1.85153
786,18.1287,9.52549,13,2.32,0.066885,1.84237
787,17.6413,9.20839,11,1.68667,0.0690543,1.96018
788,18.6087,9.69198,12,1.81333,0.0692069,1.72478
789,19.5538,8.82456,13,1.51333,0.0670716,1.96251
790,20.3766,10.6501,13,2.54,0.067325,1.86005
791,19.8833,9.45189,13,2.32667,0.0680797,2.19403
792,20.5386,10.0313,13,2.84,0.0699978,2.23724
793,20.8285,10.0142,14,2.61333,0.0665613,2.41845
794,18.1112,9.96346,11,2.8,0.0660951,2.68474
795,22.1764,10.6931,15,3.36,0.0694546,2.76888
796,17.8106,9.39269,11,2.22667,0.0678093,2.22909
797,20.0826,10.2979,12,2.39333,0.0663865,2.24661
798,19.2851,10.0413,13,2.16667,0.0683477,2.1648
799,21.1512,10.8424,14,2.76,0.0675904,2.21688
800,19.9459,11.3089,14,3.56,0.0691786,2.40036
801,18.3196,9.14567,12,2.26,0.0655443,2.60238
802,19.029,9.5749,11,2.32667,0.0650032,2.35487
803,20.9665,11.3807,14,3.02,0.0706927,2.31578
804,20.8424,10.8246,14,3.06667,0.0667701,2.28526
805,21.221,10.2355,14,2.95333,0.0675262,2.41428
806,21.6902,10.1786,14,2.52,0.0664771,1.98081
807,20.6812,10.9707,14,3.04667,0.0673096,2.09069
808,21.9081,10.8319,15,2.98,0.0674521,2.10552
809,20.4151,10.528,14,2.84,0.0670831,2.02453
810,19.6648,10.4278,13,2.68667,0.0666441,2.28375
811,22.0184,11.6221,15,3.3,0.0683552,2.24737
812,20.5806,10.5571,13,2.86667,0.0671005,2.41096
813,19.1496,10.3219,12,2.45333,0.067008,2.14622
814,21.9177,11.3921,15,3.29333,0.069855,2.29119
815,19.5331,10.4615,14,2.53333,0.0670433,1.99202
816,18.5976,10.3809,13,2.68,0.0677518,2.19278
817,21.7846,11.2392,15,3.02,0.0690557,2.28899
818,19.3863,10.1083,14,2.88,0.0626267,1.95647
819,19.8876,11.2236,13,3.38667,0.0726423,2.25347
820,18.462,9.67927,11,2.68667,0.0650051,2.28668
821,20.5497,10.4959,13,2.72,0.0686397,2.35544
822,22.3449,12.5473,15,4.5,0.0712259,2.16711
823,20.2364,10.0379,13,3.32,0.0689103,2.80736
824,18.4434,10.4017,12,3.54667,0.068054,2.98367
825,20.7838,11.2789,14,3.73333,0.0701036,2.9412
826,18.5261,11.0774,13,3.62,0.0708262,2.53473
827,19.9522,10.2706,13,2.63333,0.0679924,2.3596
828,19.5987,9.78211,13,2.25333,0.0675412,2.40089
829,21.5801,10.8869,15,2.92,0.0691592,2.12174
830,19.1424,10.2989,13,2.72,0.0659658,2.18455
831,21.0693,10.0957,12,2.74667,0.0655538,2.19802
832,19.9239,10.3722,13,2.84667,0.0690605,2.4609
833,20.2492,10.4843,13,3.08667,0.0669976,2.58419
834,20.6759,10.8217,14,3.04667,0.0682887,2.47306
835,21.7189,10.431,15,2.52,0.0686171,2.4931
836,19.1953,10.2652,12,2.32,0.0663005,2.27695
837,19.3998,9.64618,11,2.03333,0.0665951,2.21736
838,22.2971,11.2982,15,2.92667,0.0683528,2.41427
839,19.4886,10.4709,14,3.02667,0.0661073,2.36217
840,21.1541,10.9908,14,2.75333,0.0704955,2.33325
841,20.638,10.8806,14,3.13333,0.067604,2.04971
842,22.235,11.9841,15,3.32667,0.0674422,2.13982
843,19.3027,9.92191,13,2.68667,0.0659107,2.23994
844,22.2459,11.3447,15,3.04667,0.0696032,2.58653
845,20.5917,10.9044,13,2.86667,0.0692942,2.36908
846,21.5224,10.7184,15,2.53333,0.0692479,2.10319
847,21.6657,10.3707,15,2.06,0.0679399,2.20335
848,19.3444,10.9807,13,2.5,0.0696513,2.11557
849,22.2686,11.2773,15,3.1,0.066591,2.07555
850,21.1353,10.767,14,2.87333,0.0710502,2.28576
851,20.7438,10.6073,14,2.8,0.0675074,2.39429
852,19.6619,11.1416,13,2.91333,0.067826,2.1081
853,18.184,9.51975,11,2.59333,0.0680531,2.66082
854,20.1686,10.537,13,2.64667,0.0674774,2.40673
855,20.1906,10.5381,14,2.28667,0.068425,2.44215
856,19.14,9.50015,12,1.58667,0.0725652,2.51738
857,19.8219,8.34234,13,1.35333,0.0686116,2.53525
858,20.344,9.09271,13,1.55333,0.0671292,2.36158
859,21.1824,9.7328,14,1.59333,0.069212,2.27664
860,20.5365,9.87926,13,1.03333,0.0652088,2.36777
861,20.917,9.67296,14,1.43333,0.0717795,2.50432
862,20.8625,9.58738,15,1.92667,0.0677228,2.13117
863,19.8332,9.573,13,1.8,0.0694525,2.42275
864,19.7587,9.2021,13,1.56667,0.0682704,1.85338
865,18.8361,9.83699,12,1.55333,0.0719483,1.96285
866,20.5421,10.1354,12,1.73333,0.0685132,1.72203
867,18.9558,9.48953,12,1.20667,0.0668714,1.83073
868,19.1961,9.02122,10,1.01333,0.0668137,1.71002
869,20.781,9.77748,14,1.46667,0.0656463,1.83499
870,20.0431,10.0221,11,1.26667,0.0673346,2.11435
871,20.3441,9.45561,13,1.65333,0.0701628,2.226
872,19.5381,9.7596,13,1.51333,0.0680101,1.87805
873,19.2028,9.84949,13,1.40667,0.0683898,1.88641
874,20.8462,9.31149,14,1.4,0.0657873,2.12265
875,20.2886,9.3109,11,1.44667,0.0652275,2.07042
876,18.8487,9.53872,11,1.62667,0.0677727,2.15969
877,21.2894,10.388,14,1.88,0.0680426,2.11811
878,19.9341,9.93278,12,1.73333,0.0698051,1.99809
879,18.9666,9.89655,12,1.66,0.0669336,1.88094
880,18.9037,9.41313,12,1.37333,0.0677612,2.07294
881,17.6044,8.86643,9,1.25333,0.0667945,2.01505
882,18.0504,8.44217,11,0.906667,0.0667234,1.81824
883,19.1542,9.98453,14,2.61333,0.0654896,2.20152
884,18.6371,9.22463,12,2.30667,0.0663249,2.40541
885,22.2413,9.94149,15,2.39333,0.0673682,1.7601
886,18.2491,9.7775,12,1.94,0.0669653,1.94709
887,20.5217,9.65678,14,1.28667,0.0680719,1.7036
888,19.6078,9.60721,13,1.52667,0.0692344,2.03523
889,17.1507,8.90383,10,0.766667,0.0660781,1.69895
890,17.5323,9.12853,12,0.853333,0.0674855,1.78926
891,17.8423,8.80441,11,1.2,0.0645164,1.70824
892,19.434,9.74326,12,1.22,0.0714856,1.89849
893,20.0281,9.95052,13,1.38667,0.0653373,2.00266
894,20.7735,9.56226,13,1.37333,0.065509,2.13589
895,19.9778,10.4591,13,2.09333,0.0704209,2.50934
896,17.3282,9.12899,11,1.31333,0.0615904,2.06719
897,20.8132,9.25089,14,1.76667,0.0666932,2.23927
898,20.2892,10.0795,13,1.99333,0.0692973,2.6535
899,17.5908,9.45105,11,1.60667,0.0678921,2.05615
900,22.1731,9.58532,15,1.86667,0.0684131,2.25155
901,20.9754,9.18131,13,1.8,0.0663558,2.39086
902,19.427,10.2653,13,2.23333,0.0704656,2.47696
903,20.6294,9.15192,13,1.80667,0.0664507,2.23057
904,22.1155,10.8838,15,2.4,0.0717802,2.05102
905,19.0228,9.26619,12,1.78667,0.065109,2.02271
906,19.8566,9.75643,13,1.60667,0.0654656,2.22375
907,21.8296,9.61166,15,1.85333,0.0678293,2.268
908,19.9244,9.85171,12,1.5,0.0663606,1.92952
909,16.688,7.00805,10,0.953333,0.0642738,2.07664
910,18.8093,9.02195,12,1.39333,0.0643703,1.74955
911,19.2265,9.02623,13,1.97333,0.0662782,2.23431
912,19.5186,9.8775,13,1.82,0.0681656,1.97703
913,20.27,10.0985,13,3.02667,0.0692645,2.50297
914,18.6115,8.57673,12,1.98667,0.0673471,2.34952
915,20.9412,9.90608,14,2.72,0.0673281,2.38627
916,20.7534,9.14128,14,2.69333,0.0665013,2.40357
917,21.9449,10.8956,15,3.78,0.069413,2.63706
918,20.3432,10.9196,13,2.98667,0.0693473,2.54064
919,19.04,9.32327,12,2.12,0.0668133,2.15696
920,19.602,10.0796,14,2.68667,0.0694603,2.49867
921,19.3479,9.42283,13,1.95333,0.0648427,2.18952
922,19.5849,10.1187,13,2.50667,0.0672783,2.33792
923,20.0464,9.77609,13,2.65333,0.0678631,2.37092
924,19.3058,9.63706,12,2.44667,0.0643381,2.18345
925,20.4124,10.7762,13,3.4,0.0676349,2.55971
926,19.4323,10.3289,13,3.56,0.0665437,2.68655
927,20.9201,10.3871,14,3.21333,0.0683858,2.74872
928,20.9933,10.0389,14,3.21333,0.0645626,2.33912
929,19.9419,10.0239,12,2.75333,0.0675416,2.73091
930,20.7101,11.2543,13,3.04,0.0678484,2.45893
931,20.9355,10.2356,14,2.78667,0.0653755,2.40961
932,18.2233,9.76107,12,2.84,0.0675742,2.55357
933,20.3945,10.354,15,3.16,0.0691843,2.50433
934,18.4014,9.95764,12,2.86,0.0656279,2.51672
935,20.7869,10.9749,15,3.37333,0.0700084,2.99613
936,19.2909,10.0997,12,2.88,0.0668447,2.9658
937,21.5224,11.1924,14,4.17333,0.0685604,2.74982
938,20.3592,10.864,13,3.57333,0.0674355,2.68385
939,20.7804,11.0046,13,3.44667,0.0692005,2.79465
940,18.6011,9.62716,12,2.69333,0.0631427,2.48553
941,19.003,9.46384,13,2.79333,0.0690351,2.74837
942,21.3524,11.0679,14,3.5,0.0693765,2.82208
943,19.712,10.1421,13,3.62667,0.0787296,3.1952
944,18.9001,10.0114,13,2.84,0.0697146,3.10702
945,17.8306,7.75147,12,2.18,0.0736293,3.51961
946,20.1574,9.09614,12,2.54667,0.0672474,2.82905
947,21.4129,9.51247,14,2.38,0.0684291,2.77546
948,18.6136,10.2651,12,2.24667,0.0703348,2.5374
949,21.0133,9.15567,13,1.86,0.0672432,2.20101
950,18.4937,9.01958,12,1.67333,0.0644685,2.02094
951,20.1932,9.63665,12,2.18667,0.0687034,2.19292
952,19.6938,9.78159,13,2.41333,0.06607,2.00264
953,19.8668,9.57307,13,2.4,0.0671401,2.33044
954,21.378,9.61216,13,2.21333,0.0661813,2.26908
955,20.1786,10.0133,13,2.45333,0.0677586,2.44774
956,20.7576,9.58514,12,1.92,0.0672611,2.40209
957,20.0477,10.9578,13,2.34,0.0661135,2.0562
958,20.3738,10.0817,14,2.48,0.0686262,2.45265
959,21.0994,10.1816,14,2.12,0.0659275,2.21428
960,20.564,9.93548,14,2.46,0.0673755,2.44392
961,17.373,9.50775,11,2.08,0.0650524,2.16489
962,21.9106,11.4642,15,3.06667,0.0706622,2.2687
963,20.8208,11.2831,14,3.28,0.0682257,2.50378
964,20.259,10.5009,13,3.00667,0.0678542,2.44687
965,20.359,10.2315,14,2.71333,0.0707437,2.29624
966,19.4003,10.3595,13,3.01333,0.0653352,2.33371
967,21.1605,9.96169,13,2.52667,0.0665776,2.67118
968,21.4873,11.2096,15,2.89333,0.0679942,2.23927
969,20.3608,11.1377,13,2.66667,0.0696785,2.47371
970,20.1299,10.4557,14,3.01333,0.0685476,2.53114
971,21.04,10.4706,14,2.38,0.068432,2.68143
972,19.7323,9.61705,12,2.26667,0.0647224,2.23226
973,20.7954,9.74964,13,3.12667,0.0685549,3.17373
974,19.4484,9.4301,13,2.57333,0.0678412,2.76436
975,19.9433,9.2318,13,2.6,0.0689726,3.36225
976,19.329,8.2535,12,1.92,0.0684823,2.83486
977,18.1944,8.99916,12,2.00667,0.0668302,2.12936
978,19.6211,9.61727,13,2.50667,0.0677644,2.57179
979,18.9177,9.71106,12,2.72,0.0690145,2.73331
980,19.9523,10.1929,13,2.42667,0.0689354,2.48152
981,18.7026,8.43398,12,1.70667,0.0674664,2.36163
982,18.3286,9.41035,12,1.92,0.0681975,2.06809
983,18.9689,8.61046,13,1.94,0.064385,2.48451
984,18.8722,9.42115,13,2.16667,0.0705276,2.31295
985,18.7713,9.94825,12,2.06667,0.0708897,2.15323
986,19.9075,9.45871,13,2.02,0.0671599,1.97511
987,18.3799,9.19244,12,1.68667,0.069489,2.03119
988,20.1463,9.95843,14,1.72,0.0691775,2.09865
989,18.856,9.59706,14,1.49333,0.070615,2.00593
990,19.515,9.42752,14,1.64,0.0666307,1.92114
991,20.3617,9.71306,12,1.87333,0.0673408,2.03335
992,20.4337,8.95545,12,1.68667,0.0682549,2.08606
993,18.8162,9.63445,12,1.72667,0.0678637,1.85349
994,20.6668,9.76681,14,1.84667,0.0694494,1.78545
995,20.9711,9.69535,14,1.86,0.0676826,2.52231
996,18.8305,8.71408,12,1.61333,0.0645867,2.25391
997,18.946,9.28045,12,1.87333,0.0643599,2.44929
998,20.8342,11.121,13,2.86,0.068605,2.52083
999,18.6794,8.46504,12,2.06667,0.065757,2.64292
1000,19.8287,10.2815,14,2.33333,0.0679988,2.63406
