1,11.9787,3.62599,5,0.22,0.0667733,1.08354
2,10.9737,5.24439,6,0.233333,0.067634,0.98493
3,12.8388,7.02002,5,0.14,0.067887,0.758556
4,13.5399,6.94696,5,0.153333,0.0693561,0.558721
5,12.3724,7.80432,3,0.06,0.0688938,0.541984
6,15.486,7.27122,6,0.153333,0.0662698,0.607574
7,12.7308,7.36185,3,0.173333,0.0667903,0.588603
8,13.202,8.21123,6,0.12,0.0679762,0.445802
9,11.3587,7.54544,3,0.0866667,0.0671472,0.395067
10,13.6277,7.2177,6,0.16,0.0657083,0.419522
11,12.8759,8.19148,6,0.106667,0.0696255,0.406727
12,11.0627,7.21387,4,0.0933333,0.0677996,0.437861
13,14.266,7.74105,7,0.12,0.0669642,0.432883
14,11.1258,7.87889,1,0.0266667,0.0674882,0.462121
15,13.6342,8.20837,6,0.286667,0.0698758,0.500917
16,13.4921,6.88461,8,0.22,0.0657463,0.602869
17,14.5693,7.6753,11,0.48,0.0676981,0.54646
18,12.5065,7.50438,4,0.206667,0.0664161,0.556058
19,14.0639,9.16616,6,0.273333,0.0729481,0.611035
20,12.5959,7.19196,6,0.24,0.0638638,0.540249
21,16.6047,8.06612,12,0.293333,0.068465,0.447835
22,15.5927,9.05375,8,0.286667,0.0710489,0.57221
23,13.6105,7.92619,4,0.0866667,0.0640726,0.453659
24,17.0463,8.66235,8,0.353333,0.0704127,0.716669
25,15.8863,8.80726,6,0.353333,0.0703061,0.672168
26,13.3282,8.23091,5,0.326667,0.0671362,0.643708
27,15.298,8.72515,9,0.36,0.07109,0.719185
28,15.051,8.34262,4,0.106667,0.0694035,0.778022
29,13.4735,8.22803,5,0.166667,0.06825,0.661419
30,13.8601,9.16747,6,0.266667,0.0718946,0.74095
31,16.3716,9.07173,7,0.353333,0.0693647,0.707729
32,14.8189,8.37344,8,0.493333,0.0659959,0.761977
33,14.6271,8.47141,9,0.56,0.0685466,0.756832
34,13.4288,8.89821,3,0.273333,0.0689034,0.734755
35,14.8645,9.70231,5,0.433333,0.0689207,0.712962
36,12.2589,7.26025,5,0.42,0.0637196,0.692774
37,13.0948,7.87769,6,0.44,0.0691613,1.00132
38,15.4865,9.05649,7,0.553333,0.0695705,0.794438
39,13.4814,7.956,8,0.466667,0.0665941,0.928776
40,11.9145,7.70324,8,0.36,0.0635587,0.753618
41,14.9996,8.83612,6,0.453333,0.06789,0.661049
42,15.4363,9.30245,6,0.733333,0.0689707,0.731938
43,13.7666,9.3722,5,0.52,0.0695393,0.697118
44,13.4252,7.98383,6,0.22,0.066773,0.661728
45,15.1143,8.51472,3,0.286667,0.0683765,0.761184
46,14.5564,8.92057,6,0.64,0.068733,0.77044
47,13.1241,8.42959,4,0.126667,0.0654339,0.616206
48,16.0065,9.10307,7,0.48,0.0662424,0.770854
49,15.8808,8.43655,3,0.386667,0.0662821,0.850511
50,15.9842,8.74292,7,0.766667,0.0673437,0.732679
51,18.8006,9.17375,10,0.726667,0.0658688,0.742842
52,14.7007,8.40032,8,0.473333,0.0643164,0.694422
53,14.6463,8.64104,7,0.493333,0.0676176,0.647326
54,16.4742,9.07139,9,0.766667,0.0685437,0.725032
55,16.8146,9.01121,10,0.553333,0.0707129,0.822941
56,15.0821,8.60561,7,0.406667,0.0665733,0.690621
57,16.0344,9.52741,9,0.546667,0.0722484,0.765319
58,13.8646,7.88418,6,0.193333,0.0642537,0.60461
59,15.6719,8.18014,8,0.42,0.0661123,0.693294
60,14.1041,8.34175,7,0.573333,0.0647165,0.769306
61,15.495,9.39688,7,0.233333,0.069235,0.677775
62,17.6742,8.99088,9,0.6,0.0685455,0.74516
63,18.9264,9.25246,9,0.506667,0.069341,0.688005
64,14.8972,8.96527,8,0.226667,0.0668098,0.588673
65,14.2496,8.62958,7,0.333333,0.0657956,0.696878
66,17.0032,9.18888,8,0.533333,0.0694227,0.804473
67,14.205,8.22532,6,0.453333,0.0649499,0.716845
68,14.2958,8.88246,7,0.526667,0.0708239,0.799139
69,17.6013,8.95414,9,0.52,0.0682881,0.76254
70,17.8452,9.48476,11,0.486667,0.0708116,0.798399
71,17.5097,8.27008,9,0.593333,0.0665203,0.837519
72,16.7389,9.07243,6,0.293333,0.0698689,0.783247
73,18.1454,8.47333,10,0.506667,0.0673614,0.867989
74,17.2471,9.59204,10,0.473333,0.0694397,0.781281
75,18.7864,9.19871,9,0.713333,0.0689901,0.753296
76,15.3591,9.53379,8,0.473333,0.06962,0.825302
77,16.623,9.68584,7,0.686667,0.0700402,0.758004
78,18.189,10.4247,8,0.733333,0.0702722,0.785428
79,13.3007,8.55164,7,0.366667,0.06709,0.755326
80,16.7058,9.12765,9,0.753333,0.0682906,0.741737
81,13.54,8.45767,8,0.326667,0.0689172,0.864395
82,15.4087,8.49056,8,0.48,0.0686992,0.782405
83,16.3796,8.68434,7,0.4,0.0668204,0.932382
84,15.842,8.63111,7,0.426667,0.0668305,0.857776
85,17.1246,9.1013,7,0.453333,0.0680329,0.758787
86,17.5058,9.16811,7,0.406667,0.0704707,0.898547
87,20.3957,9.43763,10,0.333333,0.0694342,0.863768
88,13.8578,8.21163,4,0.3,0.0673737,0.715112
89,13.1474,8.61264,5,0.293333,0.0660679,0.615055
90,14.9656,8.94083,5,0.26,0.0678395,0.725698
91,15.4327,8.37093,6,0.346667,0.0680754,0.832021
92,14.9735,8.72809,6,0.213333,0.0666382,0.717709
93,13.7038,8.17977,5,0.246667,0.066107,0.735482
94,15.0365,8.80485,4,0.24,0.0673349,0.817902
95,13.5648,8.55203,5,0.34,0.0694363,0.738717
96,16.1528,9.15173,9,0.36,0.0674396,0.684935
97,12.689,8.41195,4,0.28,0.0689283,0.783772
98,13.6834,8.67191,4,0.253333,0.0683009,0.677113
99,13.1627,8.55302,6,0.28,0.0679755,0.648135
100,13.1256,9.03405,4,0.16,0.069267,0.840096
101,15.1666,9.31059,6,0.273333,0.0691851,0.725333
102,17.6565,9.77476,6,0.44,0.0688543,0.735376
103,14.7106,9.79686,5,0.353333,0.0720958,0.839993
104,14.9292,9.32229,3,0.333333,0.0723024,0.718987
105,14.7804,8.67092,5,0.373333,0.0667647,0.730298
106,13.6533,8.60792,6,0.446667,0.0676649,0.708903
107,15.063,8.28491,5,0.266667,0.0662771,0.695801
108,15.0348,8.84626,3,0.2,0.0704772,0.698747
109,13.9181,8.58043,4,0.34,0.0661497,0.67013
110,15.1347,8.88691,6,0.413333,0.0677613,0.695747
111,14.7608,8.77013,6,0.393333,0.0675668,0.696718
112,13.4881,8.44492,6,0.293333,0.0678622,0.709017
113,14.721,9.09973,6,0.38,0.0676776,0.720148
114,14.6261,9.08005,5,0.646667,0.068965,0.76825
115,15.7907,9.44724,5,0.366667,0.0682452,0.625411
116,14.8016,8.70062,5,0.46,0.068225,0.741035
117,13.6561,8.56402,5,0.28,0.0677823,0.716203
118,13.2523,7.50649,5,0.573333,0.0694897,1.65217
119,17.5661,7.78027,8,0.966667,0.0669347,1.35431
120,13.2612,7.72857,5,0.333333,0.0691185,1.28658
121,12.1096,7.98848,4,0.3,0.0681464,0.937864
122,13.4456,7.00297,8,0.22,0.0653765,0.942784
123,13.4956,7.82063,4,0.18,0.0676616,0.93835
124,11.3049,7.45107,5,0.226667,0.0637704,0.729198
125,13.2179,8.2839,6,0.266667,0.0654063,0.731543
126,15.439,8.66069,8,0.533333,0.0669526,0.907738
127,13.2242,7.48324,4,0.246667,0.0665436,1.09477
128,13.3603,8.61477,6,0.26,0.0682717,0.934645
129,16.1854,7.93621,7,0.346667,0.0672035,1.04796
130,14.8349,8.4595,6,0.386667,0.0652465,0.848112
131,15.1074,9.217,6,0.213333,0.0699967,0.910416
132,13.0023,7.52448,7,0.193333,0.0653118,0.785617
133,16.3785,7.84575,7,0.3,0.0666549,0.891056
134,15.8854,8.30263,7,0.366667,0.0683052,1.00591
135,14.2695,8.95044,5,0.246667,0.0677626,0.754629
136,12.9482,7.42074,4,0.18,0.0628427,0.707824
137,13.7745,8.40038,5,0.266667,0.0687048,0.924587
138,11.6867,7.83342,3,0.126667,0.0648315,0.782575
139,16.0673,9.05741,8,0.293333,0.0693523,0.87946
140,15.5843,9.26809,6,0.346667,0.0689667,0.913381
141,14.7796,9.04158,7,0.453333,0.0677706,0.81042
142,16.6645,8.80006,7,0.38,0.0677937,0.86284
143,15.1239,9.24602,8,0.36,0.0701478,0.956
144,13.4607,7.95484,7,0.306667,0.0668259,0.809907
145,15.4568,8.39224,9,0.36,0.0661726,0.776703
146,13.5243,8.34045,5,0.166667,0.067958,0.85923
147,12.6784,7.88531,5,0.173333,0.0656051,0.81412
148,12.6536,6.54516,7,0.773333,0.0697314,1.31634
149,12.9207,6.948,6,0.873333,0.0666656,1.24783
150,17.9567,6.69308,10,0.793333,0.0867769,1.48238
151,17.2843,6.19139,8,0.52,0.106975,1.61422
152,17.3858,7.05145,10,0.62,0.0703884,1.36528
153,17.8353,7.72545,10,0.88,0.0676606,1.24899
154,18.4056,6.91435,9,0.886667,0.0699076,1.33455
155,16.7399,7.69279,10,1.04,0.0692287,1.30547
156,16.6877,8.13433,7,0.593333,0.0675503,1.03534
157,17.6633,8.10375,8,0.566667,0.0660731,1.0445
158,16.8893,8.57563,10,0.806667,0.0705217,1.08877
159,14.5886,8.73377,7,0.833333,0.0687199,1.15657
160,19.1728,8.37083,10,0.62,0.0663261,1.02943
161,15.8234,8.4741,9,0.593333,0.0675883,0.946686
162,17.7709,8.74363,9,0.773333,0.0672118,1.06011
163,12.6453,8.01837,5,0.353333,0.0667735,0.897937
164,14.8155,8.3154,10,0.64,0.0692875,1.14766
165,16.252,8.03209,7,0.566667,0.0681732,1.01194
166,12.9024,7.49846,5,0.353333,0.0643135,0.97514
167,12.2517,8.10626,8,0.28,0.0699018,1.06079
168,18.5756,8.73779,8,0.453333,0.069531,1.09002
169,15.2623,9.35242,11,0.546667,0.0695355,0.838512
170,15.1883,8.84532,7,0.513333,0.0684396,0.982862
171,12.6472,8.4348,6,0.126667,0.0685974,0.939289
172,15.0252,8.73848,7,0.48,0.0680883,0.883985
173,13.2138,8.07308,7,0.5,0.0659192,0.909298
174,15.5675,9.11518,6,0.44,0.0670501,0.912672
175,14.1633,8.78721,7,0.38,0.0688107,0.999406
176,12.4131,8.32272,4,0.146667,0.0667126,0.940698
177,14.0217,8.37937,6,0.326667,0.0659358,0.956978
178,15.425,6.53468,6,1.06667,0.0687271,1.97995
179,12.6439,7.29027,5,0.533333,0.069515,1.71676
180,12.3533,7.4618,7,1.02667,0.0684481,1.65235
181,13.2486,8.30328,7,1.26,0.0642651,1.20803
182,12.1341,7.80955,5,0.693333,0.0666874,1.48285
183,14.6318,9.18006,5,0.44,0.0692379,1.23477
184,12.1797,7.94251,5,0.353333,0.0668152,1.37031
185,13.8355,9.13171,4,0.386667,0.0682135,1.13911
186,10.8302,7.44565,9,0.226667,0.0668615,1.27366
187,14.2157,8.46017,4,0.32,0.0653848,0.861303
188,12.0582,8.12874,3,0.16,0.0670922,0.973343
189,15.5167,9.45734,7,0.38,0.0690171,0.944815
190,15.444,8.58126,9,0.56,0.0650387,1.01447
191,12.5785,7.95654,4,0.32,0.0665777,1.03156
192,13.4631,8.77192,6,0.46,0.0672683,1.02888
193,14.771,8.95619,11,0.493333,0.0685643,1.15037
194,14.7177,8.96421,5,0.24,0.0707923,1.042
195,15.7124,8.66903,7,0.446667,0.0664704,1.02843
196,12.4117,8.0661,4,0.266667,0.0661413,1.10226
197,13.8865,8.39682,8,0.38,0.0675368,0.971409
198,13.592,8.62724,7,0.646667,0.0657844,1.00895
199,15.0639,9.3538,7,0.573333,0.0665716,1.15448
200,13.1879,8.5678,8,0.673333,0.0656425,1.1288
201,13.4421,8.50016,7,0.446667,0.070221,1.20182
202,13.815,8.89063,6,0.446667,0.066937,1.07432
203,17.0934,10.3443,4,0.213333,0.0703673,0.900241
204,15.3831,9.08449,6,0.493333,0.0676528,0.974184
205,16.7803,9.47172,6,0.54,0.0668593,0.966995
206,15.4048,9.38122,9,0.58,0.0663972,1.02167
207,15.4981,9.81939,6,0.52,0.0692651,1.01424
208,14.6905,9.36558,5,1.15333,0.0689651,1.49619
209,14.768,8.89354,6,1.34667,0.0669124,1.50228
210,12.2441,7.21211,8,0.693333,0.0654272,1.38253
211,19.9903,9.54533,9,1.54667,0.0699649,1.55038
212,16.1834,9.41312,5,0.886667,0.0684396,1.27379
213,17.5011,9.97235,8,1.49333,0.0709194,1.35138
214,16.5704,10.7745,7,1.62667,0.0695635,1.20822
215,16.6653,10.0438,7,1.19333,0.0728202,1.30658
216,16.1068,9.60671,8,0.733333,0.0696012,1.2985
217,14.8785,10.1238,7,1.22667,0.0691835,1.20108
218,14.489,9.18617,4,0.873333,0.0652889,1.11511
219,14.7597,9.02172,6,1.32,0.0664773,1.07518
220,17.4558,11.0044,9,1.90667,0.0698663,1.09966
221,17.4482,10.3769,7,1.00667,0.0696855,1.09764
222,14.961,10.0963,8,1.68,0.0673049,1.25913
223,15.1019,10.255,5,1.36667,0.0678097,1.17432
224,16.6208,11.1634,9,1.86667,0.0691683,1.28931
225,15.1589,9.92208,6,1.48,0.0690343,1.19213
226,17.3809,11.074,8,1.67333,0.0683536,1.21945
227,16.0149,11.1706,9,1.49333,0.0690613,1.21592
228,20.0353,12.8714,11,2.09333,0.0702619,1.05542
229,17.0622,10.0475,8,1.55333,0.0653581,1.26165
230,14.4651,9.19367,5,0.54,0.0689364,1.10596
231,15.3339,10.2682,6,1.32,0.0691678,1.10889
232,14.8428,10.21,6,1.36,0.0665705,1.00215
233,13.7942,9.49386,6,1.12667,0.0692542,1.12365
234,14.2653,8.86378,8,0.766667,0.0671521,0.936315
235,14.7106,10.0182,6,1.24,0.0656332,1.02247
236,16.5535,10.9539,8,1.58667,0.0679863,0.895036
237,17.3916,10.5788,8,1.32667,0.0680274,1.15996
238,14.6788,8.65865,7,1.31333,0.069094,1.69926
239,14.8664,9.21485,7,1.88667,0.0680725,1.3638
240,16.6967,10.3686,8,1.99333,0.0681707,1.2492
241,13.5918,8.49194,6,1.45333,0.0664644,1.44808
242,13.568,8.67106,6,1.4,0.0659434,1.51821
243,16.4097,10.1903,7,1.93333,0.0683529,1.5318
244,17.1836,9.69488,9,2.54,0.063222,1.14642
245,12.8135,8.13212,5,1.42667,0.0656174,1.3951
246,17.7611,9.89564,8,1.68,0.0687908,1.3292
247,13.8384,8.24634,6,1.20667,0.0658378,1.52558
248,20.1493,11.9435,9,2.44667,0.0693901,1.42896
249,16.6962,9.94935,8,1.37333,0.0683174,1.25649
250,14.0787,8.81154,6,1.62667,0.064833,1.2777
251,17.4149,10.092,7,1.36667,0.0695522,1.209
252,16.4329,10.5408,5,0.94,0.0686376,1.01912
253,16.4002,9.90753,8,1.10667,0.0687038,1.05762
254,16.5948,9.85297,8,1.1,0.0674261,1.16796
255,11.9512,8.75692,8,0.413333,0.0662441,1.14619
256,15.9365,10.1878,8,1.12667,0.0677131,1.11158
257,14.8581,10.0694,7,1.07333,0.0689495,1.28877
258,16.2607,10.5766,7,1.23333,0.0676811,1.15932
259,14.7161,9.58089,6,1.40667,0.0674905,1.34593
260,13.7543,9.40571,5,0.746667,0.0691365,1.15801
261,14.7811,9.82119,6,0.74,0.0655704,1.05762
262,15.0316,9.62059,5,1.08667,0.0675979,1.0581
263,17.9164,11.3529,8,1.59333,0.0662774,1.06825
264,12.9723,9.45828,4,0.686667,0.0676821,1.17344
265,17.0144,11.2449,6,1.21333,0.0686851,1.02886
266,17.1977,10.9172,8,1.50667,0.0660261,1.0651
267,16.6,10.6877,7,1.62,0.0648609,1.1177
268,15.6589,9.62704,7,1.14,0.0688733,1.2054
269,14.3719,8.59581,5,1.23333,0.0689389,1.31532
270,15.2825,10.074,6,2.32,0.0673064,1.06551
271,15.7981,9.24239,10,2.32667,0.0675074,1.17868
272,13.1252,8.42779,5,1.48667,0.0664664,0.99201
273,15.0973,9.25891,5,0.92,0.0699604,0.958171
274,16.1635,9.1222,10,2.02,0.0668467,1.09132
275,16.7291,10.4433,12,1.97333,0.0717384,1.19153
276,17.9802,9.9319,14,2.98667,0.067911,1.29347
277,13.1177,7.62288,3,0.32,0.0674279,1.15339
278,17.7064,10.2625,7,1.48,0.069087,1.05434
279,14.1178,9.11456,5,1.28667,0.0668752,1.05513
280,16.5628,10.3745,9,2.77333,0.0680544,1.01087
281,14.0577,9.33065,5,1.26667,0.0689159,0.918536
282,17.6591,9.96875,8,2.21333,0.0665371,1.2148
283,13.3229,8.25235,6,1.3,0.0676253,1.06112
284,16.3697,9.72478,6,1.62667,0.0686383,1.04572
285,16.9491,10.4627,6,1.31333,0.0721469,0.948474
286,15.1272,9.72158,7,0.973333,0.0686515,1.28469
287,15.5844,9.95074,7,1.08667,0.0680934,1.09477
288,15.5234,10.6648,7,1.77333,0.0683095,1.03951
289,16.0104,10.2718,6,1.16667,0.0686002,1.06753
290,16.8375,10.2185,8,2.04667,0.0641638,1.01344
291,16.1019,10.8151,8,1.53333,0.0673831,1.05615
292,14.7178,8.81297,5,1.23333,0.0681448,1.25724
293,14.836,9.51894,5,0.96,0.0639996,0.896286
294,13.9734,9.17509,5,1.42667,0.063818,0.940683
295,14.5651,10.7391,7,1.38667,0.0699477,0.971904
296,14.999,10.4054,6,0.84,0.0689526,0.997257
297,15.5507,9.63084,6,1.27333,0.0638733,1.02304
298,15.2716,7.95696,7,1.37333,0.0691583,1.74995
299,14.9413,8.84913,8,1.73333,0.0651461,1.23843
300,13.648,8.94626,5,0.9,0.0759176,1.58241
301,14.2643,9.28197,6,1.04,0.0684722,0.942077
302,14.7073,9.56641,6,1.34667,0.0660876,1.15099
303,14.9646,9.94548,5,0.793333,0.0689484,1.26466
304,13.3605,9.77726,4,0.54,0.0687626,1.07661
305,15.5985,9.46994,8,1.38667,0.0673071,1.26704
306,12.9252,8.82757,5,0.9,0.0673848,1.10313
307,13.663,9.50854,3,0.5,0.0692657,1.11382
308,14.2883,10.1135,6,1.02,0.0665758,0.912596
309,13.6014,9.24744,5,0.68,0.0653063,0.952047
310,13.1713,9.44433,5,0.373333,0.067403,0.92071
311,14.3723,9.83752,8,0.686667,0.068281,0.937494
312,15.0893,10.3728,7,1.15333,0.0661103,1.02365
313,17.3095,11.5376,11,2.41333,0.0719648,1.16679
314,15.8349,11.2139,6,1.70667,0.0685318,1.0565
315,17.2747,11.3335,8,1.66667,0.0707893,1.21704
316,15.4295,10.9366,7,1.48667,0.0678627,1.06884
317,16.2582,11.0111,7,1.99333,0.0659875,1.07058
318,15.4116,9.89399,6,1.32,0.0692961,1.20264
319,16.0568,10.354,6,1.26,0.0706095,1.31078
320,14.6512,9.9277,5,0.786667,0.0669908,1.07816
321,17.2576,11.6307,7,1.42,0.0682976,1.11153
322,14.3261,9.10624,8,1.06,0.0687508,1.18575
323,14.7413,10.3298,5,1.23333,0.0679557,0.888005
324,15.1899,10.6957,6,1.22,0.0663713,1.0646
325,18.7053,11.8753,9,2.49333,0.0680482,1.25359
326,15.9568,10.5917,7,1.31333,0.0659118,1.11116
327,13.6633,9.0832,4,0.973333,0.0672322,1.34721
328,12.8287,8.08844,5,0.94,0.0686457,1.53369
329,16.675,10.2814,7,1.74667,0.0670355,1.29474
330,16.3284,10.2059,6,1.86667,0.0694264,1.34393
331,13.9776,8.94707,6,1.16667,0.0676086,1.262
332,15.1682,9.64478,6,1.44667,0.0694687,1.23519
333,15.9089,10.3841,6,1.48667,0.0693893,1.23868
334,17.3834,10.1305,7,1.57333,0.0675026,1.14838
335,18.722,10.35,10,1.80667,0.0694612,1.52222
336,18.0447,9.71886,8,1.93333,0.0660754,1.4886
337,13.2664,8.99023,6,0.733333,0.0649066,1.19659
338,13.5879,8.68691,4,0.646667,0.0675327,1.33594
339,17.4631,11.3184,7,1.82667,0.069036,1.17977
340,16.1955,10.7416,7,1.39333,0.0685638,1.26399
341,17.8133,11.1728,8,1.46667,0.0689888,1.29995
342,19.1257,12.2953,10,2.20667,0.0693023,1.21058
343,15.026,10.2982,5,0.893333,0.0676721,1.2966
344,14.7039,10.3591,6,1.18667,0.0677847,1.13613
345,13.9239,9.46811,5,0.88,0.0654055,1.27919
346,13.5913,9.71643,5,1.16,0.0651259,1.12341
347,15.1559,9.77994,4,0.546667,0.0666141,1.25727
348,17.0061,10.6262,8,1.80667,0.0662138,1.37938
349,12.6007,8.75364,4,0.386667,0.0656119,1.03886
350,16.6996,10.7746,6,1.32667,0.0684691,1.305
351,13.4506,8.76739,6,0.76,0.0672546,1.21253
352,14.5667,9.77753,7,1.17333,0.0686256,1.24111
353,16.3191,11.4659,5,1.31333,0.0693999,1.17823
354,15.5875,9.68539,6,0.993333,0.064895,1.26804
355,15.0239,10.5802,6,1.17333,0.0681985,1.2312
356,15.0103,10.5269,7,1.15333,0.0683382,1.18032
357,15.8709,10.6175,5,0.893333,0.0680449,1.05067
358,17.0912,11.6892,7,2.15333,0.065724,1.15706
359,13.2421,9.4383,6,1.62667,0.0649254,1.15351
360,16.7405,10.9918,7,2.64,0.0687058,1.41138
361,14.8287,10.2786,7,1.55333,0.0701838,1.5345
362,15.8659,10.4249,7,2.72,0.0669153,1.56766
363,15.7878,11.1678,9,2.06,0.065533,1.22174
364,15.7979,11.6075,6,1.89333,0.069241,1.16108
365,14.6263,10.6757,6,1.80667,0.0661588,1.04267
366,16.8251,11.5536,6,1.66,0.0675587,1.41033
367,15.3073,10.9814,7,2.23333,0.0666592,1.22492
368,17.588,11.7712,9,2.66,0.0662001,1.37738
369,16.1054,11.2724,9,1.98667,0.0669865,1.27891
370,14.6496,10.1006,5,1,0.0681421,1.23264
371,15.5443,10.3693,6,1.45333,0.0658075,1.19576
372,15.3826,10.495,6,1.67333,0.0666922,1.13421
373,14.2504,10.0864,9,1.34667,0.066311,0.931707
374,16.9667,11.6711,7,2.18667,0.0693736,1.37938
375,13.6421,9.23757,4,1.20667,0.0655574,1.26393
376,18.1711,11.8163,8,2.87333,0.0688114,1.44125
377,15.8291,9.65759,6,1.50667,0.0657118,0.951846
378,18.7821,10.1464,10,1.56,0.0683963,0.997886
379,14.6485,9.91747,7,1.6,0.0639809,1.10762
380,17.3606,12.0191,7,2.13333,0.0670175,1.15316
381,18.8654,11.6813,9,2.95333,0.0656488,1.42362
382,15.5805,11.2258,6,1.66667,0.0708388,1.23055
383,15.8322,10.2091,9,1.04667,0.0703679,1.24451
384,15.4579,11.5207,6,1.94,0.0671102,0.93767
385,16.0285,10.9017,6,2.28667,0.0674375,1.30887
386,18.6967,13.0273,9,3.33333,0.0659601,1.11514
387,15.3816,10.6143,10,1.44667,0.0685256,1.14489
388,13.8461,8.72026,5,1.04667,0.0639008,1.62267
389,11.9181,8.31085,5,0.566667,0.0667348,1.53322
390,15.0732,9.83062,10,0.766667,0.0695522,1.45888
391,13.8718,8.01428,9,0.76,0.0641354,1.39948
392,14.3013,8.69483,6,0.98,0.0655398,1.62189
393,16.2155,10.0864,9,1.84667,0.0687655,1.81719
394,17.114,9.61463,12,1.06667,0.068585,1.29308
395,16.6576,10.0292,8,1.79333,0.065323,1.26592
396,16.3607,8.11556,7,0.28,0.0664458,1.36129
397,16.4518,10.0007,9,1.62,0.0693426,1.17475
398,15.9119,10.2937,7,1.10667,0.069421,1.2839
399,16.239,10.1342,7,1.36,0.0664762,1.1549
400,15.9941,9.68412,6,1.35333,0.0686131,1.43898
401,17.2771,10.8239,7,1.56667,0.068637,1.36138
402,18.0906,11.1583,8,2.13333,0.0707235,1.41733
403,19.6886,11.6586,10,2.58,0.0706281,1.54663
404,17.6459,9.73991,9,1.75333,0.0707096,1.34349
405,18.0841,11.4224,10,2.38,0.0672765,1.30697
406,16.545,10.2541,8,1.81333,0.0665605,1.33567
407,16.2926,9.6832,7,1.41333,0.0666006,1.46825
408,15.2931,10.8134,6,1.58,0.0697407,1.11798
409,17.302,10.4324,8,2.52667,0.0670431,1.31429
410,17.564,11.5868,9,3,0.0674626,1.07334
411,16.9461,10.7945,8,1.94667,0.0682758,1.23005
412,14.0057,9.95543,9,1.74,0.066178,1.15074
413,14.5371,9.49391,5,1.84667,0.0643034,1.21735
414,17.3209,10.9042,8,2.08667,0.068945,1.29884
415,15.4221,9.71572,7,1.95333,0.0655736,1.2218
416,16.3006,9.89645,6,0.953333,0.0671825,1.14418
417,15.9203,10.8294,8,2.27333,0.0664558,1.07009
418,14.1297,10.3462,6,1.92,0.0682102,1.59766
419,12.8917,9.09337,4,1.38667,0.0672195,1.42552
420,16.6166,11.2288,7,3.26667,0.0674738,1.42439
421,16.9596,11.4764,7,2.79333,0.0653675,1.36358
422,11.8031,8.72062,4,1.58667,0.0649552,1.10956
423,17.5209,10.7114,7,2.4,0.064604,1.32043
424,13.2932,9.33944,5,1.59333,0.0677379,1.5557
425,17.1879,11.0422,7,2.99333,0.0669275,1.54776
426,15.7159,10.3599,7,2.29333,0.0686892,1.4458
427,17.3572,11.6592,9,1.93333,0.0714061,1.51531
428,15.4452,11.0801,6,1.85333,0.0688669,1.25696
429,16.6583,11.1162,8,1.79333,0.0706947,1.41528
430,15.5566,10.7872,7,2.17333,0.0637007,1.0176
431,15.0323,9.59634,6,1.86,0.0649132,1.25287
432,14.1345,9.94075,4,1.06667,0.0677621,1.17367
433,15.7109,10.3297,8,2.41333,0.0678029,1.38581
434,16.607,11.0813,8,1.77333,0.0662542,1.08586
435,16.5929,11.1833,7,1.99333,0.0690061,1.24658
436,15.7022,11.1168,7,2.38,0.067193,1.13321
437,17.1736,10.3944,8,1.63333,0.0691655,1.11723
438,16.7132,10.591,8,1.57333,0.0654137,1.15943
439,18.4797,12.1455,7,1.96,0.0692818,1.16748
440,17.9294,12.2168,7,2.24,0.072158,1.31023
441,15.1073,9.78152,5,1.12667,0.0772196,1.12682
442,15.0262,8.37547,8,0.686667,0.063924,1.06634
443,16.6936,10.1646,11,1.06,0.0698078,1.08976
444,16.7009,9.60793,10,1.23333,0.0664602,1.24565
445,15.5527,10.2296,9,1.21333,0.0679465,1.32968
446,16.5554,11.628,7,1.86667,0.068741,1.02098
447,19.0378,11.5722,9,2.34,0.0660831,1.11193
448,13.4232,8.84962,8,1.51333,0.0668124,1.46683
449,14.6868,9.88865,4,1.42,0.0815064,1.33267
450,14.2756,8.99106,9,1.19333,0.0686975,1.48772
451,15.3824,8.90966,6,1.29333,0.0667241,1.43836
452,17.3612,9.36475,8,1.41333,0.0678532,1.43478
453,13.7237,7.43924,4,0.746667,0.063469,1.46254
454,16.3417,9.6495,8,1.64667,0.0689421,1.32684
455,17.5578,9.60206,8,1.72,0.0676535,1.39919
456,15.6321,9.27136,7,1.11333,0.0677039,1.43012
457,16.2139,9.94463,8,1.74667,0.0656725,1.46507
458,15.2034,10.0195,7,1.20667,0.0673198,1.47417
459,17.4481,9.49505,7,1.60667,0.0681503,1.76577
460,15.4168,9.43514,9,1.58,0.0656369,1.66949
461,17.858,10.6777,8,1.64,0.0722203,1.68296
462,17.2441,10.4459,8,2.22667,0.068126,1.45069
463,15.4895,9.76252,7,2.12667,0.0730699,1.56037
464,15.7565,9.73374,10,1.64667,0.0677516,1.39952
465,17.7691,9.68374,6,1.24,0.0687225,1.25287
466,17.8206,9.65995,9,2.05333,0.0646301,1.41037
467,16.1276,9.73495,7,1.84667,0.0688311,1.55071
468,16.864,10.1103,9,1.96667,0.0672309,1.38323
469,18.0917,11.668,11,2.01333,0.0708926,1.59022
470,16.7351,11.4797,9,2.9,0.0702158,1.3015
471,15.8285,10.4147,6,1.82667,0.0695795,1.52895
472,16.7629,10.8276,9,1.92667,0.071179,1.52997
473,18.682,11.813,10,2.32,0.0734073,1.39737
474,15.8968,10.6855,7,1.52667,0.0707639,1.56473
475,13.1393,9.10428,4,0.78,0.0674736,1.2463
476,17.4884,11.0923,8,2.4,0.0656514,1.3163
477,14.8283,10.4102,11,1.64667,0.0680058,1.19287
478,18.2755,11.0526,10,2.21333,0.0740716,1.73559
479,17.0136,10.7379,8,1.85333,0.0703721,1.50541
480,13.9177,8.59838,6,2.10667,0.0691279,1.68174
481,13.7728,10.2588,5,2.27333,0.0782673,1.52867
482,16.9117,10.8044,11,2.97333,0.0693142,1.65611
483,18.0551,10.9271,8,2.10667,0.0712289,1.51341
484,17.7466,10.9569,9,2.54,0.0688835,1.32362
485,19.5549,12.386,9,2.52,0.0667619,1.35429
486,13.9911,8.89088,6,0.793333,0.0685397,1.7463
487,15.4227,9.70654,5,1.18667,0.0701142,1.46212
488,17.5485,10.6406,9,2.7,0.065228,1.47474
489,18.7282,12.0716,9,2.32667,0.0692074,1.48184
490,16.2658,10.086,8,1.97333,0.0679206,1.65316
491,14.123,9.46613,5,1.34667,0.0682408,1.3268
492,15.0249,9.7562,6,1.50667,0.0654303,1.23183
493,15.367,11.2555,7,2.17333,0.0698051,1.25373
494,15.784,11.2353,5,1.16667,0.0708671,1.29951
495,16.0213,10.7486,6,1.57333,0.0687682,1.1257
496,13.4419,9.43107,7,1.24,0.0656733,1.14745
497,13.3443,9.42561,5,1.24667,0.0663943,1.18812
498,17.3403,12.1834,8,1.7,0.0711339,1.14052
499,17.5685,11.4576,8,1.84667,0.0686145,1.1027
500,19.2911,12.2347,10,2.12,0.0677778,1.15315
501,15.2016,10.4495,7,1.75333,0.0680234,1.23007
502,16.0048,10.2899,8,1.69333,0.0686865,1.30029
503,15.8899,10.63,7,1.05333,0.0667603,1.11848
504,18.1833,12.0135,10,2.5,0.0668414,1.18819
505,17.5487,10.1416,9,1.35333,0.0677676,1.23861
506,16.1944,11.3886,8,2.20667,0.0684361,1.30683
507,15.9547,10.3356,7,1.58,0.067617,1.30314
508,15.5956,9.80046,5,1.58667,0.0686482,1.36106
509,15.5028,8.89284,8,1.68,0.0638681,1.18319
510,19.6758,13.4303,11,4.83333,0.0931737,1.46024
511,16.5189,8.39528,8,1.46667,0.0680479,1.76111
512,17.8371,10.9922,9,2.42,0.0692183,1.4986
513,16.1992,10.7551,8,2.09333,0.0675417,1.39603
514,14.9081,10.15,6,1.58,0.0705096,1.34917
515,20.2943,12.1587,11,2.80667,0.0690841,1.44655
516,18.0175,11.549,9,1.95333,0.0720668,1.50837
517,18.0626,10.772,11,1.84,0.0683035,1.19329
518,16.2503,10.1355,8,1.58667,0.0664969,1.22366
519,17.6611,11.4261,9,1.64,0.0698984,1.32431
520,16.9287,10.3648,8,1.62667,0.0663381,1.31919
521,17.2926,11.0381,8,1.48667,0.0673264,1.24946
522,15.4618,10.2768,6,1.34,0.0667221,1.18474
523,15.2862,10.9249,11,1.82,0.0679971,1.28395
524,16.5138,10.8351,7,1.48667,0.0696436,1.16608
525,17.4709,11.1111,9,1.65333,0.0680307,1.25766
526,17.656,11.8193,9,2.32667,0.0691097,1.319
527,16.5779,9.60612,11,1.64,0.0672632,1.28994
528,15.9317,9.50192,6,0.64,0.0674308,1.27201
529,17.2145,10.9284,8,1.98667,0.0717594,1.25422
530,17.7367,9.64842,7,1.29333,0.0685577,1.2174
531,16.1842,10.6485,6,1.36667,0.0682213,1.10657
532,15.7876,9.25378,6,1.47333,0.0661817,1.26079
533,16.3245,9.10545,6,0.72,0.0720087,1.20648
534,16.8534,11.3313,8,1.06667,0.0669437,1.00748
535,16.2288,10.6226,11,1.75333,0.069457,1.29091
536,14.6849,9.56722,7,0.826667,0.0682563,0.997566
537,14.2481,10.0748,6,1.26667,0.0666704,1.20257
538,14.9681,10.9171,8,2.84667,0.0751675,1.55314
539,14.71,10.1613,6,1.78,0.0813825,1.36426
540,16.5201,11.0467,10,1.86667,0.0708698,1.36949
541,17.4675,10.8103,7,1.66667,0.0694854,1.23041
542,17.2858,10.7672,8,1.82667,0.0673783,1.36651
543,16.3184,9.84446,8,0.886667,0.0725971,1.52019
544,16.7266,11.074,11,2.46,0.0666493,1.39525
545,19.8808,12.6111,11,2.68667,0.0683122,1.50102
546,15.4506,9.99203,8,1.38667,0.0684892,1.35727
547,15.2792,10.9447,9,1.12667,0.084307,1.27164
548,16.3198,10.6185,9,1.69333,0.0674445,1.18837
549,16.0348,10.3417,8,1.64,0.0697592,1.16967
550,14.3845,10.3814,6,1.42,0.0662431,1.11482
551,15.9236,10.9441,8,2.03333,0.0715111,1.26757
552,18.1589,12.3109,10,3.36,0.0725839,1.27109
553,16.2034,10.632,7,1.30667,0.0712782,1.18045
554,16.0468,10.6071,9,2.46,0.0656961,1.05771
555,17.0776,10.879,7,2.18,0.0696632,1.19888
556,18.1485,10.5198,9,1.47333,0.067765,1.21718
557,15.306,10.4369,6,1.55333,0.0676142,0.971887
558,17.9315,12.8924,8,3.29333,0.0677713,1.02625
559,14.7689,10.154,5,1.53333,0.0686662,1.29183
560,15.4199,11.0715,10,1.38667,0.0685933,1.1534
561,15.4496,11.0081,8,2.79333,0.0672854,1.17001
562,13.514,9.75123,4,1.54667,0.0667809,1.06661
563,16.2976,11.5226,7,2.18,0.0666648,0.897981
564,15.001,11.2358,7,1.44,0.0699349,0.923351
565,15.1164,10.6783,7,1.30667,0.0692584,0.945484
566,15.9565,11.1145,6,1.30667,0.0674207,1.06495
567,14.2104,10.3668,3,0.933333,0.0670711,0.936308
568,14.2277,10.5739,6,2.06,0.0673615,1.21844
569,17.9045,12.3377,9,3.03333,0.0699894,1.13404
570,17.1355,12.3051,7,2.16,0.0722618,1.32823
571,16.4176,10.8408,7,1.93333,0.0677153,1.44839
572,15.5351,11.0407,8,2.54667,0.0673162,1.28614
573,13.1812,9.76742,5,1.38667,0.0668133,1.07699
574,16.9867,11.4848,7,1.69333,0.0698161,1.19762
575,13.3274,9.5621,8,1.09333,0.0655001,1.07001
576,16.2206,11.4197,7,1.37333,0.0695636,1.10267
577,15.2219,10.7512,6,1.63333,0.0692829,0.962804
578,14.6042,11.1338,7,1.78667,0.0684364,0.974442
579,14.9685,11.6851,7,2.38,0.0665123,0.968561
580,20.7041,13.768,11,3.69333,0.0705612,1.18492
581,13.7257,10.7329,6,1.9,0.0668831,1.13181
582,16.2687,11.0787,7,1.44667,0.0683514,1.09416
583,18.2806,13.1558,9,2.54667,0.0688926,0.976758
584,12.2795,9.01522,3,0.453333,0.0664244,0.981836
585,17.3391,11.0901,9,1.61333,0.0727452,1.17239
586,13.6444,10.253,5,1.35333,0.0671694,1.09784
587,12.8048,9.75409,6,1.16,0.0703491,1.26132
588,14.6239,10.4488,8,1.79333,0.0671078,1.1127
589,13.891,9.87531,8,1.58,0.0793454,1.28279
590,16.4132,11.4326,9,1.70667,0.0689714,1.0858
591,15.0547,11.2425,5,0.806667,0.0705478,1.18236
592,15.8586,10.9021,9,1.64667,0.0675804,1.03442
593,15.6761,10.5329,8,2.01333,0.0694408,1.15184
594,16.8521,11.423,8,1.9,0.0686749,1.21057
595,17.0681,10.8773,8,1.82,0.0662099,1.00067
596,16.3541,10.778,8,1.45333,0.0676923,1.10273
597,17.5085,12.0812,9,2.24667,0.0684161,1.27015
598,14.2148,10.3455,4,1,0.0653431,1.04234
599,15.48,10.9456,7,1.15333,0.0663303,0.913814
600,17.3509,11.7631,9,2.52,0.0700038,1.21063
601,15.2433,11.0154,5,1.58,0.0661157,1.11527
602,12.9596,10.0029,6,1.02,0.0667106,1.05918
603,15.3532,10.5446,5,0.833333,0.0661434,1.14959
604,15.902,11.2186,6,1.27333,0.0689924,1.01146
605,15.017,10.9076,6,1.67333,0.068639,1.14196
606,12.8161,9.47101,8,0.733333,0.0671679,0.848408
607,15.8782,10.2989,6,1.09333,0.0687799,1.15624
608,13.7882,9.72988,8,1.38667,0.0677274,1.26593
609,15.5118,9.61418,8,1.02,0.0697499,1.33879
610,14.7897,9.47947,5,0.746667,0.0695379,1.11833
611,15.513,10.4426,6,1.66667,0.0724635,1.77822
612,17.5824,10.7628,10,2.42,0.0672968,1.78425
613,16.4603,9.81593,7,2.16,0.0723332,1.79105
614,17.2281,9.61125,8,2.13333,0.0677815,1.72535
615,16.8306,10.348,9,2.42667,0.0736052,1.62265
616,17.3481,10.5664,13,1.99333,0.068274,1.63865
617,15.8261,9.72752,9,1.52,0.0656402,1.50201
618,17.8214,10.6413,8,2.04,0.0719323,1.68176
619,16.3589,10.9327,8,2.41333,0.0706017,1.30173
620,16.7598,10.185,7,1.66,0.0689423,1.31817
621,14.1682,10.0012,7,1.13333,0.0698182,1.20277
622,17.3119,10.2461,8,1.65333,0.0707812,1.31661
623,15.5289,10.6007,7,2.08,0.0662025,1.23009
624,16.4193,11.4085,7,1.84,0.0673134,1.23236
625,15.1711,10.3804,8,1.62667,0.070641,1.24622
626,17.1456,11.7107,7,1.47333,0.0671041,1.07419
627,17.6541,11.6317,9,1.91333,0.0722717,1.28689
628,12.046,8.70974,7,0.913333,0.0669124,1.18778
629,16.4859,10.7512,7,1.64667,0.0669545,1.15093
630,16.383,9.59925,7,1.51333,0.0697251,1.17264
631,18.6074,12.2484,9,2.52667,0.0692132,1.23822
632,17.2148,11.1964,8,2.02,0.0678186,1.22257
633,12.998,9.92077,5,1.4,0.0696112,1.22381
634,17.1451,11.8275,7,1.62667,0.0692355,1.09265
635,17.2294,11.6051,8,2.25333,0.0726169,1.19579
636,14.1132,10.5741,10,1.91333,0.0672892,1.21267
637,16.402,10.6722,7,1.68,0.069263,1.31225
638,17.6952,11.2915,8,1.86667,0.0697783,1.27686
639,17.5969,11.7936,10,2.23333,0.0695958,1.36024
640,13.1654,10.2083,3,0.733333,0.0662058,1.24521
641,15.3603,9.0983,8,2.54667,0.0692427,1.55423
642,18.7064,11.539,10,3.45333,0.0674975,1.59077
643,15.3734,9.91026,8,2.41333,0.0760454,1.67448
644,13.4541,8.65099,4,1.06667,0.0659176,1.49711
645,14.8122,9.02136,6,1.27333,0.0663191,1.3526
646,15.5072,9.70416,7,1.39333,0.0700669,1.29152
647,13.2541,8.92569,4,0.56,0.0643257,1.06663
648,15.8503,8.81459,8,1.57333,0.0677401,1.3533
649,14.8284,9.53047,5,1.20667,0.0678603,1.19219
650,14.4845,10.3958,6,1.23333,0.0705198,1.09155
651,16.386,10.9769,7,1.58667,0.0699153,0.993934
652,16.5617,10.078,8,2.28667,0.0711797,1.60999
653,19.7922,11.3168,12,2.41333,0.0698116,1.35043
654,19.7132,11.895,11,2.92,0.0690684,1.38065
655,14.635,9.79868,6,1.80667,0.0672072,1.25309
656,16.6806,10.4723,8,1.78,0.07025,1.22439
657,19.7324,12.8093,11,3.28,0.0706106,1.29584
658,18.0965,11.1388,11,3.06,0.0695907,1.38665
659,15.1989,9.67128,7,1.97333,0.0706049,1.46044
660,16.1807,10.0996,8,1.62667,0.0678729,1.2503
661,13.5807,8.80875,6,1.3,0.0639023,1.19564
662,18.7233,11.882,9,2.62667,0.0731435,1.37955
663,14.7621,9.68691,7,2.06,0.0644997,1.18947
664,15.3368,10.7939,6,1.45333,0.0695381,1.16764
665,15.1632,10.4416,9,1.68667,0.0674122,1.20847
666,17.1527,10.8683,9,1.90667,0.070018,1.26859
667,15.3937,9.96432,6,1.42667,0.0656163,1.12613
668,15.9648,10.9582,7,1.66,0.070171,1.23863
669,13.942,9.731,5,1.42,0.0671544,1.23369
670,13.8301,10.0037,5,0.78,0.066925,1.14855
671,15.7482,9.74693,7,0.46,0.0695396,1.57727
672,15.2161,10.3341,5,0.48,0.0695911,1.53406
673,14.8471,9.34782,5,0.393333,0.0644215,1.46631
674,15.0759,9.63089,5,0.5,0.0671378,1.57801
675,14.8057,9.94815,5,0.433333,0.070127,1.46066
676,15.1431,10.1079,8,0.373333,0.0676995,1.3502
677,13.2728,9.09991,4,0.266667,0.0693642,1.37708
678,16.8951,10.07,8,0.666667,0.069635,1.59822
679,18.1803,10.7303,9,0.806667,0.0672028,1.53315
680,14.0697,8.77123,6,0.26,0.065469,1.36566
681,15.3663,9.53317,7,0.793333,0.0674354,1.48079
682,13.1025,8.61512,4,0.346667,0.0638633,1.31352
683,16.7954,10.0749,6,0.46,0.0663265,1.28264
684,15.3176,10.1706,5,0.326667,0.0673143,1.2414
685,17.114,9.92062,6,0.413333,0.0691868,1.34565
686,14.3281,9.52224,5,0.526667,0.0670159,1.40186
687,16.5294,10.2416,8,0.526667,0.066059,1.24409
688,14.4709,9.66455,9,0.653333,0.06653,1.32561
689,14.9858,8.81967,8,0.42,0.0646549,1.29286
690,16.3579,10.6659,11,0.72,0.0680302,1.19951
691,15.6667,10.3343,8,0.633333,0.0656646,1.16008
692,13.8152,9.00955,6,0.62,0.0654545,1.17166
693,17.7853,10.7676,8,0.8,0.0684939,1.2836
694,18.1935,9.47928,11,0.393333,0.0675135,1.21605
695,15.6711,9.59281,5,0.493333,0.0679454,1.22281
696,16.3208,9.64104,6,0.633333,0.0674528,1.23698
697,14.4673,9.78719,5,0.566667,0.068088,1.11032
698,17.0468,10.1516,7,0.92,0.0678357,1.12377
699,16.8026,10.4564,8,1.14,0.06868,1.20766
700,16.7762,9.92116,9,1.12,0.0658235,1.16658
701,15.5703,10.1547,6,2,0.0678963,1.53081
702,18.3254,10.6512,9,1.94667,0.0674945,1.53987
703,15.2233,9.98764,7,1.22,0.065738,1.33746
704,16.7174,10.4513,10,1.88,0.0687514,1.52548
705,16.3014,10.4696,7,1.50667,0.0666028,1.4248
706,17.0295,10.7523,9,1.68,0.0659431,1.21047
707,17.0595,11.1036,9,1.83333,0.0679954,1.16734
708,14.8039,10.2098,9,0.566667,0.0698412,1.1808
709,17.8853,10.8666,8,0.993333,0.0694547,1.04905
710,14.8255,10.3446,9,1.06667,0.0661842,1.16735
711,13.3659,8.60778,8,0.86,0.0654549,1.28768
712,17.8248,10.8896,8,1.03333,0.0682109,1.07445
713,16.4124,11.4004,7,1.02,0.0702434,1.00868
714,13.9231,9.89738,7,0.826667,0.067948,1.07621
715,16.0355,10.3917,9,1.3,0.0666647,1.17036
716,18.0267,11.0245,8,1.69333,0.0683199,1.15884
717,14.6396,9.98414,10,1.00667,0.0698333,1.1478
718,14.9502,9.85991,8,0.993333,0.0677058,1.08534
719,15.5849,10.1379,6,0.666667,0.0665003,1.0132
720,14.6679,9.22221,8,0.9,0.0645398,1.08041
721,15.9606,10.868,9,1.06667,0.0668242,1.09366
722,15.6144,10.2985,6,0.88,0.0651623,1.22038
723,15.9127,10.4323,7,0.686667,0.0669397,1.08603
724,16.0887,11.1796,7,1.08,0.0688486,1.23808
725,15.9947,10.4222,9,0.806667,0.0684124,1.32062
726,14.8464,10.5264,9,1.01333,0.0681884,1.20656
727,16.9769,10.3775,9,1.47333,0.0679501,1.41887
728,17.6546,10.0967,13,0.98,0.0675123,1.41655
729,16.5247,10.0525,13,1.27333,0.0682396,1.37663
730,17.6571,9.41027,11,0.733333,0.0656664,1.20555
731,16.4708,8.86347,8,2.07333,0.0661138,2.1463
732,16.173,10.1443,10,2.00667,0.0709352,1.57682
733,18.0318,11.2119,10,2.82667,0.0678909,1.6464
734,17.3304,9.63179,8,1.56667,0.0684186,1.63438
735,17.4765,8.5043,9,1.53333,0.0694067,1.92698
736,17.7019,10.0301,9,1.72667,0.0700556,1.30684
737,14.0243,8.03549,10,0.766667,0.0654958,1.11202
738,16.37,10.3375,11,1.27333,0.0667138,0.992808
739,16.8456,10.5806,15,1.72,0.0683303,1.09074
740,15.2314,9.35617,15,1.60667,0.0691316,1.25271
741,14.3996,9.38499,15,1.58,0.0667378,1.13075
742,15.5213,10.0679,13,1.16,0.0684951,1.38884
743,13.3951,9.27974,12,1.49333,0.0678681,1.12772
744,16.9957,10.494,13,1.2,0.0679646,1.07495
745,19.188,10.8631,15,2.04667,0.0688283,1.11405
746,15.1982,9.67108,8,1.1,0.0659764,1.08807
747,15.6861,10.5436,13,1.29333,0.0707169,1.14732
748,17.3077,10.6618,13,2.09333,0.0664547,1.15766
749,16.0386,9.82818,10,1.12667,0.0653374,1.35906
750,16.8387,11.1913,12,2.49333,0.0684752,1.07755
751,16.0145,10.6095,6,1.26667,0.0658042,1.1187
752,17.1959,11.0285,8,1.69333,0.0694392,1.35365
753,16.5238,10.9364,10,1.36667,0.0689599,1.11073
754,17.841,11.3495,9,1.84,0.068272,1.08414
755,18.4361,12.6461,9,2.85333,0.0684617,1.08298
756,16.046,8.71637,5,1.37333,0.0657575,1.10194
757,16.2065,10.8346,7,0.886667,0.0687701,1.11823
758,16.0998,9.64369,5,0.813333,0.0690965,1.17098
759,15.2115,10.0174,7,1.40667,0.0686024,1.23797
760,15.1436,10.4377,8,1.48,0.0681444,1.24961
761,17.7141,10.9053,8,1.86667,0.075505,1.61052
762,16.4808,10.4123,9,1.89333,0.0736648,1.52643
763,18.6562,11.8376,10,3.76667,0.078997,1.63013
764,16.5661,11.2046,8,2.32,0.0687757,1.43801
765,17.0986,10.853,9,2.64667,0.0751988,1.56621
766,16.198,10.2649,8,1.61333,0.0735348,1.58479
767,14.2563,10.0178,7,1.23333,0.070558,1.34613
768,16.5653,10.1411,7,1.34667,0.070427,1.43678
769,15.3099,9.80488,6,1.06,0.0676453,1.28023
770,16.8953,10.485,8,1.4,0.072509,1.41734
771,14.781,9.68406,6,1.28667,0.0690542,1.12515
772,18.4549,11.1719,8,1.75333,0.0705945,1.30013
773,12.527,8.66884,6,0.68,0.0669801,1.31969
774,14.7433,9.92315,6,1.24,0.0649162,1.12488
775,16.2842,10.6901,7,1.98,0.0755959,1.39795
776,18.2463,11.8178,9,2.63333,0.0741138,1.33511
777,16.0932,10.2702,8,1.62667,0.0668046,1.33094
778,17.6335,10.7762,11,2.38,0.0769629,1.49646
779,17.3098,11.1175,10,2.90667,0.13378,1.30642
780,17.5337,11.4904,11,2.4,0.0715045,1.54057
781,16.6665,10.8201,8,1.85333,0.0728031,1.35791
782,17.7117,11.635,10,1.60667,0.0723472,1.32309
783,17.4318,11.7496,8,2.76,0.0753962,1.35794
784,17.5427,10.77,8,2.13333,0.0700992,1.45143
785,15.4663,9.83455,8,1.54667,0.0673121,1.18959
786,15.7412,10.3723,7,1.56,0.0710212,1.25192
787,14.2513,9.83563,5,1.4,0.0693577,1.24224
788,12.5268,9.41873,6,0.946667,0.10588,1.14602
789,17.9265,11.7453,9,2.45333,0.0683317,1.3295
790,17.9335,11.9695,9,2.24667,0.0690665,1.30799
791,18.1343,11.6617,7,2.09333,0.119391,1.3823
792,15.9701,11.008,8,2.32,0.0917041,1.70865
793,18.7641,11.3421,9,2.64,0.0732734,1.51223
794,14.9795,9.66347,7,1.49333,0.0705651,1.32421
795,16.9542,10.4308,8,1.84667,0.0849887,1.40208
796,16.9242,10.2367,7,1.93333,0.11799,1.42188
797,18.3523,12.2078,8,2.74667,0.0973274,1.28066
798,15.8049,10.6993,7,2.36667,0.0763318,1.38462
799,18.7833,11.9031,8,3.08,0.071772,1.44859
800,17.3146,11.2809,7,2.24,0.0718485,1.45798
801,14.9874,9.10373,6,1.21333,0.0673982,1.17985
802,17.6513,12.3289,8,2.50667,0.0736132,1.24447
803,14.5808,10.1058,6,1.68,0.0729253,1.38585
804,16.5385,10.7118,7,1.89333,0.0659086,1.2723
805,14.1195,10.1253,6,1.65333,0.0682824,1.15538
806,15.1602,10.3945,5,1.16667,0.0978455,1.21137
807,15.8865,11.0808,7,2.24,0.109748,1.29258
808,16.7697,11.9467,8,2.23333,0.0747124,1.25812
809,16.8426,11.8954,8,3.12667,0.074849,1.26144
810,15.9134,10.3686,6,2.12,0.0699495,1.46616
811,16.5945,11.8298,8,1.94,0.0714391,1.50884
812,16.3317,11.0699,10,2.14,0.0702402,1.34175
813,18.002,12.4758,11,2.82667,0.0722309,1.34506
814,18.2263,12.6204,10,2.82667,0.0800928,1.39943
815,13.5662,9.48855,9,1.53333,0.0812702,1.24647
816,18.482,12.31,9,2.37333,0.0707839,1.30286
817,16.6814,10.9237,8,2.14,0.150645,1.19803
818,14.8534,10.0414,6,1.64,0.0675139,1.30176
819,14.9927,10.2581,5,1.7,0.0700728,1.35595
820,13.4038,9.39428,7,0.826667,0.0690042,1.20446
821,15.8658,11.3082,6,1.9,0.085378,1.16874
822,14.4529,9.21603,4,0.586667,0.0667676,1.26564
823,15.8873,11.2708,7,2.18,0.115581,1.40587
824,15.6501,11.0362,8,2.62,0.0822438,1.32016
825,17.0882,11.5804,8,2.28667,0.149497,1.08466
826,18.0109,12.5981,8,2.88667,0.0852372,1.29405
827,14.1114,9.06627,4,0.86,0.124418,1.30611
828,13.9528,10.0149,5,0.96,0.107529,1.19262
829,18.1378,11.8174,6,1.89333,0.0701605,1.25678
830,13.6227,10.1048,7,2.27333,0.0690074,1.28705
831,17.9532,12.3066,8,2.03333,0.0698484,1.18119
832,17.4289,11.7581,11,2.81333,0.0716293,1.22902
833,15.6824,10.9876,11,2.15333,0.0676501,1.16697
834,14.9634,10.3687,5,0.76,0.0668282,1.07241
835,16.7933,11.7032,7,2.2,0.0712659,1.27271
836,16.3158,10.3017,8,1.44667,0.06952,1.3082
837,13.7551,9.67728,4,0.74,0.0667672,1.29792
838,17.1117,11.0597,7,2.04,0.067311,1.22679
839,16.476,11.5166,9,2.04,0.0693286,1.30291
840,16.0363,11.631,8,1.96667,0.0725811,1.19166
841,13.4044,10.3208,5,1.32667,0.0691235,1.10167
842,15.7167,11.3485,8,1.83333,0.0703183,1.17007
843,16.9374,11.8122,8,1.86667,0.0688901,1.21032
844,14.8893,10.9429,9,1.96,0.0665968,1.23675
845,17.0618,11.9204,13,2.2,0.0680724,1.35161
846,15.5581,11.3678,8,2.14,0.0683091,1.16629
847,17.7915,12.9299,9,1.91333,0.0818791,1.37278
848,18.2397,13.5153,8,3.51333,0.0792348,1.33145
849,20.5056,14.9607,11,4.26667,0.110148,1.51729
850,15.7977,11.352,7,2.04667,0.0695604,1.47359
851,14.3025,9.67148,8,1.74,0.0926373,1.54874
852,15.1834,10.7717,7,1.16,0.0725497,1.28189
853,14.8179,9.48028,6,1.84,0.0682816,1.53773
854,15.8996,11.1234,7,1.12667,0.0761054,1.07147
855,16.4375,10.3759,9,1.27333,0.141287,1.33773
856,15.8104,10.5793,9,1.03333,0.0688628,1.09832
857,14.5101,10.8374,6,1.38,0.0682589,1.03739
858,12.9349,9.14059,6,1.03333,0.0749695,1.17149
859,15.1925,11.1753,6,1.19333,0.0692334,1.05446
860,17.7151,12.2935,6,1.53333,0.0869334,0.953961
861,17.2974,12.365,8,2.26,0.0704942,1.10162
862,17.1518,11.8758,7,2.06,0.070912,1.05569
863,10.6048,8.42945,6,0.706667,0.0643119,0.942796
864,14.8671,10.9513,5,1.06667,0.0681545,0.985084
865,14.0773,10.5802,4,0.82,0.0676744,0.811507
866,14.5802,10.5669,7,1.33333,0.0691372,0.899115
867,13.4765,9.75187,5,0.733333,0.0659365,0.811886
868,16.867,11.6144,8,1.58667,0.0729613,0.951952
869,17.3407,11.1691,8,1.52,0.0676778,1.20525
870,16.7649,11.8988,9,2.54667,0.0693735,0.932579
871,17.5824,12.2183,7,2.46667,0.066585,0.944147
872,15.9917,11.6997,8,2.78667,0.0678577,1.0303
873,19.7298,12.5162,12,3.44667,0.0664031,1.03524
874,15.528,11.4388,5,1.24,0.0681836,1.0944
875,14.1021,10.4147,5,1.59333,0.0647956,1.03648
876,13.2934,10.1488,4,1.66,0.0661233,0.96364
877,15.0519,10.3059,11,1.09333,0.0650758,0.869366
878,16.3548,10.2936,7,0.9,0.0667845,0.899785
879,14.6132,10.9417,6,1.13333,0.0689826,0.954235
880,16.7559,10.8798,10,0.96,0.0681664,0.951516
881,15.333,9.42352,10,2.21333,0.0949076,2.77129
882,17.5025,9.34252,10,2.38667,0.0676265,2.7389
883,18.6417,9.8263,11,3.58,0.0709698,3.3929
884,17.7946,8.41608,11,1.30667,0.0697483,1.73799
885,17.1576,8.7763,10,1.82,0.0680745,1.91149
886,20.5267,10.4075,13,2.52667,0.0704888,1.63616
887,18.6674,9.30248,13,2.46667,0.0681848,1.8098
888,18.3322,8.57413,11,2.04667,0.0699559,1.80583
889,16.6654,9.64049,9,2.16667,0.0667676,1.99986
890,15.774,9.08501,10,1.70667,0.0699038,1.93373
891,18.0069,9.48954,11,1.96667,0.0685682,1.8404
892,15.4747,8.59296,10,1.76,0.0705458,1.97435
893,17.3857,10.6405,12,2.84,0.0708442,2.104
894,18.7984,10.9615,12,2.62667,0.0847472,1.84784
895,15.5427,9.65555,8,2.5,0.0676816,1.78237
896,16.9316,9.95576,11,2.75333,0.0846037,1.69672
897,18.6856,10.3489,12,2.35333,0.0907777,1.79494
898,19.947,10.9201,11,3.18,0.0706164,1.9521
899,17.1033,9.57078,12,2.23333,0.0681108,1.73109
900,18.6466,10.4271,12,2.13333,0.0689923,1.76689
901,17.2469,10.8934,7,2.30667,0.0677599,1.72369
902,18.8436,9.92895,12,1.78667,0.0707181,1.63469
903,15.6889,9.24179,10,1.62667,0.0677859,1.82149
904,18.5945,11.0946,11,2.68667,0.0675091,1.62781
905,16.1193,10.2543,10,1.98667,0.069629,1.31478
906,17.37,10.9486,10,2.7,0.0694697,1.50436
907,16.6422,10.4581,9,2.15333,0.0676304,1.35619
908,16.0169,10.1866,8,1.94,0.066633,1.37931
909,17.0632,9.47234,11,1.68667,0.0664844,1.45448
910,17.0639,10.5808,9,1.98,0.0717719,1.70986
911,16.3229,8.28581,10,2.04667,0.0672462,1.58473
912,19.5137,9.12204,10,1.5,0.085735,1.64856
913,15.2181,7.35186,8,1.44,0.0706365,2.09008
914,17.1421,8.26135,9,1.28,0.0707656,1.90979
915,13.8777,7.99248,8,0.973333,0.0695372,1.49199
916,17.6935,8.51468,11,1.51333,0.0718057,1.54126
917,18.1764,8.01039,11,1.1,0.0668512,1.50863
918,17.3872,9.15757,10,1.3,0.0732477,1.54981
919,16.2867,8.17049,13,1.09333,0.0662059,1.43287
920,17.2888,8.87534,10,1.14667,0.0681937,1.47396
921,17.2668,8.49693,8,0.946667,0.0673108,1.24104
922,17.0105,10.0061,9,1.68,0.07118,1.47972
923,16.4241,9.10408,8,1.21333,0.0680381,1.31951
924,15.9444,9.06938,5,0.886667,0.0690078,1.51051
925,15.9639,9.17265,7,0.986667,0.0683038,1.36251
926,16.3166,8.67715,8,1.05333,0.0700927,1.4186
927,19.903,10.6688,13,2.02667,0.0758923,1.51363
928,17.0232,9.36978,8,0.846667,0.0669851,1.34618
929,15.6367,9.38092,9,1.24,0.0680906,1.5208
930,15.9299,9.6169,10,1.25333,0.0673449,1.34072
931,17.507,10.8125,8,1.46,0.0830251,1.50027
932,19.1595,10.8779,13,1.37333,0.0691825,1.31112
933,16.1462,10.1529,9,1.58,0.0674671,1.37481
934,18.9609,10.6889,10,1.24667,0.0790545,1.43785
935,15.3845,8.77305,7,1.12,0.0654063,1.28573
936,18.2759,10.9115,10,1.36667,0.0704819,1.40438
937,17.9566,8.64583,9,0.806667,0.0643626,1.2276
938,16.5095,10.2982,9,0.933333,0.0684583,1.38932
939,15.4827,10.0117,11,1.04,0.0677001,1.08815
940,18.8053,10.6369,13,1.36,0.0717567,1.33553
941,18.3235,10.0414,12,2.92,0.0703707,1.94955
942,21.2672,10.7342,15,2.06667,0.0694697,1.68627
943,17.4334,9.01194,11,1.32,0.0678511,1.85738
944,19.4265,9.01505,13,1.96,0.0694957,2.08343
945,18.5514,9.542,11,1.7,0.0662206,1.62572
946,18.6245,11.335,12,1.88667,0.0689676,1.30308
947,17.6455,9.99616,9,0.386667,0.0683751,1.14057
948,17.2129,10.3625,9,0.84,0.0687869,0.879797
949,15.6149,10.8309,13,0.86,0.0679125,1.00228
950,16.2615,10.682,6,1.55333,0.0679629,1.48282
951,16.1765,10.5338,7,1.84,0.0724101,1.21266
952,12.5274,8.6985,8,0.873333,0.0650932,1.22428
953,16.2066,9.77815,6,1.34667,0.0699429,1.44885
954,15.3422,10.3579,9,1.92,0.0681078,1.33263
955,18.0584,12.651,10,3.34,0.0695347,1.26769
956,17.5021,9.9685,10,0.866667,0.0753001,1.10106
957,16.9057,9.97366,10,1.42,0.0704611,1.15844
958,17.1207,10.5028,10,0.813333,0.0704077,1.29653
959,16.9312,10.5299,8,2.08667,0.0662205,1.37988
960,17.892,12.2329,9,2.78,0.0692141,1.37784
961,18.4176,10.6004,8,1.16667,0.0687361,1.24414
962,19.5755,11.6175,13,1.88,0.0699269,1.2417
963,17.3741,8.69561,10,1.18667,0.0654987,1.07131
964,19.0921,10.6934,10,1.34,0.0696639,1.17359
965,17.2098,9.89664,9,1.34,0.0708355,1.33323
966,16.1278,9.67849,10,1.46,0.0678253,1.37503
967,16.1709,10.7006,9,1.52,0.0676302,1.07163
968,17.3058,10.7207,10,1.76667,0.0744663,1.14201
969,18.8239,9.49839,10,1.17333,0.0698666,1.15697
970,18.7374,11.59,10,1.78,0.0685913,1.08345
971,17.1435,10.1484,11,1.78,0.0690412,1.37309
972,15.7102,8.46787,9,0.973333,0.0650208,1.1452
973,22.4041,11.0617,15,4.03333,0.175725,3.26379
974,17.6032,9.69088,14,3.14667,0.240499,3.34882
975,16.6756,9.35254,10,2.21333,0.147778,2.42352
976,17.6458,8.82962,10,2.18,0.0679853,2.78166
977,19.4967,10.3568,14,3.42,0.0704788,2.90427
978,18.2466,9.05504,11,2.64,0.0655936,3.00416
979,17.487,10.1492,10,2.54,0.0693466,2.68894
980,17.8163,10.6156,12,2.70667,0.0718495,2.78567
981,17.2366,9.92958,13,2.4,0.0669707,2.50249
982,16.0393,9.37931,11,2.44667,0.0683944,2.60128
983,16.6396,9.02043,10,1.87333,0.0649666,2.36778
984,18.687,9.92288,15,2.40667,0.0651184,2.35864
985,19.2265,9.76613,11,2.53333,0.0698217,2.53841
986,19.5861,9.98329,12,2.54667,0.0693432,2.68939
987,19.6169,10.1107,14,2.78667,0.0708519,2.69971
988,20.4154,10.2184,13,2.82,0.0699273,2.53808
989,19.8203,10.3951,13,2.92667,0.0715522,2.59918
990,19.9899,10.0676,13,3.00667,0.0678775,2.70994
991,18.0456,9.63998,12,2.58667,0.0709735,2.52163
992,17.251,8.65866,11,2.46667,0.067184,2.45779
993,19.4,10.4141,12,2.98,0.0721363,2.4576
994,21.5799,10.0058,14,2.57333,0.0673838,2.61499
995,19.6023,10.1181,13,2.78,0.0704304,2.66777
996,20.9145,10.9238,14,2.93333,0.0796372,2.3455
997,19.7615,9.73403,14,2.93333,0.0676049,2.31063
998,18.8366,10.0172,14,2.65333,0.06914,2.39815
999,19.2202,9.5069,12,2.62667,0.0678064,2.48498
1000,17.0915,9.65669,11,2.78667,0.0713461,2.55244
