1,0.451051,0.0108339,8,0.32,0.0715433,1.52905
2,0.205496,0.00938687,4,0.34,0.0689151,1.29925
3,0.107033,0.00534741,4,0.32,0.0689762,1.12007
4,0.216752,0.00955087,5,0.42,0.0695868,1.26461
5,0.195909,0.0111953,8,0.633333,0.0694707,1.25245
6,0.246669,0.0220104,8,2.24667,0.0687153,2.00753
7,0.238981,0.0279576,10,1.52,0.0692905,2.17903
8,0.41161,0.0246886,10,1.66,0.0680857,1.98505
9,0.357803,0.013827,9,1.08,0.0655736,2.18904
10,0.384139,0.0215731,8,1.56,0.0688411,1.73287
11,0.448505,0.0295061,9,1.16667,0.0658482,1.56073
12,0.295103,0.0237293,7,1.08,0.071276,2.02582
13,0.512861,0.0424739,8,1.62,0.072669,1.75521
14,0.305402,0.0339023,9,1.26,0.0697013,1.65124
15,0.376974,0.0335309,7,1.16667,0.0685898,1.46534
16,0.387589,0.0166685,6,0.946667,0.064958,1.56325
17,0.357548,0.0619954,8,1.82,0.0695816,2.03715
18,0.298758,0.0463235,9,1.28667,0.0685235,1.80836
19,0.23639,0.024677,8,1.16667,0.0644979,1.54656
20,0.317842,0.080154,8,1.71333,0.0675938,1.86022
21,0.372886,0.043622,5,1.27333,0.0665376,1.84445
22,0.388246,0.026653,9,0.94,0.0670579,1.54088
23,0.282192,0.0303719,7,1.01333,0.0675144,1.36782
24,0.285084,0.0354799,7,0.906667,0.0676894,1.90413
25,0.292955,0.0249729,7,0.98,0.0677805,1.31249
26,0.479056,0.0474818,7,1.18667,0.0674712,1.47182
27,0.324252,0.0282186,6,1.18667,0.0644024,1.61252
28,0.394343,0.0532096,7,1.8,0.0725864,2.12832
29,0.306232,0.0513347,6,1.18667,0.0667616,2.09278
30,0.284105,0.0363759,6,1.79333,0.0688334,1.58519
31,0.263171,0.0393421,5,0.92,0.0667817,1.90142
32,0.419112,0.0446957,7,1.44,0.0745975,1.81824
33,0.496209,0.0727777,7,1.50667,0.0693127,1.75949
34,0.216624,0.0273552,5,0.873333,0.071366,1.79259
35,0.391736,0.0407768,7,1.01333,0.068764,1.76451
36,0.567936,0.0741146,9,1.62667,0.0661001,2.01546
37,0.582136,0.123121,9,2.44667,0.0709641,2.5643
38,0.383577,0.0529445,6,1.14667,0.0725187,2.396
39,0.437221,0.0537768,9,1.66,0.0679298,2.14799
40,0.346757,0.0556112,9,1.55333,0.0705162,2.74657
41,0.459869,0.0910429,9,2.30667,0.0680171,2.40631
42,0.334479,0.0365852,7,1.27333,0.0736422,2.87451
43,0.562571,0.0761045,9,1.88667,0.0716661,2.52818
44,0.380721,0.0476752,7,1.56667,0.0688865,2.30708
45,0.401293,0.0438883,8,1.29333,0.065479,2.34718
46,0.564511,0.0836776,8,2.12667,0.0728858,2.63452
47,0.513392,0.0626162,8,1.88,0.0714186,2.46392
48,0.589891,0.0932537,8,2.51333,0.0649435,2.24686
49,0.445763,0.0704063,7,1.90667,0.0678468,2.5656
50,0.479729,0.0684012,7,1.84667,0.0696681,2.54081
51,0.609868,0.0746314,9,1.82,0.0693712,2.73676
52,0.48827,0.100699,9,2.2,0.0681657,2.63767
53,0.452378,0.0697357,9,1.94,0.0704292,2.62775
54,0.528459,0.0747572,8,1.82667,0.0658585,2.49603
55,0.459178,0.059635,8,1.40667,0.0680939,2.67119
56,0.434789,0.0372432,8,1.09333,0.0663603,2.77962
57,0.498205,0.0669657,9,1.51333,0.0726987,2.39874
58,0.494883,0.0714611,7,1.85333,0.0650388,2.45511
59,0.385913,0.0596208,8,1.62667,0.0657493,2.52699
60,0.515228,0.0671559,9,1.9,0.0679381,2.233
61,0.617521,0.153893,8,3.01333,0.0665072,2.77368
62,0.343827,0.088069,8,2.16,0.0721071,2.81922
63,0.340771,0.0617584,6,1.50667,0.0645799,2.75638
64,0.410916,0.0771315,8,1.97333,0.0658966,2.39443
65,0.488941,0.0872232,9,1.99333,0.0646437,3.11326
66,0.448425,0.0766893,7,2.12667,0.0699654,3.40154
67,0.455065,0.0843964,8,2.07333,0.0672362,2.98572
68,0.485354,0.102698,9,2.36,0.0668073,2.91858
69,0.484281,0.11654,10,2.31333,0.0667143,2.88395
70,0.481143,0.0344599,7,0.88,0.0680583,2.7609
71,0.58473,0.076228,10,1.68667,0.070826,2.86741
72,0.486136,0.0766423,10,2.24667,0.0677459,2.86256
73,0.536071,0.111048,9,2.42667,0.0653857,3.13044
74,0.611214,0.0968677,10,2.48667,0.0670273,2.7675
75,0.529821,0.110243,9,2.54,0.073591,3.03841
76,0.716481,0.0932969,10,2.27333,0.0688413,2.9651
77,0.626426,0.103554,10,2.62667,0.064856,2.79186
78,0.541793,0.0909255,8,2.29333,0.0685539,3.23403
79,0.615296,0.0687191,8,1.93333,0.0678701,3.37262
80,0.677146,0.113803,8,2.74,0.0680186,3.18435
81,0.750241,0.120944,10,2.57333,0.0697445,3.5427
82,0.683625,0.0820352,9,1.68667,0.0694512,2.94584
83,0.749888,0.0996989,10,2.18667,0.0691266,2.74286
84,0.735491,0.100393,10,2.06667,0.067315,2.89312
85,0.759292,0.117578,10,2.43333,0.0683006,2.74099
86,0.614526,0.0836805,9,1.91333,0.0747841,2.41442
87,0.70082,0.12476,10,2.47333,0.0734454,2.65541
88,0.705578,0.124286,10,2.53333,0.0727712,2.64146
89,0.602243,0.143,9,2.52,0.0641217,2.43497
90,0.782372,0.130001,10,2.35333,0.066027,2.94095
91,0.742891,0.138307,9,2.4,0.0677219,2.59944
92,0.680423,0.128763,10,2.4,0.0701536,3.03926
93,0.558194,0.0927943,9,1.89333,0.0677085,2.99825
94,0.611388,0.107909,10,1.92,0.066558,2.5448
95,0.738036,0.151492,10,2.66,0.0717339,2.80955
96,0.591684,0.108348,9,2.3,0.0681781,2.65884
97,0.563908,0.109492,9,2.44667,0.0690299,2.93795
98,0.736679,0.0890703,10,2,0.0702071,2.8615
99,0.78064,0.118856,10,2.21333,0.0683049,2.78307
100,0.610154,0.0755632,9,1.61333,0.0635251,2.50133
101,0.632552,0.105472,10,2.44667,0.0697819,2.40498
102,0.663713,0.0909507,9,2.28667,0.0650109,2.86253
103,0.718721,0.107467,10,2.24,0.0719685,2.60571
104,0.761463,0.133639,10,2.69333,0.0700848,2.79806
105,0.558497,0.128821,7,2.22,0.0678593,2.74404
106,0.66551,0.0928218,9,1.93333,0.0620562,2.67643
107,0.75133,0.11526,10,2.14667,0.0676456,2.53509
108,0.556354,0.0937189,9,1.90667,0.067536,2.7762
109,0.667708,0.107405,10,2.27333,0.0684677,2.54524
110,0.768707,0.157206,9,3,0.071024,2.63658
111,0.788352,0.1279,10,2.64,0.0684283,2.58592
112,0.632772,0.151861,9,2.78667,0.0689859,3.0865
113,0.732328,0.176363,10,3.08,0.0677146,2.69896
114,0.694048,0.126735,10,2.56,0.0693414,3.084
115,0.56894,0.127391,10,2.45333,0.0681449,3.11145
116,0.786488,0.1575,10,2.74,0.0692728,2.84233
117,0.712856,0.140257,10,2.64667,0.0687394,3.09662
118,0.719681,0.200194,9,3.42667,0.0719962,3.159
119,0.651043,0.103824,9,1.81333,0.0686215,2.57112
120,0.752758,0.132059,9,2.30667,0.0700448,2.63025
121,0.818033,0.177288,10,2.95333,0.0722929,2.75212
122,0.565454,0.103957,8,1.84,0.0644306,2.88381
123,0.727467,0.167848,10,2.78667,0.069592,3.02883
124,0.640664,0.113422,10,2.08,0.0669671,3.05801
125,0.61038,0.12132,10,2.54,0.0666604,2.98306
126,0.784713,0.179046,10,3.04,0.0663607,3.17828
127,0.681044,0.165044,10,2.91333,0.068447,3.07566
128,0.686058,0.128269,10,2.75333,0.0698967,3.32673
129,0.699502,0.133482,10,2.73333,0.0755506,3.56297
130,0.698149,0.131488,9,2.44,0.0696988,3.30182
131,0.613749,0.132689,9,2.52667,0.0641605,2.90624
132,0.718935,0.174595,10,3.32667,0.0658545,2.89322
133,0.634238,0.135651,9,2.6,0.0678442,3.52002
134,0.709376,0.148483,10,2.94667,0.0674426,3.29898
135,0.608152,0.138224,9,2.62,0.0690007,3.16819
136,0.670897,0.12895,10,2.53333,0.0661025,3.32894
137,0.717327,0.16441,10,2.91333,0.0669573,3.0692
138,0.72512,0.125183,10,2.50667,0.0683688,3.12427
139,0.748806,0.126604,10,2.54667,0.066422,3.18636
140,0.686901,0.14681,9,2.59333,0.0705206,2.92854
141,0.711926,0.176802,10,3.07333,0.0694146,2.8937
142,0.56021,0.137148,8,2.51333,0.0692344,3.20416
143,0.582309,0.114918,10,2.06,0.070777,3.04096
144,0.619611,0.139904,10,2.47333,0.0684208,3.00305
145,0.701441,0.145528,9,2.42667,0.0678744,2.80003
146,0.799732,0.141198,10,2.65333,0.0677056,3.15722
147,0.698687,0.143365,10,2.61333,0.0710479,3.15968
148,0.689292,0.176759,10,3.00667,0.068935,2.65979
149,0.752485,0.157491,10,2.92667,0.0735487,2.99404
150,0.554391,0.127087,10,2.36,0.0668848,2.7455
151,0.601653,0.121245,9,2.18,0.0672808,2.66627
152,0.591105,0.159658,9,2.90667,0.0676361,2.78601
153,0.699395,0.164798,10,3.30667,0.0676153,3.16812
154,0.526913,0.143004,9,2.76,0.0689469,3.07179
155,0.703742,0.14235,9,2.97333,0.0677546,3.1396
156,0.664339,0.13815,9,2.49333,0.0634605,2.81396
157,0.658066,0.12207,9,2.32,0.0666135,2.99753
158,0.52273,0.117783,9,2.26667,0.0666869,2.84817
159,0.647451,0.121769,10,2.55333,0.071175,2.92699
160,0.48698,0.124259,9,2.23333,0.0673034,2.95905
161,0.505441,0.109521,9,2.14667,0.0673994,3.14854
162,0.570371,0.090993,10,1.98667,0.0657564,2.76878
163,0.542605,0.114885,9,2.33333,0.0672064,2.53739
164,0.664891,0.143486,9,2.53333,0.0739951,2.78766
165,0.628829,0.165029,10,3.04667,0.0699542,3.18866
166,0.693622,0.14856,10,2.76,0.0694198,3.05894
167,0.69507,0.169068,10,2.94667,0.0690503,3.0663
168,0.62492,0.157562,10,2.74,0.0636985,3.05946
169,0.68336,0.152344,10,2.68,0.0697719,3.03725
170,0.490667,0.102907,10,2.14,0.0671478,3.20603
171,0.486863,0.0758428,9,1.62667,0.0644311,3.03816
172,0.553664,0.101776,9,2.05333,0.0645919,3.09662
173,0.565854,0.0998406,10,1.92,0.0660268,3.08967
174,0.61875,0.138283,10,2.72,0.0646477,3.18379
175,0.659282,0.130025,10,2.42667,0.0659976,3.15497
176,0.584913,0.1509,10,2.75333,0.0691583,3.25986
177,0.623233,0.0974557,10,2.2,0.065419,3.08696
178,0.561502,0.103817,10,2.2,0.082989,3.6187
179,0.589116,0.0995681,9,1.95333,0.0681818,3.24139
180,0.633085,0.118706,10,2.42,0.0714568,3.53534
181,0.671356,0.0956954,10,1.83333,0.0637253,3.20326
182,0.739473,0.159529,10,2.88,0.0710124,3.30516
183,0.710188,0.199504,10,3.58667,0.0638092,3.29139
184,0.705616,0.151338,10,3.15333,0.0684031,3.48215
185,0.714617,0.13675,10,2.95333,0.0698987,3.3578
186,0.861231,0.183098,10,3.74,0.072868,2.58829
187,0.625184,0.102113,10,2.10667,0.067731,2.90715
188,0.756937,0.158127,10,3.1,0.069278,2.90219
189,0.653086,0.110369,9,2.21333,0.0732913,3.18473
190,0.751173,0.1163,10,2.38667,0.0667812,2.50173
191,0.723038,0.159426,9,2.88,0.0633018,2.54685
192,0.653961,0.159121,9,2.99333,0.178369,3.55623
193,0.526354,0.114717,9,2.37333,0.0668594,3.42605
194,0.902626,0.24257,10,3.74,0.0720005,3.00777
195,0.792297,0.183991,10,3.16667,0.0670686,2.79481
196,0.723599,0.153696,10,2.72667,0.0681695,3.13956
197,0.742349,0.141321,10,2.76,0.0667373,2.96986
198,0.675017,0.146734,9,2.6,0.0676357,3.24334
199,0.681498,0.197392,10,3.24667,0.0756569,3.14597
200,0.82519,0.246313,10,3.90667,0.0736029,2.96183
201,0.794148,0.195448,10,3.15333,0.0670498,2.75011
202,0.693606,0.183993,10,3.36,0.0709104,3.1351
203,0.792325,0.211994,10,3.75333,0.0717438,3.10309
204,0.745682,0.188699,10,3.23333,0.0707111,2.9318
205,0.709095,0.143274,10,2.36667,0.0668168,2.77854
206,0.71376,0.139773,9,2.50667,0.0685704,2.93127
207,0.763309,0.170825,10,3.27333,0.0663285,2.70218
208,0.753729,0.155796,10,2.6,0.0682847,2.79194
209,0.744742,0.18864,10,3.23333,0.0696021,2.45573
210,0.669942,0.168829,10,2.74,0.0641158,2.33519
211,0.745685,0.178961,9,2.94667,0.0687665,2.58629
212,0.695256,0.17077,10,3.28667,0.0679663,2.82886
213,0.77193,0.216045,10,3.59333,0.0676157,2.65195
214,0.704839,0.174471,10,3.14,0.0661242,2.91474
215,0.687582,0.196313,10,3.36667,0.0671055,2.65824
216,0.824117,0.244069,10,4.18667,0.0734619,2.61839
217,0.798238,0.22151,10,4,0.0686952,2.6079
218,0.783137,0.24092,10,4.10667,0.0658527,2.68815
219,0.640404,0.181076,9,3.32667,0.0706311,2.94676
220,0.69373,0.181839,10,3.58667,0.067171,2.95928
221,0.808208,0.214326,10,3.63333,0.0703825,2.73833
222,0.841199,0.219087,10,3.88667,0.0693391,2.6794
223,0.620647,0.135363,10,2.57333,0.0618918,2.82027
224,0.810831,0.222337,10,3.56,0.0669113,2.4627
225,0.718359,0.189104,10,3.73333,0.0727133,3.04574
226,0.674563,0.138679,10,2.74,0.06701,3.12902
227,0.863276,0.228883,10,3.66667,0.0702648,2.56973
228,0.854224,0.238442,10,3.64667,0.0694862,2.74574
229,0.698362,0.173944,10,2.86667,0.0666259,2.83537
230,0.679263,0.171908,9,2.98,0.0678062,2.95525
231,0.728808,0.23041,10,3.78,0.0709514,2.90273
232,0.721977,0.246756,9,3.82,0.0710652,2.80326
233,0.520901,0.121326,8,2.09333,0.0684741,3.2958
234,0.674258,0.168347,9,3.02667,0.0676543,2.79111
235,0.77663,0.206794,10,3.35333,0.0712117,2.93098
236,0.671942,0.222748,10,3.50667,0.0714867,2.98083
237,0.797643,0.279781,10,4.23333,0.0718642,2.96765
238,0.62112,0.196533,10,3.4,0.0689568,3.09201
239,0.704058,0.200625,9,3.32667,0.0752135,3.11868
240,0.768771,0.229308,10,3.76667,0.0694364,2.95269
241,0.802904,0.238543,9,3.74,0.0695245,2.9598
242,0.732642,0.230496,10,3.81333,0.0734584,3.08845
243,0.583425,0.146866,9,2.62,0.0711002,3.35104
244,0.780947,0.197169,10,3.2,0.0659168,2.92739
245,0.730378,0.233777,10,3.83333,0.0683503,2.75611
246,0.799007,0.198768,10,3.46667,0.0707209,2.66874
247,0.774523,0.212853,10,3.56,0.0680409,2.42473
248,0.650374,0.204494,9,3.74,0.0695882,2.8873
249,0.77893,0.227221,10,3.68667,0.0706035,2.82256
250,0.697924,0.241751,10,4.02,0.0664497,3.07743
251,0.808737,0.226423,10,4.01333,0.0719848,2.80506
252,0.776333,0.236214,10,4.29333,0.0674945,2.75034
253,0.70845,0.148882,10,2.59333,0.0653015,2.95991
254,0.812778,0.224419,10,3.54667,0.0709081,2.44972
255,0.849279,0.239405,10,4.06667,0.0692742,2.37683
256,0.665024,0.20128,10,3.35333,0.0657823,2.63969
257,0.798145,0.221843,10,3.92667,0.0712981,2.95142
258,0.690175,0.148809,10,2.84,0.0656846,3.00466
259,0.80493,0.1813,10,3.03333,0.0695229,2.89077
260,0.866449,0.28123,10,4.5,0.066679,2.54223
261,0.737738,0.184016,10,3.23333,0.0681958,2.63821
262,0.759257,0.238196,10,3.78,0.0667065,2.66933
263,0.780615,0.257229,10,3.95333,0.0690178,2.63909
264,0.725028,0.188104,10,3.21333,0.0688166,2.98817
265,0.751221,0.212025,10,3.53333,0.070555,2.92963
266,0.845587,0.246025,10,3.74667,0.070298,2.91294
267,0.765937,0.273267,10,4.2,0.0703626,3.02002
268,0.790851,0.253301,10,3.96,0.0687448,2.92564
269,0.777067,0.283385,10,4.24667,0.0678364,2.97732
270,0.737319,0.224933,9,3.37333,0.0671746,2.70365
271,0.754118,0.169164,10,2.9,0.0682974,2.9377
272,0.714685,0.176293,10,3.18667,0.069209,3.08196
273,0.680781,0.172801,10,2.99333,0.0683548,3.17249
274,0.722232,0.222174,10,3.77333,0.0716495,2.80858
275,0.80849,0.242717,10,3.97333,0.0729868,2.8954
276,0.671637,0.183269,10,3.02667,0.0664793,3.14562
277,0.725337,0.19541,10,3.5,0.0660945,2.99617
278,0.723816,0.198612,10,3.46,0.0916967,3.19916
279,0.737374,0.251291,10,4.08667,0.0681228,2.87755
280,0.683412,0.207194,9,3.43333,0.069643,2.76629
281,0.838861,0.234343,10,3.77333,0.0738003,2.86599
282,0.664676,0.186682,8,3.16,0.0662208,3.16441
283,0.680679,0.216664,9,3.42,0.0678887,2.9746
284,0.721776,0.234845,10,4.04,0.0664806,2.4391
285,0.701949,0.137918,10,2.76,0.0669539,2.9008
286,0.744111,0.183364,10,3.25333,0.0690644,2.74292
287,0.692094,0.157992,10,3.02,0.0682895,3.04973
288,0.828826,0.193629,10,3.32667,0.0693585,2.33945
289,0.688615,0.14006,10,2.90667,0.0687003,2.77874
290,0.79402,0.216022,10,3.34,0.070916,2.6984
291,0.661505,0.159611,10,2.93333,0.0695094,2.68792
292,0.638745,0.164526,10,3.21333,0.0638072,2.92622
293,0.668896,0.167591,9,2.98,0.0668436,2.79142
294,0.748691,0.171034,10,3.31333,0.0696086,2.69687
295,0.622741,0.126975,9,2.52,0.0648762,2.74202
296,0.765036,0.191915,10,3.28667,0.0743906,2.70348
297,0.657124,0.116351,10,2.44,0.0640778,2.90775
298,0.724942,0.181578,10,2.84667,0.0678244,2.56813
299,0.704362,0.19283,10,3.16667,0.0682113,2.45274
300,0.661783,0.149508,10,2.58667,0.0709633,2.97443
301,0.751563,0.199671,10,3.32667,0.0710112,2.856
302,0.674828,0.177627,9,3.16,0.0691311,2.84976
303,0.741711,0.190873,10,3.40667,0.0706023,2.66722
304,0.549058,0.127344,8,2.37333,0.0650594,2.96817
305,0.687713,0.143659,10,2.72,0.0666057,2.70627
306,0.734971,0.216349,10,3.86667,0.0708485,2.74424
307,0.745607,0.219621,10,3.88,0.0636467,2.5852
308,0.846996,0.288282,10,4.62,0.0718403,2.62837
309,0.827861,0.232289,10,3.92,0.0712539,2.93433
310,0.727401,0.24803,10,4.08667,0.0705518,3.04225
311,0.725267,0.204496,10,3.44,0.0683708,2.74035
312,0.792701,0.217061,10,3.68,0.0652952,2.66349
313,0.764117,0.210371,10,3.46,0.0670387,2.79898
314,0.779604,0.186513,10,3.40667,0.0713054,3.10565
315,0.72198,0.224965,9,3.76667,0.0683675,3.10506
316,0.705665,0.167258,10,3.16667,0.0649283,3.19823
317,0.785329,0.215625,10,3.67333,0.0672202,2.89505
318,0.619069,0.163349,10,3.05333,0.068849,3.27088
319,0.632978,0.173948,10,3.24667,0.0710026,3.20114
320,0.546389,0.118365,8,2.15333,0.0649614,2.84935
321,0.629484,0.179962,10,3.25333,0.0689603,3.32063
322,0.761836,0.239293,10,3.98,0.0695765,2.92545
323,0.612445,0.173646,9,3.04,0.0664508,3.11773
324,0.75524,0.215136,9,3.67333,0.067085,2.93838
325,0.720022,0.233671,10,3.72,0.069942,2.94837
326,0.813609,0.281132,10,4.34667,0.0686058,2.53124
327,0.696154,0.214349,10,3.76667,0.0664009,3.02148
328,0.761556,0.244057,10,3.73333,0.0735601,2.75512
329,0.763757,0.222559,10,3.37333,0.0700309,2.73557
330,0.799779,0.227045,10,3.94,0.0652191,2.89444
331,0.784225,0.280603,9,4.27333,0.0717372,3.17626
332,0.729069,0.208222,10,3.46667,0.0658645,3.0745
333,0.76681,0.225418,10,3.72667,0.0676929,2.82213
334,0.762167,0.224797,10,3.3,0.0722871,2.66307
335,0.671572,0.178134,10,3,0.0690506,2.69738
336,0.617163,0.166212,9,2.60667,0.0682338,2.489
337,0.70967,0.15448,10,3.02,0.0675379,3.03265
338,0.649934,0.167899,9,2.71333,0.0690896,3.09384
339,0.723115,0.241668,10,3.68667,0.0710461,2.60711
340,0.732149,0.213745,9,3.52667,0.0689209,2.85885
341,0.692091,0.239371,10,3.66667,0.066152,2.72212
342,0.667848,0.172374,9,3.12,0.066781,3.00445
343,0.760249,0.173603,10,3.02667,0.0696598,2.73377
344,0.551427,0.130259,8,2.5,0.0650917,2.67179
345,0.560071,0.146832,9,2.60667,0.0669798,2.65117
346,0.613381,0.174563,10,2.93333,0.0685692,3.03242
347,0.793636,0.214155,10,3.72667,0.0652145,2.55944
348,0.720908,0.237395,10,3.72,0.0687805,2.76731
349,0.756059,0.231273,10,4.1,0.070833,2.9161
350,0.619401,0.173623,8,2.79333,0.0659252,2.91495
351,0.695274,0.202669,9,3.48667,0.0683678,2.83594
352,0.623558,0.184579,9,3.25333,0.0680959,2.89505
353,0.659239,0.220743,9,3.54,0.0697267,2.72865
354,0.69071,0.150105,10,2.96667,0.0658748,3.03187
355,0.724007,0.170165,9,2.98,0.0695126,3.31767
356,0.678537,0.203467,9,3.66,0.0673779,3.14816
357,0.657029,0.187758,9,3.25333,0.0660899,2.83903
358,0.658315,0.165534,9,3.1,0.0660848,3.09717
359,0.685381,0.157884,10,2.98667,0.0670598,3.07327
360,0.687965,0.20545,9,3.21333,0.0683304,3.25519
361,0.876908,0.242569,10,3.86,0.0711442,2.86876
362,0.765006,0.217011,10,4.02667,0.0670879,3.05283
363,0.813026,0.218672,10,3.43333,0.0669501,2.90079
364,0.682529,0.16025,9,2.98,0.064865,3.08844
365,0.825758,0.212878,10,3.48,0.0675121,2.86979
366,0.613213,0.150406,9,2.72,0.0672148,2.79895
367,0.738631,0.193125,9,3.10667,0.0687579,2.98622
368,0.695368,0.210633,9,3.61333,0.0708733,2.94066
369,0.643858,0.154668,8,2.76667,0.0657231,3.37795
370,0.716256,0.210705,10,3.60667,0.0669099,2.83595
371,0.762908,0.26011,10,4.64,0.0713162,2.91749
372,0.668116,0.162251,9,2.88667,0.0646434,2.98852
373,0.734886,0.199701,10,3.44667,0.0692122,3.19051
374,0.77302,0.225719,10,3.82667,0.0690802,3.11508
375,0.821575,0.224798,10,3.42667,0.0690167,3.08163
376,0.647539,0.214008,10,3.46667,0.0677568,2.9975
377,0.81061,0.260112,10,3.97333,0.0710443,2.78505
378,0.702035,0.216632,9,3.25333,0.0641449,2.54739
379,0.723418,0.20103,10,3.38,0.0677919,2.76964
380,0.771542,0.253641,10,4.18,0.0708,2.57877
381,0.784301,0.233589,10,3.71333,0.0675214,2.85884
382,0.792355,0.241462,10,3.86,0.0689499,2.75611
383,0.72316,0.212626,10,3.5,0.0676215,2.87855
384,0.688363,0.198435,9,3.17333,0.0711442,3.28702
385,0.644079,0.217472,9,3.68667,0.067748,2.76948
386,0.732205,0.2477,10,3.90667,0.069106,2.97728
387,0.763146,0.285452,10,4.22,0.072956,2.82172
388,0.755282,0.218531,10,3.35333,0.0652411,3.17994
389,0.889922,0.318588,10,4.45333,0.0694824,2.52369
390,0.767094,0.192027,10,2.99333,0.0669397,2.70808
391,0.763803,0.257886,10,4.00667,0.0711313,2.63459
392,0.577768,0.145227,9,2.48,0.0656952,2.87104
393,0.706068,0.165533,10,2.72,0.0676125,3.10028
394,0.875376,0.301657,10,4.3,0.068416,2.468
395,0.626135,0.176818,9,3.22,0.0678908,2.79582
396,0.611304,0.114091,8,2.03333,0.063857,3.18078
397,0.736096,0.215999,10,3.35333,0.0685418,2.78937
398,0.681684,0.19896,10,3.52667,0.0658066,2.569
399,0.800828,0.239259,10,3.85333,0.0709202,2.53962
400,0.557404,0.155194,8,2.56667,0.0687094,2.67702
401,0.769148,0.215136,10,3.47333,0.066906,2.56857
402,0.769642,0.201696,9,3.24667,0.0660105,2.9411
403,0.779634,0.208771,10,3.56667,0.0666851,3.01776
404,0.828898,0.227518,10,3.62667,0.0669365,2.87821
405,0.724547,0.247705,9,3.91333,0.0682711,2.61796
406,0.765519,0.239846,10,3.87333,0.066815,2.85229
407,0.761352,0.186456,9,3.20667,0.0682071,2.99539
408,0.635883,0.212784,9,3.48667,0.0680426,3.02251
409,0.808141,0.228285,10,3.78667,0.0693626,2.67686
410,0.762622,0.23735,10,3.76667,0.0692254,2.8253
411,0.580053,0.163955,10,3.16,0.0679166,2.98612
412,0.652145,0.12676,10,2.41333,0.0626232,2.81095
413,0.762865,0.222239,10,3.71333,0.0661983,2.89307
414,0.814596,0.209502,10,3.45333,0.064491,2.49345
415,0.803673,0.222996,10,3.4,0.071689,2.76468
416,0.894859,0.26032,10,4.32667,0.0706926,2.54233
417,0.720341,0.174501,9,2.98,0.0642459,2.59171
418,0.653691,0.208651,10,3.58,0.0704801,3.04537
419,0.663999,0.147698,9,2.56667,0.0675638,2.62801
420,0.697435,0.171161,10,3.28,0.0656092,2.50887
421,0.642084,0.141576,9,2.85333,0.0676026,2.62124
422,0.803137,0.169422,10,3.26,0.0690154,2.54578
423,0.763841,0.150562,10,2.67333,0.0652426,2.7674
424,0.727104,0.16559,10,3.45333,0.0704954,2.77238
425,0.578491,0.137652,9,2.59333,0.0658936,2.86322
426,0.710705,0.160229,9,2.86,0.0679919,2.71311
427,0.612117,0.106714,9,2.08,0.0655867,2.98313
428,0.816874,0.164689,10,2.76667,0.0660239,2.38501
429,0.677666,0.163539,10,3.02,0.0643497,2.49171
430,0.86406,0.141678,10,2.88667,0.0694033,3.01476
431,0.663268,0.172039,9,2.84667,0.0716793,3.00036
432,0.711465,0.176715,10,3.28,0.0675411,2.74832
433,0.779742,0.181257,10,3.65333,0.0684255,2.63657
434,0.791866,0.216102,10,3.73333,0.0723992,2.88385
435,0.604887,0.146952,8,2.44,0.0690422,3.02482
436,0.838023,0.270832,10,3.97333,0.0657969,2.56516
437,0.705144,0.195958,9,3.09333,0.0711041,2.93727
438,0.739118,0.234229,9,3.95333,0.0682143,2.69876
439,0.866409,0.316909,10,4.66667,0.0690282,2.63285
440,0.893547,0.339757,10,4.92,0.0683753,2.41694
441,0.733636,0.252456,9,3.96,0.0679461,2.60313
442,0.705564,0.236059,9,3.59333,0.0693044,2.76017
443,0.797481,0.200258,10,3.31333,0.0680647,2.76308
444,0.653463,0.186742,9,2.91333,0.0689926,2.8328
445,0.741321,0.247881,10,3.70667,0.0693321,2.87382
446,0.722421,0.194071,10,3.13333,0.0698721,2.89434
447,0.769382,0.257583,10,3.99333,0.0789008,2.79138
448,0.733947,0.221583,9,3.59333,0.171922,2.96393
449,0.791565,0.209208,10,3.6,0.0656166,2.98884
450,0.700197,0.195395,9,3.48,0.0631609,2.86468
451,0.730456,0.181784,10,3.25333,0.0647775,3.09634
452,0.776088,0.224817,10,3.76667,0.0684373,2.77106
453,0.799998,0.298173,10,4.48,0.0719112,2.57438
454,0.810857,0.238309,10,3.68,0.0686927,2.49072
455,0.709315,0.218834,10,3.74667,0.0699144,2.72322
456,0.825558,0.274313,10,4.44667,0.076311,2.58432
457,0.80151,0.23124,10,3.81333,0.07498,2.50618
458,0.741102,0.195376,9,3.32,0.0687395,2.51461
459,0.693278,0.169137,10,3.00667,0.0664914,3.00562
460,0.846101,0.257557,10,4.48667,0.0707927,3.01451
461,0.903678,0.253887,10,4.14667,0.0730621,2.84583
462,0.650611,0.18055,10,3.19333,0.0700155,3.16262
463,0.788795,0.215948,10,3.57333,0.0721881,3.36789
464,0.709535,0.175877,9,3.10667,0.0675712,2.94556
465,0.916242,0.278934,10,4.18,0.0667239,2.55351
466,0.722492,0.174155,10,3.45333,0.0682227,3.17071
467,0.687893,0.181677,10,3.44,0.0685024,3.04985
468,0.794542,0.220919,10,3.58667,0.0698497,2.9079
469,0.62965,0.139516,10,2.59333,0.0644005,2.94759
470,0.674902,0.173958,9,2.91333,0.0646728,2.68811
471,0.790596,0.236868,10,3.74667,0.0653654,2.57475
472,0.727187,0.21094,10,3.82667,0.0660784,2.99585
473,0.62193,0.19111,10,3.11333,0.067571,2.95985
474,0.6738,0.194256,9,3.52667,0.0677435,3.35261
475,0.698761,0.140236,10,2.72,0.065445,3.20201
476,0.763665,0.213161,10,3.57333,0.0650739,2.81365
477,0.70676,0.216018,9,3.44,0.0656131,2.9308
478,0.844302,0.24137,10,4.04667,0.0673145,2.92227
479,0.706943,0.242521,10,4.25333,0.0699792,2.77874
480,0.783681,0.271954,10,4.28667,0.0694001,2.73667
481,0.7491,0.226006,10,3.98,0.0669585,2.83188
482,0.785767,0.241523,10,4.03333,0.0679114,2.81368
483,0.786499,0.212586,10,4.06,0.0648298,3.10759
484,0.627064,0.189467,9,3.30667,0.068065,2.79382
485,0.765937,0.225349,10,4.06667,0.0658646,2.6289
486,0.817034,0.246452,10,4.36,0.0670839,2.60169
487,0.710479,0.185128,10,3.50667,0.0661757,3.20685
488,0.780599,0.239621,10,4.02667,0.0667756,2.70438
489,0.686763,0.194017,9,3.27333,0.06757,2.92324
490,0.761807,0.199199,10,3.36,0.0652567,2.38693
491,0.872015,0.26954,10,4.54,0.0713171,2.60362
492,0.836284,0.246834,10,3.74667,0.0710716,2.85811
493,0.764735,0.242414,10,4.02,0.0695061,2.6006
494,0.742891,0.238855,9,3.90667,0.0699055,2.81626
495,0.81626,0.22173,10,4.03333,0.0704022,2.96033
496,0.670185,0.204723,9,3.56667,0.0650323,2.84711
497,0.838132,0.239085,10,4.16667,0.070367,2.79913
498,0.737934,0.20086,9,3.52667,0.0681068,3.01558
499,0.741977,0.23593,10,4.12,0.0676153,3.13586
500,0.834711,0.22489,10,3.61333,0.0690786,2.5809
501,0.8149,0.229684,10,3.79333,0.0658895,2.80977
502,0.786083,0.253925,10,4.23333,0.068433,2.79858
503,0.699264,0.220807,9,3.55333,0.0682282,3.17624
504,0.759726,0.245313,9,3.64667,0.0676402,2.87021
505,0.784975,0.244974,10,4.32,0.0679534,2.75598
506,0.571863,0.161882,9,2.72667,0.0678562,3.23241
507,0.615969,0.163604,10,2.90667,0.0668152,3.27619
508,0.738279,0.20633,9,3.5,0.066275,2.76009
509,0.809204,0.199844,10,3.36667,0.0667635,2.91252
510,0.862866,0.25789,10,4.08,0.0687583,2.62235
511,0.681556,0.149692,9,2.72667,0.0645313,2.89711
512,0.842184,0.239831,10,3.86,0.0708637,2.75828
513,0.821162,0.263275,10,4.44,0.0682223,2.24684
514,0.751259,0.215575,10,3.43333,0.0675001,2.79737
515,0.658112,0.164552,9,3.08,0.0649406,3.24767
516,0.652666,0.155395,10,2.91333,0.0687483,3.36768
517,0.783581,0.262142,10,4.24667,0.0675921,2.85146
518,0.811991,0.243026,10,3.99333,0.0682383,3.04581
519,0.737227,0.228376,10,3.96667,0.0697609,3.26641
520,0.735092,0.187883,10,3.13333,0.0676118,2.93478
521,0.816486,0.22964,10,4.01333,0.0677517,2.79128
522,0.768809,0.161498,10,3.00667,0.0641757,3.23811
523,0.79291,0.272107,10,4.47333,0.0697833,2.99418
524,0.882453,0.222347,10,3.93333,0.0701279,2.97049
525,0.85033,0.255336,10,3.98667,0.0692821,3.11327
526,0.7857,0.214877,10,3.60667,0.069346,2.93371
527,0.818448,0.249582,10,4.25333,0.0659443,3.11244
528,0.701529,0.207758,9,3.48,0.0721143,3.31143
529,0.779425,0.212394,10,3.64667,0.0667481,2.76345
530,0.824587,0.201898,10,3.12,0.0688194,2.91767
531,0.732284,0.18321,10,2.93333,0.0673236,3.106
532,0.751771,0.216672,10,3.46,0.066013,3.01621
533,0.782799,0.237735,10,3.87333,0.068869,3.09244
534,0.808281,0.235518,10,3.68,0.0668372,2.90939
535,0.722304,0.174831,10,3.34667,0.0679073,3.29814
536,0.858167,0.232972,10,3.62667,0.0673744,3.12905
537,0.720866,0.16903,10,3.22,0.0684725,2.91758
538,0.781395,0.232397,10,3.88,0.0686377,3.04868
539,0.827683,0.248293,10,4.21333,0.0701737,2.96305
540,0.771318,0.21937,10,3.62,0.0685743,2.91174
541,0.709867,0.191202,10,3.18667,0.0675297,3.1254
542,0.797102,0.229953,10,3.42,0.0667962,2.79665
543,0.667374,0.158054,10,2.90667,0.0632352,3.04945
544,0.791358,0.191031,10,3.17333,0.071891,2.94344
545,0.76987,0.203349,10,3.54667,0.0673562,2.53964
546,0.830653,0.23147,10,3.60667,0.0653881,2.82651
547,0.727536,0.219884,10,3.48,0.0692911,2.9611
548,0.717663,0.227251,10,3.9,0.0667028,2.97711
549,0.775169,0.20848,9,3.67333,0.0680395,2.86972
550,0.634507,0.172018,9,3.30667,0.0680966,3.31921
551,0.822299,0.253223,10,3.8,0.069993,3.01255
552,0.766592,0.216567,10,3.83333,0.068205,3.13486
553,0.713986,0.178966,10,3.18,0.0671304,3.11937
554,0.727828,0.22796,10,3.60667,0.0688848,2.68095
555,0.621629,0.153094,9,2.82,0.0647548,2.89944
556,0.872705,0.224778,10,3.56,0.0667727,2.91203
557,0.755023,0.179864,9,3.12,0.0645508,2.81929
558,0.732995,0.232563,10,3.83333,0.0683333,3.25157
559,0.666837,0.193035,10,3.09333,0.0674923,3.17326
560,0.758224,0.192057,10,3.36667,0.069927,3.09838
561,0.765588,0.201837,9,3.36,0.0665419,2.66791
562,0.780405,0.2018,10,3.65333,0.0905721,3.03341
563,0.746224,0.217765,10,3.78,0.0657187,2.99941
564,0.576511,0.154311,10,2.82,0.0654353,3.2707
565,0.712832,0.204183,10,3.61333,0.0699802,2.91588
566,0.652587,0.181617,9,2.92,0.0682925,3.11906
567,0.730141,0.208969,10,3.50667,0.0678839,2.82066
568,0.675546,0.164716,10,2.84667,0.0685997,3.19484
569,0.678047,0.175852,9,3.19333,0.0674254,3.21573
570,0.657454,0.181649,10,3.30667,0.0678727,2.967
571,0.67032,0.172957,9,3.1,0.0689749,3.4519
572,0.751128,0.216335,10,3.62,0.0696331,3.18204
573,0.861114,0.220166,10,3.88,0.0691939,3.04659
574,0.845376,0.206212,10,3.69333,0.0977,3.1851
575,0.628349,0.15466,8,2.97333,0.0650943,2.90295
576,0.802539,0.212609,10,3.62,0.0679775,2.98331
577,0.851873,0.212027,10,3.64,0.0699247,2.88075
578,0.820388,0.274949,10,4.40667,0.0734669,2.64096
579,0.507437,0.104182,7,1.86,0.0620094,2.97664
580,0.735062,0.217256,10,3.88,0.0668991,2.97192
581,0.737437,0.20451,10,3.43333,0.0686616,2.95662
582,0.678889,0.191016,10,3.60667,0.0644938,2.90462
583,0.86209,0.264663,10,4.28667,0.0725059,3.32959
584,0.793782,0.219532,10,4.10667,0.0669019,3.34211
585,0.771251,0.20392,10,3.69333,0.0888337,3.19942
586,0.675102,0.209667,10,3.68667,0.0870912,3.20236
587,0.567597,0.144045,8,2.86,0.0665847,3.29786
588,0.689143,0.165933,9,3.06,0.0679876,3.11516
589,0.743457,0.209606,10,3.63333,0.0649573,3.02473
590,0.880265,0.247375,10,4.37333,0.071376,3.00791
591,0.798831,0.205563,10,3.80667,0.0657648,3.03683
592,0.816885,0.253565,10,4.43333,0.0687488,2.98478
593,0.714883,0.24079,10,4.33333,0.0693674,3.17036
594,0.80165,0.203773,10,3.82667,0.0687263,3.2275
595,0.765772,0.224068,10,4.2,0.0670566,2.78328
596,0.707819,0.191353,9,3.82667,0.0730791,2.89979
597,0.782846,0.185685,10,3.46,0.06649,2.82937
598,0.815052,0.203958,10,3.68,0.0660204,2.86883
599,0.686519,0.163896,8,2.81333,0.0663089,3.07446
600,0.751019,0.238424,10,4.54,0.0679292,2.69204
601,0.687482,0.180759,10,3.18667,0.0653952,2.89003
602,0.689812,0.190859,10,3.49333,0.072475,2.93964
603,0.58141,0.167983,9,2.84667,0.0724549,3.35149
604,0.740239,0.192768,10,3.45333,0.0676876,2.85594
605,0.65116,0.206637,9,3.76,0.067259,3.11183
606,0.771061,0.238391,10,4.09333,0.0695121,3.15361
607,0.795908,0.27119,10,4.48667,0.073342,3.02607
608,0.699747,0.189199,10,3.47333,0.0671723,2.8128
609,0.714283,0.181818,9,3.21333,0.0678284,2.95046
610,0.691274,0.195609,9,3.36667,0.0691818,2.99076
611,0.777126,0.228692,10,3.87333,0.0692547,3.17951
612,0.759857,0.215008,10,3.80667,0.0705284,2.69102
613,0.676334,0.202334,9,3.48,0.0673153,2.47659
614,0.768345,0.18886,10,3.10667,0.0671735,2.7445
615,0.740182,0.190169,10,3.32,0.0641587,2.98812
616,0.883588,0.268618,10,4.16,0.0763845,2.61949
617,0.616059,0.153082,9,3,0.068813,3.23358
618,0.828391,0.238982,10,3.91333,0.0721486,3.10772
619,0.691807,0.182041,10,3.35333,0.0673846,2.99592
620,0.764382,0.18414,10,3.54667,0.0729831,3.23523
621,0.818757,0.209785,10,3.64667,0.0646289,3.09877
622,0.658568,0.179563,10,3.04667,0.0674204,3.32286
623,0.709085,0.197357,9,3.33333,0.0643648,2.95148
624,0.76234,0.194751,10,3.19333,0.0697324,2.7981
625,0.631922,0.180115,8,2.94667,0.0671334,2.99737
626,0.726288,0.164463,9,3.08667,0.0677789,3.35541
627,0.788649,0.237294,10,3.5,0.0689934,3.03161
628,0.770369,0.203922,10,3.32,0.0687649,2.91429
629,0.771034,0.242041,10,3.98667,0.0688404,2.71657
630,0.79523,0.245413,10,4.32667,0.0709386,2.61895
631,0.72609,0.207939,9,3.32667,0.066891,3.02999
632,0.652342,0.192422,9,3.44667,0.0686885,2.99593
633,0.817629,0.211985,10,3.52667,0.0708974,2.91915
634,0.746533,0.219409,10,3.80667,0.0700991,2.97942
635,0.766371,0.231208,9,3.61333,0.0683914,2.95931
636,0.801212,0.247988,10,3.98667,0.0691477,2.88502
637,0.71953,0.214381,10,3.86667,0.0684968,3.09718
638,0.60964,0.192813,10,3.4,0.0705831,3.32007
639,0.668912,0.190706,9,3.26667,0.0669485,2.93853
640,0.828672,0.255749,10,4.49333,0.0711566,2.77831
641,0.700775,0.223821,9,3.88667,0.0658304,2.91631
642,0.639972,0.162042,9,3.06667,0.0659055,3.22159
643,0.7435,0.208873,10,3.58667,0.0707383,3.15506
644,0.720273,0.161502,9,3.04667,0.0652917,3.27523
645,0.696121,0.174798,10,3.55333,0.0663027,3.225
646,0.788462,0.183108,10,3.61333,0.0733766,3.38521
647,0.79217,0.22506,10,3.98,0.0699698,2.96701
648,0.807637,0.244113,10,3.95333,0.0705593,3.19793
649,0.743357,0.2309,10,3.84667,0.068432,3.264
650,0.611243,0.151703,9,2.99333,0.0677944,3.33166
651,0.688821,0.175677,10,3.39333,0.0683098,3.18571
652,0.850602,0.226217,10,3.72,0.0684348,2.93987
653,0.780677,0.216217,10,3.59333,0.0676411,3.10301
654,0.826353,0.247215,10,4.16667,0.0676514,2.9876
655,0.724787,0.136391,10,2.64667,0.0679443,3.38771
656,0.634286,0.187667,9,3.38,0.0682564,3.27881
657,0.701356,0.166895,10,3.33333,0.0697038,3.46419
658,0.606961,0.164667,9,3.14,0.0678164,3.39349
659,0.761684,0.217244,10,3.75333,0.0707876,3.24284
660,0.759755,0.195303,10,3.36667,0.0654632,2.86338
661,0.868234,0.236669,10,3.91333,0.0709258,2.78661
662,0.778196,0.197082,10,3.57333,0.071112,2.79198
663,0.658914,0.168088,9,3.17333,0.0688815,3.1014
664,0.72238,0.204559,9,3.46,0.0657684,2.87784
665,0.71507,0.193156,9,3.47333,0.0711923,3.31982
666,0.855846,0.242509,10,4.1,0.0671105,2.68426
667,0.775693,0.265565,10,4.29333,0.069669,3.15844
668,0.681382,0.22377,10,3.79333,0.0694015,3.09837
669,0.777639,0.228656,10,4,0.0721821,2.92746
670,0.588696,0.161885,10,3.23333,0.0650341,3.22153
671,0.681846,0.201975,10,3.59333,0.0659049,3.0833
672,0.88493,0.189769,10,3.04667,0.0680119,2.88787
673,0.716736,0.180895,10,3.18667,0.0651896,2.95148
674,0.727408,0.176142,10,2.86,0.0680234,3.24301
675,0.833889,0.213687,10,3.64,0.0693632,2.73287
676,0.667482,0.178581,10,3.13333,0.0693411,3.14575
677,0.773422,0.200425,10,3.61333,0.0695941,2.81095
678,0.682635,0.192769,8,3.12,0.0697308,3.26272
679,0.773877,0.182762,10,3.56,0.0681973,2.88736
680,0.809607,0.213584,10,3.82,0.0698356,2.66393
681,0.803532,0.18321,10,3.42,0.0698157,2.87506
682,0.76304,0.190707,9,3.34667,0.0678255,2.87467
683,0.741879,0.194946,10,3.44667,0.0668931,2.98217
684,0.625585,0.165885,9,3.05333,0.068819,3.24754
685,0.867743,0.208424,10,3.54,0.0682649,2.8375
686,0.732077,0.187387,10,3.46667,0.0707761,2.98054
687,0.759094,0.195746,10,3.55333,0.0695912,2.85958
688,0.694311,0.164745,9,3.22667,0.0684991,3.00451
689,0.825629,0.184366,10,3.56667,0.0681719,3.26938
690,0.788626,0.157926,10,2.90667,0.0699623,2.99655
691,0.630634,0.154342,8,2.84,0.0677664,3.07267
692,0.682424,0.116119,9,2.24,0.0651168,3.12728
693,0.696554,0.16158,10,2.90667,0.0693632,3.10924
694,0.729652,0.195312,9,3.29333,0.0678805,2.93268
695,0.591826,0.134285,9,2.88,0.0713011,3.31308
696,0.839592,0.177298,10,3.16667,0.0664693,3.1376
697,0.557482,0.109688,9,2.43333,0.0651246,3.41818
698,0.810015,0.199073,10,3.44667,0.0714127,2.96306
699,0.791504,0.203813,10,3.40667,0.0687667,2.92836
700,0.75797,0.207242,10,3.72667,0.0682619,3.14658
701,0.718973,0.216798,10,3.76,0.06777,3.12786
702,0.817844,0.192959,10,3.06,0.0690882,2.97175
703,0.609167,0.150656,9,2.72,0.0675968,3.55769
704,0.739925,0.194717,10,3.42,0.0678684,2.97688
705,0.777966,0.191397,10,3.43333,0.0707304,2.99923
706,0.825599,0.197369,10,3.22,0.067947,3.20365
707,0.827223,0.204869,10,3.42667,0.0679907,2.82458
708,0.721927,0.218633,10,3.77333,0.0669003,3.03178
709,0.739373,0.191201,10,3.20667,0.0690108,3.0865
710,0.81785,0.165942,10,3.03333,0.0695655,3.09027
711,0.741363,0.176435,10,3.18667,0.0648235,2.95495
712,0.680201,0.207498,9,3.21333,0.0684798,3.18483
713,0.616954,0.168667,9,2.72,0.0651893,3.6941
714,0.647072,0.18968,9,3.17333,0.0694145,3.32781
715,0.67187,0.171783,10,3.22667,0.0650334,3.45029
716,0.792577,0.204136,10,3.62,0.0677056,3.17231
717,0.773366,0.191332,10,3.37333,0.0659054,3.14393
718,0.691407,0.167812,10,2.97333,0.0678477,3.16498
719,0.697904,0.177476,10,3.1,0.0674654,2.8756
720,0.746613,0.199791,10,3.61333,0.0712847,3.26549
721,0.728407,0.189435,10,3.41333,0.0701669,3.26995
722,0.66686,0.153984,10,2.87333,0.0653921,3.17287
723,0.647644,0.155279,9,3.00667,0.0678078,3.44698
724,0.691561,0.195765,10,3.56667,0.0699268,3.16029
725,0.661037,0.182192,10,3.3,0.0699387,3.00736
726,0.747405,0.188112,10,3.42667,0.0660262,2.74935
727,0.648112,0.153025,9,3.04,0.0638828,3.16719
728,0.773878,0.204188,10,3.37333,0.0712643,3.0257
729,0.812501,0.252277,10,4.25333,0.0671369,2.97467
730,0.751458,0.215672,10,3.69333,0.0706479,3.02842
731,0.825369,0.206687,10,3.53333,0.0680984,2.72678
732,0.651511,0.144823,8,2.68,0.0686737,2.80745
733,0.746737,0.137097,10,2.63333,0.0668673,2.73402
734,0.659747,0.155386,9,2.76667,0.0663971,3.01527
735,0.758411,0.145922,10,2.7,0.0671388,2.98649
736,0.817617,0.190609,10,3.32667,0.0663641,2.95896
737,0.660182,0.180734,10,3.22,0.0698944,3.18905
738,0.777835,0.175488,10,3.26667,0.0698674,3.01188
739,0.773458,0.208092,10,3.83333,0.0692246,3.24934
740,0.722327,0.185973,10,3.54667,0.0647973,3.24416
741,0.72862,0.160979,9,3.23333,0.0696993,3.05944
742,0.807398,0.190363,10,3.64667,0.0730757,3.1988
743,0.657529,0.182235,9,3.30667,0.0684037,3.02369
744,0.780615,0.214324,10,3.71333,0.0683921,3.06289
745,0.741708,0.210308,10,3.73333,0.0682475,2.81131
746,0.524576,0.151635,9,3.16,0.0679791,3.49204
747,0.725951,0.174794,10,3.04667,0.0724129,2.9383
748,0.799383,0.160506,10,2.85333,0.0725242,2.92368
749,0.644919,0.152467,9,2.93333,0.0677609,3.27259
750,0.749868,0.156061,9,2.57333,0.0642342,3.0391
751,0.685945,0.199586,10,3.4,0.0705916,3.03046
752,0.821691,0.223217,10,3.66,0.0716013,3.10932
753,0.743417,0.189109,10,3.34,0.0694914,3.39295
754,0.689764,0.184029,9,3.62667,0.0685494,3.40224
755,0.846919,0.270237,10,4.34667,0.0651509,2.90999
756,0.648715,0.163114,9,3.03333,0.070178,3.60587
757,0.776719,0.213289,10,3.58667,0.0683155,3.12253
758,0.725019,0.182893,10,3.26,0.0677482,3.13845
759,0.785986,0.248714,10,4.01333,0.070631,3.16297
760,0.752023,0.177394,10,2.82667,0.0635674,2.8243
761,0.776061,0.230017,10,3.42667,0.0660991,3.0862
762,0.71223,0.181865,10,3.12667,0.068367,3.4381
763,0.776452,0.228077,10,3.54667,0.0694059,3.10532
764,0.839538,0.226076,10,3.71333,0.0686692,3.09946
765,0.685738,0.163965,10,2.83333,0.065699,3.03808
766,0.834004,0.262241,10,4.03333,0.0700439,3.21048
767,0.727854,0.207703,10,3.38667,0.0692732,3.19999
768,0.608997,0.183781,9,3.34667,0.0678073,3.41701
769,0.697255,0.186749,10,3.21333,0.0687935,3.07008
770,0.818021,0.197785,10,2.96667,0.0677474,2.91705
771,0.757719,0.243587,10,4.04,0.0731994,2.92059
772,0.849074,0.196944,10,3.42,0.0693115,3.0511
773,0.720108,0.163906,9,2.97333,0.0700945,3.1515
774,0.830484,0.195592,10,3.09333,0.0649675,3.09347
775,0.84298,0.231622,10,3.74667,0.0707212,3.35377
776,0.804116,0.263731,10,4.04667,0.0696531,3.05927
777,0.804932,0.199128,9,3.06,0.0698347,3.18546
778,0.735945,0.250333,10,3.93333,0.0705471,2.68409
779,0.619699,0.199491,9,3.23333,0.0703318,3.22175
780,0.678713,0.205399,10,3.35333,0.0668071,2.84463
781,0.816512,0.2219,10,3.59333,0.0715139,3.00744
782,0.795877,0.222898,10,3.66,0.073309,3.27847
783,0.628523,0.186363,9,3.26667,0.0665574,2.8682
784,0.627616,0.131984,9,2.56667,0.0650186,3.03098
785,0.794544,0.261403,10,4.09333,0.075598,3.0566
786,0.812221,0.228078,10,3.65333,0.0680201,3.14279
787,0.761179,0.197274,10,3.26667,0.0672349,3.23473
788,0.743059,0.182898,10,3.18667,0.0642477,2.98946
789,0.61494,0.169527,9,3.07333,0.0690025,2.88427
790,0.717151,0.180256,10,3.12667,0.0689333,3.04292
791,0.826521,0.179854,10,3.12667,0.0680759,3.09748
792,0.824294,0.198201,10,3.68,0.0685118,2.99896
793,0.693709,0.199697,9,3.66,0.100286,2.97012
794,0.623035,0.136395,9,2.92,0.068849,3.26729
795,0.779603,0.199237,9,3.44,0.0664066,2.99734
796,0.614461,0.147758,8,2.8,0.0664375,3.08936
797,0.655345,0.150945,9,2.7,0.0674327,3.0481
798,0.721226,0.172256,10,3.23333,0.0659956,3.2186
799,0.721032,0.179205,10,3.06,0.0679756,3.05296
800,0.695662,0.145427,9,2.69333,0.0700988,2.84351
801,0.733519,0.157386,10,2.82,0.104845,3.28219
802,0.579561,0.15145,10,2.80667,0.0650315,3.23162
803,0.664194,0.146666,10,2.73333,0.0664642,2.94708
804,0.595127,0.13138,10,2.65333,0.0678668,2.94296
805,0.813051,0.167458,10,3,0.0668398,2.72703
806,0.717857,0.162705,10,3.07333,0.0703403,3.16624
807,0.61246,0.142461,10,2.86667,0.0658551,3.24495
808,0.756732,0.188781,10,3.28,0.0670157,2.75464
809,0.686523,0.151017,8,2.61333,0.06584,2.82688
810,0.650794,0.136826,10,2.59333,0.068787,2.90887
811,0.84083,0.189907,10,3.58667,0.0677265,2.90566
812,0.744787,0.140121,9,2.76667,0.0696666,2.78463
813,0.630412,0.133077,10,2.83333,0.0690014,3.13563
814,0.662686,0.134322,9,2.74,0.0654334,2.68785
815,0.708757,0.158893,10,3.05333,0.0686608,2.83242
816,0.737031,0.148864,10,2.85333,0.0672098,3.20447
817,0.659748,0.167705,10,3.05333,0.0676288,2.91402
818,0.929941,0.203737,10,3.62,0.0722304,3.17412
819,0.757477,0.202337,10,3.21333,0.0667914,2.94038
820,0.796877,0.19104,10,3.38,0.0663035,2.7603
821,0.66321,0.144126,10,2.89333,0.067737,3.04954
822,0.794834,0.167644,10,3.20667,0.0672339,2.6442
823,0.725826,0.176701,9,3.33333,0.0701013,2.90105
824,0.653964,0.156423,9,3.18,0.069007,2.92551
825,0.643364,0.18457,9,3.43333,0.0767544,2.99911
826,0.719925,0.15601,9,2.68,0.0678911,2.95239
827,0.571209,0.167416,9,3,0.0673794,3.17381
828,0.658118,0.176279,9,3.12667,0.0687741,3.30034
829,0.732002,0.163329,10,3.18667,0.0698373,3.22839
830,0.616967,0.143303,8,2.58667,0.0669443,2.91706
831,0.676848,0.160817,9,3.07333,0.0675689,2.79531
832,0.727305,0.192548,10,3.56667,0.0712674,3.20373
833,0.730664,0.164407,10,2.99333,0.0712642,2.98258
834,0.703578,0.186747,10,3.66,0.067955,2.87902
835,0.740454,0.171308,10,3.18,0.0693685,3.22092
836,0.61746,0.154769,9,3.00667,0.0683293,3.11541
837,0.71391,0.165824,10,3.18667,0.066738,2.91887
838,0.807255,0.194528,10,3.65333,0.0676949,2.73282
839,0.718445,0.136043,9,2.50667,0.0670694,3.22625
840,0.730002,0.22244,10,4.02,0.0688537,2.9457
841,0.737283,0.192238,10,3.6,0.0671486,3.20183
842,0.693224,0.133555,9,2.62667,0.0689437,2.79973
843,0.755602,0.187183,10,3.52,0.0689833,2.85707
844,0.838226,0.175855,10,3.37333,0.0727641,2.88707
845,0.811953,0.185979,10,3.35333,0.0691139,2.93212
846,0.711717,0.17979,10,3.20667,0.0694168,3.12549
847,0.632451,0.167131,9,2.84667,0.0679637,2.95252
848,0.729161,0.182266,9,3.14667,0.0691224,3.03357
849,0.729195,0.159722,10,2.91333,0.0709404,2.91
850,0.673723,0.154673,10,2.9,0.0658422,3.01216
851,0.655434,0.14117,9,2.6,0.0680624,2.91855
852,0.586852,0.147765,10,2.74,0.0679627,3.24176
853,0.662413,0.157002,10,3.05333,0.0678352,3.2992
854,0.785841,0.241832,10,3.88,0.0725632,3.10162
855,0.671601,0.168378,9,3.06667,0.0622252,2.82081
856,0.721688,0.191084,9,3.20667,0.0669002,2.89063
857,0.537386,0.131537,8,2.28,0.0669009,2.92553
858,0.684019,0.182998,10,3.22667,0.0696632,2.91526
859,0.656007,0.169946,9,2.81333,0.0675597,2.64916
860,0.677187,0.191575,9,3.29333,0.0693936,3.05526
861,0.635755,0.159532,10,2.93333,0.0658582,3.11717
862,0.590835,0.158255,9,2.78,0.0656052,3.04341
863,0.693298,0.163124,10,2.95333,0.0691998,2.98131
864,0.744673,0.146687,10,2.70667,0.0684936,2.87554
865,0.737763,0.176025,10,3.19333,0.0696511,3.06816
866,0.792931,0.169608,10,3.10667,0.0679162,2.92632
867,0.696196,0.166273,9,2.88667,0.0693446,2.88769
868,0.63216,0.152085,9,2.82,0.064111,3.00585
869,0.742739,0.166901,10,3.30667,0.0691507,2.92515
870,0.662191,0.126841,10,2.9,0.0672817,3.33742
871,0.676533,0.116654,9,2.74,0.0667278,3.17906
872,0.685206,0.113924,9,2.3,0.0675471,3.38604
873,0.63314,0.119371,9,2.52667,0.0698913,3.0365
874,0.738224,0.225351,10,3.8,0.0684798,3.09577
875,0.591637,0.12713,8,2.56,0.0669724,2.81799
876,0.687377,0.163115,9,2.92,0.068514,3.18292
877,0.656895,0.172009,9,3.10667,0.0673026,2.97041
878,0.813575,0.176259,10,3.09333,0.0696394,2.74865
879,0.635392,0.126915,9,2.30667,0.0659935,2.36898
880,0.658524,0.120314,9,2.38667,0.0665418,2.97188
881,0.813238,0.162333,10,2.98,0.0698302,3.0735
882,0.674228,0.137458,10,2.76,0.0670909,2.78743
883,0.80384,0.133848,10,2.54667,0.0706566,3.02985
884,0.72167,0.124833,9,2.51333,0.0665528,3.28528
885,0.744047,0.134258,10,2.66667,0.0711881,3.16641
886,0.660956,0.143187,10,2.73333,0.0699021,2.98557
887,0.766433,0.132456,10,2.68667,0.0685376,2.69981
888,0.64557,0.109685,9,2.18,0.0687498,3.2767
889,0.703897,0.110393,9,2.34667,0.068687,2.95166
890,0.808214,0.112933,10,2.41333,0.0675912,2.86202
891,0.766169,0.156192,10,2.83333,0.0697861,2.98414
892,0.725384,0.152609,9,2.66,0.071086,2.93741
893,0.668136,0.131248,10,2.48667,0.0663607,2.83405
894,0.63154,0.149381,9,2.92667,0.0665341,3.0959
895,0.603774,0.106525,8,1.96667,0.0647165,2.92554
896,0.630743,0.143131,10,3.01333,0.063692,2.4836
897,0.66639,0.129876,10,3.18667,0.0660545,2.78362
898,0.811116,0.155493,10,3.20667,0.0655326,2.70898
899,0.832389,0.131022,10,2.59333,0.0692868,2.86006
900,0.758192,0.136255,10,2.92667,0.0679869,2.80293
901,0.577662,0.123659,9,2.82,0.0686707,3.16444
902,0.797008,0.142009,10,3.04667,0.0665493,3.10218
903,0.691283,0.151751,9,2.96,0.069514,2.95629
904,0.587574,0.107299,8,2.07333,0.0642054,3.00415
905,0.844527,0.163201,10,3.22,0.0700273,3.10219
906,0.651549,0.138427,9,3.01333,0.0704349,3.23649
907,0.645116,0.0922683,9,2.14,0.0636133,3.20496
908,0.662877,0.11575,10,2.55333,0.0678036,3.07966
909,0.638477,0.146143,10,3.19333,0.0679691,3.38693
910,0.637381,0.180894,9,3.45333,0.0688915,2.77223
911,0.505034,0.119928,10,2.58667,0.0653227,2.95696
912,0.623635,0.169356,9,3.04,0.0679828,3.09711
913,0.664212,0.165973,9,3.22,0.0680761,3.29936
914,0.768265,0.131761,10,2.80667,0.0665492,2.98202
915,0.595712,0.151054,9,2.64667,0.0692335,3.02638
916,0.628324,0.106203,10,2.32667,0.0655314,3.11399
917,0.544073,0.0819155,8,1.99333,0.0657301,2.7405
918,0.489838,0.103744,8,2.44,0.0622299,2.99261
919,0.730775,0.184755,9,3.48,0.0671581,2.96092
920,0.690994,0.163444,10,3.41333,0.0691108,2.95164
921,0.726998,0.150192,10,3.20667,0.0663471,3.09111
922,0.655923,0.132679,10,2.78,0.0696757,3.25319
923,0.600136,0.114252,9,2.2,0.067618,3.02515
924,0.739138,0.142838,9,2.88,0.0667118,2.40443
925,0.703454,0.192005,10,3.74,0.0692679,2.99439
926,0.617688,0.120092,10,2.69333,0.0671293,3.05589
927,0.570685,0.143435,9,2.78667,0.0662374,3.12192
928,0.65496,0.147853,10,2.87333,0.0667404,3.07441
929,0.662338,0.126254,10,2.58,0.066847,3.07013
930,0.655546,0.159704,10,3.14667,0.0715322,3.26067
931,0.658386,0.100966,10,2.30667,0.0660901,3.34727
932,0.615452,0.155683,9,3.14,0.0694144,3.15665
933,0.579822,0.132225,8,2.73333,0.0674939,3.56461
934,0.647012,0.0832265,9,1.94,0.0645808,3.77722
935,0.798961,0.120008,10,2.87333,0.0665889,3.03564
936,0.781617,0.112444,10,2.38,0.0640641,2.71618
937,0.854944,0.126484,10,2.53333,0.0687274,2.69636
938,0.70579,0.129431,9,2.98,0.0682762,3.17569
939,0.724608,0.128871,10,3.08,0.0712389,3.31212
940,0.736166,0.20377,10,3.83333,0.0698095,3.029
941,0.809877,0.200386,10,4,0.0702322,3.13095
942,0.724185,0.154062,10,3.00667,0.0694537,2.99189
943,0.73375,0.197781,10,3.73333,0.0683842,3.34091
944,0.840429,0.152253,10,3.16,0.070094,2.667
945,0.762133,0.136571,10,2.8,0.0724409,2.89749
946,0.734425,0.15102,10,3.2,0.0652747,2.58239
947,0.712722,0.144677,10,2.86,0.0676014,2.94794
948,0.642828,0.136842,9,2.79333,0.0671485,2.91852
949,0.734548,0.149321,10,3.08,0.0686144,3.19971
950,0.525357,0.103229,9,2.16,0.0668176,3.20494
951,0.726173,0.170029,10,3.46667,0.0702339,2.95934
952,0.649411,0.152951,9,3.11333,0.0671727,3.06547
953,0.624694,0.115737,9,2.62667,0.0674146,3.37001
954,0.61619,0.149488,9,2.91333,0.0666006,3.21227
955,0.663585,0.118133,10,2.67333,0.0669817,3.12885
956,0.643881,0.11955,9,2.58,0.0671012,3.20456
957,0.626629,0.130774,10,2.98667,0.067688,3.05822
958,0.784891,0.146288,10,3.16,0.0683746,3.10628
959,0.678284,0.145541,10,3.14,0.0680748,3.40109
960,0.668031,0.168103,9,3.3,0.067732,3.19688
961,0.629939,0.150817,10,2.75333,0.0694101,3.3171
962,0.621052,0.144943,10,2.98,0.0678378,3.3977
963,0.801329,0.157213,10,3.07333,0.0703926,3.43414
964,0.729534,0.150793,10,3.23333,0.065699,2.99685
965,0.796443,0.156864,10,2.80667,0.069054,3.15124
966,0.573918,0.123547,9,2.42667,0.0664007,3.7329
967,0.759193,0.171902,10,3.78,0.0694031,3.27761
968,0.614534,0.122298,10,2.72,0.067692,3.52923
969,0.739443,0.170613,10,3.58667,0.0695297,3.60047
970,0.630017,0.129969,10,2.67333,0.065765,3.03879
971,0.790389,0.142503,10,3.1,0.0709903,3.16668
972,0.78439,0.194154,10,3.27333,0.0698627,3.22748
973,0.724014,0.141465,10,3.18,0.0695392,3.29925
974,0.844783,0.171226,10,3.40667,0.067066,2.80744
975,0.613946,0.10615,10,2.44,0.0674906,3.29971
976,0.666205,0.164281,9,2.83333,0.0714504,3.32905
977,0.810029,0.146926,10,2.91333,0.0682674,2.91024
978,0.538635,0.111129,10,2.36667,0.0674472,3.48176
979,0.840412,0.148562,10,3.31333,0.0691538,3.4256
980,0.526996,0.0872507,7,1.92667,0.0667067,3.9059
981,0.756875,0.186322,10,3.32667,0.06748,3.01457
982,0.703767,0.140939,9,2.72,0.0689536,3.25364
983,0.704066,0.127605,9,2.52,0.0688936,3.21296
984,0.74808,0.104076,10,2.08667,0.0684106,3.33502
985,0.79203,0.132443,10,2.44667,0.065865,3.0434
986,0.58367,0.125454,9,2.48667,0.0674602,3.36116
987,0.648595,0.120379,10,2.37333,0.067304,3.3346
988,0.770506,0.133068,10,2.75333,0.0735683,3.18
989,0.814941,0.166936,10,2.93333,0.0681168,3.53221
990,0.667704,0.110758,9,2.09333,0.0681452,3.38557
991,0.736795,0.121827,10,2.37333,0.0691239,3.58881
992,0.698773,0.157694,10,2.80667,0.0779262,3.6021
993,0.556083,0.152384,8,2.86,0.067314,3.58624
994,0.650859,0.159753,10,2.87333,0.0653858,3.65057
995,0.716615,0.180263,10,3.48667,0.0690555,3.66707
996,0.62681,0.154939,9,2.58667,0.0679354,3.49372
997,0.705548,0.16606,10,2.75333,0.0710925,3.52004
998,0.72176,0.137549,9,2.67333,0.0639923,3.12378
999,0.658754,0.154815,9,2.96,0.0667299,3.38815
1000,0.741283,0.178965,10,3.30667,0.0704809,3.4338
