1,0.110405,0.00373983,5,0.186667,0.0723089,1.39671
2,0.131829,0.00302772,5,0.193333,0.0710313,1.31577
3,0.103779,0.00320884,6,0.293333,0.0687359,1.10702
4,0.268114,0.00963687,7,0.633333,0.0678123,1.26928
5,0.356673,0.012836,7,0.64,0.0636094,1.5238
6,0.371255,0.0142781,8,0.886667,0.0653893,1.59572
7,0.341614,0.0345854,9,1.44667,0.0676858,2.27151
8,0.18309,0.015348,6,0.786667,0.0674131,1.68854
9,0.224257,0.0237883,9,1.49333,0.0676145,2.06651
10,0.225213,0.0201181,7,1.31333,0.066314,1.68329
11,0.33649,0.0315513,7,1.78667,0.0698322,1.79941
12,0.337217,0.012453,7,0.98,0.0703469,1.27918
13,0.185576,0.0278313,7,1.52667,0.0694258,1.76297
14,0.18378,0.0273,7,1.59333,0.0665127,1.61336
15,0.331778,0.0257012,7,1.32,0.0685335,1.71513
16,0.307253,0.0389884,7,2.1,0.0690641,1.92294
17,0.270776,0.0405969,7,1.74667,0.0725863,1.96937
18,0.219948,0.0465617,8,1.64,0.0709572,2.00622
19,0.332281,0.0567381,9,2.12667,0.0669772,1.8898
20,0.414623,0.0550673,8,2.26667,0.0687754,1.87074
21,0.299646,0.0416518,8,1.64,0.0723459,1.93646
22,0.335661,0.0444919,8,2.16667,0.0747153,1.79195
23,0.363296,0.0703246,8,2.38667,0.144077,2.01085
24,0.384271,0.0640221,9,2.52,0.0713787,2.10293
25,0.424885,0.0509612,8,1.93333,0.0655546,2.31683
26,0.400607,0.0450557,8,2.12,0.0683475,2.39168
27,0.340336,0.050343,8,2.01333,0.0664363,1.8996
28,0.512712,0.0636743,9,2.28667,0.0671762,2.18397
29,0.361047,0.0479636,8,2.06,0.0682254,2.20608
30,0.297055,0.0662409,9,2.64,0.0697403,2.43919
31,0.233283,0.0345789,7,1.67333,0.0666114,2.12134
32,0.44687,0.0554746,8,2.16,0.064658,2.10039
33,0.411161,0.0982306,10,2.33333,0.0756315,1.84898
34,0.250796,0.0659209,7,2.06,0.0681026,2.23445
35,0.345596,0.0533834,7,1.88667,0.0648191,2.23326
36,0.297875,0.047186,8,2.12667,0.0691883,2.70749
37,0.281756,0.0640738,7,2.37333,0.0845948,2.84231
38,0.372037,0.0690418,9,2.96,0.0675411,2.76584
39,0.395908,0.0833239,8,2.81333,0.0682618,2.51097
40,0.467887,0.0637987,9,2.28667,0.06546,2.31299
41,0.557663,0.0817701,9,2.64667,0.0686149,2.35129
42,0.521786,0.106191,9,3.19333,0.0705973,2.96785
43,0.453654,0.0973517,10,3.17333,0.0706691,2.94806
44,0.452502,0.0771815,8,2.42,0.0671113,2.57575
45,0.506849,0.100265,9,3.10667,0.0685413,2.8834
46,0.473731,0.0744611,9,2.14,0.067316,2.35205
47,0.552389,0.0856317,8,2.40667,0.0736519,2.93197
48,0.441022,0.0760494,9,2.57333,0.0689918,2.57628
49,0.496436,0.0582551,8,1.94667,0.0685259,2.57405
50,0.461418,0.0730553,9,2.26667,0.0656802,2.60899
51,0.418141,0.10346,9,2.60667,0.0649796,2.43467
52,0.520824,0.0667597,8,1.86,0.0666452,2.52094
53,0.562972,0.0934813,10,2.59333,0.0704621,2.55757
54,0.564444,0.105607,9,2.72,0.07118,2.56461
55,0.54339,0.0714927,8,1.78,0.0653705,2.44898
56,0.401896,0.0837947,9,2.44,0.0676015,2.71606
57,0.489945,0.0964398,7,2.64,0.0650466,2.48789
58,0.529471,0.113344,10,2.94667,0.0679178,2.47119
59,0.418534,0.0861115,8,2.57333,0.0680018,2.8657
60,0.572515,0.111129,9,2.84,0.068443,2.38752
61,0.640744,0.0908584,9,2.42,0.0713139,2.80513
62,0.569529,0.106627,8,2.82667,0.0701312,2.72577
63,0.463887,0.098137,8,2.38,0.067235,2.65462
64,0.551297,0.131392,10,2.83333,0.0671206,2.23321
65,0.638457,0.11711,10,2.92,0.0703874,2.40118
66,0.419122,0.0813369,10,2.31333,0.0637811,2.48327
67,0.376186,0.0894381,9,2.51333,0.067729,2.53975
68,0.405268,0.0788441,8,2.72,0.0669345,2.12041
69,0.450139,0.0942004,9,2.53333,0.072131,2.32406
70,0.670673,0.116004,10,3.30667,0.0701859,2.58788
71,0.497211,0.116502,10,3.10667,0.0701511,2.98771
72,0.492971,0.0507616,9,2.07333,0.0656414,2.79824
73,0.523596,0.0788517,8,2.14,0.0650166,2.54133
74,0.530227,0.0871815,8,2.44,0.0698944,2.81476
75,0.530062,0.108264,9,3.18,0.0706586,2.94715
76,0.541754,0.0803008,7,2.24667,0.0662522,2.96338
77,0.642582,0.0925883,10,3.16,0.0713185,3.31022
78,0.553719,0.103081,9,2.76667,0.0676095,2.58559
79,0.550521,0.102639,8,2.8,0.0721619,2.67055
80,0.401402,0.0894154,8,2.51333,0.0692847,2.65464
81,0.383453,0.0727089,7,2.2,0.0640301,2.63745
82,0.705324,0.0851824,9,2.48,0.0670574,2.83961
83,0.663594,0.131031,10,3.47333,0.0715468,2.81228
84,0.621876,0.116049,9,3.04667,0.0710271,2.96684
85,0.466831,0.096359,8,2.71333,0.0666518,2.89761
86,0.555787,0.088141,8,2.82667,0.0704006,2.75317
87,0.546945,0.113355,9,3.48667,0.0707297,3.01771
88,0.551204,0.082587,10,2.49333,0.0658633,2.60159
89,0.485406,0.0844937,10,2.77333,0.068229,2.59654
90,0.413372,0.0967647,9,2.71333,0.068158,2.95501
91,0.467344,0.0672326,7,2.11333,0.0664853,3.09538
92,0.375538,0.0643092,8,2.08667,0.100267,2.74785
93,0.457483,0.0877497,9,2.16667,0.0655443,2.67296
94,0.619097,0.0920067,9,2.43333,0.0673478,2.62193
95,0.491218,0.0789994,9,2.03333,0.0637717,2.6069
96,0.468284,0.0722287,9,2.35333,0.0685286,3.05659
97,0.489934,0.117183,9,2.92,0.0740718,2.72188
98,0.583783,0.0997694,10,2.80667,0.0729383,2.72141
99,0.532929,0.0720567,9,2,0.0646591,2.48736
100,0.444072,0.0760023,10,2.26,0.0672324,2.4924
101,0.477587,0.0809073,9,2.52,0.0669589,3.3476
102,0.609011,0.0938209,9,2.6,0.0651208,2.83399
103,0.668034,0.104427,9,2.88667,0.0684789,3.15819
104,0.593047,0.095267,8,2.4,0.0694381,2.6454
105,0.487661,0.0815605,9,2.34667,0.0805301,2.88375
106,0.609434,0.135567,9,3.08,0.0709067,2.92611
107,0.559038,0.110784,8,2.68667,0.0682787,2.83475
108,0.495712,0.0906598,9,2.51333,0.0667921,2.74766
109,0.554204,0.0715771,8,2.18667,0.0665999,3.22263
110,0.49278,0.072356,8,2.20667,0.0669927,2.98006
111,0.537957,0.0504999,8,1.82667,0.0616068,2.72806
112,0.585292,0.0882102,10,2.72,0.0682709,2.57862
113,0.438902,0.0622044,9,1.90667,0.0680418,2.90115
114,0.350312,0.0761915,9,2.26667,0.0660726,3.00265
115,0.429179,0.0688264,8,1.88,0.0683568,3.01366
116,0.282027,0.0482813,7,1.6,0.069945,3.13907
117,0.612858,0.0859991,10,2.43333,0.0704522,2.81345
118,0.524185,0.0861445,9,2.19333,0.0690579,2.9872
119,0.510162,0.107345,8,2.60667,0.0721397,3.46629
120,0.398122,0.0847542,8,2.26,0.0682088,2.85394
121,0.405017,0.0714658,7,1.88,0.0631629,2.77115
122,0.554573,0.0783696,9,2.46667,0.0676583,2.65356
123,0.556317,0.0932821,9,2.65333,0.0716247,3.13521
124,0.432326,0.10279,8,2.61333,0.0665417,3.18777
125,0.319975,0.0757238,7,2.10667,0.0681599,3.48177
126,0.476107,0.10449,8,2.44,0.068021,2.86373
127,0.564148,0.0960764,8,2.46667,0.0660605,2.94358
128,0.419286,0.0870279,8,2.37333,0.0666318,2.99185
129,0.580314,0.107537,9,2.7,0.0667149,2.93984
130,0.56518,0.128698,9,3.11333,0.070531,3.29037
131,0.57557,0.102018,8,2.33333,0.0647776,3.03843
132,0.57159,0.0952523,9,2.24,0.0690073,2.92461
133,0.474868,0.105801,8,2.89333,0.0669251,3.17242
134,0.355731,0.0775597,9,2.03333,0.0713814,3.05788
135,0.496467,0.0938278,9,2.68667,0.0678574,2.85016
136,0.564755,0.0953924,9,2.32667,0.0670911,2.6066
137,0.51469,0.0997933,8,2.31333,0.0676274,2.92485
138,0.540732,0.119072,9,2.83333,0.0691236,2.60692
139,0.62179,0.102179,9,2.17333,0.0658867,2.98826
140,0.594839,0.0854405,10,2.12,0.0698596,2.81601
141,0.59046,0.0945678,9,2.20667,0.0641628,2.69817
142,0.557776,0.100589,8,2.21333,0.0664477,2.7018
143,0.351833,0.0630264,9,1.35333,0.0643759,2.30936
144,0.479687,0.105252,7,1.87333,0.0672697,2.25362
145,0.507924,0.0805981,9,1.59333,0.0706305,2.40239
146,0.673759,0.0869924,10,1.94667,0.0707071,2.67944
147,0.548262,0.104078,8,2.14,0.0718904,2.92054
148,0.511123,0.0960127,9,2.05333,0.0676769,2.78349
149,0.593253,0.122793,10,2.31333,0.0712298,2.62756
150,0.405747,0.0721558,8,1.65333,0.0685768,2.65865
151,0.542043,0.100421,8,2.2,0.0703971,2.81558
152,0.586675,0.123637,9,2.80667,0.0681125,2.3382
153,0.475677,0.130639,8,2.55333,0.0709003,2.56111
154,0.381125,0.0825983,9,1.95333,0.069209,2.44955
155,0.513779,0.122152,8,2.26,0.0696921,2.42542
156,0.47311,0.109531,10,2.21333,0.0710549,2.2456
157,0.453683,0.050604,8,1.44,0.069842,2.57578
158,0.475506,0.0991969,9,2.20667,0.0684707,2.60938
159,0.380178,0.0321978,6,1.06667,0.0629139,2.57321
160,0.419832,0.0765284,8,1.98,0.0661569,2.46849
161,0.41053,0.0873714,9,2.15333,0.0687385,2.95105
162,0.569601,0.101928,9,2.37333,0.0705992,3.00227
163,0.518407,0.123416,8,2.60667,0.0665791,3.24928
164,0.486743,0.0732352,8,1.84,0.0649615,2.77152
165,0.477336,0.100702,8,2.23333,0.069549,2.83445
166,0.527098,0.119063,8,2.24,0.0681774,2.54095
167,0.407832,0.132377,8,2.74,0.0686141,2.91082
168,0.52814,0.131512,9,2.75333,0.070099,2.82259
169,0.452331,0.0758462,9,1.98,0.068589,2.76382
170,0.445273,0.106824,9,2.30667,0.0643923,2.66272
171,0.543185,0.152635,9,3.25333,0.0711357,2.9357
172,0.382995,0.0684179,8,1.62,0.0622181,2.56549
173,0.503894,0.0918259,9,2.94,0.0675098,3.08196
174,0.558468,0.105932,9,2.86,0.0699292,2.9682
175,0.384288,0.0818922,8,2.07333,0.06626,2.80401
176,0.45169,0.107364,7,2.16,0.0662596,2.41551
177,0.612629,0.109434,9,2.5,0.0689046,2.46781
178,0.356161,0.056956,8,1.49333,0.068465,2.91993
179,0.456109,0.087766,7,2.00667,0.0691794,2.77952
180,0.485393,0.0965212,9,2.14,0.0687686,2.30225
181,0.438237,0.0672682,7,1.78667,0.067606,2.70999
182,0.499977,0.0950346,8,2.50667,0.0690169,2.67236
183,0.485054,0.0816356,7,2.00667,0.0648687,2.34977
184,0.34173,0.0579721,9,1.69333,0.0667869,2.54147
185,0.420027,0.0608414,7,1.8,0.0662356,2.61682
186,0.381516,0.0801287,8,1.76,0.0662136,2.38972
187,0.447616,0.0918433,8,2.10667,0.066472,2.68917
188,0.634799,0.129322,9,2.56667,0.0663041,2.48671
189,0.592329,0.0856465,10,2.37333,0.0701925,2.69873
190,0.6033,0.0980344,10,2.33333,0.0715868,3.23342
191,0.612014,0.0782707,8,2.31333,0.0680079,2.90784
192,0.568012,0.0877024,9,2.22667,0.0667465,2.86914
193,0.383381,0.0888633,8,2.31333,0.0667983,2.80708
194,0.471179,0.120682,8,2.74667,0.0686463,2.88358
195,0.644549,0.128018,9,2.92,0.07358,2.59267
196,0.491489,0.0744431,8,1.95333,0.0665056,3.02397
197,0.54876,0.0751047,8,1.78667,0.0601236,2.56881
198,0.478167,0.0810083,10,2.20667,0.0679329,2.63953
199,0.555514,0.101888,9,2.67333,0.0684135,2.84921
200,0.624186,0.119899,9,3.02667,0.0653343,3.49221
201,0.60999,0.128946,9,3.10667,0.0680188,2.95357
202,0.47685,0.0760371,9,2.46667,0.0694864,3.15676
203,0.432823,0.0852531,7,2.00667,0.0655193,2.96948
204,0.489063,0.0967017,9,2.42,0.0676617,3.03735
205,0.55846,0.0615312,9,1.88,0.0692631,3.21884
206,0.513907,0.0853363,8,2,0.067049,2.92505
207,0.485858,0.0740445,9,2.19333,0.0669534,2.74965
208,0.559084,0.114439,10,2.74,0.0672018,3.02904
209,0.62458,0.0985616,10,2.66667,0.0669295,2.80132
210,0.553911,0.100899,9,2.46,0.0674626,2.44851
211,0.583103,0.139035,9,3.19333,0.0691134,2.25839
212,0.481932,0.0981392,9,2.18667,0.0647607,2.32525
213,0.460259,0.0776721,9,2.47333,0.0693503,2.48609
214,0.359771,0.099233,7,2.72667,0.0665453,3.17316
215,0.38439,0.0551398,8,1.78667,0.0662743,2.7444
216,0.408402,0.0597762,10,1.56,0.0658656,2.78451
217,0.480009,0.0831989,8,2.17333,0.0681198,2.76699
218,0.479608,0.0796356,8,2.20667,0.0687987,2.70033
219,0.352251,0.0996851,7,2.34,0.0693784,2.58256
220,0.400714,0.0832467,8,1.94667,0.0693575,2.35957
221,0.516194,0.0955576,9,2.54,0.0680428,2.45109
222,0.467862,0.0893607,10,2.71333,0.0685793,2.31051
223,0.537058,0.0809895,8,2.02667,0.0658755,2.76721
224,0.529608,0.0772592,9,1.97333,0.067993,3.00941
225,0.50729,0.0726177,9,1.98,0.0668381,2.58353
226,0.501576,0.0720171,8,2.03333,0.0700455,2.49676
227,0.522987,0.0912339,8,2.68,0.0693266,2.75391
228,0.399573,0.105775,7,2.62,0.0683907,2.83969
229,0.336754,0.0707058,7,1.93333,0.0640345,2.63205
230,0.434438,0.0945094,8,2.37333,0.0660945,2.70738
231,0.363382,0.0685354,8,1.82667,0.0705942,2.91913
232,0.493985,0.0975682,8,2.21333,0.0655696,2.58302
233,0.43096,0.0955167,9,2.34,0.0652983,2.81335
234,0.432622,0.0890047,9,2.26,0.0680506,3.119
235,0.401074,0.0873327,9,2.12,0.0694964,3.00819
236,0.440608,0.0753621,8,1.92,0.0639755,2.34091
237,0.508105,0.115712,7,2.35333,0.067381,2.48993
238,0.523908,0.0917425,8,2.32667,0.0678375,2.56732
239,0.586883,0.136355,10,2.94,0.0701372,2.57666
240,0.457164,0.0944596,7,2.22667,0.0663325,2.77436
241,0.485146,0.106104,8,2.56667,0.065629,2.93972
242,0.460376,0.101143,8,2.34667,0.0693212,2.78116
243,0.466293,0.0987178,8,2.34667,0.067481,3.00235
244,0.451618,0.0913337,9,2.18667,0.0678638,3.17186
245,0.423336,0.0749335,9,2.13333,0.0689304,3.01385
246,0.517737,0.108936,7,2.3,0.0660316,2.67262
247,0.441892,0.0872038,8,2.12,0.0660695,3.12031
248,0.427204,0.0576136,7,1.54,0.0657949,3.01722
249,0.392987,0.0623237,8,1.42667,0.0647349,2.61941
250,0.408239,0.0723989,7,1.77333,0.067352,3.07207
251,0.448722,0.111911,8,2.5,0.0677077,3.02039
252,0.317955,0.0820709,7,1.97333,0.0659298,3.10938
253,0.46286,0.11981,7,2.41333,0.0696712,3.51528
254,0.523982,0.106936,9,2.34,0.0701138,3.2083
255,0.299023,0.0589552,6,1.58667,0.0667568,2.94025
256,0.321675,0.0624828,6,1.52,0.0682369,3.02644
257,0.464463,0.0839081,8,1.94,0.0682409,2.83145
258,0.381501,0.0809996,7,1.86667,0.0668241,2.90625
259,0.502096,0.117844,8,2.62,0.0692744,2.7718
260,0.440355,0.0744219,8,1.86667,0.0686173,2.89715
261,0.521648,0.106754,9,2.44667,0.0674174,3.20097
262,0.48174,0.115733,8,2.26667,0.0663871,2.57071
263,0.397961,0.0827419,5,1.62667,0.0621232,2.89793
264,0.408712,0.0610037,8,1.54667,0.0659198,2.83086
265,0.545827,0.112222,7,2.16,0.0694086,2.8533
266,0.409107,0.0801432,8,1.92,0.0686878,2.77619
267,0.334092,0.0757451,7,2.12667,0.066214,3.26075
268,0.448437,0.0869532,7,2.06667,0.067983,2.82196
269,0.352341,0.0652218,7,1.68,0.0643778,3.12423
270,0.370846,0.0696923,8,1.74667,0.0675216,2.93166
271,0.363062,0.056756,6,1.48,0.0649814,3.07363
272,0.375337,0.0930858,7,1.98,0.0649755,2.70746
273,0.547591,0.0860777,10,2.19333,0.0639525,3.01633
274,0.477654,0.0824773,9,2.22,0.0690807,3.44296
275,0.49445,0.0795485,7,2.19333,0.0674195,3.37132
276,0.412239,0.0792083,7,2.05333,0.0644599,3.23193
277,0.533584,0.0691973,8,1.79333,0.0641965,3.20407
278,0.498274,0.0631837,8,2.14,0.0651651,3.41867
279,0.487676,0.0730222,9,2.06,0.068261,3.74473
280,0.472821,0.0931626,8,2.34667,0.0681035,3.08362
281,0.396385,0.0679304,7,1.60667,0.06446,3.11045
282,0.602866,0.0945564,9,2.28667,0.0684791,2.93927
283,0.4398,0.102716,7,2.5,0.0680556,3.44613
284,0.445203,0.10457,9,2.55333,0.069342,3.61607
285,0.417501,0.0826099,8,2.44667,0.0697294,3.60108
286,0.488636,0.0813233,9,2.1,0.0680226,3.32526
287,0.467653,0.0916082,9,2.5,0.0643138,3.00584
288,0.549245,0.126201,9,2.74667,0.067108,2.79698
289,0.598887,0.0989479,9,2.40667,0.0690068,2.63916
290,0.641689,0.111355,10,2.54667,0.0692732,3.02685
291,0.577945,0.10688,10,2.44,0.0714939,2.97508
292,0.423331,0.0922811,8,2.10667,0.0682317,3.24008
293,0.520344,0.0716067,9,1.82,0.0662846,2.83004
294,0.469028,0.086992,8,1.97333,0.0672502,3.42136
295,0.650384,0.121194,10,2.53333,0.06586,3.14191
296,0.573146,0.115798,9,2.55333,0.0674329,3.03196
297,0.65862,0.144826,9,2.82667,0.0672502,2.61944
298,0.584739,0.134225,10,2.52667,0.0655645,2.81021
299,0.553658,0.0995985,9,2.14667,0.0673781,3.04241
300,0.612513,0.097907,10,2.18667,0.0657511,3.15175
301,0.737465,0.109222,10,2.32667,0.0652526,3.23617
302,0.55565,0.132718,9,2.88,0.0674596,2.95849
303,0.592992,0.114616,9,2.54667,0.0697312,3.06467
304,0.521581,0.125281,9,2.75333,0.0651484,3.12637
305,0.560727,0.109854,9,2.48,0.0692596,3.24744
306,0.689866,0.11511,10,2.62667,0.0651825,3.2515
307,0.714556,0.129021,10,2.90667,0.067293,3.05918
308,0.631199,0.0892902,9,2.17333,0.0649566,3.19143
309,0.594093,0.104061,10,2.50667,0.0713195,2.93795
310,0.586334,0.12336,9,2.69333,0.071045,2.61592
311,0.491884,0.0787872,8,1.70667,0.0648879,2.77837
312,0.657394,0.0886069,10,1.99333,0.0682468,2.81821
313,0.537384,0.0890822,9,2.10667,0.0686143,3.10304
314,0.552799,0.103712,10,2.49333,0.0681297,3.02534
315,0.4886,0.0883271,8,2.09333,0.0675637,2.773
316,0.592921,0.106342,9,2.48,0.0692016,2.94812
317,0.502368,0.105213,8,2.54,0.0678932,3.00958
318,0.613072,0.131611,10,3,0.0704446,3.28007
319,0.620138,0.122343,9,2.99333,0.0682093,3.24892
320,0.489541,0.0829277,9,2.22,0.0679948,3.01865
321,0.567334,0.0778338,9,1.96667,0.0677421,3.29821
322,0.454205,0.0525611,9,1.54667,0.0662482,2.91335
323,0.545559,0.0791265,9,1.96667,0.0684822,3.31916
324,0.451888,0.0534934,8,1.53333,0.0675342,2.95285
325,0.474797,0.0636136,7,1.63333,0.0706375,3.53053
326,0.601865,0.104608,8,2.56,0.0669012,3.19637
327,0.647678,0.1119,9,2.50667,0.0662848,2.96519
328,0.657598,0.0995317,9,2.3,0.0672812,3.05247
329,0.54134,0.115856,9,2.58,0.0687874,3.00244
330,0.550536,0.0656722,9,1.4,0.0625506,3.04548
331,0.413996,0.0476467,7,1.24,0.0663163,2.70712
332,0.565026,0.0708784,9,1.69333,0.0693735,2.81048
333,0.604912,0.0920823,10,2.28667,0.0700291,2.87707
334,0.523169,0.0869901,8,2.05333,0.0691289,3.04759
335,0.409802,0.0749128,8,1.84,0.0648395,2.56283
336,0.477232,0.0895476,9,2.09333,0.0658859,2.75509
337,0.507442,0.0911528,9,2.13333,0.0701844,3.05002
338,0.366835,0.0932133,8,2.16,0.0671033,2.83594
339,0.478261,0.099167,8,2.18667,0.0668097,2.75994
340,0.55546,0.0478347,9,1.52,0.0662676,3.02619
341,0.688388,0.109773,10,2.56667,0.0688483,3.00204
342,0.485516,0.0943012,8,2.27333,0.0678013,2.81849
343,0.347641,0.0746251,6,1.69333,0.0651766,2.95672
344,0.698128,0.0799635,10,1.98,0.0684208,2.81956
345,0.438995,0.0640611,9,1.68667,0.0663177,3.10633
346,0.475697,0.0649589,8,1.82,0.0693193,3.10197
347,0.495955,0.0840249,8,2.20667,0.0689505,3.05791
348,0.436274,0.0541424,9,1.56,0.067932,3.3615
349,0.424633,0.068983,9,2.00667,0.06855,3.39401
350,0.508335,0.109752,9,2.75333,0.0685567,3.39142
351,0.417547,0.0605468,7,1.74,0.064595,3.26712
352,0.39834,0.0664846,8,2.04667,0.0685007,3.43316
353,0.494183,0.106534,10,2.54667,0.0705448,3.85208
354,0.48758,0.0963914,8,2.32667,0.0650335,3.47274
355,0.380348,0.0570366,8,1.66667,0.0652703,3.78083
356,0.637193,0.105214,10,2.52667,0.0682232,3.36257
357,0.500985,0.0801649,9,2.18667,0.0682986,3.09261
358,0.557268,0.0804057,9,2.44667,0.070739,3.46921
359,0.554934,0.131367,10,2.91333,0.0705515,3.3376
360,0.476413,0.08546,8,2.18667,0.0669326,3.33112
361,0.391799,0.0804554,8,1.91333,0.0674103,3.25157
362,0.490242,0.127759,9,3.32,0.0705027,3.32001
363,0.613182,0.107824,9,2.82,0.0691443,3.45944
364,0.620609,0.0791427,10,2.22667,0.0683984,3.29573
365,0.546305,0.112895,8,3.12667,0.0668348,2.90349
366,0.461817,0.0987403,10,2.4,0.0689042,3.32791
367,0.502825,0.113554,8,2.62667,0.0689817,3.18679
368,0.549114,0.130463,9,2.85333,0.0703663,3.34035
369,0.469711,0.0826319,9,1.87333,0.0667228,3.23618
370,0.627015,0.101742,9,2.42,0.0659331,3.35138
371,0.540447,0.118047,10,2.45333,0.0699095,3.49369
372,0.534364,0.0937867,10,2.29333,0.0659923,3.40711
373,0.556983,0.0680188,9,1.72,0.0689424,3.75313
374,0.3633,0.0635414,8,1.59333,0.0689795,3.7508
375,0.389313,0.0806237,8,1.89333,0.0686831,3.48523
376,0.490591,0.0904144,8,2.30667,0.0697431,3.22526
377,0.583378,0.107882,10,2.64667,0.0688988,2.91153
378,0.486865,0.109567,8,2.32667,0.070666,3.36764
379,0.503313,0.109759,10,2.94667,0.068836,3.32072
380,0.389121,0.0937399,8,2.37333,0.0677934,3.20024
381,0.364526,0.0851746,7,2.31333,0.0679964,3.35248
382,0.47395,0.120413,10,3.00667,0.0681764,3.32658
383,0.596211,0.106658,10,2.95333,0.0690905,3.31209
384,0.507327,0.110637,8,2.84667,0.0673742,3.32483
385,0.492874,0.114194,9,2.85333,0.0689449,3.29212
386,0.472533,0.0977493,8,2.62,0.067106,3.10839
387,0.443484,0.0923856,8,2.26667,0.0683668,3.39803
388,0.443202,0.0904868,8,2.54,0.0676836,3.38581
389,0.516086,0.0837032,8,1.98667,0.0684065,3.27386
390,0.533061,0.0988703,7,2.66,0.0684557,3.53857
391,0.5342,0.095423,9,2.66,0.0675889,3.34003
392,0.54911,0.0654172,9,1.76,0.0654808,3.14333
393,0.464537,0.0797604,8,2.33333,0.0716567,3.29863
394,0.593135,0.113837,9,2.79333,0.0702621,3.09931
395,0.569478,0.100953,9,2.34,0.0685817,3.25698
396,0.64658,0.111709,9,2.62667,0.0684432,2.82477
397,0.374451,0.0775066,8,1.96,0.0692462,3.21393
398,0.614143,0.0994448,10,2.54,0.069501,3.27334
399,0.49406,0.102405,9,2.60667,0.068319,3.56448
400,0.665473,0.133293,10,3.05333,0.0698514,3.55198
401,0.6072,0.115864,9,2.54,0.0663431,3.38779
402,0.52829,0.0787285,10,2.01333,0.0675913,3.33191
403,0.554738,0.0982086,9,2.31333,0.066699,3.03507
404,0.502501,0.0870351,9,2.05333,0.0658872,3.42995
405,0.502627,0.0895896,8,1.95333,0.0674737,3.35497
406,0.634333,0.134616,10,3.02667,0.0666312,3.242
407,0.74075,0.134252,9,2.67333,0.0633018,3.23615
408,0.460076,0.103675,8,2.35333,0.066502,3.59171
409,0.744926,0.0946469,10,2.08,0.0674847,3.71384
410,0.656748,0.122984,10,3.06,0.0694301,3.29024
411,0.609492,0.107298,10,2.60667,0.0645633,3.36981
412,0.61852,0.0988922,9,2.21333,0.0664583,3.61474
413,0.571192,0.123401,9,2.61333,0.0664465,3.35802
414,0.549732,0.112015,9,2.39333,0.0684243,3.56345
415,0.585031,0.106961,7,2.32667,0.0685104,3.24314
416,0.57242,0.0921988,8,2.3,0.0634512,3.33701
417,0.467661,0.0843449,9,2,0.0645852,3.1046
418,0.382177,0.0730119,9,1.77333,0.0622029,2.94654
419,0.621413,0.122707,9,2.76,0.0657834,2.83728
420,0.732817,0.129674,10,2.92667,0.067966,3.25558
421,0.581638,0.0993954,9,2.16,0.0634718,3.00458
422,0.459197,0.0686802,8,1.74,0.0656142,2.9124
423,0.593455,0.0822636,8,2.00667,0.063724,3.28985
424,0.594234,0.0646012,10,1.94,0.0669002,3.05047
425,0.475724,0.0871333,8,2.17333,0.0666959,3.28672
426,0.565564,0.084723,9,2.34,0.065806,3.41794
427,0.584531,0.112416,9,2.55333,0.0683428,3.2122
428,0.392087,0.0713153,7,1.64,0.0639535,2.90336
429,0.390777,0.087074,9,2.03333,0.0643727,2.96051
430,0.580356,0.0733956,9,1.77333,0.0659498,2.84801
431,0.44867,0.0775903,8,1.84,0.0684694,3.22365
432,0.494716,0.0980226,8,2.38,0.0681357,3.7751
433,0.678505,0.118806,8,2.65333,0.0736136,3.58659
434,0.58501,0.100417,9,2.32667,0.0671192,3.27721
435,0.470849,0.0630315,7,1.52667,0.066606,3.55712
436,0.511332,0.0814987,10,2.3,0.0681594,3.07374
437,0.42576,0.0609659,7,1.78,0.0646215,3.11602
438,0.415492,0.0462143,8,1.53333,0.0653178,2.98822
439,0.507614,0.0758564,9,1.92,0.0714526,3.37781
440,0.499167,0.0883056,10,2.32667,0.0675548,2.90414
441,0.461852,0.090524,8,2.09333,0.0668705,3.23476
442,0.395751,0.103249,9,2.38667,0.0646982,3.15077
443,0.424166,0.0823513,8,2.26,0.0656857,3.25164
444,0.563185,0.0896464,10,2.22,0.0646248,3.29471
445,0.514179,0.0880825,9,1.98667,0.0641562,2.8245
446,0.524771,0.0938504,9,2.08,0.0678713,2.72848
447,0.673997,0.108049,10,2.5,0.0685128,3.06899
448,0.711961,0.129013,10,3.07333,0.0716334,3.11348
449,0.470878,0.121484,9,2.62667,0.0684098,3.17145
450,0.483349,0.0860145,8,2.04,0.0711117,2.9866
451,0.521726,0.106619,10,2.18,0.065974,3.03478
452,0.55659,0.126162,10,2.75333,0.0701969,2.87848
453,0.480373,0.10077,9,2.22,0.0636579,2.67804
454,0.559675,0.0844192,10,2.14,0.0683317,2.56058
455,0.386076,0.0539247,7,1.5,0.0675997,3.29996
456,0.538796,0.0756266,10,1.92,0.0681738,3.37805
457,0.486465,0.0732968,9,1.69333,0.0686359,3.19543
458,0.564152,0.102601,9,2.23333,0.0707425,3.32521
459,0.586264,0.122239,9,2.63333,0.0662718,3.31082
460,0.568301,0.113009,10,2.54667,0.0672106,3.20556
461,0.524511,0.0999263,10,2.56667,0.0691538,3.57739
462,0.612795,0.105054,9,2.26,0.0681677,3.31065
463,0.60433,0.128022,9,2.67333,0.0690963,3.59523
464,0.569095,0.111819,10,2.64,0.0689161,4.16669
465,0.460465,0.0952684,10,2.31333,0.0652654,3.63993
466,0.519918,0.0840733,9,2.01333,0.0662678,3.55279
467,0.62687,0.136974,9,2.6,0.0690257,3.47244
468,0.356187,0.0800101,10,1.68667,0.0659129,3.45491
469,0.530919,0.120253,10,2.43333,0.068652,2.96711
470,0.614021,0.0827109,10,2.02,0.0647393,3.60872
471,0.488178,0.0834645,9,1.88,0.0647267,2.99792
472,0.520236,0.121151,8,2.54667,0.0672075,3.05607
473,0.552867,0.112624,9,2.37333,0.0672931,3.22787
474,0.647355,0.121212,9,2.46667,0.0691231,3.2246
475,0.446992,0.0813036,8,1.74667,0.0668358,2.89895
476,0.466867,0.10924,9,2.58667,0.0677396,3.13664
477,0.552031,0.14324,10,2.94667,0.0666596,3.00225
478,0.485885,0.11628,8,2.26667,0.0662149,3.16125
479,0.5165,0.102905,9,2.16667,0.0679545,3.09139
480,0.521991,0.132824,9,2.71333,0.068005,3.42219
481,0.492142,0.107308,9,2.26,0.0682679,3.45329
482,0.718792,0.158694,10,2.94667,0.069034,3.31695
483,0.627267,0.144679,10,2.92,0.0672889,3.21127
484,0.536929,0.0960456,9,2.16,0.0647785,3.07325
485,0.650068,0.14697,10,3.08667,0.0704021,3.41183
486,0.658437,0.126141,10,2.72667,0.0716495,3.27384
487,0.544114,0.113014,9,2.43333,0.0666358,3.42176
488,0.555361,0.129317,10,2.68,0.069938,3.39366
489,0.522464,0.102791,10,2.32,0.0687909,3.15847
490,0.662789,0.159619,10,2.96,0.0682799,3.10765
491,0.58323,0.150074,9,2.75333,0.0688104,2.97367
492,0.55145,0.104331,9,2.24667,0.0683294,2.99409
493,0.724391,0.112634,10,2.19333,0.0698844,2.78559
494,0.611822,0.109159,9,2.32667,0.0677051,3.06631
495,0.550998,0.0967744,10,2.06667,0.069352,3.34663
496,0.661544,0.0972181,9,1.99333,0.0663194,3.24494
497,0.583594,0.125394,10,2.88,0.0669457,3.15127
498,0.481638,0.102103,8,2.24667,0.0671447,3.2996
499,0.724227,0.136477,10,3.14,0.0701635,3.54263
500,0.663859,0.103255,10,2.52667,0.0678369,3.32973
501,0.576214,0.116894,10,2.64667,0.0677001,3.27619
502,0.622618,0.108172,9,2.44,0.0680969,3.27963
503,0.750101,0.13567,10,2.94,0.0705837,2.93776
504,0.668747,0.114729,9,2.54667,0.0699,3.19519
505,0.56479,0.0993541,8,2.25333,0.0650635,3.35292
506,0.590127,0.0990041,10,2.16,0.0655712,3.43066
507,0.664645,0.106242,9,2.4,0.0668427,2.91389
508,0.666634,0.0970793,9,2.06667,0.0660841,3.09589
509,0.532385,0.101178,9,2.24667,0.0693468,2.97569
510,0.708984,0.1184,9,2.57333,0.0701415,3.13758
511,0.607068,0.129204,9,2.75333,0.0702222,2.83167
512,0.559835,0.124168,10,2.30667,0.0661745,2.84012
513,0.571554,0.119233,10,2.58,0.0642462,3.07212
514,0.678853,0.169023,10,3.43333,0.0682161,3.07785
515,0.801137,0.184174,10,3.65333,0.0664101,2.93901
516,0.589244,0.163261,8,3.14667,0.0666124,3.11077
517,0.526628,0.140519,9,2.62,0.067232,2.90763
518,0.568211,0.121975,9,2.73333,0.0688168,3.02519
519,0.711093,0.136331,10,2.71333,0.0648061,2.81336
520,0.536047,0.0920919,10,1.87333,0.0677306,3.16601
521,0.547374,0.141786,8,2.88,0.0657389,3.19589
522,0.486224,0.104413,8,2.32,0.0673814,2.89259
523,0.571542,0.103931,10,2.84,0.073554,3.20583
524,0.656491,0.14138,10,3.32,0.0715042,3.29256
525,0.589984,0.12746,9,2.62,0.0700419,2.9793
526,0.618151,0.129825,10,2.92,0.0685637,3.16698
527,0.725645,0.147731,10,2.93333,0.0689964,2.9911
528,0.786277,0.186725,10,3.46667,0.0675187,2.89468
529,0.84263,0.204724,10,3.85333,0.0705396,2.66265
530,0.75588,0.162645,10,3.03333,0.0688947,2.6699
531,0.673429,0.163342,9,3.18667,0.0672467,2.78685
532,0.66143,0.149699,9,2.91333,0.068821,3.2702
533,0.592336,0.0904424,9,1.95333,0.0690095,3.31599
534,0.765689,0.144986,10,2.74667,0.0697293,3.1201
535,0.634511,0.110097,9,2.33333,0.0679857,3.0351
536,0.767463,0.142314,10,2.94,0.0688942,2.82802
537,0.653765,0.122004,10,2.39333,0.0767078,3.07062
538,0.750684,0.146046,10,3.13333,0.0698717,3.05841
539,0.594302,0.102647,9,2.27333,0.0635785,2.93323
540,0.601572,0.118443,9,2.45333,0.0706037,3.14437
541,0.584467,0.110269,9,2.22667,0.068675,3.03347
542,0.5632,0.0714168,9,1.8,0.0641606,2.53809
543,0.617683,0.11156,10,2.56667,0.0678875,2.84843
544,0.5226,0.0696392,8,1.55333,0.0695102,2.88483
545,0.629535,0.108079,9,2.31333,0.0677414,3.19285
546,0.690509,0.148346,10,2.99333,0.0671373,2.73299
547,0.709816,0.14989,10,2.98,0.0715029,2.87827
548,0.685763,0.0998005,10,2.08667,0.0672417,2.77302
549,0.730827,0.152237,10,3.04667,0.06772,2.92057
550,0.656487,0.103193,9,2.30667,0.064304,3.3716
551,0.638426,0.143222,9,2.94667,0.0670386,3.11901
552,0.691351,0.130691,10,2.66667,0.0672802,2.95574
553,0.591275,0.0907667,9,2.32667,0.0717558,3.51854
554,0.611666,0.109588,9,2.55333,0.0664476,3.1712
555,0.463216,0.098972,7,2.17333,0.0672536,3.20167
556,0.621269,0.104971,9,2.50667,0.0678444,3.22993
557,0.652609,0.122968,9,2.58667,0.0690047,3.43374
558,0.594096,0.0981772,9,2.10667,0.0697589,3.12313
559,0.777868,0.0986551,10,2.54667,0.0631263,3.02475
560,0.642837,0.124849,10,2.70667,0.0710583,2.71291
561,0.56537,0.112167,10,3.06667,0.0656613,3.35737
562,0.658127,0.16773,9,3.2,0.0697131,3.32607
563,0.617221,0.137153,10,3.02667,0.0689563,3.77748
564,0.73722,0.157639,10,2.94,0.0694688,3.26603
565,0.676235,0.121959,9,2.72667,0.071799,3.55786
566,0.555829,0.114092,10,2.45333,0.0675223,2.91034
567,0.690431,0.104519,10,2.24,0.0685749,3.14391
568,0.725741,0.153128,10,2.83333,0.071145,3.18486
569,0.709797,0.152377,10,2.9,0.0699541,3.02767
570,0.733186,0.0820202,10,1.92,0.064891,2.91643
571,0.716768,0.157049,10,3.24,0.0712001,3.1122
572,0.569582,0.103835,9,2.52,0.0655855,3.11402
573,0.589032,0.141266,9,2.91333,0.0709054,2.98479
574,0.584705,0.104544,10,2.12667,0.0676385,3.29102
575,0.687545,0.177648,10,3.21333,0.0678891,2.97008
576,0.606951,0.129126,10,2.74667,0.0688457,3.22411
577,0.662278,0.146066,10,3,0.0696504,3.19892
578,0.699088,0.1551,10,3.02,0.067892,3.08068
579,0.610817,0.131936,10,2.56667,0.0662909,3.11308
580,0.626463,0.12004,9,2.73333,0.06885,3.35953
581,0.657096,0.155417,10,2.86667,0.0667273,2.81562
582,0.550424,0.144512,8,2.68,0.070207,2.9962
583,0.583349,0.152207,9,2.94667,0.0684378,2.84103
584,0.649206,0.131085,9,2.70667,0.0685732,2.91554
585,0.691943,0.152277,10,2.98667,0.0679367,2.83418
586,0.712028,0.123603,10,2.62,0.0716416,2.71774
587,0.603132,0.101136,9,2.1,0.0659626,2.87618
588,0.658539,0.17094,9,3.05333,0.0667337,2.53856
589,0.57502,0.111246,9,2.45333,0.0655429,2.78408
590,0.661993,0.202606,10,3.85333,0.0735818,2.94392
591,0.641667,0.131181,10,2.84,0.0674206,2.90723
592,0.633694,0.114184,10,2.26667,0.0676312,2.93576
593,0.589001,0.119815,9,2.49333,0.0669288,2.85722
594,0.576209,0.0827444,10,1.86667,0.0682508,3.06045
595,0.590633,0.105681,9,2.32,0.0688027,2.95559
596,0.64036,0.106237,10,2.13333,0.0692839,3.03813
597,0.618575,0.0990408,10,2.15333,0.0674214,3.2041
598,0.662082,0.137777,10,2.77333,0.0698604,2.91196
599,0.722987,0.12705,9,2.80667,0.0688388,3.10849
600,0.767274,0.130317,10,2.66667,0.0652878,2.82248
601,0.680034,0.091297,10,1.85333,0.0663491,3.16829
602,0.758719,0.145082,10,2.96667,0.0702868,3.09673
603,0.580378,0.0800921,8,1.79333,0.0648096,2.92998
604,0.50666,0.104087,8,2.41333,0.0693973,2.9577
605,0.674565,0.114348,9,2.40667,0.0667608,2.93809
606,0.745222,0.132807,9,2.32,0.0662475,3.26289
607,0.644838,0.145832,9,2.58,0.0693597,3.02674
608,0.554144,0.154601,9,2.74667,0.0688235,2.52262
609,0.496608,0.107978,9,2,0.0693193,2.69145
610,0.630445,0.146429,10,2.78,0.0672803,2.82319
611,0.405516,0.0886202,7,1.92667,0.0681156,2.92553
612,0.554397,0.12677,8,2.70667,0.0652959,2.92089
613,0.760648,0.0999754,9,2.14667,0.0666805,2.80434
614,0.524893,0.115126,9,2.38667,0.0688022,2.97987
615,0.60276,0.11107,9,2.19333,0.0662847,2.6056
616,0.764045,0.100892,10,2.10667,0.0663407,2.59486
617,0.777159,0.0976448,10,2.42,0.0675047,2.83341
618,0.618863,0.123697,9,2.62,0.0712209,2.91238
619,0.636409,0.10896,10,2.14667,0.067245,2.99361
620,0.566485,0.0817246,8,1.86,0.0675769,2.78585
621,0.648668,0.102815,9,2.19333,0.0692874,2.74713
622,0.503993,0.101856,9,2.31333,0.0673618,2.58897
623,0.651466,0.139325,10,2.8,0.072517,3.27019
624,0.589599,0.0827942,9,2.04,0.0636657,3.08077
625,0.555637,0.104812,10,2.29333,0.0680849,2.99429
626,0.664837,0.0885919,10,2.06,0.0648912,3.12606
627,0.650361,0.141987,9,2.75333,0.0699852,2.73744
628,0.61409,0.0917594,9,2.16667,0.0688164,3.04718
629,0.684496,0.087719,9,2.02667,0.0679977,2.63894
630,0.699254,0.0902853,9,2.15333,0.0629834,2.91446
631,0.696614,0.0767857,9,1.83333,0.0708648,3.52415
632,0.711676,0.0790378,10,1.64667,0.0641407,2.65029
633,0.564125,0.0940446,8,1.94667,0.0669422,2.52085
634,0.772131,0.0964024,10,2.07333,0.0706032,2.51348
635,0.532305,0.056041,9,1.48,0.0641774,2.66219
636,0.623144,0.0937275,9,2.34,0.0697619,2.8857
637,0.759219,0.120944,10,2.62667,0.0710357,2.64062
638,0.571092,0.0641172,9,1.53333,0.0661202,2.9916
639,0.60292,0.0846021,8,1.94,0.066824,2.82353
640,0.738472,0.115272,10,2.35333,0.0688058,2.60309
641,0.662373,0.121657,9,2.48,0.0674441,2.21953
642,0.458642,0.110536,8,2.46667,0.0637692,2.54343
643,0.579908,0.121309,9,2.68667,0.0690857,3.29156
644,0.472992,0.104392,8,2.53333,0.0672344,2.83682
645,0.553204,0.113125,8,2.58667,0.0681049,3.00207
646,0.486591,0.0959091,8,2.48667,0.0723902,3.37886
647,0.534138,0.100062,9,2.32,0.0693772,3.0096
648,0.520635,0.0894882,9,2.18,0.0666772,3.03288
649,0.651882,0.105074,9,2.29333,0.0720955,3.02323
650,0.50465,0.11312,8,2.48667,0.0690866,2.85902
651,0.491858,0.0765645,8,2.25333,0.068331,2.76386
652,0.560217,0.119506,8,2.76,0.0695576,3.02592
653,0.527111,0.0927218,9,2,0.0673946,2.74284
654,0.46043,0.107343,8,2.43333,0.0705102,2.60802
655,0.522514,0.101489,8,2.08667,0.0684357,2.58225
656,0.526949,0.083816,8,2.2,0.0651626,2.6517
657,0.395191,0.0776261,7,2,0.0675979,3.20475
658,0.437883,0.09905,8,2.24,0.0680092,3.01089
659,0.683457,0.13379,10,3.41333,0.0709682,3.05555
660,0.548635,0.0996265,9,2.22667,0.0669215,3.00141
661,0.477416,0.0885516,8,2.22667,0.0714359,2.81576
662,0.623722,0.158223,9,3.14667,0.0719707,3.07524
663,0.580724,0.118219,8,2.68,0.0688244,2.62415
664,0.496754,0.110945,7,2.55333,0.0709323,2.98469
665,0.560267,0.0893254,9,2.43333,0.0662236,2.69001
666,0.553437,0.129181,8,2.77333,0.0703637,3.25768
667,0.489357,0.117519,9,2.84667,0.0682078,3.1888
668,0.545218,0.0925816,8,2.25333,0.0696831,2.82773
669,0.550572,0.0862326,9,2.35333,0.0663883,2.45802
670,0.519432,0.0935856,9,2.24,0.0669041,2.86466
671,0.670447,0.110823,9,3.02667,0.0712798,2.67359
672,0.574544,0.0888406,8,2.15333,0.0668025,2.90138
673,0.483561,0.0857681,9,2.36667,0.067685,2.79179
674,0.632146,0.117425,8,2.76,0.0698381,2.58258
675,0.531635,0.0983442,9,2.64667,0.0685618,2.80427
676,0.716114,0.0931753,10,2.01333,0.0641138,2.65069
677,0.352543,0.0708915,8,1.68667,0.064732,3.0239
678,0.537927,0.100295,7,2.34667,0.0676882,2.62548
679,0.602651,0.135154,9,2.95333,0.0717077,2.84944
680,0.67524,0.0844778,9,2.13333,0.064082,2.837
681,0.733647,0.12287,10,2.98,0.0626184,2.93697
682,0.610451,0.162624,9,3.22667,0.0694271,2.95476
683,0.464597,0.0909076,7,2.2,0.0682707,2.6746
684,0.671769,0.125622,9,2.75333,0.0710348,3.09098
685,0.456534,0.0798916,9,2.2,0.0715568,3.08036
686,0.555483,0.122109,9,2.45333,0.0681434,2.65535
687,0.489789,0.134061,9,2.89333,0.0713471,3.02309
688,0.559017,0.119936,9,2.76667,0.0683344,3.03366
689,0.481715,0.106041,7,2.26,0.0700698,3.13689
690,0.534822,0.109315,9,2.80667,0.0674416,2.87709
691,0.555734,0.118359,8,2.72667,0.0668677,2.91411
692,0.461671,0.101891,7,2.51333,0.0662025,2.97821
693,0.543205,0.129136,9,3.19333,0.084427,2.99404
694,0.512323,0.100518,9,2.51333,0.10633,3.36136
695,0.383285,0.0665781,8,1.77333,0.0671355,3.10988
696,0.585711,0.0934306,9,2.42,0.0648073,2.98379
697,0.52287,0.108433,9,2.76,0.0702443,3.0602
698,0.525997,0.119928,9,2.9,0.062443,3.10764
699,0.580426,0.120319,10,2.9,0.0665617,2.98494
700,0.613252,0.163479,9,3.34667,0.066214,2.916
701,0.554154,0.1207,8,2.84,0.0664607,3.0019
702,0.400257,0.0843177,7,2.08667,0.0718823,3.267
703,0.453135,0.0970053,8,2.38667,0.0682515,3.24107
704,0.306174,0.0811271,8,2.07333,0.0671193,3.25662
705,0.56817,0.0952641,9,2.3,0.0679024,3.1076
706,0.549542,0.103905,9,2.44,0.0666268,3.093
707,0.516891,0.0978431,9,2.34,0.066327,2.91921
708,0.529437,0.118253,10,2.67333,0.0697512,3.00655
709,0.634016,0.157213,9,3.19333,0.0660958,2.94427
710,0.580445,0.164653,9,3.20667,0.0645783,3.03056
711,0.543422,0.137854,9,3.06,0.0706881,3.35961
712,0.363036,0.0691043,8,1.90667,0.0669459,3.84155
713,0.679606,0.110067,9,2.67333,0.0682629,3.02086
714,0.586482,0.128629,9,3.22,0.0700668,3.1836
715,0.735886,0.120774,10,2.44,0.0673481,2.93883
716,0.585301,0.118595,9,2.59333,0.0748565,3.08197
717,0.60221,0.102656,9,2.17333,0.0695071,3.13555
718,0.572861,0.0786087,9,1.81333,0.067846,2.46738
719,0.656052,0.11193,9,2.57333,0.0714868,2.86776
720,0.665252,0.113677,8,2.82667,0.0660261,2.85877
721,0.467209,0.081731,7,1.97333,0.0670133,3.54212
722,0.755052,0.147723,10,3.03333,0.0709124,3.67684
723,0.724227,0.153496,10,3.13333,0.0699423,3.20797
724,0.674388,0.106869,9,2.3,0.0677636,2.98911
725,0.633937,0.134231,9,2.80667,0.0688215,2.91698
726,0.57186,0.106495,9,2.08,0.0652716,3.07676
727,0.651925,0.166963,9,3.28667,0.0690448,3.06958
728,0.635954,0.144005,10,2.64667,0.250654,2.9636
729,0.528269,0.111058,9,2.29333,0.0680306,3.00277
730,0.721733,0.117092,10,3.00667,0.06659,3.07393
731,0.632155,0.124629,10,2.94,0.0680623,2.94566
732,0.662954,0.14958,9,3.14,0.0659846,2.83724
733,0.515081,0.0998585,8,2.58667,0.0667185,2.85711
734,0.585653,0.115754,8,2.4,0.0642326,3.05439
735,0.707169,0.142732,10,3.07333,0.0701336,3.12978
736,0.573227,0.144371,9,3.01333,0.0682719,3.15566
737,0.595715,0.113091,9,2.50667,0.0715188,2.85044
738,0.490015,0.107503,8,2.42667,0.0674148,3.31448
739,0.626822,0.146276,9,3.2,0.0702048,3.02315
740,0.597946,0.115778,9,2.93333,0.0707246,3.37249
741,0.679928,0.154781,10,3.43333,0.0695804,3.34083
742,0.726572,0.165018,10,3.49333,0.0688812,3.00251
743,0.70296,0.19346,10,3.87333,0.069374,3.11884
744,0.626196,0.153112,9,3.50667,0.0672697,3.31411
745,0.615096,0.156887,9,3,0.0651191,3.18784
746,0.575548,0.153252,8,2.95333,0.0701039,3.5256
747,0.690828,0.112279,9,2.3,0.108014,3.19856
748,0.567858,0.150811,8,2.84,0.0681158,2.94792
749,0.580414,0.0943361,9,2.38,0.0678446,3.27826
750,0.8141,0.137403,10,2.92,0.0689246,2.8923
751,0.429076,0.0684953,7,1.55333,0.0658531,3.11749
752,0.515454,0.0956369,8,2,0.0686452,3.50168
753,0.83533,0.186254,10,3.22,0.0700264,2.87429
754,0.67716,0.155605,9,3.05333,0.0694445,3.08305
755,0.684608,0.163417,9,2.96,0.0647638,2.91376
756,0.693893,0.143037,9,2.43333,0.0753726,3.25981
757,0.666731,0.153573,9,2.66,0.0670418,3.1511
758,0.809814,0.170655,10,3.08667,0.0660042,2.74251
759,0.650458,0.142364,9,2.50667,0.071462,3.05009
760,0.502337,0.0944446,7,1.82,0.0666516,3.01994
761,0.695156,0.147082,9,2.74667,0.0687471,2.85909
762,0.758077,0.175467,10,3.21333,0.0692175,3.28561
763,0.598575,0.163431,9,2.94,0.0665503,2.97062
764,0.754263,0.13218,10,2.44667,0.0652611,3.03683
765,0.556991,0.115234,9,2.28,0.0711983,3.55725
766,0.718026,0.131908,9,2.55333,0.0700558,3.15452
767,0.52357,0.0896083,8,1.88667,0.0678218,3.48059
768,0.684472,0.158689,10,2.94667,0.0684822,2.94386
769,0.638468,0.145382,10,2.77333,0.0704097,3.19568
770,0.671162,0.176837,10,3.12667,0.067394,3.00961
771,0.779685,0.168493,10,2.95333,0.0716623,3.0824
772,0.710202,0.216918,10,3.62,0.0721468,3.19202
773,0.700433,0.159265,10,2.78667,0.0650983,3.10452
774,0.784246,0.239464,10,3.81333,0.0713059,2.98037
775,0.697672,0.21486,10,3.56667,0.0690077,3.01722
776,0.633643,0.148571,10,2.73333,0.0687396,3.42731
777,0.618049,0.173896,9,2.67333,0.0673517,3.18606
778,0.73196,0.163459,10,3,0.0684935,3.10583
779,0.693046,0.176997,10,3.3,0.0689087,2.90885
780,0.799152,0.22364,10,3.92,0.0682387,3.01247
781,0.687836,0.174425,9,3.02667,0.0741785,3.03722
782,0.645974,0.150107,10,2.71333,0.0672374,3.16402
783,0.61717,0.137002,8,2.58667,0.0724182,2.99667
784,0.732405,0.184286,10,3.12667,0.0664979,2.88553
785,0.833745,0.278137,10,4.45333,0.0697265,2.80463
786,0.803959,0.225647,10,3.66667,0.0696384,2.96771
787,0.634662,0.163652,10,2.72,0.0775428,3.2256
788,0.671365,0.169191,9,3.02667,0.160355,3.17611
789,0.761711,0.216934,9,3.64,0.0977254,3.13876
790,0.702308,0.222254,10,3.66667,0.0693914,2.83618
791,0.564781,0.151478,8,2.86,0.0634155,2.94445
792,0.797597,0.176442,10,3.18,0.065609,3.03265
793,0.682522,0.168731,10,2.81333,0.0674878,3.2603
794,0.720885,0.244763,10,4.25333,0.0716041,2.92716
795,0.61422,0.163742,9,2.89333,0.0836568,3.24357
796,0.748765,0.245866,10,4.02667,0.0692321,2.79826
797,0.576344,0.149348,8,2.57333,0.0692951,3.56263
798,0.636875,0.194984,9,3.15333,0.0671746,2.69924
799,0.714953,0.193757,10,3.29333,0.0717386,2.86608
800,0.536897,0.1279,7,2.44667,0.0653348,3.1527
801,0.69835,0.174958,10,3.05333,0.067762,2.91111
802,0.745196,0.273973,10,4.32667,0.0737512,2.91433
803,0.639534,0.148223,10,2.96667,0.0659118,3.22506
804,0.809018,0.178004,10,3.14667,0.0667995,2.72991
805,0.598781,0.142453,8,2.44,0.0668092,2.82616
806,0.697643,0.183202,9,3.22667,0.0831932,3.07909
807,0.626311,0.136964,9,2.67333,0.0720098,3.20417
808,0.749822,0.196574,10,3.59333,0.0714125,3.32048
809,0.777062,0.194027,10,3.20667,0.0703891,3.00238
810,0.631677,0.175733,9,3.19333,0.100412,3.07803
811,0.53421,0.108341,8,2.35333,0.0687918,3.32889
812,0.534699,0.137223,9,2.83333,0.0663176,3.31522
813,0.657384,0.171201,9,3.08,0.07024,3.24099
814,0.707498,0.115301,9,2.18,0.0681138,3.17543
815,0.716804,0.160749,10,2.73333,0.0701078,2.91267
816,0.716247,0.191813,9,3.22,0.0683727,2.77951
817,0.804864,0.171113,10,2.84,0.0671233,2.58302
818,0.807641,0.216149,10,3.53333,0.072424,2.8432
819,0.583516,0.130401,8,2.3,0.0725549,3.08084
820,0.500648,0.121705,7,2.14667,0.0675296,3.05672
821,0.751819,0.189261,10,3.19333,0.0684986,2.9142
822,0.603353,0.145653,8,2.64667,0.0739354,3.01486
823,0.659869,0.138584,9,2.46,0.0677053,2.91005
824,0.527139,0.122678,9,2.24,0.0653751,2.89982
825,0.638949,0.138256,9,2.42,0.0705945,2.99136
826,0.690131,0.179861,10,2.92667,0.067974,2.69538
827,0.81873,0.206018,10,3.4,0.0710484,2.73376
828,0.610252,0.158282,8,2.78,0.0664422,2.82962
829,0.720381,0.165798,9,3,0.0799221,2.87379
830,0.599348,0.128598,9,2.25333,0.125697,2.96621
831,0.69284,0.148471,9,2.59333,0.066309,2.44988
832,0.770936,0.199931,10,3.64,0.0730746,2.46794
833,0.697548,0.15694,9,2.78,0.0670801,2.46641
834,0.713062,0.150333,10,2.44,0.0707853,2.34498
835,0.596081,0.134071,8,2.34,0.0739183,2.73469
836,0.637751,0.147566,8,2.68667,0.0697554,2.69785
837,0.807346,0.193952,10,3.32,0.0690528,2.66862
838,0.634315,0.154937,8,2.7,0.0653125,2.82893
839,0.661112,0.144846,8,2.56667,0.0930621,2.94181
840,0.605109,0.133466,9,2.44667,0.0676679,2.86952
841,0.671059,0.135055,9,2.44667,0.0667027,2.86091
842,0.729424,0.176421,10,3.18,0.0689338,2.86224
843,0.780363,0.205532,10,3.55333,0.0699261,2.79307
844,0.693806,0.119625,9,2.14,0.0615083,2.50228
845,0.72997,0.158737,9,2.68,0.067286,2.97596
846,0.630724,0.177693,9,2.82,0.0713055,2.73398
847,0.734071,0.164139,9,3.15333,0.0753837,3.03512
848,0.431938,0.0942917,8,1.8,0.0703506,3.17003
849,0.808109,0.181135,10,3.18,0.0721565,2.97141
850,0.608254,0.16403,8,2.7,0.0639836,3.18986
851,0.546259,0.127617,10,2.51333,0.0719761,2.98363
852,0.751862,0.190529,10,3.23333,0.0681958,2.84366
853,0.673776,0.116074,10,2.08,0.0647199,3.06315
854,0.847489,0.198521,10,3.28667,0.0696316,3.02808
855,0.589238,0.110408,8,2.02667,0.0649367,2.88353
856,0.542214,0.104836,7,2.12,0.0675732,3.09969
857,0.778871,0.122172,10,2.25333,0.07349,2.90901
858,0.51844,0.100098,8,1.92,0.0676205,3.03653
859,0.749621,0.136564,9,2.46,0.0691331,2.94913
860,0.61901,0.154548,10,2.50667,0.0667406,3.03004
861,0.725798,0.179289,9,2.96,0.0680172,2.96196
862,0.676955,0.15265,10,2.78,0.0666987,3.26042
863,0.6696,0.150993,9,2.72,0.0670181,2.86532
864,0.80395,0.16841,10,2.88,0.0655538,2.74974
865,0.834466,0.157279,10,2.83333,0.0921274,3.27941
866,0.750803,0.194504,9,3.28667,0.0705484,3.05324
867,0.670219,0.166138,9,3.01333,0.0647489,3.41989
868,0.701117,0.157108,9,2.96667,0.0682635,3.1566
869,0.547088,0.111505,8,2.22667,0.068505,3.60624
870,0.618729,0.125894,9,2.49333,0.0680391,3.61082
871,0.64437,0.15318,9,2.99333,0.0654834,3.03212
872,0.725237,0.193602,10,3.44,0.0654162,3.00488
873,0.722684,0.218266,9,3.76,0.067101,3.05236
874,0.807561,0.213407,10,3.66,0.0714721,3.03172
875,0.687912,0.221575,9,3.48,0.0672801,2.85314
876,0.516723,0.0844098,9,1.61333,0.0659007,3.58059
877,0.770244,0.207734,10,3.58,0.0681413,2.70619
878,0.668222,0.155348,9,2.98,0.0689018,3.20026
879,0.632613,0.140045,8,2.6,0.0697486,3.48193
880,0.581768,0.141576,8,2.5,0.0678198,3.43218
881,0.764866,0.229382,10,3.98,0.071261,3.04349
882,0.735369,0.236696,9,3.94,0.0684236,2.65712
883,0.820319,0.189216,10,3.41333,0.0652073,2.73862
884,0.626929,0.167316,9,3.18667,0.066948,2.82533
885,0.780394,0.170841,10,2.96,0.0675686,2.65859
886,0.726748,0.160728,10,2.96,0.0754075,3.11636
887,0.493831,0.0998828,9,2.18667,0.0667205,3.09672
888,0.727613,0.214484,10,3.93333,0.0712654,2.84269
889,0.729516,0.182066,10,3.31333,0.0703672,2.72268
890,0.809444,0.179474,10,3.16667,0.0671311,2.56651
891,0.654867,0.126402,9,2.5,0.0710832,3.12442
892,0.7644,0.177018,9,3.26,0.0735309,2.69719
893,0.635324,0.14575,10,2.95333,0.0712208,2.82986
894,0.640471,0.18215,10,3.23333,0.0698397,3.19399
895,0.600965,0.150827,9,2.95333,0.0707536,3.22671
896,0.569365,0.136099,9,2.78667,0.0694432,2.95195
897,0.64787,0.18765,9,3.32667,0.066567,2.66105
898,0.626224,0.134134,10,2.77333,0.0702605,3.24539
899,0.731744,0.178521,9,3.10667,0.0710513,2.86476
900,0.695296,0.172118,9,3.17333,0.0720035,2.7814
901,0.812724,0.197891,10,3.88,0.078998,3.03733
902,0.798433,0.197697,10,3.48667,0.0670967,2.4685
903,0.735073,0.16413,10,3.28667,0.0700062,2.96722
904,0.639539,0.141523,9,2.67333,0.0709672,2.78218
905,0.827808,0.239511,10,3.86667,0.0724804,2.74728
906,0.614226,0.159722,8,2.90667,0.0638761,3.10371
907,0.721658,0.189684,10,3.26667,0.0674398,2.63224
908,0.542822,0.0935173,8,2.02667,0.0695316,3.08077
909,0.745188,0.144174,10,2.68667,0.0659281,2.94809
910,0.688764,0.15455,10,3.02,0.0677184,3.21668
911,0.622204,0.15249,9,3.33333,0.0706569,2.88849
912,0.621851,0.157463,9,2.93333,0.0706162,2.8395
913,0.604252,0.133053,9,2.56667,0.0663029,3.09359
914,0.6096,0.154965,10,2.97333,0.0692106,2.66567
915,0.528628,0.129652,8,2.61333,0.0650638,3.1073
916,0.619186,0.131237,8,2.36667,0.092082,3.03181
917,0.668506,0.126607,10,2.37333,0.0659575,3.04651
918,0.754434,0.158964,10,3.07333,0.0676962,2.81825
919,0.67159,0.122891,10,2.63333,0.107213,3.34076
920,0.64003,0.18157,9,3.42667,0.0716537,2.59299
921,0.769242,0.222543,10,3.64667,0.0675854,2.73707
922,0.640494,0.154643,8,3.02667,0.068847,3.15981
923,0.550092,0.129978,8,2.59333,0.0657016,3.05225
924,0.744722,0.169171,10,2.98,0.0664213,2.75652
925,0.744745,0.181809,10,3.15333,0.068078,2.94887
926,0.672647,0.162076,9,3.06,0.0663197,2.86305
927,0.655683,0.136826,8,2.50667,0.0673294,3.29975
928,0.54282,0.129352,8,2.58,0.0666323,3.34944
929,0.684817,0.177027,10,3.48667,0.0679224,2.91196
930,0.637086,0.137973,9,3.02,0.0645812,3.0759
931,0.558454,0.12557,7,2.56,0.0672696,3.36555
932,0.768375,0.215761,9,3.76667,0.132096,2.90879
933,0.657447,0.211884,9,3.73333,0.0688009,3.54032
934,0.506743,0.141395,8,2.74,0.0656206,3.51084
935,0.568881,0.152122,8,3.06667,0.0885535,3.32489
936,0.743707,0.169612,9,3.12,0.0688927,3.02432
937,0.664239,0.141833,9,2.83333,0.0689546,3.03191
938,0.81871,0.218931,10,3.77333,0.0680841,2.59404
939,0.806015,0.15473,10,3,0.07072,2.80181
940,0.740294,0.169472,9,3.04667,0.0673732,2.83172
941,0.714229,0.177976,10,2.96,0.0652452,2.83753
942,0.704288,0.121422,9,2.44,0.0709269,3.67166
943,0.625808,0.203981,8,3.61333,0.067262,3.23949
944,0.633628,0.130425,10,2.80667,0.0691076,3.27966
945,0.678063,0.158127,9,2.96,0.0657044,2.7593
946,0.724884,0.208394,10,3.68,0.0675856,2.63454
947,0.735081,0.207877,9,3.45333,0.0655364,2.70966
948,0.569291,0.188697,9,3.45333,0.0675598,2.98184
949,0.590105,0.152163,8,2.76,0.0717686,3.2661
950,0.620414,0.143375,8,2.78667,0.0683884,3.32224
951,0.750922,0.185336,10,3.36667,0.108916,3.09744
952,0.525373,0.156242,8,2.72667,0.0703434,3.15635
953,0.502646,0.121077,9,2.42,0.0682345,3.00768
954,0.672767,0.203906,9,3.62667,0.0693219,2.77659
955,0.70974,0.206134,9,3.36667,0.0685749,2.69823
956,0.776921,0.0994641,9,1.74,0.0688197,3.00104
957,0.619801,0.178706,8,2.81333,0.0654194,3.14495
958,0.774875,0.0938167,10,2.08667,0.0669457,3.06727
959,0.660602,0.164274,9,3.1,0.0702644,3.46886
960,0.598572,0.162604,9,2.97333,0.0687346,3.08135
961,0.471407,0.141598,7,2.48667,0.063935,2.99691
962,0.740786,0.20581,10,3.42667,0.0698373,2.70595
963,0.526796,0.0967444,8,2.05333,0.0683438,3.05317
964,0.467418,0.0915498,6,1.90667,0.0663309,3.21921
965,0.644198,0.144821,9,2.54,0.066028,2.72245
966,0.711816,0.174879,10,3.17333,0.0701697,3.22276
967,0.694893,0.147704,9,2.70667,0.0712122,2.98807
968,0.705958,0.079734,9,1.8,0.0676525,3.06846
969,0.594528,0.110876,8,2.2,0.0690308,3.05788
970,0.64482,0.135165,9,2.56,0.0706425,3.06043
971,0.48912,0.0828491,8,1.64,0.0678978,3.32524
972,0.720809,0.112595,10,2.23333,0.0699279,2.98832
973,0.655882,0.123176,10,2.24667,0.0666756,2.99372
974,0.69236,0.130035,10,2.58667,0.0677548,2.9637
975,0.81316,0.236146,10,3.88667,0.0842852,2.59962
976,0.627406,0.122531,9,2.29333,0.0672177,2.97612
977,0.75312,0.127625,10,2.50667,0.0697721,2.92447
978,0.618031,0.133089,8,2.27333,0.0657338,2.66235
979,0.536785,0.114027,8,2.04667,0.067036,2.64237
980,0.724601,0.134627,10,2.48667,0.0695828,2.85801
981,0.610663,0.133549,9,2.37333,0.0687766,2.87278
982,0.626698,0.115179,9,2.28667,0.0701049,3.20121
983,0.630298,0.0906015,10,1.90667,0.0710159,2.98401
984,0.687618,0.144556,10,2.84667,0.0671706,2.86442
985,0.635848,0.065886,8,1.43333,0.0663934,2.95994
986,0.775775,0.170476,10,2.87333,0.0675404,2.38813
987,0.63644,0.159156,9,2.95333,0.068358,2.76874
988,0.633368,0.135671,9,2.7,0.0640185,2.73142
989,0.727729,0.167833,10,3.57333,0.0664536,2.66327
990,0.666292,0.107294,9,2.08,0.0700738,3.36738
991,0.668908,0.115619,8,2.66667,0.0705334,3.20128
992,0.719595,0.139409,10,3.13333,0.0911917,2.94285
993,0.645564,0.102816,8,2.2,0.0667423,2.98931
994,0.776547,0.109158,10,2.17333,0.0658836,3.2337
995,0.597856,0.0992618,8,1.92,0.0652404,3.20783
996,0.768889,0.152591,9,2.66,0.0682096,3.37847
997,0.719742,0.13134,10,2.85333,0.0691067,3.23341
998,0.775455,0.143779,10,3.01333,0.0729011,3.09796
999,0.556647,0.118334,7,2.28667,0.070495,3.09456
1000,0.687738,0.0754696,9,2.00667,0.0634872,2.83778
