genomestart 1
trait 1 0 0.570319 0.708198 0 0 0.409086 0.719727 0 
trait 2 0.846445 0 1 0.652932 0 0.187267 0.710972 1 
trait 3 0.460219 0.617581 1 0.00415049 0 0 1 0.677165 
node 1 1 1 3
node 2 2 1 1
node 3 1 1 1
node 4 1 1 1
node 5 1 1 1
node 6 2 1 1
node 7 2 1 1
node 8 2 1 1
node 9 3 1 1
node 10 2 1 1
node 11 2 1 1
node 12 3 1 1
node 13 2 1 1
node 14 2 1 1
node 15 2 1 1
node 16 2 1 1
node 17 2 0 2
node 18 1 0 2
node 27 3 0 0
nodegru 35 0 0.31042204904855325 -1.1972768931636946 -2.2983658147502535 -0.40467258282223373 1.2209071657717732 -0.033227552442451729 [ 1.540668033082349 -0.48860859940229384 0.0022825165662367052 -1.216486828735325 0.17782089820961511 -1.2758228011782391 ] [ 1.1673788785316883 -1.0285421316644838 -2.5502676230623704 0.98964964341821593 0.986603487975245 1.0477852958942695 ] [ -1.0346782673311787 -1.8265446530778635 -1.2025262828462413 0.92661607192206008 -0.50300040049618122 1.4635790968144216 ]
nodegru 128 0 0.10963737434225029 -1.219167038667559 0.95268686206670783 2.1854579985074034 0.72179925824599322 1.2729541066908063 [ -0.98766911564751947 -0.64051450050459924 1.8945395226564909 0 ] [ -0.52077485621942898 0.7887670338567192 1.337640838156287 0 ] [ 1.3721927634310875 1.5640820218548561 0.072779345127185424 0 ]
node 212 3 0 0
node 227 3 0 0
node 235 1 0 0
node 237 1 0 0
node 249 2 0 0
nodegru 266 0 0.71563903648203198 2.5661398980608863 0.9268015040675186 -0.61220126906978045 -1.6678894095438945 1.1735474333043896 [ -1.3358360146339217 -0.82975569219782752 -0.32766142572633061 -0.28158694216124108 ] [ -3.6412261157022909 0.53585772148140598 -1.0858530328077511 0 ] [ -0.89579752036174631 1.8052407818870808 -1.7253616029514753 -0.7646138632039603 ]
nodegru 335 0 1.3136255637806027 1.1915785638576275 1.4014363525907678 0.73811200435185431 -1.2453055008059859 1.8380070733083445 [ 1.0018826287714218 0 ] [ -0.69666947852665073 -0.19982386343172931 ] [ -0.8805784757158619 1.3812627209728876 ]
node 348 2 0 0
nodegru 390 0 1.4011766023008043 -1.0916137625889917 0.89420597576266447 0.12783583981349869 0 -1.3650732545019468 [ 1.4009437062316312 -0.71481076125745235 ] [ 1.3544011939570313 -0.30716252737080796 ] [ 0.59649930386641037 0 ]
nodegru 398 0 0 0 -1.0518241774066466 0 0 -1.164632878342938 [ 0 0 ] [ 0 0 ] [ 0 0 ]
node 421 2 0 0
node 461 1 0 0
node 516 1 0 0
nodegru 518 0 0 0 -0.81510900092083449 0 0 -1.2869118697880357 [ 0 ] [ 0.93343049494243724 ] [ 0.16198013148362755 ]
gene 2 1 17 0.84422272925461761 0 1 0.84422272925461761 1
gene 3 2 17 1.1904943423301422 0 2 1.1904943423301422 1
gene 2 3 17 -0.19417745372940654 0 3 -0.19417745372940654 0
gene 2 4 17 0.022420673175910802 0 4 0.022420673175910802 1
gene 3 5 17 0.77377297485888608 0 5 0.77377297485888608 1
gene 3 6 17 1.2254175377196714 0 6 1.2254175377196714 1
gene 1 7 17 -0.19279171209446699 0 7 -0.19279171209446699 1
gene 1 8 17 0.13205140974933816 0 8 0.13205140974933816 1
gene 2 9 17 -0.16632963654879929 0 9 -0.16632963654879929 1
gene 1 10 17 1.9422455003681804 0 10 1.9422455003681804 0
gene 3 11 17 -0.73360925085545015 0 11 -0.73360925085545015 1
gene 3 12 17 0.19102912428371105 0 12 0.19102912428371105 0
gene 2 13 17 -0.49558482109363422 0 13 -0.49558482109363422 0
gene 3 14 17 -1.0482676932812984 0 14 -1.0482676932812984 0
gene 3 15 17 -4.3441648603622651 0 15 -4.3441648603622651 1
gene 2 16 17 -3.581432663873505 0 16 -3.581432663873505 1
gene 2 1 18 0.68234113752019643 0 17 0.68234113752019643 1
gene 1 2 18 -1.6621732910453217 0 18 -1.6621732910453217 1
gene 2 3 18 -1.227935739433363 0 19 -1.227935739433363 1
gene 3 4 18 2.00387263670744 0 20 2.00387263670744 1
gene 3 5 18 -0.063057925814324026 0 21 -0.063057925814324026 1
gene 2 6 18 -8 0 22 -8 1
gene 1 7 18 -0.05003902737518727 0 23 -0.05003902737518727 1
gene 2 8 18 -3.2221649294822314 0 24 -3.2221649294822314 0
gene 1 9 18 -0.3740246595693868 0 25 -0.3740246595693868 0
gene 3 10 18 -0.12898805673652719 0 26 -0.12898805673652719 1
gene 3 11 18 1.331942295810181 0 27 1.331942295810181 1
gene 3 12 18 -4.0436788764985643 0 28 -4.0436788764985643 0
gene 1 13 18 -0.3103148654616974 0 29 -0.3103148654616974 1
gene 1 14 18 4.7941741607124806 0 30 4.7941741607124806 1
gene 1 15 18 4.4253202022171205 0 31 4.4253202022171205 1
gene 3 16 18 1.8922785426919715 0 32 1.8922785426919715 1
gene 3 11 27 0.019097951948222835 0 56 0.019097951948222835 1
gene 3 27 17 -1.0374971572484342 0 57 -1.0374971572484342 0
gene 3 27 35 -2.0292761889422666 0 84 -2.0292761889422666 1
gene 3 35 17 0.34545177493498302 0 85 0.34545177493498302 1
gene 3 1 27 0.99277947609907924 0 125 0.99277947609907924 1
gene 3 1 35 -1.5559837287552578 0 130 -1.5559837287552578 1
gene 1 15 27 0.34826997753617817 0 216 0.34826997753617817 1
gene 1 4 27 0.91467037210924107 0 222 0.91467037210924107 1
gene 2 9 27 2.040353706590996 0 242 2.040353706590996 1
gene 2 3 35 0.38754033804290944 0 251 0.38754033804290944 1
gene 3 18 18 -1.3332140589287571 1 270 -1.3332140589287571 1
gene 2 16 27 -0.021957956497537883 0 474 -0.021957956497537883 0
gene 3 14 128 -0.44756902099939488 0 678 -0.44756902099939488 1
gene 3 128 17 -0.49164380807971719 0 679 -0.49164380807971719 1
gene 2 9 128 -0.89538618544833093 0 853 -0.89538618544833093 1
gene 3 14 35 -0.89458957006902873 0 904 -0.89458957006902873 0
gene 3 6 128 -1.1660312263602535 0 1032 -1.1660312263602535 1
gene 3 8 35 -0.39311878028936631 0 1100 -0.39311878028936631 0
gene 1 10 27 1.3322339399402185 0 1178 1.3322339399402185 1
gene 3 14 212 -2.6697012761932339 0 1257 -2.6697012761932339 1
gene 3 212 35 1.0882087841575074 0 1258 1.0882087841575074 1
gene 1 9 227 0.15537281271786085 0 1359 0.15537281271786085 1
gene 1 227 18 1.3191764707766362 0 1360 1.3191764707766362 1
gene 1 13 235 0.58258692737789208 0 1409 0.58258692737789208 0
gene 2 235 17 0.13630724006160486 0 1410 0.13630724006160486 1
gene 2 16 237 0.46889861764800667 0 1426 0.46889861764800667 1
gene 2 237 27 -1.8212448930466758 0 1427 -1.8212448930466758 1
gene 3 235 235 1.4995963498948124 1 1464 1.4995963498948124 1
gene 3 12 249 -2.6360522984229271 0 1523 -2.6360522984229271 1
gene 3 249 17 0.445589899292956 0 1524 0.445589899292956 1
gene 2 15 235 -1.1262845271855055 0 1560 -1.1262845271855055 1
gene 3 11 237 1.2239969154931591 0 1586 1.2239969154931591 0
gene 2 8 266 -0.72719997620545329 0 1624 -0.72719997620545329 0
gene 2 266 18 0.76549209876241719 0 1625 0.76549209876241719 1
gene 2 16 212 -1.1454467795069547 0 1671 -1.1454467795069547 1
gene 1 235 237 0.60068714926051303 0 1746 0.60068714926051303 1
gene 2 14 266 -0.59792366721570667 0 1752 -0.59792366721570667 1
gene 1 227 249 1.4898128528100498 0 1864 1.4898128528100498 0
gene 2 237 237 1.7477210568020685 1 1875 1.7477210568020685 1
gene 2 13 335 -2.6752006610274317 0 2042 -2.6752006610274317 1
gene 2 335 235 1.4736980635084669 0 2043 1.4736980635084669 1
gene 1 10 348 0.35563782479410877 0 2100 0.35563782479410877 1
gene 1 348 17 -0.92017823942945265 0 2101 -0.92017823942945265 1
gene 2 13 212 2.681597774234413 0 2331 2.681597774234413 1
gene 1 11 390 0.81588231880026041 0 2348 0.81588231880026041 1
gene 2 390 237 3.5862423864129194 0 2349 3.5862423864129194 1
gene 2 3 398 1.3271064433861088 0 2419 1.3271064433861088 1
gene 2 398 17 0.2889969042916769 0 2420 0.2889969042916769 1
gene 3 12 421 0.66328782619130222 0 2540 0.66328782619130222 1
gene 3 421 18 -0.4799044777079971 0 2541 -0.4799044777079971 1
gene 3 7 421 -0.20371709121564263 0 2591 -0.20371709121564263 1
gene 2 8 461 3.1950316842156612 0 2793 3.1950316842156612 1
gene 2 461 266 -0.95108256160797677 0 2794 -0.95108256160797677 1
gene 2 1 266 -1.121238664081897 0 2910 -1.121238664081897 1
gene 1 14 227 0.1793680082444884 0 3051 0.1793680082444884 0
gene 2 12 461 0.75594456412640609 0 3087 0.75594456412640609 1
gene 3 266 390 -0.60103633585434235 0 3101 -0.60103633585434235 1
gene 1 227 516 -1.1033571449124053 0 3116 -1.1033571449124053 1
gene 1 516 249 -2.2918761450759493 0 3117 -2.2918761450759493 1
gene 1 14 518 -0.15807578859761162 0 3128 -0.15807578859761162 1
gene 1 518 227 0.363914621697699 0 3129 0.363914621697699 1
gene 3 516 421 0.56746638057169818 0 3138 0.56746638057169818 1
gene 1 348 212 -0.45074326379724938 0 3593 -0.45074326379724938 1
gene 3 516 335 0.83467549916108863 0 3598 0.83467549916108863 1
gene 2 461 212 -1.305784673339587 0 3621 -1.305784673339587 1
gene 3 421 128 1.9699523905152234 0 3627 1.9699523905152234 1
gene 2 7 235 0.26926396310760836 0 3718 0.26926396310760836 1
gene 2 212 227 -0.66777463707503615 0 3800 -0.66777463707503615 1
gene 3 237 398 -0.11303302860494369 0 3804 -0.11303302860494369 1
gene 2 10 237 -0.5692952825079185 0 3817 -0.5692952825079185 1
gene 2 461 27 1.255319563092347 0 3852 1.255319563092347 1
gene 2 10 249 -0.58046835036038813 0 3993 -0.58046835036038813 1
genomeend 1
