1,0.171241,0.00263306,4,0.133333,0.0786646,1.20463
2,0.105294,0.00322215,4,0.126667,0.0834964,1.15318
3,0.178767,0.00329158,5,0.213333,0.0860969,1.18171
4,0.391193,0.015002,6,0.44,0.0801475,1.42085
5,0.408884,0.0230651,8,1.25333,0.122479,1.41517
6,0.310567,0.022739,7,1.12667,0.114356,1.41368
7,0.112978,0.0186106,4,1.24667,0.18012,1.4474
8,0.31011,0.0519576,8,2.21333,0.145386,1.62893
9,0.221872,0.0196913,7,1.36667,0.299614,1.37138
10,0.311045,0.0269357,6,1.83333,0.15094,1.45862
11,0.128632,0.0134653,5,0.806667,0.207338,1.13625
12,0.20444,0.0366562,6,1.90667,0.152202,1.50613
13,0.197128,0.0377923,5,1.56667,0.118879,1.50682
14,0.401006,0.0342903,8,1.50667,0.155783,1.53314
15,0.215761,0.0298063,6,1.17333,0.129398,1.69669
16,0.209648,0.0147396,5,0.726667,0.125369,1.14812
17,0.296649,0.0282216,5,1.08,0.158841,1.45755
18,0.220196,0.050624,7,1.78667,0.159381,1.25648
19,0.40871,0.0477673,8,2.1,0.14692,1.37124
20,0.482603,0.0379581,8,1.65333,0.171957,1.31546
21,0.287508,0.028387,6,1.36,0.1429,1.50549
22,0.32447,0.0931406,8,2.99333,0.149549,1.7223
23,0.284906,0.0501729,8,2.72667,0.517832,1.63485
24,0.292626,0.0503587,8,2.34667,0.233178,1.69493
25,0.276044,0.02987,5,1.75333,0.214308,1.55661
26,0.732943,0.100472,10,3.16667,0.167575,1.8166
27,0.674026,0.150593,10,3.98667,0.170378,1.54418
28,0.443565,0.0753715,8,3.3,0.187807,1.65575
29,0.389419,0.0979229,9,3.29333,0.161793,1.76922
30,0.4865,0.0575219,9,1.84667,0.33901,1.72575
31,0.623436,0.111573,9,3.60667,0.162656,1.62041
32,0.272626,0.0555582,6,1.85333,0.138545,1.73039
33,0.379266,0.06323,9,2.90667,0.117718,1.61485
34,0.352439,0.0336161,9,1.94,0.142933,1.61023
35,0.298886,0.0401698,6,1.51333,0.0790078,1.61907
36,0.527959,0.0600483,9,2.16,0.130875,1.77532
37,0.388828,0.0383345,9,2.24,0.137736,1.7144
38,0.518075,0.0639015,7,2.29333,0.165314,1.77032
39,0.446651,0.0693888,7,3.14667,0.122275,1.62893
40,0.459666,0.091378,9,2.76667,0.170217,1.62716
41,0.362459,0.0512116,8,2.27333,0.120974,1.94822
42,0.623964,0.10545,8,2.57333,0.234966,1.81666
43,0.264787,0.0425898,8,2.02667,0.268256,1.90731
44,0.275466,0.052648,9,2.56667,0.0904936,1.94632
45,0.663626,0.14255,10,3.85333,0.289771,1.82659
46,0.449668,0.067534,8,2.15333,0.144466,1.71171
47,0.306337,0.0709206,8,1.82667,0.12793,1.57942
48,0.307665,0.0476413,8,1.60667,0.143631,1.82043
49,0.463661,0.127514,9,3.34667,0.174873,1.81828
50,0.490905,0.120373,8,2.68,0.148168,1.8849
51,0.281865,0.0772619,8,2.94,0.296017,2.1817
52,0.488452,0.168794,9,3.38,0.181709,2.03416
53,0.387947,0.068586,6,2.35333,0.178985,2.18871
54,0.403002,0.0724709,8,2.19333,0.10053,2.0347
55,0.563321,0.126074,10,3.69333,0.150983,2.20315
56,0.529168,0.122618,10,3.33333,0.148355,1.90417
57,0.479767,0.118809,10,3.82,0.229118,2.17216
58,0.416574,0.109366,8,2.52,0.236411,1.86538
59,0.58818,0.178161,9,3.49333,0.183081,1.85259
60,0.664994,0.114519,9,2.74,0.201764,1.83991
61,0.453683,0.0807849,9,2.56,0.143125,2.15616
62,0.693864,0.0704374,8,2.16,0.156851,1.89899
63,0.411018,0.0833557,9,2.63333,0.242001,2.36422
64,0.577588,0.116596,8,3.06667,0.176273,1.92382
65,0.330821,0.0688097,9,2.58667,0.128426,2.42589
66,0.579617,0.155858,10,3.43333,0.100301,1.84659
67,0.478618,0.107505,8,2.89333,0.192934,1.95526
68,0.481894,0.117258,8,2.94667,0.100245,2.25847
69,0.521319,0.0827626,9,2.90667,0.269302,2.20543
70,0.469701,0.122066,8,2.51333,0.124726,1.84061
71,0.575916,0.125089,10,3.27333,0.221782,1.81855
72,0.502504,0.177585,10,3.56,0.0880254,1.98574
73,0.496401,0.128028,9,2.88667,0.0803809,2.07403
74,0.491323,0.101029,8,2.48667,0.139122,1.85843
75,0.391198,0.100772,8,2.96667,0.138248,2.14517
76,0.570869,0.194801,10,3.34,0.12378,1.76727
77,0.470393,0.162416,10,3.52667,0.161701,1.69704
78,0.562306,0.114153,9,2.75333,0.140338,2.06432
79,0.407501,0.0869812,10,2.11333,0.149444,1.76065
80,0.644021,0.137731,10,2.89333,0.134608,2.27166
81,0.610596,0.148523,9,3.09333,0.262689,2.02974
82,0.61881,0.118532,10,2.64667,0.142384,2.2656
83,0.560549,0.0541729,10,1.42,0.148875,2.01004
84,0.733717,0.157864,10,3.92667,0.162363,2.37286
85,0.64256,0.130607,10,3.12,0.167589,2.23431
86,0.47999,0.103726,8,2.59333,0.158648,2.25038
87,0.762214,0.1435,10,3.37333,0.172802,2.07699
88,0.568064,0.0953616,8,2.53333,0.157489,2.31976
89,0.708969,0.0839882,9,2.16667,0.149937,2.18118
90,0.677092,0.125271,9,2.90667,0.163398,2.32273
91,0.605081,0.143875,8,3.21333,0.189308,2.09691
92,0.578304,0.100647,9,2.72667,0.239123,2.82146
93,0.451384,0.0913922,8,2.27333,0.167938,2.50302
94,0.682363,0.146334,9,3.09333,0.3688,2.45484
95,0.480825,0.0582313,8,1.84667,0.153423,2.60548
96,0.566838,0.163507,8,3.59333,0.207091,2.51328
97,0.589398,0.135055,8,2.64667,0.163635,2.25356
98,0.450725,0.106054,8,2.40667,0.150359,2.24785
99,0.607399,0.119249,10,3.24667,0.138852,2.34809
100,0.654799,0.177377,10,3.67333,0.228389,2.21505
101,0.561508,0.14412,9,3.38,0.1429,2.40871
102,0.569965,0.101104,8,2.46667,0.243698,2.1286
103,0.554081,0.0936318,9,2.27333,0.161652,2.06346
104,0.472413,0.0413597,9,1.98,0.155802,2.41934
105,0.691897,0.162908,9,3.92667,0.163813,2.47042
106,0.671197,0.118374,10,3.32,0.2843,2.34446
107,0.659793,0.117142,9,3.18,0.131992,2.46992
108,0.484456,0.130187,9,2.68,0.184368,2.48665
109,0.292003,0.0511677,8,1.48667,0.287168,2.47797
110,0.468277,0.103412,10,2.34667,0.155153,2.06296
111,0.415339,0.0828711,8,2.29333,0.156576,2.63125
112,0.538723,0.146448,7,3.23333,0.261834,2.77355
113,0.659483,0.13745,10,3.2,0.14796,2.36374
114,0.52282,0.0829247,9,2.81333,0.449071,2.58596
115,0.572735,0.0974246,10,2.7,0.157395,2.57928
116,0.619757,0.155297,10,3.47333,0.376536,2.5627
117,0.522543,0.116853,9,2.68667,0.555896,2.53015
118,0.59992,0.146388,9,3.11333,0.184214,2.51984
119,0.613648,0.150534,9,3.33333,0.243214,2.3521
120,0.640447,0.159282,9,3.19333,0.50357,2.1785
121,0.820901,0.169593,10,3.35333,0.219577,2.55653
122,0.655058,0.171375,8,3.27333,0.375486,2.54748
123,0.483157,0.139619,8,3.11333,0.186931,2.54005
124,0.93841,0.225627,10,4.76667,0.188829,2.08865
125,0.5953,0.124459,8,2.70667,0.182577,2.44107
126,0.528291,0.113464,9,2.92667,0.199219,2.5179
127,0.684623,0.185358,9,4.24,0.194749,2.69355
128,0.518471,0.119006,7,2.64,0.165508,2.57084
129,0.549721,0.133518,9,3.32667,0.166732,2.53526
130,0.642175,0.223172,9,4.42,0.150455,2.47385
131,0.533642,0.167238,10,3.92,0.271382,2.88479
132,0.613788,0.196935,9,3.75333,0.173968,2.6101
133,0.76295,0.151522,10,3.42,0.297683,2.7966
134,0.604143,0.178764,9,3.98667,0.50911,3.24227
135,0.771856,0.26157,10,4.35333,0.58114,2.73067
136,0.62754,0.181253,8,3.24667,0.161673,2.6875
137,0.719988,0.244326,10,3.90667,0.169353,2.5844
138,0.715459,0.277906,10,4.66,0.242582,2.51919
139,0.810412,0.201513,10,3.83333,0.0957785,2.47178
140,0.724577,0.22485,10,4.08667,0.258201,2.68729
141,0.86604,0.290798,10,4.57333,0.130198,2.55312
142,0.741187,0.259095,10,4.70667,0.282921,2.496
143,0.718383,0.227334,9,3.98667,0.307413,2.76331
144,0.784744,0.263999,10,4.37333,0.165367,2.44004
145,0.858913,0.322587,10,5.63333,0.200515,2.2909
146,0.672368,0.256367,9,4.03333,0.310627,2.75376
147,0.670224,0.216954,9,4.19333,0.152093,2.62256
148,0.558507,0.255348,9,4.38,0.385658,3.08172
149,0.559599,0.22985,9,4.35333,0.302593,3.27818
150,0.649124,0.269553,10,4.41333,0.383045,2.91526
151,0.761838,0.209667,10,3.82667,0.530766,3.01696
152,0.747555,0.273782,10,5.08,0.152949,3.10952
153,0.558305,0.148547,9,3.53333,0.16473,3.32101
154,0.809611,0.318404,10,5.6,0.26973,2.88601
155,0.629312,0.253547,8,4.13333,0.396389,2.85605
156,0.607918,0.218113,8,3.75333,0.112015,2.89002
157,0.648881,0.215725,9,4.38667,0.466783,2.64898
158,0.679936,0.21357,10,3.89333,0.445066,2.76353
159,0.584942,0.148552,9,3.58667,0.311679,2.97381
160,0.68914,0.2582,9,4.52667,0.144854,2.7883
161,0.68735,0.309029,10,5.21333,0.595185,2.54166
162,0.722716,0.264942,10,4.7,0.1259,2.71086
163,0.659782,0.214423,9,3.97333,0.496639,2.6397
164,0.813561,0.322236,10,5.45333,0.226362,2.41196
165,0.530498,0.175179,9,3.44667,0.296346,2.62919
166,0.825065,0.208413,10,4.12,0.280157,2.71935
167,0.837042,0.365922,10,6.04,0.259097,2.32509
168,0.673796,0.234202,10,4.22667,0.434829,2.75509
169,0.636213,0.24269,9,4.34,0.575605,2.96362
170,0.665177,0.244704,9,4.51333,0.445645,2.75703
171,0.873595,0.421492,10,6.44,0.42149,2.32829
172,0.564939,0.207876,9,3.39333,0.170249,3.05845
173,0.724935,0.230656,10,4.44,0.466364,2.79639
174,0.571781,0.196754,10,3.95333,0.131909,2.76426
175,0.849209,0.344797,10,6.08667,0.204795,2.50704
176,0.808593,0.282253,10,4.8,0.183368,2.54705
177,0.783856,0.313116,10,5.44,0.242673,2.5382
178,0.630896,0.233482,9,4.38667,0.60835,2.80654
179,0.686975,0.246521,10,4.44,0.148252,2.86081
180,0.723799,0.276141,9,4.57333,0.278403,2.73931
181,0.729353,0.294866,10,4.76667,0.343274,2.55393
182,0.68704,0.234221,10,4.31333,0.153949,2.36827
183,0.645285,0.269325,10,4.58667,0.167169,2.81858
184,0.687323,0.223235,10,4.13333,0.172671,2.7686
185,0.759867,0.277626,10,4.75333,0.597989,2.78486
186,0.754185,0.246583,10,4.51333,0.189034,2.54113
187,0.788775,0.361287,10,5.93333,0.506002,2.24158
188,0.734243,0.296815,10,5.12667,0.258857,2.29072
189,0.638665,0.259407,10,4.60667,0.206571,2.75356
190,0.56022,0.192361,9,3.56667,0.213061,2.79233
191,0.704452,0.286952,10,4.68,0.275549,2.53011
192,0.655199,0.249117,10,4.50667,0.177701,2.83064
193,0.625537,0.20261,9,3.85333,0.295424,2.93958
194,0.695244,0.227947,10,3.98,0.0913197,2.9811
195,0.714269,0.247598,10,4.76,0.166156,2.93703
196,0.837579,0.365961,10,5.22,0.160169,2.47198
197,0.760383,0.219142,10,3.66667,0.206567,2.92866
198,0.606153,0.217788,10,4.22,0.0932507,2.67152
199,0.640685,0.208739,10,3.79333,0.176296,2.77971
200,0.758265,0.317594,10,4.94667,0.137932,2.47728
201,0.685325,0.231133,9,4.15333,0.319025,2.63053
202,0.74399,0.291229,10,4.95333,0.183251,2.51292
203,0.671159,0.225024,10,4.26667,0.146047,2.68859
204,0.680522,0.205879,10,4.26,0.184451,3.07026
205,0.718372,0.240372,9,4.50667,0.424888,3.40898
206,0.608239,0.226074,9,3.72,0.137547,3.02147
207,0.663584,0.271058,10,4.7,0.332533,3.16944
208,0.701471,0.248775,10,4.55333,0.211709,3.03679
209,0.713951,0.242044,10,4.39333,0.144341,2.95432
210,0.748558,0.290447,10,5.38667,0.241406,2.84692
211,0.649497,0.207922,10,4.16,0.324713,3.0576
212,0.614239,0.180419,9,3.59333,0.32162,2.84416
213,0.68276,0.231367,10,4.42,0.464411,2.95198
214,0.585715,0.195263,10,4.36,0.0857892,3.02747
215,0.645846,0.214011,10,4.30667,0.172326,3.14502
216,0.656544,0.265875,9,4.32,0.15913,3.07704
217,0.588171,0.272987,10,5.18667,0.100035,3.00965
218,0.61483,0.201647,9,4.03333,0.60327,3.13451
219,0.770026,0.319371,10,5.86,0.335544,2.95172
220,0.802921,0.321269,10,5.43333,0.383795,2.79964
221,0.628218,0.256422,10,4.50667,0.190697,2.83486
222,0.745506,0.300722,10,5.50667,0.239542,3.03079
223,0.746137,0.262907,10,4.74667,0.17803,2.73384
224,0.790237,0.31709,10,5.60667,0.135706,2.73704
225,0.716459,0.216907,10,4.02667,0.181674,2.6158
226,0.65456,0.223444,9,3.74,0.155474,2.45875
227,0.51174,0.152783,9,3.18667,0.166157,2.89011
228,0.604115,0.207833,9,3.52,0.218422,2.8432
229,0.806809,0.231874,10,4.12667,0.172122,2.7703
230,0.679069,0.210596,9,3.77333,0.214884,2.56529
231,0.671429,0.217093,10,4.21333,0.244234,2.71559
232,0.618,0.212144,9,3.94,0.133652,2.70801
233,0.731821,0.294142,10,5.00667,0.230906,2.54529
234,0.711546,0.263151,10,4.51333,0.188929,2.46594
235,0.677281,0.266733,10,4.37333,0.337137,2.66959
236,0.729569,0.247098,10,4.21333,0.309604,2.82241
237,0.727749,0.289848,10,4.83333,0.275485,2.49752
238,0.713736,0.218909,9,4.13333,0.263791,2.73672
239,0.705812,0.284637,10,5.06667,0.197141,2.64498
240,0.720503,0.282169,10,4.84667,0.194166,2.32284
241,0.727402,0.273603,10,5.20667,0.18669,2.55657
242,0.636539,0.226773,10,4.38667,0.602191,2.49073
243,0.704978,0.220273,10,4.42667,0.208549,2.6234
244,0.677836,0.249409,10,4.20667,0.182038,2.57439
245,0.764229,0.253848,10,4.57333,0.202255,2.7657
246,0.670537,0.234283,9,4.33333,0.215052,2.76934
247,0.757315,0.339006,10,5.64667,0.192154,2.42648
248,0.727003,0.266809,9,5.05333,0.333474,2.79635
249,0.64706,0.250804,9,4.52,0.379228,2.99088
250,0.583186,0.247004,9,4.20667,0.673012,3.00526
251,0.607135,0.267968,10,4.78,0.36525,2.97708
252,0.756104,0.252061,10,4.74667,0.521368,2.85674
253,0.530231,0.243946,8,4.20667,0.153379,3.33869
254,0.729086,0.341194,10,4.97333,0.199247,2.30636
255,0.635324,0.22457,9,4.06667,0.180048,2.77822
256,0.844916,0.417858,10,6.08667,0.4544,2.16404
257,0.718709,0.241378,10,4.04,0.270221,2.4444
258,0.7388,0.342078,10,5.07333,0.349655,2.53878
259,0.75232,0.249548,10,4.01333,0.471984,2.63086
260,0.643447,0.238446,10,3.91333,0.173761,2.84055
261,0.626525,0.229462,8,3.82667,0.179847,2.84221
262,0.670129,0.200756,10,3.54,0.155281,2.62758
263,0.721262,0.213589,9,4.13333,0.115642,2.82085
264,0.77015,0.298163,10,4.96,0.17821,2.63808
265,0.675215,0.321789,10,5.16,0.332545,2.50384
266,0.778982,0.352443,10,5.18,0.167506,2.42421
267,0.820027,0.324282,10,5.63333,0.174723,2.51456
268,0.791582,0.274697,10,4.6,0.316768,2.7397
269,0.66183,0.213807,10,3.61333,0.146137,2.70763
270,0.533721,0.196883,9,3.44667,0.158217,3.14996
271,0.704923,0.267136,9,4.80667,0.179141,2.66954
272,0.54329,0.17229,10,3.5,0.180822,2.87405
273,0.722932,0.236694,9,4.31333,0.519274,3.01234
274,0.757827,0.312994,10,5.05333,0.18871,2.76243
275,0.581592,0.173175,8,3.47333,0.151432,3.09221
276,0.669558,0.275538,10,4.7,0.764146,2.91486
277,0.715102,0.283601,10,5.22,0.193442,2.60557
278,0.693945,0.287145,10,4.85333,0.44897,2.44357
279,0.817837,0.249321,10,4.86667,0.39133,2.87388
280,0.74543,0.256028,10,4.91333,0.41245,2.90088
281,0.617217,0.161369,9,3.46667,0.578122,3.05202
282,0.705521,0.174544,9,3.17333,0.105341,3.08294
283,0.606373,0.234597,9,4.21333,0.172786,2.8126
284,0.727696,0.317113,10,5.33333,0.198184,2.45162
285,0.620779,0.22378,10,4.23333,0.18427,2.98865
286,0.721643,0.244162,10,4.52667,0.133178,2.90048
287,0.7427,0.283547,10,4.76,0.0938779,2.53328
288,0.703993,0.233717,10,4.02,0.332857,3.1191
289,0.812486,0.29907,10,5.12667,0.172836,2.52722
290,0.755633,0.31007,10,4.79333,0.142112,2.66603
291,0.74455,0.332399,10,5.04667,0.202437,2.24079
292,0.715424,0.193239,10,3.46667,0.199035,2.67475
293,0.681688,0.298143,10,4.98,0.186666,2.61238
294,0.797276,0.285501,10,4.78667,0.182102,2.70897
295,0.588366,0.234848,8,3.31333,0.180227,2.99902
296,0.676507,0.245038,9,4.14667,0.160163,2.66206
297,0.781216,0.356869,10,5.55333,0.203603,2.45806
298,0.779096,0.309597,10,4.90667,0.26972,2.55598
299,0.660183,0.257681,10,4.29333,0.204414,2.71913
300,0.682034,0.293272,9,4.94667,0.148936,2.86897
301,0.80994,0.343671,10,5.15333,0.385956,2.57526
302,0.705649,0.266315,9,4.42667,0.124603,2.98321
303,0.716862,0.314669,9,4.56667,0.164997,2.72687
304,0.694872,0.257757,9,4.26667,0.17009,2.48234
305,0.687246,0.221631,9,3.51333,0.177072,2.64635
306,0.700618,0.321294,10,5.07333,0.267083,2.49392
307,0.685592,0.268806,10,4.30667,0.226663,2.58795
308,0.708525,0.237374,10,4.31333,0.0976918,2.67428
309,0.516876,0.20714,8,3.50667,0.531405,3.04003
310,0.729206,0.283824,10,4.6,0.103114,2.45566
311,0.811582,0.347801,10,5.2,0.22075,2.41339
312,0.72978,0.279311,10,4.61333,0.117265,2.67794
313,0.729242,0.314911,10,4.88667,0.589707,2.76851
314,0.823355,0.3072,10,4.78667,0.0689741,2.50538
315,0.729957,0.25858,9,4.51333,0.179868,2.75264
316,0.622642,0.246396,10,4.23333,0.122965,2.98279
317,0.740104,0.249643,10,4.46,0.362101,2.78986
318,0.693911,0.284501,9,4.60667,0.175556,2.89114
319,0.591271,0.152578,8,2.84,0.336255,2.97753
320,0.785841,0.319168,10,5.18,0.194226,2.77974
321,0.715313,0.277697,10,4.58,0.071069,2.91985
322,0.691009,0.241989,10,4.00667,0.105637,2.97701
323,0.709037,0.205818,10,3.59333,0.0955359,2.85912
324,0.781086,0.252375,10,4.35333,0.194114,2.69084
325,0.772954,0.247934,10,4.45333,0.147789,2.62471
326,0.733345,0.222386,10,4.1,0.252648,2.87048
327,0.698772,0.210292,10,4.01333,0.143551,2.74103
328,0.771313,0.240968,10,4.20667,0.128146,2.59492
329,0.656352,0.135007,10,2.75333,0.174076,3.05074
330,0.649364,0.225645,9,3.94,0.0875642,3.06424
331,0.683825,0.239392,9,4.16,0.194626,2.77631
332,0.514081,0.124012,9,2.76667,0.124879,3.46096
333,0.491599,0.186434,8,3.55333,0.303787,3.76895
334,0.676337,0.291744,9,5.03333,0.0818134,3.09379
335,0.597678,0.200347,9,3.74,0.287241,3.04628
336,0.771534,0.270195,10,4.66,0.167367,2.81594
337,0.744377,0.270535,10,4.46667,0.373189,2.96876
338,0.633279,0.202683,9,3.75333,0.0993247,2.76802
339,0.72373,0.267843,10,4.69333,0.0812428,2.56445
340,0.730544,0.246569,9,4.3,0.0717842,2.93548
341,0.772337,0.367894,10,6.08667,0.374257,2.55811
342,0.833708,0.271124,10,4.66667,0.378061,2.86741
343,0.729777,0.27351,10,4.87333,0.108336,2.924
344,0.688024,0.217,10,4.19333,0.227982,3.13671
345,0.688976,0.259633,10,4.64667,0.18555,2.83369
346,0.761321,0.212733,10,3.79333,0.145706,3.12374
347,0.753169,0.261434,10,4.51333,0.166758,2.69778
348,0.730829,0.292155,10,4.74,0.388048,2.88903
349,0.793486,0.322561,10,5.16,0.22347,2.91454
350,0.626537,0.242697,10,4.24,0.162633,3.11808
351,0.739318,0.229393,10,4.28667,0.076025,2.77815
352,0.883264,0.301807,10,4.68667,0.136091,2.72859
353,0.774113,0.280535,10,4.36667,0.266376,2.66646
354,0.671976,0.207367,10,3.69333,0.221088,2.97876
355,0.616727,0.242009,10,4.08,0.1179,2.91486
356,0.68154,0.267595,10,4.2,0.154063,2.8449
357,0.6978,0.287834,10,4.8,0.219032,2.73441
358,0.657186,0.234365,9,4.13333,0.184299,2.85165
359,0.757261,0.31438,10,4.86667,0.209901,2.64362
360,0.641854,0.222639,10,4.2,0.0844284,2.70097
361,0.820064,0.289943,10,5.1,0.122605,2.42986
362,0.702958,0.339292,10,5.32667,0.102675,2.61046
363,0.664574,0.254378,10,4.98,0.213328,3.03728
364,0.642347,0.283783,10,4.57333,0.084932,3.07984
365,0.733751,0.30718,10,5.02667,0.278714,2.83962
366,0.666166,0.161703,9,3.21333,0.112963,3.1891
367,0.714396,0.268761,10,4.34,0.194829,2.83422
368,0.796042,0.367306,10,5.78667,0.0950233,2.72319
369,0.72193,0.267419,10,4.35333,0.186785,2.95077
370,0.73627,0.290113,10,5,0.0862561,2.72485
371,0.716202,0.266019,9,4.52667,0.16537,2.8399
372,0.541738,0.195323,10,3.90667,0.0805429,3.1685
373,0.688139,0.297148,10,4.86,0.0954541,2.80195
374,0.58976,0.271722,8,4.36667,0.0932454,2.99816
375,0.822953,0.383508,10,6.5,0.629701,2.74153
376,0.779522,0.371515,10,5.95333,0.105828,2.83715
377,0.626654,0.299219,10,5.20667,0.171952,2.98836
378,0.752851,0.261936,10,4.74,0.0727612,2.99506
379,0.755917,0.284571,10,5.05333,0.120399,3.09091
380,0.76635,0.297324,10,5.29333,0.0817242,2.63458
381,0.799015,0.342776,10,5.75333,0.238782,2.69913
382,0.693298,0.269844,10,4.39333,0.402456,2.81247
383,0.667251,0.303846,9,5.21333,0.0837491,2.8891
384,0.730652,0.301373,10,5.58,0.0906736,2.64193
385,0.630182,0.219595,9,4.24667,0.0908679,2.92497
386,0.77589,0.313102,10,5.31333,0.147834,3.005
387,0.62891,0.291662,9,4.8,0.125746,2.93623
388,0.775112,0.313563,10,5.3,0.538528,2.7568
389,0.769075,0.28781,10,5.06667,0.188062,2.84148
390,0.773395,0.283749,10,5.08667,0.311293,2.66967
391,0.746368,0.28185,10,4.89333,0.101955,2.64951
392,0.718327,0.279917,10,4.93333,0.101878,2.77405
393,0.720006,0.248629,10,4.72,0.221752,2.648
394,0.743533,0.292664,9,5.11333,0.08564,2.71962
395,0.62475,0.230772,10,4.23333,0.0815728,2.8656
396,0.671003,0.22446,9,4,0.162689,2.96227
397,0.823329,0.363202,10,5.72,0.157072,2.79366
398,0.866226,0.321291,10,5.68667,0.0976089,2.55782
399,0.885344,0.338968,10,5.6,0.441401,2.68866
400,0.686485,0.292106,10,4.98,0.109423,2.91679
401,0.847201,0.415456,10,6.10667,0.171175,2.32792
402,0.604919,0.23564,10,4.16667,0.212011,2.72942
403,0.613514,0.223961,10,4.18,0.373926,3.05614
404,0.835926,0.351017,10,5.82667,0.180745,2.43397
405,0.822617,0.343616,10,5.42667,0.146978,2.50651
406,0.751216,0.336104,10,5.41333,0.199413,2.57839
407,0.767179,0.355279,10,5.65333,0.151115,2.73393
408,0.712165,0.29587,10,5.08,0.148857,2.68465
409,0.832999,0.362242,10,5.84667,0.16755,2.53921
410,0.673406,0.263435,10,4.74667,0.124633,2.72388
411,0.543609,0.204237,9,3.92,0.445908,3.18115
412,0.645623,0.244855,9,4.38667,0.205023,2.79526
413,0.715418,0.311596,10,5.1,0.322976,2.81003
414,0.733989,0.355998,10,5.76667,0.0784085,2.56806
415,0.782852,0.364373,10,5.62667,0.0750507,2.33012
416,0.896194,0.382711,10,6.15333,0.183007,2.37896
417,0.912189,0.415607,10,6.34,0.612174,2.23218
418,0.699818,0.33988,9,5.34667,0.508018,2.6618
419,0.829467,0.402792,10,6.13333,0.260832,2.47937
420,0.587951,0.269776,10,4.67333,0.105919,2.92715
421,0.769369,0.327797,10,5.36,0.236683,2.53407
422,0.769289,0.341266,10,6.06667,0.312666,2.49668
423,0.701337,0.293651,9,5.02,0.129062,2.77974
424,0.752314,0.346654,9,5.44667,0.170443,2.53405
425,0.732711,0.296219,10,5.09333,0.183981,2.79415
426,0.913541,0.342836,10,5.49333,0.115747,2.517
427,0.640874,0.223475,9,4.2,0.186193,2.60833
428,0.694339,0.34018,9,5.14667,0.455014,2.59132
429,0.628699,0.273267,10,4.38667,0.157725,2.5357
430,0.596931,0.258752,9,4.38,0.118416,2.77118
431,0.734042,0.325589,10,5.24,0.22168,2.57607
432,0.614968,0.238885,9,3.96,0.278311,2.63695
433,0.550721,0.192,9,3.61333,0.120122,2.7161
434,0.61668,0.238073,10,4.44,0.565573,2.91046
435,0.649618,0.300227,10,5.06667,0.570257,2.64642
436,0.656891,0.284957,10,5.06667,0.5048,2.65494
437,0.782824,0.310916,10,5.44667,0.288563,2.71017
438,0.773976,0.319287,10,5.38667,0.114837,2.56375
439,0.750133,0.372616,10,5.6,0.315579,2.41812
440,0.692542,0.329342,10,5.08,0.458296,2.77325
441,0.648546,0.297586,9,4.64667,0.0855161,2.85344
442,0.791517,0.351797,9,5.32667,0.0707626,2.59287
443,0.712232,0.32989,10,5.23333,0.723317,2.59994
444,0.782771,0.32327,9,5.4,0.369256,2.59146
445,0.688513,0.32756,10,5.28,0.45573,2.77408
446,0.618925,0.284413,9,4.42667,0.644186,2.97625
447,0.756982,0.339331,10,5.21333,0.151452,2.6713
448,0.81106,0.341353,10,5.3,0.457336,2.58143
449,0.91938,0.361805,10,5.85333,0.252766,2.47361
450,0.624141,0.239338,9,4.25333,0.207886,2.97889
451,0.675692,0.248994,10,4.17333,0.261546,2.88894
452,0.651154,0.228045,9,3.87333,0.162476,2.88713
453,0.70676,0.317475,9,4.77333,0.224332,2.74516
454,0.728349,0.343679,10,5.28,0.429429,2.79326
455,0.891526,0.380341,10,5.86,0.248736,2.49853
456,0.540021,0.219981,9,3.56,0.321626,3.01644
457,0.788579,0.37334,10,5.55333,0.175742,2.64922
458,0.6666,0.306312,8,4.84667,0.432748,2.8301
459,0.751015,0.326508,10,5.56667,0.233097,2.60358
460,0.83282,0.390596,10,5.95333,0.423651,2.72979
461,0.660575,0.323715,9,4.78667,0.602976,2.94501
462,0.838582,0.371393,10,5.93333,0.112928,2.42386
463,0.79468,0.356704,10,5.80667,0.638942,2.83244
464,0.80076,0.35939,10,5.69333,0.218028,2.75268
465,0.665261,0.336959,10,5.28,0.145004,2.67935
466,0.753263,0.303665,10,4.88667,0.515601,2.85296
467,0.694326,0.343845,9,5.14667,0.456423,2.8494
468,0.81591,0.345803,10,5.33333,0.639403,2.97951
469,0.892185,0.46535,10,6.88,0.315452,2.24404
470,0.621483,0.2999,10,4.76667,0.623705,2.8975
471,0.838146,0.397219,10,5.99333,1.09054,2.64846
472,0.811768,0.374703,10,5.86667,0.319941,2.64074
473,0.820743,0.429639,10,6.20667,0.750149,2.45845
474,0.634604,0.32139,9,4.54667,0.104529,2.78746
475,0.727055,0.277283,9,4.31333,0.452023,2.72901
476,0.771935,0.322729,10,4.98,0.153253,2.7625
477,0.732444,0.374499,9,5.68667,0.377042,2.90529
478,0.681425,0.301397,9,4.38667,0.629176,3.04074
479,0.829126,0.412315,10,6.28,0.247142,2.30469
480,0.681417,0.291639,10,4.63333,0.412168,2.73929
481,0.704282,0.314242,9,5.08667,0.23286,2.74835
482,0.750388,0.317476,9,4.78667,0.14399,2.6513
483,0.713166,0.315585,9,5.09333,0.263586,2.81327
484,0.815266,0.361744,10,5.58667,0.188187,2.43017
485,0.732657,0.317778,9,4.72667,0.713801,2.94706
486,0.830194,0.324377,10,5.58,0.637614,2.58354
487,0.7319,0.286295,10,5.06667,0.26379,2.62257
488,0.705389,0.225164,9,3.65333,0.163337,3.2103
489,0.903556,0.365812,10,6.08667,0.351378,2.37086
490,0.776906,0.335479,9,5.12667,0.370795,2.63381
491,0.843217,0.376799,10,6.10667,0.129771,2.44697
492,0.796827,0.375093,10,6.15333,0.539317,2.62313
493,0.811944,0.353259,10,5.54667,0.783967,2.76191
494,0.722954,0.362765,10,5.54,0.716212,2.91402
495,0.718871,0.306982,10,5.24667,0.312828,2.52213
496,0.636623,0.263161,8,4.24667,0.319412,3.14499
497,0.746906,0.327813,9,4.92667,0.632277,2.78947
498,0.733313,0.310532,9,4.95333,0.188901,2.89839
499,0.829069,0.398608,10,6.33333,0.360147,2.21041
500,0.859861,0.427088,10,6.28667,0.425079,2.38961
501,0.817154,0.3943,10,6.24,0.630197,2.52399
502,0.93883,0.493741,10,7.1,0.232896,2.22617
503,0.590903,0.25688,9,4.12667,0.185461,3.10545
504,0.782297,0.365776,10,5.78667,0.606873,2.53118
505,0.71148,0.31212,10,5.16,0.559465,2.78328
506,0.829492,0.365367,10,5.86,0.372162,2.44604
507,0.789333,0.400138,10,5.98,0.404122,2.548
508,0.710493,0.325988,9,4.95333,0.1967,2.69399
509,0.822304,0.39985,10,5.93333,0.584969,2.65688
510,0.700912,0.342805,10,5.5,0.281148,2.66687
511,0.857147,0.378332,10,6.09333,0.323069,2.55767
512,0.724078,0.37803,10,5.80667,0.93397,2.65871
513,0.681339,0.29458,9,4.45333,0.477619,2.6787
514,0.853539,0.396749,10,5.84667,0.308937,2.48889
515,0.863664,0.327869,10,5.32,0.414958,2.5006
516,0.786281,0.326819,10,5.04667,0.379029,2.4284
517,0.711771,0.272588,9,4.69333,0.188405,2.93887
518,0.643161,0.280873,9,4.42,0.181957,3.01656
519,0.679332,0.281457,9,4.58667,0.747166,2.9958
520,0.740978,0.334138,10,5.12,0.349224,2.62199
521,0.780127,0.29887,10,4.87333,0.470174,2.70683
522,0.780249,0.36952,10,5.74667,0.182741,2.45475
523,0.651042,0.261419,9,4.4,0.12226,2.89829
524,0.57214,0.236061,9,4.05333,0.531067,3.04828
525,0.743339,0.370006,10,5.95333,0.170679,2.45612
526,0.715418,0.304473,9,4.78,0.0741006,2.67903
527,0.781207,0.302265,10,5.16667,0.374493,2.57911
528,0.712694,0.301836,10,4.96,0.327395,2.83265
529,0.683222,0.306537,10,5.14667,0.279892,2.86173
530,0.764853,0.297762,10,5.19333,0.551767,2.48505
531,0.61998,0.31221,10,4.94667,0.180175,2.91485
532,0.676019,0.237665,10,4.02,0.513165,2.89494
533,0.804493,0.3419,10,5.32667,0.635518,2.47599
534,0.876389,0.436064,10,6.35333,0.116484,2.24137
535,0.808698,0.362899,10,5.58667,0.0775784,2.53137
536,0.73684,0.319892,9,4.96,0.282556,2.59371
537,0.779292,0.407736,10,5.91333,0.211291,2.48209
538,0.849584,0.412296,10,6.44667,0.146759,2.46414
539,0.752714,0.274038,10,4.48,0.428851,2.71603
540,0.698526,0.318531,9,5.3,0.0844483,2.56919
541,0.800268,0.369298,10,5.48667,0.362473,2.66088
542,0.825286,0.395896,10,5.72667,0.270905,2.38126
543,0.898265,0.370486,10,5.56667,0.579767,2.55993
544,0.766578,0.4107,10,5.95333,0.29687,2.36511
545,0.627484,0.277651,10,4.53333,0.397305,2.63585
546,0.853655,0.330163,10,5.38667,0.352327,2.39013
547,0.736477,0.290249,9,4.52667,0.169003,2.73077
548,0.865438,0.341536,10,5.65333,0.645525,2.37684
549,0.798963,0.333582,10,5.10667,0.10447,2.2147
550,0.728418,0.306517,10,4.89333,0.0872634,2.61263
551,0.793808,0.343934,10,5.33333,0.131696,2.71113
552,0.797687,0.319388,10,5.11333,0.11137,2.52044
553,0.781614,0.188005,10,3.63333,0.108869,2.94471
554,0.728921,0.262093,10,4.48667,0.113527,2.76367
555,0.703996,0.203383,10,4.05333,0.500364,2.80094
556,0.748079,0.28638,10,5.04667,0.515635,2.73728
557,0.907716,0.418425,10,6.49333,0.188495,2.38947
558,0.779306,0.269783,10,4.81333,0.230189,2.53916
559,0.799553,0.366216,10,5.54,0.294342,2.51327
560,0.815865,0.329954,10,5.24667,0.187056,2.68009
561,0.803303,0.328118,10,5.12,0.166079,2.58265
562,0.781857,0.325411,9,5.1,0.0843197,2.84948
563,0.55706,0.226708,9,4.02667,0.513251,3.34176
564,0.799342,0.391703,10,6.06667,0.766799,2.55632
565,0.80807,0.387012,10,5.76,0.274896,2.80765
566,0.875988,0.33925,10,5.58667,0.430551,2.52222
567,0.810092,0.382266,10,5.86667,0.381801,2.77252
568,0.673584,0.263568,9,4.34667,0.236932,3.07801
569,0.668686,0.277644,9,4.5,0.273484,2.76338
570,0.721243,0.399455,10,5.78,0.304288,2.36987
571,0.851908,0.361321,10,5.89333,0.101993,2.6874
572,0.88753,0.306681,10,4.98667,0.185815,2.83323
573,0.696108,0.293628,9,4.52,0.134585,2.84308
574,0.666982,0.309382,10,4.95333,0.398737,2.94007
575,0.824068,0.297096,10,5.07333,0.210529,2.65724
576,0.771086,0.332219,10,5.66667,0.587015,2.49919
577,0.836605,0.358302,10,5.54667,0.17026,2.52562
578,0.846938,0.359632,10,5.38667,0.257149,2.50088
579,0.871698,0.442997,10,6.52,0.506288,2.09054
580,0.743175,0.330415,10,5.15333,0.185504,2.47933
581,0.821567,0.4281,9,6.05333,0.244975,2.35123
582,0.896512,0.398024,10,5.84667,0.262843,2.37182
583,0.62138,0.239622,9,4.01333,0.138607,2.47929
584,0.845345,0.37637,10,5.86,0.585042,2.44824
585,0.789211,0.31369,10,4.88,0.129578,2.48445
586,0.811319,0.393787,10,5.84667,0.31036,2.43214
587,0.719024,0.313341,10,4.84,0.278795,2.58726
588,0.679076,0.284318,10,4.6,0.503043,2.73592
589,0.716125,0.307449,10,4.96667,0.660158,2.72788
590,0.627903,0.269643,10,4.22,0.573484,2.89814
591,0.863607,0.305692,10,5.22,0.288537,2.2484
592,0.73316,0.313885,9,4.92,0.681637,2.60336
593,0.684427,0.224897,10,4.24,0.168167,2.70838
594,0.694286,0.291855,10,4.74667,0.157034,2.73809
595,0.609532,0.278004,10,4.31333,0.0839745,2.8768
596,0.665767,0.230475,9,4.29333,0.157502,2.86121
597,0.878198,0.3823,10,6.01333,0.309384,2.61694
598,0.776071,0.298343,10,4.86667,0.436026,2.62562
599,0.795198,0.35468,10,5.71333,0.264047,2.71256
600,0.817538,0.378819,10,5.79333,0.205884,2.36404
601,0.705141,0.295586,10,4.6,0.178024,2.56065
602,0.763962,0.339745,10,5.55333,0.152476,2.56037
603,0.814439,0.381223,10,5.75333,0.316398,2.53582
604,0.763863,0.338587,9,5.34,0.495777,2.49586
605,0.716578,0.280538,10,4.54667,0.133381,3.1623
606,0.752847,0.370004,10,5.70667,0.0935841,2.44286
607,0.801385,0.359553,10,5.13333,0.175792,2.51546
608,0.867489,0.295867,10,4.84,0.142762,2.60873
609,0.680672,0.346985,10,5.29333,0.159978,2.5466
610,0.689229,0.286046,10,4.43333,0.193849,2.74145
611,0.700862,0.20829,10,3.77333,0.0841059,3.14388
612,0.705682,0.360389,10,5.28,0.17144,2.49996
613,0.675608,0.284233,9,4.52,0.403981,2.8248
614,0.761111,0.252786,10,4.18667,0.179128,2.78051
615,0.831007,0.421641,10,6.24,0.719462,2.50949
616,0.725421,0.330796,10,5.28,0.150611,2.80502
617,0.836493,0.400519,10,6.12,0.472008,2.4036
618,0.725047,0.309955,10,4.8,0.164183,2.38692
619,0.823692,0.379297,10,5.76667,0.329891,2.40902
620,0.637647,0.293073,10,4.88667,0.24173,2.67374
621,0.791468,0.382235,9,5.74,0.251191,2.54677
622,0.873891,0.370133,10,5.83333,0.185475,2.33694
623,0.719721,0.260831,9,4.41333,0.24796,2.69166
624,0.657018,0.264279,9,4.42,0.218452,2.57955
625,0.830766,0.403467,10,6.46,0.217026,2.44605
626,0.80653,0.310238,10,5.00667,0.1173,2.78541
627,0.762282,0.293361,10,4.8,0.0838936,2.90463
628,0.679148,0.275439,10,4.9,0.442704,2.79289
629,0.804181,0.360828,10,5.78667,0.527838,2.57289
630,0.798308,0.28915,10,5.13333,0.161378,2.66494
631,0.868534,0.395793,10,6,0.108148,2.50478
632,0.719753,0.335583,10,5.11333,0.51115,2.63796
633,0.836376,0.400918,10,5.91333,0.61583,2.47489
634,0.788734,0.309231,10,5.09333,0.188101,2.83908
635,0.834277,0.400128,10,6.28667,0.0847597,2.28493
636,0.801182,0.332244,10,5.60667,0.344421,2.65899
637,0.852133,0.358419,10,5.72,0.18904,2.81979
638,0.734688,0.371014,10,5.99333,0.41502,2.54705
639,0.742925,0.382315,10,6.15333,0.108189,2.45277
640,0.76167,0.332131,10,5.44,0.492321,2.44701
641,0.684728,0.338567,9,5.44,0.429554,2.98199
642,0.630747,0.277405,9,4.7,0.295421,2.96651
643,0.750606,0.310736,10,5.34,0.111231,2.75864
644,0.785667,0.364287,10,5.78,0.630297,2.59569
645,0.690879,0.31105,9,5.11333,0.729464,2.95491
646,0.692402,0.26724,9,4.45333,0.0771055,2.81297
647,0.791053,0.337631,10,5.79333,0.296068,2.75907
648,0.724276,0.348831,9,5.21333,0.116909,2.75811
649,0.683786,0.272686,8,4.36,0.129583,3.13598
650,0.720925,0.348343,10,5.50667,0.182155,2.61736
651,0.785632,0.317303,10,5.07333,0.45417,2.98729
652,0.81603,0.354836,10,5.88,0.202651,2.63862
653,0.796828,0.371147,10,5.92667,0.676632,2.66936
654,0.694625,0.291161,10,4.90667,0.0975456,3.00395
655,0.817318,0.408973,10,6.43333,0.24601,2.51999
656,0.739175,0.341769,10,5.62,0.805451,2.929
657,0.844933,0.393048,10,6.02667,0.425036,2.64943
658,0.848204,0.34687,10,5.61333,0.0986245,2.75645
659,0.718687,0.328721,10,4.82,0.287024,3.00315
660,0.577673,0.238609,9,3.97333,0.205276,3.31559
661,0.592127,0.288095,9,4.62667,0.427324,3.2494
662,0.797829,0.358701,10,5.85333,0.114559,2.8458
663,0.826045,0.376304,10,5.62,0.0728085,2.51528
664,0.640147,0.284767,10,4.98667,0.183279,3.22866
665,0.786707,0.381287,10,6.21333,0.147446,2.85641
666,0.723294,0.314635,10,5.15333,0.388031,2.76053
667,0.771809,0.35762,10,5.52,0.271786,2.66329
668,0.74537,0.332239,9,5.16,0.173973,2.73429
669,0.61697,0.273989,9,4.76667,0.480341,3.09973
670,0.659104,0.278083,9,4.72,0.838631,3.29874
671,0.71286,0.27718,9,4.75333,0.296456,3.17438
672,0.790978,0.356649,9,5.81333,0.297387,2.84373
673,0.767805,0.313452,10,5.05333,0.400498,2.81
674,0.841199,0.341859,10,5.6,0.180786,3.14806
675,0.708959,0.280612,9,4.56667,0.181601,2.89822
676,0.798987,0.375341,9,5.56667,0.0963527,2.71524
677,0.71956,0.319594,9,4.84,0.184765,2.92665
678,0.84074,0.356272,10,5.61333,0.128279,2.94055
679,0.876359,0.362655,10,5.65333,0.308956,2.59622
680,0.720134,0.289133,10,4.81333,0.160741,2.97488
681,0.762956,0.41456,10,5.93333,0.129871,2.63416
682,0.630692,0.268511,9,4.28,0.0808721,2.924
683,0.719599,0.319491,9,4.90667,0.434962,2.80658
684,0.771787,0.335078,10,5.25333,0.663389,2.88007
685,0.679754,0.321627,10,5.00667,0.365795,2.94501
686,0.654511,0.320887,9,4.98667,0.200086,2.96143
687,0.829162,0.353019,10,5.72,0.180545,2.65183
688,0.752237,0.349652,9,5.64,0.405089,2.81309
689,0.717828,0.315261,10,5.18,0.297761,2.62204
690,0.754839,0.318118,10,4.79333,0.34507,2.64909
691,0.803619,0.339687,10,5.08,0.131241,2.77916
692,0.637095,0.278237,9,4.49333,0.147454,3.3733
693,0.805673,0.417597,9,5.97333,0.210846,2.76652
694,0.729801,0.311555,9,4.84667,0.186171,2.54748
695,0.724013,0.334491,9,5.12667,0.443362,2.89106
696,0.808108,0.379492,9,5.42667,0.209832,2.84081
697,0.80809,0.380144,9,5.52,0.49472,2.79716
698,0.802243,0.441137,10,6.04667,0.114093,2.38113
699,0.747981,0.369067,10,5.49333,0.177904,2.68046
700,0.730337,0.365185,10,5.24667,0.405818,2.77498
701,0.776272,0.417275,10,6.02,0.180085,2.42105
702,0.913301,0.464131,10,6.92667,0.265957,2.28158
703,0.74009,0.321189,9,4.77333,0.49848,2.89534
704,0.783592,0.328386,10,5.31333,0.352993,2.7483
705,0.710395,0.279032,9,4.45333,0.414562,2.73307
706,0.781665,0.330657,9,4.72667,0.152564,2.66692
707,0.650156,0.250473,10,3.86,0.111956,2.56696
708,0.786508,0.335672,10,5,0.218791,2.54868
709,0.681912,0.227918,9,3.66667,0.120511,2.79372
710,0.850331,0.435108,10,6.46,0.323814,2.66537
711,0.797241,0.386361,10,5.83333,0.351496,2.63195
712,0.799974,0.379096,10,5.5,0.196784,2.58994
713,0.855585,0.461845,10,6.54667,0.115099,2.37488
714,0.812104,0.401512,10,5.99333,0.433987,2.55122
715,0.74127,0.380119,10,5.64667,0.62668,2.58162
716,0.745374,0.368102,10,5.32667,0.219875,2.5168
717,0.818914,0.389617,10,5.81333,0.113169,2.53201
718,0.696462,0.294595,9,4.35333,0.118983,2.86804
719,0.666742,0.321826,10,4.75333,0.561428,2.88042
720,0.693305,0.300047,9,4.62,0.191122,2.82641
721,0.902398,0.36345,10,5.27333,0.147517,2.69418
722,0.762206,0.314441,10,4.69333,0.29787,2.87525
723,0.798252,0.414489,10,6.10667,0.466024,2.59684
724,0.764272,0.363756,9,5.54667,0.0807503,2.50181
725,0.867059,0.396589,10,5.69333,0.319713,2.87293
726,0.747554,0.3352,10,4.97333,0.445147,2.71075
727,0.842842,0.308416,10,4.78667,0.414967,2.85058
728,0.549048,0.255537,9,4.28667,0.491276,3.26798
729,0.767897,0.353878,10,5.4,0.0743764,2.74089
730,0.607174,0.221123,8,3.66,0.46399,2.99926
731,0.678716,0.285722,10,4.30667,0.102538,2.7396
732,0.591388,0.247337,9,4.33333,0.795513,3.35764
733,0.698568,0.281457,10,4.58,0.184309,3.25288
734,0.715589,0.269435,10,4.53333,0.637455,3.00236
735,0.677082,0.308483,10,5.25333,0.807706,3.05043
736,0.644742,0.290342,9,4.94,0.745469,3.27596
737,0.750513,0.362186,10,5.86,0.301187,2.66784
738,0.711256,0.307026,10,5.62,0.162058,2.86799
739,0.654144,0.267767,9,4.70667,0.378117,3.14482
740,0.668869,0.255494,10,4.44667,0.13077,3.39598
741,0.760596,0.349558,10,5.39333,0.885827,2.71351
742,0.581437,0.187986,8,3.40667,0.596065,3.51026
743,0.810497,0.322735,10,5.11333,0.197057,2.92004
744,0.61577,0.28499,8,4.46667,0.397908,3.26222
745,0.666931,0.277302,9,4.19333,0.285063,3.07775
746,0.747432,0.289622,10,4.69333,0.157374,3.0509
747,0.906613,0.350222,10,5.42,0.394859,2.60577
748,0.675767,0.263008,9,4.28667,0.468247,3.09687
749,0.81227,0.353848,9,5.12667,0.599212,2.78753
750,0.786278,0.30074,10,4.68,0.638644,2.7925
751,0.811009,0.355014,10,5.78667,0.858912,2.90111
752,0.710222,0.252658,10,4.03333,0.389875,2.82726
753,0.845118,0.399299,10,5.75333,0.494658,2.50015
754,0.606083,0.274264,8,4.18,0.698573,2.90223
755,0.834371,0.368757,10,5.72667,0.490874,2.7885
756,0.642147,0.294534,9,4.33333,0.718148,3.16371
757,0.817754,0.352098,10,5.16667,0.142939,2.83192
758,0.741458,0.355198,10,5.05333,0.145214,2.91689
759,0.906978,0.413584,10,5.73333,0.23936,2.43779
760,0.786398,0.348515,10,5.46,0.353223,2.91546
761,0.869581,0.392825,10,5.87333,0.440263,2.46788
762,0.728639,0.335545,9,5.08,0.681289,2.82233
763,0.788723,0.380704,10,5.48667,0.11861,2.53183
764,0.830211,0.39049,10,5.49333,0.143156,2.34435
765,0.668252,0.299919,9,4.48667,0.322315,2.98276
766,0.683622,0.267477,10,4.03333,0.491742,2.71015
767,0.64868,0.312071,10,4.78667,0.479549,2.77817
768,0.711019,0.282486,10,4.3,0.360593,2.97375
769,0.688318,0.371806,10,5.48,0.190214,2.64779
770,0.91042,0.479437,10,6.60667,0.44635,2.12797
771,0.79756,0.402752,10,5.88667,0.158296,2.53396
772,0.744327,0.343397,10,4.98667,0.632612,2.49177
773,0.807091,0.343366,10,5.12667,0.207983,2.59163
774,0.767365,0.353733,10,5.1,0.451104,2.54432
775,0.819549,0.389648,10,5.3,0.37957,2.33514
776,0.803052,0.339722,10,4.59333,0.0965303,2.50737
777,0.810837,0.416034,10,5.56667,0.176817,2.52994
778,0.901575,0.49738,10,6.85333,0.255682,2.13375
779,0.819489,0.39202,10,5.13333,0.766296,2.88585
780,0.713621,0.320033,9,4.62667,0.362695,2.61848
781,0.871518,0.414625,10,5.93333,0.831045,2.72432
782,0.843695,0.369319,10,4.98,0.105917,2.57236
783,0.719711,0.365951,10,5.27333,0.352114,2.60559
784,0.808233,0.480205,10,6.39333,0.315448,2.28194
785,0.763154,0.354196,10,5.46667,0.936183,2.80294
786,0.734019,0.333887,10,4.59333,0.246541,2.74067
787,0.857709,0.376852,10,5.3,0.639866,2.58701
788,0.758359,0.341866,10,4.82,0.276838,2.78132
789,0.778386,0.384149,10,5.7,0.434143,2.64781
790,0.774222,0.351441,9,4.8,0.158349,3.01315
791,0.718479,0.277092,9,4.06,0.23976,2.70322
792,0.751062,0.329358,9,4.80667,0.454622,2.82184
793,0.711804,0.318341,10,4.54,0.162284,2.90877
794,0.821862,0.291521,9,4.36,0.162348,2.67067
795,0.81019,0.345186,10,4.92,0.367284,2.47363
796,0.734106,0.371362,10,5.72,0.159605,2.50173
797,0.739504,0.341341,9,4.79333,0.131978,2.68296
798,0.781342,0.361862,10,4.99333,0.215508,2.62896
799,0.938458,0.508354,10,6.8,0.13951,2.09737
800,0.555586,0.223603,9,3.60667,0.12092,3.10897
801,0.888585,0.498471,10,6.86,0.341623,2.21349
802,0.782843,0.380207,10,5.56667,0.391288,2.65785
803,0.643228,0.300897,9,4.69333,0.811954,3.22472
804,0.700508,0.337626,9,5.18667,0.103126,2.93609
805,0.801886,0.298419,9,4.28667,0.323224,3.42679
806,0.717747,0.323203,10,4.89333,0.358373,2.99212
807,0.829061,0.338197,10,5.18667,0.112778,2.74922
808,0.581477,0.245592,9,3.57333,0.267304,2.84213
809,0.632065,0.280989,9,4.43333,0.550083,3.07415
810,0.704028,0.32135,9,4.83333,0.591291,2.65527
811,0.8332,0.440588,10,6.38,0.0982263,2.40785
812,0.820992,0.407383,10,6.04667,0.0960483,2.46835
813,0.604847,0.286335,10,4.42,0.515934,3.00203
814,0.723973,0.380883,10,5.72,0.148939,2.52532
815,0.868508,0.39546,10,6.06667,0.841881,2.56382
816,0.818839,0.319078,10,4.8,0.414787,2.41551
817,0.691444,0.342702,9,5.3,0.254561,2.55148
818,0.766054,0.282533,9,4.28,0.225355,2.76097
819,0.721344,0.336759,10,4.91333,0.417856,2.83895
820,0.82287,0.411535,10,5.94,0.106451,2.48201
821,0.710875,0.281665,9,4.66667,0.15479,3.06328
822,0.883618,0.408961,10,5.90667,0.376603,2.36498
823,0.664939,0.268098,9,4.12667,0.143153,2.53033
824,0.789681,0.410752,10,5.72667,0.192472,2.56385
825,0.827157,0.415931,10,5.86,0.249229,2.67432
826,0.890126,0.393782,10,5.6,0.132234,2.61466
827,0.83573,0.44361,10,6.29333,0.624507,2.44841
828,0.742971,0.312837,9,4.51333,0.189376,2.53424
829,0.80808,0.350659,9,5.28667,0.659196,2.75946
830,0.914554,0.485998,10,6.75333,0.430969,2.12174
831,0.824185,0.441576,10,5.86,0.769313,2.32691
832,0.794044,0.400573,10,5.61333,0.232472,2.59006
833,0.844919,0.441642,10,6.48,0.0808342,2.44219
834,0.725684,0.33574,9,4.94667,0.15845,2.61515
835,0.853635,0.394892,10,5.56667,0.388624,2.31707
836,0.724568,0.285005,9,4.28,0.608891,2.91717
837,0.882868,0.365041,10,5.26,0.733273,2.61091
838,0.789734,0.378381,9,5.39333,0.619874,2.58
839,0.639947,0.242601,9,3.45333,0.151007,2.67765
840,0.655029,0.286198,10,4.37333,0.259018,2.87897
841,0.716867,0.35936,9,5.39333,0.347583,2.75684
842,0.583252,0.256918,9,3.54667,0.403038,2.89681
843,0.811522,0.428177,10,5.75333,0.0894372,2.31644
844,0.683619,0.371332,9,4.90667,0.327226,2.83075
845,0.835261,0.398147,10,5.37333,0.60088,2.50644
846,0.687761,0.349518,9,5.10667,0.256436,2.7453
847,0.64721,0.334264,8,4.66667,0.737461,2.91716
848,0.744547,0.324377,9,4.91333,0.873906,2.7961
849,0.639948,0.27983,9,4.16667,0.700267,2.87271
850,0.656625,0.274324,9,3.98,0.569918,3.2887
851,0.647598,0.309118,9,4.52,0.110227,2.84059
852,0.696877,0.321556,10,4.71333,0.318778,2.54775
853,0.680079,0.323905,9,4.87333,0.138501,2.98287
854,0.634827,0.289648,10,4.58667,0.612543,2.94983
855,0.635564,0.249386,10,3.94667,0.664346,3.03145
856,0.756403,0.349099,10,5.20667,0.509623,2.78344
857,0.849739,0.392518,10,6.02667,0.440556,2.70229
858,0.857375,0.384406,10,5.88667,0.525946,2.53815
859,0.555908,0.156641,9,2.94667,0.359243,3.63196
860,0.868847,0.356601,10,5.56667,0.198473,2.4772
861,0.866508,0.381693,10,5.69333,0.301619,2.53451
862,0.704672,0.274077,9,4.4,0.557976,2.85446
863,0.780914,0.37634,10,5.36667,0.268126,2.57792
864,0.792619,0.280199,10,4.58,0.208495,2.91828
865,0.708507,0.328461,10,5.07333,0.323365,2.73142
866,0.727248,0.373453,10,5.58,0.367306,2.72744
867,0.698307,0.249607,9,4.01333,0.417616,2.76425
868,0.779676,0.376211,10,5.58667,0.663356,2.75287
869,0.852578,0.39274,10,6.04,0.900631,2.68167
870,0.7148,0.364627,10,5.14667,0.603318,2.49096
871,0.672927,0.288253,8,4.24667,0.104863,2.90718
872,0.792672,0.302113,9,4.62667,0.149543,2.74129
873,0.652286,0.315947,9,4.89333,0.181796,2.85974
874,0.725878,0.315207,9,4.8,0.269429,2.71692
875,0.816681,0.420097,10,5.85333,0.256785,2.61006
876,0.699265,0.296365,10,4.68,0.213097,3.20454
877,0.814564,0.361118,10,5.36,0.487357,2.81629
878,0.661521,0.29729,10,4.72,0.585676,3.10026
879,0.845273,0.388577,10,5.84,0.592029,2.81092
880,0.639683,0.25126,9,3.89333,0.501502,3.25996
881,0.767983,0.34471,9,5.49333,0.57026,2.79771
882,0.739396,0.296455,9,4.74667,0.138968,2.97453
883,0.724475,0.318771,9,4.95333,0.340249,2.72919
884,0.896953,0.429624,10,6.29333,0.148104,2.31509
885,0.76467,0.317215,10,5.03333,0.182784,2.62375
886,0.836529,0.329595,10,4.76,0.241725,2.54674
887,0.747075,0.29592,10,5.26,0.635557,2.56833
888,0.72816,0.3189,9,5.01333,0.161587,2.61446
889,0.639322,0.2627,9,4.06,0.0726105,2.95027
890,0.640139,0.282284,8,4.1,0.151464,3.08399
891,0.899306,0.423057,10,6.23333,0.125834,2.27344
892,0.738299,0.259103,9,4.19333,0.357636,2.67535
893,0.722723,0.347256,9,4.91333,0.148866,2.43942
894,0.771479,0.3994,10,5.89333,0.788543,2.46256
895,0.937506,0.447102,10,6.54667,0.689557,2.41633
896,0.705011,0.316114,9,5.05333,0.387486,2.76158
897,0.586824,0.182818,9,2.96,0.413949,3.10413
898,0.713844,0.325152,10,4.85333,0.302084,2.86021
899,0.694232,0.322072,9,4.83333,0.124484,2.73665
900,0.862828,0.388107,10,5.78667,0.238675,2.52591
901,0.766164,0.360259,10,5.38667,0.241702,2.6045
902,0.636011,0.262641,10,4.18667,0.340437,3.14645
903,0.724555,0.340035,9,4.86667,0.4332,2.77516
904,0.764299,0.401672,10,5.90667,0.136621,2.54329
905,0.717596,0.38915,9,5.9,0.601151,2.78185
906,0.840511,0.479627,10,6.43333,0.0872406,2.38328
907,0.720653,0.293983,10,4.51333,0.478769,2.93981
908,0.734238,0.344843,10,5.41333,0.132812,2.70923
909,0.83716,0.435529,10,6.46,0.682474,2.46119
910,0.630424,0.303042,9,4.49333,0.184504,2.74417
911,0.922394,0.483616,10,6.98,0.76237,2.4771
912,0.827508,0.406035,10,5.65333,0.36165,2.56697
913,0.708082,0.346091,9,5.02,0.106313,2.70914
914,0.71663,0.351024,10,5.22667,0.596781,2.82296
915,0.778303,0.332194,10,5.08667,0.264017,2.97799
916,0.668589,0.359758,10,5.4,0.67661,2.86967
917,0.786536,0.361235,10,5.24,0.581285,2.84047
918,0.707808,0.317841,9,5,0.148621,2.8005
919,0.754935,0.389982,10,5.72667,0.491454,2.61193
920,0.786336,0.349627,9,5.42,0.563938,2.65321
921,0.57741,0.217398,8,3.56,0.285805,3.2429
922,0.853976,0.404798,10,6.04,0.785776,2.65228
923,0.776026,0.324675,9,5.11333,0.587719,2.72354
924,0.844101,0.359607,10,5.65333,0.441535,2.54541
925,0.620025,0.298,10,4.67333,0.554484,2.7903
926,0.815837,0.379363,10,5.64667,0.175855,2.76877
927,0.869744,0.383383,10,5.59333,0.265733,2.57848
928,0.795037,0.340493,10,5.15333,0.203858,2.79055
929,0.770355,0.44836,10,6.40667,0.178566,2.37247
930,0.834112,0.397975,10,5.59333,0.506483,2.59653
931,0.810954,0.389051,10,5.72,0.33917,2.30996
932,0.736678,0.42474,9,5.78667,0.673559,2.34857
933,0.594329,0.293521,9,4.30667,0.223259,2.78904
934,0.783353,0.319067,10,5.08,0.397826,2.42406
935,0.773898,0.433378,10,6.40667,0.584501,2.37649
936,0.862982,0.419945,10,6.28667,0.303779,2.46726
937,0.820853,0.348741,10,5.15333,0.190253,2.56945
938,0.779684,0.379219,10,5.51333,0.278687,2.60981
939,0.737027,0.336999,10,5.12667,0.595881,2.75307
940,0.822571,0.40448,10,5.46667,0.514669,2.63411
941,0.822873,0.38607,10,5.67333,0.132431,2.53389
942,0.803854,0.428688,10,5.82,0.181687,2.4953
943,0.871765,0.415016,10,5.94,0.490008,2.35302
944,0.824693,0.397025,10,6.21333,0.202639,2.51845
945,0.674718,0.355712,9,5.15333,0.677832,2.61328
946,0.667466,0.350909,9,4.92,0.276228,2.69511
947,0.906143,0.485533,10,6.76,0.223069,2.23506
948,0.821727,0.395125,10,5.72,0.118434,2.5643
949,0.818809,0.413061,10,5.98667,0.0826744,2.38657
950,0.838082,0.477958,10,6.68,0.370942,2.42669
951,0.792639,0.412456,10,5.72,0.10114,2.51126
952,0.761412,0.354791,10,5.37333,0.537382,2.75622
953,0.83495,0.38569,10,5.42,0.151826,2.38543
954,0.751461,0.376633,9,5.66,0.218358,2.56995
955,0.730725,0.311281,9,4.84667,0.171121,3.25881
956,0.748742,0.379811,10,5.53333,0.483613,2.47041
957,0.879419,0.422726,10,6.12,0.106164,2.44723
958,0.746304,0.3159,9,4.49333,0.570741,2.74695
959,0.739852,0.39025,9,5.63333,0.106301,2.40749
960,0.690811,0.288316,10,4.43333,0.104632,3.0904
961,0.773401,0.353043,10,4.88,0.0674988,2.60469
962,0.910367,0.454801,10,6.68667,0.165918,2.25152
963,0.636463,0.241913,8,4.02,0.166239,2.83609
964,0.723148,0.363132,9,5.07333,0.277991,2.63242
965,0.556456,0.209731,8,3.5,0.156625,3.14023
966,0.8171,0.382922,10,5.62667,0.150034,3.03478
967,0.881878,0.394718,10,6.03333,0.093857,2.52346
968,0.861017,0.440417,10,5.87333,0.0765676,2.53333
969,0.805362,0.351952,10,5.36,0.0741009,2.97962
970,0.781594,0.401499,10,5.80667,0.101197,2.67409
971,0.758423,0.376749,9,5.47333,0.178188,2.91636
972,0.825921,0.419874,10,5.98,0.539992,2.67571
973,0.800679,0.333507,10,5.23333,0.544193,2.77144
974,0.723633,0.321227,9,4.88667,0.172005,2.72586
975,0.863131,0.351785,10,5.42667,0.0974853,2.60479
976,0.800249,0.404574,10,5.82,0.523731,2.71488
977,0.790753,0.405422,10,5.79333,0.639579,2.79723
978,0.773274,0.364126,10,5.35333,0.191502,2.71768
979,0.83741,0.376584,10,5.71333,0.0844568,2.60085
980,0.770701,0.373027,10,5.74667,0.147559,2.71395
981,0.650907,0.325087,9,5.03333,0.196967,3.07334
982,0.751238,0.372226,10,5.28667,1.0512,2.66713
983,0.915031,0.505486,10,6.88667,0.103098,2.25501
984,0.692983,0.349845,8,5.36,0.501477,2.6758
985,0.804686,0.401521,10,6.02667,0.116886,2.53822
986,0.777491,0.271075,10,4.64,0.212274,3.05545
987,0.653344,0.270902,10,4.51333,0.087726,3.0782
988,0.81017,0.360216,10,5.1,0.173608,2.47607
989,0.671277,0.311328,9,4.62,0.451721,3.09285
990,0.742982,0.377802,9,5.71333,0.106556,2.81769
991,0.776351,0.334868,10,5.48,0.548475,3.08888
992,0.735855,0.296295,10,4.8,0.51244,2.95673
993,0.831593,0.345159,10,5.38,0.284269,2.74575
994,0.691011,0.335333,9,5.16,0.498153,2.85006
995,0.72097,0.357763,10,5.34,0.927012,3.13511
996,0.708083,0.322128,10,5.27333,0.196644,3.10695
997,0.788181,0.368925,9,5.48,0.518119,2.73581
998,0.751603,0.32681,10,5.06,0.334531,2.84254
999,0.747117,0.363178,10,5.51333,0.103029,2.96306
1000,0.940497,0.504078,10,7.02,0.505836,2.41651
