1,0.152442,0.00432805,5,0.186667,0.0722837,1.10761
2,0.255038,0.00532183,5,0.153333,0.0678381,1.08682
3,0.132216,0.00448965,5,0.193333,0.0655908,1.15625
4,0.027406,0.00108016,4,0.146667,0.0667651,0.997213
5,0.0462413,0.00120082,5,0.153333,0.0641689,0.866755
6,0.0993933,0.00278415,6,0.226667,0.0682432,1.02131
7,0.183359,0.00580129,5,0.2,0.0673019,1.09453
8,0.177107,0.00301811,4,0.126667,0.0647819,0.981792
9,0.164086,0.00559454,5,0.24,0.0679278,0.93892
10,0.20666,0.0081269,5,0.246667,0.0682856,1.1255
11,0.123377,0.00772915,6,0.406667,0.0677921,0.909976
12,0.304371,0.0140218,7,1.17333,0.0700813,2.75871
13,0.210094,0.012275,5,0.466667,0.0666193,1.55056
14,0.393631,0.00553026,7,0.346667,0.0670036,1.63317
15,0.321139,0.00729774,7,0.326667,0.0660995,1.20529
16,0.178521,0.00242363,3,0.193333,0.0653035,0.942392
17,0.412645,0.00858485,8,0.486667,0.0670929,1.20739
18,0.27929,0.00947174,8,0.313333,0.0682302,1.33112
19,0.375136,0.0162811,7,0.606667,0.0714869,1.6272
20,0.318469,0.0708,6,1.48667,0.0713715,3.88998
21,0.39916,0.0852816,9,2.01333,0.0707167,3.57018
22,0.336089,0.0473856,6,1.44667,0.0692866,3.38437
23,0.400191,0.0668112,8,1.44,0.0662794,3.38118
24,0.34519,0.0385454,7,1.04,0.0652755,2.81702
25,0.428309,0.042866,8,1.24,0.0667595,3.37025
26,0.394319,0.0492364,9,1.24,0.0668102,3.06682
27,0.383419,0.0329622,7,1.06667,0.0684767,2.93849
28,0.388453,0.0422402,9,1.44,0.0690054,3.10368
29,0.391326,0.0406598,7,1.32667,0.06577,3.13056
30,0.355305,0.0424256,8,1.74667,0.0658817,3.14057
31,0.563146,0.0513071,10,1.4,0.0700245,2.99746
32,0.518295,0.0486148,9,1.18667,0.071128,2.5841
33,0.295425,0.0308931,7,1.18667,0.069001,2.51997
34,0.451238,0.0523515,9,1.42667,0.0689072,3.01897
35,0.456889,0.0459504,8,1.06667,0.0701259,2.79071
36,0.336929,0.0363658,6,1.12,0.0685845,2.83444
37,0.564225,0.0568341,9,1.50667,0.0688964,2.47732
38,0.488629,0.0513179,10,1.51333,0.0670855,2.62373
39,0.410049,0.045006,8,1.16667,0.0670286,2.6963
40,0.544258,0.0640167,8,1.44,0.0681621,2.57586
41,0.436996,0.0239411,7,0.746667,0.0638706,2.24365
42,0.408474,0.0601294,7,1.21333,0.0703524,3.34435
43,0.524039,0.0413879,8,1.24,0.0690866,2.87413
44,0.384327,0.0578278,7,1.54,0.0676408,2.94035
45,0.505613,0.0540032,9,1.54667,0.0702512,2.85847
46,0.403574,0.050968,8,1.43333,0.0672921,2.76082
47,0.445053,0.0626882,10,1.65333,0.0685683,2.81487
48,0.398963,0.0472953,8,1.26667,0.0664337,2.49513
49,0.396185,0.0341637,9,0.886667,0.0677655,2.49055
50,0.455555,0.0396293,8,1.30667,0.0689225,2.49751
51,0.460446,0.0464636,8,1.18667,0.0702977,2.8429
52,0.5577,0.037637,9,1.05333,0.0707687,2.60023
53,0.431386,0.0586662,8,1.55333,0.0706086,3.21851
54,0.286301,0.0570203,6,1.26,0.062366,3.14367
55,0.403859,0.0467189,6,1.14667,0.0650793,2.86301
56,0.267056,0.0290059,6,1.16667,0.0661882,3.09942
57,0.347944,0.0367229,7,1.01333,0.0675218,3.10188
58,0.358999,0.0249437,7,0.666667,0.0662582,2.4246
59,0.632208,0.040104,9,1.12,0.0728535,2.85797
60,0.391732,0.0217983,7,0.82,0.0647683,2.45107
61,0.378905,0.0177275,6,0.666667,0.0680992,2.47396
62,0.352539,0.0194854,6,0.78,0.070498,2.37869
63,0.55594,0.0356928,8,1.11333,0.0679103,2.08869
64,0.401794,0.0330576,8,1.01333,0.0681333,2.03347
65,0.455243,0.0266697,8,1.32,0.0665994,2.16584
66,0.429135,0.0307873,7,0.926667,0.0687371,2.42007
67,0.394266,0.023526,8,0.94,0.0685882,2.02106
68,0.487573,0.0285181,7,1.12667,0.0666708,2.48492
69,0.421804,0.0209782,9,0.993333,0.0689383,2.40451
70,0.384144,0.0265833,10,1,0.0692556,2.07821
71,0.516842,0.0366489,8,1.15333,0.0717938,2.18775
72,0.401422,0.0218185,8,0.946667,0.0665519,1.9629
73,0.371671,0.0259808,7,0.98,0.0683089,1.94025
74,0.293833,0.0166526,6,0.753333,0.0692045,1.80609
75,0.405337,0.0795951,7,1.8,0.0702927,3.28485
76,0.412617,0.0823934,8,1.7,0.0666098,2.95637
77,0.347424,0.0450626,7,1.32667,0.0674484,3.12727
78,0.50018,0.0912482,10,2.00667,0.0696305,3.05741
79,0.418054,0.0825812,7,1.68667,0.061942,3.18478
80,0.5396,0.08724,9,1.92,0.0675036,3.21111
81,0.399703,0.0769188,9,1.8,0.0652709,2.93325
82,0.444337,0.0408099,8,1.23333,0.0682788,3.55963
83,0.481879,0.0621656,8,1.45333,0.0699383,3.81079
84,0.510168,0.0609268,8,1.34,0.0709531,3.01245
85,0.497709,0.0401796,9,1.17333,0.0668966,3.4803
86,0.347004,0.0353353,8,1.22667,0.0684697,3.28606
87,0.395938,0.0549764,8,1.39333,0.067713,3.30357
88,0.396222,0.0608548,7,1.27333,0.0642429,3.09748
89,0.554749,0.108162,9,1.98667,0.0678539,2.63811
90,0.525642,0.088591,9,1.82667,0.0700075,2.99782
91,0.368711,0.0849945,8,2.04,0.0679518,3.80196
92,0.393312,0.0633824,8,1.69333,0.0712159,3.54866
93,0.382076,0.068128,8,1.80667,0.0666869,3.20646
94,0.371614,0.0548138,7,1.46,0.0689203,3.36152
95,0.291252,0.0493584,7,1.30667,0.0660206,3.83628
96,0.478419,0.0806683,9,1.62,0.0677724,3.46707
97,0.584057,0.0964091,9,1.94,0.0683193,3.18619
98,0.401621,0.0795397,7,1.60667,0.0657115,3.31282
99,0.477317,0.0682161,10,1.56,0.0714047,3.31027
100,0.499205,0.0557626,9,1.28667,0.0700056,2.84136
101,0.506705,0.0490952,8,1.08667,0.0680954,2.76149
102,0.463401,0.0617371,8,1.37333,0.0671281,2.71724
103,0.320826,0.0396917,7,1.02667,0.067309,3.11013
104,0.455494,0.0902584,8,1.90667,0.0690879,3.26407
105,0.485364,0.0995723,8,1.96,0.0695462,3.60776
106,0.432818,0.0739829,8,1.76,0.0684298,3.24436
107,0.396444,0.0946069,9,2.1,0.0692897,3.14512
108,0.491434,0.0715161,8,1.36667,0.0668963,2.85837
109,0.394715,0.0619374,8,1.53333,0.0687443,3.21494
110,0.552169,0.120408,10,2.58,0.0697731,3.21507
111,0.524733,0.0593433,8,1.44,0.0639529,3.47959
112,0.575149,0.132503,8,2.71333,0.072168,3.58734
113,0.43497,0.0953288,8,2.03333,0.0639364,3.53274
114,0.33431,0.0590581,7,1.38,0.0657205,3.68249
115,0.552679,0.106419,9,2.18667,0.0673219,3.38039
116,0.499596,0.110828,9,2.28667,0.0714048,3.44895
117,0.527067,0.0753011,10,1.83333,0.0669756,3.19119
118,0.46947,0.0654341,8,1.63333,0.0686518,3.44509
119,0.460936,0.0938204,8,1.79333,0.0657307,3.3058
120,0.501187,0.109601,9,2.49333,0.0696685,3.51985
121,0.584024,0.110139,10,2.25333,0.0677563,3.35865
122,0.553576,0.0611014,8,1.21333,0.0651448,3.17457
123,0.476162,0.0606441,8,1.31333,0.0659061,2.63185
124,0.344427,0.0455299,6,1.02,0.0688253,2.89448
125,0.281245,0.0425975,6,1.08,0.0663843,2.93215
126,0.467403,0.0596207,8,1.45333,0.070342,2.94926
127,0.545991,0.0646665,9,1.55333,0.0672197,3.31034
128,0.446618,0.0637209,8,1.32,0.0666119,2.3851
129,0.49011,0.094839,8,2.06,0.0696753,2.95363
130,0.426778,0.0660262,8,1.63333,0.0677555,3.23115
131,0.429621,0.0621347,8,1.67333,0.0686084,3.02877
132,0.470382,0.0670771,8,1.61333,0.0708863,3.03107
133,0.474388,0.0678373,8,1.44,0.0647154,3.26307
134,0.528953,0.0672555,8,1.54667,0.0690451,3.02222
135,0.564091,0.0762909,10,1.92667,0.0660336,3.31479
136,0.477013,0.0797048,9,2.05333,0.0713488,3.09381
137,0.432127,0.0572246,8,1.76,0.0677744,3.33547
138,0.432853,0.0557992,7,1.56667,0.0690134,3.01355
139,0.423909,0.0582107,9,1.42,0.0682343,2.73748
140,0.612839,0.0503785,9,1.30667,0.0673368,2.31162
141,0.653889,0.0641676,10,1.38,0.0651661,2.4361
142,0.43969,0.0802183,7,1.83333,0.0659195,3.02703
143,0.529871,0.0588261,9,1.31333,0.0699668,2.65641
144,0.42255,0.073505,8,1.9,0.0687366,3.13795
145,0.365062,0.0507392,8,1.2,0.0679881,2.96559
146,0.549838,0.0787614,9,2.01333,0.0704864,3.00921
147,0.439662,0.0501283,9,1.28667,0.0690419,2.6753
148,0.488857,0.0807246,9,1.68,0.0704522,3.08438
149,0.434091,0.0627693,7,1.48,0.0660971,3.13443
150,0.506103,0.0745198,8,1.70667,0.0691605,3.26905
151,0.513323,0.0861787,9,1.88667,0.0640464,2.66535
152,0.449355,0.113809,8,2.24667,0.0659039,3.22893
153,0.484098,0.0980525,9,2.40667,0.0699252,3.23167
154,0.32009,0.0626756,8,1.48,0.067813,3.45701
155,0.483542,0.0830057,8,1.84667,0.0657195,2.86018
156,0.45696,0.0824766,9,1.98,0.0680983,2.86426
157,0.48589,0.104522,8,2.18,0.067128,2.74942
158,0.503197,0.100383,10,2.00667,0.0692933,2.71629
159,0.576018,0.10529,8,2.14,0.0666539,3.24612
160,0.554103,0.135128,9,2.97333,0.0667791,2.98604
161,0.600336,0.0975341,10,2.20667,0.0690173,3.42272
162,0.581295,0.0794772,10,1.92,0.065349,2.88358
163,0.520445,0.0996742,9,1.88667,0.0671292,2.84481
164,0.348348,0.0787074,7,1.74,0.0686012,3.57799
165,0.46742,0.0823826,8,1.92,0.0672399,3.05397
166,0.438361,0.0782712,7,1.66,0.0670567,3.41273
167,0.393928,0.0838338,7,1.70667,0.0667301,3.28584
168,0.411788,0.0762966,7,1.55333,0.0655597,3.26085
169,0.525115,0.10346,9,2.22,0.0712995,2.88995
170,0.371147,0.0635655,7,1.38667,0.0668381,2.94721
171,0.392542,0.0637154,7,1.36,0.0655648,3.20948
172,0.574687,0.105549,10,2.08667,0.066357,2.66793
173,0.355913,0.0621635,7,1.36,0.0690765,3.07294
174,0.471189,0.0801143,9,1.85333,0.0665613,2.95091
175,0.551606,0.0879276,9,1.92,0.0683891,3.12744
176,0.558198,0.115093,10,2.43333,0.0663792,3.0947
177,0.382835,0.0717737,7,1.44667,0.0691929,3.32989
178,0.571823,0.09094,9,2.00667,0.0722348,2.65473
179,0.581075,0.0965094,10,1.98667,0.0685888,2.75772
180,0.362287,0.0645116,8,1.51333,0.0713411,2.60315
181,0.527514,0.0915585,9,1.87333,0.0688467,3.04222
182,0.357429,0.0584604,7,1.33333,0.0678158,2.97887
183,0.486963,0.0892615,8,1.80667,0.0720314,2.7918
184,0.444427,0.0793546,8,1.60667,0.0645333,3.04545
185,0.320807,0.0471408,6,1.06667,0.0642407,2.87008
186,0.410136,0.0564562,8,1.55333,0.0677366,3.13343
187,0.50139,0.078642,9,1.63333,0.0697119,3.20013
188,0.472803,0.075336,8,1.79333,0.0692896,3.1222
189,0.399054,0.0442187,7,1.16,0.0663003,3.15768
190,0.388283,0.0836541,8,1.87333,0.0681777,3.34907
191,0.458127,0.0734328,8,1.59333,0.0654179,2.87129
192,0.628968,0.0836542,9,1.83333,0.0694312,2.65941
193,0.480564,0.0710009,8,1.64,0.0689281,2.91257
194,0.29923,0.0515236,6,1.35333,0.0684555,3.04146
195,0.503291,0.0561922,9,1.47333,0.0653549,3.18806
196,0.641934,0.0911043,10,1.90667,0.0672036,2.83463
197,0.538353,0.077093,9,1.72667,0.0680814,2.69802
198,0.539674,0.117311,8,2.27333,0.0683213,2.79277
199,0.47187,0.0860104,9,1.83333,0.0656052,3.06763
200,0.390404,0.0545665,7,1.37333,0.0679216,3.36954
201,0.376212,0.0415024,6,0.98,0.0635938,2.58931
202,0.508304,0.0714534,10,1.48667,0.0663094,2.49765
203,0.362012,0.0646417,7,1.36667,0.0660886,2.82899
204,0.464173,0.0646449,8,1.36,0.06523,2.69579
205,0.496354,0.0488332,8,1.34667,0.065214,2.94118
206,0.553129,0.0536166,10,1.39333,0.0709567,2.66095
207,0.417004,0.0662143,8,1.82,0.0691329,3.1903
208,0.351396,0.0755442,7,1.84,0.0720949,3.24373
209,0.313422,0.0420104,7,1.14,0.0659044,2.91492
210,0.563366,0.0660759,9,1.48,0.0686848,2.57583
211,0.363546,0.0395704,7,0.98,0.0641593,2.59621
212,0.587403,0.0919905,10,2,0.0708034,3.25487
213,0.364662,0.0491764,7,1.21333,0.0649635,3.05317
214,0.488101,0.0999353,9,2.08,0.0686876,3.08908
215,0.451841,0.072148,8,1.51333,0.0677538,3.09183
216,0.400372,0.0694233,9,1.6,0.0701449,3.21319
217,0.421907,0.060858,9,1.46667,0.0664259,2.95878
218,0.458886,0.046831,8,1,0.0700395,2.53701
219,0.4824,0.0693779,8,1.51333,0.0663426,2.99747
220,0.517862,0.0755813,9,1.50667,0.0640547,2.46228
221,0.394155,0.0565123,8,1.17333,0.0680054,2.83714
222,0.500218,0.0825605,8,1.7,0.0693998,3.17872
223,0.380629,0.0370826,7,0.886667,0.065776,2.8647
224,0.412417,0.038523,7,0.86,0.0656469,2.79128
225,0.382173,0.0495749,8,1.16667,0.0689471,3.05472
226,0.343703,0.0391027,7,0.946667,0.0657427,2.91461
227,0.565961,0.0529718,9,1.22667,0.066836,2.48469
228,0.490573,0.0606625,9,1.60667,0.0668548,2.85771
229,0.445254,0.0788737,8,1.63333,0.0670529,3.17418
230,0.543346,0.0767452,9,1.73333,0.0682292,3.07848
231,0.300395,0.0420322,6,0.973333,0.0673501,3.34349
232,0.523783,0.0638071,8,1.42667,0.0668067,2.70714
233,0.432133,0.0547003,8,1.26667,0.0672656,2.98359
234,0.580781,0.0666257,9,1.34667,0.0675026,3.17999
235,0.524843,0.095961,9,1.94667,0.0694584,3.22739
236,0.533856,0.0853001,9,1.73333,0.0707538,2.82446
237,0.345427,0.0433005,8,1.14667,0.0704184,3.21532
238,0.431132,0.0462601,7,0.98,0.0639602,3.15642
239,0.46766,0.0572958,9,1.28667,0.0678178,3.11895
240,0.478795,0.0854801,8,1.74,0.0634879,2.7754
241,0.45249,0.0695663,8,1.43333,0.067017,2.55083
242,0.518529,0.0727059,9,1.45333,0.0685437,2.68197
243,0.406966,0.0485507,8,1.18667,0.0669844,2.57838
244,0.521006,0.0714239,8,1.52,0.0678376,2.51495
245,0.452379,0.105285,8,2.02,0.0683849,3.18489
246,0.416873,0.0929738,10,2.04667,0.0656405,3.07664
247,0.471794,0.0930599,8,1.90667,0.0694666,3.01516
248,0.605592,0.141089,9,2.57333,0.0678562,3.02533
249,0.438615,0.0901896,8,1.77333,0.0673404,2.90515
250,0.560766,0.128827,10,2.46,0.06998,3.05965
251,0.393918,0.0606441,7,1.28667,0.0682873,2.71007
252,0.46062,0.0571906,8,1.20667,0.0631777,2.51334
253,0.505373,0.0666534,8,1.48,0.0661034,2.70666
254,0.46204,0.064068,9,1.39333,0.0654762,2.54442
255,0.384348,0.0488657,8,1.15333,0.0709921,2.62734
256,0.391907,0.0536389,8,1.16667,0.0674988,2.49846
257,0.482743,0.0736014,8,1.75333,0.0718758,2.68608
258,0.442572,0.064327,9,1.56,0.068438,2.42766
259,0.522151,0.0621961,9,1.45333,0.0695273,2.78239
260,0.546903,0.0776404,9,1.75333,0.0681,2.38803
261,0.537167,0.0603847,8,1.33333,0.0690874,2.93319
262,0.675226,0.112435,10,1.83333,0.0689036,2.78421
263,0.460621,0.0561642,8,1.14,0.0670843,2.73674
264,0.369813,0.0491004,8,1.12667,0.0703959,3.09321
265,0.416062,0.050274,8,1.18,0.0676445,2.99694
266,0.406579,0.0515789,7,1.04667,0.0677001,2.57611
267,0.385035,0.0445952,7,1.07333,0.0697217,2.93298
268,0.503472,0.0469224,9,1.15333,0.066869,2.0447
269,0.526211,0.0599563,8,1.24,0.0658437,2.40599
270,0.469138,0.0713712,8,1.52667,0.0693095,2.94094
271,0.552529,0.0869614,9,1.74,0.0662691,2.74179
272,0.464809,0.106098,8,2.16,0.0681289,3.07896
273,0.589152,0.0924899,9,1.82,0.0678367,3.14146
274,0.523013,0.0640495,8,1.58,0.068812,3.11385
275,0.477916,0.07308,9,1.68,0.0674339,2.74101
276,0.547122,0.0782507,9,1.86667,0.0675206,2.80157
277,0.515696,0.0601556,9,1.33333,0.0660603,3.05232
278,0.53272,0.0688792,9,1.32667,0.0672269,2.76201
279,0.505219,0.0732738,8,1.32667,0.0662488,2.78424
280,0.535372,0.0779068,9,1.64,0.0640671,2.83038
281,0.355575,0.0554534,7,1.24667,0.0700878,2.899
282,0.431865,0.0574671,8,1.36667,0.0662226,2.63358
283,0.457211,0.063565,8,1.38,0.0649443,2.81206
284,0.587063,0.0998787,9,1.84667,0.0693189,2.68403
285,0.54251,0.0879766,9,1.76667,0.0696669,2.80747
286,0.455066,0.0772316,9,1.62667,0.068324,3.01644
287,0.487866,0.0589852,8,1.26,0.0679984,3.09285
288,0.466615,0.0660253,9,1.43333,0.0661055,2.29346
289,0.477275,0.0604323,8,1.31333,0.064626,2.3812
290,0.459443,0.0445336,8,1.12667,0.0676834,2.41206
291,0.516968,0.0674052,8,1.16,0.0655569,2.60015
292,0.467028,0.0523838,8,1.09333,0.067114,2.66902
293,0.494741,0.0799289,9,1.79333,0.0719278,3.28165
294,0.51918,0.0818995,9,1.74667,0.0682229,2.98177
295,0.543338,0.0779695,9,1.64667,0.0673566,2.87585
296,0.572169,0.119396,9,2.17333,0.0651169,2.53067
297,0.572943,0.105316,9,1.92667,0.0691701,2.99026
298,0.364705,0.0618546,7,1.46,0.0672453,3.14067
299,0.400906,0.0564149,7,1.24667,0.065209,2.68363
300,0.392953,0.054704,7,1.34,0.0679506,2.74996
301,0.493469,0.0595731,8,1.43333,0.0722637,3.49146
302,0.553359,0.0733513,9,1.68667,0.0651916,2.85508
303,0.439485,0.0712406,8,1.56,0.0674875,2.77865
304,0.445374,0.0656681,8,1.45333,0.0677403,2.81908
305,0.599334,0.0759778,9,1.57333,0.0689765,2.72388
306,0.454612,0.0615593,8,1.32667,0.0681364,3.02081
307,0.435381,0.0601326,7,1.16667,0.0660562,2.78028
308,0.560968,0.0769675,9,1.62667,0.0676186,3.05813
309,0.585498,0.0732844,9,1.74,0.0692982,2.75628
310,0.362059,0.0595598,7,1.45333,0.0657009,2.88355
311,0.458766,0.0666688,9,1.60667,0.0693615,2.51258
312,0.451984,0.0608783,8,1.37333,0.0681957,2.47516
313,0.422624,0.0668175,7,1.38,0.0683483,2.5141
314,0.459383,0.0635045,9,1.62,0.0663929,2.98378
315,0.456511,0.0643219,8,1.74667,0.0695202,3.20013
316,0.388249,0.0924942,7,1.76,0.0667198,3.17763
317,0.520023,0.11385,8,2.40667,0.0693348,3.42972
318,0.480327,0.103372,8,2.12667,0.0660559,2.91305
319,0.422431,0.076589,9,1.86667,0.0708202,3.20608
320,0.552497,0.119273,9,2.28,0.0666142,2.96295
321,0.413137,0.0832832,8,1.65333,0.0681574,2.75145
322,0.600817,0.0894242,10,1.82667,0.0675837,2.50707
323,0.584976,0.0740041,10,1.65333,0.0699948,2.75687
324,0.411357,0.0635171,9,1.6,0.0719381,3.10129
325,0.455876,0.0765434,9,1.9,0.0679401,3.14848
326,0.507972,0.0672599,9,1.82,0.0714254,3.52213
327,0.498971,0.0874034,7,1.93333,0.0649397,2.8861
328,0.529634,0.0707384,9,1.58667,0.0675656,2.73072
329,0.524797,0.0871181,8,1.74667,0.0679269,3.44376
330,0.388048,0.0709278,7,1.52667,0.0661492,2.96478
331,0.508251,0.0706186,9,1.48667,0.0668599,3.20126
332,0.433964,0.071893,7,1.52667,0.0676984,2.65737
333,0.545374,0.0653292,8,1.58667,0.0678298,3.29625
334,0.627967,0.108448,9,2.20667,0.0690328,2.93625
335,0.465223,0.0521379,8,1.20667,0.0656437,3.06747
336,0.48397,0.0613324,8,1.36667,0.0682884,3.51796
337,0.615682,0.078171,9,1.95333,0.0687447,3.63409
338,0.364867,0.0831479,7,1.86667,0.0651495,3.56393
339,0.489135,0.087279,8,1.69333,0.0658506,2.9145
340,0.623908,0.0941982,9,2.08,0.0695783,3.46418
341,0.562659,0.0984803,9,2.21333,0.0696027,3.21023
342,0.522545,0.119432,8,2.3,0.0661357,3.49738
343,0.358668,0.0566036,8,1.51333,0.0662893,3.24045
344,0.491714,0.102381,9,2.4,0.0696358,3.73015
345,0.480395,0.093114,9,2.19333,0.0696603,3.52793
346,0.546218,0.081827,8,1.73333,0.0683919,3.43061
347,0.389632,0.06698,7,1.58667,0.0635132,3.62243
348,0.481092,0.0882085,9,1.82,0.0655939,3.46832
349,0.564182,0.0553519,8,1.28667,0.0664539,3.93274
350,0.52212,0.0814526,9,1.87333,0.0710334,3.47705
351,0.531624,0.0690836,8,1.72,0.0695205,3.32246
352,0.481706,0.0878171,8,1.92,0.0649245,2.76026
353,0.497485,0.0586595,9,1.44,0.0673466,3.32624
354,0.479018,0.0719409,8,1.72667,0.0689153,3.25778
355,0.446489,0.0781507,7,1.66,0.0644996,3.35753
356,0.440273,0.0733979,7,1.71333,0.0686023,3.01704
357,0.392808,0.0704625,9,1.88,0.0672556,3.408
358,0.701734,0.0940804,10,2.21333,0.0663702,3.02509
359,0.377807,0.0616848,8,1.36667,0.0702339,3.29183
360,0.461728,0.0632329,8,1.40667,0.0676445,3.30549
361,0.441975,0.0764994,8,1.91333,0.070729,3.19026
362,0.476884,0.0850032,8,1.87333,0.0672044,3.13403
363,0.491263,0.0749506,8,1.76667,0.0672906,2.97073
364,0.563804,0.0770197,9,1.88667,0.0683319,2.94923
365,0.358616,0.0438325,9,1.24,0.0660011,3.15659
366,0.479272,0.0767987,9,1.94,0.0693617,3.37961
367,0.472286,0.0493836,8,1.28,0.0655525,3.3508
368,0.658879,0.075871,10,1.92667,0.0685008,3.41458
369,0.541372,0.065552,8,1.60667,0.0696934,3.09064
370,0.403517,0.0435608,6,1.11333,0.0695307,3.26429
371,0.435717,0.0623118,8,1.58667,0.071411,3.38158
372,0.560465,0.0838334,9,1.88,0.0686834,3.4514
373,0.533878,0.0612823,9,1.56667,0.0671762,3.65974
374,0.617498,0.0638696,8,1.56667,0.0651777,3.12731
375,0.493656,0.0801612,9,1.74667,0.0689273,2.80557
376,0.642228,0.0800439,9,1.70667,0.0670984,2.92426
377,0.417075,0.0612835,8,1.89333,0.0737349,3.76999
378,0.608717,0.101396,9,2.24667,0.0670374,3.18132
379,0.392062,0.0647156,8,1.65333,0.0663543,3.26644
380,0.464679,0.0684875,7,1.7,0.0660496,3.82817
381,0.444161,0.0737854,8,1.82,0.0675342,3.79188
382,0.560277,0.0676391,10,1.63333,0.0708704,3.3761
383,0.498301,0.0549429,10,1.47333,0.0695015,3.13505
384,0.433662,0.0697749,9,1.91333,0.0675136,3.05225
385,0.490524,0.05972,9,1.47333,0.0660276,3.40426
386,0.442081,0.0413235,8,1.15333,0.0653201,3.50726
387,0.475355,0.0668703,9,1.64,0.0648758,3.02636
388,0.499689,0.0890147,8,2.25333,0.066483,3.15378
389,0.319723,0.0311765,7,1.02,0.0667054,3.32236
390,0.507437,0.0491872,8,1.42,0.0668354,3.05132
391,0.483648,0.0604731,8,1.50667,0.0646894,3.21566
392,0.601925,0.0442167,10,1.12,0.0672818,3.00888
393,0.377965,0.0461418,8,1.18667,0.0681382,2.8434
394,0.543025,0.0543903,9,1.42667,0.0682911,3.01945
395,0.560051,0.0698174,9,1.71333,0.0672617,3.06196
396,0.342719,0.0282941,8,0.813333,0.0680496,3.36602
397,0.446128,0.0456291,8,1.26667,0.073692,3.16505
398,0.459602,0.0351177,9,1.22,0.0636889,3.02482
399,0.459862,0.0612863,8,1.61333,0.0667001,3.18887
400,0.558316,0.0473158,10,1.16667,0.0664335,2.36864
401,0.483091,0.0314985,10,1.02667,0.0690289,2.44518
402,0.486798,0.0355035,8,1.02,0.0662097,2.64195
403,0.521628,0.0778389,7,1.62,0.0660837,2.54111
404,0.484634,0.0554583,8,1.44667,0.0688601,2.57936
405,0.447217,0.0378292,7,1.12667,0.0697208,3.02411
406,0.609281,0.0347012,10,1.06,0.0673983,2.59178
407,0.405892,0.0309502,9,1.16,0.0693405,2.80496
408,0.372087,0.0358438,7,1.00667,0.0674212,2.58679
409,0.547313,0.0526369,9,1.41333,0.0722727,2.97627
410,0.433944,0.0493136,8,1.24,0.0667534,2.78211
411,0.468452,0.0377903,8,1.06,0.0692887,3.22599
412,0.440062,0.033893,8,1.16667,0.0665117,2.98179
413,0.376146,0.0363333,9,1.14,0.0653542,3.7016
414,0.385091,0.0349082,9,1.26667,0.0673918,2.53939
415,0.582897,0.0653509,8,1.44667,0.0720708,2.8052
416,0.570595,0.0534812,8,1.33333,0.0641222,2.51649
417,0.398763,0.0331806,7,0.92,0.0678415,2.64549
418,0.423646,0.0396818,8,1.28667,0.0668112,2.63501
419,0.391806,0.0308649,8,1.02667,0.0645867,2.59435
420,0.574982,0.0368278,10,1.08,0.0670617,2.85838
421,0.472299,0.0441467,7,1.17333,0.0649957,2.56057
422,0.419785,0.0387575,8,1.18667,0.0685441,3.17705
423,0.531534,0.0556483,8,1.31333,0.067074,2.5841
424,0.487879,0.0484061,7,1.23333,0.065692,2.7855
425,0.388724,0.0607329,6,1.29333,0.0677384,2.91667
426,0.536105,0.0419887,9,1.28,0.0714529,2.80314
427,0.448321,0.0435484,8,1.37333,0.0679946,2.64834
428,0.4286,0.0258124,7,0.993333,0.0687526,2.53202
429,0.496729,0.0381699,9,1.17333,0.0701717,2.68737
430,0.463179,0.0363083,9,1.26667,0.0703373,2.09228
431,0.407215,0.027154,8,1.16667,0.0669207,2.67549
432,0.458692,0.032715,10,1.30667,0.0721191,2.07751
433,0.341877,0.0258891,8,1.03333,0.0660221,2.1846
434,0.329505,0.0192047,7,0.846667,0.0661689,2.03307
435,0.393711,0.0780699,8,1.90667,0.0670858,2.91745
436,0.360571,0.0335871,9,1.18667,0.0683056,2.5775
437,0.401142,0.0602041,8,1.43333,0.0694876,3.29979
438,0.466238,0.0477859,8,1.69333,0.0676811,2.79144
439,0.530654,0.0745979,8,1.71333,0.0665144,3.12198
440,0.452661,0.0852942,9,1.95333,0.0684535,3.17076
441,0.488704,0.0724508,9,1.80667,0.0690924,3.18103
442,0.415789,0.0679162,8,1.63333,0.0653087,2.80156
443,0.481758,0.0518534,8,1.3,0.063839,2.39426
444,0.473591,0.095034,8,2.10667,0.0682407,3.02891
445,0.422874,0.0797499,7,1.66,0.0675917,3.17841
446,0.458177,0.0839546,9,1.76,0.0655082,2.32571
447,0.529352,0.0789514,9,1.90667,0.0680202,3.08368
448,0.325591,0.0445915,8,1.38,0.0665238,3.19493
449,0.410144,0.0508805,9,1.34667,0.0673669,2.9623
450,0.519136,0.0686177,8,1.5,0.0669442,2.67249
451,0.334331,0.0408988,8,1.18,0.0656715,3.18774
452,0.447164,0.0639522,8,1.51333,0.0689668,3.19955
453,0.498979,0.0601889,10,1.67333,0.0695151,3.20404
454,0.558224,0.0736118,10,1.89333,0.0687395,3.17519
455,0.574922,0.0493593,8,1.2,0.0648739,2.54788
456,0.596216,0.0454513,10,1.18667,0.0674352,2.40789
457,0.511368,0.0582091,9,1.41333,0.0666065,2.31685
458,0.398652,0.0440753,6,1.25333,0.0676135,2.72021
459,0.387069,0.0614877,8,1.34667,0.065124,2.78811
460,0.396096,0.0548235,7,1.25333,0.0666815,2.53974
461,0.564806,0.0656687,9,1.47333,0.066792,2.49832
462,0.510046,0.0921745,8,1.8,0.0648207,2.76303
463,0.573591,0.107496,10,2.04,0.0697477,3.02399
464,0.549994,0.0752282,10,1.75333,0.0683967,2.73926
465,0.399981,0.0522072,8,1.42,0.0665512,2.7762
466,0.515448,0.08659,8,1.94,0.066916,2.68838
467,0.532845,0.0835094,9,2.15333,0.0687195,3.02534
468,0.55955,0.115543,10,2.64667,0.0670319,2.61137
469,0.457144,0.0869553,7,1.59333,0.0673951,2.91134
470,0.558194,0.0915161,9,1.99333,0.0677391,2.75783
471,0.589613,0.0903306,9,1.77333,0.0670706,2.68034
472,0.498381,0.0607594,8,1.36,0.0690633,2.8215
473,0.573616,0.0943501,9,2.06667,0.0691445,2.86588
474,0.591605,0.0591598,10,1.4,0.0675272,2.82031
475,0.411019,0.0624287,9,1.62,0.069706,2.77063
476,0.338052,0.0343725,6,0.973333,0.0660903,2.11211
477,0.481233,0.054285,8,1.24,0.0697931,2.52391
478,0.480679,0.0699117,8,1.6,0.0678844,3.05269
479,0.547694,0.100273,9,1.97333,0.0667371,2.81429
480,0.449234,0.0836989,7,1.6,0.0658305,2.75018
481,0.552221,0.0731634,10,1.66667,0.0652014,3.0713
482,0.564929,0.106269,9,2.21333,0.0681002,2.83145
483,0.478103,0.0733088,8,1.87333,0.0671872,3.07734
484,0.633944,0.100455,10,1.9,0.0644266,2.73276
485,0.408229,0.0722882,7,1.58,0.0647416,2.74312
486,0.395244,0.0668762,7,1.64667,0.0638267,2.93815
487,0.490222,0.0621114,9,1.49333,0.0682189,2.94736
488,0.392171,0.0731831,7,1.46,0.0664227,2.9472
489,0.553868,0.0981017,10,1.83333,0.0671602,2.74163
490,0.536367,0.0824605,9,1.59333,0.0660795,2.90865
491,0.495894,0.119329,8,2.13333,0.0714075,3.06045
492,0.648065,0.0923169,9,1.90667,0.0689229,2.73049
493,0.538385,0.0719415,9,1.57333,0.0664697,2.98924
494,0.48555,0.0785021,9,1.81333,0.0679296,3.16236
495,0.489444,0.102499,9,2.14667,0.0682312,2.88263
496,0.485179,0.123121,9,2.41333,0.069791,2.89374
497,0.681159,0.0817228,9,1.82,0.0629238,2.8697
498,0.56468,0.102918,10,2.19333,0.0636066,2.72842
499,0.488153,0.0812537,8,1.74,0.0685763,3.2594
500,0.337549,0.0505063,7,1.42667,0.0676919,3.0169
501,0.584824,0.106074,9,2.18667,0.0686358,2.78787
502,0.502278,0.106567,8,2.1,0.069421,3.07083
503,0.418845,0.0869211,7,1.74667,0.0661622,3.01649
504,0.467198,0.112801,8,2.12667,0.0672719,2.89742
505,0.429931,0.104313,8,2.08667,0.0698643,3.51916
506,0.603619,0.137112,9,2.52,0.0697823,2.83646
507,0.554855,0.112674,9,2.19333,0.0654045,2.70653
508,0.492485,0.1033,9,2.06667,0.0662508,2.80406
509,0.50934,0.0953957,9,2.2,0.0683018,3.39001
510,0.581757,0.0666545,8,1.51333,0.0660051,3.07635
511,0.487444,0.0983505,8,1.86667,0.0659297,3.05242
512,0.523191,0.106337,8,2.04,0.0643016,3.36251
513,0.468147,0.0896596,8,1.90667,0.0674783,3.10851
514,0.484698,0.0912205,8,1.90667,0.0715758,3.2631
515,0.603021,0.109235,9,2.37333,0.0663208,2.92349
516,0.598671,0.121079,10,2.54,0.068954,3.02767
517,0.618027,0.0670925,9,1.67333,0.0648005,2.95568
518,0.431314,0.0968075,9,2.04667,0.0681057,2.97413
519,0.381593,0.0684686,7,1.5,0.06653,2.75584
520,0.59951,0.10476,8,2.16,0.0659581,2.74755
521,0.576946,0.10064,10,2,0.0692218,2.8986
522,0.493999,0.0901568,9,1.94667,0.0698041,3.00577
523,0.495522,0.0778468,8,1.65333,0.0680015,3.15962
524,0.587488,0.105993,9,2.09333,0.0686964,2.8205
525,0.378431,0.0853643,8,2.03333,0.0691722,3.52277
526,0.457452,0.088073,9,1.86,0.0698223,3.26661
527,0.418158,0.0833555,8,1.65333,0.0660784,2.9072
528,0.507977,0.0982225,9,2.08667,0.0708297,3.29519
529,0.534015,0.117299,9,2.34,0.0663552,2.80838
530,0.651941,0.125999,10,2.36,0.0702555,3.10562
531,0.581236,0.138505,10,2.58,0.0691729,2.49672
532,0.544119,0.100955,9,2.06,0.0665243,2.75495
533,0.665096,0.101628,9,2,0.0667185,2.75482
534,0.432881,0.0947248,7,1.55333,0.0676631,2.81255
535,0.648075,0.0985495,9,2.01333,0.0687764,2.86444
536,0.487442,0.0684845,7,1.42,0.0669011,3.037
537,0.506015,0.0924339,9,1.85333,0.0673932,2.76416
538,0.556056,0.091851,8,1.78667,0.0694066,2.45563
539,0.440305,0.0604796,7,1.12,0.0680669,2.30656
540,0.602846,0.101244,9,1.93333,0.0674216,2.51312
541,0.63838,0.0784629,9,1.53333,0.0672322,2.37102
542,0.578279,0.105157,7,1.80667,0.0669099,2.80146
543,0.470458,0.0813955,8,1.50667,0.0655722,2.93855
544,0.462135,0.0749954,8,1.81333,0.0674392,3.02638
545,0.50914,0.0885807,8,1.68667,0.0650386,2.84125
546,0.584175,0.103052,10,2.16667,0.0696236,3.13576
547,0.502404,0.102585,8,1.99333,0.0677442,3.02093
548,0.560887,0.0976008,9,2.04667,0.0705851,2.96328
549,0.470745,0.0706814,7,1.44,0.0658263,2.92855
550,0.440758,0.0565589,8,1.44667,0.0675269,3.05104
551,0.582831,0.0957031,8,1.80667,0.0688808,3.02609
552,0.729345,0.137307,10,2.4,0.0696287,2.94983
553,0.611976,0.115596,9,2.22,0.0702654,3.1353
554,0.504952,0.0883492,8,1.69333,0.0645188,3.00509
555,0.539286,0.0633071,8,1.42,0.0670435,3.18001
556,0.637614,0.0802858,9,1.76,0.0694278,2.64215
557,0.396231,0.0596337,7,1.36,0.067928,2.78733
558,0.65935,0.0737244,9,1.68,0.0652515,2.75631
559,0.584421,0.0566945,7,1.50667,0.0647765,2.7868
560,0.633434,0.120922,10,2.41333,0.0692652,2.66564
561,0.652242,0.105763,9,2.27333,0.0693342,2.99756
562,0.666217,0.0938527,9,2,0.0701843,3.06956
563,0.501717,0.0710664,8,1.78667,0.0715677,3.10634
564,0.510352,0.106045,8,2.16,0.066005,2.87936
565,0.542899,0.103837,9,2.11333,0.0655688,2.74528
566,0.562686,0.0859484,8,1.81333,0.0680063,2.85274
567,0.50386,0.0722838,7,1.48667,0.0657116,2.61091
568,0.640704,0.0836598,9,1.9,0.0699013,2.92192
569,0.529507,0.0916505,8,2.07333,0.0683679,2.94918
570,0.519465,0.0612027,7,1.46,0.0675922,2.82162
571,0.590073,0.117856,9,2.47333,0.0657103,2.85449
572,0.454333,0.0782576,7,1.56,0.0664763,2.69588
573,0.453444,0.131301,8,2.59333,0.0645774,2.60735
574,0.579012,0.124211,8,2.22667,0.0669662,2.40367
575,0.556377,0.0905287,7,1.68,0.0652079,2.55157
576,0.628512,0.106522,9,2,0.0699609,2.42792
577,0.497683,0.0998494,8,1.86667,0.0686038,2.46437
578,0.486034,0.0766702,8,1.62,0.0665571,2.62567
579,0.573988,0.0727647,9,1.68667,0.0686441,2.42068
580,0.627609,0.118314,9,2.36667,0.067054,2.85377
581,0.579577,0.092442,8,1.83333,0.0669856,2.64566
582,0.471959,0.0923037,7,1.82,0.0675077,2.7343
583,0.439449,0.0942115,9,1.86667,0.0669266,2.87491
584,0.498276,0.0908997,8,1.74667,0.0674051,2.43755
585,0.470645,0.0681338,7,1.40667,0.0658328,2.6635
586,0.532676,0.10906,9,1.92667,0.0684612,2.64318
587,0.496483,0.0653546,7,1.33333,0.0685998,2.81933
588,0.552499,0.0864005,9,1.92,0.0698156,2.74097
589,0.463437,0.0784915,8,1.67333,0.0661204,2.24009
590,0.690797,0.101409,10,1.92,0.0684579,2.47912
591,0.464917,0.0569122,9,1.30667,0.0691948,2.45669
592,0.526228,0.0843882,8,1.8,0.0692053,2.61132
593,0.66868,0.117738,9,2.54667,0.0679084,3.23041
594,0.579362,0.102776,8,1.95333,0.0672727,2.74859
595,0.520538,0.0868863,8,1.78,0.0665237,2.71819
596,0.675849,0.0931603,9,1.97333,0.0681749,2.54986
597,0.498774,0.107231,8,2.19333,0.0677554,2.72645
598,0.860633,0.131185,10,2.32,0.0654415,2.61108
599,0.523945,0.0913546,9,1.8,0.0685399,2.6033
600,0.662704,0.108027,8,2.1,0.0693148,2.57328
601,0.451499,0.0630183,8,1.59333,0.0671945,2.92763
602,0.751506,0.115369,10,2.18,0.0675427,2.7826
603,0.585632,0.0774761,9,1.80667,0.0666863,2.77567
604,0.545658,0.0727476,8,1.57333,0.0636899,2.44328
605,0.644082,0.0943013,10,2.04,0.0676814,2.71469
606,0.597725,0.0863212,8,1.98,0.0662831,2.84446
607,0.558297,0.0769558,8,1.38667,0.065473,2.5465
608,0.516933,0.0515386,7,0.993333,0.0641213,2.48464
609,0.581962,0.11106,10,2.24,0.0693346,2.29553
610,0.476355,0.0939478,7,1.71333,0.065933,2.56321
611,0.55864,0.10745,9,2.09333,0.0701156,2.83286
612,0.744755,0.151703,10,2.57333,0.0667418,2.55964
613,0.499801,0.0997622,8,2.02,0.0776931,2.93376
614,0.61628,0.117195,9,2.38,0.0655212,2.69357
615,0.573909,0.0782819,8,1.72,0.0676172,3.3489
616,0.82208,0.137599,10,2.6,0.0682968,2.64504
617,0.470124,0.10647,9,2.04,0.0647355,2.63099
618,0.630774,0.101733,8,1.9,0.0683736,2.55753
619,0.646662,0.0823952,8,1.83333,0.0693473,2.67055
620,0.57541,0.120781,8,2.06,0.066505,2.22732
621,0.59847,0.115118,8,2.22,0.0652543,2.56661
622,0.596178,0.114011,8,1.96667,0.0671538,2.57993
623,0.641975,0.148403,9,2.88,0.0638544,2.79128
624,0.860731,0.20153,10,3.52667,0.0662202,2.65078
625,0.452497,0.0732737,7,1.52667,0.0652472,3.14261
626,0.667872,0.122945,9,2.43333,0.0654826,2.69865
627,0.607965,0.113859,8,2.32,0.066649,2.8015
628,0.728046,0.102889,9,2.2,0.0712612,2.81244
629,0.661535,0.113251,9,2.19333,0.0684752,2.81323
630,0.685464,0.129318,9,2.57333,0.0659534,2.76473
631,0.574495,0.090657,8,1.98,0.0693107,3.15147
632,0.732596,0.119157,10,2.26,0.0692137,3.02104
633,0.726851,0.144501,10,2.58667,0.0712815,2.70527
634,0.620204,0.120198,9,2.49333,0.0670478,2.83736
635,0.393576,0.0771914,7,1.83333,0.0640341,3.12305
636,0.605601,0.128781,10,2.55333,0.070076,3.21862
637,0.519561,0.137879,9,2.86,0.0661792,2.94236
638,0.666078,0.137978,9,2.54,0.0645396,2.8795
639,0.77131,0.147938,9,2.9,0.0656126,2.75499
640,0.672211,0.138883,9,2.79333,0.0670829,2.92924
641,0.546277,0.114918,9,2.38,0.0696354,3.05644
642,0.424097,0.0959419,7,2.12667,0.066781,3.08284
643,0.634062,0.124667,9,2.58667,0.0671238,2.91075
644,0.58037,0.118351,8,2.18,0.0658606,3.03197
645,0.573373,0.136802,10,2.69333,0.0693441,3.18648
646,0.752877,0.153204,9,2.64667,0.0677668,3.02988
647,0.527665,0.106167,8,2.13333,0.0685001,3.01694
648,0.626296,0.1244,9,2.24,0.0635434,2.75586
649,0.637168,0.135956,10,2.8,0.0678205,2.85069
650,0.50361,0.113208,8,2.14,0.0648822,2.72592
651,0.604286,0.0852009,9,2.04667,0.0691946,2.8987
652,0.41913,0.0876836,7,1.87333,0.0656046,3.02344
653,0.674161,0.122559,10,2.34,0.0651878,2.8321
654,0.73464,0.12772,10,2.48667,0.0691617,2.84316
655,0.503214,0.110135,8,2.04667,0.0663897,3.01336
656,0.658462,0.133656,10,2.43333,0.0673161,2.98148
657,0.589259,0.113585,9,2.21333,0.0661921,2.74562
658,0.734662,0.101124,9,2.08667,0.067654,2.85205
659,0.467047,0.0632435,8,1.29333,0.0656272,2.97357
660,0.674511,0.108118,9,2.25333,0.0691195,2.54387
661,0.526098,0.10029,7,1.83333,0.0642038,2.96453
662,0.732868,0.139545,10,2.7,0.0687613,2.79967
663,0.50093,0.121978,8,2.25333,0.0670665,2.75176
664,0.540848,0.096479,8,1.84,0.0667369,3.01445
665,0.608977,0.0937364,9,1.96,0.0653082,3.06736
666,0.532459,0.101641,8,1.79333,0.0714578,2.96999
667,0.53108,0.101618,9,1.96667,0.0676099,2.63018
668,0.558829,0.0774257,8,1.57333,0.0672974,2.92368
669,0.596047,0.116004,9,2.06667,0.0697376,2.67473
670,0.488323,0.0792194,8,1.65333,0.0653995,3.01983
671,0.447568,0.0744836,7,1.69333,0.0702961,3.45497
672,0.475701,0.0859272,8,1.78,0.0669763,3.22376
673,0.667169,0.121462,9,2.74,0.0692106,3.06185
674,0.589185,0.0984209,9,2.05333,0.0641815,3.02333
675,0.576065,0.0738065,7,1.35333,0.0672336,2.85339
676,0.57609,0.0910083,8,1.68667,0.0693417,2.67332
677,0.64858,0.134511,9,2.25333,0.0665961,2.55599
678,0.727976,0.140624,10,2.41333,0.0699851,2.84995
679,0.733494,0.116257,9,2,0.0623701,2.6142
680,0.634135,0.110724,9,2.20667,0.0661244,3.13157
681,0.698399,0.126318,9,2.11333,0.0671138,2.72039
682,0.644834,0.114063,9,2.04,0.0683006,2.83288
683,0.538298,0.109501,8,1.95333,0.0661142,3.02473
684,0.707478,0.137136,9,2.35333,0.0702147,3.03141
685,0.725783,0.143833,9,2.40667,0.0718537,2.8058
686,0.523097,0.13413,8,2.24667,0.0641683,2.92943
687,0.776919,0.112499,10,2.18,0.070055,3.13397
688,0.729002,0.134303,9,2.24667,0.0669375,2.89518
689,0.596725,0.109397,9,2.16667,0.0649733,2.95753
690,0.59463,0.107713,9,2.05333,0.0667445,2.9806
691,0.841028,0.144508,10,2.49333,0.0682586,2.81305
692,0.717626,0.141329,9,2.7,0.069829,2.94131
693,0.832858,0.16095,10,3.02667,0.0698542,2.99372
694,0.674762,0.16498,9,2.72,0.0666072,2.54164
695,0.736587,0.157883,10,2.92667,0.0698275,2.97934
696,0.742237,0.15204,9,2.68667,0.0695916,2.51336
697,0.5581,0.124888,8,2.19333,0.0663788,2.81822
698,0.632664,0.135813,9,2.36,0.0663743,2.96819
699,0.570608,0.111106,8,1.9,0.0677908,2.72715
700,0.623976,0.122395,9,2.02667,0.0687908,2.97782
701,0.584422,0.141403,10,2.34667,0.0660243,2.77538
702,0.759967,0.192015,9,3.27333,0.0661256,2.96374
703,0.669495,0.171765,9,2.82,0.0644339,2.73635
704,0.675965,0.185075,10,2.94,0.0685237,2.7206
705,0.497154,0.113651,8,1.90667,0.0670535,3.03607
706,0.768334,0.157212,10,2.62,0.0674946,2.78277
707,0.688362,0.145533,9,2.28667,0.0650146,2.87782
708,0.618027,0.145423,8,2.42,0.0655968,3.01752
709,0.676288,0.154231,9,2.33333,0.063594,2.77861
710,0.73413,0.169225,9,2.81333,0.0671952,3.12855
711,0.568987,0.13094,8,2.15333,0.0670079,3.09027
712,0.772007,0.168222,10,2.78,0.068462,2.64947
713,0.678291,0.125944,10,2.27333,0.0685895,3.34939
714,0.547706,0.142738,9,2.54667,0.0680634,3.0355
715,0.664513,0.154524,9,2.45333,0.0674901,2.63879
716,0.722003,0.161088,9,2.56667,0.0685902,2.67435
717,0.551492,0.144543,8,2.23333,0.0688353,2.80501
718,0.637601,0.207832,9,3.19333,0.0688661,2.81732
719,0.721308,0.164504,9,2.59333,0.0674778,2.99732
720,0.726503,0.177478,9,2.74,0.067861,2.72957
721,0.593535,0.0983626,8,1.71333,0.0655292,2.52061
722,0.626612,0.160218,9,2.73333,0.0694787,2.61382
723,0.693257,0.0945233,8,1.57333,0.0682244,2.88998
724,0.745043,0.168218,10,2.58,0.0691702,2.78859
725,0.702569,0.141195,9,2.18,0.0679291,3.03699
726,0.545164,0.125087,7,1.96,0.0684088,2.55193
727,0.724749,0.119846,9,2.07333,0.0653916,2.87245
728,0.586127,0.12217,8,1.99333,0.066772,2.46054
729,0.745744,0.0950234,10,1.54,0.0662164,2.4817
730,0.668263,0.115675,9,1.86,0.0696825,2.85946
731,0.587909,0.0937227,8,1.42,0.0656995,2.52917
732,0.656125,0.0870698,9,1.32,0.0651844,2.45832
733,0.615677,0.0796301,8,1.32,0.0695553,2.49304
734,0.756556,0.131499,10,1.94,0.066591,2.24546
735,0.693757,0.157179,9,2.47333,0.0685063,2.35336
736,0.730912,0.179904,10,2.80667,0.0669305,2.5615
737,0.566259,0.116139,7,1.72,0.0678448,2.58161
738,0.646898,0.112069,8,1.87333,0.0681251,2.48477
739,0.72306,0.124631,8,2,0.0693385,2.49236
740,0.696732,0.137967,10,2.02,0.0656035,2.38792
741,0.589076,0.143053,7,2.06,0.0663957,2.3715
742,0.482776,0.0827611,6,1.19333,0.0682388,2.82814
743,0.596729,0.130161,8,1.99333,0.0667732,2.7393
744,0.786804,0.167281,10,2.62,0.0706742,2.42537
745,0.545909,0.117068,8,1.79333,0.0665264,2.74814
746,0.721023,0.135199,10,2.15333,0.0684115,2.50907
747,0.543788,0.112942,8,1.85333,0.0642589,2.29196
748,0.6894,0.110074,9,1.82,0.0652958,2.35236
749,0.649349,0.10421,9,1.65333,0.0659728,2.49898
750,0.579139,0.10292,7,1.83333,0.064143,2.68627
751,0.829448,0.186994,10,2.48667,0.0636034,2.57881
752,0.630189,0.175147,8,2.42,0.0682401,2.63449
753,0.712263,0.114669,9,2.02,0.0655593,2.76461
754,0.765236,0.163419,10,2.57333,0.0678772,2.91975
755,0.635216,0.124649,9,1.86,0.0646312,2.68249
756,0.675031,0.115866,8,1.82,0.0660731,2.59593
757,0.739294,0.151736,10,2.43333,0.069378,2.7913
758,0.741524,0.176209,9,2.47333,0.0693666,2.5458
759,0.77348,0.161463,9,2.29333,0.0689861,2.17329
760,0.632855,0.131372,10,1.98,0.067646,2.51816
761,0.703932,0.131147,9,1.96,0.0651714,2.19582
762,0.782722,0.133837,9,2.27333,0.0689117,2.64085
763,0.759143,0.206781,10,2.94667,0.0674223,2.58273
764,0.552127,0.105394,9,1.58667,0.0661574,2.79862
765,0.69065,0.177369,9,2.75333,0.0661887,2.42962
766,0.651763,0.135774,8,2.28667,0.0705237,2.80469
767,0.556791,0.113898,7,1.87333,0.0672828,2.9612
768,0.662024,0.15519,9,2.4,0.0651634,2.72364
769,0.633478,0.127983,8,1.95333,0.0647639,2.4411
770,0.724905,0.16774,10,2.70667,0.0642424,2.54218
771,0.804842,0.219552,10,3.11333,0.0686484,2.61911
772,0.715286,0.180675,9,2.88,0.0631118,2.42175
773,0.695568,0.141143,10,2.18667,0.0629143,2.73292
774,0.728197,0.132982,9,2.10667,0.0677308,2.40587
775,0.4931,0.124346,6,1.95333,0.0690957,2.83359
776,0.709412,0.12755,9,1.90667,0.0675272,2.45177
777,0.59367,0.143743,8,2.02,0.0677082,2.60404
778,0.616887,0.13317,8,2.1,0.0665686,2.61059
779,0.67555,0.178847,9,2.66,0.0682084,2.44483
780,0.562435,0.156419,8,2.28667,0.0675034,2.48507
781,0.657961,0.16269,9,2.42667,0.0700918,2.42226
782,0.644266,0.16152,9,2.37333,0.068075,2.44189
783,0.663644,0.162016,10,2.58,0.0704988,2.51795
784,0.65667,0.163688,8,2.64,0.06778,2.75742
785,0.635746,0.138081,9,2.22667,0.0657104,2.79105
786,0.763742,0.128012,10,2.20667,0.0667147,2.68782
787,0.530646,0.10783,8,1.77333,0.0693492,2.73936
788,0.654174,0.156093,9,2.29333,0.0654984,2.59491
789,0.604165,0.153319,9,2.52667,0.0657131,2.24137
790,0.755963,0.183985,9,2.88,0.0669054,2.42088
791,0.727674,0.159806,10,2.58,0.0668945,2.70571
792,0.600798,0.092799,8,1.47333,0.0671473,2.45782
793,0.617991,0.122296,8,1.94667,0.0654403,2.43695
794,0.691219,0.182755,9,2.94,0.0674473,2.43979
795,0.757516,0.155063,10,2.54667,0.0714936,2.45611
796,0.758713,0.128014,9,2.17333,0.0703842,2.90443
797,0.703433,0.161249,9,2.46,0.0676858,2.52922
798,0.719869,0.144151,10,2.16,0.0701265,2.60746
799,0.684587,0.134661,9,2.16667,0.0661357,2.71796
800,0.768278,0.140198,10,2.51333,0.070519,2.64438
801,0.61475,0.108668,8,2,0.0661748,2.72072
802,0.752539,0.160174,10,2.46,0.0654614,2.7216
803,0.850735,0.169589,10,2.71333,0.0666356,2.26813
804,0.683165,0.139079,9,2.44,0.0692847,2.71123
805,0.689144,0.162747,10,2.62,0.0648045,2.31882
806,0.751708,0.19908,10,3.00667,0.0677251,2.52523
807,0.859564,0.180348,10,2.80667,0.0699372,2.43781
808,0.518528,0.11406,7,1.74667,0.0672602,2.56108
809,0.680537,0.119184,8,1.72,0.062852,2.35626
810,0.806238,0.150474,10,2.34667,0.0655445,2.49295
811,0.817687,0.160617,10,2.63333,0.070821,2.20311
812,0.757215,0.117857,9,2.18667,0.0704304,2.51546
813,0.629292,0.12365,10,2.1,0.0678317,2.42424
814,0.522746,0.0874502,8,1.53333,0.0651855,2.33542
815,0.597268,0.140452,8,2.17333,0.0652913,2.39064
816,0.680153,0.133644,8,2.05333,0.063288,2.40881
817,0.693888,0.132939,9,2.11333,0.0698964,2.62955
818,0.752532,0.159786,9,2.56667,0.0698378,2.52745
819,0.728463,0.132918,10,2.16667,0.0633368,2.4575
820,0.592701,0.157788,9,2.40667,0.0684225,2.4358
821,0.827924,0.195877,10,2.88667,0.0714325,2.13756
822,0.791944,0.170335,10,2.54,0.0641079,2.30738
823,0.713272,0.186295,10,2.94667,0.0665746,2.2764
824,0.653089,0.126157,8,1.98,0.0675175,2.33963
825,0.649425,0.15235,9,2.31333,0.0664745,2.14276
826,0.678623,0.150184,9,2.36667,0.0692456,2.47044
827,0.754456,0.160718,10,2.48,0.0638944,2.35368
828,0.731395,0.127168,9,1.86667,0.0654022,2.07237
829,0.708287,0.127026,9,1.98,0.0712461,2.35476
830,0.750457,0.142119,10,2.23333,0.0710485,2.18347
831,0.650762,0.13401,8,2,0.0650693,1.95063
832,0.55405,0.112506,7,1.82,0.0673749,2.35646
833,0.827042,0.143994,10,2.19333,0.0657438,1.82927
834,0.571457,0.154934,8,2.48,0.0682915,2.36037
835,0.478925,0.0957708,8,1.52,0.0655552,2.12076
836,0.665918,0.106035,9,1.87333,0.0687535,2.08175
837,0.803477,0.150767,10,2.23333,0.0637307,2.01969
838,0.766881,0.163132,10,2.55333,0.0695675,2.12493
839,0.572332,0.105884,8,1.62,0.0630093,2.14705
840,0.538521,0.0778293,7,1.28,0.067689,2.12463
841,0.670943,0.109062,9,1.84667,0.0691791,2.13984
842,0.673603,0.101096,9,1.64,0.0688223,2.10685
843,0.68413,0.13574,10,2.06,0.0681707,2.41198
844,0.854679,0.152558,10,2.37333,0.0696717,2.12978
845,0.66924,0.139162,8,2.18667,0.0654442,2.26067
846,0.57554,0.146319,8,2.20667,0.0647177,2.2189
847,0.721643,0.137518,9,2.26,0.0694381,2.42772
848,0.618389,0.0963183,9,1.62667,0.0674915,2.58601
849,0.744397,0.118697,9,1.89333,0.0711132,2.61422
850,0.601527,0.107006,8,1.74667,0.0687049,2.30968
851,0.662152,0.134291,8,2,0.06853,2.17499
852,0.683069,0.125821,8,1.92,0.0643778,2.2256
853,0.74879,0.164061,10,2.43333,0.0699479,2.18654
854,0.776501,0.121195,10,1.83333,0.0697027,2.31393
855,0.696474,0.116747,9,1.86667,0.0650308,2.07063
856,0.716256,0.114069,10,1.75333,0.068253,1.93218
857,0.647751,0.137541,9,2.31333,0.0646748,2.16384
858,0.774071,0.155037,10,2.42,0.0655893,1.98327
859,0.784449,0.170143,9,2.5,0.0707551,2.01638
860,0.645133,0.0929389,9,1.55333,0.0648848,2.19925
861,0.780651,0.165454,10,2.39333,0.0712334,1.95275
862,0.659421,0.117043,10,2.01333,0.0688157,2.16382
863,0.505837,0.116027,7,1.95333,0.0663638,2.26936
864,0.554026,0.093079,8,1.70667,0.0719488,2.43119
865,0.507733,0.0879878,8,1.53333,0.0666404,2.41937
866,0.741097,0.132558,10,2.49333,0.0699033,2.40179
867,0.644429,0.123822,9,2.16667,0.066509,2.37715
868,0.575488,0.0956348,8,1.64667,0.0671864,2.40665
869,0.574228,0.0691798,7,1.38667,0.0686554,2.23101
870,0.662596,0.0993863,8,1.63333,0.0673969,2.19821
871,0.526368,0.105767,7,1.74667,0.0655311,2.03273
872,0.629501,0.0945412,8,1.58667,0.06608,2.35261
873,0.652364,0.118024,9,2.06,0.070161,2.14939
874,0.647378,0.0921081,9,1.55333,0.0629107,2.10691
875,0.860278,0.10952,10,1.78667,0.0693767,2.03249
876,0.761634,0.0730506,9,1.26,0.0678276,1.84427
877,0.669343,0.0855133,9,1.51333,0.067809,2.30696
878,0.679258,0.113945,9,1.74,0.0680121,2.22788
879,0.677609,0.102303,9,1.82,0.0675737,2.21965
880,0.729641,0.149541,9,2.20667,0.0678888,1.96046
881,0.572757,0.108356,7,1.62667,0.0672224,2.26235
882,0.548832,0.113055,9,1.80667,0.0698147,2.31254
883,0.615736,0.0938976,9,1.60667,0.0682024,2.57019
884,0.632102,0.0735257,8,1.22,0.0685449,2.27006
885,0.625505,0.0873426,8,1.54,0.0654625,2.47712
886,0.699522,0.134292,10,2.32,0.0666831,2.13512
887,0.716408,0.139311,9,2.11333,0.0701997,1.95339
888,0.667618,0.113006,9,1.85333,0.0708948,2.24028
889,0.467914,0.0773213,7,1.34,0.0671013,2.19825
890,0.572235,0.109118,7,1.68667,0.0655529,2.30182
891,0.656984,0.119989,9,1.85333,0.0697697,2.51314
892,0.507261,0.0935313,8,1.68667,0.0694673,2.66541
893,0.679406,0.127432,9,2.37333,0.0677826,2.50679
894,0.572654,0.0945672,7,1.52667,0.0672578,2.32129
895,0.698268,0.0895674,9,1.37333,0.0670889,1.97408
896,0.673807,0.126657,8,1.95333,0.0650876,2.20243
897,0.603926,0.094912,8,1.76,0.0663369,2.38526
898,0.727189,0.144915,10,2.40667,0.065272,2.17297
899,0.565852,0.117544,7,2.06,0.0688027,2.27834
900,0.697754,0.138402,9,2.47333,0.0701114,2.12478
901,0.551935,0.120098,9,2.06667,0.0655904,2.39354
902,0.741003,0.141415,9,2.29333,0.0686964,2.24005
903,0.834522,0.157259,10,2.69333,0.0702409,2.25485
904,0.633406,0.118025,8,2.07333,0.0645804,2.2494
905,0.603215,0.0915178,8,1.58667,0.0667176,2.18792
906,0.70366,0.152129,10,2.30667,0.0687794,2.07274
907,0.701836,0.153807,10,2.36667,0.0682642,2.09116
908,0.555956,0.0984101,7,1.86667,0.0684973,2.18085
909,0.587503,0.139388,8,2.18667,0.0661241,2.27189
910,0.574536,0.11878,7,1.86667,0.0637577,2.20972
911,0.693807,0.128354,9,2.18,0.0704971,2.28833
912,0.74725,0.156106,9,2.46667,0.0652802,2.20891
913,0.638943,0.120487,8,1.78,0.0660751,2.02939
914,0.531679,0.0904739,7,1.57333,0.0707099,2.15618
915,0.683214,0.167026,9,2.44,0.0650535,2.03296
916,0.746756,0.155241,9,2.56667,0.0661254,2.20553
917,0.682008,0.127266,10,1.93333,0.0690261,2.22633
918,0.66689,0.0979527,9,1.58667,0.0668027,2.25495
919,0.623307,0.130915,8,2.03333,0.0688469,2.29351
920,0.726216,0.130414,10,1.98667,0.0708005,2.22541
921,0.700618,0.151624,9,2.42,0.0698361,2.29848
922,0.660023,0.16269,9,2.32667,0.0704933,2.16225
923,0.629436,0.108679,8,1.64,0.0655272,2.24289
924,0.77039,0.156075,9,2.21333,0.0692007,1.92682
925,0.658844,0.107144,8,1.48667,0.0661956,1.91848
926,0.769851,0.153938,10,2.28,0.0666856,2.14819
927,0.668639,0.123924,9,1.97333,0.0688139,2.26435
928,0.453616,0.0889762,6,1.27333,0.0658905,2.20371
929,0.598829,0.10833,8,1.65333,0.0646333,2.08765
930,0.663119,0.0736523,9,1.23333,0.0657723,2.14633
931,0.756746,0.121772,10,1.84667,0.0675652,2.17523
932,0.607452,0.0996331,8,1.62,0.068215,2.22143
933,0.663654,0.127361,9,1.9,0.0703772,2.10542
934,0.456208,0.0858455,6,1.46,0.0669526,2.43064
935,0.662671,0.123865,10,2.06,0.0686296,2.10973
936,0.762813,0.131981,10,2.06,0.0674335,2.37876
937,0.671436,0.131922,9,2.19333,0.0676091,2.61334
938,0.806941,0.148612,10,2.51333,0.0695138,2.34269
939,0.606539,0.117885,8,1.69333,0.067747,2.59993
940,0.778589,0.129573,10,1.99333,0.0672441,2.00183
941,0.548245,0.0864578,7,1.52667,0.0683656,1.98526
942,0.641714,0.123191,9,2.28,0.0716441,2.57579
943,0.631214,0.102709,9,1.84,0.0711668,2.20695
944,0.591551,0.100314,8,1.68667,0.0657821,2.43888
945,0.649061,0.114566,9,1.97333,0.068269,2.25286
946,0.524834,0.0778838,7,1.36,0.067036,2.53864
947,0.625321,0.107208,9,1.94667,0.0681196,2.18401
948,0.560151,0.119637,8,1.73333,0.0677374,2.27873
949,0.644768,0.112109,9,1.73333,0.0659881,2.16253
950,0.734185,0.150018,10,2.46667,0.0669168,2.41577
951,0.627245,0.141288,9,2.22,0.0660029,2.55607
952,0.770169,0.116378,10,1.88667,0.0696547,2.58122
953,0.641819,0.142651,9,2.08667,0.0643832,1.70972
954,0.755984,0.10742,9,1.68667,0.0667051,2.01105
955,0.648089,0.108427,9,1.76,0.0656647,2.1078
956,0.551991,0.111694,8,1.76667,0.0676419,2.32931
957,0.466345,0.102067,6,1.48667,0.0626166,2.09076
958,0.588467,0.109442,8,1.67333,0.0635736,2.36009
959,0.477593,0.0768167,6,1.25333,0.0655425,2.34528
960,0.546989,0.122403,8,1.8,0.0692808,2.19819
961,0.693223,0.111091,9,1.88667,0.0670081,2.27792
962,0.497591,0.0949886,7,1.51333,0.0651544,2.45071
963,0.714975,0.145032,10,2.25333,0.0713012,2.28201
964,0.763168,0.127231,10,2.04,0.0669736,2.14492
965,0.459937,0.0687162,7,1.20667,0.0656544,2.09743
966,0.681119,0.101482,9,1.70667,0.0705445,2.52686
967,0.53993,0.0886114,8,1.41333,0.0668486,2.25393
968,0.705187,0.124499,10,2.03333,0.069156,2.48849
969,0.80919,0.11928,10,1.98,0.0656911,2.11035
970,0.538835,0.0852488,9,1.72,0.0672864,2.4083
971,0.659798,0.100897,9,1.79333,0.0686458,2.23115
972,0.630477,0.122123,9,2.07333,0.0677249,2.33629
973,0.564742,0.0917723,9,1.64,0.0684001,2.28416
974,0.490952,0.0788331,6,1.22667,0.0658653,2.22862
975,0.569147,0.0990708,7,1.44667,0.0686271,2.21496
976,0.608719,0.0958506,8,1.49333,0.0657772,2.31329
977,0.523782,0.0523887,8,1.06,0.0698673,2.44281
978,0.703867,0.0951537,9,1.77333,0.0722838,2.57838
979,0.552467,0.0753125,8,1.34,0.0681508,2.33059
980,0.788434,0.0751934,10,1.18,0.068743,2.01898
981,0.646831,0.0833374,9,1.39333,0.0667385,2.04824
982,0.618898,0.0790779,8,1.4,0.0672742,2.12547
983,0.682985,0.0705703,9,1.36667,0.0669805,2.08851
984,0.638846,0.0873741,9,1.76,0.0693666,2.53705
985,0.789239,0.129411,10,2.28667,0.0697469,2.16882
986,0.691207,0.124353,10,2.16,0.0686284,2.27984
987,0.642494,0.0883453,10,1.68667,0.0654449,2.22391
988,0.535668,0.0835803,8,1.35333,0.0661148,2.19563
989,0.48631,0.0715683,8,1.33333,0.0650939,2.45712
990,0.662643,0.114472,9,2.22667,0.071429,3.245
991,0.59991,0.0960992,9,1.79333,0.0662667,2.23666
992,0.64408,0.072476,10,1.74,0.0731712,2.42312
993,0.538141,0.0833752,8,1.74667,0.0698847,2.29054
994,0.673959,0.0658585,10,1.27333,0.0671436,2.549
995,0.490607,0.0591676,8,1.05333,0.0658602,2.23372
996,0.55572,0.07562,9,1.52,0.0681331,2.62205
997,0.477863,0.0664345,9,1.28667,0.0666899,2.67169
998,0.46483,0.0635042,9,1.25333,0.0706289,2.54275
999,0.620185,0.0845044,9,1.62,0.0670116,2.30802
1000,0.639234,0.0838188,9,1.60667,0.06821,2.42236
