1,7.95355,1.95999,7,0.146667,0.0740452,1.13964
2,9.37808,2.82413,5,0.193333,0.0682066,1.04717
3,8.079,3.91461,4,0.113333,0.0672212,0.74879
4,7.69348,4.26186,0,0,0.0675744,0.656814
5,10.4222,4.56921,3,0.06,0.0693963,0.605259
6,9.62773,4.74683,4,0.06,0.0664112,0.57219
7,9.03096,4.77905,0,0,0.0672001,0.783702
8,10.7983,4.42719,7,0.133333,0.0727742,0.798884
9,9.8403,5.10496,2,0.0333333,0.0673585,0.601827
10,9.40117,5.33323,2,0.0466667,0.0697203,0.594852
11,10.1156,5.1783,4,0.12,0.0673684,0.621876
12,9.92739,5.23115,3,0.08,0.0679511,0.633622
13,10.5231,5.37977,2,0.0533333,0.0672822,0.627759
14,9.917,5.42754,1,0.00666667,0.068447,0.716846
15,10.936,5.38136,3,0.06,0.0703708,0.604063
16,11.3321,5.19193,1,0.0466667,0.0683227,0.736843
17,11.2363,5.68077,4,0.233333,0.0689373,0.63652
18,10.8641,5.30388,3,0.0866667,0.0683556,0.767356
19,10.2581,5.37373,3,0.133333,0.0650098,0.694381
20,12.8271,5.70407,4,0.213333,0.068757,0.732756
21,11.7235,5.90758,6,0.273333,0.0678802,0.852564
22,13.6213,6.3427,4,0.193333,0.0683657,0.752261
23,11.4709,5.99721,5,0.16,0.0663862,0.713301
24,13.3681,6.06337,4,0.246667,0.0686391,0.697107
25,10.5904,5.84709,2,0.146667,0.0681827,0.765475
26,11.2882,5.32038,3,0.226667,0.0664007,0.935999
27,11.0481,5.88173,3,0.12,0.0673076,0.873492
28,12.6226,5.60572,6,0.126667,0.0640111,0.806202
29,11.7423,5.43183,4,0.106667,0.0685125,1.03081
30,12.156,5.87635,4,0.226667,0.065616,0.83359
31,12.5584,5.62038,4,0.16,0.0693501,1.24661
32,11.4721,6.36097,5,0.126667,0.0644697,0.913407
33,11.514,5.54098,3,0.133333,0.0660975,0.89721
34,13.4805,6.50444,4,0.273333,0.0668589,0.766107
35,13.2873,6.69059,2,0.14,0.0686393,0.86191
36,12.9774,6.07979,5,0.213333,0.0649872,0.951897
37,12.8558,5.66368,5,0.32,0.0678371,0.872803
38,14.464,6.34481,5,0.513333,0.0677951,0.95685
39,13.2427,6.74866,4,0.266667,0.0687392,0.896014
40,11.1434,5.83953,3,0.18,0.0635352,0.837153
41,12.6328,6.18887,4,0.273333,0.0680812,0.846609
42,14.9001,6.19119,6,0.486667,0.069473,1.07437
43,13.465,6.21304,4,0.266667,0.0671757,0.937574
44,11.5058,6.44863,4,0.166667,0.0662781,0.890009
45,13.0119,6.24755,2,0.133333,0.0667746,0.925025
46,13.5476,6.28092,6,0.36,0.0669408,0.93243
47,13.3204,6.02078,3,0.2,0.0668909,0.893293
48,13.7877,5.74853,4,0.3,0.0696069,1.08775
49,14.1925,6.30534,7,0.446667,0.0680478,0.937206
50,13.6289,6.39574,5,0.28,0.0660101,0.987488
51,13.6785,5.7564,4,0.266667,0.0669725,1.00339
52,12.8854,6.09087,3,0.246667,0.0711333,1.23141
53,14.1378,6.54229,2,0.153333,0.0669693,0.918128
54,14.2502,5.80599,3,0.213333,0.068975,1.02262
55,11.5236,6.13397,2,0.146667,0.0662586,0.934075
56,11.08,5.87105,3,0.146667,0.0651516,0.960647
57,13.2297,6.31435,3,0.18,0.0696624,1.02154
58,12.9416,6.27653,4,0.32,0.070927,1.07509
59,12.5982,6.65303,5,0.246667,0.0653661,0.895923
60,15.1842,6.53038,6,0.233333,0.0667199,0.888692
61,13.8784,6.81981,4,0.413333,0.0667907,0.999963
62,11.6587,6.36338,2,0.146667,0.0675202,0.93122
63,12.638,6.66823,3,0.12,0.0658666,0.831136
64,12.9902,5.73772,4,0.226667,0.066936,0.939937
65,14.4219,6.15161,5,0.14,0.0710684,0.906591
66,13.6459,6.29914,5,0.14,0.0659783,0.913984
67,13.0733,6.6088,6,0.173333,0.0684003,1.0061
68,12.9576,6.65647,7,0.213333,0.066546,0.978969
69,13.6582,6.65029,3,0.273333,0.0689145,1.09629
70,12.7616,6.40344,4,0.166667,0.0682366,1.13468
71,13.4371,6.30859,5,0.34,0.0708968,1.0406
72,12.6374,6.23537,6,0.233333,0.0652666,0.930997
73,12.7528,5.62238,2,0.08,0.0682106,1.0206
74,13.8185,5.5216,4,0.1,0.0619737,0.772274
75,12.6189,6.0177,2,0.1,0.0675335,0.934476
76,12.9841,6.18406,5,0.153333,0.067114,0.97611
77,14.0576,6.41079,3,0.32,0.067311,0.983964
78,12.573,6.70089,4,0.173333,0.0689084,0.9426
79,11.8293,6.33451,4,0.206667,0.0683608,1.00607
80,12.5041,6.06641,3,0.08,0.0692407,0.964483
81,14.0238,6.29528,6,0.34,0.0688671,1.01766
82,15.0162,6.57949,6,0.46,0.0685523,1.05687
83,13.1319,6.31532,3,0.353333,0.0674826,1.02548
84,12.5849,6.83132,4,0.553333,0.068376,0.957285
85,13.0164,6.37566,4,0.326667,0.0684569,0.946674
86,12.0661,6.44221,3,0.273333,0.0653379,0.95871
87,12.8932,6.54009,5,0.473333,0.066782,0.937041
88,12.6276,6.03349,5,0.413333,0.0719645,0.816438
89,12.3163,6.1841,3,0.246667,0.0643673,0.750817
90,14.2521,6.08914,6,0.353333,0.0693422,0.94997
91,13.8498,7.55506,3,0.493333,0.0681361,1.41755
92,12.1588,6.9512,7,0.46,0.0721352,1.34492
93,13.4214,7.94645,7,0.833333,0.0699512,1.23438
94,12.2247,7.74746,5,0.746667,0.0740539,1.26096
95,13.8512,8.13746,5,0.933333,0.0738744,1.35849
96,14.367,7.56154,6,1.19333,0.0720681,1.28825
97,12.9765,7.68043,4,0.466667,0.0673728,1.17809
98,10.4398,7.33165,2,0.36,0.069107,1.28451
99,14.5706,8.16065,5,0.726667,0.072828,1.2799
100,12.1127,6.923,4,0.326667,0.0719831,1.07595
101,15.9195,9.01701,7,1.64667,0.0731735,1.23693
102,12.6529,7.27643,2,0.46,0.0682527,1.25125
103,14.6967,8.23279,4,0.64,0.0720289,1.26763
104,12.3971,7.14569,4,0.693333,0.0702134,1.1327
105,13.3808,8.09611,4,0.64,0.0700442,1.31361
106,13.1957,8.08766,5,0.58,0.0668079,1.08761
107,13.8909,8.28767,4,0.613333,0.0668925,1.24076
108,12.2491,7.65646,6,0.846667,0.0779833,1.21553
109,13.4233,7.94733,5,1.09333,0.071972,1.11929
110,12.081,8.25093,3,0.546667,0.0688941,1.19885
111,13.7125,7.64573,5,1.12667,0.0731155,1.20817
112,13.3676,8.27142,4,0.433333,0.0712283,1.2839
113,16.7593,9.10594,8,1.39333,0.0735935,1.15363
114,15.3279,9.27487,6,1.32,0.0678025,1.27041
115,12.3869,8.07087,4,0.76,0.0680404,1.27494
116,12.9247,7.95892,4,0.393333,0.070984,1.18831
117,11.67,7.84088,5,0.573333,0.0759336,1.25293
118,13.8612,8.97102,7,1.56,0.0683228,1.25826
119,13.9698,8.1211,4,0.88,0.0695106,1.39577
120,12.754,8.10205,4,0.933333,0.0683407,1.33927
121,14.0848,8.73627,3,0.62,0.0832018,1.276
122,11.5244,7.70529,3,0.52,0.0766218,1.1997
123,14.5849,8.72654,5,1,0.0703658,1.37021
124,14.7004,8.97075,4,0.786667,0.0677901,1.37573
125,13.6392,8.5478,4,0.746667,0.0683312,1.19532
126,14.5019,9.43276,5,1.48667,0.0681547,1.20053
127,13.6123,7.60831,5,1,0.0686305,1.49279
128,14.9968,8.51077,6,1.12,0.0703616,1.27553
129,12.575,7.78112,5,0.846667,0.0697429,1.40866
130,16.1311,9.4925,8,1.75333,0.0690555,1.15871
131,13.0898,8.33733,3,0.626667,0.0801933,1.32335
132,15.0377,8.912,6,1.2,0.067447,1.22774
133,15.5799,9.41878,6,1.38,0.0656843,1.3995
134,12.3598,8.05057,3,0.333333,0.0649721,1.15914
135,13.4944,8.73409,4,1.02667,0.0650966,1.23069
136,14.917,9.11548,7,1.39333,0.0678977,1.25368
137,13.7212,8.77654,6,0.793333,0.0685799,1.30054
138,11.7684,7.463,3,0.646667,0.0679028,1.31844
139,14.4021,7.78102,4,0.6,0.0696598,1.26166
140,12.8214,7.09138,4,0.333333,0.0702626,1.16967
141,15.4876,7.92646,6,0.846667,0.0701474,1.1676
142,12.7583,7.5521,3,0.473333,0.0692244,1.31359
143,14.9194,8.28436,4,0.62,0.0685784,1.31395
144,13.4909,8.06381,5,1.14,0.0786323,1.58184
145,11.7993,7.03224,5,0.56,0.0676522,1.52133
146,14.588,7.71034,7,1.36,0.0709654,1.38569
147,13.9031,7.55445,6,0.96,0.067962,1.52777
148,14.9102,7.60236,6,1.14,0.0720976,1.72449
149,14.1623,6.76269,6,0.973333,0.0674811,1.69699
150,13.3595,6.51859,4,0.686667,0.0703087,1.64532
151,14.5564,7.52396,5,1.14,0.0678257,1.47258
152,15.6904,8.63555,5,1.30667,0.0702879,1.47321
153,13.2001,6.90675,6,0.946667,0.0692129,1.48001
154,14.9959,8.05557,6,1.53333,0.069888,1.47178
155,13.6643,7.5211,5,1.17333,0.0673894,1.56607
156,16.0687,7.68391,7,1.54,0.0744063,1.5765
157,15.5226,7.54091,7,1.49333,0.0695274,1.60702
158,13.5557,7.78364,6,1.12,0.0706223,1.50146
159,15.6377,8.18673,8,1.71333,0.0693373,1.41197
160,15.5624,8.24771,7,1.5,0.0690482,1.46571
161,12.8103,7.6768,4,0.56,0.0670025,1.25968
162,13.4349,7.0584,5,0.893333,0.0658411,1.36717
163,13.226,7.47277,4,0.973333,0.0677119,1.33249
164,15.3079,8.54818,6,1.37333,0.0678866,1.44812
165,14.5731,8.13407,6,1.3,0.0695573,1.51185
166,14.479,8.11747,4,0.48,0.0633576,1.47005
167,15.779,8.24222,6,1.54,0.0658257,1.65242
168,12.9433,7.63217,6,0.973333,0.065841,1.49718
169,11.5549,6.91445,5,0.44,0.0641325,1.38624
170,16.3292,8.41209,7,1.52667,0.0890909,1.74133
171,13.4805,7.4508,5,0.893333,0.0706997,1.55128
172,14.0188,8.4397,5,1.00667,0.0656893,1.42709
173,13.181,7.51585,5,0.8,0.0681339,1.5976
174,11.9279,6.62894,3,0.68,0.0713582,1.91049
175,14.6523,7.86527,5,0.92,0.0664989,1.46035
176,14.0262,6.66549,4,0.626667,0.065391,1.35356
177,11.8653,6.72394,5,0.546667,0.0641494,1.31819
178,13.3938,7.32058,4,0.513333,0.067446,1.3738
179,13.0629,6.55824,5,0.66,0.0697954,1.56775
180,10.3992,6.24166,7,0.486667,0.0671068,1.47497
181,12.8186,7.28357,4,0.653333,0.065409,1.20121
182,12.0692,6.68366,3,0.493333,0.0667166,1.28959
183,14.0183,7.49418,5,0.473333,0.0641153,1.16953
184,14.0504,7.08569,4,0.68,0.0674324,1.52755
185,12.1737,7.07646,5,1.02,0.0689653,1.38766
186,13.6125,6.84417,5,0.653333,0.0708956,1.79172
187,16.6764,8.83689,7,1.69333,0.071035,1.53742
188,14.6476,8.46744,5,1.50667,0.0678308,1.39359
189,15.3278,8.23112,7,1.56667,0.0671564,1.41862
190,17.8738,8.78619,9,1.78667,0.0689993,1.08591
191,15.5839,8.47898,8,1.82667,0.0674962,1.37033
192,13.9295,7.30335,5,0.78,0.0681131,1.42204
193,12.6509,7.32233,3,0.446667,0.0657719,1.40838
194,13.3532,7.8315,7,0.9,0.0663807,1.14964
195,12.7604,7.35685,5,0.72,0.0710509,1.39988
196,12.3413,7.219,4,0.44,0.0665536,1.4928
197,13.4455,8.08733,4,0.7,0.0669312,1.35519
198,12.974,7.49391,4,1.05333,0.0703989,1.69912
199,11.5822,7.35093,3,0.4,0.070713,1.20987
200,15.6806,8.14311,6,0.94,0.0672488,1.42515
201,13.5919,7.44552,3,0.493333,0.0714378,1.4299
202,15.4934,8.48804,5,0.926667,0.0692907,1.26033
203,11.9853,7.46376,4,0.62,0.0690995,1.31329
204,16.1305,9.07067,6,1.54,0.0694812,1.23188
205,12.7159,8.01298,3,0.54,0.0680241,1.24833
206,12.6329,8.04716,5,1.18667,0.0670156,1.22248
207,12.4025,7.57709,5,0.513333,0.0643624,1.25087
208,14.5655,8.4283,6,1.46,0.0708496,1.25865
209,14.4398,8.54397,6,1.38,0.0668756,1.32989
210,11.8096,6.99206,2,0.466667,0.0639073,1.27963
211,13.9682,7.81893,6,1.22667,0.0669049,1.18694
212,12.8759,7.63012,3,0.493333,0.0664587,1.31864
213,14.9142,8.62596,5,0.833333,0.0671844,1.1731
214,14.1636,8.48484,6,1.5,0.0682169,1.35314
215,11.8667,7.14339,2,0.28,0.0644398,1.14292
216,15.2131,7.64562,6,0.853333,0.0647179,1.20328
217,11.6842,6.45782,4,0.6,0.0653931,1.13544
218,11.8911,6.71381,3,0.306667,0.0662589,1.28197
219,15.0926,7.93216,4,0.573333,0.0671903,1.23349
220,15.5862,8.3016,7,1.36667,0.0656274,1.19376
221,12.625,6.36063,4,0.28,0.0769071,1.74238
222,15.075,7.43097,8,1.71333,0.0754421,1.77466
223,14.5092,8.15753,6,1.92667,0.0690773,1.43318
224,13.7493,7.52017,5,0.6,0.0913106,1.55007
225,13.5041,6.61266,4,0.8,0.0730131,1.64093
226,15.3824,7.42231,7,1.50667,0.0662914,1.43581
227,12.5267,7.13968,4,0.48,0.064627,1.34343
228,15.6775,8.42858,7,1.70667,0.0709624,1.40593
229,12.6014,7.77579,3,0.386667,0.0685777,1.38527
230,15.4256,7.83699,7,0.953333,0.0694016,1.35847
231,13.4675,7.29294,2,0.346667,0.0653742,1.35222
232,15.8949,7.42593,7,1.33333,0.0678639,1.52024
233,12.9821,7.53732,7,1.11333,0.0691015,1.26161
234,14.8166,7.56246,8,1.3,0.0706664,1.32615
235,16.1182,8.36397,6,1.18667,0.0688889,1.34852
236,14.4028,7.74619,7,1.22667,0.0669103,1.42559
237,12.3574,7.0876,3,0.48,0.0744498,1.58963
238,12.5649,7.72767,5,0.813333,0.0693606,1.31331
239,12.0699,7.31853,3,0.56,0.0659797,1.17709
240,15.5436,8.59193,7,1.14,0.0668396,1.13689
241,13.5031,7.94129,5,0.6,0.0687633,1.25206
242,14.7126,8.41769,7,0.8,0.0687798,1.18437
243,12.4765,7.78083,6,0.7,0.0665165,1.27924
244,13.026,7.31046,3,0.48,0.0677017,1.29769
245,13.7431,8.28023,5,0.913333,0.0668295,1.11715
246,14.32,7.91301,7,0.886667,0.0689318,1.16952
247,15.7476,9.15944,7,1.37333,0.0678376,1.23188
248,14.6711,8.40798,6,1.07333,0.0747161,1.37972
249,13.0132,7.86376,5,0.853333,0.0670895,1.22848
250,13.4241,8.38401,7,0.993333,0.0703642,1.25022
251,12.5139,7.05656,5,1.08667,0.0701586,1.46771
252,12.2234,6.78454,5,0.846667,0.0692745,1.48874
253,10.4621,6.11015,9,0.2,0.0683562,1.20883
254,14.2901,6.13605,6,0.986667,0.0785344,1.57771
255,12.8323,6.87722,6,0.406667,0.0660908,1.22979
256,14.3582,7.26088,6,0.713333,0.0714294,1.41679
257,12.2894,6.51218,7,0.613333,0.0694279,1.3091
258,13.4801,6.25354,6,0.253333,0.0714912,1.44227
259,14.7469,7.3244,5,0.88,0.0853675,1.43671
260,12.2383,7.5715,3,0.266667,0.0665525,1.22512
261,11.7094,7.02111,4,0.413333,0.0659044,1.20779
262,14.2217,7.7409,5,0.673333,0.0705138,1.19203
263,13.1054,7.17032,6,0.566667,0.065408,1.0956
264,13.2535,7.63818,5,0.42,0.0647508,1.23663
265,13.2926,7.4732,9,0.986667,0.0727914,1.25519
266,14.3132,7.8214,4,0.593333,0.0672212,1.14968
267,14.5619,8.23061,7,1.02,0.0663822,1.03669
268,14.8107,7.79351,8,1.06,0.0716875,1.26652
269,15.4453,7.73232,6,0.853333,0.0706314,1.29301
270,14.0298,7.84662,5,0.753333,0.0655537,1.1529
271,13.3326,7.8466,5,0.813333,0.0671299,1.06575
272,14.7594,7.93994,6,1,0.0696971,1.1962
273,14.8552,8.29011,6,1.24667,0.0694637,1.23569
274,12.0917,6.77691,5,0.4,0.0685621,1.13612
275,13.5752,7.40267,5,0.54,0.0651827,1.09939
276,15.2586,7.81496,6,0.926667,0.0692201,1.27384
277,16.5677,8.74535,6,0.953333,0.0672596,1.25846
278,13.399,8.11805,4,0.44,0.0672028,1.17666
279,14.3504,8.43319,4,0.793333,0.064607,1.21237
280,13.0777,8.20407,4,0.566667,0.071003,1.30497
281,13.8622,6.74628,5,1,0.0678367,1.3375
282,13.8086,6.421,5,0.993333,0.0705268,1.64903
283,13.5794,7.68709,5,1.16,0.0682385,1.56762
284,14.3746,8.28331,5,1.42667,0.0686162,1.50667
285,14.1414,7.74009,5,0.873333,0.0685354,1.34955
286,14.0765,7.81988,4,1.09333,0.0680063,1.36608
287,12.8202,7.62412,4,0.773333,0.0654814,1.36082
288,13.9353,7.96917,5,1.29333,0.0689767,1.27605
289,15.2102,7.64616,5,1.1,0.0686997,1.49483
290,13.7887,7.30872,6,0.893333,0.0717531,1.48962
291,14.5595,7.68783,6,1.21333,0.0708611,1.30007
292,12.8731,7.43508,3,0.38,0.066257,1.36385
293,15.5038,7.53415,6,1.32667,0.0667754,1.44445
294,14.6773,7.75526,5,1.17333,0.068918,1.31613
295,13.2808,8.0842,5,1.16667,0.0701692,1.27415
296,15.879,8.66539,8,1.86,0.0700148,1.63121
297,11.9665,7.42298,3,0.833333,0.0674298,1.31471
298,13.3661,7.39833,5,0.8,0.0700755,1.45384
299,13.4284,7.64416,5,1.12667,0.0774613,1.44565
300,14.885,8.29054,5,1.35333,0.0688447,1.37264
301,14.1606,8.14175,5,1.14,0.0665925,1.5007
302,13.9659,8.15004,5,1.36,0.0708478,1.23663
303,12.2981,6.99036,3,0.58,0.0723495,1.43913
304,13.3578,6.99833,5,1.01333,0.0716583,1.39697
305,12.6901,8.0978,5,0.973333,0.066612,1.24995
306,13.8581,8.05351,4,0.966667,0.0698009,1.23019
307,16.5102,8.34993,7,1.27333,0.0713539,1.38283
308,12.8881,7.57309,4,0.826667,0.0696871,1.26713
309,13.6917,7.91436,2,0.0933333,0.0650392,1.33782
310,13.5584,8.19409,4,0.84,0.0715416,1.41053
311,13.032,6.90463,4,1.06,0.0773363,1.49738
312,13.3799,7.80341,5,1.12667,0.0666788,1.18263
313,14.5028,8.65045,5,1.71333,0.0705179,1.12336
314,13.6967,8.16444,5,1.91333,0.0726781,1.412
315,13.6634,8.25602,6,1.54,0.0656911,1.24655
316,11.9861,7.4365,5,1.28667,0.0689192,1.3776
317,11.2107,6.96301,3,0.56,0.0683789,1.48538
318,12.6824,7.7158,4,0.4,0.0658102,1.27987
319,12.0671,7.77637,3,0.98,0.0663171,1.0512
320,12.9052,8.0801,4,0.706667,0.0668811,1.14191
321,13.868,8.21094,3,0.493333,0.0676038,1.2075
322,14.1981,9.09177,5,1.4,0.0658638,1.16904
323,14.5451,9.44653,5,2.21333,0.0768638,1.23526
324,13.528,8.05364,4,1.46,0.0671257,1.15079
325,13.3028,7.71694,5,1.04667,0.0687431,1.2884
326,11.5106,7.30071,2,0.413333,0.0649924,1.26504
327,12.8181,7.71042,3,0.893333,0.0698175,1.31549
328,14.6201,9.42388,6,1.5,0.0688575,1.11367
329,12.861,8.57574,3,0.473333,0.0701916,1.11538
330,14.4636,9.31022,5,1.6,0.0706989,1.14792
331,12.1896,8.20165,3,0.56,0.0687461,1.06724
332,14.0581,8.78679,5,1.22667,0.0677211,1.19047
333,12.1905,7.93253,5,0.686667,0.0658587,1.06512
334,13.3289,8.59863,3,0.953333,0.064529,1.02687
335,13.5261,8.4783,6,1.41333,0.0698469,1.06218
336,12.5846,7.9112,7,1.05333,0.0688058,1.09256
337,13.187,8.27675,3,1.01333,0.0656166,1.05334
338,14.4116,8.96783,5,1.32,0.0691525,1.0432
339,12.5592,8.29188,5,1.37333,0.0672644,1.01666
340,15.2408,9.06754,5,1.43333,0.0673664,1.12808
341,14.3509,7.93225,6,1.83333,0.0699845,1.56301
342,13.7521,7.40421,4,0.58,0.0704033,1.38474
343,15.1603,8.79515,6,2.06667,0.0688221,1.22331
344,12.93,7.20331,5,0.733333,0.066691,1.33379
345,12.742,7.30392,6,1.16667,0.0716542,1.33759
346,13.5588,7.56756,5,1.07333,0.0708739,1.25717
347,12.3758,7.03495,6,0.24,0.0665418,1.32144
348,14.229,7.46578,5,1.22667,0.0669346,1.50173
349,13.7616,7.80117,5,0.88,0.0689242,1.25818
350,14.029,7.5769,8,1.19333,0.069704,1.17257
351,14.8783,7.17145,9,0.993333,0.0764488,1.52356
352,13.0827,7.57106,4,0.913333,0.0668855,1.16228
353,14.0336,7.87471,5,0.626667,0.0670957,1.12831
354,12.6982,7.76285,8,1.00667,0.0653294,1.1781
355,15.1924,8.57222,4,1.1,0.0671393,1.35492
356,14.3837,8.76789,5,1.30667,0.0673203,1.2548
357,15.5089,7.93328,5,0.72,0.0672599,1.29965
358,14.3506,8.83524,7,1.28,0.067846,1.33442
359,15.325,9.21725,6,1.70667,0.0676344,1.05788
360,13.7408,8.30197,5,1.34667,0.071644,1.26663
361,14.1242,7.34636,4,0.34,0.0683449,1.07532
362,16.9025,8.61927,7,1.6,0.0653357,1.35798
363,17.2852,8.99222,7,1.39333,0.0672894,1.23421
364,14.7957,8.86057,5,1.57333,0.0657204,1.23687
365,12.9459,7.77028,4,0.793333,0.0692566,1.40809
366,14.2452,8.29702,5,1.28667,0.0710534,1.12285
367,14.7693,8.65516,6,1.78667,0.06904,1.39369
368,14.0486,7.27722,3,0.506667,0.0691285,1.28542
369,13.5433,7.6685,5,0.88,0.0676087,0.996195
370,15.6758,8.92902,6,1.42667,0.074015,1.32024
371,16.6127,8.0468,6,1.58667,0.0715384,1.23554
372,13.5093,7.19974,4,0.793333,0.0805882,1.24141
373,13.6931,6.72443,7,0.813333,0.0724222,1.23634
374,14.7155,6.66733,6,0.78,0.0698684,1.46029
375,12.5587,7.03261,8,0.42,0.0658856,1.11941
376,12.9982,7.466,4,1.01333,0.064805,1.15215
377,15.8978,8.25337,7,1.78,0.0657753,1.23681
378,15.3296,8.04117,6,1.66667,0.0700544,1.28298
379,10.9915,6.50995,1,0.213333,0.06644,1.1152
380,13.9005,7.86439,3,0.82,0.0668502,1.19273
381,10.7311,6.3646,7,0.166667,0.0670562,1.28342
382,13.7996,7.25869,10,1.44667,0.0699344,1.22408
383,15.0357,7.43774,7,1.21333,0.0668693,1.32475
384,15.0994,8.1589,6,1.7,0.065735,1.20949
385,12.0923,6.52386,4,0.473333,0.0682073,1.51077
386,14.9308,8.08626,7,1.39333,0.0682903,1.45262
387,14.0628,8.16306,7,1.20667,0.0719927,1.37206
388,14.2048,8.7306,5,1.25333,0.0661498,1.24812
389,15.3984,7.59023,7,1.17333,0.0746297,1.44461
390,12.1209,7.29763,6,0.713333,0.0641132,1.2203
391,15.3774,7.59807,7,1.52667,0.0732285,1.49323
392,14.205,7.74707,5,1.05333,0.0692414,1.35617
393,13.7772,8.05413,6,0.933333,0.0617132,1.3674
394,14.9616,8.87798,5,0.986667,0.0720152,1.32099
395,14.0446,8.38914,7,1.27333,0.0673509,1.25666
396,14.6106,8.69445,8,1.84667,0.0682898,1.5996
397,14.7318,9.00121,7,1.52667,0.0690476,1.3757
398,14.0356,8.13546,6,1.20667,0.067397,1.23222
399,15.023,8.89712,4,1.20667,0.0688896,1.24742
400,14.7261,8.22549,5,1.29333,0.0668157,1.1505
401,13.9845,7.19304,6,1.24667,0.0666414,1.37903
402,14.7432,7.73298,6,1.07333,0.0677402,1.38606
403,15.8888,6.7962,7,1.44,0.0708312,1.68423
404,15.4748,6.90313,9,1.24,0.0717402,1.53737
405,14.3954,7.24612,7,0.853333,0.0688776,1.28643
406,11.7731,6.67071,3,0.286667,0.0701013,1.21508
407,15.5625,7.2331,4,0.766667,0.0702953,1.3942
408,14.2131,7.41844,7,0.973333,0.0678427,1.00293
409,14.4092,7.26003,7,1.11333,0.0664143,1.17662
410,11.4154,6.26487,7,0.28,0.0682937,1.08859
411,13.6423,7.17059,6,0.646667,0.0670943,1.15413
412,13.3216,7.39023,4,0.273333,0.0672538,1.31448
413,12.9232,6.92726,4,0.453333,0.0649468,1.21481
414,14.6303,7.68368,5,1.17333,0.0702875,1.28672
415,12.9078,7.16705,4,0.72,0.0647421,1.29559
416,15.4029,8.57612,6,1.72,0.0658203,1.43101
417,15.7429,8.16937,6,1.68667,0.0711037,1.52619
418,13.2148,7.09795,8,1,0.0675527,1.38206
419,12.349,7.20564,4,0.813333,0.0674538,1.28111
420,14.2411,7.4063,5,1.06,0.0717163,1.18766
421,13.4707,6.8165,5,0.56,0.0651946,1.23095
422,13.8535,7.11029,5,0.94,0.0693863,1.44354
423,14.5272,7.23543,9,1.12,0.071957,1.25581
424,14.2277,7.60768,8,0.786667,0.0685,1.29737
425,15.1002,8.12267,5,1.39333,0.0679576,1.33141
426,13.0226,6.67434,4,0.566667,0.0693574,1.49896
427,14.4026,7.34293,5,0.793333,0.0657691,1.44451
428,15.1082,7.73932,6,1.24,0.0668322,1.36782
429,14.3666,7.91539,5,1.08667,0.0666672,1.3672
430,14.211,6.42016,6,0.833333,0.0693031,1.37345
431,14.4301,6.72841,5,0.833333,0.0707101,1.47566
432,16.5441,7.63065,10,1.62667,0.0719184,1.7185
433,13.1269,5.57575,5,0.786667,0.0659379,1.61421
434,12.6052,6.14129,3,0.346667,0.0663182,1.6468
435,12.8824,7.04576,5,1.08667,0.0725927,1.48479
436,11.5894,6.82721,2,0.606667,0.0625093,1.21997
437,12.9682,7.48635,6,1.05333,0.0672446,1.27375
438,14.4974,6.96747,6,0.986667,0.0736794,1.29594
439,15.0096,7.14651,3,0.386667,0.0698341,1.25759
440,12.4581,7.33748,5,0.96,0.0656628,1.27038
441,14.438,7.62263,7,1.30667,0.0690687,1.1551
442,12.4527,7.20061,6,0.773333,0.0677304,1.0295
443,11.8876,7.21089,2,0.186667,0.0701583,1.06752
444,16.9635,9.05478,9,1.65333,0.0705806,1.22791
445,12.9969,7.8283,5,1.22,0.0670344,1.08887
446,14.1637,7.52646,5,0.953333,0.0651059,1.13117
447,13.9571,7.81522,3,0.546667,0.0686518,1.03739
448,13.5515,7.73935,4,0.886667,0.0698847,1.08455
449,15.6913,7.97742,7,1.27333,0.0703664,1.05833
450,13.797,7.88094,7,0.826667,0.0651263,1.03592
451,13.7898,7.33458,7,1.08667,0.0638808,1.18173
452,13.8899,8.10614,4,0.906667,0.0731672,1.19536
453,13.5443,7.47032,6,0.7,0.0670575,1.02573
454,16.7119,9.10328,9,2.03333,0.0705625,1.19073
455,15.4842,7.69682,6,1.04667,0.0713232,1.33912
456,14.1169,7.78536,5,1.18,0.0658318,1.08668
457,14.6405,7.77399,8,1.30667,0.0691938,1.07581
458,13.5095,7.49815,5,0.966667,0.0824149,1.28182
459,15.475,8.55294,6,1.59333,0.0694958,1.13616
460,13.9412,8.83486,4,1.43333,0.069232,1.08534
461,15.9017,8.40223,9,2.12667,0.0852375,1.71325
462,15.7626,9.25541,8,2.27333,0.0945756,1.90171
463,15.0149,7.85672,7,2.03333,0.0816353,1.803
464,13.1258,6.91305,5,0.56,0.0682379,1.96008
465,15.2514,8.04487,8,1.04,0.0707176,1.74886
466,15.6374,7.82961,7,1.22,0.0699273,1.55491
467,14.3476,7.77647,6,0.953333,0.0661204,1.4869
468,14.2564,8.65001,8,2.1,0.0698594,1.66954
469,16.9191,7.67474,10,1.16,0.0692759,1.50086
470,15.5036,9.11159,7,1.87333,0.0663797,1.70207
471,16.3281,8.38857,6,1.37333,0.067564,1.65741
472,16.0753,7.92724,7,1.25333,0.067253,1.42866
473,13.6295,7.85392,7,1,0.0659914,1.38069
474,17.3752,8.20471,7,1.39333,0.0675523,1.57272
475,16.6356,8.71873,8,1.14,0.0712722,1.54598
476,15.4998,8.43958,7,1.1,0.0681942,1.50968
477,16.3389,8.79703,9,1.64667,0.0697039,1.57742
478,15.1159,9.1988,7,1.7,0.0667449,1.50556
479,16.4707,8.63944,9,1.80667,0.0708573,1.463
480,16.9471,8.40487,8,1.12667,0.0719991,1.54429
481,12.5774,7.52929,5,0.866667,0.0603762,1.36519
482,14.7903,8.29445,10,1.47333,0.0672513,1.31798
483,16.1088,8.63499,7,0.94,0.0660569,1.55294
484,15.3423,9.16008,7,1.15333,0.0662027,1.48309
485,16.8359,8.77721,9,1.73333,0.0726263,1.57894
486,16.3891,8.01747,8,1.02667,0.0708321,1.54263
487,16.1466,8.04451,8,0.913333,0.0682456,1.55292
488,15.012,8.47506,8,1.5,0.0694096,1.61016
489,14.364,8.31478,8,1.39333,0.0701422,1.6879
490,15.7408,8.23023,9,1.56667,0.0693349,1.87154
491,14.4584,8.33636,9,1.75333,0.06957,1.69286
492,15.5048,6.98684,8,1.14667,0.0681835,1.91728
493,16.1791,7.60929,8,1.78667,0.0703326,2.169
494,16.4711,7.72776,8,2.14667,0.08114,2.04949
495,14.0074,7.03342,7,1.17333,0.0712081,1.82144
496,13.8476,7.54842,8,1.36,0.0683385,1.52748
497,13.9253,7.42997,8,1.58,0.0686312,1.67789
498,13.2962,7.34652,6,1.2,0.0676049,1.6606
499,13.2572,7.20474,6,1.23333,0.0718126,1.87635
500,12.3458,7.08694,7,1.33333,0.070516,1.74292
501,12.5705,6.81699,7,0.953333,0.0698005,1.72457
502,14.1914,7.43857,7,1.04,0.0701693,1.59287
503,15.0391,7.7496,8,1.1,0.0649789,1.50181
504,10.8661,6.63419,7,0.526667,0.0670881,1.60219
505,12.9763,6.25501,8,0.78,0.0675751,1.62015
506,15.7998,7.37794,8,1.31333,0.0647335,1.45212
507,12.7425,7.18819,8,1.12667,0.0696972,1.72497
508,14.6801,7.90245,10,1.61333,0.0721619,1.65227
509,13.9844,7.47777,4,0.7,0.068747,1.43448
510,13.6183,7.48068,8,1.27333,0.0652673,1.39987
511,15.6965,7.7079,8,1.25333,0.0656331,1.51129
512,15.0779,7.65523,8,1.40667,0.0690434,1.54795
513,15.9486,7.47549,8,1.04667,0.0679892,1.68337
514,15.2557,7.96411,7,1.58667,0.0679871,1.47241
515,14.9696,7.16474,8,0.98,0.0679123,1.69454
516,13.6923,7.91356,8,1.12667,0.0695118,1.45089
517,14.3027,8.37806,9,1.26,0.0668857,1.45932
518,15.5906,8.31624,8,1.29333,0.069399,1.45123
519,14.1831,7.79588,7,1.14667,0.0698118,1.73392
520,15.2863,8.89154,7,1.67333,0.0678283,1.34494
521,13.9173,7.81682,8,1.64667,0.0744326,2.47506
522,15.985,7.32569,9,1.48,0.0628242,2.15903
523,14.9078,7.37034,8,1.08667,0.0707106,1.77984
524,15.4043,8.36037,9,1.72,0.0727334,1.9076
525,15.2551,7.27177,8,1.24,0.064621,1.48954
526,14.4855,9.0562,8,2.39333,0.0736891,1.77126
527,13.9484,7.86939,7,1.66,0.0687025,1.68962
528,13.3585,8.40278,7,0.826667,0.0671956,1.36949
529,14.4316,8.24545,5,1.25333,0.0677382,1.70148
530,16.0289,8.10655,8,0.826667,0.0651773,1.54973
531,13.7066,6.72389,7,0.826667,0.0702704,1.78426
532,13.4946,7.58192,7,0.973333,0.0702646,1.31579
533,13.7577,8.05401,6,1.04,0.0690007,1.55973
534,13.0823,8.12944,6,0.706667,0.0654572,1.43216
535,13.5678,8.11734,7,1.05333,0.0707161,1.50669
536,13.4927,7.68456,6,1.08667,0.0697259,1.52401
537,13.9116,7.63873,6,0.926667,0.0661565,1.62807
538,16.6963,8.10666,9,0.786667,0.0663933,1.47881
539,13.867,8.25982,7,1.41333,0.0693482,1.51587
540,13.4341,8.27231,4,0.58,0.0697819,1.46072
541,16.0665,8.09535,8,1.14667,0.0730684,1.60313
542,13.4463,8.14797,7,1.13333,0.0667017,1.48602
543,14.0532,7.97562,5,1.09333,0.0681928,1.31232
544,15.1756,8.3449,6,0.646667,0.0667227,1.52439
545,14.3394,7.942,6,0.673333,0.0659297,1.50767
546,15.0028,7.78773,6,1.12,0.071053,1.49581
547,14.9657,7.81663,5,0.94,0.068189,1.53221
548,15.505,7.9248,8,0.826667,0.0688944,1.40376
549,14.4455,8.44696,5,1.06667,0.0673748,1.38934
550,13.5455,7.97641,8,1.21333,0.0667547,1.35392
551,14.7267,7.16937,6,1.76667,0.0682024,1.80662
552,14.389,6.67312,6,1.21333,0.0723396,1.84992
553,11.2491,6.89962,6,0.866667,0.0682091,1.20367
554,14.277,7.27593,4,0.913333,0.0658735,1.46624
555,12.6679,6.38406,4,0.966667,0.0717667,1.72082
556,14.8802,7.87767,5,1.21333,0.0692748,1.33089
557,13.5642,7.87955,5,1.07333,0.0689762,1.25015
558,13.1048,7.74023,5,0.986667,0.0661848,1.20388
559,12.8102,7.83177,2,0.393333,0.0683827,1.14736
560,16.5534,8.78793,7,1.66667,0.0708027,1.49449
561,14.5797,7.32765,6,1.16,0.0722054,1.46119
562,14.2674,7.88928,4,1.06,0.0701629,1.68745
563,13.1923,7.64104,4,0.86,0.0727443,1.68879
564,15.2023,9.0241,7,1.44,0.0682201,1.40131
565,13.3908,8.05795,3,0.806667,0.0677499,1.42746
566,13.2056,7.30238,4,0.96,0.0675971,1.40375
567,13.6404,7.3912,5,1.09333,0.0695816,1.37818
568,12.6061,7.47328,4,1.15333,0.0682404,1.46717
569,14.5898,8.04327,5,1.53333,0.0674786,1.58374
570,13.3471,7.01681,6,0.606667,0.0714768,1.44443
571,14.5486,8.01082,5,0.986667,0.0695575,1.30063
572,14.8325,8.26112,6,1.12,0.0680286,1.28457
573,13.3843,8.54621,5,1.32,0.0687492,1.1094
574,14.573,8.70474,7,1.75333,0.069717,1.30478
575,15.4907,8.81019,6,1.56667,0.0675702,1.33647
576,12.2347,7.56107,3,0.326667,0.0641884,1.1343
577,14.8806,8.34397,5,0.92,0.0680662,1.38093
578,15.0931,8.57975,6,1.74,0.0689088,1.36416
579,13.6195,8.42126,4,1.00667,0.0671365,1.31784
580,16.387,9.25287,6,1.98,0.0694104,1.27798
581,12.9893,7.21338,5,1.19333,0.0720334,1.60193
582,14.0727,7.44938,5,0.86,0.0677028,1.2539
583,13.1095,7.80164,3,0.606667,0.0684272,1.10994
584,15.0843,8.63778,5,1.42667,0.0677778,1.30266
585,14.0647,8.34012,5,1.15333,0.0706575,1.41057
586,13.6851,9.02465,4,1.36,0.067728,1.1173
587,13.798,8.29219,4,1.39333,0.0701423,1.12553
588,16.1726,8.50561,7,1.53333,0.0727555,1.38283
589,15.0267,8.49669,5,1.2,0.0684323,1.32088
590,15.0981,8.70579,5,1.44,0.0666562,1.28164
591,12.9677,8.14685,3,0.766667,0.0692826,1.1838
592,12.2011,7.76467,3,0.433333,0.0643011,0.891129
593,12.3255,7.93418,7,0.733333,0.0628905,1.01015
594,12.2348,7.77813,4,0.466667,0.0629659,1.11832
595,13.7075,7.98586,4,0.92,0.0700739,1.07992
596,13.6941,8.82262,4,0.873333,0.069148,1.27361
597,10.5866,7.52542,2,0.453333,0.0669165,1.06088
598,14.3965,8.13261,4,0.68,0.0674643,1.10988
599,14.7346,8.43862,5,1.12,0.0724589,1.03262
600,13.7208,8.43476,5,1.12,0.0681562,0.981906
601,13.5944,8.70831,4,1.18667,0.0679646,1.08283
602,12.1944,7.76948,5,0.613333,0.0658333,1.11583
603,15.1435,8.93589,4,0.96,0.0654756,1.10807
604,16.3798,8.72561,6,1.24,0.0717137,1.40825
605,14.8121,8.13828,5,1.22667,0.0703929,1.20853
606,16.59,9.6664,7,2.22667,0.0699718,1.31295
607,13.9551,8.61511,4,0.926667,0.0658328,1.1566
608,13.9693,8.17838,5,1.47333,0.0697265,1.18538
609,15.6044,9.20431,5,1.36,0.0674758,1.15276
610,14.8845,8.48645,6,0.953333,0.0704513,1.14964
611,13.8324,7.73024,5,1.65333,0.0692815,1.33167
612,12.9569,7.14998,4,0.953333,0.0696045,1.32639
613,15.2412,8.39702,4,0.9,0.067941,1.3642
614,14.4435,6.77845,6,1.22,0.0678072,1.54354
615,14.3639,7.13702,5,1.17333,0.0669842,1.35746
616,14.5689,7.35428,5,0.746667,0.0696732,1.24402
617,15.0499,8.98002,6,1.5,0.0694776,1.1901
618,14.5745,7.24963,5,0.966667,0.066355,1.45034
619,15.4045,7.23065,7,1.56,0.0685783,1.50619
620,14.9007,7.34094,7,1.18,0.0668681,1.35634
621,13.9206,7.28101,6,1.11333,0.067624,1.38759
622,13.4981,7.79273,3,0.726667,0.0706063,1.47175
623,14.0865,7.95269,6,1.74,0.068642,1.40113
624,16.3136,8.56576,7,1.66,0.0719458,1.50164
625,16.3903,8.50015,7,2.12,0.0676826,1.399
626,14.7248,7.85293,5,1.22,0.0714804,1.27029
627,13.3053,7.56361,5,0.886667,0.0711366,1.47894
628,11.3705,6.98213,4,0.646667,0.0652794,1.25672
629,13.8325,7.86358,5,0.906667,0.0660476,1.22895
630,15.374,8.12974,5,0.933333,0.0657392,1.28275
631,14.0565,7.72876,6,0.56,0.0676561,1.2258
632,14.1908,7.81883,5,0.986667,0.0687479,1.25059
633,14.1835,7.42239,4,0.573333,0.068098,1.32511
634,16.0773,8.56013,7,1.61333,0.0679408,1.19578
635,13.7462,7.85834,4,0.693333,0.064269,1.06903
636,14.5167,7.92156,5,1.37333,0.0709041,1.26356
637,13.6001,8.23013,4,0.6,0.0677413,1.12959
638,14.6806,7.58197,5,1.2,0.0663044,1.22761
639,14.2031,8.43091,6,1.06667,0.0725989,1.32527
640,14.235,7.80416,4,0.653333,0.0674352,1.32408
641,13.6223,6.45505,4,1,0.0722871,1.4028
642,15.6938,7.6878,6,1.58,0.0718942,1.18363
643,14.419,7.26528,5,0.74,0.0716869,1.47167
644,14.7771,6.01536,4,0.78,0.0660201,1.68195
645,14.9403,6.98489,6,1.30667,0.0645153,1.24208
646,13.2598,6.28136,4,0.773333,0.0696338,1.25142
647,13.7183,6.53416,4,0.8,0.0680501,1.15753
648,13.6681,6.61982,3,0.646667,0.0687574,1.10778
649,15.7598,6.8487,6,1.20667,0.0706197,1.21235
650,14.5277,6.67404,6,1.56,0.0676659,1.28037
651,14.3495,7.18303,6,1.12,0.0674328,1.08853
652,14.3924,7.46982,5,1.20667,0.0684248,1.14898
653,15.0223,7.9562,6,1.26,0.0714484,1.32636
654,14.8948,7.87757,6,1.21333,0.07046,1.34502
655,14.911,7.96014,6,1.74,0.0687282,1.24656
656,16.0179,8.23929,6,1.56667,0.0704723,1.25241
657,14.7137,6.77327,5,1.06667,0.0673366,1.2805
658,16.5157,8.15183,7,1.44667,0.0701792,1.25957
659,14.8042,8.27494,6,1.51333,0.0693739,1.20931
660,12.7493,7.03282,4,0.76,0.0677937,1.07279
661,15.0668,7.82402,6,1.51333,0.0694855,1.2415
662,15.8369,8.04002,8,1.83333,0.0692769,1.23054
663,13.3466,7.10948,5,0.733333,0.0706341,1.09432
664,15.6966,8.52015,7,1.75333,0.0748867,1.13468
665,16.6214,9.11241,7,1.89333,0.0731782,1.15022
666,15.3691,8.27942,6,1.96,0.0738886,1.12185
667,15.673,8.2076,7,1.68667,0.0751777,1.23057
668,13.2076,7.84564,5,1.01333,0.0649035,0.966712
669,13.6467,7.54716,7,0.573333,0.0689217,1.15658
670,14.8504,7.76344,5,1.11333,0.0672051,1.07995
671,11.6913,6.21103,5,1.16,0.0711371,1.13416
672,14.0967,6.81548,5,1.33333,0.0684101,1.18591
673,13.2498,6.36094,6,1.42,0.0686939,1.18138
674,15.7455,7.86231,7,1.83333,0.071307,1.26841
675,12.5998,6.53186,6,1.2,0.0694181,1.14643
676,13.7058,6.85006,4,0.72,0.065598,0.926904
677,12.4616,6.60321,6,0.68,0.068486,1.06642
678,13.7066,7.06805,6,1.13333,0.069312,0.964451
679,12.3744,6.82888,4,0.64,0.0684259,0.980731
680,13.5153,7.13977,7,1.05333,0.070562,1.05916
681,11.3948,7.00829,7,0.613333,0.0635193,0.781006
682,16.7271,7.97971,8,1.89333,0.0694334,1.45698
683,12.5587,6.89437,5,0.486667,0.071183,1.1676
684,11.7159,6.83641,4,0.28,0.0655321,0.815709
685,12.0528,6.9186,4,0.406667,0.066882,0.948938
686,11.0942,6.32543,2,0.28,0.0651673,0.75732
687,11.2721,6.7165,2,0.106667,0.0684815,0.865959
688,13.8723,7.47177,6,0.753333,0.0705897,0.843055
689,14.6245,8.22442,5,1.02,0.0700386,0.831639
690,13.7733,7.1404,5,0.78,0.0687116,0.733633
691,13.5773,7.74459,7,1.13333,0.0688375,0.939002
692,13.4741,7.74854,4,0.6,0.0695321,0.863229
693,12.7276,7.40857,4,0.546667,0.0631047,0.823805
694,13.4024,7.64931,5,0.466667,0.0664492,0.939899
695,13.6706,7.42442,7,0.613333,0.0689288,0.941087
696,13.1683,7.32386,5,0.453333,0.0658293,0.871102
697,13.8661,7.05483,6,0.653333,0.0697205,0.894068
698,13.1156,7.66654,7,0.68,0.0667931,0.896034
699,13.4266,7.6301,5,0.486667,0.0654503,0.872908
700,13.0986,7.42518,5,0.62,0.0707336,1.04945
701,13.0134,7.61776,4,1.04,0.0708347,1.22344
702,14.457,7.73551,5,0.753333,0.0672638,1.21814
703,14.755,7.65505,6,1.17333,0.0700473,1.12422
704,14.022,7.35301,3,0.7,0.0651585,1.40107
705,17.0019,7.3295,8,1.50667,0.0692247,1.4968
706,11.8851,7.2156,4,0.573333,0.0630332,0.925832
707,12.1888,7.49032,2,0.306667,0.0674676,1.02729
708,13.6149,7.88746,4,0.566667,0.0694119,1.04826
709,15.7049,8.38661,6,1.02,0.0694982,0.988709
710,16.0168,8.37554,7,1.50667,0.0698526,1.23535
711,14.5224,7.57514,6,0.846667,0.0703325,1.08621
712,15.2765,8.59838,6,1.03333,0.070444,1.1163
713,12.6755,7.94492,3,0.413333,0.0673357,0.965312
714,15.1639,7.64938,5,0.626667,0.0677542,1.11507
715,13.958,7.89717,6,0.893333,0.0682772,1.00967
716,14.1189,8.44887,5,0.86,0.0692162,0.955256
717,14.449,8.00783,5,0.733333,0.0680901,1.1539
718,14.1892,7.70026,5,0.64,0.0706097,1.11136
719,13.096,8.15305,4,0.506667,0.0684661,0.842791
720,13.6058,8.52772,4,0.713333,0.067301,1.06552
721,14.7487,7.91943,7,0.466667,0.0667276,1.09935
722,16.45,9.77169,7,1.59333,0.0701509,1.15496
723,13.914,7.75068,4,0.473333,0.0671614,0.957622
724,15.1186,7.73448,5,0.533333,0.06524,1.11552
725,15.9188,8.87708,6,0.86,0.067334,0.946498
726,14.4948,8.81793,5,1.03333,0.0721985,1.08973
727,15.0266,8.87424,4,0.82,0.0695767,0.955532
728,13.9626,8.04662,6,0.68,0.070131,1.07455
729,15.6615,8.65068,7,0.88,0.0686222,1.09571
730,14.2969,7.94665,5,0.6,0.0695546,1.14195
731,15.0506,7.71966,5,1.64667,0.0700606,1.56144
732,16.3807,8.36237,8,2.22667,0.0712581,1.57588
733,15.4776,7.69393,8,2.35333,0.0677726,1.72621
734,14.9412,6.76246,5,1.3,0.0677792,1.54718
735,14.2027,7.29482,4,1.08667,0.0721675,1.50153
736,13.8193,7.28224,5,0.953333,0.06919,1.31593
737,17.0004,7.05977,6,1.15333,0.0723966,1.32104
738,14.8433,7.1132,5,1.12667,0.0692321,1.2086
739,14.0516,7.23214,4,0.766667,0.0699704,1.19845
740,14.764,8.44017,3,0.706667,0.0652368,1.21263
741,13.0091,7.25178,5,1.20667,0.0668888,1.23943
742,13.6204,7.72381,6,1.04667,0.0695246,1.2364
743,14.5778,7.72849,6,0.873333,0.0658137,1.05884
744,12.2816,7.41936,5,0.726667,0.0641305,1.19856
745,13.2621,7.63873,5,0.946667,0.0701446,1.29826
746,15.2666,7.80194,6,1.26,0.0738995,1.39419
747,14.6058,8.12991,5,1.16667,0.0680936,1.27316
748,14.3264,7.5536,5,0.913333,0.0706915,1.4201
749,15.9609,7.51457,7,1.30667,0.0666972,1.23374
750,13.602,7.61575,5,1.38,0.070724,1.27042
751,13.3097,7.21004,7,0.926667,0.0661585,1.41052
752,15.6455,7.83083,5,1.23333,0.067792,1.33739
753,16.1833,7.91054,7,1.3,0.06985,1.28287
754,13.304,7.03563,8,0.5,0.0699971,1.29847
755,14.1384,7.82789,5,1.44667,0.0682144,1.54031
756,14.2857,8.21118,6,1.23333,0.0693443,1.45078
757,13.1115,8.09779,5,0.966667,0.0714182,1.35222
758,14.3462,7.96641,5,1.00667,0.0710782,1.17616
759,15.2132,8.54757,6,1.28667,0.0652665,1.22675
760,13.5736,7.55288,4,0.773333,0.0688797,1.23876
761,13.8076,7.67478,4,0.986667,0.0701943,1.29407
762,15.5624,7.3104,7,1.53333,0.072581,1.87311
763,15.761,7.51976,5,1.75333,0.0698755,1.45696
764,13.2749,6.7607,4,0.953333,0.0692563,1.67612
765,13.4458,6.85646,5,1.38667,0.0692661,1.50474
766,14.6238,6.7636,5,1.44667,0.0683192,1.60462
767,13.7427,7.11601,5,1.56667,0.0685816,1.40882
768,14.336,7.54705,6,1.50667,0.0704683,1.38043
769,16.2894,7.23302,8,1.78,0.0724302,1.29229
770,15.0855,7.90621,5,1.40667,0.0699365,1.10517
771,16.3431,7.87703,8,1.73333,0.0691677,1.34785
772,14.6038,7.77321,6,0.926667,0.0682516,1.09141
773,15.5614,7.70513,8,1.52667,0.0691051,1.04837
774,14.5031,8.32452,5,1.06667,0.0659225,1.33013
775,13.7935,7.88472,7,1.24667,0.0693031,1.30942
776,13.6849,7.67033,5,0.473333,0.0648896,1.20246
777,14.8934,7.20811,7,0.98,0.0693337,1.20003
778,14.2135,7.27197,5,0.86,0.0671204,1.28661
779,11.9073,7.04419,4,0.493333,0.0658233,1.20626
780,13.9212,7.64918,5,1.09333,0.0666031,1.2028
781,14.0694,8.17499,5,1.36667,0.0652195,1.23504
782,13.6484,7.6842,6,1.30667,0.0690018,1.29801
783,15.193,7.58052,7,1.23333,0.0682045,1.47501
784,12.5024,7.6874,7,0.646667,0.0676497,1.24708
785,13.8801,8.04363,6,0.986667,0.0692004,1.35878
786,13.4819,7.92676,7,1.06,0.0708141,1.26747
787,13.1067,7.72055,6,0.873333,0.0695411,1.24358
788,16.4088,8.49624,7,1.99333,0.0695559,1.38799
789,15.3142,7.75796,8,1.41333,0.071499,1.45935
790,14.7287,7.87202,6,1.00667,0.070595,1.3928
791,13.282,8.09408,5,1.66667,0.0712112,1.66866
792,12.5199,7.15761,3,0.486667,0.0728405,1.55047
793,15.1151,9.75073,4,1.55333,0.0701638,1.66883
794,14.7602,8.29402,4,1.52667,0.0813896,1.94234
795,13.1878,7.81876,4,1.24667,0.0712992,1.40225
796,13.7085,7.6736,5,1.4,0.0709808,1.66623
797,14.3089,8.07154,5,1.08,0.0716428,1.50259
798,14.3734,8.5442,6,1.30667,0.0688664,1.33394
799,15.6426,8.45149,8,1.60667,0.0717769,1.48479
800,14.2651,7.85568,5,1.06667,0.0657687,1.23346
801,13.104,7.99794,6,0.753333,0.0682466,1.21116
802,12.0328,7.50184,5,0.92,0.0689866,1.28749
803,13.309,7.53349,4,1.28667,0.0667469,1.33236
804,14.3166,8.38578,4,1.02,0.0671428,1.46137
805,13.8011,8.63496,5,0.933333,0.0643652,1.34908
806,15.7831,8.98899,7,2.36,0.0690748,1.17231
807,15.2957,8.76934,7,2.32,0.0662469,1.3298
808,13.9123,8.02864,6,1.21333,0.0713686,1.25813
809,14.2368,8.41767,5,1.17333,0.0690177,1.2864
810,11.5302,7.54951,7,0.833333,0.0686982,1.2532
811,14.0161,8.3817,5,1.46,0.0681641,1.23445
812,13.9548,7.70808,7,1.38667,0.071044,1.293
813,14.9067,8.29458,4,1.3,0.0691842,1.12796
814,12.7101,7.82461,4,0.893333,0.0650379,1.05858
815,14.4893,8.34065,5,1.32667,0.0697734,1.31164
816,15.5667,8.91939,6,1.68,0.0683654,1.29429
817,14.8878,8.93654,7,1.45333,0.0724467,1.37315
818,15.829,9.13242,6,2.18667,0.0793175,1.43456
819,14.5874,8.52803,5,1.36,0.068962,1.27638
820,15.8865,9.75657,6,2.10667,0.0692489,1.26836
821,16.1819,8.64145,8,3.20667,0.0709606,1.73005
822,17.0788,9.47938,8,3.05333,0.0980464,1.54926
823,12.8425,7.62303,5,0.846667,0.0710777,1.46933
824,13.3143,8.69771,6,1.37333,0.0731527,1.33195
825,14.3148,9.05456,6,2.2,0.0949194,1.50255
826,12.7059,8.10824,4,1.64667,0.0649459,1.05772
827,15.379,9.82952,7,2.84667,0.0658064,1.34884
828,14.4377,9.37328,6,1.48667,0.0671939,1.33008
829,14.8926,8.23099,8,1.32,0.0683716,1.25207
830,15.5201,9.08302,7,2.24,0.0700554,1.37236
831,16.2018,9.94991,7,2.16,0.0700408,1.28413
832,15.8268,9.41317,6,2.36,0.065438,1.43055
833,14.4808,8.87492,8,2.06,0.0715981,1.21306
834,13.4472,8.85674,4,0.94,0.0763319,0.992918
835,13.5555,8.2687,4,1.43333,0.0651607,1.28138
836,14.9215,9.67549,7,2.53333,0.0697008,1.36248
837,13.0309,8.77465,4,0.953333,0.0670709,1.38123
838,13.3706,8.81994,4,1.08667,0.0675878,1.16423
839,13.8097,9.1032,4,0.946667,0.0652161,1.12096
840,15.9591,8.97583,7,1.6,0.0681533,1.19317
841,14.7523,8.99719,7,2.07333,0.0726566,1.45303
842,15.76,8.94963,9,1.74,0.0776237,1.14868
843,18.1534,9.05321,10,2.17333,0.071692,1.23124
844,15.2187,8.62351,8,1.79333,0.0675664,1.18906
845,15.7836,9.26835,7,2.10667,0.068863,1.29801
846,14.3626,9.54854,8,1.96667,0.0694515,1.16552
847,15.399,8.79692,8,1.61333,0.0712691,1.41157
848,15.8686,8.38244,10,1.9,0.0696589,1.24546
849,15.4019,8.21948,6,1.48667,0.0676789,1.31997
850,14.2198,8.53649,7,1.36667,0.0662441,1.27762
851,14.9021,8.71088,6,1.70667,0.0679163,1.27112
852,15.4735,8.22988,7,2.13333,0.0685714,1.40332
853,13.538,7.02812,6,0.913333,0.0687177,1.34703
854,15.3848,9.27606,8,2.52,0.0725571,1.45783
855,15.3583,8.83354,6,1.7,0.0667679,1.28156
856,16.6406,8.78247,8,2.16667,0.0691816,1.43376
857,14.2709,8.402,6,1.32667,0.0683762,1.31112
858,15.1361,8.24514,7,1.18,0.0654523,1.31245
859,15.4458,8.22901,8,1.38667,0.0678645,1.31332
860,14.5448,8.43112,7,1.2,0.0650211,1.14293
861,17.7444,9.18544,9,1.68667,0.0677027,1.16827
862,15.6626,9.25472,7,1.73333,0.0719418,1.334
863,16.9053,8.32365,8,1.30667,0.0687076,1.39788
864,16.9924,8.84461,8,1.44,0.0701415,0.947831
865,16.2396,8.72583,8,1.98667,0.0698433,1.18345
866,15.6183,8.95841,8,0.973333,0.0654313,1.105
867,16.43,9.62785,9,1.97333,0.0680867,1.26968
868,15.5905,8.55759,8,1.47333,0.0690548,1.15691
869,15.4048,9.87328,6,1.34667,0.0683576,1.24747
870,14.5342,8.16952,9,0.993333,0.0658391,1.11353
871,18.15,8.51001,10,1.61333,0.0697965,1.15117
872,13.8689,8.35954,7,1.24667,0.067011,1.08781
873,17.4822,9.37355,9,2.49333,0.0723584,1.25804
874,14.1934,7.99518,5,1.76667,0.0635217,1.30428
875,14.2169,8.57978,4,1.22,0.0881344,1.27716
876,14.0213,8.50743,4,1.11333,0.0674536,1.45354
877,15.6481,8.28309,7,1.19333,0.0670951,1.38234
878,13.8265,8.24713,7,0.926667,0.0680622,1.31084
879,16.4194,9.39112,6,1.34,0.0653343,1.25672
880,13.2299,8.0428,5,0.993333,0.0649128,1.08882
881,15.1656,9.09006,7,1.81333,0.0681606,1.25565
882,14.633,8.90081,7,1.81333,0.067788,1.40681
883,15.0675,8.77435,5,1.54667,0.0671764,1.30836
884,14.3241,8.59999,6,1.62667,0.0694047,1.06192
885,15.023,9.31554,6,2.1,0.0697255,1.25744
886,14.8917,8.43847,6,1.78,0.0664381,1.04263
887,11.4495,7.48917,2,0.52,0.0667023,1.02588
888,14.6448,8.58049,6,1.88667,0.072439,1.14191
889,13.5133,7.54255,4,0.926667,0.0694228,1.21507
890,15.6207,8.40015,7,1.76,0.0704221,1.34879
891,14.8436,8.5964,5,1.1,0.0638874,1.19145
892,13.7993,8.85922,5,0.786667,0.067449,1.23093
893,15.5799,9.16237,7,1.51333,0.0656711,1.11985
894,14.7215,8.35755,5,0.98,0.0696119,1.26693
895,10.7892,7.52035,4,0.433333,0.0665614,0.919765
896,12.6606,7.29951,4,0.52,0.0651251,1.19396
897,14.0446,8.30058,5,1.32,0.0661782,1.15966
898,15.7708,9.0485,6,1.62,0.0667991,1.13021
899,15.2036,9.46888,6,1.42667,0.0681876,1.3139
900,12.8791,7.74609,7,0.626667,0.0707589,1.10243
901,12.1617,7.34735,5,0.813333,0.0674311,1.05818
902,13.809,8.4785,5,0.893333,0.0672439,1.20292
903,14.3003,8.32035,5,0.953333,0.0692629,1.04213
904,14.4812,7.83298,4,1.26,0.0657883,1.40527
905,15.0762,8.56375,5,1.11333,0.0700909,1.44655
906,14.2908,8.11805,4,1.48667,0.0689622,1.36441
907,15.8483,7.59745,7,1.74667,0.066546,1.28705
908,14.6117,7.60242,7,1.41333,0.0663828,1.44333
909,15.8023,8.01648,6,2.20667,0.0681279,1.57617
910,14.9912,7.27822,7,1.77333,0.068785,1.58379
911,15.279,8.12007,9,1.72667,0.0697988,1.3724
912,14.6724,7.9334,6,1.53333,0.0716889,1.38307
913,12.7976,7.13671,4,1.08667,0.0653693,1.45332
914,13.5275,7.65389,5,0.973333,0.0678107,1.55313
915,15.3357,7.72127,6,1.62667,0.0680091,1.5146
916,14.2426,7.46629,4,1.12667,0.0690961,1.34281
917,13.7778,7.48781,9,1.36,0.0678057,1.02458
918,13.9243,7.78572,6,1.41333,0.0673477,1.33432
919,14.0856,7.64064,5,0.933333,0.065884,1.2756
920,12.7849,7.11759,3,0.613333,0.0696383,1.28328
921,14.5093,7.91721,5,1.34,0.0703529,1.16488
922,16.3075,8.51161,7,1.88,0.0659121,1.24803
923,14.2767,8.91754,5,1.76667,0.0660034,1.14504
924,15.8613,9.86198,6,2.02667,0.0711457,1.29495
925,14.2708,8.39083,7,1.78667,0.0690869,1.0488
926,13.7655,8.20334,5,1.15333,0.0674688,1.29763
927,14.8614,8.60478,6,1.22,0.0673476,1.17401
928,14.102,8.0466,5,0.993333,0.0638769,1.26082
929,14.6258,8.65303,6,1.58667,0.0694142,1.27393
930,13.5532,8.33368,5,1.3,0.0651045,1.09149
931,14.148,8.43072,5,1.4,0.0657859,0.9791
932,12.6297,7.20934,4,0.753333,0.0628736,1.23645
933,16.099,8.8621,7,2.08667,0.0676669,1.43332
934,14.6317,8.13728,6,1.71333,0.0687999,1.48555
935,15.3251,8.70955,7,1.99333,0.0679618,1.40761
936,13.3631,6.58062,5,0.973333,0.0662044,1.41491
937,15.6645,8.7191,7,2.06,0.0701432,1.28168
938,15.0509,8.54092,10,1.67333,0.072055,1.27457
939,15.1374,8.82535,7,1.92,0.0690476,1.11072
940,14.816,8.27827,5,1.22,0.0676392,1.19811
941,14.442,7.72254,6,0.92,0.0653841,1.23796
942,17.9232,9.2582,9,2.5,0.0752874,1.52503
943,15.7087,8.39753,7,1.44,0.0666902,1.32257
944,12.1159,7.05904,5,0.413333,0.0697239,1.05363
945,14.3598,8.65201,7,1.60667,0.0710549,1.20136
946,14.0342,7.78076,5,0.78,0.06456,1.07973
947,16.5913,8.85376,8,2.34667,0.0697479,1.05538
948,14.3074,7.59993,4,0.913333,0.0687451,1.01133
949,14.2588,8.21109,6,1.1,0.0709309,1.14747
950,16.3457,8.53139,7,2.16667,0.0724288,1.22201
951,14.357,8.44362,7,1.76,0.0695535,1.466
952,14.2784,8.48066,10,1.54667,0.0746666,1.04849
953,16.9968,10.3942,8,3.3,0.0710325,1.41763
954,15.1633,9.53475,7,2.07333,0.069798,1.33682
955,15.9692,9.01222,7,2.30667,0.0665134,1.44912
956,14.9036,9.16719,8,2.06667,0.0700197,1.28557
957,14.4138,8.27048,7,2.08,0.0700423,1.28823
958,14.1383,8.20215,5,1.19333,0.066011,1.13394
959,14.1933,9.16639,5,2.16,0.0708393,1.19892
960,13.8243,9.43056,6,1.29333,0.0694598,1.15311
961,14.2229,8.35817,4,1.31333,0.065862,1.25767
962,14.7824,8.60156,5,1.24,0.0707931,1.25272
963,15.026,8.8513,6,1.66,0.0709468,1.30469
964,14.7358,7.80673,7,1.79333,0.0769718,1.51291
965,14.8048,7.92064,5,1.12,0.0686544,1.09902
966,14.9752,7.80266,7,1.83333,0.0714458,1.32196
967,14.439,6.99051,5,0.606667,0.0678033,1.35072
968,14.8641,7.19494,5,0.626667,0.0704008,1.04193
969,13.5614,6.43192,5,0.846667,0.0673812,1.27488
970,14.3345,6.73485,5,0.72,0.0702648,1.22333
971,14.6528,7.22066,5,0.793333,0.0694213,1.12522
972,15.4518,7.79436,6,0.96,0.0660384,1.13778
973,13.0569,7.02625,5,0.813333,0.0716824,1.27917
974,12.1334,7.48532,5,0.74,0.068054,1.00755
975,15.2546,7.71991,6,1.22,0.0673838,1.14297
976,15.0462,7.94684,6,1.12667,0.0654692,1.05686
977,12.9741,7.44642,4,0.68,0.0647525,1.22886
978,15.2371,8.2483,7,1.55333,0.0686423,1.07604
979,12.4176,7.5193,4,0.6,0.0668287,0.933327
980,13.9361,8.65061,5,1.38,0.0682997,1.05625
981,16.2438,8.33537,7,1.78667,0.0709108,1.36129
982,14.9035,7.63394,7,1.38,0.0693482,1.28516
983,15.4463,8.28242,7,2,0.06941,1.11062
984,16.2958,8.55476,8,1.76667,0.0663698,1.21989
985,13.4785,8.47536,5,1.46,0.0717492,1.1622
986,16.591,9.05087,8,2.15333,0.0679665,1.15047
987,14.9163,9.17804,7,1.77333,0.0688677,1.22029
988,14.6127,8.68623,6,1.38,0.072047,1.15589
989,13.0434,8.40928,4,0.76,0.062955,1.13535
990,16.0402,8.19729,7,1.77333,0.0677157,1.30809
991,14.055,7.51997,5,0.706667,0.0666955,1.18996
992,13.283,7.65817,5,1.04,0.066846,1.22239
993,15.0275,8.73315,6,1.1,0.0661518,1.2294
994,14.0531,8.42492,5,2.13333,0.0750371,1.66586
995,15.5395,9.09562,6,1.66,0.0680886,1.57878
996,15.8187,9.28835,5,2.00667,0.0674456,1.47129
997,12.0932,6.93165,3,0.473333,0.0651993,1.38518
998,13.4137,7.97424,6,1.31333,0.0736877,1.32386
999,14.0703,8.16882,5,1.22667,0.0683064,1.30018
1000,13.8208,8.79817,4,1.57333,0.0714165,1.16235
