1,0.106166,0.00289212,4,0.173333,0.0750809,1.11528
2,0.112747,0.00297546,4,0.18,0.0643936,1.03836
3,0.300528,0.0183897,7,1.81333,0.0654008,1.81249
4,0.315029,0.0611614,8,1.91333,0.0754132,1.74637
5,0.375244,0.0250931,7,1.37333,0.068485,1.55824
6,0.182568,0.0393712,7,1.94667,0.071218,1.8432
7,0.271177,0.0354041,8,2.03333,0.0721286,1.71
8,0.298703,0.0518119,9,2.59333,0.0735333,1.69601
9,0.190195,0.0193197,9,1.81333,0.067184,1.26469
10,0.239959,0.0339378,9,2.29333,0.068965,1.69613
11,0.276933,0.020142,7,1.55333,0.0657755,1.47156
12,0.280062,0.0306659,7,2.42,0.0675586,2.15491
13,0.284399,0.0279195,7,1.18667,0.0660274,1.47617
14,0.287965,0.0225462,9,1.82667,0.071767,1.55373
15,0.300874,0.0450766,7,1.97333,0.0691506,1.85274
16,0.320514,0.0422371,9,1.77333,0.06296,1.47796
17,0.465778,0.0476419,8,1.74667,0.0691092,1.42362
18,0.355526,0.043038,8,2.00667,0.0677548,1.74238
19,0.273086,0.0302029,8,1.47333,0.0646032,1.69159
20,0.328541,0.0596415,6,1.73333,0.0695715,1.57332
21,0.385588,0.045404,8,1.81333,0.0676223,1.5882
22,0.324892,0.0707837,8,1.96,0.0697794,1.48045
23,0.415135,0.0646284,8,2.16667,0.0685227,1.68577
24,0.474075,0.0711373,10,2.46,0.0674505,1.7497
25,0.391206,0.0618933,10,1.89333,0.0658311,1.58454
26,0.529125,0.0795092,8,2.54667,0.0713635,1.92136
27,0.376686,0.0460505,6,1.43333,0.0650392,1.45846
28,0.643219,0.0634595,10,2.17333,0.069872,1.67867
29,0.384829,0.0541047,8,2.46,0.0693711,2.02954
30,0.340967,0.0640501,9,2.23333,0.067775,1.66604
31,0.473806,0.073622,9,2.19333,0.0712561,1.8676
32,0.56692,0.0723277,9,2.32,0.0722476,1.83359
33,0.404085,0.0644101,9,2.24667,0.070249,1.63191
34,0.457225,0.0581094,8,1.84,0.0686191,1.67383
35,0.390952,0.076171,8,2.2,0.0665217,1.58276
36,0.517225,0.0512948,7,1.37333,0.0681454,1.6532
37,0.341417,0.0564053,9,1.88667,0.0687503,1.69806
38,0.252659,0.0471097,8,1.85333,0.0695165,1.70769
39,0.532407,0.0835794,10,2.75333,0.0721041,1.97586
40,0.421738,0.0317153,8,1.24667,0.0678623,1.93418
41,0.398208,0.0324322,7,1.67333,0.0707247,1.62715
42,0.237923,0.0311819,7,1.63333,0.0675525,2.01462
43,0.332887,0.0325419,8,1.56667,0.0686346,1.90449
44,0.400859,0.0664428,8,2.08,0.0705723,1.99229
45,0.30987,0.0679876,9,2.14,0.0686683,1.70896
46,0.523474,0.0738721,7,1.99333,0.0719326,1.9131
47,0.364232,0.0566674,8,2.06,0.0678002,1.95335
48,0.314355,0.0418103,7,1.60667,0.0788172,1.72558
49,0.414142,0.0659302,8,1.74,0.0685325,2.36329
50,0.356753,0.0491799,7,1.86,0.0665341,2.00189
51,0.362861,0.049321,8,1.95333,0.0672699,2.22645
52,0.34806,0.0544391,8,2.27333,0.0677302,2.50286
53,0.467814,0.0392483,9,1.86667,0.0655784,1.99934
54,0.447489,0.0607294,6,1.52,0.0675055,2.35307
55,0.520214,0.0758082,8,1.98667,0.070784,2.48182
56,0.478583,0.0538462,8,1.92667,0.0696897,2.14841
57,0.559891,0.119468,10,3.02667,0.0704679,2.71817
58,0.274229,0.0425424,6,1.25333,0.064874,2.41849
59,0.505836,0.10451,7,2.35333,0.0674433,2.56618
60,0.511339,0.0868638,8,2.37333,0.0709774,2.22161
61,0.521479,0.0882791,9,2.37333,0.0723685,2.40928
62,0.579952,0.096973,7,2.38667,0.0676341,1.91735
63,0.260128,0.0314334,8,1.37333,0.068459,2.08012
64,0.481089,0.0663738,9,2.01333,0.0695319,2.21622
65,0.299598,0.0625264,8,2.06667,0.0637352,2.69469
66,0.470885,0.0566395,8,2.48,0.067629,2.73782
67,0.372529,0.0655921,7,1.83333,0.0655874,2.58776
68,0.493009,0.070689,9,2.02667,0.071146,2.14085
69,0.566319,0.0912877,9,2.22667,0.145621,2.44014
70,0.324334,0.0504124,9,1.65333,0.0639625,2.413
71,0.437193,0.0833017,7,2.14667,0.0683332,2.36071
72,0.412878,0.0606217,7,1.68,0.0686113,2.04113
73,0.546251,0.0505405,8,1.57333,0.0648155,2.01034
74,0.769745,0.0886529,10,2.22667,0.0674828,2.27404
75,0.621339,0.0554124,9,1.62,0.0661894,2.4589
76,0.533349,0.0681911,8,1.88,0.066432,2.49922
77,0.384524,0.024932,6,1.27333,0.070212,2.60634
78,0.460918,0.0321405,8,1.49333,0.0654235,2.29245
79,0.566279,0.0587537,9,1.74,0.0698409,2.29436
80,0.62134,0.0532215,9,1.94,0.0671107,2.14292
81,0.664288,0.106557,9,2.38,0.0810821,2.21982
82,0.475187,0.0483568,8,1.51333,0.0671228,2.01644
83,0.597337,0.0559973,9,1.81333,0.0655451,1.79579
84,0.659105,0.0834482,10,2.33333,0.0724735,1.90255
85,0.516299,0.0722202,9,2.10667,0.0677878,2.06504
86,0.675943,0.0891565,10,2.81333,0.0740291,1.99172
87,0.661591,0.0607129,9,2.28,0.0746152,2.21482
88,0.689063,0.0713726,9,2.22,0.0686592,2.38456
89,0.549933,0.0662207,8,1.57333,0.0668182,2.12343
90,0.493862,0.0662956,10,1.94,0.0694099,2.84375
91,0.48659,0.0833855,8,1.97333,0.0685274,2.5099
92,0.385178,0.0572832,7,1.75333,0.0649584,2.64493
93,0.542596,0.0946689,9,2.56,0.0691778,2.5609
94,0.505644,0.0806341,9,2.07333,0.0685321,2.68867
95,0.549493,0.0664328,9,1.89333,0.0650963,2.78368
96,0.557176,0.0588537,9,1.66,0.0656683,2.51569
97,0.644008,0.121077,8,2.54667,0.06809,2.69039
98,0.572074,0.0735666,9,1.74667,0.068255,2.42041
99,0.687673,0.0538784,9,1.56667,0.0643627,2.43787
100,0.630861,0.0759497,9,2.26667,0.0686603,2.43317
101,0.648737,0.0652699,10,1.84,0.0684666,2.11769
102,0.597634,0.0658956,9,2.09333,0.0667914,2.09362
103,0.654624,0.0661381,9,2.18,0.0688662,2.75949
104,0.629529,0.0527111,9,1.64667,0.0654417,2.25411
105,0.654957,0.0739183,9,2.24,0.065202,2.78704
106,0.500598,0.0570942,9,1.92667,0.0670198,2.64689
107,0.532855,0.0612049,9,1.74667,0.0702583,2.28032
108,0.535219,0.0860492,8,2.16667,0.0677166,2.18431
109,0.634359,0.0898586,10,2.19333,0.0684519,2.35493
110,0.475375,0.0549591,6,1.50667,0.0666394,2.49395
111,0.619228,0.0694133,8,1.95333,0.0674803,2.6539
112,0.51449,0.0384268,8,1.50667,0.0642016,2.39665
113,0.795905,0.0653585,10,2.45333,0.0658167,2.40714
114,0.490333,0.0638494,9,1.92667,0.0685069,2.62881
115,0.52354,0.13208,9,3.36667,0.0689319,2.65673
116,0.587215,0.100166,8,2.76667,0.0688905,2.84386
117,0.612377,0.106294,10,2.84667,0.0701873,2.85296
118,0.752624,0.142568,10,3.34,0.0666972,2.64569
119,0.470323,0.107659,8,2.56667,0.0645687,2.94459
120,0.707392,0.129209,10,2.89333,0.0686397,2.5609
121,0.59795,0.121381,9,2.54667,0.0660549,2.62545
122,0.664874,0.122651,9,2.9,0.064545,2.52501
123,0.817622,0.149299,10,3.24667,0.0694826,2.60431
124,0.739284,0.135348,10,3.28667,0.0696813,2.49559
125,0.695352,0.077185,9,2.22667,0.0672458,2.26895
126,0.535302,0.0934469,8,2.30667,0.0662667,2.34487
127,0.595718,0.112119,10,2.91333,0.0672189,2.44161
128,0.687743,0.136563,10,2.94667,0.0670709,2.37925
129,0.731704,0.114125,9,2.53333,0.0662534,2.72661
130,0.691541,0.114178,9,2.42,0.0659426,2.59087
131,0.720312,0.127751,9,2.78667,0.0708539,2.72801
132,0.570822,0.131844,9,2.72667,0.0650283,2.85941
133,0.720638,0.107172,9,2.55333,0.0681329,3.15468
134,0.636362,0.119539,9,3,0.0641386,2.77047
135,0.638351,0.110795,9,2.24,0.0667328,2.68791
136,0.697984,0.152646,10,3.19333,0.0674654,2.50032
137,0.716142,0.145783,10,3.06,0.0680507,2.52226
138,0.734196,0.205278,10,3.97333,0.0686623,2.41067
139,0.602786,0.149273,9,3.43333,0.0700043,2.69199
140,0.735271,0.172317,10,3.64,0.0687306,2.45204
141,0.535008,0.116031,10,2.82,0.0673842,2.68484
142,0.725506,0.173265,9,3.58667,0.0713587,2.66917
143,0.748372,0.151443,10,3.05333,0.0681857,2.35222
144,0.710382,0.159151,9,3.24667,0.0698768,2.43331
145,0.865247,0.192755,10,3.95333,0.0688885,2.30607
146,0.599513,0.161124,9,3.41333,0.074131,2.49212
147,0.564462,0.12918,9,3.07333,0.0676325,2.5974
148,0.70313,0.196415,10,4.21333,0.0695683,2.72878
149,0.637959,0.130961,10,3.10667,0.0668134,2.70795
150,0.588742,0.136111,9,2.9,0.0679589,2.8493
151,0.660161,0.158823,9,3.61333,0.0711362,2.54296
152,0.559953,0.113149,9,2.66,0.0687189,2.94811
153,0.656554,0.152125,10,3.42,0.066121,2.83747
154,0.760413,0.151136,10,3.35333,0.0706331,2.52031
155,0.753128,0.147605,9,3.08667,0.0669125,2.48322
156,0.683358,0.149802,10,3.1,0.0681025,2.53025
157,0.715725,0.219914,9,3.89333,0.0674937,2.47255
158,0.709685,0.168007,10,3.24667,0.0694523,2.29505
159,0.804829,0.244308,10,4.3,0.0687602,2.45932
160,0.796069,0.237399,10,4.12,0.076721,2.57859
161,0.662922,0.188108,9,3.66667,0.16665,2.72544
162,0.687322,0.166892,9,2.95333,0.0708095,2.55149
163,0.501298,0.131504,8,3.02667,0.0659871,2.64785
164,0.444357,0.098061,8,2.34,0.0670344,2.77654
165,0.586502,0.168945,10,2.92667,0.0690313,2.55925
166,0.593234,0.14324,9,2.82667,0.068095,2.5482
167,0.549777,0.117305,10,2.72667,0.065599,2.7692
168,0.645888,0.163666,10,3.37333,0.0688693,2.733
169,0.613903,0.185512,10,3.49333,0.069602,2.67753
170,0.758837,0.167553,10,3.11333,0.0797312,2.41504
171,0.758636,0.136882,10,2.42667,0.0629535,2.22056
172,0.677949,0.137266,10,2.62667,0.0653912,2.55595
173,0.753824,0.20467,10,3.56667,0.0696853,2.59668
174,0.541334,0.148906,7,2.66,0.0718688,2.93037
175,0.492146,0.104948,8,2.21333,0.0652084,2.99921
176,0.652099,0.166109,10,3.46667,0.0684687,2.6301
177,0.483288,0.0796144,8,1.73333,0.0633454,2.78446
178,0.518682,0.144135,10,3.00667,0.0689108,2.746
179,0.453385,0.10853,8,2.53333,0.0656376,3.0715
180,0.751808,0.177288,10,3.60667,0.0710274,2.71627
181,0.599919,0.16325,9,3,0.0672308,2.68989
182,0.607472,0.156677,9,2.95333,0.0676283,2.84306
183,0.689942,0.206767,10,3.36667,0.0702153,2.67971
184,0.765723,0.173883,10,3.44,0.0687298,2.66615
185,0.578851,0.15855,9,3.32,0.0686424,2.95226
186,0.647963,0.141468,9,2.63333,0.0713183,2.74238
187,0.789498,0.164417,9,3.00667,0.0661091,2.37721
188,0.664419,0.190787,10,3.46,0.104725,2.82783
189,0.48749,0.13571,8,2.95333,0.0676987,2.80828
190,0.670073,0.180738,10,3.44667,0.0676664,2.61192
191,0.723735,0.192745,10,3.54,0.068511,2.82751
192,0.647743,0.202824,10,3.74667,0.0733591,2.73606
193,0.511707,0.158891,10,3.11333,0.0668742,2.97071
194,0.80837,0.162947,10,3.62667,0.0784572,2.83134
195,0.648791,0.177035,9,3.07333,0.0685639,2.47999
196,0.557657,0.161857,10,3.68667,0.0699174,2.70415
197,0.676105,0.147211,10,3.38667,0.0683599,2.90135
198,0.578726,0.148062,9,2.87333,0.067521,2.96057
199,0.682212,0.168889,10,3.52667,0.0711891,2.89925
200,0.7458,0.155925,10,3,0.0684034,2.92917
201,0.571293,0.132245,9,2.68,0.0646972,3.11304
202,0.616955,0.147054,10,2.93333,0.0690969,2.99714
203,0.612661,0.109562,9,2.58,0.0642089,2.86424
204,0.520696,0.173354,10,3.30667,0.0689839,2.9159
205,0.731595,0.158902,9,3.06667,0.069136,2.90159
206,0.547798,0.130171,9,2.6,0.0695954,2.63923
207,0.717114,0.123162,10,2.31333,0.0788556,2.87216
208,0.558628,0.0985434,9,2.34,0.0693972,2.61385
209,0.536241,0.11295,7,2.41333,0.06943,2.96348
210,0.795987,0.150345,10,2.99333,0.0677892,2.65515
211,0.643086,0.113995,9,2.48,0.0694237,3.30942
212,0.505382,0.0985272,6,2.04667,0.0649927,2.97288
213,0.844723,0.110063,10,2.53333,0.0702757,2.98492
214,0.64557,0.125736,9,2.73333,0.0741563,2.57116
215,0.595104,0.124221,10,2.80667,0.0635393,2.77723
216,0.694122,0.133099,9,2.76,0.0695058,2.97897
217,0.815316,0.169747,10,3.6,0.0779319,2.83367
218,0.683414,0.139155,8,2.90667,0.0669534,2.54074
219,0.79952,0.147794,9,3,0.0677634,2.67607
220,0.701507,0.103995,9,2.41333,0.0678321,2.83966
221,0.64025,0.0671971,9,1.85333,0.0688151,2.72966
222,0.717247,0.170084,10,3.38,0.073842,2.79488
223,0.717846,0.123534,10,3.06667,0.0681655,2.79811
224,0.75174,0.167421,10,3.56667,0.0691659,2.89709
225,0.586345,0.139029,9,2.91333,0.0693153,2.98894
226,0.453202,0.0778962,8,2,0.0657146,3.07528
227,0.534845,0.0955899,9,2.18,0.0702269,3.10502
228,0.631959,0.114143,9,2.76,0.0707173,3.08536
229,0.612679,0.122681,9,2.82,0.0641649,2.46137
230,0.6209,0.122884,8,2.31333,0.070424,2.96348
231,0.6632,0.111464,9,2.58,0.0704029,2.92664
232,0.604643,0.113888,9,2.45333,0.0692352,2.82934
233,0.622463,0.0833885,9,1.94,0.0664069,3.08199
234,0.610346,0.121099,9,2.8,0.0686937,2.60938
235,0.768789,0.129441,10,2.49333,0.0692613,2.5098
236,0.750205,0.115253,10,2.56667,0.0650705,2.75142
237,0.621701,0.0985652,9,2.33333,0.0691869,2.82092
238,0.70912,0.130495,10,3.05333,0.0632058,2.39584
239,0.645016,0.138732,9,2.8,0.0676885,2.58467
240,0.562947,0.123876,8,2.36667,0.0659813,3.2104
241,0.601911,0.147867,9,2.89333,0.0662227,2.64762
242,0.659649,0.134641,9,2.44667,0.0682898,3.04825
243,0.774586,0.202225,10,3.37333,0.0666151,2.44538
244,0.582866,0.147172,9,2.68667,0.066782,2.64394
245,0.724387,0.174269,10,3,0.0695986,2.77419
246,0.606094,0.137285,9,2.66667,0.0666049,3.07132
247,0.590633,0.138332,8,2.46,0.0651094,2.62756
248,0.815988,0.199618,10,3.54667,0.0719406,2.93334
249,0.820801,0.198858,10,3.67333,0.0715583,2.73802
250,0.723096,0.152842,10,2.91333,0.07237,2.9429
251,0.721108,0.100918,9,2.28,0.0711003,3.1708
252,0.73997,0.176083,10,3.24667,0.0751007,2.87299
253,0.694098,0.12037,9,2.51333,0.0668369,3.15266
254,0.653637,0.176012,9,3.37333,0.0691387,2.79508
255,0.745068,0.197596,10,3.48667,0.0657814,2.72595
256,0.604768,0.156123,8,2.50667,0.0645606,2.50652
257,0.772129,0.184918,10,3.21333,0.0662187,2.74257
258,0.667586,0.179463,10,3.39333,0.0695901,2.46055
259,0.725019,0.191628,9,3.54,0.0678778,2.69632
260,0.688747,0.23216,10,3.80667,0.0688591,2.72099
261,0.837396,0.204782,10,3.73333,0.0733041,2.62607
262,0.607912,0.127294,10,2.57333,0.0694837,2.81935
263,0.581832,0.131406,9,2.74,0.0670982,2.97072
264,0.582066,0.176459,9,3.52,0.102071,2.75902
265,0.65784,0.169861,9,3.12,0.225572,2.82603
266,0.707742,0.210531,10,3.59333,0.0665032,2.49145
267,0.688831,0.236304,10,4.05333,0.0699627,2.866
268,0.735712,0.227536,9,3.85333,0.198141,2.8188
269,0.688414,0.147902,9,3.26,0.153432,2.61767
270,0.667703,0.179618,9,3.20667,0.0964888,2.82385
271,0.598107,0.18395,8,3.22667,0.0676445,2.81334
272,0.748487,0.202258,9,3.47333,0.0648745,2.85838
273,0.776281,0.213248,9,4.07333,0.0763874,2.73629
274,0.704612,0.193567,9,3.56667,0.0695583,2.88737
275,0.741377,0.206308,10,3.51333,0.0662728,2.66591
276,0.699349,0.166461,10,3.27333,0.0700988,2.86311
277,0.738422,0.204659,10,3.42667,0.0704354,2.77389
278,0.712646,0.196126,10,3.66,0.0726281,2.83399
279,0.778551,0.214091,10,3.59333,0.0753492,2.64374
280,0.627986,0.172241,9,2.99333,0.0778739,2.69128
281,0.711332,0.232411,10,3.75333,0.0802818,2.60716
282,0.732571,0.26299,10,4.54,0.0710696,2.71488
283,0.817541,0.231143,10,3.78667,0.0748182,2.44419
284,0.725669,0.189953,9,3.74,0.0740868,2.76225
285,0.866056,0.223749,10,3.94,0.0702238,2.55053
286,0.687175,0.135763,10,2.68,0.0686144,3.12176
287,0.784414,0.230086,10,3.93333,0.0687196,2.66327
288,0.67073,0.131487,9,2.75333,0.0687491,3.02718
289,0.797202,0.237075,10,3.95333,0.065674,2.47757
290,0.594599,0.175407,9,3.06,0.0699548,2.85658
291,0.609967,0.132049,9,2.84667,0.07108,3.3654
292,0.743592,0.186805,10,3.68667,0.0705967,3.0427
293,0.606752,0.182767,8,3.42667,0.0678645,2.72144
294,0.712279,0.189972,10,3.56667,0.0699464,2.80671
295,0.765348,0.169907,9,3.02667,0.0649204,2.87672
296,0.675374,0.139499,10,2.62,0.0656266,3.21184
297,0.613849,0.187092,9,3.28,0.0704836,2.90685
298,0.759356,0.175507,9,3.15333,0.0643863,2.71172
299,0.696019,0.182888,10,3.35333,0.0653027,2.78683
300,0.732782,0.158039,10,3.26,0.0658485,2.85548
301,0.787697,0.168118,10,3.36,0.218365,2.97377
302,0.625736,0.178565,9,3.71333,0.0706206,3.04543
303,0.580103,0.158909,8,3.16,0.0656061,2.92521
304,0.740836,0.225512,10,3.97333,0.0925122,3.00946
305,0.792032,0.178025,10,3.32667,0.0702799,2.86697
306,0.637468,0.186741,10,3.4,0.0669267,3.01337
307,0.687128,0.178177,9,3.15333,0.0702424,3.14116
308,0.508202,0.12481,8,2.23333,0.070572,3.22732
309,0.685018,0.145603,10,2.67333,0.0674348,2.99771
310,0.776939,0.188035,10,3.3,0.0698001,3.04044
311,0.706186,0.211819,10,3.72,0.0708243,3.16559
312,0.564003,0.112373,8,2.12,0.0683625,3.13546
313,0.782064,0.177798,10,3.22,0.0676592,2.71857
314,0.502038,0.127478,8,2.36,0.065472,3.1853
315,0.777346,0.222694,10,3.72,0.0782512,2.92878
316,0.618189,0.172323,9,2.88667,0.0673529,3.13134
317,0.699654,0.183068,10,3.05333,0.0674648,3.04571
318,0.723224,0.139725,10,2.57333,0.066044,3.10508
319,0.8033,0.2153,10,3.64667,0.0675379,2.98621
320,0.846006,0.264893,10,4.17333,0.097125,2.74528
321,0.68563,0.195479,10,3.36,0.068244,3.07402
322,0.803391,0.217159,10,3.68,0.0886066,3.03342
323,0.758883,0.210877,10,3.74,0.123768,3.02572
324,0.696851,0.189137,10,3.22,0.0673475,3.07245
325,0.794977,0.206229,10,3.60667,0.0733673,3.40757
326,0.644844,0.157342,8,2.90667,0.0798994,3.31811
327,0.761382,0.229141,10,3.93333,0.0663493,3.1391
328,0.887616,0.267726,10,4.15333,0.0696284,2.78683
329,0.680293,0.196949,9,3.25333,0.0692499,2.82362
330,0.850713,0.249977,10,4.26667,0.0672374,2.78611
331,0.731912,0.197313,10,3.53333,0.0695735,3.04295
332,0.694543,0.157462,10,3.36667,0.0771384,3.10555
333,0.794747,0.192862,10,3.60667,0.0701638,2.74125
334,0.639,0.13902,9,2.44667,0.067747,3.14263
335,0.744527,0.18652,9,3.14,0.0674441,2.75475
336,0.733992,0.214317,10,3.94,0.0651804,2.82345
337,0.730756,0.217062,10,3.59333,0.143671,3.21609
338,0.72539,0.225427,10,3.62,0.0677618,2.86011
339,0.792653,0.233616,10,4.08667,0.0797946,2.91221
340,0.7768,0.181267,10,3.19333,0.06809,2.83736
341,0.769889,0.217483,10,3.78667,0.0696448,2.93411
342,0.634298,0.176428,9,3.13333,0.0680581,2.98085
343,0.695293,0.208216,9,3.28,0.0665021,2.94329
344,0.537731,0.151537,9,2.9,0.0667406,3.15211
345,0.6436,0.189064,9,3.32667,0.0808633,3.09396
346,0.750533,0.232716,10,4.39333,0.0744962,2.84016
347,0.80047,0.241927,10,3.93333,0.0735801,2.84945
348,0.657754,0.212912,9,3.38667,0.0646992,2.88793
349,0.671362,0.187173,9,3.04,0.0720349,2.79568
350,0.779017,0.254328,10,4.16,0.0659099,2.72718
351,0.813152,0.262954,10,4.34,0.0740306,2.9455
352,0.726731,0.249075,9,3.99333,0.0687385,2.87379
353,0.813422,0.224658,10,3.84,0.0701359,2.78472
354,0.720676,0.203674,9,3.49333,0.0674391,3.03799
355,0.696545,0.191171,9,3.55333,0.0689235,2.99416
356,0.821524,0.219222,10,3.71333,0.101319,3.02892
357,0.776584,0.204541,10,3.74667,0.0706395,3.24125
358,0.794675,0.255091,10,3.95333,0.104573,2.79929
359,0.753807,0.217846,10,3.54667,0.0696123,2.62007
360,0.686424,0.196264,8,3.11333,0.0687511,2.72017
361,0.739631,0.202911,9,3.34,0.065262,2.53638
362,0.799597,0.247755,10,3.93333,0.0682053,2.54955
363,0.67153,0.217599,10,3.67333,0.073995,3.20025
364,0.75146,0.216651,10,3.75333,0.068167,2.8175
365,0.644936,0.188666,9,3.22667,0.0741626,2.75104
366,0.687704,0.175139,10,3.17333,0.0707064,2.91803
367,0.796734,0.218632,10,3.62,0.0752915,2.70425
368,0.809421,0.23157,10,3.70667,0.0705847,2.53857
369,0.816938,0.201262,10,3.24,0.0688134,2.65703
370,0.851928,0.235283,10,3.68,0.0746873,2.87038
371,0.629552,0.157499,9,2.94667,0.345867,2.97671
372,0.702539,0.182233,9,3.40667,0.0669593,2.82017
373,0.693409,0.183823,10,3.10667,0.065604,2.90254
374,0.714384,0.171632,9,2.80667,0.0661222,2.83526
375,0.721955,0.181328,10,2.98,0.0661133,2.68299
376,0.699273,0.137122,10,2.38,0.0749157,3.33795
377,0.846003,0.255903,10,3.85333,0.178982,2.59135
378,0.727961,0.174144,10,2.83333,0.0666735,2.72386
379,0.762591,0.243826,10,3.79333,0.0708304,2.72607
380,0.826328,0.279709,10,4.09333,0.0670144,2.45529
381,0.840782,0.252549,10,4.03333,0.0702642,3.08115
382,0.815632,0.245919,10,3.83333,0.068733,2.70834
383,0.699076,0.197936,9,3.05333,0.0735836,2.99546
384,0.760063,0.269313,10,3.94,0.0819677,2.92361
385,0.712827,0.196499,9,3.12,0.0703051,3.0328
386,0.703432,0.2141,9,3.25333,0.0951146,2.95982
387,0.783477,0.231778,10,3.89333,0.0673496,2.72628
388,0.749178,0.195013,10,3.32,0.109243,2.78386
389,0.809838,0.289187,10,4.38667,0.0706657,2.83813
390,0.770154,0.197017,10,3.33333,0.0956866,3.12076
391,0.853973,0.261488,10,3.86,0.0701862,2.76847
392,0.761695,0.253859,10,3.62,0.0670797,2.41601
393,0.732396,0.28224,10,4.34667,0.0695626,2.70849
394,0.737619,0.236086,9,3.48667,0.0677586,3.07368
395,0.681469,0.204769,9,3.46,0.064526,3.02559
396,0.739415,0.246295,10,3.76667,0.0706365,2.90814
397,0.825456,0.280298,10,4.36,0.0719119,3.03918
398,0.753343,0.287402,10,4.67333,0.0715646,2.89298
399,0.662757,0.207547,10,3.34,0.0663839,3.10574
400,0.726375,0.276361,10,4.35333,0.297636,3.20385
401,0.68262,0.197457,9,3.15333,0.0664035,2.87095
402,0.718102,0.222272,9,3.50667,0.0661929,2.80081
403,0.726937,0.217536,9,3.26,0.0662427,2.70137
404,0.750061,0.218097,9,3.48,0.0776512,2.94812
405,0.825723,0.197352,9,3.3,0.070221,2.79297
406,0.759655,0.250135,10,4.04667,0.0631338,2.76358
407,0.739055,0.224354,10,3.70667,0.0735716,2.93641
408,0.692181,0.205884,10,3.56667,0.0688467,2.90362
409,0.690304,0.179095,10,3.14,0.0668616,2.89668
410,0.535176,0.122401,8,2.06,0.0648424,3.12422
411,0.759376,0.159001,10,2.80667,0.0692699,2.94806
412,0.743657,0.197174,10,3.18667,0.19118,2.8424
413,0.811176,0.215292,10,3.45333,0.0654383,2.80395
414,0.740279,0.235944,9,3.80667,0.0721507,3.04941
415,0.750117,0.230219,10,3.90667,0.0703628,3.06844
416,0.929585,0.253378,10,3.78667,0.102206,2.84468
417,0.793381,0.193879,10,3.18,0.0666067,2.93786
418,0.835748,0.18758,10,3.36,0.0672208,2.91129
419,0.641367,0.178025,9,2.71333,0.0662782,2.89078
420,0.811868,0.22586,10,3.61333,0.0714543,3.10013
421,0.662872,0.188822,8,3.10667,0.07085,2.72311
422,0.651806,0.1333,10,2.48,0.0672101,3.12598
423,0.816624,0.190793,10,3.33333,0.069614,2.99049
424,0.754244,0.214863,9,3.46667,0.0784365,3.05322
425,0.721132,0.177587,10,3.14667,0.0693367,2.97848
426,0.764228,0.223406,10,3.72,0.0708004,3.02187
427,0.780029,0.228516,10,3.64667,0.066625,2.68796
428,0.765771,0.17336,10,3.06,0.0683695,2.81677
429,0.731874,0.189463,9,3,0.0668279,2.87209
430,0.735505,0.170035,9,2.85333,0.0653038,2.6877
431,0.90513,0.230332,10,3.94,0.0843536,2.8838
432,0.769586,0.204895,10,3.07333,0.0657288,2.81277
433,0.82801,0.271564,10,4.47333,0.0690894,2.45173
434,0.873676,0.24991,10,4.00667,0.20334,2.66407
435,0.831659,0.285913,9,4.26667,0.0750853,2.34266
436,0.831166,0.286168,10,4.4,0.139453,2.36461
437,0.756125,0.270472,9,4,0.0719387,2.649
438,0.713162,0.265308,9,3.98667,0.0725433,2.53537
439,0.709395,0.194136,10,3.10667,0.0904213,2.69717
440,0.763028,0.202065,10,3.47333,0.0666117,2.79695
441,0.786424,0.254833,9,3.76667,0.0683526,2.68324
442,0.805253,0.250608,10,3.77333,0.0673338,2.70384
443,0.681897,0.224852,10,3.56,0.0655905,2.74463
444,0.768001,0.241727,10,3.92,0.164806,3.10042
445,0.788361,0.237244,10,3.74,0.0679735,2.72627
446,0.78571,0.20858,10,3.18667,0.0666511,2.57024
447,0.833343,0.255117,10,4.14667,0.0698775,2.93023
448,0.738287,0.20948,10,3.20667,0.121342,2.77004
449,0.798441,0.253788,10,3.8,0.143033,2.94081
450,0.734779,0.154638,10,2.59333,0.066583,3.23199
451,0.68315,0.18658,8,3.02,0.18447,3.06009
452,0.795606,0.21093,10,3.44,0.122171,2.80656
453,0.696477,0.204365,9,3.47333,0.109175,2.94613
454,0.710657,0.17674,9,2.76667,0.0621635,2.78173
455,0.771105,0.221446,10,3.42,0.0676407,2.74728
456,0.765472,0.21305,9,3.26667,0.0690007,2.86762
457,0.831893,0.261122,10,3.98,0.0765169,2.635
458,0.790289,0.235024,10,3.55333,0.0686613,2.3874
459,0.8032,0.233439,10,3.84667,0.0709379,2.82638
460,0.640825,0.19749,9,3.05333,0.0698421,2.78087
461,0.68978,0.175095,9,3.04667,0.06372,2.58457
462,0.741249,0.180081,10,2.84667,0.0694367,2.7905
463,0.691802,0.219249,10,3.58667,0.101925,2.923
464,0.643377,0.150183,8,2.48,0.0664814,3.07976
465,0.703698,0.163118,9,2.66,0.0727686,2.79408
466,0.633399,0.149642,8,2.63333,0.0646843,3.09416
467,0.890964,0.202397,10,3.34,0.067092,2.7635
468,0.615275,0.17218,9,2.96667,0.0686733,3.0485
469,0.78108,0.173974,10,3.10667,0.0749697,2.85489
470,0.672927,0.152234,9,2.46667,0.0644219,2.82058
471,0.632431,0.123829,9,2.18667,0.0667369,3.08714
472,0.727771,0.171402,9,2.92667,0.0663939,3.10126
473,0.678322,0.174637,9,3.07333,0.0703824,2.98568
474,0.595895,0.162363,8,2.83333,0.0674307,2.98707
475,0.770585,0.162826,10,2.86667,0.0625061,2.64431
476,0.659093,0.133521,9,2.35333,0.0700755,3.05976
477,0.609318,0.169136,8,3.12667,0.0747303,2.82416
478,0.772838,0.207245,10,3.64,0.0676213,2.9962
479,0.86684,0.213455,10,4.23333,0.0702368,2.9586
480,0.856482,0.275452,10,4.63333,0.0702012,2.90056
481,0.789025,0.214016,10,3.34,0.0699431,2.98383
482,0.830131,0.27434,10,4.40667,0.0721905,3.01888
483,0.700813,0.196273,10,3.50667,0.0700172,3.21812
484,0.837914,0.2385,10,3.94,0.0785622,2.79377
485,0.705394,0.194675,9,3.51333,0.0673331,2.90054
486,0.693067,0.162103,10,3.17333,0.0678724,2.6728
487,0.700489,0.164624,9,3.17333,0.0675928,2.68421
488,0.625058,0.159771,8,3,0.0646902,2.91572
489,0.79289,0.182809,9,3.16667,0.0664515,2.56301
490,0.800269,0.21456,10,3.76667,0.0655279,2.57988
491,0.752712,0.200563,10,3.66667,0.0675642,2.56125
492,0.754227,0.218413,10,4.06,0.0678668,3.12525
493,0.771967,0.197765,10,3.62667,0.0722883,2.91877
494,0.62345,0.131694,10,2.78667,0.0659596,3.04572
495,0.728816,0.20754,10,4.1,0.124152,2.95451
496,0.75997,0.222789,10,3.92,0.0702075,3.01251
497,0.633452,0.177669,8,3.28,0.0673158,3.06992
498,0.632257,0.174463,9,3.34667,0.0856059,3.14922
499,0.592338,0.154533,9,2.74667,0.101844,3.06035
500,0.774992,0.18453,10,3.22,0.0708618,2.73636
501,0.662383,0.182652,9,3.24667,0.0669142,3.0269
502,0.668494,0.159873,10,3.06,0.0671386,3.08738
503,0.779801,0.211663,10,3.58667,0.0671249,2.84454
504,0.784558,0.25231,10,4.44667,0.074595,2.78649
505,0.781644,0.245847,10,4.40667,0.0724128,2.67985
506,0.851347,0.242272,10,4.42667,0.0682397,2.51911
507,0.84808,0.172198,10,3.4,0.067003,2.64256
508,0.754021,0.170981,10,3.20667,0.0683301,3.12564
509,0.728686,0.183965,10,3.26,0.0715539,3.19659
510,0.749675,0.171899,10,3.08667,0.068394,2.80413
511,0.833911,0.223991,10,3.91333,0.0681535,2.92261
512,0.63101,0.186014,9,3.52667,0.0696739,3.1103
513,0.789204,0.21701,10,3.76,0.0709495,2.95672
514,0.717204,0.192049,10,3.45333,0.0843648,2.94472
515,0.736192,0.183987,9,3.66,0.0644627,2.64708
516,0.832772,0.241951,10,4.08667,0.256285,2.55817
517,0.731309,0.13729,10,2.78,0.0895961,3.09361
518,0.727661,0.200425,10,3.61333,0.119096,2.86599
519,0.823958,0.232619,10,4.08,0.0687988,2.52104
520,0.664008,0.17428,10,3.46667,0.0676883,2.78133
521,0.797988,0.189506,10,3.79333,0.0909998,2.91777
522,0.733357,0.190565,9,3.34667,0.0664791,2.86708
523,0.655554,0.127193,9,2.86,0.0690938,3.05824
524,0.509297,0.101278,8,2.32,0.0662321,3.1792
525,0.687176,0.13581,9,2.97333,0.104918,3.07148
526,0.695433,0.178266,10,3.82667,0.0976395,3.30984
527,0.725063,0.169758,10,3.24,0.0679241,2.83493
528,0.777442,0.183354,10,3.49333,0.0664193,2.84441
529,0.854646,0.19158,10,3.78,0.0677301,2.5333
530,0.674599,0.142837,9,2.98667,0.0657103,2.851
531,0.672657,0.136708,9,2.83333,0.0649924,2.73592
532,0.71179,0.140613,10,2.91333,0.0704141,2.5967
533,0.760932,0.135143,10,2.81333,0.0674894,2.87222
534,0.809745,0.168678,10,3.4,0.0761561,2.77215
535,0.687171,0.190077,10,3.51333,0.0689774,2.68011
536,0.709936,0.187025,10,3.42,0.0650778,2.67677
537,0.812625,0.190053,10,3.84,0.0669711,2.488
538,0.74757,0.212326,10,3.90667,0.0692012,2.29414
539,0.7221,0.198102,10,3.76667,0.0714952,2.8912
540,0.796968,0.172741,10,3.16,0.170063,2.64234
541,0.826641,0.186926,10,3.49333,0.0717787,2.69284
542,0.71409,0.155851,10,2.74,0.0730218,2.91088
543,0.822984,0.225975,10,3.84667,0.0695029,2.7109
544,0.777213,0.168923,10,3.52667,0.0701196,2.60771
545,0.832684,0.240252,10,3.97333,0.0695396,2.57762
546,0.640804,0.132579,9,2.78667,0.0657631,2.78843
547,0.737893,0.155064,10,3.30667,0.0675904,2.69839
548,0.804188,0.177079,10,3.47333,0.0787059,2.52751
549,0.772347,0.152514,10,3.16,0.0691993,2.76166
550,0.717992,0.159676,10,2.88667,0.0658398,2.88341
551,0.667515,0.152812,10,3.02,0.071282,3.03005
552,0.799632,0.217567,10,3.76,0.0715377,2.9626
553,0.815475,0.228154,10,4.45333,0.0773347,2.9381
554,0.781481,0.207921,10,3.57333,0.066805,2.71253
555,0.670022,0.170554,10,3.37333,0.0663288,2.79251
556,0.523281,0.131523,8,2.64667,0.0703666,2.85399
557,0.691255,0.158473,9,3.36667,0.070761,2.90165
558,0.827209,0.223741,10,4.27333,0.0750265,2.52637
559,0.673806,0.162284,9,3.52667,0.0693037,2.77899
560,0.630832,0.178477,10,3.96,0.0688338,2.78879
561,0.697673,0.18186,10,3.55333,0.0965086,2.83666
562,0.643504,0.156296,10,3.12667,0.0668465,2.62567
563,0.658325,0.18869,9,3.67333,0.0700276,2.72066
564,0.692845,0.181211,10,3.37333,0.0685478,2.436
565,0.845961,0.18746,10,3.88667,0.0702585,2.6574
566,0.690318,0.160602,9,3.38,0.0678456,2.92294
567,0.737397,0.189343,9,3.40667,0.0633007,2.53019
568,0.664127,0.149261,10,3.28,0.0827539,2.67001
569,0.77962,0.217462,10,3.93333,0.0675412,2.58618
570,0.764484,0.164438,10,3.52,0.0719501,2.84994
571,0.817036,0.155268,10,3.50667,0.0731921,2.73728
572,0.623538,0.112282,8,2.64,0.0711676,2.65078
573,0.757038,0.168225,10,3.38667,0.0688633,2.62466
574,0.776056,0.151517,10,3.58667,0.0712837,2.89894
575,0.658252,0.151882,9,3.5,0.0683449,2.78798
576,0.761436,0.179927,9,3.49333,0.0687902,2.95395
577,0.718849,0.15964,9,3.51333,0.0701459,2.74945
578,0.594728,0.127778,9,2.80667,0.0702972,3.14872
579,0.685959,0.151451,9,3.56667,0.0841707,2.86722
580,0.507883,0.136354,8,2.96667,0.0646818,2.92506
581,0.763206,0.168673,10,3.31333,0.0654366,2.6918
582,0.701576,0.169232,10,3.74,0.0693643,2.7905
583,0.763563,0.193947,10,3.68667,0.072617,3.05347
584,0.732915,0.177317,10,3.50667,0.0666274,3.11983
585,0.533978,0.16305,9,3.27333,0.276963,2.778
586,0.645407,0.184554,10,3.58667,0.115162,2.78734
587,0.532836,0.149469,9,3.26,0.0681255,2.80719
588,0.863664,0.193731,10,4.03333,0.0695656,2.64965
589,0.61063,0.162692,8,2.85333,0.0728188,2.90328
590,0.63039,0.145253,8,2.88,0.0680641,2.8396
591,0.671579,0.173434,10,3.07333,0.0740092,2.59627
592,0.717786,0.248561,10,4.35333,0.0682039,2.67433
593,0.699235,0.179514,10,3.15333,0.070857,2.97199
594,0.644911,0.161078,10,3.08,0.068857,2.77791
595,0.671477,0.201396,9,3.50667,0.069654,2.81171
596,0.774245,0.186848,9,3.04667,0.069966,2.7519
597,0.513285,0.135272,9,2.75333,0.0677552,2.95784
598,0.553986,0.167535,9,3.24667,0.068157,2.71153
599,0.674112,0.190896,9,3.48,0.0700199,2.80335
600,0.785931,0.218837,10,3.91333,0.0691608,2.59685
601,0.658053,0.195908,10,3.79333,0.0729843,2.86713
602,0.73773,0.177819,9,3.40667,0.0896544,3.05513
603,0.627764,0.131755,9,3.05333,0.0962177,2.9168
604,0.742361,0.250214,9,4.02,0.0994208,2.72081
605,0.793017,0.224368,10,3.62,0.0748564,2.77712
606,0.753617,0.226333,10,3.7,0.0862769,2.95964
607,0.778405,0.20827,10,3.95333,0.0651982,3.08905
608,0.641234,0.183477,9,3.26,0.0694945,3.08803
609,0.764156,0.189961,10,3.44,0.0734187,2.93366
610,0.664376,0.173803,10,3.3,0.0655424,2.94699
611,0.638937,0.194967,9,3.58,0.0683237,2.91346
612,0.636194,0.177226,10,3.48,0.215403,3.19242
613,0.746107,0.205069,10,3.52667,0.0684658,2.75993
614,0.809898,0.23076,10,4,0.0709031,2.77654
615,0.73592,0.244731,9,3.95333,0.0679871,2.75927
616,0.665942,0.184836,9,3.36667,0.0653519,2.88036
617,0.553671,0.175242,8,3.18667,0.0655105,3.03132
618,0.589232,0.175204,9,3.38667,0.0651952,3.03598
619,0.606368,0.190976,7,3.3,0.100564,2.81398
620,0.676775,0.193076,10,3.43333,0.0666226,2.62796
621,0.678672,0.149239,10,3.08,0.0708714,2.96976
622,0.861959,0.225997,10,3.83333,0.0701238,2.58827
623,0.687143,0.20752,10,3.78,0.0679092,2.92726
624,0.69561,0.214587,9,3.86667,0.0708201,2.81888
625,0.638154,0.207986,8,3.21333,0.0682624,2.64387
626,0.768585,0.189329,10,3.20667,0.0694394,2.63895
627,0.52053,0.141339,9,2.73333,0.0665148,2.86135
628,0.750044,0.261044,9,4.12667,0.0670203,2.38035
629,0.622325,0.190524,9,3.39333,0.0673123,2.83971
630,0.761706,0.254663,10,4.2,0.0727109,2.81069
631,0.837706,0.274327,10,4.29333,0.0705321,2.69051
632,0.570371,0.169003,9,2.99333,0.0687512,2.71401
633,0.79631,0.272473,10,4.24667,0.0702366,2.87705
634,0.56866,0.164324,10,3.18,0.0676351,2.88905
635,0.756707,0.212167,10,3.83333,0.0676031,2.85043
636,0.772208,0.192938,9,3.56667,0.0678375,2.86658
637,0.715874,0.192704,10,3.33333,0.0652731,2.56475
638,0.718824,0.209628,10,4.00667,0.0691664,3.04077
639,0.696491,0.220061,9,3.79333,0.246791,2.88911
640,0.837234,0.262306,10,4.26,0.0720432,2.7615
641,0.806636,0.242825,10,3.84,0.0873805,2.60134
642,0.832707,0.273337,10,4.35333,0.0706681,2.60131
643,0.684537,0.151199,10,2.83333,0.0693198,2.74172
644,0.685164,0.184949,9,3.44,0.068904,2.80212
645,0.866317,0.231666,10,4.03333,0.0665935,2.79666
646,0.802913,0.249791,10,3.80667,0.0699261,2.68704
647,0.742409,0.223361,9,3.47333,0.0690156,2.98916
648,0.751642,0.197206,10,3.32,0.0654319,2.5457
649,0.727067,0.179645,9,3.02,0.0691408,2.69708
650,0.642946,0.202805,8,3.34,0.0673908,2.62366
651,0.65839,0.208961,10,3.48667,0.0917787,2.98525
652,0.705068,0.219321,10,3.76,0.0717559,2.79512
653,0.688583,0.220157,9,3.48667,0.0691194,3.00782
654,0.624711,0.183457,9,2.96667,0.0671245,2.84784
655,0.698296,0.164353,9,2.54,0.0649043,2.52474
656,0.800775,0.161586,10,2.76,0.0706332,2.75483
657,0.757079,0.215612,10,3.69333,0.0714845,2.62049
658,0.741544,0.202934,10,3.52667,0.0676216,2.6991
659,0.774669,0.251232,10,3.6,0.0693157,2.64964
660,0.649879,0.185923,9,3.16667,0.067575,2.74814
661,0.710085,0.180634,9,3.01333,0.0686664,2.91061
662,0.74773,0.218542,9,3.68,0.0672881,2.71086
663,0.694914,0.25139,10,3.82667,0.0916446,2.52022
664,0.64654,0.181663,10,3.06,0.0887007,2.73201
665,0.692611,0.168902,9,3.12,0.101067,2.67402
666,0.744656,0.254129,10,4.23333,0.0711709,2.47356
667,0.642856,0.156497,10,2.69333,0.0831805,2.67996
668,0.82956,0.242644,10,3.72667,0.0652072,2.52214
669,0.847245,0.251051,10,3.84,0.0704912,2.63055
670,0.83807,0.217965,10,3.67333,0.077086,2.91733
671,0.777709,0.23767,10,3.96,0.0691487,2.66271
672,0.776284,0.233579,10,3.81333,0.0744099,2.78885
673,0.716532,0.184173,10,3.1,0.0700075,3.10368
674,0.626199,0.188414,9,3.18,0.0693032,2.95957
675,0.815451,0.306549,10,4.55333,0.0727665,2.80587
676,0.749335,0.232336,10,3.90667,0.0650232,2.82484
677,0.736245,0.21511,9,3.33333,0.0694516,2.69467
678,0.509464,0.137648,8,2.17333,0.0672192,3.0669
679,0.798545,0.24982,10,4.03333,0.0711648,2.89013
680,0.706805,0.238874,9,3.69333,0.0695622,2.89318
681,0.665773,0.195978,9,3.30667,0.0707085,2.87146
682,0.819318,0.291775,10,4.26,0.0671632,2.5393
683,0.759163,0.220251,9,3.20667,0.0814919,2.93943
684,0.641017,0.206989,10,3.11333,0.0696106,3.09304
685,0.648144,0.211298,10,3.41333,0.104785,2.96792
686,0.730194,0.263147,10,4.11333,0.0713557,3.09432
687,0.833486,0.208401,10,3.46,0.0701353,3.5214
688,0.748467,0.21626,10,3.38,0.070204,3.10169
689,0.746688,0.252302,10,4.02,0.069769,3.17878
690,0.732246,0.206557,9,3.19333,0.0715604,3.06604
691,0.705299,0.220239,10,3.58,0.0668843,2.84513
692,0.839309,0.266877,10,4.14667,0.0982763,2.75691
693,0.763693,0.211135,10,3.31333,0.0667165,3.12634
694,0.78176,0.284892,10,4.44,0.0706821,2.86354
695,0.786113,0.290233,9,4.42667,0.0698491,2.76797
696,0.855348,0.301463,10,4.42,0.067009,2.59804
697,0.770823,0.252875,10,4.01333,0.0773317,2.73498
698,0.677556,0.232681,9,3.59333,0.0691097,3.01697
699,0.681427,0.246507,9,3.73333,0.0677165,2.6403
700,0.752883,0.259495,10,4.10667,0.071134,2.93656
701,0.78783,0.251938,10,3.83333,0.0797416,2.84235
702,0.812529,0.337689,10,5.08667,0.0706716,2.84732
703,0.703669,0.239624,10,3.62,0.0716324,3.04356
704,0.786987,0.30143,10,4.43333,0.069211,2.81023
705,0.823046,0.268339,10,4.02,0.0682816,2.91621
706,0.801245,0.280541,10,4.30667,0.0714602,2.92216
707,0.785757,0.220953,10,3.32667,0.0706194,3.00874
708,0.647846,0.163124,10,2.83333,0.0670034,3.20001
709,0.822143,0.2983,10,4.64667,0.0678339,2.68212
710,0.679712,0.204639,9,3.38,0.0766001,3.0044
711,0.770279,0.234543,10,3.71333,0.0692638,3.04301
712,0.583585,0.184058,9,3.09333,0.0699549,3.25743
713,0.658458,0.186814,9,3.33333,0.201717,3.31748
714,0.640461,0.216292,9,3.38667,0.0882364,3.44007
715,0.61071,0.191485,9,3.18667,0.0659285,3.22196
716,0.75955,0.246392,10,4,0.283668,2.94251
717,0.857085,0.340591,10,4.98,0.0785521,2.70062
718,0.750068,0.284817,10,4.28,0.1538,2.86363
719,0.843798,0.333452,10,4.7,0.0681732,2.53749
720,0.847468,0.328768,10,4.8,0.0683393,2.58165
721,0.733558,0.212229,10,3.30667,0.0707718,3.07725
722,0.744743,0.258391,9,4.00667,0.0673097,2.88878
723,0.788692,0.3073,10,4.37333,0.0693238,2.81856
724,0.717317,0.194753,9,3.27333,0.0657,2.95201
725,0.678578,0.239376,10,3.68,0.0671296,3.08878
726,0.800997,0.276625,10,4.04,0.066743,2.65137
727,0.664786,0.253528,10,3.98,0.0665161,2.7649
728,0.772534,0.288578,10,4.44667,0.267713,3.05007
729,0.784481,0.288676,10,4.25333,0.0783804,2.73568
730,0.695328,0.239723,10,3.90667,0.0743275,2.95173
731,0.764324,0.264973,10,4.14,0.0703311,3.17329
732,0.762797,0.252332,10,3.96667,0.0668191,2.88026
733,0.691392,0.281046,10,4.16,0.0676785,2.76526
734,0.696209,0.216777,10,3.20667,0.0666352,2.87579
735,0.730569,0.189397,10,3.27333,0.0668435,2.80505
736,0.83522,0.258277,10,3.92,0.0746992,3.16661
737,0.840168,0.309836,10,4.41333,0.0744273,2.5704
738,0.628994,0.221595,10,3.54,0.0702765,2.78552
739,0.769237,0.255737,10,3.72,0.0667902,2.95454
740,0.846682,0.30197,10,4.38667,0.0709839,2.77089
741,0.703036,0.25143,10,3.92667,0.0694353,2.92087
742,0.728642,0.201004,10,3.17333,0.068405,3.03442
743,0.720499,0.202804,9,3.31333,0.0630491,2.64325
744,0.690787,0.172278,9,2.84667,0.0675627,3.26777
745,0.688112,0.188061,10,3.44,0.0702164,3.0736
746,0.751678,0.247073,10,3.98667,0.0710647,3.00215
747,0.782414,0.243323,10,4.10667,0.0692501,3.04138
748,0.805752,0.271813,10,4.21333,0.065939,2.80981
749,0.769214,0.268659,9,4.12667,0.0712483,2.9073
750,0.736395,0.230987,9,4.01333,0.0663524,2.86704
751,0.671353,0.2147,10,3.47333,0.0678935,3.25712
752,0.794069,0.25084,10,3.95333,0.0727307,2.93255
753,0.784114,0.267076,9,4.01333,0.0697964,2.7294
754,0.649695,0.176682,9,2.9,0.0721675,3.17769
755,0.647102,0.150021,9,2.7,0.0663341,3.28667
756,0.651184,0.220471,9,3.58,0.0679042,3.27819
757,0.773647,0.225852,10,3.53333,0.0774929,3.05644
758,0.672209,0.215492,10,3.43333,0.142761,3.13274
759,0.638251,0.216066,9,3.57333,0.0657606,2.93898
760,0.748853,0.269091,10,4.00667,0.0678193,2.96513
761,0.73264,0.207645,10,3.34,0.165009,3.18928
762,0.778725,0.231394,10,3.76667,0.0986312,3.15071
763,0.810962,0.255069,10,4.08667,0.070904,3.21344
764,0.780522,0.231933,10,3.53333,0.0693919,2.80589
765,0.814033,0.228793,10,3.71333,0.0686528,2.66395
766,0.727466,0.1937,9,3.21333,0.0710017,2.90044
767,0.833059,0.275911,10,4.25333,0.0784541,2.65909
768,0.749506,0.237367,10,4.15333,0.0780016,2.82518
769,0.694672,0.169419,10,2.88,0.108522,3.06625
770,0.777419,0.215466,10,3.74667,0.0662621,2.53941
771,0.731261,0.184672,9,3.10667,0.0798441,3.29025
772,0.795798,0.175288,10,3.23333,0.0671636,2.9719
773,0.693524,0.162839,9,2.70667,0.0705494,2.99203
774,0.765143,0.227921,10,3.66667,0.0739934,2.55209
775,0.663068,0.165753,9,2.8,0.0669794,2.77509
776,0.780526,0.209168,10,3.40667,0.0788823,2.86343
777,0.78079,0.259397,10,3.95333,0.0733813,2.74949
778,0.655042,0.217358,10,3.72667,0.0720203,2.78158
779,0.731848,0.227798,10,3.51333,0.0652462,2.799
780,0.744811,0.267807,10,4.10667,0.0691133,2.75296
781,0.814991,0.280358,10,4.18667,0.0698852,2.80125
782,0.747191,0.171891,9,2.94667,0.0708114,3.00006
783,0.878705,0.260836,10,4.10667,0.0716104,2.85232
784,0.857202,0.255948,10,3.97333,0.0691016,2.79493
785,0.789285,0.228401,10,3.8,0.0718378,3.07538
786,0.760184,0.244515,10,3.86,0.0749849,2.6615
787,0.757368,0.285996,10,4.46,0.131379,2.88695
788,0.678381,0.197156,9,3.16,0.0668177,3.14651
789,0.661807,0.190098,10,3.32667,0.0743392,3.20447
790,0.733031,0.233498,10,3.48667,0.136225,3.16985
791,0.71437,0.223926,9,3.62667,0.0682127,3.0455
792,0.731334,0.277722,10,4.17333,0.0715486,2.51105
793,0.524506,0.126066,8,2.22,0.172034,2.94399
794,0.638797,0.183071,9,2.89333,0.0662757,2.81414
795,0.655179,0.193484,10,3.31333,0.0694277,2.99538
796,0.836919,0.230327,10,3.69333,0.0678985,2.59184
797,0.781526,0.221561,10,3.87333,0.072311,2.96294
798,0.801189,0.22349,10,3.77333,0.0713302,2.93161
799,0.705304,0.222354,10,3.38,0.0955885,2.84845
800,0.569045,0.172891,9,2.86,0.0826267,3.1293
801,0.747433,0.270368,9,4.19333,0.162437,3.10729
802,0.602151,0.182282,9,2.97333,0.100604,3.22058
803,0.770255,0.294298,10,4.64,0.0702697,3.02955
804,0.649232,0.177583,9,2.78667,0.0656402,3.12885
805,0.747137,0.178931,10,2.88,0.0911691,3.17428
806,0.71815,0.227977,10,3.70667,0.0716692,2.98351
807,0.591642,0.175594,9,2.62667,0.0687428,3.11987
808,0.746474,0.222876,10,3.43333,0.0678585,2.9859
809,0.580036,0.156011,8,2.55333,0.224607,3.31957
810,0.777398,0.22937,10,3.48,0.0688663,3.00388
811,0.612937,0.199944,9,3.10667,0.0682202,2.95651
812,0.666704,0.163617,8,2.68667,0.0668334,3.08976
813,0.768367,0.202204,10,3.32,0.068073,3.14675
814,0.707871,0.248858,9,3.81333,0.0702271,2.82665
815,0.686231,0.230027,9,3.64,0.0699482,3.01771
816,0.712034,0.234566,8,3.38667,0.0690063,2.83284
817,0.760142,0.213698,9,3.48667,0.0835947,2.82638
818,0.770072,0.281936,10,4.1,0.0680489,2.84743
819,0.77396,0.271087,10,4.06,0.0706703,3.00086
820,0.795213,0.261403,10,3.95333,0.0671964,2.80998
821,0.846643,0.26935,10,4.01333,0.0898573,2.92811
822,0.660993,0.244469,9,3.78,0.160048,2.83677
823,0.729209,0.214796,9,3.40667,0.0675325,3.0366
824,0.763244,0.255985,10,3.95333,0.104384,3.03057
825,0.777139,0.215628,10,3.44667,0.0720021,2.96766
826,0.834043,0.248302,10,3.60667,0.0647466,2.74548
827,0.74739,0.221564,9,3.53333,0.0704622,3.1771
828,0.558442,0.116909,8,2.14667,0.0676385,3.2075
829,0.753232,0.206006,10,3.13333,0.0651973,2.77181
830,0.609142,0.20998,8,3.5,0.0709317,3.39716
831,0.745297,0.187721,10,2.89333,0.0677333,2.96427
832,0.876671,0.290344,10,4.24667,0.111805,2.46949
833,0.862274,0.218305,10,3.60667,0.0680053,2.86814
834,0.741352,0.155505,10,2.60667,0.0675032,3.12639
835,0.772786,0.158342,10,2.78,0.0661316,3.10274
836,0.589389,0.159112,7,2.78667,0.0632145,3.091
837,0.576649,0.159747,9,2.98667,0.0876889,3.35222
838,0.814421,0.274966,10,4.36,0.0913649,2.83811
839,0.709485,0.196612,9,3.18667,0.0695831,3.02577
840,0.830409,0.265092,10,4.11333,0.0674506,3.14332
841,0.696242,0.238345,9,3.62667,0.063974,2.92906
842,0.677432,0.189664,9,3.14,0.0669754,3.14334
843,0.635715,0.177433,8,3.05333,0.0674384,3.31502
844,0.742845,0.185565,9,2.85333,0.0649922,2.89714
845,0.587725,0.153108,9,2.44667,0.0642976,3.41416
846,0.656291,0.158227,9,2.66,0.0862871,3.30817
847,0.446738,0.113181,7,2.13333,0.140651,3.49118
848,0.753762,0.236507,10,3.67333,0.069168,3.05721
849,0.724438,0.209093,9,3.17333,0.0668406,3.14672
850,0.780308,0.284046,9,4.18667,0.0670872,2.87808
851,0.638189,0.188046,9,3.2,0.0702983,3.3163
852,0.69057,0.211483,9,3.68667,0.0710127,3.25961
853,0.822298,0.260864,10,3.93333,0.0701509,2.91396
854,0.702628,0.243629,9,3.75333,0.0650849,2.97731
855,0.790476,0.250054,10,3.80667,0.0729089,3.02453
856,0.69558,0.243111,10,3.99333,0.0906377,3.07168
857,0.768639,0.273857,10,4.3,0.0670812,3.20018
858,0.706516,0.152337,9,2.64,0.0641734,3.09716
859,0.807257,0.206733,10,3.34667,0.0788588,3.13647
860,0.705106,0.158878,10,2.92,0.0662113,3.2089
861,0.761549,0.207311,10,3.49333,0.072068,3.03766
862,0.686338,0.203936,10,3.32667,0.0688971,3.23189
863,0.626137,0.207468,10,3.48,0.0673519,3.27547
864,0.682325,0.20812,10,3.54,0.0696188,3.26856
865,0.782683,0.238145,10,4.07333,0.0704388,3.06534
866,0.785979,0.185077,10,3.4,0.0666868,2.9556
867,0.745435,0.215872,9,3.43333,0.0696304,2.99229
868,0.766297,0.165487,10,2.96,0.0644033,3.05506
869,0.763914,0.194921,10,3.27333,0.0761167,3.12968
870,0.703029,0.182458,9,2.74667,0.0741543,2.97357
871,0.617201,0.192855,9,3.34667,0.0699653,3.29614
872,0.718222,0.242288,9,4.11333,0.0696235,3.02767
873,0.692886,0.195478,9,3.29333,0.0691479,3.21436
874,0.726483,0.200532,10,3.54,0.0690263,2.92385
875,0.818304,0.274967,10,4.46,0.0739741,2.75678
876,0.748964,0.232966,10,3.88,0.071507,3.29288
877,0.626234,0.180215,9,3.06667,0.0715583,3.11305
878,0.624109,0.189656,8,3.38667,0.0747398,3.14709
879,0.769162,0.221094,10,3.83333,0.0725754,2.75039
880,0.789517,0.214103,10,3.50667,0.0672141,2.80362
881,0.681107,0.211571,9,3.59333,0.0670502,2.73048
882,0.645761,0.161846,10,3.25333,0.0673456,3.07271
883,0.800618,0.247803,10,4.12,0.0691416,2.94927
884,0.737484,0.246799,10,4.28667,0.0692495,2.8375
885,0.641864,0.178637,8,3.11333,0.133467,3.1688
886,0.805012,0.255197,10,4.25333,0.0701259,3.06352
887,0.69052,0.196836,10,3.64667,0.066645,2.94158
888,0.785905,0.241644,10,4.07333,0.0763149,2.87309
889,0.625454,0.171033,10,3.12,0.0723008,3.21751
890,0.676144,0.1857,10,3.39333,0.0655444,2.99035
891,0.733352,0.225602,10,3.66667,0.0667417,2.93875
892,0.735637,0.211413,10,3.88667,0.0745617,3.15798
893,0.812009,0.235648,10,3.72,0.0817187,3.05777
894,0.573596,0.16135,9,2.98,0.0660521,3.06531
895,0.653802,0.185997,9,2.92,0.06543,2.96044
896,0.685966,0.198403,10,3.12667,0.070115,3.02322
897,0.723697,0.201939,10,3.44667,0.0719519,2.9859
898,0.561061,0.145929,8,2.68667,0.0639326,3.05112
899,0.760614,0.234852,10,4.04,0.0674341,3.08253
900,0.797761,0.254028,10,3.7,0.0674105,2.97877
901,0.766258,0.281017,10,4.08,0.0719112,2.63906
902,0.761448,0.156398,10,2.44667,0.066117,2.74549
903,0.840308,0.23828,10,3.96,0.0666517,2.56501
904,0.663358,0.171314,10,2.8,0.0715039,2.78595
905,0.796869,0.259476,10,3.98667,0.0724012,2.68217
906,0.691839,0.216235,9,3.66,0.0657835,2.7294
907,0.700877,0.242496,10,3.82667,0.0701098,2.88082
908,0.689258,0.215673,10,3.66667,0.0675525,2.95343
909,0.684061,0.207875,9,3.48667,0.071506,3.03418
910,0.781069,0.282412,10,4.22,0.0676903,2.82746
911,0.74348,0.174339,9,2.99333,0.0680657,3.11975
912,0.724198,0.185879,10,3.24,0.0703334,2.96042
913,0.832767,0.251843,10,3.77333,0.0731853,2.91962
914,0.787884,0.213829,10,3.45333,0.0740229,2.92598
915,0.648998,0.183718,9,3.28667,0.0684967,3.03921
916,0.686911,0.208046,9,3.30667,0.151354,3.23685
917,0.761726,0.21172,10,3.56,0.0709219,3.23393
918,0.831956,0.247168,10,3.96667,0.0690936,2.71529
919,0.756929,0.224461,10,3.56667,0.0704125,3.00317
920,0.847369,0.250803,10,4.14,0.0707186,2.88386
921,0.7529,0.231667,10,3.68,0.0697435,2.7648
922,0.766802,0.228061,10,3.32,0.0862111,2.59604
923,0.883549,0.296968,10,4.18,0.0733437,2.68847
924,0.660598,0.19461,10,3.5,0.0706156,3.18078
925,0.653026,0.211744,9,3.50667,0.0776798,2.91267
926,0.730051,0.205878,10,3.43333,0.074296,3.07781
927,0.747477,0.22158,9,3.38667,0.0652468,2.94208
928,0.739072,0.23867,10,3.9,0.073854,2.93871
929,0.775064,0.20125,10,3.62,0.0671745,2.76203
930,0.709276,0.22184,10,3.65333,0.0694489,2.85549
931,0.652935,0.199549,9,3.84,0.0706794,2.9719
932,0.639589,0.198586,9,3.22,0.0667497,2.73454
933,0.663298,0.208795,8,3.47333,0.0680341,2.87337
934,0.6888,0.170981,9,3.04,0.0671271,2.64851
935,0.790295,0.232132,10,3.82,0.0709813,2.91557
936,0.553918,0.127776,8,2.26,0.065687,3.12576
937,0.652473,0.177788,8,3.30667,0.0650087,3.04039
938,0.847446,0.236037,10,3.72667,0.0687443,2.86318
939,0.728108,0.27804,10,4.18667,0.0702747,2.61482
940,0.847403,0.296456,10,4.60667,0.0930928,2.76966
941,0.710129,0.193004,10,3.43333,0.065996,2.8084
942,0.765953,0.255173,10,4.17333,0.0693739,2.69299
943,0.829118,0.279591,10,4.28,0.0658177,2.50488
944,0.764207,0.212174,10,3.74667,0.0679169,3.02532
945,0.835369,0.23119,10,3.68,0.0860466,3.06387
946,0.821903,0.285269,10,4.6,0.064014,2.9096
947,0.580888,0.146859,8,2.60667,0.0669495,3.09126
948,0.843863,0.240005,10,4.04667,0.0729269,2.83509
949,0.738987,0.222429,10,3.88667,0.0694198,2.98903
950,0.647465,0.249215,9,4.16667,0.0665115,2.69877
951,0.834393,0.275994,10,4.26,0.0683464,2.68403
952,0.7432,0.283185,9,4.36,0.0927453,2.77025
953,0.721614,0.234601,9,3.96667,0.0706345,2.93985
954,0.649341,0.199228,9,3.34667,0.0764922,2.98603
955,0.720301,0.192855,9,3.06,0.0667958,2.7778
956,0.7304,0.252959,10,3.88,0.0672835,2.7901
957,0.696277,0.237386,10,4.04667,0.0762471,2.92883
958,0.748033,0.243256,10,3.97333,0.0795941,3.1064
959,0.824918,0.221278,10,3.56667,0.0792781,2.90735
960,0.820512,0.240595,10,3.94667,0.105606,2.84229
961,0.685147,0.240197,10,3.82667,0.0630114,2.68669
962,0.811511,0.245614,10,4.04,0.0718214,3.05096
963,0.689813,0.195858,9,3.4,0.0680252,3.14546
964,0.79685,0.253878,10,4.07333,0.0705771,2.66687
965,0.76894,0.211288,10,3.51333,0.0674373,2.86462
966,0.683448,0.186499,9,3.20667,0.0683937,3.08931
967,0.746197,0.254246,10,3.84667,0.0676624,2.60968
968,0.845849,0.308065,10,4.47333,0.0673504,2.60122
969,0.718907,0.252013,10,3.74667,0.0771747,2.84275
970,0.743197,0.226441,10,3.61333,0.0688708,3.1979
971,0.792108,0.270678,10,3.9,0.0686688,2.95962
972,0.695924,0.216562,9,3.46,0.074766,3.05003
973,0.704263,0.196404,9,3.54,0.0701312,3.19369
974,0.767473,0.238495,10,3.86,0.0713702,2.88227
975,0.644615,0.158666,9,2.81333,0.0679938,3.24362
976,0.659746,0.166631,9,2.83333,0.0771136,3.36207
977,0.826444,0.245745,10,4.28,0.0681831,2.81984
978,0.705014,0.245016,9,4.07333,0.0727234,2.89766
979,0.728438,0.263362,10,4.14,0.0719336,2.98525
980,0.674041,0.191554,9,3.14667,0.0704436,3.34682
981,0.690873,0.198522,10,3.38,0.070667,3.13971
982,0.635151,0.163396,9,2.7,0.0679609,2.95045
983,0.730285,0.219627,10,3.41333,0.0706678,2.8238
984,0.667043,0.171145,9,2.88,0.0707882,3.04648
985,0.756815,0.237904,9,3.51333,0.104842,2.98823
986,0.790895,0.24067,10,3.79333,0.0660502,2.7294
987,0.841197,0.284225,10,4.22667,0.0696975,2.44274
988,0.663298,0.178511,9,3.00667,0.0655543,3.01165
989,0.817323,0.203811,10,3.43333,0.0684746,3.10697
990,0.868687,0.215682,10,3.32,0.068443,2.94517
991,0.723189,0.190429,10,3.54,0.0705905,2.8994
992,0.811613,0.242308,10,3.95333,0.0670469,2.81771
993,0.667889,0.224732,10,3.91333,0.0727552,3.05087
994,0.790541,0.224689,10,3.78,0.0698447,3.02847
995,0.784097,0.262031,10,4.23333,0.0677719,2.62357
996,0.860929,0.2687,10,4.04667,0.0654747,2.66406
997,0.764138,0.235928,9,3.9,0.0715858,2.97412
998,0.827319,0.22886,10,3.6,0.0682608,2.80491
999,0.791268,0.248958,10,3.88667,0.12607,2.94268
1000,0.666994,0.205951,9,3.39333,0.0675154,2.82713
