1,0.17165,0.0024894,5,0.153333,0.0779812,1.39655
2,0.217923,0.00341839,6,0.16,0.070444,0.918794
3,0.199068,0.00447067,4,0.106667,0.0669671,0.877143
4,0.187661,0.00315427,6,0.193333,0.0683541,1.12587
5,0.0932851,0.00114102,3,0.08,0.0662199,1.08019
6,0.186004,0.00930573,5,0.906667,0.0674153,1.64486
7,0.641861,0.0288964,9,1.19333,0.0683974,1.18736
8,0.290891,0.0207431,6,0.973333,0.0722907,1.59122
9,0.289703,0.0201256,8,1.44,0.0683749,1.26598
10,0.390646,0.036815,8,2.08,0.0700528,1.30216
11,0.559748,0.0888121,8,2.32667,0.0692257,1.28524
12,0.384308,0.053601,9,2.55333,0.0881109,1.38633
13,0.480923,0.0757541,9,2.71333,0.10912,1.39274
14,0.526531,0.048114,9,1.62667,0.0682224,1.93346
15,0.338597,0.0471719,8,1.9,0.068014,1.87298
16,0.440439,0.074177,8,2.78667,0.0654261,2.61792
17,0.465524,0.0802894,9,2.44667,0.0759443,2.2815
18,0.352015,0.0418292,7,1.74,0.0707523,1.91865
19,0.460434,0.075909,7,2.24,0.0676597,1.94447
20,0.646602,0.0658822,9,2.28,0.0665946,1.86891
21,0.452694,0.0631162,8,2.50667,0.067892,2.30295
22,0.461763,0.0857181,9,2.82,0.0910372,2.36755
23,0.480655,0.092202,7,2.38667,0.0672444,2.20535
24,0.515184,0.0451136,7,1.54667,0.0609451,2.47811
25,0.610955,0.0709454,8,1.94667,0.0665068,2.39341
26,0.536592,0.0869869,7,2.27333,0.0662558,2.53288
27,0.464875,0.0810563,6,2.16667,0.0662543,2.45385
28,0.516994,0.0908769,9,2.18,0.0651908,2.57932
29,0.680809,0.101997,9,2.9,0.0660993,2.59612
30,0.448716,0.0550719,8,1.66667,0.0643522,2.44018
31,0.344258,0.0688462,8,1.98667,0.0660879,2.70277
32,0.458818,0.0917708,8,2.58667,0.0693492,2.94026
33,0.55055,0.0984709,9,3.06,0.0882781,2.89615
34,0.35982,0.106593,8,3.21333,0.0696307,3.11324
35,0.776929,0.0687919,9,2.78667,0.0651942,3.02861
36,0.423352,0.0653083,9,1.82667,0.0663306,2.5636
37,0.551433,0.0899069,9,2.94,0.0680667,2.75367
38,0.53763,0.0717486,8,2.32667,0.0710684,2.69949
39,0.529267,0.096988,8,2.75333,0.0689911,3.03744
40,0.812741,0.113712,9,3.15333,0.0730678,2.72132
41,0.434715,0.0641172,7,2.16,0.0681582,2.91554
42,0.607323,0.0986974,9,2.78667,0.0665165,2.71712
43,0.544686,0.116047,8,2.31333,0.0708361,2.61485
44,0.547086,0.128861,9,3.07333,0.110619,2.70067
45,0.429929,0.110471,8,2.84,0.0685083,2.88814
46,0.440043,0.0617253,8,1.60667,0.06633,2.62985
47,0.512327,0.0689169,8,2.4,0.0666027,3.16565
48,0.384138,0.0814683,7,2.3,0.0680479,3.03019
49,0.426974,0.134456,10,3.80667,0.0686525,2.7237
50,0.605474,0.0966813,9,3.08,0.0668914,2.70868
51,0.526142,0.100447,8,2.94667,0.0670534,2.70168
52,0.553305,0.0990859,8,2.44667,0.0663501,2.76104
53,0.463365,0.069166,9,2.2,0.0663,2.52236
54,0.518389,0.0777007,8,2.25333,0.0750724,2.8029
55,0.629277,0.126988,9,3.39333,0.068878,2.6387
56,0.834602,0.0933702,10,3.23333,0.0660789,2.9534
57,0.587244,0.162716,9,3.55333,0.0694302,2.60013
58,0.509538,0.116796,9,3.32667,0.0676396,2.83516
59,0.576675,0.130598,10,3.22667,0.0686415,2.47474
60,0.500524,0.0949345,10,2.88667,0.0676267,2.87557
61,0.725962,0.10865,8,2.67333,0.0661108,2.93478
62,0.641489,0.0909973,9,2.59333,0.068818,3.27717
63,0.480135,0.0963852,10,2.69333,0.0687607,2.76623
64,0.462752,0.104852,8,2.48,0.0766698,2.79726
65,0.466106,0.148211,9,3.52,0.0690696,2.59347
66,0.415111,0.0776855,7,2.4,0.0673683,2.8344
67,0.576275,0.0998266,10,2.76,0.0704952,2.54086
68,0.456292,0.086019,10,2.27333,0.0670897,2.36343
69,0.545354,0.130477,9,2.83333,0.0685398,2.75451
70,0.492258,0.105874,9,2.67333,0.0708779,2.431
71,0.553792,0.090538,8,2.22667,0.0883709,2.82876
72,0.484395,0.111394,8,2.43333,0.0694328,2.5367
73,0.780662,0.0912056,10,2.32,0.0624231,2.62839
74,0.551424,0.0855573,9,2.38,0.0675207,2.82323
75,0.458397,0.112803,9,2.94,0.0688809,2.88784
76,0.467217,0.105942,8,2.76,0.0735595,3.22554
77,0.475494,0.113633,8,2.53333,0.0673989,2.71998
78,0.711297,0.107143,8,2.43333,0.0684056,2.76046
79,0.5954,0.0870844,8,2.18667,0.0678275,2.81924
80,0.670416,0.0834262,9,1.96667,0.0640484,2.79432
81,0.544708,0.0743972,7,1.9,0.0673722,2.66305
82,0.582147,0.0932777,9,2.30667,0.0675435,2.73818
83,0.615408,0.0794293,7,2.26,0.0627065,2.93223
84,0.556843,0.130667,8,2.96,0.0694167,2.3592
85,0.43316,0.0721705,8,1.84,0.0690283,2.90592
86,0.715872,0.137207,9,3.64667,0.0705502,2.90015
87,0.524666,0.104157,7,2.68667,0.0683494,2.8957
88,0.511813,0.0958413,9,2.68667,0.0658484,2.74394
89,0.521293,0.107018,7,2.48,0.0692514,2.77591
90,0.471707,0.099467,8,3.01333,0.0713164,3.00435
91,0.589634,0.0817758,9,2.45333,0.0703181,3.16762
92,0.44812,0.0698147,7,1.94667,0.0657486,2.92669
93,0.681057,0.112083,9,2.75333,0.0713037,2.51179
94,0.421659,0.0908945,7,2.19333,0.0680566,2.68079
95,0.697459,0.0850004,8,2.10667,0.0676803,2.50043
96,0.561536,0.0869894,7,2.19333,0.0688549,2.52224
97,0.422964,0.0611858,9,1.71333,0.0799659,3.0832
98,0.507465,0.092726,8,2.57333,0.0668106,2.99415
99,0.516086,0.0786678,7,1.88667,0.0677222,3.08236
100,0.432787,0.0570315,8,1.77333,0.0689213,3.09157
101,0.507241,0.0682403,7,1.74667,0.0670172,2.79998
102,0.334939,0.0725853,6,2.03333,0.068193,2.87657
103,0.700739,0.107867,9,2.64,0.0683586,2.83609
104,0.516208,0.0647023,7,1.86,0.0652017,2.9383
105,0.490562,0.0699644,9,1.8,0.0659026,2.74986
106,0.475227,0.0664002,8,1.76667,0.067717,2.99589
107,0.588378,0.0917991,7,2.37333,0.0709728,2.78255
108,0.568372,0.106626,8,2.47333,0.0700068,2.61084
109,0.52159,0.0861906,8,2.06667,0.0665112,2.71672
110,0.504623,0.0868798,8,1.87333,0.0673996,2.45748
111,0.353709,0.0766983,8,2.06,0.0675626,2.5893
112,0.60894,0.124866,9,2.67333,0.0686259,2.68303
113,0.789094,0.132267,10,3.00667,0.0698043,2.51289
114,0.417019,0.0715561,6,1.69333,0.0696155,3.2347
115,0.559776,0.0993866,7,2.07333,0.0674856,2.39524
116,0.615551,0.110151,9,2.01333,0.0704851,2.65104
117,0.561694,0.125636,8,2.32,0.0670829,2.50653
118,0.689244,0.106366,8,2.16667,0.0654327,2.56011
119,0.659462,0.115552,10,2.36667,0.0653077,2.59438
120,0.604831,0.113961,10,2.53333,0.0693881,2.63101
121,0.658274,0.113968,10,2.68667,0.0673151,2.47304
122,0.513851,0.0822777,8,2.16667,0.0741303,2.66065
123,0.463546,0.0704286,8,2.10667,0.0657294,2.5052
124,0.613573,0.0924196,8,2.26,0.0715206,2.8459
125,0.551347,0.0922167,9,2.43333,0.0678564,2.59083
126,0.629047,0.0793843,9,2.12667,0.0675994,2.53707
127,0.577606,0.0923867,8,2.28667,0.0682516,2.64867
128,0.592375,0.0986803,9,2.41333,0.0669272,2.66339
129,0.789551,0.115463,9,2.6,0.0698583,2.56665
130,0.718685,0.10279,10,2.40667,0.0670042,2.58341
131,0.638177,0.125199,9,3.09333,0.0689898,2.80807
132,0.62801,0.0952318,9,2.37333,0.0671132,3.16843
133,0.591951,0.128027,9,2.75333,0.0662188,2.64472
134,0.567445,0.109693,9,2.47333,0.0694417,2.42162
135,0.598488,0.102179,9,2.47333,0.0673158,2.66124
136,0.693144,0.126044,9,2.66667,0.0672719,2.48525
137,0.622751,0.102136,9,2.2,0.0671097,2.75491
138,0.666572,0.132184,10,2.80667,0.0696482,2.4798
139,0.624904,0.130427,9,3.02,0.0709292,2.77287
140,0.41794,0.0757581,7,1.89333,0.0678596,2.89795
141,0.684,0.0802754,10,1.94667,0.064464,2.7615
142,0.78286,0.0788494,10,2.04667,0.0645162,2.97169
143,0.548549,0.0746378,9,1.98,0.066506,2.79185
144,0.608607,0.0903399,10,2.33333,0.0715682,2.97079
145,0.494825,0.0508228,8,1.48,0.0651073,2.80766
146,0.665884,0.0687856,9,1.94,0.0673179,2.6189
147,0.502075,0.101852,10,2.49333,0.0655406,2.59367
148,0.62094,0.0844092,9,2.63333,0.0673444,2.63874
149,0.657565,0.0734452,9,2.16667,0.068937,2.71957
150,0.69446,0.0800911,10,2.41333,0.0712273,2.38446
151,0.635413,0.0714,9,1.9,0.0656494,2.35612
152,0.617327,0.103738,9,2.36667,0.0667912,2.3317
153,0.600953,0.109182,9,2.14667,0.0693911,2.39532
154,0.613493,0.114467,8,2.32667,0.0705177,2.52213
155,0.609101,0.0785896,9,1.72667,0.0660804,2.47854
156,0.571996,0.117484,10,2.93333,0.0825366,2.885
157,0.703459,0.0995648,10,2.20667,0.0656549,2.57507
158,0.633219,0.100583,10,2.46,0.0696102,2.5358
159,0.603844,0.0973459,9,2.12,0.0661125,2.64561
160,0.496603,0.0736062,8,1.82667,0.0661325,2.54001
161,0.68585,0.0866004,10,1.88667,0.0674501,2.60483
162,0.659725,0.122934,10,2.64,0.0664918,2.28286
163,0.749188,0.168578,10,3.3,0.0667494,2.41122
164,0.730195,0.134109,10,2.69333,0.0938599,2.45348
165,0.615829,0.113594,9,2.27333,0.0676176,2.59281
166,0.655504,0.142646,10,3.08,0.0681988,2.61846
167,0.621953,0.134802,10,2.83333,0.0685433,2.66443
168,0.626661,0.117697,10,2.76,0.076192,2.82531
169,0.542773,0.107627,10,2.34,0.0667033,2.59426
170,0.503207,0.135657,9,2.84667,0.0682302,2.38993
171,0.665272,0.138119,10,3.25333,0.066392,2.64866
172,0.536578,0.116051,9,2.51333,0.0676991,2.50848
173,0.714711,0.146047,10,2.96,0.0731417,2.75207
174,0.559109,0.102483,10,2.38667,0.0661488,2.57455
175,0.696794,0.101161,9,2.22,0.0639985,2.13758
176,0.691094,0.0982108,10,2.06667,0.0640518,2.56698
177,0.695622,0.148924,10,2.92667,0.0647324,2.91048
178,0.594275,0.129098,9,2.83333,0.0688259,2.91343
179,0.571854,0.109181,9,2.39333,0.0664508,2.83539
180,0.652511,0.113466,9,2.6,0.0665736,2.41389
181,0.619656,0.0915532,9,2.05333,0.0674949,2.85589
182,0.687853,0.0960449,10,2.54667,0.0693232,2.9696
183,0.608712,0.0996134,9,2.37333,0.0672309,2.88446
184,0.602726,0.140575,10,2.83333,0.0664162,2.9193
185,0.632277,0.118326,10,2.44667,0.067054,2.57404
186,0.600205,0.124808,9,2.80667,0.0737108,2.82602
187,0.680406,0.136004,10,2.53333,0.066828,2.7037
188,0.690435,0.134389,10,2.73333,0.0695429,2.44674
189,0.542214,0.0923869,9,2.36,0.0717086,2.78324
190,0.771903,0.123821,10,2.47333,0.0715624,2.52799
191,0.458044,0.0945112,9,2.52667,0.0692322,2.81286
192,0.665066,0.166279,10,3.16,0.0687559,2.60212
193,0.721846,0.144165,9,2.84,0.0692633,2.6602
194,0.594506,0.0998526,10,2.33333,0.0677714,2.65785
195,0.556494,0.131756,9,2.66667,0.0678154,2.58608
196,0.675104,0.16402,9,2.95333,0.0642095,2.75692
197,0.512565,0.145043,9,3.17333,0.0698273,3.07275
198,0.525314,0.105857,8,2.27333,0.0664842,3.24586
199,0.64928,0.119273,9,2.52,0.0680102,2.49982
200,0.67947,0.152826,10,2.8,0.0688311,2.44421
201,0.579493,0.175821,10,3.14667,0.0808415,2.76529
202,0.63326,0.156372,10,3.11333,0.0690807,2.70439
203,0.765846,0.205288,10,3.32667,0.0691495,2.53297
204,0.631512,0.0932032,10,1.98,0.0620288,2.33234
205,0.62811,0.136655,10,2.72667,0.0692234,2.75092
206,0.6334,0.156937,10,2.78,0.0708818,2.54199
207,0.649613,0.168335,10,3.24,0.0692016,2.2925
208,0.613485,0.138931,10,2.84,0.0675744,2.60014
209,0.629372,0.16259,10,3.17333,0.185275,2.78923
210,0.591845,0.132009,9,2.61333,0.0665591,2.40178
211,0.52433,0.0985973,10,2.27333,0.0675866,2.88026
212,0.641811,0.148411,10,3,0.06951,2.67867
213,0.741278,0.167447,10,3.26667,0.071536,2.72213
214,0.661486,0.110442,9,2.36667,0.0660107,2.67712
215,0.583173,0.098829,9,2.10667,0.0666887,2.80761
216,0.657596,0.127459,9,2.78,0.0671833,2.72393
217,0.60444,0.128812,10,3.09333,0.0667223,2.85811
218,0.638711,0.165363,9,3.32667,0.0671701,2.65057
219,0.586251,0.0988387,10,2.61333,0.0705814,2.82645
220,0.590377,0.112285,9,2.58667,0.0661956,2.72363
221,0.629422,0.170077,10,3.60667,0.0758729,2.58455
222,0.708707,0.153939,10,3.08667,0.0698445,2.39789
223,0.513182,0.10626,9,2.32,0.0661806,3.01183
224,0.730057,0.168971,10,3.48,0.0735245,2.73103
225,0.610701,0.14834,10,3.06,0.0657571,2.5565
226,0.633027,0.14962,10,2.90667,0.0660459,2.67348
227,0.474081,0.103412,8,2.42667,0.0701605,2.93105
228,0.582289,0.161697,9,3.2,0.0934911,2.6179
229,0.785941,0.159961,10,3.01333,0.0650808,2.38237
230,0.573733,0.125393,9,2.46,0.069064,2.64904
231,0.70076,0.198529,10,3.12,0.066118,2.00306
232,0.611348,0.135282,10,3.05333,0.0784929,2.8809
233,0.723574,0.14981,10,3.20667,0.0748198,2.69245
234,0.597391,0.164042,9,3.18,0.0708225,2.69638
235,0.560197,0.155656,10,3.39333,0.0679032,2.92894
236,0.606931,0.131035,10,2.82667,0.0669206,2.86037
237,0.594115,0.113982,10,2.64667,0.0700329,2.70106
238,0.593965,0.128882,10,2.66667,0.0659505,2.68761
239,0.54613,0.135229,10,2.90667,0.0667165,2.72073
240,0.704939,0.148717,10,3.07333,0.0682229,2.5779
241,0.699095,0.177432,10,3.53333,0.0673303,2.62458
242,0.731777,0.169808,10,3.55333,0.0698005,2.6299
243,0.63689,0.163408,9,3.20667,0.0689365,2.46361
244,0.53744,0.108711,9,2.60667,0.0663697,2.84566
245,0.64017,0.139566,9,2.78667,0.0719039,2.93147
246,0.573465,0.143834,8,3.06667,0.0714508,3.06262
247,0.526702,0.137042,8,2.75333,0.0681876,2.73243
248,0.737048,0.149402,10,3.12,0.0691379,2.45557
249,0.776396,0.122713,10,2.5,0.0653244,2.4872
250,0.643272,0.149234,10,2.74,0.0666172,2.68152
251,0.775519,0.195042,10,3.7,0.0706197,2.67923
252,0.736448,0.144156,10,2.97333,0.0714265,2.60142
253,0.698708,0.153151,10,3.53333,0.0701755,2.73504
254,0.478566,0.0748373,9,1.68,0.0655022,2.51666
255,0.705619,0.126051,10,2.57333,0.0705581,2.53853
256,0.758204,0.0972369,10,2.18667,0.0682713,2.58423
257,0.6359,0.121434,8,2.42667,0.0699175,2.6493
258,0.571932,0.103436,9,2.32667,0.0627621,2.92091
259,0.533191,0.111794,8,2.47333,0.073277,2.6962
260,0.576403,0.11031,9,2.37333,0.0667627,2.48545
261,0.653686,0.12489,9,2.76,0.0672032,2.56929
262,0.648877,0.137991,9,2.98667,0.0658219,2.6287
263,0.697993,0.195995,10,3.55333,0.0693832,2.31545
264,0.599032,0.131919,9,2.74667,0.0678048,2.90931
265,0.786878,0.206041,10,3.74667,0.0719322,2.16706
266,0.552281,0.101514,9,2.23333,0.0649426,2.34883
267,0.658912,0.178207,10,3.31333,0.0716568,2.68399
268,0.647572,0.107353,9,2.59333,0.0719646,2.8029
269,0.757484,0.164505,10,3.30667,0.076232,2.43905
270,0.654409,0.161858,9,3.32,0.0688,2.58528
271,0.66186,0.157924,10,3.41333,0.0721859,2.85118
272,0.675294,0.180754,10,3.54667,0.0697473,2.57804
273,0.722137,0.160676,10,3.26,0.0660458,2.55816
274,0.573985,0.159822,9,3.19333,0.0712168,2.8175
275,0.662544,0.178462,9,3.73333,0.070284,3.00319
276,0.713528,0.160707,10,3.50667,0.0680679,2.75886
277,0.701506,0.20008,10,3.76667,0.066463,2.5451
278,0.712955,0.167879,10,3.18667,0.070141,2.88706
279,0.694908,0.177859,10,3.53333,0.0687337,2.69624
280,0.5857,0.15428,10,2.88,0.063043,2.38153
281,0.6368,0.192647,9,3.54667,0.0741952,2.56483
282,0.51181,0.134074,8,2.94667,0.0717104,2.85701
283,0.764122,0.141766,10,3.36,0.068941,2.53107
284,0.624211,0.151652,9,3.33333,0.0722329,2.58581
285,0.773757,0.216491,10,3.93333,0.0718767,2.25959
286,0.773769,0.188399,10,3.75333,0.0671092,2.5947
287,0.654928,0.176922,10,3.63333,0.0670712,2.53033
288,0.530688,0.119037,8,2.16667,0.0652517,2.6002
289,0.66367,0.18881,9,3.94667,0.0705801,2.76491
290,0.70935,0.196348,9,3.46667,0.066511,2.68392
291,0.677524,0.219406,9,4.02,0.0735184,2.56105
292,0.672098,0.146721,9,2.96667,0.0737215,2.54895
293,0.692535,0.180024,10,3.09333,0.0679359,2.37596
294,0.711925,0.18447,10,3.57333,0.0669974,2.38476
295,0.68084,0.151102,10,3.48,0.0685246,2.53055
296,0.587061,0.162037,9,3.11333,0.0738508,2.64605
297,0.880753,0.200656,10,3.77333,0.0705178,2.81515
298,0.861947,0.22484,10,3.97333,0.0713127,2.67252
299,0.630216,0.159414,9,3.13333,0.0690644,2.50186
300,0.70983,0.167803,9,3.30667,0.0680751,2.33492
301,0.498672,0.154068,8,3.11333,0.0676876,2.74025
302,0.478042,0.10605,9,2.33333,0.0619201,2.38409
303,0.662546,0.116632,9,2.36,0.0636146,2.24495
304,0.609196,0.15623,9,2.91333,0.0662298,2.40158
305,0.617879,0.149768,9,3.17333,0.0706908,2.39772
306,0.70304,0.120718,10,2.42667,0.0679051,2.35859
307,0.552571,0.149285,9,2.93333,0.0653092,2.49468
308,0.731851,0.204667,10,3.89333,0.0693839,2.31352
309,0.635033,0.166154,9,3.34667,0.0671086,2.48303
310,0.697539,0.191597,10,3.96667,0.069613,2.35571
311,0.679117,0.133824,10,2.66667,0.0648938,2.75835
312,0.816926,0.169099,10,2.98,0.066201,2.37737
313,0.56958,0.141105,9,2.99333,0.0664216,2.78938
314,0.655603,0.133831,10,2.98,0.0675745,2.82061
315,0.695373,0.183816,10,3.20667,0.0697235,2.44801
316,0.711158,0.183387,10,3.5,0.0700669,2.41665
317,0.751684,0.20243,10,3.68667,0.0704669,2.55627
318,0.688779,0.221886,10,4.01333,0.0708608,2.67197
319,0.672845,0.16808,10,3.26,0.0683623,2.2652
320,0.717126,0.233982,10,4.37333,0.067867,2.13554
321,0.662158,0.17274,10,3.16,0.0656246,2.34638
322,0.692509,0.188996,10,3.98,0.0682198,2.65022
323,0.662433,0.189099,10,4.16667,0.0712889,2.40384
324,0.602359,0.179776,10,3.53333,0.0705774,2.91339
325,0.815943,0.218584,10,4.26,0.0692837,2.44437
326,0.607591,0.137456,9,2.89333,0.0632699,2.57621
327,0.685398,0.173447,10,3.48,0.0660255,2.65979
328,0.696051,0.181873,9,3.46,0.0679148,2.19709
329,0.762887,0.177582,10,3.25333,0.0689869,2.34261
330,0.689395,0.172439,9,3.2,0.0683425,2.07428
331,0.668796,0.123806,9,2.72667,0.0671239,2.45239
332,0.641377,0.164605,9,3.42667,0.0667667,2.35002
333,0.708791,0.202917,10,3.63333,0.0728786,2.47057
334,0.766338,0.190275,10,3.74667,0.0700931,2.2639
335,0.587235,0.174987,8,3.30667,0.0662142,2.55131
336,0.83611,0.182217,10,3.62,0.0706648,2.4076
337,0.80999,0.22248,10,3.92,0.0693767,2.44241
338,0.588842,0.106293,9,2.54,0.0650629,2.57816
339,0.751351,0.160615,10,3.33333,0.0686045,2.47644
340,0.668383,0.157757,9,3.12667,0.068098,2.50981
341,0.670169,0.152511,10,3.34,0.0690474,2.32879
342,0.698792,0.156381,9,2.96,0.0711904,2.88086
343,0.648574,0.131418,10,2.62,0.0658178,2.67191
344,0.680153,0.170238,10,3.28,0.0681027,2.34457
345,0.604271,0.128361,10,2.69333,0.0674559,2.36657
346,0.629628,0.123499,9,2.50667,0.0652022,2.3263
347,0.72219,0.142166,9,2.96,0.0672378,2.24671
348,0.634512,0.138148,10,2.62667,0.0691993,2.29683
349,0.647703,0.127374,10,2.54,0.0656772,2.18531
350,0.618,0.120059,10,2.58667,0.0676914,2.41463
351,0.616463,0.181898,9,3.50667,0.0699255,2.51044
352,0.672741,0.177415,9,3.25333,0.0681239,2.52999
353,0.710617,0.167819,10,3.09333,0.0670704,2.39811
354,0.625281,0.165081,8,2.91333,0.0668892,2.4051
355,0.792076,0.189417,10,3.61333,0.0698455,2.38609
356,0.638719,0.115617,9,2.60667,0.067106,2.15708
357,0.666655,0.186066,9,3.35333,0.095052,2.26635
358,0.593471,0.116259,9,2.63333,0.0635416,2.24831
359,0.623984,0.17375,9,3.24667,0.0700299,2.59984
360,0.54654,0.172931,10,3.13333,0.0677085,2.53213
361,0.765728,0.239251,10,3.84,0.0968263,2.44799
362,0.693203,0.140483,10,2.91333,0.0696049,2.14392
363,0.540199,0.119622,9,2.44667,0.0652738,2.6689
364,0.542603,0.15014,9,3.07333,0.0728907,2.83158
365,0.600113,0.144962,9,2.91333,0.0675977,2.53372
366,0.688435,0.197473,9,4,0.0698565,2.50081
367,0.717825,0.165042,9,3.42667,0.0675636,2.5306
368,0.609931,0.140732,8,2.88667,0.0689324,2.60685
369,0.855187,0.206647,10,4.38667,0.0696783,2.20276
370,0.762278,0.180338,10,3.92667,0.0707371,2.30647
371,0.782116,0.200697,10,3.44,0.0671774,2.42153
372,0.621239,0.181264,9,3.22667,0.0698562,2.67448
373,0.756099,0.202756,10,3.72667,0.0686521,2.32379
374,0.603488,0.157613,9,3.13333,0.0742228,3.16749
375,0.754918,0.177492,10,3.32667,0.0649338,2.66222
376,0.831679,0.222732,10,4.10667,0.0703994,2.62182
377,0.649719,0.142048,9,3.1,0.0683894,2.66679
378,0.587074,0.147177,10,3.18667,0.0713195,2.71517
379,0.881993,0.246103,10,4.22667,0.0702458,2.4373
380,0.736276,0.180196,9,3.36667,0.0699518,2.56116
381,0.636952,0.182699,10,3.72667,0.0647718,2.43109
382,0.575659,0.118514,8,2.5,0.0701517,2.68222
383,0.742889,0.223486,10,4.21333,0.0645208,2.42858
384,0.543337,0.138667,9,3.46,0.0657022,2.61197
385,0.718054,0.168341,9,3.32667,0.0667465,2.6473
386,0.769104,0.225751,9,3.85333,0.0753428,2.58867
387,0.62185,0.141837,10,2.74667,0.0662831,2.50298
388,0.748817,0.198945,10,3.62667,0.0692758,2.48169
389,0.543397,0.123527,8,2.6,0.0684598,2.80747
390,0.565725,0.126729,9,2.8,0.0671241,2.55387
391,0.691419,0.164304,10,3.50667,0.0663441,2.52975
392,0.663336,0.167896,10,3.38,0.0701803,2.54448
393,0.766604,0.216163,10,4.17333,0.0687577,2.34218
394,0.730284,0.159538,9,3.04667,0.0673091,2.49382
395,0.728273,0.174949,10,3.74667,0.0694144,2.61471
396,0.63142,0.162688,9,3.12,0.0686382,2.90549
397,0.677946,0.18061,9,3.51333,0.0647521,2.44856
398,0.731363,0.197913,10,3.68667,0.0681765,2.20962
399,0.772166,0.201291,10,3.9,0.0680501,2.4774
400,0.714182,0.195119,9,3.7,0.0702932,2.35024
401,0.753797,0.151753,9,3.08667,0.0658203,2.28712
402,0.699708,0.177578,10,3.38,0.0690722,2.14825
403,0.648375,0.159781,9,2.99333,0.0723845,2.72804
404,0.568736,0.144822,8,2.99333,0.0704847,2.79938
405,0.574511,0.134341,9,2.93333,0.0685684,2.63357
406,0.702545,0.174531,10,3.73333,0.0697355,2.59336
407,0.731761,0.178381,10,3.65333,0.0704079,2.35593
408,0.727046,0.171277,10,3.34,0.0685412,2.84507
409,0.680735,0.15073,10,3.15333,0.0689321,2.76624
410,0.590768,0.124536,9,2.74667,0.0659535,2.58072
411,0.747522,0.191136,10,4.17333,0.069997,2.63773
412,0.661383,0.136954,9,2.86,0.0632767,2.48522
413,0.652685,0.181594,10,3.84667,0.0735739,2.76161
414,0.716607,0.199901,9,3.58,0.0677475,2.40329
415,0.459426,0.121976,7,2.42667,0.0681091,2.48529
416,0.72066,0.175176,9,3.24667,0.0689259,2.30469
417,0.66309,0.183545,9,3.48667,0.0655489,2.21781
418,0.689556,0.211428,10,3.86,0.0707469,2.11657
419,0.641282,0.194649,10,3.66,0.0698273,2.18863
420,0.78877,0.197067,10,3.68667,0.0690489,2.23462
421,0.730771,0.204346,10,3.54,0.0656871,2.38671
422,0.616922,0.142696,9,3.12667,0.0667719,2.3673
423,0.577515,0.151537,9,3,0.070093,2.48247
424,0.74604,0.177606,10,3.41333,0.0693442,2.31497
425,0.790875,0.193814,9,3.29333,0.0695993,2.30566
426,0.764056,0.196829,10,3.61333,0.0693046,2.48647
427,0.677836,0.197855,10,3.89333,0.0690584,2.32473
428,0.712404,0.217279,10,4.32,0.0722226,2.55557
429,0.638141,0.138863,10,2.94,0.0655375,2.52361
430,0.728173,0.220611,10,4.04667,0.0670464,2.3185
431,0.655275,0.159874,9,3.51333,0.0766008,2.62877
432,0.496125,0.116019,9,2.44667,0.0668925,2.5141
433,0.802355,0.202023,10,3.90667,0.0679645,2.30218
434,0.712377,0.188914,10,3.48,0.0677937,2.49244
435,0.712162,0.194896,9,3.5,0.0685499,2.32513
436,0.761877,0.213407,9,4.22667,0.0698819,2.43026
437,0.753752,0.187674,10,3.71333,0.0712228,2.58417
438,0.659115,0.133438,10,3.18667,0.0646464,2.66007
439,0.666617,0.180668,10,3.56,0.0678376,2.72649
440,0.704091,0.166165,10,3.24667,0.0668797,2.61804
441,0.681763,0.161024,9,3.41333,0.067673,2.3169
442,0.891187,0.204401,10,4.17333,0.0703206,2.5348
443,0.771938,0.187662,10,3.73333,0.072305,2.73114
444,0.536845,0.12098,9,2.61333,0.0669369,2.88836
445,0.674843,0.156233,10,3.46,0.0681223,2.24891
446,0.608136,0.104202,9,2.22667,0.0673086,2.43632
447,0.638318,0.176478,10,3.46,0.0657623,2.09808
448,0.627211,0.158289,9,3.24,0.0679272,2.67953
449,0.583316,0.180591,10,3.74,0.0673785,2.69548
450,0.580882,0.128913,8,2.66667,0.0671637,3.018
451,0.576667,0.15261,9,3.18667,0.0695486,2.4834
452,0.761831,0.193453,10,3.82,0.0751036,2.78303
453,0.647404,0.158403,9,3.26,0.0675721,2.7945
454,0.766633,0.194253,10,3.65333,0.0698806,2.39907
455,0.53827,0.164735,9,3.28667,0.0678117,2.72456
456,0.587506,0.158688,10,3.41333,0.0700687,2.76431
457,0.672291,0.185713,10,3.44,0.0707025,2.49157
458,0.720421,0.136911,10,2.66,0.0686066,2.51516
459,0.778227,0.163327,10,3.32,0.0704928,2.5739
460,0.709225,0.179648,10,3.34,0.0671491,2.53309
461,0.643585,0.153558,10,3.49333,0.0726837,2.86491
462,0.740433,0.182014,10,3.6,0.0701807,2.65559
463,0.808098,0.178281,10,3.68,0.0683466,2.25626
464,0.735662,0.179533,10,4.06,0.0691001,2.45804
465,0.677467,0.138977,10,2.99333,0.0708983,2.66032
466,0.69037,0.159686,10,3.24,0.0642819,2.57562
467,0.650538,0.164829,10,3.16667,0.0659918,2.45568
468,0.584386,0.142022,9,3.06667,0.0666389,2.66833
469,0.661289,0.152956,9,3.42667,0.0672699,2.64521
470,0.87821,0.179789,10,3.58667,0.0726772,2.71844
471,0.745663,0.17361,10,3.68667,0.0686586,2.34336
472,0.64584,0.159615,10,3.53333,0.0682231,2.54508
473,0.797367,0.206277,10,4.01333,0.0740131,2.87836
474,0.669919,0.173894,10,3.44,0.069215,2.46926
475,0.625095,0.123996,10,2.91333,0.0711401,2.70799
476,0.746659,0.151382,10,3.42,0.0678981,2.92825
477,0.542768,0.141058,9,2.85333,0.0649792,2.84188
478,0.551205,0.145639,9,3.1,0.0673735,2.87928
479,0.701431,0.134077,10,3.03333,0.0652532,2.67471
480,0.699504,0.168574,9,3.58,0.0710369,2.9295
481,0.684784,0.144423,10,3.3,0.0965566,3.12769
482,0.715704,0.163681,10,3.11333,0.0733421,2.35344
483,0.62897,0.138292,9,2.86667,0.0702287,2.77522
484,0.564494,0.110409,10,2.46,0.0649125,2.84839
485,0.795147,0.16554,10,3.56,0.0713691,2.56288
486,0.699245,0.177515,9,3.72667,0.0683478,2.47194
487,0.789414,0.178027,10,3.64,0.0769064,2.49368
488,0.622856,0.144172,9,3.10667,0.0650337,2.57924
489,0.852134,0.182606,10,3.93333,0.0695007,2.56894
490,0.608165,0.153655,8,3.23333,0.0707519,2.74247
491,0.631125,0.188207,10,3.77333,0.0642355,2.34329
492,0.691484,0.189947,10,3.81333,0.0703373,2.56523
493,0.600474,0.143117,10,3.44667,0.0718679,2.72162
494,0.535444,0.130662,9,2.89333,0.065728,2.32956
495,0.512123,0.113962,8,3.09333,0.0650559,2.47659
496,0.497798,0.108435,9,2.94,0.0660335,2.62482
497,0.677593,0.178188,10,4.18667,0.0704836,2.65973
498,0.76034,0.162396,10,3.72,0.0700357,2.80559
499,0.472582,0.149807,8,3.40667,0.0698061,2.96234
500,0.593846,0.131474,10,2.78667,0.0667713,2.84658
501,0.637029,0.179379,10,3.75333,0.0698729,2.66922
502,0.667156,0.241953,10,4.60667,0.0694625,2.43809
503,0.601277,0.143945,9,3.07333,0.0716501,2.80827
504,0.659967,0.161382,9,3.6,0.0691526,2.6158
505,0.594615,0.135732,9,3.09333,0.0802865,2.8441
506,0.736767,0.184301,10,3.79333,0.0690047,2.50859
507,0.694678,0.173667,10,3.66,0.0698841,2.76953
508,0.718018,0.181988,10,3.5,0.0658938,2.75115
509,0.557956,0.143295,9,3.48,0.0737475,3.14022
510,0.621407,0.124324,9,2.74667,0.0701491,2.77537
511,0.645772,0.150622,9,3.34,0.0686467,3.09947
512,0.59439,0.137185,9,3.22,0.0712028,2.7599
513,0.708698,0.19605,10,3.58667,0.0647643,2.58221
514,0.578203,0.215955,10,4.02,0.0676085,2.95306
515,0.609938,0.154416,10,3.42,0.0662498,2.90067
516,0.743211,0.201521,10,4.12667,0.0682115,2.79755
517,0.577355,0.171177,9,3.56667,0.0782599,3.02591
518,0.720377,0.181274,10,3.70667,0.0682627,2.96807
519,0.775058,0.213567,10,4.33333,0.070151,2.94941
520,0.645546,0.178119,10,3.8,0.0669764,3.07964
521,0.717749,0.210161,10,4.3,0.0718999,2.8393
522,0.722073,0.203903,10,3.87333,0.0697782,2.65875
523,0.578321,0.16095,9,3.29333,0.0657053,3.05692
524,0.598303,0.179147,10,3.94667,0.0687521,2.87005
525,0.588776,0.172219,9,3.59333,0.070658,3.00232
526,0.65337,0.185123,10,3.74667,0.0668556,2.58089
527,0.557999,0.184087,9,3.41333,0.067638,3.00723
528,0.741599,0.166721,10,3.64,0.0710965,2.9194
529,0.671908,0.225244,10,4.07333,0.0735823,2.63759
530,0.753167,0.181409,10,3.60667,0.0710693,2.81215
531,0.681,0.182487,9,3.50667,0.0700258,2.92624
532,0.608135,0.170312,9,3.40667,0.0675856,2.73283
533,0.716083,0.179866,10,3.72,0.0743817,2.8642
534,0.713452,0.194266,10,4.01333,0.0697315,2.69473
535,0.598939,0.175895,9,3.46667,0.0670475,2.51364
536,0.70955,0.134918,9,2.94,0.0668673,2.56235
537,0.680182,0.163645,9,3.48,0.0677186,2.78502
538,0.713909,0.168309,9,3.53333,0.0671637,2.66354
539,0.648229,0.142902,10,3.12,0.0683717,2.60635
540,0.765051,0.163873,10,3.38,0.0697204,2.55892
541,0.72321,0.172718,10,3.84667,0.0703778,2.3847
542,0.545773,0.124862,9,2.52667,0.0697746,2.79303
543,0.646787,0.154317,9,2.92667,0.0657614,2.29148
544,0.556417,0.157688,8,3.3,0.0651381,2.53425
545,0.656792,0.159004,9,3.74667,0.0706482,3.1241
546,0.675151,0.198672,9,3.7,0.06804,2.3911
547,0.667911,0.118321,9,2.64,0.0686687,2.55632
548,0.55728,0.120664,8,2.72667,0.0667609,2.61106
549,0.479061,0.125599,9,3.50667,0.0679017,2.68561
550,0.65172,0.133849,10,3.12667,0.0714917,2.40637
551,0.754001,0.233036,10,4.65333,0.0977843,2.49633
552,0.541298,0.098035,10,2.86,0.0688962,2.44163
553,0.607244,0.110716,9,2.6,0.0673392,2.38813
554,0.759274,0.165266,9,3.38,0.0679508,2.40962
555,0.486031,0.136016,9,2.65333,0.0663189,2.86652
556,0.579141,0.150714,9,3.04667,0.0675365,2.40204
557,0.664145,0.149837,10,3.16667,0.0705077,2.92739
558,0.739917,0.217906,10,4.18667,0.071639,2.61307
559,0.654827,0.206278,10,3.86667,0.0685132,2.6578
560,0.72975,0.220268,9,3.86667,0.0697978,2.73814
561,0.761926,0.251735,10,4.4,0.0701166,2.1406
562,0.61995,0.170362,10,3.84667,0.0716749,2.99768
563,0.684799,0.186974,9,3.58667,0.0667869,2.47447
564,0.809244,0.218358,10,4.17333,0.0775144,2.67167
565,0.479025,0.10071,9,2.61333,0.0651183,2.83403
566,0.737786,0.177489,10,3.75333,0.0661013,2.55985
567,0.653067,0.196488,9,3.73333,0.0693538,2.6468
568,0.643808,0.178772,9,3.54,0.073037,2.82877
569,0.599561,0.201534,10,3.81333,0.06645,2.81297
570,0.693319,0.220169,10,4.19333,0.0658286,2.50907
571,0.604859,0.151851,10,3.16,0.0704464,3.00456
572,0.647344,0.185905,9,3.69333,0.0681047,2.65017
573,0.702133,0.218113,10,3.95333,0.0737077,2.72294
574,0.652292,0.213681,10,4.07333,0.0711858,2.77142
575,0.7422,0.193099,9,3.64,0.0687201,2.59924
576,0.626761,0.183003,9,3.66,0.0720018,2.86076
577,0.659606,0.215571,10,4.09333,0.064692,2.42007
578,0.701883,0.220622,10,4.29333,0.0717437,2.49851
579,0.627842,0.197745,10,3.68667,0.070043,2.62812
580,0.800058,0.251248,10,4.66,0.0770219,2.6201
581,0.61801,0.194635,10,3.82,0.0701065,2.61298
582,0.748573,0.18708,10,3.7,0.0648089,2.40746
583,0.614959,0.156412,9,3.28667,0.0630203,2.80595
584,0.69735,0.181671,10,3.56667,0.0673682,2.70181
585,0.587031,0.14175,9,3.03333,0.0663866,2.77477
586,0.591448,0.197961,9,3.60667,0.0678194,2.65698
587,0.541558,0.125098,9,2.96,0.067351,2.63948
588,0.657548,0.145716,10,3.05333,0.0647373,2.69182
589,0.757394,0.229852,10,3.92,0.0696364,2.64049
590,0.639552,0.16505,9,3.36667,0.0684863,2.78788
591,0.660445,0.165614,10,3.46,0.0781989,3.01111
592,0.535497,0.122331,8,2.73333,0.0645247,2.95354
593,0.678717,0.224103,10,4.34667,0.0680655,2.82415
594,0.731785,0.207008,10,3.82,0.0693808,2.37356
595,0.668671,0.20653,9,3.66,0.0699317,2.66634
596,0.624284,0.17939,9,3.54,0.065787,2.51572
597,0.661291,0.190923,9,3.57333,0.100113,2.76714
598,0.749259,0.214068,10,3.74,0.0699338,2.26001
599,0.777535,0.191175,10,3.6,0.0682939,2.34785
600,0.730982,0.164702,9,3.31333,0.0673066,2.62733
601,0.688581,0.151067,9,2.89333,0.0683651,2.76595
602,0.686632,0.1411,10,2.9,0.0710045,2.76276
603,0.632153,0.121085,8,2.53333,0.0669987,2.8691
604,0.703801,0.187817,9,3.48667,0.0704923,2.62052
605,0.797985,0.203944,10,3.51333,0.0683983,2.38931
606,0.567878,0.141509,9,2.76,0.0673124,2.8644
607,0.750905,0.220528,10,3.76667,0.067789,2.56473
608,0.65865,0.14602,9,2.88,0.0678802,2.6681
609,0.867606,0.211665,10,3.97333,0.0704909,2.53646
610,0.69841,0.182043,9,3.21333,0.0667527,2.46571
611,0.611555,0.163683,9,2.94667,0.0634937,2.58464
612,0.682059,0.150476,10,2.9,0.0656058,2.63591
613,0.692003,0.166873,10,2.89333,0.0650401,2.77177
614,0.592273,0.160299,9,2.88,0.0673441,3.09449
615,0.666458,0.170525,10,3.09333,0.0663667,2.68373
616,0.824095,0.25381,10,4.1,0.0716359,2.42732
617,0.668778,0.173191,10,3.20667,0.0762922,2.75624
618,0.67556,0.160715,10,3.09333,0.0755981,2.53458
619,0.627365,0.162623,10,3.10667,0.0703881,2.44252
620,0.775882,0.174937,10,3.1,0.0666786,2.3642
621,0.613341,0.145827,8,2.77333,0.0682304,2.32549
622,0.800157,0.241237,9,3.6,0.0725914,2.44049
623,0.630748,0.177631,9,3.14,0.0667012,2.65644
624,0.725957,0.182116,10,3.24,0.0655539,2.69895
625,0.653654,0.197977,8,2.98,0.0644035,2.68784
626,0.643092,0.161053,8,2.64,0.0694862,2.51502
627,0.745999,0.209159,10,3.40667,0.0690098,2.17271
628,0.699058,0.176564,9,2.82667,0.065337,2.49586
629,0.640662,0.15229,9,2.82667,0.0672972,2.5402
630,0.619719,0.154754,9,2.74,0.0660714,2.58504
631,0.655419,0.162068,9,2.78667,0.0666969,2.3828
632,0.753644,0.164706,9,2.92667,0.0653854,2.39364
633,0.696957,0.154231,9,3.07333,0.0687464,2.86918
634,0.858373,0.224228,10,3.70667,0.0734388,2.58474
635,0.766478,0.175036,10,3.14667,0.0688255,2.36522
636,0.722907,0.129432,9,2.28,0.0671947,2.7356
637,0.662087,0.120982,9,2.36667,0.0637616,2.40337
638,0.737814,0.177054,10,3.26667,0.0683981,2.59356
639,0.659005,0.120861,8,2.62,0.0661582,2.88413
640,0.646806,0.151594,10,2.88,0.071218,3.08687
641,0.621515,0.135727,9,3.09333,0.0678054,3.11289
642,0.776812,0.20384,10,4.06,0.0697291,2.94641
643,0.769685,0.2126,10,3.92667,0.0720645,2.61166
644,0.805049,0.23283,10,4.31333,0.0678697,2.785
645,0.835859,0.217866,10,4.08,0.0695969,2.96538
646,0.523675,0.119168,8,2.34667,0.0675582,3.12675
647,0.651305,0.163477,10,3.24,0.0686195,2.85238
648,0.733594,0.213329,10,4.00667,0.0715061,2.6328
649,0.652102,0.156309,10,2.86,0.0802772,2.67844
650,0.677075,0.232311,10,4.54,0.0670019,2.75192
651,0.640862,0.173958,9,3.29333,0.0685768,2.66619
652,0.730723,0.172062,10,3.36667,0.0704056,2.85866
653,0.740735,0.216548,10,4.06,0.0695474,2.86939
654,0.714642,0.260269,10,4.55333,0.0779794,2.73779
655,0.814837,0.243903,10,4.56667,0.0676834,2.85953
656,0.79648,0.223069,10,4.08667,0.0736586,2.73224
657,0.63807,0.167821,9,3.04667,0.0702272,2.95657
658,0.789859,0.217148,10,3.77333,0.0707967,2.81297
659,0.676828,0.154206,9,2.88667,0.0675788,2.90984
660,0.823396,0.209174,10,3.48,0.0681938,2.41227
661,0.705689,0.217033,10,3.89333,0.0684925,2.61238
662,0.753844,0.225699,10,4.01333,0.0717736,2.91308
663,0.732388,0.219228,9,3.93333,0.0751753,3.0484
664,0.627465,0.166379,10,3.44667,0.0668743,2.96611
665,0.698832,0.201663,10,3.60667,0.0697413,2.76538
666,0.853105,0.219714,10,3.62667,0.0715495,2.70264
667,0.667345,0.153406,9,2.93333,0.0640908,2.65207
668,0.653122,0.161354,10,3.04,0.0676113,2.72469
669,0.645421,0.204621,9,3.68,0.0678742,2.73263
670,0.751537,0.186135,9,3.23333,0.0719514,2.89571
671,0.715053,0.182704,10,3.05333,0.0706139,2.51055
672,0.773089,0.203411,10,3.62,0.0683626,2.44821
673,0.579025,0.114171,9,2.17333,0.0671573,2.47988
674,0.755554,0.203464,10,3.38667,0.0656604,2.49125
675,0.783243,0.233067,10,4.05333,0.111213,2.73497
676,0.76347,0.262461,10,4.27333,0.0676461,2.44787
677,0.743137,0.237008,9,4.16,0.0754124,2.58012
678,0.741448,0.290575,10,4.88667,0.0665411,2.58195
679,0.599461,0.195614,10,3.52667,0.076321,2.68147
680,0.813817,0.219628,10,3.74667,0.0699941,2.67026
681,0.91383,0.27641,10,4.56,0.0719723,2.44859
682,0.882954,0.270739,10,4.20667,0.075057,2.41514
683,0.786053,0.222395,10,3.52,0.072369,2.69357
684,0.691673,0.256708,10,4.28,0.0702097,2.54871
685,0.661544,0.192363,10,3.92667,0.0952958,2.76532
686,0.712171,0.23309,10,4.51333,0.069945,2.56299
687,0.751148,0.245393,10,4.06667,0.0692389,2.63562
688,0.706129,0.200382,9,3.37333,0.0652528,2.50054
689,0.83712,0.283453,10,4.44,0.0672453,2.4136
690,0.800356,0.281283,10,4.65333,0.0710324,2.37211
691,0.663259,0.231176,10,3.96,0.0722542,2.64636
692,0.732427,0.157799,10,3.02667,0.0657397,3.01801
693,0.643661,0.203698,9,3.29333,0.0665203,2.79842
694,0.718065,0.233504,10,4.05333,0.0800697,2.62028
695,0.662243,0.20687,10,3.76,0.0699694,2.67629
696,0.671749,0.190085,9,3.62,0.0683363,2.77981
697,0.714117,0.229876,10,4.01333,0.0912336,2.58643
698,0.683874,0.17493,9,3.04667,0.0685316,2.72704
699,0.67499,0.176593,10,3.24667,0.0716998,2.56763
700,0.558005,0.176037,8,2.84,0.0738156,2.91511
701,0.719048,0.23798,8,3.76,0.0692922,2.32894
702,0.684151,0.17938,10,3.10667,0.0665333,2.48914
703,0.734571,0.231385,9,3.79333,0.0692282,2.45959
704,0.650923,0.192384,9,3.26667,0.066904,2.2333
705,0.787655,0.272204,10,4.56,0.0701888,2.28791
706,0.572523,0.14897,8,2.81333,0.0679221,2.64151
707,0.72021,0.22289,9,3.52,0.068716,2.53917
708,0.70227,0.177629,9,3.14,0.066831,2.42778
709,0.70434,0.178629,8,3.03333,0.0695445,2.83121
710,0.599176,0.196196,9,3.90667,0.0663361,2.83712
711,0.85767,0.28566,10,4.68,0.177447,2.54391
712,0.88197,0.209175,10,3.54667,0.0641346,2.7454
713,0.666136,0.180554,10,3.46667,0.0674265,2.77839
714,0.771706,0.1848,10,3.74,0.0713857,3.0436
715,0.812343,0.2018,10,3.58,0.0677566,2.8727
716,0.673915,0.226416,10,3.66667,0.0642464,2.59319
717,0.710924,0.209697,10,3.94667,0.0655687,2.65603
718,0.660922,0.205114,8,3.48,0.0711889,2.72995
719,0.728646,0.245441,10,4.3,0.0706176,2.99464
720,0.881591,0.235689,10,4.16,0.0672988,2.57494
721,0.635392,0.183102,8,3.18667,0.0677994,2.70228
722,0.618716,0.172892,9,2.91333,0.0701409,2.677
723,0.617671,0.16174,9,2.93333,0.0705291,2.79976
724,0.647302,0.182942,10,3.16,0.0729706,2.98192
725,0.807406,0.210492,10,3.66,0.0693163,2.57927
726,0.689384,0.188816,9,3.36667,0.0743494,2.55661
727,0.70375,0.241049,9,3.84,0.0660976,2.53298
728,0.655386,0.232698,10,4.47333,0.0681405,3.12114
729,0.604959,0.205807,9,3.38,0.0695085,2.7684
730,0.569697,0.151344,8,2.99333,0.067654,2.96912
731,0.606938,0.181431,9,3.12667,0.0698098,2.99725
732,0.765159,0.222524,9,3.48667,0.065177,2.38641
733,0.798109,0.235085,10,4.16667,0.070134,2.74284
734,0.861286,0.289364,10,4.72667,0.0870907,2.65245
735,0.720474,0.192081,10,3.48667,0.185616,2.87646
736,0.880036,0.294369,10,4.97333,0.067645,2.61876
737,0.631685,0.212855,10,3.86,0.0652355,3.16845
738,0.757504,0.182944,9,3.16,0.0638696,2.97322
739,0.662611,0.215361,10,3.97333,0.0867141,2.82023
740,0.88001,0.244832,10,4.29333,0.0696782,2.88973
741,0.799737,0.236861,10,3.94,0.0685364,2.4305
742,0.828394,0.248907,10,4.40667,0.0692443,2.7436
743,0.761441,0.250157,10,4.26667,0.0668692,2.40036
744,0.691098,0.198336,10,3.43333,0.0678065,2.94917
745,0.739703,0.170961,9,3.15333,0.0660172,3.00329
746,0.689548,0.200117,10,3.61333,0.10011,2.7302
747,0.788543,0.242827,10,3.86,0.120025,2.43929
748,0.653682,0.18585,9,3.11333,0.0639347,2.69238
749,0.736537,0.197465,9,3.26,0.0654407,2.72738
750,0.700967,0.250053,10,4.46,0.0681136,2.65294
751,0.748019,0.193872,9,3.44,0.0656604,2.89341
752,0.743413,0.249528,10,4.14,0.0679783,2.79039
753,0.698821,0.202935,9,3.66667,0.0689999,2.81131
754,0.651941,0.196862,9,3.68,0.0662836,3.13186
755,0.627835,0.186283,9,3.46667,0.0643694,2.84204
756,0.791009,0.242484,10,3.96,0.0672246,2.46484
757,0.731091,0.223718,10,3.84667,0.0658431,2.75579
758,0.64411,0.229381,9,3.84667,0.0684005,2.98742
759,0.71596,0.269128,10,4.3,0.0737583,2.67119
760,0.735706,0.217156,10,3.68,0.0744578,2.72617
761,0.78424,0.219049,10,4.08667,0.0684844,2.44988
762,0.662816,0.206798,10,3.74,0.0681788,2.86358
763,0.690513,0.184706,9,3.28667,0.0712377,2.95115
764,0.712501,0.181794,9,3.42,0.0671941,2.98632
765,0.682712,0.214002,9,3.4,0.0688295,2.8196
766,0.750418,0.158722,9,3.06667,0.0634444,2.91326
767,0.803387,0.244689,10,4.09333,0.0723489,2.38929
768,0.625231,0.144578,10,2.72667,0.0715954,2.66925
769,0.740707,0.200185,10,3.41333,0.0775842,2.63067
770,0.766167,0.243189,10,4.06667,0.0679258,2.46772
771,0.698236,0.209419,9,3.71333,0.0923827,2.68486
772,0.744826,0.229181,10,3.88,0.0708788,2.67251
773,0.702489,0.208542,10,3.96,0.0727776,3.05569
774,0.576872,0.166574,10,3.34667,0.0642026,2.62381
775,0.791752,0.244799,10,4.62667,0.070991,2.47098
776,0.84761,0.201766,10,3.91333,0.084012,2.60827
777,0.752815,0.207275,10,4.05333,0.0685709,2.63791
778,0.678059,0.209696,10,4.04,0.0661551,2.88361
779,0.681333,0.185705,10,3.80667,0.0693007,2.63621
780,0.716217,0.223888,10,3.93333,0.0657249,2.75195
781,0.759007,0.250412,9,4.02,0.073834,2.57331
782,0.762281,0.277683,10,4.48,0.0734827,2.30435
783,0.772303,0.285541,10,4.48667,0.073005,2.55455
784,0.657967,0.193977,10,3.75333,0.0771359,2.89324
785,0.7363,0.228434,10,3.73333,0.0740124,2.71438
786,0.780853,0.243781,10,4.13333,0.0712282,2.67354
787,0.796225,0.251204,9,4.08,0.0680804,2.68129
788,0.671105,0.220262,10,3.73333,0.0706272,2.78969
789,0.70797,0.227473,9,3.83333,0.0673244,2.95751
790,0.700876,0.223656,10,3.86667,0.113273,2.76211
791,0.798797,0.270771,10,4.67333,0.0666718,2.45551
792,0.755674,0.252476,10,4.48,0.069703,2.85235
793,0.775338,0.227073,10,3.88667,0.0678128,3.06384
794,0.699301,0.212002,10,3.92667,0.0717184,2.71904
795,0.831057,0.216572,10,4.10667,0.0711664,2.62726
796,0.856055,0.256425,10,4.47333,0.0669422,2.41469
797,0.610862,0.187487,10,3.82667,0.0700916,2.73097
798,0.815517,0.258416,10,4.32667,0.084118,2.60774
799,0.732896,0.224444,10,4.01333,0.0832323,2.6129
800,0.630069,0.155836,10,3.12,0.0665363,2.67413
801,0.902076,0.270033,10,4.63333,0.0681706,2.5423
802,0.715864,0.221306,10,4.06,0.070515,2.73951
803,0.639844,0.208087,10,3.80667,0.0648576,2.58883
804,0.687353,0.229374,9,4.26667,0.0671132,2.96266
805,0.790804,0.226383,10,3.88667,0.0663683,2.42187
806,0.789641,0.251277,10,4.3,0.0702878,2.50907
807,0.723445,0.175134,10,3.26667,0.0689322,2.73605
808,0.830856,0.254504,10,4.1,0.0667445,2.30857
809,0.643224,0.184678,8,3.25333,0.0702648,2.66659
810,0.688661,0.257315,10,4.39333,0.0659687,2.2024
811,0.799126,0.237778,10,4.14667,0.0688526,2.43991
812,0.708925,0.203094,9,3.47333,0.0719208,2.69146
813,0.612688,0.186205,9,3.46,0.064877,2.6495
814,0.803342,0.202715,9,3.71333,0.066837,2.50217
815,0.643737,0.18822,10,3.58,0.0681083,2.71557
816,0.794636,0.208383,10,3.55333,0.0708096,2.55522
817,0.591779,0.174324,10,3.06,0.0679492,2.61997
818,0.569001,0.175916,8,3.18,0.0667098,2.8033
819,0.685913,0.186073,10,3.46,0.068026,2.65129
820,0.697911,0.2003,10,3.83333,0.0669944,2.53863
821,0.786268,0.206397,9,3.62667,0.0674101,2.48453
822,0.709936,0.237691,10,4.34,0.0712768,2.97853
823,0.67625,0.190716,10,3.32,0.0683239,2.80685
824,0.830163,0.229904,10,3.95333,0.0659241,2.47393
825,0.768905,0.214988,10,3.82,0.0685094,2.39506
826,0.605599,0.145723,8,2.94,0.0690752,2.88856
827,0.60418,0.199427,10,3.88,0.0703081,3.13791
828,0.822841,0.207654,10,3.8,0.0690178,2.92157
829,0.610178,0.122963,9,2.78,0.065262,2.88866
830,0.774485,0.17685,10,3.13333,0.0712662,2.73257
831,0.695024,0.137024,9,2.78,0.0658082,2.5496
832,0.726627,0.184959,9,3.26,0.0659756,2.54506
833,0.751342,0.209457,9,3.58667,0.064935,2.63089
834,0.675486,0.164635,10,3.32667,0.0709654,2.95516
835,0.65519,0.167801,9,2.98667,0.0657003,2.67895
836,0.795052,0.168366,10,3.62,0.067157,2.70622
837,0.709137,0.181635,9,3.32667,0.0689521,2.58974
838,0.768603,0.175933,10,3.55333,0.0685544,2.64669
839,0.709702,0.174955,9,3.18,0.0697576,2.98195
840,0.708896,0.211061,9,3.85333,0.0660479,2.93253
841,0.706112,0.188134,9,3.38,0.0666854,2.88622
842,0.717469,0.189797,9,3.40667,0.0659349,2.69724
843,0.710768,0.227875,9,3.9,0.0676286,2.47683
844,0.776563,0.242662,10,4.11333,0.0707101,2.3832
845,0.893031,0.292884,10,4.85333,0.0717743,2.65819
846,0.536975,0.149694,9,2.98667,0.0681515,3.20259
847,0.726363,0.222026,9,3.60667,0.0664905,2.68395
848,0.698216,0.188219,9,3.54,0.0657297,2.61857
849,0.678788,0.188394,9,3.20667,0.0666884,2.67143
850,0.881462,0.237072,10,3.96,0.0751629,2.33479
851,0.735565,0.249804,10,4.21333,0.0698668,2.46075
852,0.692543,0.2247,10,3.84667,0.0663829,2.24019
853,0.694957,0.156424,9,2.93333,0.0846455,2.69439
854,0.586969,0.144548,9,2.94,0.0662033,2.6707
855,0.616794,0.159883,9,3.02667,0.101112,2.63819
856,0.72843,0.223019,9,3.65333,0.0666813,2.39191
857,0.701394,0.153974,9,2.94,0.0683132,2.77682
858,0.66323,0.195364,10,3.41333,0.0679541,2.74513
859,0.772415,0.212795,9,3.82667,0.105652,2.72785
860,0.552196,0.153078,9,2.55333,0.0701179,3.06218
861,0.861558,0.232115,10,3.88667,0.0745009,2.76874
862,0.779646,0.237827,9,3.58667,0.0678622,2.413
863,0.640319,0.180481,9,3.04,0.0704967,2.48286
864,0.769891,0.251016,10,3.5,0.0685617,2.162
865,0.784534,0.234567,10,3.5,0.0666921,2.4149
866,0.749518,0.222244,10,3.33333,0.069164,2.47097
867,0.691237,0.207816,10,3.19333,0.0700501,2.51892
868,0.719788,0.206454,10,3.5,0.0685887,2.40014
869,0.852023,0.246857,10,3.86667,0.0781953,2.669
870,0.743766,0.131489,9,2.24,0.0652895,2.69369
871,0.811939,0.225236,10,3.42,0.0696886,2.6315
872,0.800316,0.244019,10,3.75333,0.0690242,2.35822
873,0.760225,0.207675,9,3.26667,0.0671306,2.65263
874,0.827661,0.319759,10,4.6,0.074531,2.66539
875,0.791813,0.242195,10,3.59333,0.0664681,2.31962
876,0.673551,0.1609,9,2.42667,0.0921586,2.55785
877,0.797185,0.243752,10,3.54667,0.0673797,2.45858
878,0.661281,0.201803,9,3.21333,0.0680476,2.41949
879,0.816958,0.258494,9,4.3,0.0687597,2.43377
880,0.66943,0.229832,9,3.38667,0.0667252,2.61973
881,0.813828,0.233222,10,3.52667,0.0702851,2.50887
882,0.770468,0.223378,10,3.53333,0.0664123,2.67837
883,0.720845,0.232188,9,3.73333,0.0710369,2.41247
884,0.646985,0.172337,10,2.90667,0.0696052,2.84141
885,0.764015,0.245162,9,3.5,0.0651624,2.52427
886,0.71805,0.232599,9,3.83333,0.0695456,2.83347
887,0.654596,0.205169,8,3.10667,0.0664755,2.63298
888,0.651353,0.182112,9,2.98,0.0662288,2.75272
889,0.56009,0.161159,9,2.79333,0.0787732,2.93212
890,0.806855,0.213288,10,3.42667,0.068942,2.91191
891,0.667764,0.200637,9,3.24,0.0687052,2.99263
892,0.79931,0.250686,10,4.02,0.0691586,2.58638
893,0.666167,0.201287,10,3.26667,0.0664328,2.68022
894,0.802987,0.195371,10,3.2,0.0690709,2.7334
895,0.791586,0.242169,10,3.81333,0.0693423,2.36851
896,0.656893,0.172558,10,2.65333,0.0728813,2.85278
897,0.839634,0.274873,10,4.13333,0.0704354,2.61148
898,0.711963,0.171783,9,2.72667,0.0675844,2.57921
899,0.742068,0.235394,9,3.54,0.0769368,2.61431
900,0.690063,0.211776,10,3.30667,0.0685209,2.68283
901,0.624065,0.174516,9,3.09333,0.0687681,2.96042
902,0.66556,0.178255,10,3,0.0680686,3.01069
903,0.802319,0.212094,10,3.3,0.0661009,2.63479
904,0.666541,0.186995,9,3.02667,0.0660985,2.8183
905,0.786192,0.188237,10,3.2,0.0693118,2.76819
906,0.904211,0.239019,10,3.58667,0.0701933,2.67666
907,0.734183,0.189154,9,2.83333,0.0686404,2.75013
908,0.738346,0.178715,9,2.9,0.0699938,2.76024
909,0.812318,0.209237,10,3.39333,0.0701413,2.51701
910,0.559796,0.15929,8,2.58,0.0678178,3.00587
911,0.842545,0.288367,10,4.38,0.0666534,2.63009
912,0.828395,0.22561,10,3.85333,0.0693277,3.03623
913,0.631156,0.182338,9,3.19333,0.0667759,3.14628
914,0.796633,0.24382,10,4.20667,0.0660121,2.65393
915,0.691385,0.204477,8,3.19333,0.0662478,2.68789
916,0.592712,0.18672,9,3.24,0.0685435,2.89792
917,0.598202,0.177754,9,3.28,0.078342,2.91314
918,0.67496,0.200113,10,3.62667,0.0662268,2.68276
919,0.647943,0.186186,9,3.06667,0.0678755,2.87629
920,0.677338,0.197787,9,3.42667,0.0692565,2.83815
921,0.620631,0.169214,10,3.26,0.0699177,2.97781
922,0.685915,0.190677,9,3.22667,0.0808774,2.82151
923,0.659395,0.177604,9,2.80667,0.067238,3.03687
924,0.640618,0.157015,10,2.64667,0.0669053,2.70771
925,0.656805,0.141634,9,2.58,0.0675837,2.8337
926,0.736423,0.184638,9,3.04667,0.0672846,2.64404
927,0.711483,0.222207,10,4.03333,0.0697542,2.68103
928,0.668318,0.181095,10,3.13333,0.0660077,2.65997
929,0.787577,0.291975,10,4.55333,0.0697074,2.60878
930,0.57584,0.164761,8,2.90667,0.068087,2.64681
931,0.701351,0.196088,9,3.29333,0.067614,2.90828
932,0.744324,0.18363,10,3.43333,0.0674907,2.77446
933,0.669877,0.198824,9,3.22,0.0709062,2.69957
934,0.693175,0.163962,8,2.75333,0.0641767,2.78696
935,0.702321,0.209183,9,3.40667,0.0643158,2.82233
936,0.677498,0.187934,9,3.20667,0.0653323,2.84378
937,0.656377,0.180151,9,3.04667,0.0673792,2.63634
938,0.707303,0.127879,10,2.38,0.0689079,2.77791
939,0.767061,0.179614,10,3.1,0.0697838,2.96161
940,0.629898,0.16695,9,3.04,0.0687767,2.85265
941,0.690732,0.160765,9,2.78,0.0651951,2.92667
942,0.602935,0.159742,9,2.63333,0.0661596,3.03781
943,0.730181,0.190601,10,3.2,0.0715071,2.55271
944,0.481412,0.126985,8,2.27333,0.0712519,2.66197
945,0.772242,0.197131,10,3.26667,0.0646668,2.46386
946,0.687603,0.169792,9,3.30667,0.0705804,3.13646
947,0.814904,0.191335,10,3.50667,0.0712505,2.86137
948,0.792339,0.220798,10,3.66667,0.0703964,2.78366
949,0.714517,0.168613,10,3.35333,0.0718399,2.96509
950,0.790268,0.198139,10,3.44667,0.0666031,2.84364
951,0.698871,0.182855,9,3.38,0.0676001,2.91201
952,0.702759,0.169153,9,3.27333,0.0699826,3.23074
953,0.751083,0.194628,10,3.47333,0.0718214,2.63466
954,0.904848,0.245358,10,4.18667,0.0704599,2.79548
955,0.747994,0.163763,10,2.94667,0.0700522,2.78372
956,0.758589,0.186946,10,3.24,0.0703092,3.05168
957,0.739808,0.200295,10,3.38,0.0904015,2.76539
958,0.90602,0.220851,10,3.94,0.0699725,3.08997
959,0.79005,0.202301,10,3.46,0.0658958,2.71428
960,0.826455,0.213135,10,3.58667,0.0664034,2.70096
961,0.84178,0.171799,10,3,0.0683661,3.01047
962,0.720245,0.218616,10,3.75333,0.0666761,2.65413
963,0.815649,0.228536,10,3.64,0.0695533,2.89144
964,0.702594,0.22425,9,3.51333,0.0670789,3.12479
965,0.660144,0.173478,9,2.88,0.0699709,3.11974
966,0.814611,0.219485,9,3.60667,0.143462,2.89594
967,0.717517,0.173085,10,3.34667,0.0845494,3.10837
968,0.758074,0.144531,10,2.8,0.0701653,3.04374
969,0.658922,0.146681,8,2.62,0.0666506,2.98378
970,0.688824,0.164402,10,2.88,0.063955,2.93868
971,0.609555,0.171572,8,3.00667,0.0671273,3.09581
972,0.785655,0.202527,10,3.3,0.0703984,2.95058
973,0.695159,0.212997,10,3.65333,0.0689051,2.8979
974,0.776437,0.202691,10,3.56,0.0681565,2.71625
975,0.754238,0.221911,9,3.72,0.0675567,2.82903
976,0.728059,0.198223,9,3.41333,0.0674505,2.88504
977,0.666997,0.164807,9,3,0.0667332,3.24548
978,0.684486,0.159124,10,2.98667,0.0749238,3.36537
979,0.724818,0.207102,10,3.7,0.0675196,3.11301
980,0.789909,0.236959,10,3.79333,0.0697015,2.78061
981,0.767608,0.235253,10,3.9,0.0705844,2.79087
982,0.818966,0.232292,10,4.08,0.0683797,2.87461
983,0.730448,0.207537,10,3.7,0.0678131,3.0469
984,0.59555,0.17056,8,3.16,0.0737284,3.02098
985,0.662323,0.21129,9,3.63333,0.0692325,3.15106
986,0.732634,0.206997,10,3.70667,0.0647808,2.64851
987,0.714464,0.166051,10,3.18667,0.0666033,3.08675
988,0.76687,0.250685,10,4.10667,0.0697154,2.79484
989,0.752515,0.242751,10,3.94,0.0675706,2.39975
990,0.700079,0.175653,10,3.18,0.0668491,2.74143
991,0.707104,0.167817,10,2.86,0.0652052,2.75011
992,0.792962,0.187294,10,3.24667,0.0689906,2.68164
993,0.781022,0.194952,10,3.51333,0.0709997,2.83821
994,0.756942,0.184534,10,3.40667,0.0689133,2.6953
995,0.746294,0.219278,10,3.88667,0.0745684,2.90349
996,0.8014,0.205923,10,3.6,0.0671748,2.55347
997,0.76878,0.231171,10,4.04667,0.0687189,2.67536
998,0.727562,0.143168,9,2.86,0.0690548,2.96305
999,0.788132,0.201092,10,3.92,0.0803998,2.87039
1000,0.794463,0.192835,10,3.38,0.0672679,2.71664
