1,0.0415715,0.00137004,6,0.186667,0.098504,1.21832
2,0.0959149,0.00369599,8,0.326667,0.0700471,1.22685
3,0.101037,0.0061396,6,0.44,0.0686808,1.15357
4,0.114559,0.00679795,5,0.32,0.0677722,1.15497
5,0.0266693,0.00649522,3,0.76,0.0674526,0.677769
6,0.115047,0.00305983,3,0.153333,0.0694936,0.733531
7,0.217715,0.0448731,7,1.62,0.0647253,1.04575
8,0.305099,0.0375614,8,1.54,0.0692068,1.1215
9,0.206392,0.0255227,8,2.59333,0.0677681,1.72422
10,0.132128,0.029411,6,1.30667,0.0676685,1.03689
11,0.316949,0.0375459,7,1.23333,0.0668631,1.2978
12,0.42335,0.0437899,8,2.06667,0.0696373,1.71898
13,0.336331,0.0313616,10,1.89333,0.0677575,1.89886
14,0.400316,0.0659096,8,2.28667,0.0677291,1.97946
15,0.34005,0.0489271,9,1.64667,0.0655749,2.76187
16,0.529575,0.106846,10,2.98667,0.073045,2.43086
17,0.545828,0.140089,9,3.12667,0.0747647,2.97968
18,0.495089,0.110732,10,3.35333,0.0738464,2.60389
19,0.35796,0.0668647,9,2.02,0.0653084,3.0433
20,0.454471,0.0714779,9,1.97333,0.067322,2.69386
21,0.506457,0.0669103,9,2.02667,0.0672362,2.71769
22,0.48128,0.102128,9,3.66,0.0659114,2.74408
23,0.499754,0.0969581,8,2.87333,0.0666989,2.98214
24,0.574555,0.123361,9,3.52667,0.104653,2.98215
25,0.277661,0.0492057,8,2.14667,0.0858116,3.53509
26,0.549507,0.0666279,8,2.15333,0.0694601,3.00913
27,0.354061,0.0732488,8,1.99333,0.0692718,2.77597
28,0.508446,0.116727,9,3.01333,0.0710061,2.822
29,0.50655,0.11844,10,3.20667,0.0698653,2.84553
30,0.491316,0.0907966,10,2.7,0.0668917,2.65747
31,0.81285,0.122624,10,3.3,0.06702,2.43367
32,0.530856,0.114143,9,3.05333,0.072381,2.59256
33,0.520147,0.0848843,9,2.44,0.0649669,2.53846
34,0.504706,0.110458,9,2.70667,0.0693944,2.9517
35,0.538457,0.0961134,9,2.27333,0.0711922,2.77958
36,0.536611,0.116665,9,2.85333,0.0690129,2.64898
37,0.5159,0.0757115,8,2.25333,0.0680671,2.96226
38,0.66499,0.111171,10,3.14667,0.0708808,3.12701
39,0.582797,0.113927,9,3.22,0.0886068,3.10084
40,0.576654,0.111237,9,2.97333,0.0721181,3.34555
41,0.507333,0.114893,10,3.10667,0.0773914,2.757
42,0.379565,0.077246,8,2.04,0.065805,3.35173
43,0.541386,0.0776403,9,2.26,0.067703,3.00526
44,0.622492,0.133052,10,3.18667,0.0755085,2.999
45,0.529249,0.0835915,9,2.35333,0.0664782,2.96364
46,0.444182,0.0772866,10,2.26667,0.0662257,2.86617
47,0.368955,0.0665813,9,2.10667,0.0678184,3.41105
48,0.63591,0.122652,9,3.16,0.0733455,2.82706
49,0.67214,0.116076,10,2.87333,0.0642424,3.0848
50,0.349417,0.0790495,10,2.34667,0.0684014,3.22102
51,0.455469,0.0940035,9,2.77333,0.0670289,3.00887
52,0.429313,0.113388,9,2.80667,0.0865964,2.87462
53,0.518518,0.10945,8,2.71333,0.0769294,2.92728
54,0.642475,0.167935,10,3.68667,0.0687158,2.7029
55,0.484279,0.110682,9,2.44667,0.0646287,2.99001
56,0.435556,0.107031,8,2.60667,0.0715334,3.09518
57,0.561433,0.136475,9,3.04667,0.0690881,2.85346
58,0.644662,0.181373,10,3.59333,0.0670656,2.41337
59,0.639271,0.117604,9,2.96,0.0668468,3.00213
60,0.639165,0.170837,9,3.62667,0.0698627,2.40126
61,0.393334,0.0735744,9,2.06,0.0689354,2.91315
62,0.526663,0.110864,9,2.89333,0.0707918,2.82175
63,0.655042,0.130031,10,3.14667,0.0695859,2.63585
64,0.338845,0.0424118,8,1.42667,0.0634488,2.9481
65,0.51958,0.082847,8,2.52667,0.0698769,3.13971
66,0.404364,0.103667,8,2.74,0.0681006,2.80019
67,0.621539,0.118595,8,2.92667,0.067568,2.79345
68,0.450879,0.0885624,9,2.74,0.0690969,2.90383
69,0.518851,0.10613,9,2.71333,0.0718342,2.97137
70,0.586606,0.108281,10,2.54667,0.0674841,2.6755
71,0.488775,0.138346,7,2.94,0.0672424,3.05628
72,0.539626,0.0825934,9,2.44667,0.0705102,3.12622
73,0.729855,0.166388,10,3.91333,0.0712843,2.7071
74,0.618452,0.128873,10,3.32,0.068849,2.92001
75,0.675902,0.124336,10,2.76,0.0698529,2.82758
76,0.609181,0.131456,10,3.16,0.0692997,2.81754
77,0.459504,0.107393,9,2.63333,0.0685628,2.98687
78,0.54082,0.122159,9,2.78667,0.0666593,2.87664
79,0.503457,0.0995416,7,2.4,0.0674225,2.87297
80,0.580595,0.105374,9,2.74667,0.0659588,2.73658
81,0.479863,0.0866858,9,2.08,0.0643218,2.97312
82,0.595152,0.0965517,9,2.76,0.0709273,2.99796
83,0.427841,0.10219,8,2.55333,0.0649567,3.14679
84,0.548137,0.110886,8,2.56667,0.0687514,2.91185
85,0.386288,0.0747918,7,2.05333,0.0651958,3.06415
86,0.57176,0.129011,9,3.10667,0.0679665,3.2582
87,0.401914,0.0945296,9,2.34,0.0666373,3.35461
88,0.5649,0.0876306,10,2.33333,0.0704696,3.1324
89,0.45779,0.0920631,9,2.17333,0.0665618,3.24508
90,0.607803,0.142879,10,3.38667,0.0645918,2.91853
91,0.565162,0.0912372,9,2.64,0.0679091,3.11669
92,0.675973,0.104534,10,2.90667,0.0662877,2.88395
93,0.509854,0.105716,10,2.5,0.0677052,3.29575
94,0.566553,0.0748465,9,2.26,0.0667759,3.51993
95,0.463814,0.111216,9,2.66,0.0706587,3.09099
96,0.549953,0.0838852,8,2.19333,0.0706606,2.93755
97,0.468965,0.0916404,10,2.35333,0.0670985,3.09786
98,0.598122,0.117502,9,2.63333,0.0705926,3.10743
99,0.603821,0.124365,10,2.74,0.0725546,3.53688
100,0.634538,0.129678,9,2.81333,0.07046,3.40769
101,0.571785,0.098606,9,2.31333,0.0707644,3.81835
102,0.508872,0.107214,8,2.49333,0.0694547,3.25108
103,0.505384,0.0898617,9,1.96,0.0634738,3.24283
104,0.574433,0.143656,8,2.85333,0.0678355,2.88593
105,0.571747,0.172823,10,3.31333,0.0682751,3.08817
106,0.547429,0.13475,9,2.5,0.0670727,3.01721
107,0.68219,0.143598,10,2.76,0.071502,3.04677
108,0.38158,0.0621449,7,1.44667,0.0680679,3.83926
109,0.494703,0.0756095,8,1.62,0.065306,3.11553
110,0.412508,0.0859811,7,1.96667,0.0671787,3.22238
111,0.381289,0.0790303,7,1.91333,0.0672992,3.60638
112,0.714152,0.143432,10,2.86667,0.07103,3.1917
113,0.514923,0.0869984,8,1.92667,0.0712053,3.67013
114,0.639114,0.146627,10,2.84,0.0675587,3.23464
115,0.584768,0.14774,8,2.84667,0.0662267,2.97379
116,0.58711,0.11185,10,2.48,0.066649,3.55087
117,0.598323,0.135546,9,2.96,0.0682914,3.49325
118,0.606617,0.119884,9,2.61333,0.0653193,3.40954
119,0.622457,0.171852,10,3.10667,0.0687743,3.40175
120,0.479328,0.0991951,9,2.06667,0.0689358,3.66885
121,0.631125,0.171251,9,3.58,0.0664477,3.41165
122,0.633479,0.108242,9,2.58,0.0682904,3.26742
123,0.464939,0.077869,7,1.8,0.0638604,3.20864
124,0.558717,0.129068,9,2.67333,0.0656776,3.03848
125,0.743368,0.163676,10,3.35333,0.0688141,3.05678
126,0.644074,0.117881,9,2.42,0.0651754,3.17634
127,0.524896,0.124459,8,2.46,0.0682213,3.12907
128,0.525545,0.105967,9,2.34667,0.067888,3.53333
129,0.547318,0.0990448,8,2.03333,0.0659447,3.41079
130,0.63149,0.0973383,9,2.24667,0.0707658,2.73983
131,0.478285,0.0815515,8,1.69333,0.0631823,2.60881
132,0.63813,0.132525,10,3.06,0.0716066,2.81596
133,0.628734,0.0707587,8,1.48,0.0664831,3.01564
134,0.618327,0.110381,9,2.50667,0.0683449,3.07876
135,0.533672,0.135976,9,2.9,0.0693533,3.17963
136,0.649784,0.149964,9,3.02,0.0715588,2.81631
137,0.635543,0.157768,9,3.23333,0.063956,2.4776
138,0.554839,0.107563,9,2.32667,0.0639101,2.74269
139,0.7955,0.154932,10,2.87333,0.0691477,3.07482
140,0.551593,0.112966,9,2.46,0.071614,2.87491
141,0.648032,0.121711,10,2.73333,0.0654987,2.80994
142,0.45204,0.106338,8,2.12,0.0647115,2.90435
143,0.696986,0.152551,10,2.86667,0.0708733,2.92165
144,0.728242,0.13988,9,2.75333,0.0664905,2.50375
145,0.577484,0.117755,9,2.74667,0.064966,2.84722
146,0.644462,0.128895,10,2.65333,0.0665085,3.06171
147,0.639151,0.151775,9,2.95333,0.0668973,2.70489
148,0.604326,0.152008,9,2.90667,0.0689201,3.02689
149,0.523342,0.149467,8,2.82,0.0666708,2.79277
150,0.619011,0.135999,9,2.66,0.0671076,2.60008
151,0.349352,0.079772,7,1.92667,0.0639052,3.11609
152,0.658336,0.178788,10,3.99333,0.0710815,3.31409
153,0.60992,0.134703,9,2.65333,0.0654113,3.27984
154,0.628454,0.155261,10,3.16667,0.0901869,2.98436
155,0.745815,0.188674,10,3.56,0.0675728,2.75657
156,0.579189,0.151973,9,3.23333,0.0652392,3.11648
157,0.597556,0.148129,9,2.91333,0.0658951,3.01154
158,0.567972,0.110502,9,2.60667,0.0692314,3.04526
159,0.672306,0.168164,9,3.69333,0.0699662,2.97728
160,0.618897,0.159752,10,3.08667,0.0689424,2.62111
161,0.607196,0.119216,9,2.98667,0.0744777,2.89906
162,0.447721,0.100911,8,2.36667,0.0679239,2.93833
163,0.642744,0.113023,8,2.68,0.07033,3.30301
164,0.585882,0.095123,8,2.32667,0.0667913,2.82909
165,0.412909,0.0942451,9,2.1,0.06765,3.0121
166,0.495241,0.0907686,9,2.48,0.0682995,2.86484
167,0.436004,0.0788874,10,2.28667,0.0669209,2.41135
168,0.521431,0.0846943,10,2.40667,0.0674732,2.73726
169,0.595602,0.0778178,9,1.96,0.0638504,2.74375
170,0.546655,0.073848,7,2.26,0.0650866,3.04599
171,0.489286,0.0726317,7,1.92,0.0671318,3.01739
172,0.65253,0.10664,9,2.44667,0.0690501,2.89054
173,0.509791,0.126945,10,3.06,0.0730995,3.31106
174,0.582391,0.131531,10,3.08667,0.069203,3.25474
175,0.602377,0.11067,10,2.82,0.0853793,3.08608
176,0.547252,0.135441,10,3.13333,0.069329,3.11582
177,0.575941,0.115878,9,2.7,0.0676012,2.91112
178,0.420416,0.121768,8,2.82667,0.0656349,2.91012
179,0.608452,0.111774,10,2.44667,0.0740059,2.81662
180,0.516663,0.105117,8,2.59333,0.0697159,2.86797
181,0.614694,0.109589,9,2.28667,0.0691829,2.52907
182,0.675881,0.112728,8,2.36667,0.0649244,2.30615
183,0.692849,0.108288,9,2.46667,0.0669311,2.52795
184,0.55257,0.124381,8,2.69333,0.0732394,2.6122
185,0.585369,0.102759,9,2.06667,0.0647503,2.12076
186,0.578986,0.125972,10,2.69333,0.0699784,2.52107
187,0.561189,0.121308,9,2.72,0.0706833,2.49143
188,0.643442,0.117994,10,2.43333,0.0693902,2.29751
189,0.626416,0.138663,9,2.69333,0.0710485,2.47311
190,0.683592,0.148635,10,3.04667,0.0688665,2.60401
191,0.6561,0.134743,8,2.88,0.0675685,2.52667
192,0.72621,0.153399,10,3.24,0.0676349,2.37137
193,0.581576,0.161465,10,3.21333,0.0681254,2.82428
194,0.576104,0.13617,9,2.70667,0.0663487,2.55556
195,0.588485,0.166111,9,3.25333,0.0718343,2.64806
196,0.53254,0.10335,8,2.30667,0.0702878,2.40378
197,0.742025,0.17555,10,3.3,0.125068,2.63059
198,0.621277,0.155579,9,3.06,0.0674775,2.7092
199,0.750754,0.180693,10,3.45333,0.0715003,2.52787
200,0.783146,0.155063,10,3.42,0.0659795,2.41162
201,0.696252,0.141863,10,2.72,0.0985349,2.90272
202,0.596853,0.169171,9,3.22667,0.0754212,2.74388
203,0.714356,0.155448,10,3.14,0.0675554,2.73902
204,0.62183,0.125323,8,2.62667,0.0673129,2.7424
205,0.618045,0.151062,8,3.03333,0.0656556,2.56778
206,0.74843,0.164306,9,3.17333,0.0686117,2.7149
207,0.594011,0.138372,9,2.84,0.0660285,2.57537
208,0.568373,0.1195,8,2.38,0.0654516,2.63712
209,0.561815,0.148775,9,2.84667,0.0651301,2.57389
210,0.715641,0.114159,10,2.56667,0.068615,2.7489
211,0.657392,0.142606,9,3.14,0.0709533,2.72151
212,0.719394,0.144063,9,2.85333,0.0670842,2.50816
213,0.654594,0.127316,8,2.21333,0.0667249,2.57406
214,0.575747,0.118222,10,2.6,0.0692405,2.48245
215,0.54803,0.137403,8,2.91333,0.066549,2.71527
216,0.606423,0.117443,9,2.6,0.065274,2.85306
217,0.70286,0.157592,9,3.24,0.0679131,3.04854
218,0.50436,0.121603,8,2.75333,0.0663536,2.70691
219,0.733089,0.157181,10,3.15333,0.0685562,2.66592
220,0.452668,0.0765901,8,2,0.0668824,2.84945
221,0.738742,0.222996,10,3.82,0.0701415,2.67282
222,0.80436,0.195981,10,4.28667,0.0677859,2.61474
223,0.699877,0.235832,10,4.12667,0.0723497,2.48368
224,0.751167,0.190836,10,4.16667,0.0724945,2.55814
225,0.670155,0.202896,10,3.79333,0.0695312,2.37168
226,0.724267,0.205975,10,4.01333,0.0673076,2.39899
227,0.626473,0.153309,10,3.29333,0.0739389,2.56603
228,0.691802,0.161518,9,3.26667,0.0877681,2.6919
229,0.678502,0.196458,10,3.57333,0.0699167,2.32552
230,0.782046,0.239875,10,4.11333,0.0821531,2.50841
231,0.573928,0.15869,10,3.36,0.073028,2.73248
232,0.604404,0.15478,9,3.32667,0.065351,2.38684
233,0.696956,0.202546,10,3.84667,0.0692692,2.5584
234,0.580202,0.200643,8,3.91333,0.0683777,2.35962
235,0.771661,0.196067,10,3.8,0.0686119,2.63078
236,0.620949,0.182876,9,3.72667,0.0740176,2.59245
237,0.651096,0.194524,9,3.78667,0.0654963,2.7484
238,0.815219,0.260935,10,4.48,0.0756782,2.76801
239,0.686107,0.192679,10,3.36667,0.0716992,2.87011
240,0.682784,0.224219,10,3.79333,0.0697255,2.62705
241,0.732504,0.265126,10,4.59333,0.0674122,2.42321
242,0.823117,0.23352,10,3.98667,0.066585,2.58944
243,0.772108,0.185775,10,3.40667,0.0714249,2.81089
244,0.663234,0.222042,10,3.91333,0.0680447,2.54169
245,0.662815,0.242314,10,4.12667,0.0693312,2.67007
246,0.723844,0.255007,10,4.44,0.0674417,2.54031
247,0.754916,0.215092,10,4.09333,0.0682954,2.46749
248,0.821777,0.240904,10,4.11333,0.0849216,2.3821
249,0.727166,0.225028,10,3.77333,0.0654089,2.54792
250,0.636351,0.242823,9,4.16,0.0767087,2.61621
251,0.634504,0.227794,9,3.86667,0.0679409,2.74971
252,0.659557,0.179764,10,3.48,0.0703237,2.73333
253,0.701182,0.197385,10,3.92,0.0840006,2.71839
254,0.690205,0.158874,10,3.30667,0.0658769,2.7954
255,0.707502,0.204513,10,3.82667,0.0696365,2.71977
256,0.647158,0.2071,9,3.65333,0.0683484,2.62587
257,0.806245,0.256309,10,4.41333,0.0684517,2.56096
258,0.704232,0.153474,10,3.64,0.0908164,2.65296
259,0.70521,0.22467,9,4.4,0.066482,2.74144
260,0.720498,0.223771,10,3.92667,0.0689063,2.58115
261,0.687265,0.172765,9,3.53333,0.0689893,2.7598
262,0.844494,0.259517,10,4.69333,0.070936,2.45049
263,0.758944,0.248929,10,4.58667,0.0670558,2.43602
264,0.723616,0.207232,10,4.13333,0.0777478,2.74522
265,0.712759,0.2196,9,4.07333,0.0798293,3.01982
266,0.783504,0.245553,10,4.1,0.066109,2.55217
267,0.729634,0.259926,10,4.46667,0.0687001,2.9046
268,0.476586,0.129093,9,2.95333,0.068889,2.91023
269,0.59909,0.172555,10,3.62,0.0684386,2.69367
270,0.790833,0.212873,10,4.03333,0.0689616,2.53649
271,0.559125,0.172691,9,3.33333,0.0636144,2.65177
272,0.662449,0.181961,10,3.74667,0.0675262,3.03512
273,0.723124,0.194647,10,3.7,0.0697735,2.76053
274,0.536218,0.14219,9,3.14667,0.0713334,3.06033
275,0.705629,0.177548,10,3.74,0.0657194,2.70861
276,0.683844,0.170143,10,3.49333,0.0650837,2.63336
277,0.866841,0.231235,10,4.10667,0.0685558,2.64666
278,0.652743,0.169026,10,3.46667,0.0716702,2.91663
279,0.675572,0.110567,10,2.12667,0.064705,2.61377
280,0.643973,0.160359,10,3.28,0.0665758,2.70712
281,0.579085,0.184807,9,3.45333,0.0689681,2.61622
282,0.592868,0.173827,9,3.43333,0.0676137,2.62157
283,0.613496,0.201953,9,3.32,0.0700492,2.51711
284,0.844677,0.202186,10,3.7,0.0692395,2.17107
285,0.709231,0.185017,10,3.55333,0.0684129,2.28841
286,0.758864,0.209449,10,3.7,0.072442,2.3721
287,0.657981,0.181088,9,3.2,0.0679593,2.06366
288,0.758576,0.185544,9,3.26667,0.0705183,2.06462
289,0.661055,0.160043,10,3.15333,0.0704373,2.35554
290,0.788455,0.173861,10,3.54,0.0703377,2.55309
291,0.627401,0.172831,10,3.00667,0.0677929,2.20387
292,0.538428,0.130562,10,2.88667,0.0679256,2.69266
293,0.640787,0.161095,9,2.92667,0.0672596,2.40891
294,0.692196,0.198821,10,3.76,0.0650191,2.16981
295,0.799648,0.270117,10,4.98667,0.0713159,2.43648
296,0.627151,0.189763,9,3.8,0.0694452,2.57677
297,0.632504,0.193701,10,3.72667,0.0682376,2.73482
298,0.710996,0.223804,10,4.17333,0.0686214,2.58287
299,0.658199,0.158028,10,2.92667,0.0664738,2.79239
300,0.741396,0.192706,10,4.06,0.0688617,2.62669
301,0.640419,0.213864,9,3.72667,0.0684394,2.55325
302,0.639657,0.158574,10,3.38,0.0667589,2.39747
303,0.617235,0.12857,10,3.08,0.0681382,2.70042
304,0.501987,0.137146,9,3.2,0.0701434,2.4505
305,0.695257,0.154618,10,3.45333,0.0646071,2.56706
306,0.736207,0.206652,10,4.08,0.0721226,2.37618
307,0.641384,0.154362,9,2.91333,0.0664936,2.40588
308,0.633206,0.128626,8,2.84,0.0683404,2.43129
309,0.649446,0.124476,10,2.98,0.0697228,2.39599
310,0.711295,0.164489,10,3.74,0.0713207,2.50125
311,0.664444,0.171019,10,3.79333,0.0649485,2.3175
312,0.638479,0.180794,9,3.74,0.0678556,2.41998
313,0.805525,0.214266,10,3.9,0.070965,2.30611
314,0.706606,0.15522,9,3.08,0.0681627,2.27468
315,0.684666,0.138292,10,3.19333,0.0669665,2.37621
316,0.787612,0.241492,10,4.76,0.0721947,2.41722
317,0.720239,0.205294,10,3.77333,0.0666096,2.44492
318,0.771027,0.222228,9,3.88,0.0646094,2.40503
319,0.663929,0.153075,9,3.65333,0.0718607,2.75996
320,0.596988,0.190995,9,3.85333,0.064698,2.60172
321,0.70164,0.149885,10,3.32667,0.0669167,2.41387
322,0.681289,0.160152,9,3.34667,0.0650386,2.64362
323,0.684166,0.176286,9,3.84,0.0675688,2.55953
324,0.717726,0.21145,10,3.88,0.0686121,2.57965
325,0.691071,0.188911,10,3.70667,0.0666332,2.25087
326,0.591119,0.151873,9,3.26667,0.0635331,2.29659
327,0.591357,0.123192,9,2.99333,0.0703065,2.691
328,0.680468,0.173749,9,3.51333,0.0705055,2.64124
329,0.726749,0.232045,9,4.17333,0.0706807,2.58965
330,0.612696,0.130618,10,3.20667,0.0656256,2.88651
331,0.734302,0.204165,10,3.76667,0.0697983,2.62371
332,0.688806,0.170674,10,3.46667,0.0639456,2.56649
333,0.670437,0.185491,10,3.95333,0.0676015,2.46183
334,0.722601,0.177653,10,3.72,0.0680339,2.57489
335,0.676363,0.174096,10,3.5,0.0640071,2.24268
336,0.800016,0.162169,10,3.26,0.0692419,2.44502
337,0.812047,0.182137,10,3.34667,0.0668867,2.10567
338,0.751751,0.187274,10,3.5,0.0679856,2.34492
339,0.709014,0.177962,10,3.48,0.0661986,2.6132
340,0.825946,0.213459,10,4.06,0.0670032,2.40123
341,0.719479,0.140807,10,3.16,0.0681271,3.05001
342,0.798436,0.171217,10,3.46667,0.0694578,2.53728
343,0.83001,0.191672,10,3.66667,0.0699499,2.72395
344,0.618769,0.120492,10,2.88,0.066865,2.72106
345,0.667346,0.143992,10,3.28667,0.0706257,2.6923
346,0.792946,0.175552,10,3.68,0.0707302,2.57768
347,0.728798,0.165352,10,3.36667,0.0654241,2.69672
348,0.657009,0.172465,9,3.25333,0.0655937,2.70524
349,0.721356,0.171482,9,3.39333,0.0639023,2.85602
350,0.70671,0.18699,10,3.57333,0.0683645,2.71772
351,0.687156,0.176483,10,3.34,0.0670761,2.56195
352,0.654913,0.189612,10,3.54667,0.065319,2.77821
353,0.619503,0.169423,8,3.06,0.065876,2.81563
354,0.711101,0.227161,10,4.29333,0.0696059,2.87836
355,0.681233,0.201937,9,3.75333,0.0694162,3.08502
356,0.856797,0.252079,10,4.52667,0.069393,2.60363
357,0.615478,0.171758,10,3.55333,0.065309,2.86732
358,0.647249,0.218954,10,3.86667,0.0670225,2.64441
359,0.756682,0.213498,10,4.08,0.0656467,2.58293
360,0.708367,0.228376,10,4.08667,0.0671903,2.66225
361,0.703383,0.20917,10,3.87333,0.0663671,2.38657
362,0.763527,0.172043,10,3.25333,0.0658241,2.68991
363,0.762712,0.213016,9,4.05333,0.0675226,2.59677
364,0.804542,0.217574,10,4.12,0.0679829,2.66571
365,0.690288,0.195279,10,3.94,0.0710619,2.87778
366,0.799434,0.246477,10,4.5,0.0716161,2.59969
367,0.791971,0.168589,10,3.66667,0.0660201,2.67969
368,0.818559,0.185049,10,3.61333,0.0699087,2.73096
369,0.586733,0.170107,9,3.46667,0.066639,2.35991
370,0.613408,0.154563,9,3.2,0.0681379,2.52699
371,0.771384,0.203073,10,4.22667,0.0681041,2.43275
372,0.823678,0.224256,10,4.25333,0.0674981,2.34006
373,0.644393,0.202231,10,4.33333,0.0714616,2.80346
374,0.716932,0.195863,10,4.02667,0.0693108,2.68773
375,0.616812,0.162818,10,3.55333,0.0663803,2.64228
376,0.819399,0.255396,10,4.38,0.0679102,2.38982
377,0.750607,0.242609,10,4.4,0.0692168,2.388
378,0.649854,0.190454,10,3.32,0.0680844,2.63892
379,0.649028,0.197625,10,4.05333,0.0702332,2.45653
380,0.774485,0.201688,10,3.86,0.0690576,2.94349
381,0.649851,0.168787,10,3.44,0.06692,2.48497
382,0.65264,0.167192,9,3.22667,0.0613146,2.51917
383,0.759915,0.173954,9,3.62667,0.0711197,2.84571
384,0.643023,0.152495,9,3.06667,0.170785,2.99005
385,0.721907,0.205333,10,3.72667,0.0653148,2.50594
386,0.679639,0.152461,10,3.48667,0.0671165,2.69878
387,0.659115,0.175921,9,3.57333,0.0712461,2.38662
388,0.607517,0.187894,10,3.36667,0.0760908,2.47569
389,0.670731,0.188858,10,3.78667,0.0662869,2.33542
390,0.673008,0.187954,9,3.52667,0.0674287,2.85841
391,0.810314,0.227006,10,4.06,0.0688385,2.55434
392,0.722123,0.222769,9,3.64,0.0677925,2.33655
393,0.769635,0.222361,10,4.04667,0.0678449,2.44598
394,0.683829,0.179228,10,3.30667,0.0680695,2.51161
395,0.662552,0.180454,9,3.37333,0.0645382,2.61182
396,0.765436,0.239409,10,4.32667,0.0709083,2.24927
397,0.783576,0.268817,10,4.78667,0.0702039,2.55749
398,0.649267,0.22439,9,3.86667,0.0656956,2.5864
399,0.656309,0.18176,9,3.5,0.0692833,2.9745
400,0.815691,0.292893,10,5,0.0658013,2.28551
401,0.753612,0.208807,10,3.99333,0.0668729,2.30406
402,0.595326,0.17878,9,3.54,0.0692697,2.82624
403,0.640244,0.220187,10,4.27333,0.065963,2.66261
404,0.699052,0.221761,9,4.1,0.0675817,2.64985
405,0.680283,0.197236,9,3.74,0.0671738,2.87626
406,0.619557,0.182229,10,3.86,0.0717806,2.85502
407,0.768196,0.235418,10,4.63333,0.0702453,2.50929
408,0.730897,0.23176,10,4.44,0.0653546,2.83894
409,0.725716,0.220473,10,4.30667,0.0677937,2.7843
410,0.66923,0.239321,9,4.18667,0.0680179,2.59139
411,0.726222,0.235509,10,4.48,0.0680473,2.70999
412,0.708785,0.254257,10,4.60667,0.0663538,2.53663
413,0.766576,0.283433,10,4.92,0.0676377,2.78937
414,0.649883,0.208526,9,3.6,0.0665698,2.76408
415,0.71453,0.197713,10,4.22,0.0668998,2.67768
416,0.726652,0.2138,10,4.08667,0.071148,2.38153
417,0.765883,0.219032,10,4.18667,0.0650416,2.46622
418,0.636829,0.215961,10,4.39333,0.0853672,2.48181
419,0.593479,0.185016,10,3.95333,0.0692942,2.64357
420,0.735749,0.240502,10,4.02,0.0685546,2.71031
421,0.703899,0.189456,10,3.35333,0.0689054,2.57492
422,0.754814,0.224122,10,3.76667,0.0684119,2.43479
423,0.637106,0.196204,10,3.77333,0.0667131,2.74737
424,0.66355,0.197514,9,3.72667,0.067436,2.74492
425,0.647017,0.183687,9,3.54,0.0671374,2.76315
426,0.773929,0.219293,10,3.92667,0.0677977,2.26223
427,0.733191,0.194357,9,3.79333,0.0665445,2.80164
428,0.538799,0.13083,9,2.81333,0.067174,3.03905
429,0.700239,0.189593,9,3.82667,0.068988,2.64161
430,0.554166,0.122067,9,2.89333,0.0675728,2.90177
431,0.750056,0.206809,10,4.03333,0.0688784,2.53778
432,0.760521,0.240968,10,4.28667,0.0695311,2.14256
433,0.837467,0.2892,10,4.92667,0.0686459,2.19689
434,0.780065,0.231177,10,4.31333,0.0732401,2.4265
435,0.763421,0.26808,10,4.68667,0.0684585,2.37798
436,0.829685,0.236298,10,4.46667,0.0667346,2.49708
437,0.654732,0.212087,10,4.18,0.0695194,2.65367
438,0.777237,0.250173,10,4.45333,0.0761893,2.76379
439,0.707219,0.209948,10,4.11333,0.0695604,2.83552
440,0.697296,0.233573,10,4.26667,0.0684718,2.64872
441,0.770491,0.266407,10,5.01333,0.0705875,2.541
442,0.582865,0.150707,10,3.31333,0.0666364,2.75925
443,0.645245,0.152579,9,3.27333,0.0679834,2.71386
444,0.744282,0.238178,10,4.40667,0.0738934,2.61597
445,0.690134,0.200378,9,4.02667,0.0700944,2.7837
446,0.625693,0.208607,10,4.06,0.0717853,2.73715
447,0.560815,0.160135,9,3.52,0.0655869,2.72356
448,0.666561,0.194175,10,3.98667,0.0688444,2.91815
449,0.671596,0.19841,10,4.02667,0.0662808,2.53348
450,0.727034,0.212211,10,4.56667,0.0717137,2.68584
451,0.760412,0.241579,10,4.22667,0.0701298,2.67387
452,0.578342,0.185836,9,3.44,0.0680926,2.88268
453,0.74961,0.223938,9,4.12667,0.0664209,2.34843
454,0.811282,0.178645,10,4.26,0.0682837,2.25415
455,0.816753,0.174944,10,3.72667,0.0703354,2.77177
456,0.686618,0.144044,9,3.21333,0.0668196,2.76969
457,0.655369,0.219616,10,4.18667,0.0706339,2.81249
458,0.77269,0.229215,10,4.60667,0.0696861,2.33977
459,0.813099,0.248515,10,4.58667,0.0710276,2.26713
460,0.741392,0.160026,10,3.47333,0.0648288,2.23422
461,0.742448,0.164994,10,3.39333,0.0662806,2.35768
462,0.728664,0.17818,10,3.24667,0.0699642,2.58295
463,0.720888,0.152275,10,3.18,0.0675489,2.30708
464,0.664579,0.184326,10,3.83333,0.0696775,2.50408
465,0.759182,0.193497,10,3.88667,0.0691506,2.68334
466,0.711899,0.225719,10,4.4,0.0751968,2.46529
467,0.767669,0.223013,10,4.48667,0.071152,2.4002
468,0.814921,0.197202,10,4.04667,0.0679212,2.57211
469,0.786277,0.240107,10,4.45333,0.0675573,2.43543
470,0.596814,0.170882,9,3.15333,0.0655529,2.85189
471,0.711239,0.17254,10,3.25333,0.0659286,2.56841
472,0.660645,0.239455,9,4.34,0.0672017,2.48478
473,0.648757,0.166865,9,3.41333,0.0659102,2.7378
474,0.840883,0.179204,10,3.47333,0.0850564,2.90161
475,0.626534,0.165889,10,3.25333,0.0690237,2.86302
476,0.664741,0.198517,10,4.3,0.0676516,2.31056
477,0.549906,0.127025,9,2.88667,0.0659049,2.91961
478,0.609721,0.149649,10,3.54,0.0653693,2.8976
479,0.646765,0.186753,10,3.93333,0.06744,2.72587
480,0.636339,0.176278,10,3.94667,0.0657612,2.5498
481,0.578649,0.175865,10,3.88,0.0672515,2.80534
482,0.741055,0.258176,10,4.67333,0.0708078,2.82015
483,0.639524,0.209289,9,4.31333,0.0703073,2.96313
484,0.721877,0.225167,10,4.38,0.0704445,2.75127
485,0.60586,0.175231,9,3.46,0.0648679,2.57219
486,0.603226,0.163244,9,3.35333,0.0674984,2.95681
487,0.594629,0.161209,10,3.18,0.0690408,2.84256
488,0.699882,0.204515,9,3.75333,0.0694072,2.41406
489,0.619971,0.164413,9,3.34,0.0665126,2.22254
490,0.600888,0.128409,10,2.7,0.0650625,2.32369
491,0.50345,0.132526,10,3.24,0.0642928,2.87259
492,0.687965,0.150055,9,3.48667,0.0671326,2.69634
493,0.666775,0.202208,10,3.84667,0.0704402,2.51783
494,0.658326,0.164607,10,3.25333,0.0637977,2.58654
495,0.648535,0.160988,9,3.26,0.0655724,2.79968
496,0.633655,0.165704,10,3.54667,0.0638651,2.80583
497,0.741031,0.243819,10,4.34,0.0669134,2.76005
498,0.792681,0.303715,10,4.97333,0.0697699,2.33133
499,0.728217,0.255747,10,4.66667,0.0671306,2.6902
500,0.7817,0.257903,10,4.47333,0.0701815,2.57121
501,0.75519,0.226932,10,4.23333,0.0676495,2.79701
502,0.773661,0.226603,10,4.51333,0.0700618,2.52853
503,0.777748,0.252222,10,4.44,0.0684622,2.5153
504,0.644781,0.207299,10,3.98667,0.0682553,2.64389
505,0.679984,0.225301,9,4.14667,0.0678372,2.68317
506,0.620774,0.170732,10,3.82,0.0671817,2.75757
507,0.66619,0.227082,10,4.38,0.0698902,2.61389
508,0.814294,0.291325,10,4.66,0.0683488,2.35021
509,0.626585,0.186407,10,4.00667,0.0707929,2.86417
510,0.841545,0.210651,10,3.88,0.0685681,2.50002
511,0.705331,0.160065,10,3.3,0.0691413,2.45224
512,0.680498,0.207565,10,3.90667,0.0665537,2.37179
513,0.837374,0.276809,10,4.53333,0.071151,2.35492
514,0.774821,0.29102,10,4.88667,0.0702155,2.34847
515,0.922595,0.309258,10,4.98,0.073637,2.44854
516,0.726553,0.232153,10,4.52667,0.0689515,2.43914
517,0.72299,0.228488,10,4.08,0.0721483,2.63154
518,0.737839,0.223126,10,4.1,0.0682625,2.5304
519,0.790046,0.215024,10,3.87333,0.0679095,2.21917
520,0.748848,0.211908,9,3.74667,0.0679092,2.51131
521,0.719608,0.205349,10,4.08,0.0662045,2.46411
522,0.793189,0.264043,10,4.88,0.0690385,2.28088
523,0.691448,0.188027,8,3.38667,0.0705307,2.69416
524,0.775361,0.243146,10,4.56,0.0714355,2.62091
525,0.746808,0.230347,10,3.8,0.0717704,2.63791
526,0.786522,0.202933,10,4.06667,0.0678231,2.62189
527,0.709596,0.214569,10,4.29333,0.0690705,2.62491
528,0.596879,0.204484,9,4.06,0.0672888,2.55586
529,0.753467,0.214338,10,4.2,0.0699988,2.77223
530,0.654556,0.20661,10,3.98667,0.069405,2.80633
531,0.784893,0.184542,9,3.54,0.0682448,2.37039
532,0.823065,0.269981,10,5.02,0.0665297,2.43701
533,0.795064,0.245597,10,4.48667,0.0687709,2.52945
534,0.716222,0.181231,10,3.74667,0.0677789,2.62731
535,0.661521,0.192825,9,3.4,0.0647175,2.62872
536,0.794718,0.252251,10,4.54667,0.0675549,2.22612
537,0.590681,0.146988,9,3.13333,0.0631765,2.89305
538,0.797607,0.231672,10,4.42,0.0731549,2.39256
539,0.762952,0.216379,9,4.09333,0.0670744,2.40913
540,0.622116,0.202295,9,3.72,0.0630622,2.55897
541,0.744678,0.211426,9,4.14,0.0689202,2.50239
542,0.724547,0.148943,10,3.20667,0.0661143,2.55232
543,0.663114,0.199199,10,4.16,0.0706345,2.90067
544,0.778601,0.184236,10,3.94,0.0762753,2.94308
545,0.588714,0.172197,9,3.56667,0.0683678,2.43936
546,0.742334,0.207838,10,4.16,0.0709211,2.70597
547,0.690313,0.204757,10,3.76667,0.0743484,2.67934
548,0.696041,0.219184,10,3.96667,0.0688239,2.67182
549,0.65099,0.153511,9,3.16,0.072028,2.87365
550,0.791177,0.267703,10,4.25333,0.0691978,2.26589
551,0.669247,0.171274,9,3.60667,0.0646409,2.74518
552,0.63917,0.198533,10,4.16,0.0681533,2.45645
553,0.791916,0.194863,10,3.64667,0.0774875,2.69924
554,0.739039,0.199738,10,4,0.068734,2.55552
555,0.809118,0.238556,10,4.68667,0.0715133,2.21661
556,0.853751,0.178316,10,3.61333,0.0680234,2.31647
557,0.801637,0.209952,10,4.28667,0.0726605,2.94929
558,0.733824,0.183075,10,3.62667,0.0674877,2.51267
559,0.737536,0.216256,10,4.08667,0.0736066,2.85359
560,0.68794,0.187498,8,3.70667,0.0652194,2.97923
561,0.761365,0.219959,9,3.74,0.0688767,2.41661
562,0.764857,0.210132,10,4.02,0.0678066,2.31237
563,0.627575,0.175434,10,3.73333,0.0677639,2.54394
564,0.570885,0.186024,9,3.42,0.0655054,2.87284
565,0.686785,0.234978,10,4.22,0.0657931,2.40347
566,0.623912,0.216217,10,4.15333,0.066044,2.37699
567,0.623207,0.165718,9,3.17333,0.0686622,2.67546
568,0.809499,0.249635,10,4.40667,0.06954,2.53427
569,0.657135,0.200055,10,3.80667,0.0693491,2.82752
570,0.67637,0.16473,10,3.43333,0.0649916,2.51654
571,0.815857,0.22919,10,4.25333,0.0689546,2.33252
572,0.738666,0.173611,9,3.47333,0.0718211,2.76042
573,0.813363,0.215033,10,4.10667,0.0690204,2.46861
574,0.816611,0.249949,10,4.52,0.0716269,2.63178
575,0.684704,0.189282,10,3.88667,0.0687606,2.68232
576,0.617861,0.181532,10,3.77333,0.0681445,2.67139
577,0.550622,0.157411,9,3.00667,0.0653401,2.95734
578,0.529376,0.134039,9,2.86667,0.0653638,2.63827
579,0.69917,0.215474,9,3.85333,0.0695438,2.64067
580,0.831438,0.17646,10,3.37333,0.0686394,2.40174
581,0.664326,0.202776,10,3.88,0.0661043,2.73063
582,0.666353,0.216006,10,4.12667,0.068732,2.47754
583,0.80098,0.197979,10,3.70667,0.0698356,2.74634
584,0.761511,0.213356,10,3.65333,0.0655122,2.32111
585,0.648736,0.164904,10,3.35333,0.0680927,2.7284
586,0.687434,0.198082,10,3.62667,0.0687439,2.29543
587,0.559634,0.158875,10,3.31333,0.0686285,2.67313
588,0.781774,0.209348,10,3.86667,0.0674881,2.5653
589,0.783499,0.212294,10,3.86667,0.0700922,2.77238
590,0.783717,0.189515,10,3.51333,0.0672259,2.73063
591,0.633258,0.203317,9,4.02,0.06956,2.7612
592,0.734426,0.214863,10,3.80667,0.0682475,2.65533
593,0.681189,0.182868,10,3.38,0.0661059,2.71219
594,0.605716,0.160816,10,3.29333,0.0663769,2.68287
595,0.756434,0.234404,9,4.37333,0.0645269,2.68683
596,0.699142,0.211175,10,3.64,0.0661543,2.68265
597,0.768109,0.18373,9,3.46,0.0668497,2.56977
598,0.787912,0.210959,10,4.14,0.0705897,2.5651
599,0.677922,0.220091,10,3.62,0.0685115,2.3504
600,0.625809,0.166146,10,3.64667,0.0705126,2.89359
601,0.627043,0.169934,10,3.10667,0.0679867,2.61734
602,0.603135,0.178173,9,2.94,0.0652885,2.59865
603,0.866513,0.193905,10,3.58,0.0677912,2.54698
604,0.685157,0.201433,10,3.87333,0.0680078,2.81832
605,0.666303,0.164307,9,3.25333,0.0677646,2.58311
606,0.594705,0.142565,10,2.91333,0.0693432,2.41154
607,0.682789,0.180663,10,3.47333,0.0683504,2.875
608,0.688828,0.157605,10,3.16667,0.0663846,2.3464
609,0.751519,0.172581,10,2.97333,0.0690227,2.68204
610,0.790756,0.192751,9,3.36,0.0682048,2.57214
611,0.735782,0.212592,10,3.57333,0.06506,2.4403
612,0.762188,0.1787,10,3.29333,0.066636,2.46405
613,0.70603,0.126669,9,2.54,0.0712114,2.73533
614,0.788987,0.177078,10,3.29333,0.0690498,2.23581
615,0.789003,0.246497,10,4.07333,0.0696301,2.59477
616,0.566765,0.159488,8,2.9,0.0742463,2.76837
617,0.852445,0.232829,10,4.04667,0.0703952,2.48756
618,0.556343,0.126524,9,2.24667,0.0663604,2.5607
619,0.720129,0.196738,9,3.22667,0.069501,2.26641
620,0.761318,0.225164,10,3.82,0.0677135,2.71233
621,0.700717,0.239234,9,3.82,0.0684868,2.48178
622,0.714281,0.231637,10,3.81333,0.0712912,2.87729
623,0.646515,0.233473,9,3.91333,0.0656955,2.65146
624,0.73019,0.186144,10,3.44667,0.0695235,2.66994
625,0.65931,0.200118,9,3.57333,0.0699996,2.62864
626,0.660628,0.17606,9,3.3,0.0654149,2.40665
627,0.720975,0.185404,10,3.33333,0.069965,2.83746
628,0.796023,0.239224,10,4.13333,0.0694677,2.64391
629,0.643117,0.219097,9,3.8,0.0792239,2.98518
630,0.827826,0.222519,10,4.01333,0.0679126,2.68445
631,0.734842,0.173002,10,3.4,0.065541,2.73142
632,0.651703,0.188322,10,3.24,0.0671064,2.63784
633,0.727641,0.197465,10,3.59333,0.0693586,2.83137
634,0.622584,0.138009,9,2.96,0.0698328,2.83112
635,0.565639,0.148701,8,2.97333,0.0680647,2.80367
636,0.686846,0.194078,10,3.50667,0.0693918,2.6822
637,0.679156,0.141614,8,2.92,0.0743079,2.59641
638,0.578372,0.143489,10,2.85333,0.0651534,2.59197
639,0.66975,0.171081,9,3.16667,0.0684295,2.69547
640,0.723463,0.153047,10,2.84667,0.0713633,2.86991
641,0.613169,0.121446,9,2.46667,0.0666151,2.54041
642,0.751353,0.162303,9,2.88667,0.0671324,2.90579
643,0.815195,0.156608,10,2.94667,0.0712681,2.5219
644,0.712942,0.150286,8,2.99333,0.0702273,2.57931
645,0.709369,0.149811,10,2.91333,0.0704448,2.6845
646,0.690737,0.165559,9,3.08,0.071989,2.68566
647,0.776527,0.159773,9,3.04667,0.0702041,3.0343
648,0.644889,0.205183,10,3.73333,0.0682735,2.55192
649,0.874694,0.234431,10,4.4,0.0728083,2.36728
650,0.64021,0.163156,8,2.86,0.0665495,2.44524
651,0.731472,0.188088,10,3.56,0.0693051,2.48295
652,0.773243,0.225973,9,4.06667,0.0684061,2.76803
653,0.586011,0.155556,9,3.06,0.067425,2.65372
654,0.791013,0.247337,9,3.82,0.0690267,2.22936
655,0.66391,0.137881,9,2.5,0.0693431,2.23013
656,0.679643,0.177799,10,3.10667,0.0653969,2.09735
657,0.618734,0.187355,9,3.21333,0.0663341,2.25003
658,0.533976,0.126055,8,2.52,0.0656862,2.47433
659,0.652834,0.16395,9,2.98667,0.0767998,2.59204
660,0.840711,0.214697,10,3.67333,0.0715552,2.33647
661,0.761115,0.211356,10,3.89333,0.0688329,2.38653
662,0.624959,0.164406,9,3.20667,0.0674197,2.39874
663,0.590491,0.146379,9,2.97333,0.0673329,2.39836
664,0.617545,0.149188,9,3.04,0.0662797,2.64059
665,0.563437,0.147103,9,2.87333,0.0689635,2.92844
666,0.725484,0.11993,10,2.72,0.0662386,2.67495
667,0.611153,0.117622,9,2.44,0.0685305,2.50155
668,0.813231,0.211124,10,3.85333,0.0701893,2.60796
669,0.65221,0.21766,10,3.66667,0.0699368,2.55262
670,0.735777,0.241727,10,4.3,0.0717802,2.76596
671,0.722332,0.186339,9,3.2,0.0688758,2.47811
672,0.67425,0.173695,9,3.24667,0.074375,2.89198
673,0.652859,0.198455,10,3.4,0.0666514,2.50579
674,0.818238,0.201568,10,4.07333,0.0732104,2.59049
675,0.793895,0.269443,10,4.22,0.0654961,2.40415
676,0.747968,0.236881,10,4.02,0.0771199,2.69777
677,0.784626,0.170943,10,2.84667,0.0664747,2.43204
678,0.592023,0.204748,9,3.38667,0.0675303,2.53848
679,0.781815,0.204428,10,3.49333,0.0690063,2.6187
680,0.570465,0.152792,9,2.86667,0.066734,2.56699
681,0.678889,0.168547,9,3.04667,0.0651251,2.56146
682,0.630435,0.170691,10,3.36667,0.0656223,2.79632
683,0.567545,0.113369,9,2.11333,0.066143,2.44878
684,0.774119,0.166365,10,3.18,0.0722522,2.62177
685,0.718096,0.175027,9,3.26,0.0682621,2.46509
686,0.818515,0.213085,10,3.63333,0.0705953,2.35571
687,0.66053,0.174745,9,3.42667,0.0684907,2.48558
688,0.834598,0.211892,10,3.90667,0.0885973,2.5159
689,0.599761,0.147912,8,2.8,0.0700042,2.80013
690,0.663157,0.168582,10,3.16,0.0665884,2.79423
691,0.639675,0.171907,9,3.12,0.0660874,2.58721
692,0.668482,0.186579,9,3.27333,0.0660495,2.53634
693,0.739872,0.184687,9,2.86667,0.0676873,2.39717
694,0.620303,0.174451,9,2.99333,0.0678069,2.57478
695,0.539594,0.134078,8,2.74,0.0706862,2.94434
696,0.760577,0.200892,10,3.68,0.0698281,2.51668
697,0.732356,0.185625,10,3.54,0.0689593,2.69823
698,0.693244,0.155332,9,2.79333,0.0718134,2.67476
699,0.564693,0.156313,8,2.85333,0.0630669,2.85378
700,0.865786,0.205037,10,3.50667,0.070939,2.59864
701,0.686775,0.183206,10,3.52667,0.0694812,2.62943
702,0.673326,0.189276,10,3.61333,0.072677,2.66367
703,0.696577,0.189276,9,3.26,0.065465,2.13855
704,0.712747,0.187151,10,3.56667,0.0704938,2.63031
705,0.521862,0.169358,8,3.3,0.065704,2.89922
706,0.71174,0.115193,9,2.35333,0.0663161,3.20411
707,0.735192,0.197532,10,3.41333,0.0666859,2.34711
708,0.586674,0.158087,10,3.13333,0.0681582,2.57089
709,0.8548,0.232664,10,4.02,0.0665297,2.33377
710,0.747756,0.208024,9,3.44,0.0694195,2.46539
711,0.666135,0.200157,9,3.68,0.0730334,2.44206
712,0.754826,0.211731,10,3.52,0.0676142,2.40109
713,0.704251,0.20407,10,3.57333,0.0672439,2.64356
714,0.713154,0.182688,10,3.22,0.0680769,2.58095
715,0.661526,0.231546,9,3.81333,0.0681984,2.48072
716,0.584858,0.1607,9,2.95333,0.0673454,2.96192
717,0.655257,0.236458,10,4.24,0.0700024,2.63496
718,0.808265,0.236785,10,4.27333,0.071536,2.98485
719,0.859595,0.286548,10,4.82,0.0677148,2.28542
720,0.883606,0.272285,10,4.47333,0.0688032,2.2575
721,0.580379,0.194095,10,3.54,0.0679651,3.1719
722,0.702801,0.235226,10,4.04667,0.0680339,2.72311
723,0.707473,0.198891,10,3.6,0.0677077,2.89825
724,0.764109,0.218981,10,3.95333,0.0686425,2.81796
725,0.822475,0.230835,10,4.14,0.0687849,2.59236
726,0.743293,0.229645,10,4.24,0.0696729,2.65182
727,0.73407,0.276114,10,4.51333,0.0696373,2.55666
728,0.741974,0.242517,9,3.98667,0.067514,2.76854
729,0.795418,0.23665,10,4.32667,0.0695388,2.67766
730,0.751611,0.282888,10,4.93333,0.0689154,2.66092
731,0.791139,0.216808,10,4.20667,0.0646093,2.69769
732,0.832285,0.286612,10,4.43333,0.0699049,2.68987
733,0.748335,0.236688,9,4.01333,0.06403,2.50777
734,0.784148,0.208921,10,3.79333,0.0671938,2.78617
735,0.77487,0.252432,10,4.35333,0.0699874,2.76014
736,0.702614,0.196416,10,3.65333,0.0681963,2.50606
737,0.698921,0.227404,9,3.46,0.0629244,2.27806
738,0.707058,0.243075,10,3.74667,0.0670019,2.60312
739,0.614844,0.184999,9,3.08667,0.0840147,3.01871
740,0.619292,0.250728,9,3.85333,0.0648083,2.49927
741,0.742449,0.235618,10,3.86667,0.0660554,2.47795
742,0.795674,0.196192,10,3.54667,0.0669405,2.56008
743,0.740598,0.220169,10,3.98,0.0714659,2.77447
744,0.779714,0.261958,10,4.20667,0.0712757,2.41206
745,0.657193,0.205789,9,3.35333,0.0684172,2.75505
746,0.778808,0.276304,10,4.45333,0.0684588,2.67445
747,0.718682,0.176201,10,3.48667,0.0727745,2.94739
748,0.624203,0.171612,10,3.25333,0.068721,2.85498
749,0.697611,0.192276,10,3.45333,0.0671776,2.69458
750,0.691758,0.238397,10,4.24,0.0669546,2.30902
751,0.568425,0.17264,10,3.39333,0.0693307,2.71947
752,0.713548,0.190907,9,3.36,0.0684369,2.449
753,0.681216,0.155584,8,3.00667,0.0683869,2.97019
754,0.726012,0.217533,10,3.9,0.0714093,2.43926
755,0.704054,0.210134,10,3.82,0.0664641,2.39989
756,0.628698,0.160733,9,3.04,0.0668604,2.88116
757,0.808003,0.211265,10,4,0.0663686,2.49471
758,0.759801,0.250115,10,4.66,0.0678406,2.40008
759,0.80507,0.221473,10,4.02667,0.0635345,2.60636
760,0.686647,0.172791,10,3.34,0.0651233,2.50538
761,0.759617,0.190112,10,3.46,0.0674284,2.40171
762,0.774009,0.189583,9,3.2,0.0693608,2.76094
763,0.845013,0.193914,10,3.78667,0.067997,2.79625
764,0.894054,0.267135,10,4.78667,0.0731354,2.81348
765,0.659064,0.173828,10,3.53333,0.0673445,2.95805
766,0.712427,0.188835,10,3.69333,0.0666099,2.42356
767,0.512648,0.165508,10,3.32,0.0685303,3.01127
768,0.697585,0.173681,10,3.31333,0.0697208,2.84466
769,0.845089,0.219304,10,4.28667,0.0681055,2.67341
770,0.724763,0.211222,10,3.96667,0.068735,2.49182
771,0.769552,0.221755,10,3.87333,0.0667613,2.42734
772,0.639568,0.169088,10,3.26667,0.0646551,2.75746
773,0.794851,0.242801,10,4.26,0.0683207,2.39148
774,0.871996,0.236188,10,4.22667,0.0664145,2.49454
775,0.669812,0.183008,10,3.35333,0.0697436,2.56158
776,0.532084,0.1462,9,2.76,0.0659569,2.7488
777,0.613205,0.174114,9,3.26667,0.0679293,3.01219
778,0.756535,0.208478,10,3.68667,0.0680671,2.53141
779,0.766185,0.209212,10,3.75333,0.0692933,2.49946
780,0.76758,0.264018,10,4.5,0.0724297,2.62548
781,0.702987,0.183212,10,3.61333,0.0653255,2.69133
782,0.772,0.233869,10,4.03333,0.068326,2.7776
783,0.798603,0.2342,10,4.06,0.0719431,2.8291
784,0.787623,0.265972,10,4.8,0.0703861,2.44249
785,0.785263,0.228842,10,4.45333,0.0672643,2.36353
786,0.670944,0.204209,10,3.68667,0.0665562,2.55481
787,0.752093,0.22811,10,4.03333,0.0692316,2.35822
788,0.80569,0.254683,10,4.04667,0.0683477,2.19517
789,0.727959,0.209696,9,3.8,0.0717151,2.72958
790,0.774586,0.187274,10,3.45333,0.0698678,2.80649
791,0.761053,0.221281,10,3.94,0.0691889,2.65459
792,0.796086,0.201556,10,3.8,0.0671926,2.74559
793,0.752989,0.214748,10,3.91333,0.0692603,2.76686
794,0.638037,0.179672,10,3.42,0.0665013,2.88724
795,0.75765,0.212273,10,4.02667,0.0664014,2.61109
796,0.627958,0.167234,10,3.38667,0.0647706,2.57074
797,0.641638,0.175671,10,3.72667,0.0671559,2.87923
798,0.756859,0.20086,10,3.54,0.068474,2.61417
799,0.875149,0.268244,10,4.69333,0.0717408,2.66589
800,0.785366,0.260421,10,4.51333,0.0693272,2.35729
801,0.721012,0.202377,10,3.78667,0.0763591,2.69372
802,0.770063,0.22709,10,3.95333,0.0700381,2.23483
803,0.767151,0.145646,10,3.04,0.0678043,2.81532
804,0.773991,0.217937,10,3.89333,0.0690298,2.6644
805,0.690272,0.213808,10,3.9,0.073012,2.77487
806,0.683959,0.1849,10,3.92667,0.0713193,2.70876
807,0.734391,0.223649,10,4.4,0.0689047,2.5378
808,0.75084,0.273361,10,5.08667,0.065819,2.36638
809,0.721553,0.196594,10,3.74,0.0697288,2.5447
810,0.720747,0.211841,10,3.94667,0.0678371,2.42863
811,0.684382,0.187345,10,3.81333,0.0668874,2.57829
812,0.706563,0.198131,10,4.07333,0.0688929,2.66038
813,0.696216,0.211868,10,3.98,0.0690725,2.25566
814,0.661231,0.201081,10,4.38667,0.0691406,2.5099
815,0.812577,0.187726,9,3.37333,0.0647013,2.42084
816,0.68617,0.142992,10,3.14667,0.0674132,2.60465
817,0.671501,0.186013,9,3.60667,0.0673104,2.5468
818,0.685057,0.182082,10,3.63333,0.064934,2.61085
819,0.62521,0.135656,10,2.91333,0.0644244,2.69419
820,0.710467,0.151753,10,3.22,0.0671509,2.33392
821,0.735481,0.191038,10,3.62667,0.0663215,2.37267
822,0.749637,0.229738,10,4.18667,0.0680962,2.61961
823,0.719845,0.187079,10,3.43333,0.0658154,3.04274
824,0.815061,0.195752,10,3.93333,0.0700954,2.53385
825,0.756366,0.216066,10,3.95333,0.0708723,2.50531
826,0.700842,0.172909,10,3.68,0.0684469,2.66317
827,0.69393,0.179648,10,3.30667,0.0635852,2.72908
828,0.703824,0.171176,10,3.72,0.0723333,2.86348
829,0.8296,0.149645,10,3.15333,0.066211,2.57133
830,0.853081,0.200284,10,4.14,0.0708007,2.32559
831,0.711779,0.218895,10,4.21333,0.0678303,2.54006
832,0.73738,0.180562,9,3.76,0.0679106,2.95498
833,0.80649,0.188587,10,3.61333,0.0699391,2.76021
834,0.655051,0.141823,8,3.1,0.0668657,2.57338
835,0.591631,0.159895,10,3.40667,0.067834,2.7859
836,0.788801,0.198643,10,3.7,0.0670061,2.54048
837,0.585065,0.148424,9,3.03333,0.0673578,2.67307
838,0.70797,0.159459,10,3.36667,0.0699976,2.76331
839,0.758092,0.156089,10,3.22667,0.0710049,2.7903
840,0.589859,0.120657,9,2.59333,0.0686272,2.78089
841,0.628246,0.121888,10,2.58667,0.068274,2.62789
842,0.6482,0.153973,10,3.14,0.0674566,2.64567
843,0.655921,0.164853,10,3.52667,0.0697324,2.94326
844,0.662813,0.12675,10,2.87333,0.0678051,3.0473
845,0.716935,0.169301,10,3.44667,0.067528,2.76173
846,0.683864,0.157014,10,3.24667,0.0690367,2.54641
847,0.517359,0.124485,9,3.02,0.0640842,2.88762
848,0.717433,0.174542,10,3.72,0.0664633,3.03468
849,0.753999,0.215762,10,4.22,0.070921,2.91909
850,0.637007,0.168705,9,3.60667,0.0675575,2.89797
851,0.628739,0.144777,9,3.04,0.0681127,2.60114
852,0.589696,0.130738,10,3.08667,0.0659107,2.74897
853,0.67138,0.141708,10,3.24667,0.0687096,3.15364
854,0.617339,0.179377,10,3.8,0.0662597,2.89176
855,0.806234,0.165409,10,3.6,0.06724,2.36927
856,0.586266,0.13806,10,3.08667,0.0655952,2.89561
857,0.697201,0.126609,10,2.63333,0.0669032,2.4446
858,0.87714,0.185714,10,4,0.0728325,2.80083
859,0.729441,0.195171,10,3.86,0.0680475,2.64203
860,0.658301,0.173884,10,3.7,0.0702835,2.92436
861,0.766078,0.2026,10,4.09333,0.0729756,2.73748
862,0.690566,0.163158,10,3.91333,0.06672,2.76785
863,0.754422,0.17605,10,3.32667,0.0653397,2.33658
864,0.717418,0.143712,10,3.29333,0.0688239,2.99532
865,0.646852,0.179945,10,4.02667,0.0709516,2.92734
866,0.630925,0.158,10,3.61333,0.0677345,2.71349
867,0.604768,0.159737,10,3.51333,0.0662865,2.54998
868,0.618495,0.161284,9,2.99333,0.0674363,2.65681
869,0.533685,0.119538,9,3.04667,0.0666606,2.76241
870,0.701833,0.152495,10,3.37333,0.0641591,2.7521
871,0.590354,0.158347,10,3.26,0.0677782,2.71824
872,0.676175,0.178299,10,3.40667,0.0702036,2.7239
873,0.780705,0.179416,10,3.55333,0.0690625,2.40777
874,0.672505,0.124083,9,2.59333,0.0649172,2.64473
875,0.679971,0.159208,10,3.34667,0.068742,2.883
876,0.643902,0.189897,10,4,0.0654899,2.81886
877,0.721726,0.210714,10,3.87333,0.0688823,2.66631
878,0.759044,0.19802,10,3.84667,0.0683942,2.72336
879,0.733709,0.209604,10,4.28,0.0701766,2.76944
880,0.757076,0.191948,10,3.97333,0.0695089,2.68208
881,0.780503,0.200758,10,3.83333,0.0664702,2.71546
882,0.749338,0.188063,10,3.61333,0.0687814,2.61973
883,0.672021,0.141613,10,2.83333,0.0648648,2.4352
884,0.637854,0.141601,9,3.42667,0.0676223,3.0703
885,0.691315,0.194349,9,4.05333,0.0664576,2.75077
886,0.674192,0.224789,10,4.09333,0.0699383,2.90664
887,0.678062,0.172874,10,3.2,0.0676451,2.78891
888,0.842676,0.184862,10,3.93333,0.0665148,2.37299
889,0.644247,0.112026,9,2.69333,0.0665607,2.71042
890,0.769776,0.147785,10,3.32,0.0693069,2.78194
891,0.631953,0.185565,10,3.48667,0.0738449,2.66878
892,0.717824,0.181576,10,3.2,0.0655418,2.44941
893,0.669591,0.12837,10,2.8,0.0652646,2.68488
894,0.734699,0.20238,10,3.5,0.0696456,2.5812
895,0.7188,0.199182,10,3.62,0.0669565,2.52834
896,0.698107,0.178639,10,3.37333,0.0642411,2.77262
897,0.653276,0.120646,9,2.54,0.0671685,3.01871
898,0.689047,0.144016,10,2.86,0.0679555,3.02912
899,0.782416,0.170802,10,3.1,0.066458,2.82934
900,0.669928,0.161705,10,3.21333,0.0679,2.74389
901,0.739478,0.17537,10,3.47333,0.0679177,2.66571
902,0.641151,0.146356,10,2.98,0.0687413,2.51384
903,0.722939,0.174636,10,3.42667,0.0679946,2.63268
904,0.602565,0.165492,9,3.25333,0.0701219,2.67323
905,0.842637,0.178381,10,3.67333,0.0675516,2.39698
906,0.650013,0.116998,10,2.6,0.0658511,2.76642
907,0.641343,0.156235,10,3.26667,0.0672991,2.71498
908,0.674466,0.157229,10,3.8,0.0687825,2.73036
909,0.705338,0.146924,10,3.24667,0.0654804,2.80116
910,0.620445,0.181598,10,3.85333,0.0672839,2.59391
911,0.765249,0.177314,10,4.04667,0.066985,2.61648
912,0.808424,0.174013,9,3.54,0.0722037,2.75339
913,0.600124,0.124628,10,2.94667,0.0654855,2.77375
914,0.649146,0.151842,10,3.19333,0.0638185,2.42378
915,0.802511,0.171756,10,3.58667,0.0699275,2.77101
916,0.599519,0.158473,10,3.7,0.0698654,2.74063
917,0.755386,0.194814,10,3.72,0.0704907,2.49013
918,0.653411,0.186423,10,3.64,0.0731771,2.74082
919,0.711987,0.20044,10,3.76,0.0684524,2.48168
920,0.564268,0.128312,9,3.16,0.0671448,2.59702
921,0.556869,0.109295,10,2.60667,0.0642946,2.6817
922,0.707531,0.196866,10,3.46,0.0712266,2.44817
923,0.724063,0.240005,10,4.44,0.0707718,2.31537
924,0.620478,0.150685,9,3.06,0.0686482,2.56172
925,0.532809,0.155178,9,2.90667,0.0669258,2.57795
926,0.708144,0.194372,10,3.7,0.0653421,2.43134
927,0.728722,0.167108,10,3.42,0.0677078,2.59506
928,0.608117,0.147826,10,2.92,0.0659944,2.65948
929,0.641788,0.178756,10,3.62667,0.0700226,2.52427
930,0.632214,0.111625,10,2.47333,0.0653172,2.70347
931,0.564613,0.118466,9,2.64,0.0705442,2.89527
932,0.660551,0.135875,9,2.73333,0.0684295,2.35074
933,0.743509,0.191395,10,3.52,0.0679644,2.41082
934,0.816744,0.227754,10,4.49333,0.0697336,2.47706
935,0.558596,0.132791,8,2.93333,0.0671938,3.05245
936,0.775941,0.175274,10,3.60667,0.0657396,2.55671
937,0.764467,0.168899,10,3.52667,0.0685283,2.66031
938,0.754816,0.145513,10,3.32667,0.0707123,2.87224
939,0.796527,0.147102,10,3.16667,0.0670693,2.45126
940,0.56868,0.153963,10,2.86,0.0683593,2.49942
941,0.647482,0.146904,8,2.80667,0.0663363,2.31848
942,0.67761,0.133751,10,3.02,0.0694839,2.6368
943,0.680885,0.187723,10,3.88667,0.0686287,2.40801
944,0.707678,0.202934,9,3.99333,0.0700114,2.53918
945,0.561226,0.109048,8,2.56667,0.0670509,2.60258
946,0.710335,0.191818,10,3.82,0.0690597,2.66383
947,0.723949,0.180708,10,3.34,0.0712589,2.68348
948,0.678561,0.148162,9,3.17333,0.0723713,2.72159
949,0.732317,0.157942,10,3.16667,0.0688915,2.88206
950,0.773969,0.152341,10,3.52667,0.066546,2.92781
951,0.661218,0.161914,10,3.13333,0.0694678,2.78476
952,0.627509,0.130874,9,2.94,0.0656292,2.58758
953,0.477527,0.123579,8,2.58667,0.0662427,2.80525
954,0.56766,0.121596,9,2.72667,0.0659949,3.02263
955,0.631806,0.193361,10,3.62667,0.0709802,2.5798
956,0.771696,0.207019,10,3.97333,0.0675886,2.44663
957,0.741547,0.20373,10,4.33333,0.0693753,2.79247
958,0.737033,0.182176,10,3.56,0.0674775,2.79082
959,0.682418,0.160526,10,3.16667,0.0686616,2.62328
960,0.641556,0.136092,9,2.81333,0.0639631,2.7816
961,0.810311,0.200075,10,3.99333,0.0678831,2.26491
962,0.778659,0.156367,10,3.28,0.0674252,2.33615
963,0.671087,0.124103,9,2.72,0.0647871,2.53583
964,0.567159,0.141652,10,2.85333,0.0663298,2.58036
965,0.702202,0.163279,9,3.16667,0.0664302,2.69286
966,0.720352,0.142781,10,2.86,0.065169,2.39432
967,0.609388,0.118746,9,2.50667,0.0674143,2.35943
968,0.812144,0.201281,10,3.84667,0.0673114,2.65992
969,0.737916,0.192614,10,3.85333,0.0693888,2.43218
970,0.611134,0.160193,10,3.40667,0.0686331,2.69391
971,0.709712,0.177989,10,3.52667,0.0692056,2.56965
972,0.654701,0.147125,10,2.95333,0.0689956,2.99123
973,0.713576,0.151228,10,3.11333,0.0681346,2.44814
974,0.803207,0.172402,10,3.50667,0.0696663,2.71836
975,0.641435,0.210066,10,3.84667,0.0634271,2.7707
976,0.760151,0.19552,10,3.87333,0.0693548,2.67758
977,0.746513,0.204332,10,4.08,0.0633392,2.14811
978,0.695383,0.210124,10,4.02,0.0661788,2.41135
979,0.783857,0.158836,10,3.35333,0.0659565,2.46965
980,0.733284,0.184929,9,3.72667,0.0671775,2.26865
981,0.694857,0.18255,10,3.56,0.0657458,2.51276
982,0.683416,0.199132,10,3.91333,0.069363,2.62674
983,0.721485,0.194145,10,3.85333,0.068224,2.36534
984,0.589759,0.149081,10,3.05333,0.069582,2.72239
985,0.745709,0.191935,10,3.72,0.0711393,2.77968
986,0.747402,0.219052,10,4.02667,0.0716034,2.30556
987,0.747821,0.20771,10,3.88667,0.0649935,2.4222
988,0.705406,0.176473,10,3.46667,0.0673954,2.27117
989,0.754964,0.233982,10,4.47333,0.0681538,2.27945
990,0.674442,0.192927,10,3.64,0.0678429,2.8005
991,0.671318,0.17978,10,3.36667,0.0638641,2.94941
992,0.731804,0.220425,10,4.36,0.0664363,2.4818
993,0.746777,0.167198,10,3.14667,0.0669874,2.65364
994,0.704272,0.164513,10,3.31333,0.0686283,2.69414
995,0.651423,0.194721,9,3.62,0.0657623,2.66165
996,0.729202,0.222917,10,4.22667,0.069086,2.89515
997,0.75575,0.230482,10,4.35333,0.0682881,2.40007
998,0.64479,0.196486,9,3.68667,0.0692116,2.52616
999,0.629253,0.166631,10,3.16,0.0660142,2.85605
1000,0.72953,0.196692,10,3.68667,0.0635905,2.60399
