1,0.166274,0.00267365,4,0.113333,0.0719463,1.33805
2,0.241381,0.00466185,7,0.306667,0.0684739,1.2043
3,0.209302,0.00531078,9,0.313333,0.0650708,1.19892
4,0.357628,0.0143671,9,0.54,0.0665112,1.20065
5,0.468357,0.0201758,9,0.693333,0.0672679,1.26868
6,0.350398,0.063462,8,1.25333,0.0680867,1.36463
7,0.415173,0.0332163,8,0.94,0.0649919,1.24585
8,0.355802,0.0584425,8,1.38,0.0735431,1.28908
9,0.552636,0.0462997,9,1.1,0.0727729,1.2121
10,0.409039,0.0274137,8,0.906667,0.0694338,1.42981
11,0.471038,0.0309401,9,1,0.0694838,1.39844
12,0.540962,0.107474,10,2.40667,0.0665607,1.9205
13,0.44193,0.0288591,9,0.913333,0.0785315,1.70674
14,0.418258,0.0475917,9,1.11333,0.105972,1.97308
15,0.529655,0.032738,10,1.42667,0.064824,1.72665
16,0.470857,0.0247166,8,1.15333,0.0710055,2.06043
17,0.480499,0.0328727,9,1.28667,0.0668986,1.79195
18,0.455042,0.0431251,9,1.78667,0.0686084,2.0291
19,0.486872,0.0420392,10,1.76,0.069679,2.07448
20,0.53598,0.0524118,9,2.02667,0.0684615,1.66768
21,0.45347,0.0490555,8,2.34667,0.0674584,2.50841
22,0.483464,0.0683948,9,2.38667,0.0698285,2.22805
23,0.490781,0.0894961,9,2.35333,0.0663284,2.1937
24,0.594204,0.0815552,9,2.61333,0.0664331,1.99045
25,0.461346,0.0477742,8,1.72667,0.0675313,1.8477
26,0.576979,0.069146,9,2.14,0.0696004,2.1138
27,0.508413,0.0709572,10,2.14667,0.0714765,2.0791
28,0.610631,0.0958687,9,2.31333,0.0658857,2.12179
29,0.515626,0.0656743,9,1.79333,0.0697004,1.73246
30,0.592297,0.0748185,9,2.22,0.0689989,2.28287
31,0.501442,0.0570772,9,1.74667,0.0693402,2.22728
32,0.362106,0.0518922,7,1.48,0.0659863,2.18771
33,0.471593,0.0509873,7,1.5,0.0660091,2.18036
34,0.415756,0.0463333,9,1.72667,0.0664122,2.58589
35,0.516809,0.103068,8,2.79333,0.0700135,2.88158
36,0.528306,0.062592,8,2.00667,0.0642478,2.33227
37,0.433969,0.095348,8,2.11333,0.0645294,2.54911
38,0.459588,0.0905221,8,2.25333,0.0717415,2.54672
39,0.520222,0.062222,9,1.87333,0.0682645,2.31748
40,0.503711,0.0773656,9,1.92,0.0662682,2.24346
41,0.553804,0.103387,10,2.39333,0.0682632,2.31928
42,0.646045,0.0994612,10,2.42,0.0670009,2.45076
43,0.529452,0.069282,8,1.89333,0.0684471,2.40313
44,0.711693,0.127461,10,3.06667,0.065448,2.40821
45,0.565007,0.11929,9,3.22667,0.0711969,2.88779
46,0.551079,0.120572,9,2.85333,0.0695395,2.69156
47,0.527328,0.121865,9,3.14667,0.0688606,2.71551
48,0.534362,0.148432,9,3.57333,0.0678212,2.60387
49,0.578093,0.130169,10,3.16,0.0682514,2.81032
50,0.54657,0.114372,10,2.94,0.0670738,2.81259
51,0.534806,0.0976945,9,2.4,0.0651883,2.9652
52,0.607125,0.127107,10,2.71333,0.077987,2.68529
53,0.590071,0.113701,9,2.58667,0.0671569,2.95425
54,0.664846,0.179757,10,3.58667,0.0680912,2.80458
55,0.521703,0.103092,10,2.53333,0.10396,3.06275
56,0.638683,0.17174,9,3.51333,0.0675548,2.63678
57,0.510049,0.153805,9,2.95333,0.0718519,2.8081
58,0.477116,0.130635,10,3.06667,0.0854918,2.93567
59,0.615461,0.176531,9,3.78,0.0664361,2.73511
60,0.60676,0.124126,10,3.10667,0.0718191,3.14554
61,0.757956,0.174424,10,3.51333,0.0699956,2.46788
62,0.612891,0.156287,10,3.56667,0.0687784,2.5763
63,0.603079,0.161865,9,2.98667,0.0707948,2.36196
64,0.640216,0.19235,9,3.36667,0.0701412,2.52904
65,0.548848,0.114366,9,2.55333,0.0673254,2.73279
66,0.627414,0.137868,8,2.88667,0.0722127,2.4894
67,0.479616,0.0932657,8,2.04667,0.0652303,2.83642
68,0.565148,0.141378,10,3.05333,0.0675095,2.47364
69,0.555843,0.151677,8,2.88,0.061803,2.53647
70,0.567838,0.117482,9,2.60667,0.0630238,2.60214
71,0.483175,0.1184,8,2.76667,0.082697,2.82088
72,0.580876,0.163899,10,3.30667,0.0644997,2.44282
73,0.765536,0.194979,10,3.56,0.0674794,2.33787
74,0.642635,0.182844,10,3.50667,0.067519,2.70656
75,0.506026,0.119264,8,2.39333,0.0656734,2.68096
76,0.72,0.181714,9,3.84,0.082452,2.60765
77,0.708479,0.141717,10,3.12,0.0948616,2.90807
78,0.611522,0.14109,10,3.08,0.0666326,2.61023
79,0.665076,0.14085,9,3.17333,0.069502,2.97816
80,0.533379,0.140283,10,3.14667,0.0698267,2.90126
81,0.683635,0.119439,10,2.93333,0.0680921,3.00625
82,0.583281,0.144114,10,3.37333,0.0693019,3.06915
83,0.571415,0.145455,9,3.71333,0.0687117,3.12545
84,0.607152,0.152597,10,3.64667,0.0690059,3.1567
85,0.540198,0.165795,9,3.54,0.0850944,3.26728
86,0.528736,0.113319,9,2.86667,0.068366,2.82079
87,0.640436,0.177701,10,3.68,0.0682725,2.61451
88,0.669854,0.144884,10,3.37333,0.0692117,2.76294
89,0.582693,0.146322,9,3.48667,0.0674673,2.73761
90,0.713946,0.148099,10,3.59333,0.0678559,2.76414
91,0.739357,0.153594,10,3.32,0.0668962,2.73183
92,0.670457,0.172362,10,3.76,0.0685195,2.69903
93,0.543693,0.12543,10,3.01333,0.0657459,2.57736
94,0.538174,0.141593,10,3.37333,0.0688083,2.7792
95,0.521251,0.121039,9,2.97333,0.0678269,2.92961
96,0.635922,0.158758,10,3.52667,0.0689185,2.9684
97,0.536932,0.113671,8,2.46,0.0671088,2.9524
98,0.563481,0.123423,8,2.96,0.0673292,3.12619
99,0.61212,0.14553,9,3.31333,0.0706136,2.86651
100,0.556137,0.134973,10,3.26667,0.0698003,2.63962
101,0.745152,0.135797,10,3.13333,0.0703986,2.83954
102,0.71237,0.148051,9,3.06,0.0778933,2.44043
103,0.577536,0.116913,8,2.86,0.0684512,2.81025
104,0.570253,0.122553,8,2.86,0.0670514,2.91789
105,0.496013,0.106989,8,2.19333,0.062211,2.68104
106,0.618731,0.14792,9,3.3,0.0685924,2.72256
107,0.670152,0.117657,10,2.73333,0.0658151,2.73374
108,0.553253,0.0921529,9,2.39333,0.0672285,2.72096
109,0.697919,0.15421,10,3.37333,0.0660662,2.53504
110,0.776473,0.15502,10,3.42,0.0724274,2.88757
111,0.669337,0.130273,10,3.03333,0.0681396,2.48263
112,0.769978,0.162683,10,3.70667,0.0719782,2.63054
113,0.527978,0.114976,10,2.78667,0.0704365,2.609
114,0.721676,0.151423,10,3.72667,0.0737724,2.69184
115,0.645978,0.114251,9,2.92667,0.0659944,2.4616
116,0.566971,0.152821,9,3.19333,0.0662905,2.4315
117,0.48109,0.110891,9,2.76,0.074053,2.73133
118,0.627867,0.137322,10,3.90667,0.0686814,2.72995
119,0.400539,0.0835343,9,2.26,0.149717,2.78902
120,0.480237,0.119374,9,2.62,0.0680394,2.5929
121,0.777368,0.1208,9,2.78667,0.0690617,2.31271
122,0.547542,0.107989,9,2.69333,0.0681732,2.75082
123,0.514129,0.109856,9,2.45333,0.0675248,2.52889
124,0.610419,0.116264,9,2.75333,0.0702977,2.41724
125,0.689267,0.125558,10,2.86,0.0677465,2.21346
126,0.627129,0.100335,8,2.28667,0.0677713,2.22483
127,0.60467,0.122432,9,2.63333,0.072881,2.30657
128,0.669264,0.159309,9,3.06667,0.0833274,2.49428
129,0.601854,0.137082,10,2.98667,0.0686631,2.52336
130,0.79124,0.16718,10,3.67333,0.0685323,2.24759
131,0.561031,0.128176,10,2.97333,0.067485,2.48733
132,0.656134,0.1639,10,3.22667,0.066689,2.1846
133,0.569362,0.165105,10,3.6,0.068847,2.75714
134,0.693672,0.122862,10,2.96667,0.0690579,2.21901
135,0.622511,0.137551,9,2.94667,0.0658236,2.66494
136,0.72903,0.18196,10,3.82,0.0960627,2.6526
137,0.771593,0.14215,9,2.99333,0.0662939,2.43712
138,0.79786,0.216335,9,3.81333,0.0681379,2.33213
139,0.520601,0.113984,9,2.40667,0.0682793,2.47582
140,0.679664,0.138393,9,2.69333,0.0668225,2.3347
141,0.595354,0.142421,9,3.08667,0.0640093,2.25754
142,0.640001,0.163062,9,3.16,0.0699215,2.64323
143,0.622507,0.118533,9,3.01333,0.0680756,2.67698
144,0.50705,0.0927434,9,2.68667,0.068119,2.90166
145,0.846297,0.199249,10,3.92,0.0698294,2.24148
146,0.635192,0.133816,9,3.22667,0.0706046,2.69667
147,0.593486,0.0920785,9,2.22667,0.0669488,2.46115
148,0.729619,0.180809,9,3.41333,0.0677124,2.30034
149,0.767677,0.111751,10,2.50667,0.0868523,2.7857
150,0.464401,0.0640944,7,2.28,0.0697286,3.20183
151,0.590358,0.119226,10,2.70667,0.0671226,2.60432
152,0.692725,0.164685,10,4.00667,0.0659942,2.71848
153,0.886872,0.198867,10,4.40667,0.0720412,2.83295
154,0.637842,0.185188,9,3.82667,0.0691723,3.00891
155,0.630333,0.17194,10,3.69333,0.195538,2.96146
156,0.823865,0.213061,10,4.48,0.069722,3.0608
157,0.679713,0.198711,10,3.9,0.0672079,2.91021
158,0.634812,0.154819,9,3.44,0.0683166,3.07507
159,0.709674,0.201281,9,3.98667,0.076538,2.87029
160,0.706238,0.202213,9,3.76,0.0685548,2.91066
161,0.674928,0.134391,9,3.02667,0.0659392,2.72329
162,0.745331,0.15473,10,3.13333,0.0675761,2.64817
163,0.684528,0.161903,10,3.40667,0.0668072,2.6616
164,0.862845,0.16014,10,3.62667,0.0648894,2.84899
165,0.738084,0.179152,10,3.76667,0.0691807,2.70062
166,0.696337,0.171173,10,3.62667,0.0696623,2.64978
167,0.767244,0.174329,9,3.17333,0.0703645,2.90644
168,0.63727,0.126665,9,2.48,0.0671484,2.75101
169,0.878601,0.250433,10,4.35333,0.068061,2.36994
170,0.708373,0.195839,10,3.73333,0.070422,2.7633
171,0.868329,0.254909,10,4.31333,0.0672825,2.26549
172,0.690014,0.167688,10,3.24667,0.0696764,2.46319
173,0.874237,0.232643,10,4.04667,0.0705028,2.33571
174,0.660428,0.157994,10,3.26,0.0679995,2.77731
175,0.704292,0.176141,9,3.31333,0.0686685,2.46213
176,0.717907,0.201368,9,3.76,0.0683665,2.35911
177,0.716233,0.183041,10,3.87333,0.0661836,2.6268
178,0.637605,0.224357,9,3.66,0.0666068,2.39911
179,0.774426,0.239828,10,4.06667,0.0678305,2.49696
180,0.775756,0.250373,10,4.72,0.0683956,2.46752
181,0.540574,0.137937,9,2.76667,0.0691376,2.84775
182,0.709759,0.185418,10,3.12,0.0602467,2.84528
183,0.617955,0.15487,8,3.31333,0.0671882,2.92188
184,0.602424,0.166585,10,3.26,0.0779972,2.79784
185,0.813652,0.250858,10,4.18667,0.0648633,2.3662
186,0.581065,0.154283,10,3,0.0640673,2.71827
187,0.586504,0.190442,9,3.71333,0.0651418,2.76785
188,0.723314,0.220726,10,3.87333,0.0735606,2.77676
189,0.762882,0.221397,10,3.88667,0.0702112,2.467
190,0.750458,0.182995,10,3.42667,0.0740239,2.50387
191,0.848977,0.182339,10,3.20667,0.0677184,2.54437
192,0.855401,0.252902,10,4.35333,0.069443,2.31757
193,0.71179,0.172813,10,3.06667,0.0700406,2.73999
194,0.622727,0.179275,9,3.11333,0.068508,2.60388
195,0.703384,0.193798,10,3.55333,0.0656244,2.68407
196,0.713023,0.226832,10,4.19333,0.0684465,2.5806
197,0.706228,0.198666,10,3.66,0.0727967,2.62657
198,0.598004,0.147448,9,2.92667,0.0698044,2.75441
199,0.63564,0.143308,10,2.79333,0.0647466,2.76087
200,0.752542,0.186145,10,3.51333,0.0770203,2.50617
201,0.750442,0.184105,10,3.48,0.071708,2.54877
202,0.56656,0.137878,9,2.47333,0.0659611,2.63856
203,0.816962,0.216089,10,3.80667,0.0684719,2.49654
204,0.798691,0.17168,10,3.60667,0.0704732,2.5931
205,0.740492,0.216341,10,3.84667,0.0681751,2.53632
206,0.764991,0.22117,10,4.03333,0.0730182,2.68298
207,0.703666,0.219192,10,3.96667,0.0684352,2.62508
208,0.556593,0.132761,8,2.79333,0.068383,2.75878
209,0.7879,0.141633,10,2.82667,0.0657784,2.55861
210,0.684744,0.205783,9,3.58,0.0670634,2.73761
211,0.704151,0.147698,10,3.07333,0.0701675,3.16706
212,0.794589,0.178369,10,3.61333,0.0692469,2.75212
213,0.624314,0.147009,10,3.3,0.0691236,2.97461
214,0.90242,0.228009,10,4.27333,0.0700392,2.57171
215,0.739146,0.195498,10,3.70667,0.0683139,2.44698
216,0.528003,0.135231,8,2.81333,0.0649076,2.85007
217,0.679466,0.15897,9,3.28,0.0704268,2.81954
218,0.659754,0.196746,10,3.50667,0.0680838,3.03143
219,0.655809,0.179333,9,3.58,0.0701459,3.04087
220,0.606983,0.170152,9,3.14667,0.0697866,2.79171
221,0.771106,0.175663,10,3.34,0.0694303,2.51164
222,0.668764,0.185085,9,3.42,0.0692881,2.95921
223,0.705361,0.244273,10,4.15333,0.0687228,2.35521
224,0.783142,0.193194,10,3.72667,0.0661268,2.32963
225,0.838618,0.225247,10,4.09333,0.0704173,2.7262
226,0.663187,0.190123,10,3.58667,0.0751643,2.7923
227,0.725941,0.220586,10,4.08667,0.0678823,2.58731
228,0.778122,0.18251,10,3.60667,0.0687811,2.71432
229,0.794224,0.213698,10,3.88,0.0700435,2.58956
230,0.815306,0.209332,10,3.63333,0.0692568,2.42852
231,0.720617,0.173512,10,3.61333,0.0685388,2.81614
232,0.770241,0.223762,10,3.95333,0.0675578,2.585
233,0.772703,0.22609,10,3.88,0.0715668,2.64326
234,0.69073,0.195169,10,3.46667,0.0701208,2.49082
235,0.707863,0.218971,10,3.78667,0.0699162,2.48381
236,0.595277,0.167067,8,2.82,0.0691213,2.50573
237,0.537024,0.0918571,8,2.15333,0.0660899,2.50739
238,0.7204,0.194473,9,3.52,0.0674238,2.48873
239,0.714375,0.166166,10,2.95333,0.0666067,2.34171
240,0.764704,0.190351,10,3.74667,0.0723334,2.66693
241,0.637863,0.169147,8,3.08,0.0679794,2.71957
242,0.636709,0.146087,9,2.69333,0.0663697,2.57906
243,0.713897,0.176299,10,3.48,0.0708303,2.81201
244,0.68886,0.159509,8,2.87333,0.0616632,2.51058
245,0.810224,0.242334,10,4.3,0.0738594,2.4902
246,0.640036,0.17037,9,3.58,0.0704644,2.36308
247,0.629394,0.191232,8,3.44,0.0694437,2.66359
248,0.816949,0.212131,10,4.20667,0.0649265,2.35115
249,0.737164,0.173907,10,3.38,0.0678684,2.56498
250,0.686094,0.137648,9,2.86,0.067325,2.71804
251,0.72563,0.190541,10,3.57333,0.071002,2.68254
252,0.68154,0.190905,10,3.54,0.0670221,2.46148
253,0.709566,0.187199,9,3.46667,0.0661879,2.39777
254,0.536249,0.135321,10,2.95333,0.0694826,3.05198
255,0.672092,0.153638,10,3.32,0.0677827,2.87842
256,0.679501,0.1676,10,3.71333,0.0732813,2.98448
257,0.664168,0.143247,9,3.22,0.0669207,3.01011
258,0.706935,0.176468,10,3.62667,0.0648159,2.70381
259,0.59599,0.163067,10,3.47333,0.0675459,2.58102
260,0.528974,0.113,8,2.78,0.0667323,2.73883
261,0.696372,0.197342,10,4.12,0.0668642,2.54691
262,0.683102,0.173547,9,3.72667,0.0674524,2.40192
263,0.570885,0.132816,9,3.32667,0.0714428,2.49581
264,0.626963,0.16358,10,3.63333,0.0679924,2.37734
265,0.619057,0.153897,10,3.41333,0.0737608,2.7252
266,0.672316,0.128676,10,3.1,0.0693181,2.8021
267,0.67182,0.174882,10,3.7,0.0736426,3.06715
268,0.752192,0.163821,10,3.62,0.0687528,2.38623
269,0.592572,0.165904,9,3.31333,0.0675718,2.44798
270,0.809919,0.186939,10,3.76,0.0724916,2.57236
271,0.663552,0.122279,9,3.10667,0.0660244,2.35628
272,0.519992,0.127731,9,3.04667,0.0677085,2.82651
273,0.544399,0.151328,8,2.97333,0.0650851,2.66815
274,0.619141,0.15044,10,3.24,0.0688522,2.50509
275,0.757329,0.181162,10,3.91333,0.0709104,2.5681
276,0.53175,0.149087,10,3.5,0.0672035,2.76559
277,0.676588,0.178731,10,3.86,0.0685121,2.8017
278,0.709124,0.176812,10,4.10667,0.0736753,2.63791
279,0.699375,0.211191,10,4.48667,0.071649,2.6787
280,0.797749,0.189525,9,3.61333,0.0655786,2.62017
281,0.682828,0.205641,10,4.07333,0.0679636,2.49459
282,0.628799,0.14471,9,3.68,0.0666492,2.54104
283,0.675673,0.175611,10,3.81333,0.0713437,2.46164
284,0.752679,0.147152,10,3.68,0.0711741,2.43642
285,0.588786,0.169986,10,3.98667,0.066748,2.51112
286,0.609422,0.133962,10,3.37333,0.069078,2.61348
287,0.719575,0.162843,10,3.96,0.06893,2.30723
288,0.651071,0.150934,9,3.26667,0.0695083,2.31417
289,0.593865,0.144204,9,3.16,0.0677677,2.5003
290,0.577445,0.152333,9,3.46,0.0656961,2.59622
291,0.503095,0.11244,8,2.68,0.0616179,2.56464
292,0.617177,0.130938,9,2.88,0.0656966,2.84064
293,0.695659,0.172656,9,3.52667,0.0680202,2.34666
294,0.658006,0.144215,9,3.38,0.0676521,2.58969
295,0.663391,0.184631,9,4.05333,0.0694123,2.9391
296,0.565322,0.122568,8,2.86,0.0666302,2.84393
297,0.668258,0.157985,9,3.50667,0.0656138,2.59599
298,0.69573,0.17002,10,3.76667,0.0670484,2.60108
299,0.747106,0.187515,10,3.86,0.0651476,2.42994
300,0.553352,0.147265,9,3.26,0.0693721,2.62763
301,0.682887,0.165377,9,3.34,0.0711161,2.65016
302,0.829849,0.196606,10,3.79333,0.0712156,2.41431
303,0.817983,0.18338,10,3.67333,0.0701791,2.40158
304,0.656907,0.158411,9,3.2,0.0682533,2.36091
305,0.637442,0.163352,9,3.26,0.0736842,2.56262
306,0.871143,0.201264,10,3.83333,0.0696789,2.46091
307,0.676527,0.160071,10,3.48667,0.0665214,2.50763
308,0.492111,0.14315,8,3.06,0.0668228,2.71989
309,0.907144,0.245359,10,4.18667,0.0705459,2.35915
310,0.625185,0.123257,10,2.81333,0.0701749,2.73852
311,0.649524,0.16586,10,3.82,0.0700158,2.64793
312,0.721854,0.195523,10,3.81333,0.0698311,2.5928
313,0.767528,0.226159,9,4.30667,0.0747387,2.88904
314,0.644845,0.18837,10,3.88667,0.0700296,2.69793
315,0.768313,0.23176,10,4.20667,0.0728327,2.69966
316,0.76836,0.215143,10,4.27333,0.069615,2.46374
317,0.672015,0.150345,9,3.37333,0.0690992,2.60106
318,0.677177,0.14501,10,3.16,0.0665418,2.66961
319,0.764533,0.20485,9,4.07333,0.0691501,2.41299
320,0.564826,0.131299,9,3.20667,0.0638828,2.53267
321,0.715186,0.175119,9,3.43333,0.0679843,2.54753
322,0.752189,0.194553,10,3.94,0.0878725,2.27738
323,0.656013,0.200326,10,4,0.0737891,2.70566
324,0.580543,0.163284,9,3.27333,0.0672033,2.7052
325,0.636558,0.190328,10,3.61333,0.0749526,2.49104
326,0.822932,0.228906,10,3.86667,0.0710025,2.29614
327,0.708578,0.188947,10,3.57333,0.0667088,2.31137
328,0.607912,0.166433,10,3.16667,0.0663025,2.72162
329,0.731438,0.225177,10,4.29333,0.0697672,2.38491
330,0.820019,0.269681,10,5.04667,0.0696296,2.71733
331,0.625627,0.186313,10,3.34,0.063715,2.76725
332,0.717793,0.193336,9,3.63333,0.068108,2.81922
333,0.667999,0.144361,8,2.86,0.0710107,3.02346
334,0.714758,0.184616,10,3.78667,0.0731284,2.82704
335,0.659787,0.155255,9,3.16667,0.0704744,3.18074
336,0.585155,0.140816,10,2.84,0.065747,2.56003
337,0.633069,0.16126,10,3.33333,0.0689233,2.7272
338,0.58039,0.108111,8,2.5,0.0657115,3.18334
339,0.622646,0.154581,10,3.24667,0.0676345,2.70412
340,0.693806,0.138961,10,3.07333,0.0668811,2.77023
341,0.732024,0.218608,10,3.98,0.0669196,2.77163
342,0.658901,0.152681,10,3.04667,0.0640566,2.62241
343,0.760972,0.222678,10,4.1,0.0707789,2.56437
344,0.841455,0.237177,10,4.34,0.0712823,2.66777
345,0.712071,0.16494,10,3.25333,0.0667701,2.55657
346,0.662821,0.17877,9,3.46,0.069596,2.94431
347,0.885358,0.240643,10,4.19333,0.072928,2.13638
348,0.785442,0.209453,9,4.06,0.0699586,2.44531
349,0.759272,0.183495,10,3.54667,0.069904,2.75732
350,0.70429,0.140999,9,3.04,0.067715,2.93835
351,0.852999,0.17801,10,4,0.0701223,2.655
352,0.744792,0.188762,10,3.3,0.0688587,2.65999
353,0.682076,0.161548,10,3.09333,0.0734462,2.65817
354,0.618399,0.180245,10,3.32,0.0682019,2.82983
355,0.76482,0.23378,10,4.18,0.0704578,2.38124
356,0.684024,0.189306,9,3.57333,0.0670637,2.80272
357,0.556357,0.126174,9,2.56667,0.0666268,2.71195
358,0.569453,0.129516,10,2.54,0.0666099,2.68201
359,0.754543,0.172024,9,3.20667,0.0683368,2.60292
360,0.765948,0.180767,10,3.67333,0.0672151,2.49293
361,0.823841,0.217798,10,4.04,0.0703535,2.64518
362,0.716751,0.179605,9,3.31333,0.0680095,2.54758
363,0.700063,0.21023,10,4.06,0.071299,2.52572
364,0.771129,0.181145,10,3.51333,0.0677655,2.63067
365,0.716621,0.21653,10,3.94667,0.0696865,2.71542
366,0.783906,0.180071,10,3.40667,0.0702202,2.35965
367,0.739862,0.190145,10,3.63333,0.0695264,2.76057
368,0.771152,0.233405,10,4.19333,0.0814385,2.79882
369,0.690986,0.234318,10,4.29333,0.0679377,2.87323
370,0.704962,0.165958,10,3.18,0.0671896,2.75868
371,0.793983,0.246333,10,4.24,0.0676625,2.63216
372,0.814793,0.203707,10,3.74,0.072973,2.92739
373,0.719492,0.185984,10,3.74667,0.0664264,2.75015
374,0.761056,0.234838,10,4.21333,0.070906,2.64584
375,0.79337,0.138854,10,2.97333,0.0643762,2.56554
376,0.782796,0.190579,10,3.4,0.0682095,2.81861
377,0.817644,0.258281,10,4.77333,0.0685428,3.32615
378,0.698496,0.194812,10,3.84,0.0702719,2.99235
379,0.686089,0.198696,10,3.68667,0.0711366,3.25321
380,0.673533,0.177701,9,3.56667,0.0676052,3.14724
381,0.550426,0.133061,8,2.72,0.0652066,3.27203
382,0.793353,0.209597,10,3.62,0.0689794,2.8586
383,0.519638,0.139998,8,3.01333,0.0654532,2.99512
384,0.817668,0.238471,10,4.23333,0.0733844,2.83948
385,0.820549,0.216315,10,4.26,0.0686321,2.83609
386,0.786692,0.202715,9,3.88,0.06767,2.79103
387,0.578504,0.139776,8,2.87333,0.0664635,3.36318
388,0.515878,0.132099,9,2.90667,0.0689851,2.99443
389,0.573801,0.145599,10,3.4,0.0666224,3.18554
390,0.842815,0.224004,10,4.68667,0.0687976,2.94728
391,0.704789,0.212405,10,4.30667,0.095829,3.12684
392,0.808989,0.200927,10,3.99333,0.085611,3.25602
393,0.837257,0.242546,10,4.64667,0.068518,2.78285
394,0.619296,0.156291,9,3.18667,0.0683937,3.05534
395,0.612187,0.144517,9,3.2,0.0665412,3.21042
396,0.679778,0.188342,10,3.63333,0.070166,3.01157
397,0.493204,0.14023,8,2.84667,0.0684231,3.45147
398,0.683233,0.220581,9,4.3,0.0778495,3.36822
399,0.733999,0.170356,10,3.38,0.0645562,2.76936
400,0.763353,0.192421,10,3.88667,0.0666619,3.22888
401,0.576668,0.14332,8,3.12667,0.0668531,3.07036
402,0.62786,0.183983,10,4.12667,0.0658969,3.08762
403,0.700015,0.170506,9,3.46667,0.0670861,3.2545
404,0.557426,0.142865,9,3.14,0.0644553,3.23782
405,0.708517,0.175537,9,3.47333,0.0695167,2.8953
406,0.669856,0.242309,10,4.34667,0.0697556,2.90602
407,0.539362,0.140618,9,3.01333,0.0679814,3.561
408,0.650479,0.21578,10,4.26,0.0652849,3.03816
409,0.656981,0.204057,10,4.22,0.0668711,3.39185
410,0.599647,0.175532,10,3.92,0.0679931,3.42734
411,0.606647,0.175715,10,3.47333,0.0684335,3.38716
412,0.759835,0.267689,10,5.10667,0.1492,3.05832
413,0.706017,0.190404,9,3.81333,0.0662758,3.46827
414,0.659938,0.224527,10,4.3,0.0695489,3.39668
415,0.667417,0.1677,10,3.59333,0.0728412,3.36152
416,0.825471,0.197801,10,3.9,0.066154,2.87318
417,0.62571,0.187352,9,3.65333,0.0680888,3.13174
418,0.717743,0.210461,10,4.18667,0.0696127,3.49714
419,0.667967,0.188048,10,3.94,0.0693524,3.1947
420,0.85747,0.250844,10,4.85333,0.0748492,3.16721
421,0.636897,0.160202,9,3.36667,0.0635721,3.24858
422,0.709054,0.212196,10,4.27333,0.0674135,3.22553
423,0.608966,0.151748,9,3.1,0.0694246,3.56121
424,0.633476,0.177458,10,3.63333,0.0674503,3.486
425,0.793009,0.258881,10,5.12667,0.0721096,3.1273
426,0.557386,0.192089,9,3.80667,0.0689004,3.38864
427,0.729263,0.233335,10,4.49333,0.0652865,3.25302
428,0.593055,0.155695,9,3.19333,0.065427,3.64498
429,0.789675,0.224575,10,4.20667,0.0726641,3.07551
430,0.798007,0.238049,10,4.35333,0.0707376,2.92442
431,0.68255,0.200858,10,3.82667,0.0679606,3.29489
432,0.690216,0.2125,9,3.86,0.0694193,3.14977
433,0.760061,0.228143,10,4.35333,0.067169,3.10377
434,0.706035,0.24197,10,4.12667,0.0690575,3.20974
435,0.645054,0.195118,9,3.82667,0.0673582,3.30805
436,0.664582,0.174437,10,3.71333,0.0725108,3.12393
437,0.677879,0.227196,10,4.08,0.0667728,3.189
438,0.662513,0.186903,9,3.62667,0.0719931,2.97512
439,0.686961,0.237844,9,4.34667,0.0659764,2.67872
440,0.682599,0.197742,10,3.98,0.0698847,3.18938
441,0.663413,0.185155,9,3.41333,0.0694305,3.17009
442,0.743656,0.218369,10,4.04,0.069806,3.2474
443,0.782757,0.267816,10,4.52667,0.07311,2.88983
444,0.658223,0.239404,10,4.37333,0.0691671,3.11205
445,0.629761,0.173651,9,3.24,0.065683,3.52059
446,0.68489,0.20439,10,4.19333,0.0822275,3.0443
447,0.607799,0.187848,9,3.66,0.0684415,3.26651
448,0.606444,0.170207,8,3.20667,0.0660816,3.02699
449,0.805059,0.274707,10,5.03333,0.068903,2.774
450,0.62096,0.221436,9,4.25333,0.0652533,3.24086
451,0.653287,0.180516,9,3.05333,0.0672663,3.3213
452,0.657035,0.178619,10,3.63333,0.0702799,3.29678
453,0.618062,0.158915,9,3,0.0687256,3.1974
454,0.715403,0.18326,10,4,0.0652333,3.05649
455,0.552939,0.144595,8,3.02,0.0648046,3.23161
456,0.636126,0.19787,10,4.04,0.0671829,3.35381
457,0.698903,0.212667,10,3.96,0.0798879,3.09495
458,0.831447,0.19066,10,3.62,0.0680966,2.88591
459,0.708661,0.198172,10,3.8,0.0692425,2.96292
460,0.646368,0.173264,10,3.12,0.0645565,3.09694
461,0.765516,0.182213,9,3.38,0.0701814,3.00075
462,0.726909,0.218113,9,4.18,0.0662998,2.94038
463,0.675391,0.196218,9,3.74667,0.068654,3.24361
464,0.706091,0.2027,9,3.56667,0.0680746,3.38395
465,0.841983,0.240661,10,4.6,0.0663483,2.65475
466,0.696744,0.201577,10,3.78,0.0694054,3.1003
467,0.688647,0.216656,10,3.99333,0.0688306,2.96183
468,0.637936,0.1845,9,3.56,0.0673097,2.97085
469,0.731802,0.184878,9,3.51333,0.0681614,3.18437
470,0.77999,0.225604,10,4.07333,0.0679592,2.8805
471,0.827464,0.249376,10,4.26,0.0721559,2.95555
472,0.879896,0.28144,10,4.77333,0.0709069,2.55681
473,0.827406,0.265857,10,4.44667,0.0718837,3.04456
474,0.887081,0.24874,10,4.63333,0.0716639,2.9714
475,0.501954,0.142532,8,2.8,0.0643513,3.32925
476,0.581024,0.167578,10,3.4,0.0690058,3.29576
477,0.814711,0.259653,10,4.46,0.072167,3.02875
478,0.680807,0.193571,10,3.73333,0.0678823,3.21841
479,0.806747,0.289304,10,4.75333,0.0697538,3.09143
480,0.783902,0.259957,10,4.54,0.0713431,2.90065
481,0.671899,0.237937,10,4.42,0.0711649,3.20639
482,0.793299,0.183555,10,3.46,0.0825218,3.05227
483,0.68918,0.208994,9,4.01333,0.0690158,3.30159
484,0.49917,0.143982,8,2.66667,0.0718707,3.71686
485,0.616379,0.189004,9,3.74667,0.0683641,3.59274
486,0.821978,0.286889,10,4.92667,0.06809,2.92419
487,0.606718,0.212559,9,3.99333,0.0685327,3.27856
488,0.827461,0.27333,10,4.68667,0.0746086,2.96827
489,0.66325,0.173438,9,3.27333,0.0698977,3.42713
490,0.659982,0.18949,9,3.56667,0.0664167,2.93416
491,0.670542,0.221897,9,4.06667,0.0655807,3.22607
492,0.596442,0.224634,10,4.06667,0.0698861,3.31245
493,0.597111,0.198697,8,3.5,0.0725846,3.41837
494,0.794488,0.202499,10,3.45333,0.063333,3.1437
495,0.802182,0.255543,10,4.32667,0.0672312,3.01453
496,0.66457,0.207071,9,3.54667,0.067295,3.53953
497,0.730721,0.249815,10,4.64,0.0704466,3.2229
498,0.696557,0.230721,10,4.37333,0.0780808,3.33572
499,0.596626,0.199806,9,3.59333,0.0678186,3.55149
500,0.68743,0.20282,10,3.93333,0.0683259,3.39551
501,0.752337,0.239555,10,4.31333,0.0660249,2.96295
502,0.732964,0.179775,10,3.52667,0.0694894,3.16892
503,0.808722,0.212415,9,3.64,0.06526,3.0675
504,0.695249,0.176853,9,3.19333,0.0717531,2.987
505,0.539475,0.152573,9,2.84,0.0641713,3.05873
506,0.629584,0.159259,10,3.14,0.0672599,2.9885
507,0.632157,0.161369,9,3.4,0.0665168,3.20581
508,0.783225,0.165451,9,3.02667,0.0726027,3.3205
509,0.644476,0.188668,9,3.37333,0.0688973,3.05657
510,0.683543,0.152137,10,3.12,0.0642579,3.1273
511,0.727089,0.203794,10,3.76,0.0671408,2.99644
512,0.644952,0.198674,10,3.46667,0.0669994,2.99375
513,0.682234,0.193558,10,3.43333,0.0692513,2.68761
514,0.838074,0.261271,10,4.38667,0.0691734,2.66607
515,0.667357,0.211759,9,3.54667,0.0651932,2.87402
516,0.684612,0.145447,10,2.86,0.0682098,3.10349
517,0.879084,0.270024,10,4.46,0.0681302,2.79242
518,0.78932,0.252154,10,4.42,0.0683113,2.86838
519,0.819753,0.246621,10,4.05333,0.0712767,2.93727
520,0.667361,0.179009,8,3.14,0.0700078,3.0952
521,0.776479,0.21845,10,3.86667,0.0731366,3.04783
522,0.786863,0.218248,10,3.84,0.0669997,3.05838
523,0.728375,0.208705,10,3.28,0.0636832,2.75243
524,0.813545,0.225406,10,4.06,0.0716642,2.87412
525,0.778582,0.241431,10,4.45333,0.0684226,2.69399
526,0.703089,0.217159,10,3.92667,0.0699112,2.7687
527,0.544381,0.147107,8,2.80667,0.069791,3.1112
528,0.612958,0.164093,9,3.06,0.0682122,3.11897
529,0.64439,0.194761,9,3.42,0.0658904,2.88994
530,0.791466,0.195502,10,4.12667,0.0675036,3.39543
531,0.890631,0.254475,10,4.54667,0.0696677,2.77569
532,0.782157,0.170915,10,3.50667,0.0680539,2.77773
533,0.813411,0.195893,9,3.66667,0.0685982,2.86122
534,0.573843,0.134179,9,2.82,0.0656639,2.85831
535,0.755195,0.241036,9,4.22,0.0657003,2.88135
536,0.68681,0.178837,9,3.30667,0.0628563,2.85841
537,0.723438,0.239062,10,3.99333,0.0670899,2.77435
538,0.752844,0.216205,10,3.89333,0.0705049,2.70455
539,0.703842,0.236425,10,4.12,0.0659141,3.07843
540,0.81727,0.277288,10,4.41333,0.067434,2.45383
541,0.773603,0.222512,10,3.51333,0.0658329,2.59771
542,0.726358,0.240828,10,3.86667,0.0674549,2.64934
543,0.71809,0.248979,10,4.25333,0.0700554,2.87853
544,0.593176,0.166048,10,3.08,0.0679365,3.07164
545,0.612709,0.193226,10,3.38667,0.0661893,2.89367
546,0.759491,0.212108,9,3.72,0.0703202,3.1359
547,0.730069,0.196766,10,3.56,0.0691759,2.95539
548,0.687761,0.177423,9,3.1,0.0683287,2.99258
549,0.765361,0.177841,10,3.37333,0.0674738,2.99419
550,0.682277,0.194295,10,3.37333,0.0732179,2.92528
551,0.718006,0.195723,10,3.4,0.0691113,2.74506
552,0.683787,0.172369,10,3.27333,0.0677681,2.87772
553,0.684573,0.178456,10,3.14,0.0673748,3.01793
554,0.700423,0.187098,10,3.26667,0.0696786,2.91175
555,0.787582,0.190638,9,3.43333,0.0677326,2.78528
556,0.845765,0.264216,10,4.42667,0.0678837,2.82038
557,0.771844,0.159355,10,2.82667,0.0673178,2.71908
558,0.692538,0.13419,10,2.84667,0.0663169,3.0666
559,0.741888,0.210273,10,3.48,0.067451,2.66475
560,0.703945,0.158523,10,2.78667,0.0675973,3.23567
561,0.837027,0.241684,10,4.11333,0.0738175,2.88382
562,0.563825,0.122857,9,2.46,0.0672527,3.19281
563,0.666523,0.184377,8,3.14667,0.0691795,2.86418
564,0.765571,0.206825,10,3.62667,0.0704567,2.69888
565,0.729956,0.160897,9,2.9,0.0639967,2.92553
566,0.597976,0.120455,10,2.5,0.0672317,3.36285
567,0.644947,0.177605,10,3.52,0.0718634,3.27828
568,0.740706,0.215837,9,3.80667,0.0655977,2.82232
569,0.758099,0.230795,10,3.67333,0.0661995,2.63336
570,0.816017,0.279927,10,4.56667,0.0701699,2.43771
571,0.808851,0.326337,10,5.09333,0.0703352,2.45719
572,0.874923,0.268929,10,4.48,0.0715026,2.59316
573,0.783772,0.209141,10,3.54,0.0683089,2.45806
574,0.712765,0.187193,10,3.22,0.066373,2.49363
575,0.670246,0.164962,9,2.91333,0.0656531,2.80852
576,0.654598,0.175101,8,3.06667,0.0646931,2.74028
577,0.771339,0.246545,10,3.74667,0.0680969,2.71728
578,0.730222,0.25759,10,4.08,0.0680036,2.54635
579,0.769084,0.211778,9,3.6,0.068502,2.77262
580,0.724423,0.239762,10,3.92,0.0692898,2.67922
581,0.769444,0.229737,10,3.87333,0.0684874,2.76231
582,0.585368,0.160117,9,3.05333,0.0689501,2.90082
583,0.674833,0.1997,10,3.38,0.0690039,2.79533
584,0.659476,0.155255,10,2.89333,0.0669245,2.91928
585,0.626331,0.16722,10,2.8,0.0716077,2.79067
586,0.605879,0.15189,8,3.08,0.0725596,3.33697
587,0.627257,0.187529,9,3.2,0.0688298,2.9296
588,0.789998,0.182465,10,3.22,0.0654679,2.81581
589,0.726659,0.204829,10,3.43333,0.0692508,2.83855
590,0.906023,0.262033,10,4.08,0.0707398,2.34786
591,0.834972,0.243086,10,3.88,0.0664809,2.29564
592,0.660078,0.201606,9,3.42,0.0678949,2.83914
593,0.592612,0.184106,9,3.23333,0.066957,2.83851
594,0.865006,0.25988,10,4.18,0.0693563,2.53148
595,0.819758,0.206845,10,3.95333,0.0665672,2.70797
596,0.658643,0.147313,10,2.56,0.0648013,2.51698
597,0.683634,0.146584,10,2.80667,0.0662836,2.49728
598,0.774465,0.214753,9,3.68,0.0686515,2.21053
599,0.741768,0.176935,10,3.02,0.0700622,2.84749
600,0.863798,0.229063,10,3.82667,0.0678716,2.71253
601,0.757969,0.196759,10,3.46,0.069133,2.92151
602,0.508762,0.134015,9,2.58667,0.0654684,2.79558
603,0.737236,0.169588,9,2.64,0.0661337,2.44298
604,0.670379,0.196653,10,3.53333,0.066445,2.53514
605,0.774683,0.218549,10,3.64,0.0667914,2.6239
606,0.687833,0.22597,9,3.43333,0.0651403,2.35519
607,0.814958,0.293907,10,4.64667,0.0684656,2.33378
608,0.80753,0.240579,10,4.03333,0.0737401,2.5987
609,0.656454,0.195818,10,3.47333,0.0680084,2.5509
610,0.767156,0.203829,10,3.34667,0.0710852,2.65652
611,0.769055,0.239337,10,3.93333,0.0710721,2.25934
612,0.621842,0.21521,9,3.52,0.0683882,2.66666
613,0.789272,0.21052,10,3.82667,0.0651743,2.29794
614,0.858556,0.177853,10,3.12667,0.0749859,3.06602
615,0.849622,0.273309,10,4.45333,0.065186,2.43714
616,0.722231,0.19959,10,3.16,0.0651997,2.75271
617,0.713133,0.203958,9,3.24667,0.0660424,2.62366
618,0.670396,0.214585,9,3.7,0.0695975,2.74984
619,0.64434,0.197369,9,3.49333,0.0665578,2.60977
620,0.55675,0.163041,8,2.95333,0.0668217,2.54646
621,0.589387,0.164903,8,2.69333,0.0650473,2.55383
622,0.661454,0.147299,10,3.08,0.0715141,2.81997
623,0.698088,0.214318,9,3.74667,0.0707851,2.17893
624,0.701381,0.165163,9,2.96,0.0631626,2.65192
625,0.655949,0.211538,10,3.54,0.0666382,2.47836
626,0.64487,0.188609,9,3.10667,0.0648121,2.29055
627,0.692676,0.210922,9,3.59333,0.0656968,2.66007
628,0.607679,0.176733,8,3.08,0.0679213,2.50122
629,0.838988,0.240612,10,3.84,0.0637734,2.19458
630,0.708973,0.226785,10,3.84,0.064654,2.30064
631,0.684626,0.220151,9,3.96,0.0684466,2.56142
632,0.593268,0.230239,9,3.74,0.0687339,2.75444
633,0.692389,0.229517,9,3.86667,0.0631465,2.71288
634,0.687565,0.259623,10,4.2,0.0679884,2.7474
635,0.71702,0.268602,10,4.48667,0.0681473,3.12089
636,0.693733,0.235674,10,3.91333,0.0691302,2.83604
637,0.735974,0.215775,9,3.93333,0.0702241,2.9112
638,0.815018,0.22721,10,3.86,0.0648375,2.67498
639,0.745872,0.246308,10,4.1,0.067755,2.64196
640,0.726849,0.222291,9,3.96,0.074778,2.8339
641,0.719468,0.205174,10,3.84667,0.0899615,3.20592
642,0.755424,0.220258,9,3.96667,0.0771557,2.98713
643,0.566267,0.157468,9,2.73333,0.0627576,2.74324
644,0.695878,0.206287,9,3.48667,0.0634334,2.98014
645,0.765225,0.220401,10,3.90667,0.0702908,2.91655
646,0.754867,0.202787,10,3.45333,0.0641005,2.93106
647,0.671878,0.173464,9,3.17333,0.0651941,3.00701
648,0.782875,0.202881,10,3.88667,0.0695046,2.78072
649,0.821312,0.26628,10,4.41333,0.0720866,2.84231
650,0.656728,0.168977,10,3.20667,0.0681537,3.05709
651,0.75965,0.220141,9,3.68,0.066485,2.60529
652,0.778053,0.220121,9,3.86667,0.0666029,2.92736
653,0.692954,0.173241,9,3.06667,0.0698985,2.60418
654,0.804796,0.218248,10,4,0.0717973,2.73968
655,0.775378,0.206354,10,3.58,0.0710606,3.31437
656,0.660118,0.218346,9,3.96667,0.0695682,3.35339
657,0.747097,0.248381,9,4.01333,0.06524,2.85223
658,0.729327,0.230682,10,3.94,0.0731673,2.99733
659,0.622421,0.24664,9,4.02667,0.0736522,3.04297
660,0.65579,0.182824,9,3.23333,0.0667301,3.50711
661,0.811762,0.261363,10,4.5,0.0674668,2.91825
662,0.776052,0.241029,10,4.42667,0.0693284,3.18529
663,0.744849,0.235212,10,4.24667,0.0819446,3.35121
664,0.675273,0.167241,10,3.22667,0.069387,3.20163
665,0.700972,0.238822,9,4.20667,0.0709998,2.8998
666,0.767165,0.25288,10,4.38667,0.0687031,2.59491
667,0.615806,0.170993,9,3.00667,0.0695379,3.07404
668,0.644721,0.235618,9,4.03333,0.068378,3.06573
669,0.74627,0.222596,10,4.11333,0.194027,3.23741
670,0.846207,0.241518,10,4.27333,0.069379,2.95218
671,0.720469,0.227015,10,3.95333,0.069776,3.03798
672,0.729574,0.195376,10,3.74,0.06882,3.10015
673,0.657393,0.208216,9,3.76667,0.0688431,3.02395
674,0.643373,0.210248,9,3.77333,0.0701645,2.76279
675,0.711278,0.226836,10,4.05333,0.0687492,2.80867
676,0.685433,0.165496,10,3.34667,0.0660392,3.24976
677,0.672473,0.215347,10,3.7,0.0663771,3.11379
678,0.826315,0.281032,10,4.76,0.0745635,2.79626
679,0.684628,0.25911,8,4.27333,0.0679261,2.94947
680,0.628438,0.2498,9,4.30667,0.167871,3.20975
681,0.868676,0.287561,10,4.57333,0.06584,2.62765
682,0.876131,0.308436,10,5.04,0.0696028,2.5858
683,0.745702,0.277944,10,4.66667,0.0681433,2.70632
684,0.726549,0.258661,10,4.22667,0.0744443,2.96177
685,0.624825,0.202672,9,3.39333,0.0751076,3.39678
686,0.510567,0.138115,9,2.54,0.0661608,3.24964
687,0.69881,0.211264,9,3.94667,0.0663086,2.71257
688,0.773912,0.27784,10,4.57333,0.0711965,2.76997
689,0.854362,0.219929,10,3.89333,0.0663828,2.7662
690,0.587028,0.194275,9,3.78667,0.0697115,2.95238
691,0.878789,0.262951,10,4.49333,0.0783119,2.64489
692,0.76725,0.231812,9,4.16,0.0666186,2.76711
693,0.811559,0.259716,10,4.22,0.0691104,2.49997
694,0.654186,0.228106,9,4.07333,0.0684932,2.82499
695,0.639901,0.217393,8,3.54,0.06353,2.48664
696,0.75972,0.222141,10,3.96667,0.0662603,2.39949
697,0.831566,0.238015,10,4.11333,0.0687626,2.50896
698,0.669855,0.237732,10,3.82,0.0657306,2.8731
699,0.752659,0.230944,10,3.76667,0.0705013,2.52692
700,0.80875,0.256345,10,4.04,0.0675333,2.77558
701,0.791561,0.286669,10,4.52667,0.0687246,2.72478
702,0.789529,0.246095,10,4.49333,0.0683637,2.78077
703,0.633622,0.201258,8,3.56667,0.0694263,3.00843
704,0.879368,0.310331,10,5.05333,0.0757449,2.4788
705,0.649797,0.198164,9,3.62667,0.0650817,2.84216
706,0.797285,0.236897,10,3.88667,0.0684002,2.54307
707,0.716863,0.223676,10,3.88,0.0701674,2.68635
708,0.828928,0.26336,10,4.23333,0.0718022,2.77347
709,0.866093,0.265071,10,4.24667,0.0698546,2.63208
710,0.626044,0.140435,8,2.74667,0.068078,3.32292
711,0.784696,0.23177,9,3.95333,0.10325,3.03179
712,0.666873,0.199417,9,3.79333,0.0681312,2.91995
713,0.653274,0.168535,9,2.89333,0.0666631,2.69114
714,0.763488,0.191033,9,3.32667,0.0727765,3.14745
715,0.873174,0.213126,10,3.69333,0.0720504,2.84511
716,0.63528,0.212386,9,3.72667,0.0682404,2.80272
717,0.74079,0.248191,10,4.46667,0.0740523,2.75365
718,0.721693,0.207206,9,3.59333,0.0691321,2.86584
719,0.790049,0.243345,9,3.8,0.0673148,2.64066
720,0.72584,0.282378,9,4.43333,0.0759866,2.84494
721,0.822627,0.232497,10,3.87333,0.0687047,2.73977
722,0.841729,0.295971,10,4.64667,0.0672863,2.79805
723,0.854108,0.301539,10,5.08,0.0699026,2.76435
724,0.755816,0.244398,10,4.48,0.0676991,2.52084
725,0.813613,0.26138,10,4.21333,0.0665479,2.53197
726,0.81854,0.286691,10,4.89333,0.0701424,2.627
727,0.542357,0.180557,8,3.13333,0.0689846,2.96578
728,0.811883,0.247706,9,4.29333,0.0669661,2.69138
729,0.643115,0.19964,9,3.5,0.065875,3.17656
730,0.684457,0.221743,10,3.94,0.0685733,3.06195
731,0.748203,0.23796,9,3.97333,0.0700312,3.15552
732,0.802398,0.288703,10,4.50667,0.0705036,2.7022
733,0.773108,0.264447,10,4.33333,0.0697051,2.66789
734,0.78767,0.283805,10,4.41333,0.0699028,2.52373
735,0.87012,0.31245,10,4.76,0.0686867,2.53522
736,0.67936,0.194832,9,3.36667,0.0700165,3.00531
737,0.709604,0.237446,9,3.98,0.0664181,2.71149
738,0.675808,0.21987,9,3.9,0.0704255,2.88391
739,0.821379,0.287643,10,4.74,0.0693353,2.40297
740,0.726361,0.255774,9,4.06,0.0994425,2.85932
741,0.728382,0.226381,9,3.63333,0.212413,3.16417
742,0.638076,0.202824,9,3.44,0.0649655,2.92494
743,0.739324,0.203239,9,3.52667,0.0800225,2.54756
744,0.786789,0.241714,10,4.22667,0.070784,2.83923
745,0.672292,0.215895,9,3.62,0.0669612,3.06308
746,0.653005,0.248192,10,4.10667,0.0664655,2.82181
747,0.774736,0.246062,10,4.23333,0.068879,2.57976
748,0.843937,0.266653,10,4.53333,0.0677827,2.8756
749,0.677413,0.182931,9,3.64667,0.0717919,3.03911
750,0.85327,0.235083,10,4.34,0.0689137,3.07032
751,0.888056,0.278352,10,4.32,0.068972,2.70487
752,0.76021,0.267833,9,4.24,0.0652097,2.91412
753,0.729795,0.23515,9,3.92667,0.0675594,3.03533
754,0.640497,0.204991,10,3.49333,0.0655918,2.93557
755,0.807466,0.28561,9,4.49333,0.0687495,2.62298
756,0.708723,0.261629,10,4.34,0.0646037,2.56957
757,0.8039,0.266955,10,4.56667,0.0691277,2.59217
758,0.773164,0.231914,10,3.68667,0.0670061,2.63988
759,0.703252,0.206871,10,3.57333,0.073895,2.55353
760,0.8308,0.261242,10,4.22667,0.0679644,2.89438
761,0.778224,0.213536,9,3.69333,0.0703163,3.40288
762,0.678067,0.200769,9,3.41333,0.0646497,2.96423
763,0.709299,0.224457,10,3.66667,0.0726467,3.12514
764,0.724947,0.223411,9,4,0.0708555,2.9737
765,0.681863,0.2009,10,3.56,0.0670974,3.02835
766,0.805248,0.216187,9,3.51333,0.0707262,3.04359
767,0.734281,0.259243,10,4.09333,0.0688817,2.70483
768,0.857724,0.261719,10,4.12667,0.0656285,2.75423
769,0.779773,0.262751,10,4.02667,0.0707053,2.99625
770,0.797837,0.205426,10,3.29333,0.0677835,2.99875
771,0.848655,0.293382,10,4.37333,0.0668067,2.49944
772,0.652769,0.20234,10,3.24667,0.125051,3.33204
773,0.66099,0.230608,9,3.63333,0.0681464,3.15664
774,0.653768,0.188117,10,3.48,0.0708942,2.94857
775,0.737427,0.292919,9,4.48,0.112097,2.63468
776,0.764196,0.26802,10,4.44,0.0895943,2.87404
777,0.730536,0.209342,10,3.62,0.0691114,2.89195
778,0.711878,0.231272,10,3.99333,0.0704166,2.86885
779,0.659097,0.211011,10,3.48667,0.0685107,2.73119
780,0.766747,0.209903,10,3.71333,0.0678521,2.67552
781,0.698353,0.238621,10,4.18667,0.068559,2.61592
782,0.670585,0.191997,9,3,0.0644303,2.68402
783,0.655062,0.162712,9,3.08667,0.0690089,2.98378
784,0.630354,0.185996,10,3.46,0.11403,3.16837
785,0.780693,0.224263,10,4.10667,0.0707219,3.16045
786,0.709021,0.24089,10,4.47333,0.120747,3.19982
787,0.704398,0.210922,9,3.68667,0.0661494,2.92845
788,0.707862,0.203312,9,3.5,0.0669164,3.0823
789,0.756312,0.229666,10,3.95333,0.065515,2.94039
790,0.827256,0.252106,10,4.31333,0.0699306,2.83475
791,0.717964,0.198545,10,3.56667,0.0683688,2.79649
792,0.760316,0.211393,10,3.80667,0.0682231,2.84363
793,0.577719,0.189,9,3.35333,0.0681402,3.32933
794,0.66932,0.17607,9,3.23333,0.0629959,3.17414
795,0.790244,0.242129,10,4.26,0.0910031,3.16359
796,0.636337,0.163056,9,3.31333,0.0649473,3.25277
797,0.624516,0.197003,10,3.62667,0.0705867,3.08884
798,0.769842,0.208195,10,3.86667,0.064918,2.8053
799,0.753409,0.192011,10,3.73333,0.0669889,2.89219
800,0.652815,0.14472,9,3.16,0.067259,3.01157
801,0.686304,0.198637,10,3.79333,0.0644573,2.82667
802,0.792531,0.198028,10,3.84667,0.0729703,3.16951
803,0.81648,0.281303,10,4.82,0.0673028,2.31646
804,0.674204,0.16006,10,3.16,0.0694208,2.79403
805,0.824481,0.201147,10,3.76,0.0720356,2.47995
806,0.646076,0.168744,9,3.29333,0.0725998,2.7698
807,0.767646,0.155258,9,2.76667,0.0652252,2.72971
808,0.649251,0.129014,9,2.57333,0.0669203,2.90303
809,0.631649,0.14252,9,2.84,0.0671476,2.87226
810,0.674603,0.167923,10,3.30667,0.0689565,2.93987
811,0.654463,0.155325,9,2.86667,0.0703614,2.82719
812,0.6914,0.174953,9,3.51333,0.0707084,2.82273
813,0.584941,0.152546,8,3.06,0.06515,2.99419
814,0.772061,0.249586,10,4.22,0.0710375,2.80007
815,0.720749,0.174088,9,3.10667,0.0660638,2.87019
816,0.859704,0.217863,10,3.78667,0.0675757,2.51788
817,0.808017,0.196004,10,3.74,0.0700173,2.64322
818,0.765467,0.157523,10,2.92,0.0673558,2.63338
819,0.655322,0.179585,9,3.19333,0.0667434,2.99281
820,0.617987,0.195481,9,3.41333,0.065801,3.11023
821,0.764062,0.216747,10,3.93333,0.0701596,2.87259
822,0.897255,0.230297,10,3.97333,0.0703586,2.6532
823,0.750896,0.225322,10,3.88667,0.0678873,2.67939
824,0.778757,0.240295,10,4.10667,0.0662358,2.88931
825,0.712122,0.188054,10,3.36,0.0672666,2.67016
826,0.687293,0.174154,10,3.34,0.0660437,2.75046
827,0.575444,0.160243,9,3.08,0.0662739,2.7282
828,0.753579,0.216899,10,3.9,0.0727479,2.85813
829,0.743374,0.187494,10,3.31333,0.0685345,2.6566
830,0.855875,0.217889,10,3.7,0.0711709,2.68132
831,0.645354,0.175046,8,2.90667,0.069264,2.96188
832,0.784171,0.181425,10,3.19333,0.0677347,3.01906
833,0.784051,0.233072,10,3.75333,0.0734604,2.7852
834,0.686948,0.200098,10,3.74667,0.0672375,2.83565
835,0.69653,0.201843,10,3.69333,0.0698451,2.83474
836,0.6581,0.181004,9,3.14667,0.0719824,3.28512
837,0.689475,0.240803,10,4.14667,0.0706199,3.03642
838,0.755199,0.207885,10,3.86667,0.0701642,2.80302
839,0.728999,0.216355,10,3.68667,0.0687594,2.63595
840,0.625566,0.200397,10,3.68,0.070671,3.13946
841,0.671193,0.19784,10,3.47333,0.064793,2.7382
842,0.737013,0.173326,9,3.44667,0.0659586,2.97935
843,0.694556,0.211779,10,3.66667,0.0651341,2.66439
844,0.631351,0.188621,10,3.43333,0.068167,2.82398
845,0.68274,0.17753,9,3.58667,0.0789069,2.76962
846,0.645094,0.202482,10,3.50667,0.0703057,2.82104
847,0.730451,0.195169,9,3.33333,0.0670767,2.72894
848,0.724536,0.194514,9,3.44,0.0696978,2.83237
849,0.822333,0.283548,10,5.04,0.0712992,2.67728
850,0.561502,0.143032,8,2.78,0.0647859,3.11459
851,0.713784,0.196573,9,3.94,0.0704182,3.23999
852,0.7455,0.226779,10,4,0.0690631,2.69565
853,0.729479,0.218606,9,3.85333,0.0677036,3.15957
854,0.683611,0.217198,9,3.44667,0.066751,3.09014
855,0.749434,0.167826,10,3.16667,0.0661761,2.82711
856,0.659942,0.188874,10,3.69333,0.0735987,3.24654
857,0.655097,0.193822,9,3.82,0.0718358,2.80032
858,0.646273,0.154449,9,2.99333,0.0713695,3.1214
859,0.668435,0.199993,9,3.66,0.0687272,2.71484
860,0.730996,0.169265,10,3.26,0.0716768,2.57028
861,0.742909,0.163543,9,3.08,0.0670625,2.53941
862,0.699885,0.1686,10,3.16,0.0667954,2.40075
863,0.723416,0.174211,9,3.38667,0.0704281,3.03406
864,0.628719,0.141276,9,2.70667,0.186438,2.96015
865,0.66935,0.175467,10,3.55333,0.0685738,2.86345
866,0.657322,0.192689,9,3.52667,0.0692114,2.90193
867,0.745632,0.205958,10,3.93333,0.0650277,2.71567
868,0.749156,0.182282,10,3.83333,0.0679585,2.58779
869,0.699364,0.206569,10,3.78667,0.0674034,2.37817
870,0.620817,0.184005,9,3.42667,0.0708549,2.7221
871,0.734864,0.213057,10,4.12667,0.0703503,2.95379
872,0.842927,0.272758,10,4.55333,0.0700171,2.41685
873,0.625483,0.211881,10,3.87333,0.0742015,2.96346
874,0.743838,0.285883,10,4.78,0.0676609,2.5933
875,0.64744,0.195923,10,3.78667,0.0678513,2.57788
876,0.610429,0.198619,9,3.82667,0.0680307,3.00827
877,0.598771,0.189063,8,3.56,0.0652645,2.80523
878,0.64681,0.167995,10,3.67333,0.0673403,2.82323
879,0.742942,0.206826,10,4.10667,0.0654535,2.71066
880,0.636343,0.167078,10,3.94667,0.0705642,2.46732
881,0.590829,0.185347,9,3.60667,0.0678919,2.6984
882,0.750611,0.187189,10,3.87333,0.0683409,2.71715
883,0.830535,0.266081,10,4.7,0.0693235,2.6231
884,0.613463,0.16464,10,3.51333,0.0658526,2.61324
885,0.662504,0.223671,10,4.54,0.066925,2.72727
886,0.683866,0.194426,10,3.78,0.0694622,2.65047
887,0.733299,0.177765,10,3.81333,0.0686823,2.83517
888,0.65521,0.196053,9,3.92667,0.0689885,3.0291
889,0.60536,0.127204,10,2.94,0.0635978,2.85529
890,0.587977,0.15006,10,3.52667,0.0693126,2.99986
891,0.769594,0.218538,10,4.18,0.0679366,2.88671
892,0.893628,0.245559,10,4.23333,0.0687779,2.63022
893,0.623163,0.178519,10,3.41333,0.0661432,2.54684
894,0.630107,0.200349,10,3.84667,0.0679997,2.7015
895,0.761966,0.216094,10,4.08,0.0650105,2.70195
896,0.670471,0.149397,9,3.43333,0.0689233,3.20667
897,0.485235,0.103705,10,2.56,0.0685547,2.97753
898,0.720442,0.159682,10,3.36667,0.0667752,2.78808
899,0.722516,0.207427,10,3.90667,0.0686108,2.85273
900,0.850928,0.232494,10,4.70667,0.0706272,2.82157
901,0.633998,0.146016,9,3.04667,0.0712327,2.85743
902,0.681712,0.205322,10,3.94,0.0715225,2.69724
903,0.671135,0.145648,9,2.82667,0.0674709,2.87366
904,0.708066,0.200667,10,3.9,0.0721498,2.65394
905,0.558266,0.156308,9,2.84,0.0962215,2.5056
906,0.619352,0.184569,9,3.76667,0.0741394,2.85204
907,0.667881,0.168236,9,3.53333,0.067896,2.61349
908,0.740078,0.218737,10,4.34667,0.0683008,2.58658
909,0.638105,0.229353,9,3.87333,0.0650695,2.40221
910,0.790624,0.25472,10,4.4,0.0881167,2.46478
911,0.668075,0.167477,10,3.34,0.0680627,2.60053
912,0.834452,0.251535,10,4.13333,0.0674443,2.28168
913,0.616801,0.172319,10,3.56,0.0683441,2.95607
914,0.646786,0.202424,10,3.64667,0.0709785,2.39017
915,0.710009,0.207613,10,3.73333,0.0703127,2.6216
916,0.698468,0.18079,9,3.32667,0.0699996,2.89485
917,0.754407,0.199162,9,3.52667,0.0733036,2.66405
918,0.698515,0.161151,9,3,0.0698523,2.811
919,0.790022,0.23122,10,3.98,0.0715913,2.68179
920,0.55859,0.177246,9,3.22667,0.069058,2.56902
921,0.604349,0.136489,10,3.03333,0.0680983,2.59563
922,0.650184,0.166591,10,3.51333,0.167605,2.84353
923,0.72099,0.158959,9,3.25333,0.066387,2.69962
924,0.762324,0.176815,10,3.42,0.0695854,2.49806
925,0.818054,0.251771,10,4.62667,0.0727854,2.63602
926,0.558195,0.132834,10,2.81333,0.0670507,2.63632
927,0.675179,0.161191,9,3.02667,0.068932,2.61115
928,0.588125,0.114437,9,2.56667,0.0652442,2.70014
929,0.805697,0.172712,9,3.24,0.0739722,2.74729
930,0.589891,0.165955,10,3.19333,0.0712269,2.49849
931,0.789782,0.227219,10,4.21333,0.0693949,2.5851
932,0.673976,0.133651,9,2.56667,0.0676717,2.80866
933,0.660193,0.162091,9,3.35333,0.0673742,2.58363
934,0.621708,0.151801,8,2.84667,0.0684039,2.53915
935,0.643501,0.191538,9,3.35333,0.0710009,2.52532
936,0.825207,0.220937,10,3.53333,0.0699673,2.4187
937,0.747891,0.215698,10,3.52667,0.0712763,2.57217
938,0.689757,0.207775,9,3.32,0.0697658,2.8017
939,0.629421,0.129701,9,2.62,0.0659486,2.59093
940,0.655005,0.182567,10,3.31333,0.0692928,2.56923
941,0.596658,0.147852,9,2.40667,0.0673645,2.24903
942,0.486791,0.105435,8,2.04667,0.0664975,2.39009
943,0.69962,0.1975,9,3.08667,0.0668937,2.62879
944,0.785239,0.225582,10,3.58667,0.0637029,2.38086
945,0.737037,0.22163,10,3.63333,0.0650941,2.40529
946,0.736738,0.217212,10,3.59333,0.0713113,2.77758
947,0.609948,0.14893,9,2.54667,0.0672258,2.61772
948,0.645633,0.142995,9,2.66,0.0818009,2.77564
949,0.672427,0.162826,8,2.62667,0.0633127,2.57716
950,0.658514,0.154361,10,2.70667,0.0652925,2.54383
951,0.880701,0.228395,10,3.84,0.0738532,2.43756
952,0.777621,0.233032,10,3.84667,0.0700916,2.37712
953,0.701125,0.16855,10,3.28667,0.067725,2.53294
954,0.799309,0.195499,10,3.72667,0.0855391,2.55587
955,0.79119,0.212711,10,3.63333,0.0689477,2.51996
956,0.854949,0.230449,10,4.08,0.0710001,2.31447
957,0.527505,0.111145,10,2.22667,0.0611414,2.71404
958,0.700048,0.160703,10,2.92,0.0675886,2.36923
959,0.685252,0.165558,9,3.01333,0.0638037,2.84392
960,0.888384,0.266788,10,4.46,0.069746,2.21821
961,0.817553,0.219177,10,3.56667,0.068774,2.32616
962,0.769825,0.182782,9,3.01333,0.067281,2.83924
963,0.688895,0.220937,9,3.27333,0.0711605,2.58168
964,0.791746,0.207276,10,3.39333,0.0679346,2.75103
965,0.7512,0.222213,10,3.52667,0.0679142,2.61643
966,0.4746,0.136281,9,2.56,0.0662315,2.70675
967,0.722821,0.196425,10,3.27333,0.0691119,2.86191
968,0.740468,0.237609,10,4.06667,0.0674232,2.41475
969,0.738157,0.20519,10,3.37333,0.0639402,2.50129
970,0.75135,0.196992,10,3.37333,0.0664702,2.51308
971,0.724346,0.173712,9,3.13333,0.06392,2.66422
972,0.8799,0.229795,10,4.02667,0.0676013,2.56967
973,0.621452,0.191053,9,3.47333,0.0702346,2.64298
974,0.59079,0.133823,9,2.62667,0.067447,2.62785
975,0.633758,0.152409,9,2.74,0.0678766,2.44532
976,0.638402,0.184615,9,3.46667,0.0695465,3.05282
977,0.720435,0.209602,9,3.62,0.0685869,2.35401
978,0.640937,0.181339,9,3.52667,0.0683576,2.43019
979,0.707727,0.214198,9,3.66667,0.0779505,2.55652
980,0.68931,0.174768,9,2.97333,0.0670913,2.53859
981,0.675967,0.144598,9,2.80667,0.0709742,2.74656
982,0.747196,0.195177,10,3.6,0.0735465,2.54717
983,0.761739,0.135924,10,3.05333,0.069203,2.50739
984,0.613013,0.135191,9,2.84,0.0681283,2.7322
985,0.752373,0.148962,9,2.78667,0.0662063,2.96189
986,0.781384,0.165625,10,3.15333,0.0710499,2.47677
987,0.853109,0.164891,10,3.24,0.0716146,2.85228
988,0.695681,0.15191,10,2.76,0.0696634,2.31227
989,0.724949,0.13697,10,2.78667,0.0671147,2.58792
990,0.639876,0.134992,10,2.90667,0.0666262,2.59591
991,0.695091,0.141471,9,2.72667,0.0631692,2.70187
992,0.618853,0.125105,10,2.76,0.0707197,2.76393
993,0.540263,0.107108,9,2.58,0.0676318,2.61043
994,0.712635,0.149634,10,3.06,0.0713909,2.5621
995,0.737879,0.141811,10,2.96667,0.0673113,2.49454
996,0.623497,0.142368,9,3.08,0.0667107,2.38568
997,0.69628,0.164436,9,3.34,0.0654561,2.65912
998,0.729697,0.13003,10,2.72667,0.0670529,2.58252
999,0.702792,0.153824,10,3.16,0.0683498,2.61863
1000,0.553853,0.136881,9,2.92,0.0683688,2.71636
