1,0.139488,0.00405002,4,0.273333,0.0733331,1.37217
2,0.111376,0.00594521,5,0.326667,0.0682183,1.15446
3,0.207551,0.0129683,6,0.58,0.0720329,1.33337
4,0.192594,0.0106367,6,0.526667,0.0692317,1.3808
5,0.18837,0.0111406,6,0.686667,0.066334,1.19891
6,0.196028,0.0168101,9,0.94,0.0795075,1.24357
7,0.188587,0.00772075,5,0.493333,0.064125,1.26235
8,0.126649,0.0140632,6,0.793333,0.0687217,1.52192
9,0.258916,0.0251432,8,0.906667,0.0679394,1.5321
10,0.194756,0.0156621,5,1.36,0.0666358,1.25674
11,0.100623,0.0086872,5,0.746667,0.0676965,1.27242
12,0.356871,0.0549773,7,1.78,0.0687988,1.46015
13,0.186345,0.0110487,5,0.946667,0.0670989,1.15313
14,0.112003,0.00693524,3,0.453333,0.0678707,1.12924
15,0.199618,0.0176739,5,1,0.0703196,1.18321
16,0.0949806,0.00854181,5,0.78,0.0660563,1.19069
17,0.38083,0.0325613,7,1.1,0.0702371,1.30079
18,0.287012,0.0082437,5,0.566667,0.0681471,0.903196
19,0.430896,0.073222,10,1.56667,0.0673468,1.11646
20,0.362074,0.0551682,9,1.67333,0.0670591,1.32422
21,0.236173,0.0453642,8,1.97333,0.0703712,1.43894
22,0.300987,0.0317733,9,1.41333,0.0656364,1.43051
23,0.293212,0.0490001,8,1.60667,0.0679419,1.3044
24,0.282024,0.0397669,7,1.24667,0.0672468,1.26121
25,0.31775,0.032515,8,1.57333,0.0658937,1.30672
26,0.559443,0.0515362,9,1.6,0.0639104,1.34093
27,0.181469,0.033907,9,1.37333,0.0679538,1.55522
28,0.306124,0.0296683,8,1.24667,0.0704938,1.24045
29,0.215616,0.0199974,6,1.06,0.0648553,1.32643
30,0.216429,0.0256864,7,1.46,0.0659372,1.53529
31,0.272587,0.0552731,8,1.79333,0.0667157,1.50037
32,0.299433,0.0353603,7,1.26,0.0685259,1.38449
33,0.431259,0.0554126,9,1.42667,0.06817,1.27023
34,0.332697,0.0273499,7,1.04667,0.0663238,1.51887
35,0.355374,0.0234658,6,1.43333,0.0628311,1.6511
36,0.284929,0.0565758,9,2.69333,0.0654117,1.952
37,0.294982,0.0682591,9,2.61333,0.0716972,1.90846
38,0.363105,0.0624328,10,2.03333,0.0678983,1.70825
39,0.369071,0.0518809,8,1.42667,0.0656043,1.65951
40,0.268973,0.0526588,8,1.76667,0.0687799,1.73741
41,0.411477,0.0709984,10,2.27333,0.073664,1.98434
42,0.282005,0.050884,7,1.42,0.0682619,2.13813
43,0.333435,0.0296362,8,1.37333,0.0673679,1.65307
44,0.457448,0.0936535,8,2.38667,0.0687527,1.99271
45,0.374413,0.0472093,7,1.62667,0.0660623,1.80309
46,0.337241,0.0269704,6,1.33333,0.065801,1.92318
47,0.442244,0.0474963,10,1.57333,0.0731974,2.32064
48,0.541345,0.101265,9,2.34,0.0649005,1.93779
49,0.505747,0.079089,8,1.90667,0.0712428,2.1446
50,0.439315,0.0755516,10,2.47333,0.0716643,2.08989
51,0.339765,0.0536523,7,1.71333,0.0697038,2.2209
52,0.547838,0.0722669,8,2.06667,0.0686336,2.02577
53,0.382177,0.050239,6,1.69333,0.0646598,1.79955
54,0.378132,0.0723578,7,2.03333,0.0701666,2.29957
55,0.453237,0.0593471,9,1.96,0.0691555,2.16309
56,0.380878,0.0654885,8,1.92,0.0696427,2.06727
57,0.484796,0.0831236,9,2.28667,0.0678971,1.89599
58,0.42984,0.061159,10,1.78,0.0643695,1.97839
59,0.735019,0.0843155,10,1.76,0.0735775,2.29465
60,0.431761,0.116672,9,1.98667,0.0696911,1.87108
61,0.290866,0.0407079,7,0.986667,0.067559,2.08789
62,0.51323,0.0485493,7,1.1,0.0634736,2.18041
63,0.649875,0.0416263,10,1.28667,0.0704847,2.20169
64,0.541129,0.0574363,7,1.53333,0.0681756,2.30328
65,0.513748,0.0987833,8,2.23333,0.0703689,2.38602
66,0.548278,0.116217,9,2.57333,0.068221,2.15066
67,0.518481,0.109765,9,2.27333,0.0706845,2.05654
68,0.605567,0.0746914,8,2.1,0.0686899,2.14129
69,0.624194,0.0605417,9,1.55333,0.0658222,2.07115
70,0.708142,0.0857282,10,2.08,0.0698656,2.20276
71,0.575439,0.105218,9,2.5,0.0657838,2.14882
72,0.518743,0.0688026,8,1.54667,0.0671364,2.05381
73,0.626878,0.0888509,10,1.92,0.0680299,2.18326
74,0.573138,0.0946408,9,2.10667,0.0705217,2.38137
75,0.482595,0.0591026,10,1.49333,0.0672376,2.33236
76,0.535595,0.0501618,10,1.48,0.067085,2.29806
77,0.615121,0.0908198,9,2.34,0.0648549,2.46453
78,0.581723,0.0911598,9,2.33333,0.0674965,2.54828
79,0.552404,0.127525,10,3.21333,0.0691778,2.67587
80,0.428853,0.0385502,8,0.94,0.0661971,2.28462
81,0.618807,0.13868,9,2.46,0.0700922,2.53421
82,0.54097,0.112465,9,2.52667,0.0677814,2.44649
83,0.679645,0.122173,10,2.54,0.067881,2.87056
84,0.691894,0.123447,10,2.50667,0.0675758,2.71137
85,0.487029,0.0941059,9,2.13333,0.0666796,2.87956
86,0.422339,0.0721617,8,1.6,0.0678779,2.38212
87,0.552803,0.0759674,8,1.44667,0.0648026,2.43095
88,0.583392,0.117019,8,2.24667,0.0688253,2.50691
89,0.614091,0.103284,10,2.18,0.0679525,2.49871
90,0.712168,0.158575,10,2.76,0.0680869,2.55136
91,0.636073,0.138674,9,2.56,0.0724055,2.67539
92,0.518467,0.0630378,8,1.39333,0.0637739,2.4208
93,0.725515,0.152908,10,2.79333,0.0723116,2.63659
94,0.622338,0.14143,10,3.02,0.0682628,2.32872
95,0.821284,0.188056,10,3.56,0.087137,2.41761
96,0.79004,0.15083,10,2.88,0.0664702,1.96878
97,0.633492,0.12101,10,2.41333,0.066703,2.43321
98,0.792426,0.151502,10,3,0.0694183,2.57742
99,0.568059,0.148626,9,2.93333,0.0710125,2.83422
100,0.689601,0.112125,9,2.35333,0.066782,2.74975
101,0.826317,0.15628,10,3.38,0.068374,2.54677
102,0.590844,0.118112,10,2.62,0.0679266,2.36866
103,0.748581,0.149378,10,2.85333,0.0684117,2.5096
104,0.612685,0.0974984,9,1.93333,0.0702969,2.8091
105,0.726486,0.10314,9,1.92667,0.0691261,2.53237
106,0.772591,0.0976125,9,1.92667,0.0716298,2.44931
107,0.71466,0.156961,10,2.78667,0.0727601,2.37869
108,0.751989,0.155157,10,2.94,0.0685043,2.50575
109,0.582631,0.112682,9,2.30667,0.0674362,2.87243
110,0.697839,0.164055,10,2.70667,0.0756118,2.71056
111,0.686888,0.10997,9,2.17333,0.0695974,2.63498
112,0.62046,0.102621,9,2.18,0.0681488,2.67078
113,0.723653,0.13468,8,2.36667,0.0708268,2.86022
114,0.669822,0.0970799,9,1.89333,0.0668176,2.66806
115,0.636613,0.0956928,9,2,0.0677358,2.43269
116,0.501433,0.0957377,7,1.95333,0.0660732,2.56954
117,0.665911,0.111225,10,2.15333,0.0671083,2.56869
118,0.618192,0.0960268,10,2.05333,0.0676881,2.33295
119,0.765753,0.196565,10,3.26,0.0679626,2.31856
120,0.647196,0.142085,9,2.78,0.0684541,2.53574
121,0.697794,0.113035,10,2.20667,0.0706098,2.59768
122,0.614195,0.0963981,7,2.00667,0.0686217,2.43135
123,0.490054,0.0976761,8,2.02667,0.0715012,2.83649
124,0.501748,0.111217,8,2.18,0.0679061,2.7613
125,0.669021,0.131126,9,2.50667,0.0827155,2.88935
126,0.730853,0.162604,9,3.22,0.0670101,2.33762
127,0.56306,0.112729,9,2.7,0.0695297,2.88843
128,0.713067,0.130679,10,2.79333,0.0650301,2.58376
129,0.866487,0.143391,10,2.84667,0.0801426,2.3467
130,0.60469,0.146556,9,3.16,0.067454,2.48471
131,0.706027,0.129556,10,2.73333,0.0719729,2.69898
132,0.719273,0.152079,9,3.22,0.0685212,2.61095
133,0.58834,0.17502,9,3.34,0.0654173,2.2481
134,0.603713,0.158093,9,3.26,0.070448,2.43519
135,0.734221,0.217619,10,4.32,0.0692887,2.3013
136,0.694024,0.221879,9,3.75333,0.0722861,2.56032
137,0.574352,0.169369,10,3.48,0.0742418,2.63157
138,0.54559,0.120253,9,2.78,0.070112,2.79367
139,0.633602,0.141477,10,2.83333,0.0703496,2.74787
140,0.633763,0.118029,9,3.04667,0.0677244,2.71589
141,0.836968,0.179813,10,3.74667,0.0687261,2.52458
142,0.737007,0.153054,10,3.43333,0.0707025,2.27658
143,0.603425,0.122825,9,2.89333,0.0691278,2.6328
144,0.617677,0.148017,9,2.98,0.0688433,2.64281
145,0.628953,0.130552,9,2.74,0.0770244,2.27391
146,0.726175,0.158834,8,3.18,0.0754265,2.29512
147,0.772225,0.112711,10,2.94,0.0664626,2.29729
148,0.739347,0.169365,10,3.48667,0.0659974,2.27491
149,0.715841,0.169728,10,3.42,0.0700699,2.39857
150,0.601086,0.105855,10,2.4,0.0674761,2.38262
151,0.673657,0.140175,9,2.58,0.0632112,2.65158
152,0.702105,0.184788,10,3.77333,0.0707301,2.54351
153,0.677543,0.200558,9,3.61333,0.0678833,2.63861
154,0.814401,0.171058,10,3.30667,0.0697473,2.54699
155,0.528234,0.112206,8,2.51333,0.068237,2.84601
156,0.499397,0.106243,7,2.24,0.0693128,2.47636
157,0.749393,0.175543,10,3.83333,0.0687922,2.71807
158,0.795108,0.206941,10,4.44,0.0661086,2.44744
159,0.702597,0.182942,9,3.86667,0.0663225,2.55501
160,0.692329,0.20436,10,3.95333,0.0742661,2.59027
161,0.740768,0.197165,10,3.84667,0.06849,2.41167
162,0.553675,0.131221,8,2.98,0.0637246,2.45352
163,0.666982,0.171544,10,3.52667,0.0643865,2.4575
164,0.791531,0.18769,10,3.72,0.0677355,2.3183
165,0.722813,0.210821,10,4.04667,0.0715952,2.39192
166,0.658644,0.161445,9,3.23333,0.0667011,2.57495
167,0.435829,0.115625,9,2.55333,0.0747684,3.02104
168,0.601239,0.126749,10,2.74,0.0662814,2.5798
169,0.655744,0.134117,10,3.16667,0.0824202,2.80861
170,0.684321,0.13665,9,3.20667,0.0697765,2.76559
171,0.774163,0.182481,10,3.48,0.0673118,2.54029
172,0.698002,0.20874,9,4,0.0683088,2.53264
173,0.723013,0.199382,10,3.78,0.0662162,2.33612
174,0.69494,0.213357,10,3.98667,0.149179,2.57232
175,0.699038,0.177572,10,3.56,0.0662842,2.68575
176,0.608068,0.147914,9,3.04667,0.0669851,2.87847
177,0.692342,0.190668,10,4.15333,0.0671561,2.71107
178,0.641745,0.210953,10,4.15333,0.0717949,2.98156
179,0.540201,0.134793,9,3.26667,0.0683894,2.97998
180,0.777059,0.211101,10,4.18,0.0706334,2.74044
181,0.768561,0.214732,10,4.06,0.0689438,2.4873
182,0.657809,0.136826,10,3.20667,0.0676776,2.68238
183,0.688514,0.15331,9,3.4,0.0693933,2.80264
184,0.623571,0.164212,8,3.3,0.0689444,2.86391
185,0.646443,0.167387,9,3.08,0.0691672,2.73872
186,0.699063,0.195203,9,3.32667,0.0716428,2.65385
187,0.688603,0.192113,9,3.76,0.0864196,2.52488
188,0.60217,0.155104,9,2.7,0.0659001,2.91461
189,0.679357,0.135677,8,2.48667,0.0655135,2.74581
190,0.598427,0.183866,9,3.46667,0.0703507,2.56736
191,0.553948,0.152227,8,2.8,0.0682183,2.78593
192,0.643716,0.174887,10,3.36,0.0744505,3.04715
193,0.693598,0.194099,9,3.44,0.067552,2.54775
194,0.800977,0.199415,10,4.03333,0.0700561,2.87082
195,0.491543,0.136844,8,2.62,0.0710297,3.03069
196,0.540452,0.162447,9,3.20667,0.066796,3.07111
197,0.735199,0.266969,10,4.36,0.06682,2.49626
198,0.699346,0.208107,10,3.68,0.0666884,2.65021
199,0.59693,0.188592,9,3.30667,0.0660483,2.84421
200,0.705419,0.23974,10,4.12,0.0703078,2.83883
201,0.73184,0.24454,10,4.68,0.0739063,2.83961
202,0.719548,0.230918,8,3.76667,0.0676878,3.02207
203,0.719113,0.243731,10,4.12667,0.0728218,2.35967
204,0.615597,0.191782,8,3.31333,0.0654566,2.56282
205,0.785771,0.226685,10,3.74,0.0688508,2.38356
206,0.722559,0.161748,10,3.24,0.0660662,2.91505
207,0.700038,0.19282,9,3.58,0.0789626,2.89321
208,0.591702,0.154234,8,2.89333,0.0681389,3.03753
209,0.66859,0.175517,9,3.36667,0.0692949,2.89183
210,0.711691,0.225657,10,3.84667,0.0673948,2.58142
211,0.722722,0.211479,9,3.64667,0.0703397,2.66582
212,0.71612,0.212992,10,4.22667,0.0686945,2.34566
213,0.496487,0.138808,9,2.92,0.0662189,2.88615
214,0.676876,0.189887,9,3.26667,0.0681851,2.80251
215,0.786219,0.214847,10,3.84,0.0712232,2.60603
216,0.668656,0.211881,10,3.72667,0.0668298,2.68182
217,0.645512,0.206525,9,3.74,0.0688945,2.67289
218,0.653941,0.207573,10,3.99333,0.0732396,2.60037
219,0.541936,0.176972,10,3.34,0.0772661,2.96901
220,0.854441,0.267824,10,4.67333,0.0796432,2.32133
221,0.821803,0.283312,9,4.37333,0.085991,2.14223
222,0.832423,0.261394,10,4.47333,0.068828,2.27832
223,0.702045,0.218434,10,3.80667,0.0683501,2.87197
224,0.738987,0.230679,10,3.71333,0.0643415,2.3653
225,0.76076,0.296069,10,4.86,0.0728513,2.65814
226,0.784408,0.29298,10,4.54,0.0661345,2.4156
227,0.705022,0.249589,10,4.42,0.0686244,2.5969
228,0.776851,0.230003,10,3.87333,0.0675536,2.44282
229,0.765918,0.249119,10,4.02667,0.0684352,2.7942
230,0.689781,0.187161,10,3.57333,0.0670019,2.48821
231,0.569806,0.193303,9,3.27333,0.070446,2.50189
232,0.732182,0.248044,10,4.07333,0.0663492,2.25382
233,0.669829,0.20431,9,3.65333,0.0668329,2.59052
234,0.777611,0.221178,10,3.74,0.0693445,2.48447
235,0.796269,0.260671,10,4.34667,0.0668191,2.55004
236,0.599184,0.203902,10,3.98667,0.0701312,2.83596
237,0.802715,0.247134,10,4.38667,0.0687177,2.4823
238,0.687664,0.208148,9,3.64667,0.0694052,2.65947
239,0.753729,0.256777,10,4.48,0.0694651,2.50855
240,0.62904,0.227496,10,3.98667,0.0740616,2.56099
241,0.630735,0.216063,9,3.54667,0.06301,2.48361
242,0.623754,0.191831,8,3.36667,0.0884573,2.82976
243,0.825948,0.242505,10,4.32667,0.066138,2.08379
244,0.735096,0.235708,10,4.28,0.0848486,2.63721
245,0.587849,0.180207,9,3.84667,0.0685027,2.91083
246,0.646568,0.19748,10,3.66,0.0681373,2.56778
247,0.774554,0.220365,10,4.12667,0.07157,2.76257
248,0.736741,0.210207,9,3.94667,0.0684807,2.37887
249,0.814024,0.217872,10,4.47333,0.0744407,2.58132
250,0.5722,0.147906,9,2.84667,0.0636372,2.52856
251,0.708187,0.20223,9,4.10667,0.0688577,2.50391
252,0.805851,0.182207,10,3.54,0.0643441,2.37692
253,0.575522,0.161669,9,3.27333,0.0704693,2.8637
254,0.556997,0.157055,9,3.1,0.0672206,2.77035
255,0.738097,0.174155,9,3.44667,0.0715749,2.88362
256,0.66763,0.185084,9,3.6,0.0697343,2.94574
257,0.732961,0.162753,9,3.12667,0.0746745,3.05917
258,0.759976,0.227367,10,4.21333,0.0630468,2.37387
259,0.822193,0.239955,10,4.36,0.0725934,2.57754
260,0.786716,0.206887,10,3.96667,0.0773398,2.8734
261,0.706231,0.199483,10,3.72,0.069099,2.8046
262,0.776593,0.219888,10,4.30667,0.0721881,2.59562
263,0.914662,0.277709,10,4.59333,0.0678347,2.30211
264,0.672507,0.212516,10,4.05333,0.0683897,2.76002
265,0.621125,0.179786,9,3.44667,0.0642037,2.46239
266,0.685624,0.19261,9,3.46667,0.0771052,2.98622
267,0.792584,0.223608,10,3.77333,0.0694814,2.60593
268,0.877763,0.243492,10,4.16667,0.0687279,2.2407
269,0.731943,0.216176,10,4.02,0.081074,2.59034
270,0.778926,0.234259,10,3.91333,0.0683298,2.45257
271,0.767551,0.186521,10,3.49333,0.0678161,2.4278
272,0.752202,0.234417,10,3.74,0.0681534,2.24982
273,0.904581,0.292256,10,4.58667,0.071182,2.12188
274,0.682678,0.234124,10,3.92667,0.067446,2.17241
275,0.81624,0.249499,10,4.33333,0.0687027,2.53832
276,0.783292,0.274057,10,4.28667,0.0678782,2.5325
277,0.676713,0.173665,10,3.47333,0.0675426,2.37608
278,0.719786,0.248861,9,4.3,0.0684199,2.4681
279,0.75377,0.208493,10,3.61333,0.0638201,2.15332
280,0.647629,0.171296,9,3.44667,0.0691462,2.864
281,0.592302,0.15,9,2.78667,0.064483,2.70675
282,0.746663,0.1807,9,3.26667,0.0710627,2.76994
283,0.696637,0.254442,9,3.74667,0.0774639,2.57888
284,0.652242,0.19519,9,3.22667,0.0770907,2.97311
285,0.704562,0.215814,10,3.34667,0.0687145,2.60263
286,0.732205,0.215695,9,3.46,0.0752347,2.59275
287,0.770595,0.254712,10,3.96667,0.0721846,2.79304
288,0.785943,0.189658,9,3.30667,0.0688887,3.06258
289,0.670333,0.18517,9,3.14,0.0652115,2.79754
290,0.751746,0.240443,10,3.89333,0.0690022,2.43146
291,0.715113,0.202572,10,3.16,0.068909,2.84917
292,0.769504,0.23913,10,3.78667,0.127717,2.28694
293,0.688675,0.215809,9,3.51333,0.0690778,2.49924
294,0.743226,0.20363,10,3.88667,0.0783571,2.36544
295,0.78565,0.269174,10,4.28667,0.0684785,2.2245
296,0.766086,0.223877,10,3.88,0.0681104,2.55356
297,0.854253,0.312388,10,4.8,0.176242,2.20484
298,0.778558,0.197295,10,3.68667,0.0735948,2.56587
299,0.717682,0.204669,8,3.37333,0.0874821,2.72045
300,0.801215,0.24416,10,3.99333,0.0728492,2.37299
301,0.820321,0.253752,10,4.56,0.0708902,2.67137
302,0.81558,0.213323,10,3.49333,0.0684858,2.30844
303,0.756227,0.245052,10,3.7,0.0677602,2.46695
304,0.734288,0.225772,10,3.81333,0.0669968,2.35033
305,0.602282,0.186115,9,3.27333,0.0712965,2.96969
306,0.734401,0.19762,10,3.50667,0.0694207,2.61272
307,0.835972,0.261065,10,4.16,0.0779569,2.53513
308,0.787426,0.194215,9,3.58667,0.0726897,2.67255
309,0.693594,0.19341,9,3.20667,0.0681533,2.46921
310,0.676968,0.171269,9,2.99333,0.0743252,2.9677
311,0.617654,0.14331,8,2.44667,0.0831414,2.76187
312,0.712716,0.202439,10,3.61333,0.0766835,2.7476
313,0.803067,0.193227,10,3.47333,0.0708852,2.64398
314,0.936483,0.302796,10,4.83333,0.0700807,2.40766
315,0.555184,0.155545,9,2.84667,0.0680063,2.62352
316,0.632438,0.152996,9,2.86,0.0684264,2.94762
317,0.741994,0.220219,10,3.87333,0.0689384,2.60714
318,0.732546,0.222138,10,3.74667,0.0708623,2.29891
319,0.691012,0.215298,9,3.76,0.0714524,2.68885
320,0.707333,0.19933,10,3.35333,0.0690497,2.48681
321,0.781102,0.220727,10,3.88,0.0812087,2.74104
322,0.779684,0.220196,9,3.5,0.0635533,2.73215
323,0.663282,0.201867,8,3.36667,0.0766011,2.61627
324,0.69403,0.190623,9,3.46,0.0689698,2.54976
325,0.683267,0.2295,9,3.66,0.0703792,2.48296
326,0.694048,0.160033,8,2.68667,0.0696114,2.4146
327,0.909285,0.230647,10,3.76667,0.0777619,2.27841
328,0.767953,0.220426,10,3.95333,0.0728637,2.38972
329,0.779383,0.244463,10,4.35333,0.0694612,2.57668
330,0.810268,0.293958,10,4.86667,0.072874,2.50652
331,0.791008,0.228567,10,3.71333,0.066844,2.45743
332,0.905977,0.254976,10,4.52667,0.0744473,2.45184
333,0.735658,0.215239,9,3.89333,0.0794101,2.37345
334,0.608988,0.168311,9,3.14667,0.113859,2.85416
335,0.672027,0.191977,10,3.46,0.070417,2.86374
336,0.763238,0.18599,10,3.33333,0.067226,2.6772
337,0.699506,0.182008,10,3.46,0.0678654,2.76143
338,0.655635,0.225357,8,3.69333,0.0691155,2.61326
339,0.569456,0.197498,8,3.14,0.0685278,2.92914
340,0.708845,0.242302,10,4.22667,0.0708926,2.68178
341,0.571996,0.163304,8,2.83333,0.0634842,2.77278
342,0.886075,0.249036,10,4.06667,0.0673749,2.53847
343,0.764853,0.225526,10,3.7,0.0667151,2.41602
344,0.798519,0.21758,10,3.98667,0.0671329,2.72411
345,0.566165,0.143333,8,2.7,0.0687842,2.81918
346,0.69022,0.163559,10,3.21333,0.0643634,2.72132
347,0.776431,0.236509,10,4.19333,0.0654399,2.31499
348,0.621643,0.191117,9,3.54667,0.0684713,2.87377
349,0.617069,0.178256,9,3.3,0.0687004,2.88393
350,0.747616,0.23305,10,4.10667,0.0767557,2.64525
351,0.570786,0.149769,9,2.74667,0.0687913,2.93687
352,0.715883,0.207782,9,3.52,0.0694215,2.37721
353,0.912926,0.270769,10,4.13333,0.0756822,2.39164
354,0.59692,0.143284,9,2.48,0.0655656,2.9941
355,0.640098,0.171856,10,3.06667,0.0688031,2.87964
356,0.768375,0.2361,10,3.85333,0.0657729,2.7597
357,0.712363,0.200308,10,3.18667,0.0724853,2.66932
358,0.729104,0.227179,10,3.95333,0.0643622,2.56642
359,0.872249,0.271653,10,4.90667,0.0774844,2.49291
360,0.760692,0.228044,9,4.20667,0.0711371,2.53055
361,0.753241,0.224152,10,4.10667,0.0697457,2.41997
362,0.601289,0.185656,9,3.48,0.0787526,2.78424
363,0.690262,0.210968,10,3.74667,0.0692954,2.73768
364,0.70811,0.233635,9,4.08667,0.0662478,2.56514
365,0.611338,0.163932,9,3.22,0.0666412,2.80875
366,0.787524,0.200151,10,3.88,0.0663666,2.44811
367,0.88962,0.294777,10,4.80667,0.0740012,2.63446
368,0.692578,0.227608,10,4.1,0.0674582,2.67024
369,0.679549,0.244398,10,4.31333,0.0680193,2.36777
370,0.776141,0.211769,10,3.69333,0.0669238,2.7034
371,0.729464,0.25833,10,4.57333,0.0684675,2.59348
372,0.686555,0.23303,10,4.01333,0.0674675,2.50941
373,0.728864,0.268246,10,4.45333,0.0699532,2.60898
374,0.697606,0.239148,10,4.37333,0.0717866,2.52256
375,0.855535,0.271963,10,4.45333,0.0726584,2.45329
376,0.805052,0.217123,10,3.94,0.0699735,2.5011
377,0.778809,0.256164,10,4.05333,0.0854665,2.43577
378,0.740494,0.205537,10,3.57333,0.0864241,2.50879
379,0.729844,0.183661,10,3.5,0.0824071,2.91752
380,0.828154,0.272293,10,4.56,0.0695618,2.34688
381,0.763647,0.271611,10,4.42,0.0702764,2.45519
382,0.76159,0.251339,10,4.00667,0.0714771,2.40291
383,0.720672,0.209421,10,3.59333,0.0688576,2.75392
384,0.730468,0.233824,10,4.03333,0.0675424,2.45768
385,0.561917,0.148391,8,2.84667,0.0671896,3.01483
386,0.624549,0.178968,9,3.16667,0.0827295,3.20686
387,0.719767,0.186856,10,3.80667,0.0713581,2.7869
388,0.600626,0.182048,9,3.20667,0.0670686,2.7353
389,0.885547,0.225726,10,3.76667,0.0665144,2.16602
390,0.748666,0.243795,10,4.02667,0.0691502,2.50746
391,0.676662,0.278054,10,4.69333,0.0852269,2.66993
392,0.622601,0.199167,9,3.40667,0.06536,2.648
393,0.679227,0.211625,10,3.36667,0.0676423,2.71642
394,0.827926,0.244159,10,3.77333,0.0663266,2.33056
395,0.524857,0.161499,8,2.83333,0.0638803,2.73357
396,0.767745,0.258549,10,4.43333,0.0728068,2.57847
397,0.812173,0.23618,10,4.02,0.0686842,2.4813
398,0.764027,0.246232,10,4.23333,0.0690468,2.44392
399,0.672189,0.222653,9,3.76667,0.0689554,2.48446
400,0.724403,0.185392,9,2.95333,0.0682854,2.60577
401,0.769756,0.23784,10,4.13333,0.0662945,2.38075
402,0.543764,0.183933,8,2.94,0.0617646,2.6979
403,0.631691,0.145997,10,2.71333,0.0664982,2.82923
404,0.784815,0.205965,10,3.44,0.0677535,2.41796
405,0.732594,0.193874,10,3.47333,0.070391,2.4495
406,0.629301,0.149351,9,3.10667,0.0691705,2.76009
407,0.810683,0.224702,10,4.19333,0.0677131,2.64896
408,0.734486,0.193995,10,3.83333,0.0689239,2.61516
409,0.690756,0.213924,10,3.84,0.0686606,2.76539
410,0.7152,0.20616,10,4.22667,0.0704855,2.94436
411,0.705587,0.187727,9,3.51333,0.0690264,2.87809
412,0.718739,0.215099,10,3.88667,0.0680209,2.96815
413,0.660159,0.191106,10,3.22667,0.0632499,2.58651
414,0.852456,0.210234,10,3.60667,0.0695414,2.92716
415,0.647885,0.184853,9,3.48,0.0718114,2.83404
416,0.693525,0.227369,10,3.78,0.0666198,2.61366
417,0.645197,0.168963,9,3.18667,0.0655071,2.78967
418,0.724461,0.182675,10,3.78667,0.0681748,2.78378
419,0.795538,0.25507,10,3.99333,0.068447,2.96524
420,0.618867,0.181382,9,3.24667,0.0642376,2.9181
421,0.77355,0.200031,10,3.46,0.0676176,2.69848
422,0.794066,0.26599,10,4.33333,0.0717699,2.59622
423,0.81461,0.248674,10,4.27333,0.0748591,2.42765
424,0.694512,0.160232,10,2.99333,0.0670501,2.86414
425,0.62008,0.161722,9,3.21333,0.0642339,2.84809
426,0.720385,0.24472,10,4.61333,0.0678565,2.80556
427,0.715259,0.251088,9,4.17333,0.0655401,2.71946
428,0.812169,0.277749,10,4.66,0.0684753,2.44852
429,0.629605,0.191329,8,3.27333,0.0673486,2.80717
430,0.866024,0.293604,10,4.73333,0.0685391,2.43293
431,0.758118,0.233999,9,4.14667,0.0692168,2.9761
432,0.652825,0.179976,9,3.12667,0.0654676,3.18344
433,0.677681,0.199372,9,3.62667,0.0700167,2.98909
434,0.804851,0.220218,10,3.81333,0.0666819,2.77431
435,0.917027,0.237133,10,4.05333,0.069891,2.59434
436,0.838067,0.234393,10,4.18,0.076521,2.58092
437,0.783418,0.26381,10,4.32,0.0674345,2.39451
438,0.750077,0.212431,10,3.53333,0.0757873,2.61862
439,0.737627,0.225156,10,4.00667,0.0776326,2.61446
440,0.766481,0.240244,10,4.04667,0.0703313,2.87023
441,0.628064,0.18246,9,2.96667,0.0622042,2.60685
442,0.651746,0.200832,10,3.44667,0.068257,2.87076
443,0.660794,0.20311,10,3.54667,0.0679727,2.89927
444,0.649963,0.205656,10,3.67333,0.0690221,2.70478
445,0.672518,0.248421,10,3.95333,0.0699672,2.78393
446,0.750274,0.277734,10,4.42,0.0784814,2.41753
447,0.624773,0.211054,10,3.42667,0.066642,2.70315
448,0.70156,0.182141,10,3.42667,0.0686711,2.62837
449,0.70909,0.209688,10,3.44,0.0690119,2.43635
450,0.741258,0.204225,9,3.26667,0.0699682,2.57568
451,0.794398,0.214187,10,3.69333,0.0683277,2.80024
452,0.83819,0.261027,10,4.34667,0.072574,2.78575
453,0.626716,0.196502,9,3.43333,0.0677703,2.87976
454,0.749151,0.275328,10,4.34,0.0736466,2.38912
455,0.605018,0.17796,10,2.97333,0.0689056,2.80707
456,0.671334,0.185706,10,3.31333,0.0676743,3.1396
457,0.756779,0.167591,10,3.36667,0.0746641,2.81737
458,0.703676,0.194682,10,3.60667,0.0725188,2.76784
459,0.59941,0.169352,9,3.58,0.0676578,2.83124
460,0.742896,0.202304,10,3.8,0.0661371,2.76164
461,0.728794,0.237582,10,4.35333,0.0729248,2.96659
462,0.704692,0.159635,10,3.49333,0.0653385,2.67633
463,0.770206,0.175307,10,3.45333,0.11895,2.59939
464,0.673331,0.185633,10,3.38667,0.0676141,2.95325
465,0.713592,0.17704,9,3.14,0.0679911,2.64759
466,0.741518,0.233015,9,3.74667,0.0695976,2.66376
467,0.717513,0.19352,9,3.19333,0.0656604,2.7556
468,0.624547,0.218541,9,3.50667,0.0643283,2.92985
469,0.827793,0.234171,10,3.96667,0.0682266,2.29603
470,0.653508,0.185457,9,3.37333,0.0658524,3.05239
471,0.612287,0.211381,8,3.42,0.0643981,2.88633
472,0.778465,0.265379,10,4.31333,0.0651285,2.75187
473,0.723229,0.22916,10,3.76,0.0680022,2.78825
474,0.731872,0.251222,10,4.17333,0.0657917,2.73757
475,0.716699,0.215517,10,3.53333,0.0712411,2.59997
476,0.700986,0.234271,10,3.92,0.0694217,2.74282
477,0.783722,0.259236,10,4.12,0.0658659,2.48457
478,0.583323,0.155598,8,2.8,0.0675938,2.96083
479,0.817313,0.271732,10,4.74,0.0686798,2.88678
480,0.662641,0.207152,9,3.47333,0.0714618,2.91331
481,0.707402,0.182255,10,3.52,0.0668643,2.74473
482,0.648778,0.195365,9,3.35333,0.0651031,2.78978
483,0.777783,0.2903,10,4.86667,0.0693653,2.67062
484,0.69228,0.170034,10,3.38667,0.0707231,3.07508
485,0.702675,0.196725,8,3.63333,0.0676268,2.89917
486,0.808311,0.22666,10,4.23333,0.0735424,2.77921
487,0.788323,0.260371,10,4.40667,0.0695343,2.47774
488,0.787249,0.263568,10,4.38667,0.0689114,2.46771
489,0.68889,0.224916,10,3.96,0.0673345,2.54324
490,0.737301,0.159962,10,3.26,0.0672681,2.883
491,0.808365,0.224734,10,3.7,0.0753801,2.52921
492,0.692722,0.177199,9,3.09333,0.0654175,2.72543
493,0.695467,0.199566,10,3.65333,0.0669651,2.76214
494,0.722704,0.189686,10,3.51333,0.0687015,2.74887
495,0.709795,0.23383,10,3.94,0.0699544,2.76393
496,0.659778,0.198135,10,3.38667,0.0710457,2.7634
497,0.567,0.160305,8,2.96,0.0643291,2.7669
498,0.801684,0.238675,10,4.08667,0.067347,2.72902
499,0.706179,0.188431,10,3.36667,0.072438,2.68107
500,0.738625,0.190262,10,3.72,0.0743852,3.00058
501,0.712177,0.227235,10,4.18,0.0681427,3.01061
502,0.798153,0.279844,10,4.61333,0.0685341,2.85226
503,0.58686,0.173808,10,3.53333,0.0681205,2.98831
504,0.744606,0.26455,10,4.48667,0.0699505,2.80837
505,0.673992,0.219852,9,3.69333,0.0661167,2.91401
506,0.782009,0.245378,10,4.50667,0.0675147,2.64718
507,0.712675,0.197509,10,3.93333,0.070181,3.31877
508,0.736247,0.214048,10,4.36667,0.0670733,2.93187
509,0.605892,0.193874,9,3.52667,0.0714893,3.01696
510,0.768341,0.263285,10,4.54,0.0739856,2.7001
511,0.631387,0.189041,10,3.56,0.0821813,3.09394
512,0.656422,0.191631,9,3.6,0.0632322,2.72695
513,0.715286,0.19723,10,3.82,0.0662504,3.04152
514,0.713057,0.15974,10,3.32,0.0687651,3.0205
515,0.630419,0.16738,9,3.26,0.0677906,2.94827
516,0.739069,0.226718,10,4.01333,0.0677962,2.68946
517,0.644056,0.23113,10,4.14667,0.0687978,3.09167
518,0.628165,0.197215,9,3.74667,0.0687644,2.95182
519,0.77583,0.284943,10,4.40667,0.0663097,2.67449
520,0.683397,0.222981,9,3.73333,0.0700968,3.00699
521,0.618662,0.229566,9,3.99333,0.0657844,2.91942
522,0.744437,0.218862,10,3.64667,0.0687532,2.61673
523,0.779982,0.229278,10,4.06,0.0697925,2.79135
524,0.816381,0.329806,9,4.86,0.0664787,2.50371
525,0.802953,0.222819,10,3.69333,0.0683741,2.83269
526,0.703745,0.215053,10,3.72667,0.116792,2.88134
527,0.720728,0.190706,10,3.6,0.0693531,2.93349
528,0.781739,0.251974,10,4.18667,0.0646615,2.47338
529,0.738234,0.219751,10,3.9,0.0715296,2.6328
530,0.80997,0.237365,10,4.07333,0.0673987,2.56469
531,0.607219,0.202159,9,3.46667,0.0657978,2.80246
532,0.802155,0.264058,10,4.36667,0.0656742,2.37329
533,0.628517,0.164348,10,3.22,0.068621,3.03496
534,0.742772,0.196202,10,3.72,0.0716166,2.39127
535,0.776233,0.217378,10,4.06,0.0693285,2.57779
536,0.656638,0.193507,9,3.73333,0.0815467,3.22721
537,0.667738,0.20387,10,3.49333,0.0705499,2.88711
538,0.598445,0.203098,9,3.46667,0.0668275,2.70907
539,0.783536,0.296506,10,4.79333,0.0733471,2.50738
540,0.661325,0.17485,9,3.1,0.0659895,2.77215
541,0.607166,0.180394,9,3.67333,0.0762422,3.00662
542,0.77229,0.257878,10,4.26,0.0673252,2.68121
543,0.811614,0.285506,10,4.81333,0.0717115,2.47882
544,0.639502,0.219885,10,3.99333,0.0692775,2.78243
545,0.717581,0.241116,9,3.9,0.0666658,2.80349
546,0.803052,0.225147,10,3.84,0.0644974,2.71477
547,0.781161,0.232683,10,3.90667,0.0672068,2.54254
548,0.754219,0.221067,10,3.68667,0.0674739,2.60814
549,0.790235,0.210524,10,3.72,0.064103,2.69996
550,0.699949,0.204532,10,3.66,0.0679827,2.57402
551,0.653094,0.167139,8,3.07333,0.066356,2.78486
552,0.802184,0.229808,10,3.94,0.0706661,2.48467
553,0.557799,0.209474,8,3.26667,0.0692497,2.71656
554,0.690911,0.225933,10,3.94,0.069133,2.44134
555,0.697723,0.187555,9,3.28667,0.0666263,2.8857
556,0.761167,0.22669,10,3.92667,0.0719116,2.77657
557,0.708493,0.222589,9,3.64,0.0697738,2.90063
558,0.670667,0.205805,9,3.46,0.0692288,2.69224
559,0.610994,0.205017,8,3.40667,0.0646564,2.56626
560,0.67562,0.20559,9,3.62,0.0666309,2.62697
561,0.561057,0.136473,8,2.42667,0.06758,2.80119
562,0.660962,0.176802,10,3.21333,0.0644448,2.65516
563,0.765291,0.194697,9,3.53333,0.063259,2.61711
564,0.721913,0.188755,10,3.24667,0.0675235,2.73251
565,0.554724,0.165302,9,2.83333,0.069221,2.98119
566,0.685586,0.230314,10,3.82,0.0683624,2.63461
567,0.742141,0.199294,10,3.32,0.0718981,2.39858
568,0.602579,0.158422,9,2.82667,0.0680256,2.75092
569,0.747399,0.185497,9,3.32667,0.0683321,2.44158
570,0.765191,0.217828,10,3.69333,0.066888,2.61702
571,0.818736,0.245323,10,4.04,0.067055,2.68677
572,0.755166,0.187692,10,3.76667,0.0692198,2.49118
573,0.605333,0.194254,9,3.34667,0.0648476,2.87328
574,0.567232,0.15611,10,3.22667,0.0682342,2.95816
575,0.79779,0.239228,10,4.33333,0.0641707,2.44743
576,0.820588,0.239841,10,4.28,0.0687016,2.47868
577,0.689832,0.20594,10,3.68,0.0707389,2.5906
578,0.737161,0.227417,10,3.82,0.0680169,2.78969
579,0.783718,0.190176,10,3.29333,0.069142,2.67514
580,0.721345,0.203468,9,3.77333,0.066577,2.82477
581,0.803037,0.270888,10,4.44667,0.0699712,2.59825
582,0.716081,0.235967,10,4.16667,0.0675456,2.51772
583,0.736679,0.232387,9,4.14667,0.0696318,2.74396
584,0.703067,0.207917,10,3.98,0.0705207,2.97886
585,0.714229,0.210605,9,3.74,0.066892,2.70702
586,0.855963,0.267291,10,4.22667,0.0647409,2.27988
587,0.664793,0.217245,10,3.54667,0.0674565,2.95868
588,0.728142,0.252785,10,4.17333,0.068874,2.54389
589,0.541358,0.187155,10,3.25333,0.0662707,3.01403
590,0.564655,0.114507,9,2.44,0.0646981,3.2327
591,0.77815,0.248611,10,4.21333,0.06728,2.62785
592,0.79748,0.229945,10,4,0.0711054,2.784
593,0.652243,0.200863,10,4.06,0.0681313,2.77993
594,0.55604,0.173174,9,3.12,0.0752829,3.51088
595,0.806383,0.277964,9,4.32667,0.069136,2.40151
596,0.62274,0.18659,9,3.26667,0.0700008,3.11461
597,0.819521,0.247508,10,4.2,0.0656928,2.71072
598,0.714883,0.192793,10,3.74667,0.0703479,3.007
599,0.692901,0.229974,10,3.78667,0.0644949,2.80898
600,0.841194,0.298517,10,4.81333,0.109874,2.57196
601,0.827126,0.28208,10,4.68667,0.0702088,2.62716
602,0.69863,0.24313,10,3.88667,0.0682904,2.91507
603,0.614881,0.172058,10,3.38667,0.0659064,3.1958
604,0.727044,0.207904,10,3.74667,0.0640732,2.66199
605,0.737029,0.269248,10,4.44,0.0664377,2.93847
606,0.904748,0.280938,10,4.72667,0.066612,2.49787
607,0.753963,0.24411,10,4.12,0.0674563,2.85668
608,0.742707,0.294124,10,4.9,0.0745058,2.65426
609,0.617056,0.237324,8,3.72,0.0681997,2.92038
610,0.675045,0.215869,10,3.38667,0.0656408,2.72979
611,0.805508,0.233224,10,3.77333,0.0704393,2.64504
612,0.712082,0.206234,10,3.75333,0.0687151,2.74632
613,0.657337,0.262019,10,4.39333,0.0699013,2.9177
614,0.714466,0.234009,10,3.97333,0.0674521,2.81271
615,0.554789,0.155719,9,3.07333,0.0664857,3.00878
616,0.722227,0.22901,10,4.15333,0.0721428,3.09421
617,0.7805,0.242192,10,4.01333,0.0663181,2.60317
618,0.653671,0.194686,10,3.37333,0.0667712,2.56764
619,0.73843,0.209752,10,3.86,0.0708206,2.77047
620,0.818601,0.250426,10,4.35333,0.0686549,2.61751
621,0.735484,0.206856,9,3.82,0.0761268,2.93187
622,0.678059,0.162932,10,2.86,0.0673144,2.86807
623,0.731397,0.220142,10,3.98667,0.0939761,2.95582
624,0.790403,0.265944,10,4.00667,0.0745462,2.5238
625,0.71539,0.16223,10,3.02,0.0716108,2.84363
626,0.610528,0.187863,9,3.16,0.0708296,2.94029
627,0.585552,0.178952,9,3.14,0.0664561,3.22014
628,0.810762,0.252079,10,4.25333,0.101632,2.87241
629,0.714073,0.231047,10,4.03333,0.0707998,2.76308
630,0.610568,0.168373,9,2.94667,0.0721446,3.56924
631,0.861841,0.257612,10,4.56,0.0708868,2.72297
632,0.588408,0.195071,10,3.14,0.0668448,3.33971
633,0.724472,0.205744,9,3.36667,0.0681754,2.92484
634,0.71458,0.216668,10,3.88,0.0720937,3.02505
635,0.720861,0.207723,10,3.70667,0.0687719,2.85281
636,0.696005,0.174254,10,3.36667,0.0677171,2.88223
637,0.783626,0.241547,9,4.02,0.070303,2.58693
638,0.914027,0.246389,10,4.16,0.068528,2.57761
639,0.821529,0.218772,10,3.76,0.0681879,2.80086
640,0.670537,0.206697,9,3.39333,0.0657219,2.88771
641,0.763697,0.25999,10,4.34667,0.070579,2.57634
642,0.731339,0.216897,10,4,0.0721633,2.82491
643,0.695864,0.22821,9,3.74667,0.0667591,2.8999
644,0.743749,0.228672,10,3.92,0.0686711,3.03742
645,0.589706,0.180007,8,3.08667,0.0632599,2.95117
646,0.780039,0.177657,10,3.36667,0.0651626,2.71441
647,0.599279,0.190182,8,3.38667,0.0683015,3.03212
648,0.798185,0.226241,10,4.38,0.068217,2.48729
649,0.794939,0.207189,10,3.65333,0.0679644,2.63691
650,0.624238,0.193289,10,3.92667,0.0710341,2.72923
651,0.778918,0.21951,10,4.00667,0.0654893,2.5918
652,0.802709,0.238705,10,4.34667,0.0726797,2.67268
653,0.671765,0.203153,10,3.53333,0.0690168,2.93183
654,0.834819,0.235099,10,4.01333,0.0655834,2.33338
655,0.702584,0.176233,10,3,0.065105,2.8162
656,0.733356,0.223179,10,3.86667,0.0698702,2.67845
657,0.7502,0.232901,10,3.97333,0.0714286,2.92028
658,0.824857,0.247288,10,4.08,0.0677986,2.68557
659,0.673408,0.216547,10,3.9,0.066251,2.7261
660,0.575908,0.170092,9,3.33333,0.0697998,2.95645
661,0.756568,0.202249,10,3.81333,0.0710013,2.83515
662,0.864648,0.277928,10,4.40667,0.0681465,2.73138
663,0.695143,0.230422,9,3.71333,0.0661318,2.85903
664,0.679104,0.199911,9,3.33333,0.0666487,2.62236
665,0.818392,0.205838,10,3.28667,0.0722854,2.76434
666,0.691777,0.217009,10,3.52,0.0663395,2.59729
667,0.634132,0.195439,10,3.61333,0.0688377,2.65956
668,0.831234,0.275989,10,4.66667,0.0688228,2.38112
669,0.767264,0.191675,9,3.5,0.0679516,2.53086
670,0.590856,0.125258,10,2.69333,0.0685191,3.12733
671,0.807055,0.222842,10,3.86667,0.0710232,2.54911
672,0.836136,0.249842,10,4.15333,0.0713123,2.25786
673,0.741298,0.226498,10,3.69333,0.068092,2.73004
674,0.609406,0.136291,10,2.48667,0.0702502,2.8495
675,0.772779,0.232878,10,3.93333,0.0681477,2.38165
676,0.754296,0.196787,10,3.56,0.0707401,2.43116
677,0.82093,0.250929,10,4.18,0.0670534,2.36943
678,0.718603,0.200464,10,3.30667,0.0693646,2.58639
679,0.665172,0.176115,10,3.12,0.0704592,2.85591
680,0.748311,0.217927,10,3.9,0.0738849,2.6866
681,0.578128,0.172873,10,3.37333,0.0741617,3.21075
682,0.768911,0.185989,10,3.64667,0.0659998,2.67222
683,0.700593,0.206057,10,3.77333,0.0698217,3.21415
684,0.573428,0.161334,10,2.72667,0.0714704,3.10672
685,0.766159,0.176199,10,3.01333,0.0657152,2.46121
686,0.574957,0.156876,8,2.88,0.0686472,2.56199
687,0.571328,0.1603,10,2.94,0.095047,2.74615
688,0.802218,0.207223,10,3.74667,0.0680817,2.46675
689,0.626625,0.157414,9,3.05333,0.0668163,2.78334
690,0.645861,0.180439,10,3.52667,0.067488,2.89281
691,0.709145,0.201782,10,3.36667,0.0702713,2.48167
692,0.759708,0.186807,9,3.44,0.069102,2.86761
693,0.731147,0.190263,10,3.49333,0.0680776,2.62255
694,0.655169,0.143725,9,2.92667,0.0734291,2.95759
695,0.77996,0.161519,9,3.04,0.0701795,2.64681
696,0.760131,0.213573,10,3.68,0.0706049,2.57242
697,0.587442,0.188886,10,3.66667,0.0655924,2.6763
698,0.79315,0.165039,10,3.16,0.0689883,2.64984
699,0.670454,0.168294,10,3.16,0.0692721,2.85533
700,0.716441,0.174394,9,3.38667,0.0641515,2.48634
701,0.729945,0.141065,10,2.80667,0.072569,3.17556
702,0.591993,0.11748,9,2.31333,0.0646101,2.89578
703,0.576774,0.102752,8,1.89333,0.0692246,3.03833
704,0.702934,0.151297,9,2.74667,0.0714072,2.48084
705,0.689356,0.149729,9,2.75333,0.0660927,2.82051
706,0.683739,0.164934,10,3.18667,0.0709841,2.47773
707,0.676433,0.146459,10,2.66,0.0665144,2.66182
708,0.663567,0.103009,10,2.32667,0.0682004,2.96001
709,0.695233,0.168555,10,3.04667,0.0707887,2.79451
710,0.768496,0.176903,10,3.54,0.0740364,2.57809
711,0.618587,0.165512,9,3.12667,0.0684453,2.50853
712,0.754687,0.200358,10,3.36667,0.0705716,2.40702
713,0.779164,0.153235,10,2.72667,0.0687698,2.54788
714,0.553729,0.14076,10,2.76667,0.0655967,2.67763
715,0.663049,0.162464,10,3.03333,0.0666287,2.68543
716,0.793873,0.167237,10,3.36667,0.0698332,2.75632
717,0.696897,0.152467,10,2.96,0.0718706,2.9614
718,0.704846,0.182094,10,3.53333,0.0742293,2.92629
719,0.716017,0.167983,9,3.03333,0.0666458,2.71307
720,0.646502,0.14663,9,2.58667,0.0664439,3.11786
721,0.661116,0.176009,9,3.65333,0.0704985,2.66737
722,0.720144,0.201763,10,3.72667,0.0678499,2.61963
723,0.582236,0.163375,9,3.06,0.0671381,2.76033
724,0.618124,0.121197,9,2.23333,0.0676854,2.67495
725,0.580525,0.121755,9,2.04,0.0673406,2.48327
726,0.631351,0.109018,10,2.03333,0.0680768,2.24108
727,0.7248,0.173903,10,3.24667,0.0674413,2.26997
728,0.643862,0.162275,8,2.95333,0.0689573,2.56624
729,0.511286,0.122193,8,2.73333,0.0652256,3.002
730,0.718275,0.207634,9,3.93333,0.0695325,2.51916
731,0.741902,0.19679,9,3.54667,0.0828785,2.8245
732,0.656845,0.194367,9,3.42667,0.0675345,2.43765
733,0.585658,0.14558,10,2.96,0.0674189,2.48004
734,0.797265,0.206232,10,3.56,0.0717443,2.81073
735,0.66901,0.158968,10,3.08,0.0690879,2.51041
736,0.599201,0.138386,9,2.76,0.0821637,2.96835
737,0.62843,0.124847,10,2.54,0.0648201,3.00721
738,0.692578,0.184985,10,3.34,0.0664756,2.69447
739,0.69437,0.185663,10,3.15333,0.0656755,2.63051
740,0.596053,0.16958,9,3.31333,0.0693903,2.74847
741,0.631815,0.163478,9,3.34667,0.0706037,2.88079
742,0.684691,0.199097,10,3.82,0.0710486,2.61012
743,0.681512,0.228805,10,4.00667,0.0694027,2.6703
744,0.606008,0.159478,10,3.06667,0.0705853,2.99473
745,0.598303,0.171754,9,3.26667,0.064848,2.61943
746,0.821962,0.287389,10,4.84667,0.0702977,2.47702
747,0.644813,0.189646,9,3.34667,0.0690653,2.66097
748,0.685153,0.171942,10,3.33333,0.069078,2.91054
749,0.69211,0.173563,10,3.56667,0.0671835,2.62186
750,0.569536,0.168006,10,3.44667,0.107986,2.84551
751,0.709949,0.206114,10,4.10667,0.070502,2.26747
752,0.633375,0.180758,9,3.38,0.0665124,2.84
753,0.773462,0.202981,10,3.66,0.0641178,2.66003
754,0.523004,0.121703,8,2.63333,0.0652999,3.14238
755,0.716391,0.201288,9,3.54667,0.069715,2.72922
756,0.810676,0.219401,10,4.2,0.0735309,2.62708
757,0.753917,0.183877,10,3.53333,0.0691073,2.37393
758,0.622362,0.152697,8,2.67333,0.0664242,2.68783
759,0.630175,0.193908,10,3.66667,0.0684054,2.606
760,0.67706,0.188453,10,3.58,0.0712371,2.46478
761,0.715735,0.20529,10,3.66667,0.0670816,2.37449
762,0.746229,0.216249,10,4,0.0672444,2.86819
763,0.813854,0.250692,10,4.22,0.0725395,2.7222
764,0.692213,0.206453,10,3.79333,0.0712806,2.73244
765,0.567433,0.165893,9,3.43333,0.0650773,2.76233
766,0.763181,0.200876,10,3.56,0.068601,2.71483
767,0.775617,0.217766,10,3.61333,0.0686631,2.7863
768,0.840163,0.229166,10,3.94667,0.0703539,2.62459
769,0.796213,0.198362,10,3.68667,0.0659125,2.48722
770,0.689061,0.16984,9,3.09333,0.0676718,2.53069
771,0.630233,0.151312,10,2.9,0.0684255,2.71929
772,0.646302,0.200384,10,3.58,0.0699624,2.50408
773,0.746535,0.227851,10,3.72667,0.0645624,2.24797
774,0.724474,0.182335,9,3.25333,0.0694678,2.60243
775,0.805573,0.212998,10,3.75333,0.0689002,2.76816
776,0.731698,0.170918,10,3.21333,0.0671534,2.81435
777,0.439123,0.128738,8,2.54667,0.0689202,2.96927
778,0.692835,0.175661,10,3.14667,0.0686918,2.58932
779,0.679638,0.172892,10,3.34667,0.0677602,2.50477
780,0.691345,0.148147,9,2.67333,0.0659988,2.38987
781,0.798775,0.260468,10,4.35333,0.0685622,2.42216
782,0.754971,0.241736,10,4.09333,0.0684591,2.46415
783,0.797502,0.185156,10,3.42667,0.0689372,3.02906
784,0.71252,0.190815,9,3.44667,0.070423,2.43214
785,0.727291,0.191696,10,3.22,0.0717074,2.90337
786,0.683776,0.212137,9,3.34,0.0674698,2.26072
787,0.651704,0.178174,10,3.38,0.0681049,2.56468
788,0.744379,0.214662,10,3.68667,0.0672886,2.74171
789,0.661451,0.167563,9,3.22667,0.0656462,2.79422
790,0.676535,0.197729,10,3.66667,0.0637944,2.72663
791,0.79577,0.254236,10,4.4,0.070534,2.55407
792,0.719267,0.213254,10,3.8,0.0677457,2.53403
793,0.734398,0.164571,10,3.21333,0.0729869,2.55947
794,0.548104,0.162575,10,2.96,0.0696853,2.63733
795,0.668707,0.172374,9,3.39333,0.0698082,2.90697
796,0.663235,0.194886,9,3.65333,0.0703585,2.95082
797,0.784767,0.190953,10,3.58,0.0688856,2.4336
798,0.643401,0.143151,9,2.94,0.0693805,2.79561
799,0.698309,0.214589,10,4.17333,0.0702519,2.66865
800,0.711799,0.208034,9,3.93333,0.0700299,2.81377
801,0.684737,0.198251,10,4.01333,0.069201,2.92864
802,0.621573,0.15277,9,3.20667,0.0708154,3.12018
803,0.544509,0.163708,9,3.45333,0.0675529,3.08255
804,0.620405,0.152484,9,3.36,0.0705618,2.72668
805,0.663454,0.169012,10,3.49333,0.0713293,2.81444
806,0.510271,0.111439,9,2.59333,0.0693675,3.06063
807,0.732167,0.166059,10,3.48,0.0673876,2.74369
808,0.670129,0.143318,9,3.26,0.0710776,2.96225
809,0.646651,0.13794,8,2.90667,0.06679,2.70447
810,0.45612,0.111061,8,2.67333,0.0698694,2.77613
811,0.68588,0.172782,10,4.02667,0.0700363,2.45172
812,0.544654,0.115461,9,2.73333,0.0676525,2.75438
813,0.558028,0.146018,10,3.20667,0.0689615,2.73734
814,0.626055,0.17143,9,3.74667,0.0702166,2.71725
815,0.84094,0.200795,10,4.02,0.0685033,2.66386
816,0.651426,0.182437,10,3.78,0.0694525,2.87819
817,0.588339,0.151245,10,3.74,0.070042,2.73406
818,0.501022,0.123091,9,3.07333,0.0693655,2.73828
819,0.521524,0.12648,9,2.93333,0.0699844,2.74083
820,0.728857,0.206893,10,4.22667,0.0723091,2.55227
821,0.694678,0.200673,10,4.26667,0.0672422,2.56377
822,0.774405,0.200967,10,4.18667,0.0664665,2.55916
823,0.673448,0.189346,9,3.78667,0.0717402,2.78101
824,0.672919,0.192093,10,3.74667,0.0691097,2.65701
825,0.577912,0.139111,8,3.00667,0.065728,2.79755
826,0.750287,0.226067,10,4.24667,0.0731429,2.54095
827,0.63187,0.115061,10,2.70667,0.0666699,2.60355
828,0.653014,0.179341,10,3.58667,0.0672863,2.49239
829,0.672286,0.196929,10,3.92667,0.0661201,2.61497
830,0.746619,0.194807,10,3.70667,0.0681873,2.23365
831,0.635049,0.168253,9,3.41333,0.0663538,2.33042
832,0.690218,0.189809,9,3.67333,0.0675297,2.66724
833,0.776788,0.220233,10,3.91333,0.0697368,2.61449
834,0.728196,0.240432,10,4.56667,0.071566,2.38675
835,0.636072,0.164683,9,3.66,0.0762513,2.91985
836,0.764971,0.201954,10,4.23333,0.0743935,2.94883
837,0.679934,0.184647,9,3.79333,0.0655975,2.7659
838,0.763648,0.250159,10,4.5,0.105284,2.53912
839,0.547609,0.122564,9,2.8,0.0669251,2.82638
840,0.836015,0.202914,10,3.98667,0.0712597,2.61126
841,0.680602,0.15495,10,3.22,0.0665085,2.48013
842,0.597475,0.15188,9,3.14,0.0667349,2.85241
843,0.722139,0.169578,10,3.41333,0.0888328,2.69536
844,0.538802,0.135926,9,2.68667,0.0670425,2.69623
845,0.502468,0.118318,9,2.81333,0.066302,2.68435
846,0.665676,0.150394,10,3.15333,0.067069,2.61921
847,0.704734,0.179291,10,3.74,0.069374,2.55381
848,0.725638,0.21929,10,4.45333,0.186014,2.87329
849,0.714458,0.187735,10,3.78667,0.0723116,2.73084
850,0.639607,0.166792,10,3.49333,0.0684669,2.66681
851,0.650778,0.181177,10,4.03333,0.0675289,2.61967
852,0.632051,0.149204,10,3.34667,0.0682557,2.59996
853,0.691486,0.152441,10,3.15333,0.0636491,2.72774
854,0.747479,0.206813,10,3.84,0.0752578,2.4621
855,0.564233,0.157564,9,3.58667,0.0670262,2.81688
856,0.73658,0.225173,10,4.47333,0.0687785,2.56063
857,0.615532,0.195705,10,3.73333,0.0696549,2.87788
858,0.667792,0.170763,10,3.34667,0.0675256,2.72108
859,0.689021,0.174437,10,3.67333,0.0669022,2.50847
860,0.781386,0.208582,10,3.96667,0.0679195,2.81114
861,0.726789,0.19498,10,3.86,0.0715124,3.0399
862,0.55089,0.120226,10,2.73333,0.0671963,2.90303
863,0.609086,0.130739,10,2.78,0.0662547,2.93913
864,0.638989,0.145439,10,3.28,0.0731108,2.70235
865,0.729157,0.186132,10,3.60667,0.0705915,2.55468
866,0.634657,0.160456,10,3.38,0.0688708,2.71959
867,0.646873,0.170673,10,3.32667,0.0729456,2.70403
868,0.497014,0.0927791,8,2.1,0.0649138,3.00974
869,0.507651,0.108874,8,2.62667,0.0636332,2.60435
870,0.704179,0.150957,10,3.4,0.0677043,2.91581
871,0.689358,0.186646,10,3.66667,0.0719605,2.89408
872,0.641589,0.188389,10,3.76,0.0674664,2.53179
873,0.557271,0.202755,9,3.94,0.0701218,2.73747
874,0.65339,0.182697,9,3.64,0.0674613,2.78839
875,0.807659,0.259975,10,4.74,0.149483,2.4025
876,0.638226,0.159232,10,3.22,0.0674264,2.72355
877,0.640875,0.195898,10,4.05333,0.0662983,2.67814
878,0.679639,0.215272,10,4.4,0.0690089,2.63302
879,0.642586,0.159432,9,3.53333,0.0757726,2.70885
880,0.737186,0.176239,10,3.62667,0.0724746,2.57704
881,0.688436,0.20363,10,4.29333,0.0666823,2.71832
882,0.778102,0.183272,10,3.65333,0.0699912,2.49753
883,0.708997,0.185384,10,3.66667,0.0734561,2.53245
884,0.531137,0.132152,10,3.03333,0.0692558,2.84775
885,0.593793,0.155494,9,2.96667,0.0680478,2.9728
886,0.593929,0.17803,9,3.55333,0.0667464,2.89028
887,0.642204,0.211708,10,4.00667,0.0902004,2.84544
888,0.806495,0.243698,10,4.76,0.0705102,2.50003
889,0.794757,0.242617,10,4.38,0.0658934,2.44562
890,0.695565,0.226451,10,4.29333,0.091916,2.48299
891,0.656505,0.187381,10,3.90667,0.0684234,2.98029
892,0.566473,0.206837,9,3.64,0.0686008,2.70872
893,0.713503,0.241418,10,4.08,0.0668488,2.68051
894,0.715107,0.236461,10,4.51333,0.165799,2.60928
895,0.680435,0.247459,10,4.56,0.0686725,2.57702
896,0.801459,0.236177,10,4.22,0.0709304,2.67731
897,0.74932,0.268087,10,4.32,0.0651694,2.63277
898,0.634844,0.200457,10,3.58667,0.152066,2.42893
899,0.586181,0.16511,10,3.33333,0.0678023,2.98528
900,0.616535,0.223634,10,3.91333,0.0686955,2.7585
901,0.640488,0.241508,10,4.26,0.0707281,2.91766
902,0.610521,0.179953,9,3.06667,0.187388,2.96838
903,0.718989,0.204784,10,3.74667,0.0845959,2.7811
904,0.701694,0.198062,10,4.02,0.118717,2.72428
905,0.755186,0.226965,10,4.17333,0.0697022,2.60635
906,0.78752,0.22736,10,4.35333,0.0780111,2.5209
907,0.742713,0.233127,9,4.12,0.0757132,2.41057
908,0.701772,0.245245,10,4.22667,0.0669468,2.56352
909,0.685717,0.184294,9,3.28667,0.0672289,2.768
910,0.698587,0.221789,10,3.97333,0.066631,2.49482
911,0.66816,0.185776,10,3.46667,0.0688282,2.64044
912,0.680546,0.198329,10,3.74,0.0921311,2.51278
913,0.762107,0.219398,10,4.08667,0.0793917,2.74644
914,0.646928,0.13741,10,2.87333,0.0720892,2.84051
915,0.574765,0.158522,8,3.08667,0.0686833,2.65801
916,0.705731,0.190371,10,3.6,0.0692667,2.88202
917,0.734238,0.217144,10,4.10667,0.0779363,2.73788
918,0.72086,0.201697,10,4.08,0.100646,2.63576
919,0.619491,0.194182,10,3.65333,0.0704347,2.74145
920,0.705104,0.184232,10,3.69333,0.0659638,2.74745
921,0.646383,0.182086,10,3.70667,0.0708608,3.09086
922,0.691619,0.149111,9,3.25333,0.0781127,2.69576
923,0.680544,0.194539,9,3.91333,0.0746815,2.93681
924,0.749852,0.16631,10,3.29333,0.0688158,2.77274
925,0.591819,0.153059,9,2.98,0.0667005,2.94914
926,0.759775,0.173307,9,3.45333,0.0673285,2.58253
927,0.648134,0.161455,9,3.26667,0.0649918,2.80548
928,0.642469,0.171361,10,3.96,0.141496,2.7091
929,0.635398,0.164397,9,3.37333,0.0688022,3.05374
930,0.719764,0.206531,10,4.23333,0.064829,2.48556
931,0.6163,0.216104,10,4.33333,0.08255,2.88354
932,0.757336,0.235229,10,3.70667,0.0701068,2.2872
933,0.701225,0.213201,10,3.68,0.0694308,2.71141
934,0.710738,0.216662,9,3.78667,0.0679168,2.76895
935,0.784659,0.257469,10,4.75333,0.0715267,2.55874
936,0.708335,0.225514,9,3.73333,0.0731108,3.08235
937,0.608878,0.169473,10,3.05333,0.070591,3.04222
938,0.604906,0.150184,10,2.70667,0.0688199,3.46468
939,0.576207,0.18112,10,3.30667,0.0701753,3.23037
940,0.644931,0.215273,9,3.79333,0.0795345,2.76653
941,0.805098,0.239884,10,4.21333,0.156933,2.78222
942,0.648382,0.161733,10,3.24667,0.0658555,3.07122
943,0.684545,0.245006,10,3.92,0.0739266,2.66046
944,0.711319,0.217606,10,3.96,0.0838054,2.70842
945,0.733278,0.221182,10,3.80667,0.0687254,2.76521
946,0.725731,0.209788,10,3.52,0.0657797,2.56081
947,0.744376,0.239466,10,4.24667,0.0645994,2.51859
948,0.687731,0.164734,10,3.32667,0.0629612,3.07636
949,0.773769,0.160605,10,3.26667,0.0716868,2.89567
950,0.565073,0.164417,9,3.24,0.0684262,3.18672
951,0.672963,0.211985,10,4.30667,0.0806481,3.12995
952,0.727069,0.255541,10,4.74,0.0666061,2.96676
953,0.631785,0.171118,10,3.64667,0.104917,2.64683
954,0.590356,0.191055,9,3.46,0.167824,3.2447
955,0.69734,0.200229,10,3.92,0.0735809,2.82561
956,0.733932,0.217497,10,3.96,0.125626,2.60593
957,0.732061,0.193589,10,3.69333,0.0714142,2.68874
958,0.729749,0.266927,10,4.67333,0.0708135,2.69333
959,0.740844,0.240258,10,4.77333,0.0669994,2.62153
960,0.835502,0.241337,10,4.62,0.0697265,2.66932
961,0.522465,0.154201,9,2.92,0.069399,3.00255
962,0.615738,0.22977,10,4.09333,0.0713461,2.62844
963,0.732611,0.250726,10,4.65333,0.0674643,2.52488
964,0.775317,0.288357,10,5.02,0.0773823,2.63431
965,0.809216,0.271706,10,5.12,0.0697731,2.49137
966,0.665047,0.2076,9,3.83333,0.0713657,2.72158
967,0.721438,0.255608,10,4.42,0.0673125,2.57757
968,0.767886,0.26002,10,4.59333,0.186394,2.75449
969,0.728819,0.205933,10,3.69333,0.0672003,2.48703
970,0.623971,0.220985,9,3.92,0.0710963,2.75966
971,0.726271,0.221214,10,4.12667,0.0786019,2.49287
972,0.767261,0.250728,10,4.46,0.0707751,2.42061
973,0.791094,0.30063,10,4.98,0.069109,2.18691
974,0.809323,0.239343,10,4.68667,0.0830197,2.72954
975,0.820947,0.229904,10,4.36,0.0681663,2.62204
976,0.771395,0.225938,10,4.48667,0.0988117,2.74905
977,0.615334,0.192576,10,3.59333,0.0685609,2.78953
978,0.673122,0.227778,10,4.18,0.0681534,2.55263
979,0.813326,0.284871,10,4.83333,0.0698961,2.4768
980,0.63838,0.226974,10,3.95333,0.0910409,2.67655
981,0.614286,0.185433,10,3.43333,0.0689816,2.82046
982,0.631492,0.20783,10,3.51333,0.0693352,3.09183
983,0.706972,0.239683,10,3.96,0.0670063,2.50997
984,0.689249,0.202462,10,3.70667,0.0711851,2.68391
985,0.735265,0.211557,10,4.18,0.0777722,2.89921
986,0.666391,0.187934,10,3.43333,0.0685998,2.88474
987,0.680157,0.22287,10,3.97333,0.0791995,2.81752
988,0.676308,0.265875,10,4.53333,0.0699168,2.53624
989,0.587043,0.147831,10,2.68,0.191708,2.93743
990,0.708413,0.224154,10,3.92667,0.0685372,2.56008
991,0.711712,0.229837,10,3.74667,0.187849,3.0684
992,0.534895,0.178457,10,3.26,0.0739243,3.16103
993,0.725033,0.285557,10,4.54667,0.0715932,2.44923
994,0.647542,0.238381,9,4.16667,0.113165,2.68844
995,0.682114,0.218757,10,3.98,0.116138,2.87596
996,0.563644,0.208173,8,3.58,0.139682,3.06568
997,0.666923,0.191816,10,3.70667,0.0704255,2.76625
998,0.78947,0.269789,10,4.32,0.0678412,2.75818
999,0.660957,0.202947,9,3.76667,0.0655826,2.64208
1000,0.529854,0.146655,9,3.22,0.067015,2.91172
