1,0.108227,0.00296221,4,0.2,0.0808847,1.03967
2,0.0899932,0.00203796,4,0.14,0.0691295,1.11724
3,0.137997,0.0245815,6,1.23333,0.0703586,1.22951
4,0.110908,0.0229525,5,1.04667,0.0711019,1.28881
5,0.487115,0.063231,7,1.43333,0.0684405,1.34401
6,0.220049,0.0384369,8,1.44,0.0693715,1.43433
7,0.294019,0.0472703,6,1.48,0.0652662,1.29169
8,0.199757,0.0481641,7,1.36667,0.0706884,1.05253
9,0.294679,0.0396262,7,1.71333,0.069351,1.67896
10,0.305251,0.0328378,7,1.63333,0.0677376,1.49809
11,0.147211,0.0173466,9,1.22,0.0665634,1.5367
12,0.217939,0.0550166,9,2.10667,0.0653283,1.42768
13,0.299519,0.065626,8,2.49333,0.0686684,1.67758
14,0.394054,0.078098,7,2.1,0.0717139,1.63103
15,0.12795,0.0250466,9,1.45333,0.0639729,1.49297
16,0.425758,0.0712571,8,2.40667,0.0676663,1.63952
17,0.303791,0.0497471,7,2.03333,0.0826692,1.72205
18,0.360613,0.0400015,9,2.27333,0.0671983,1.57144
19,0.289145,0.0412642,7,1.92,0.0691983,1.52026
20,0.38673,0.0766534,7,2.04,0.0690429,1.56627
21,0.356665,0.03433,8,1.76667,0.0675698,1.5249
22,0.296797,0.0474424,8,1.8,0.0687633,1.69924
23,0.304962,0.0459668,9,1.98667,0.0687879,1.37106
24,0.19391,0.0229378,7,1.62667,0.0651856,1.74031
25,0.285729,0.0334706,8,1.58,0.0699742,1.64103
26,0.210078,0.0354397,7,1.57333,0.0661482,1.4957
27,0.382174,0.0393756,8,1.56667,0.0678662,1.85362
28,0.269335,0.0345594,8,1.48,0.068096,1.57185
29,0.228361,0.0154521,7,1.21333,0.0643444,1.48082
30,0.358755,0.0410843,9,2.09333,0.0682589,1.92415
31,0.293058,0.0346199,8,1.17333,0.0656855,1.5525
32,0.28146,0.0576928,8,2.01333,0.0690835,1.69203
33,0.393055,0.0393873,8,1.9,0.0700779,1.99271
34,0.299229,0.0370223,6,1.30667,0.0771073,1.74569
35,0.280191,0.053449,9,1.41333,0.0801094,2.00877
36,0.46532,0.0553386,6,1.50667,0.0651389,1.33738
37,0.188291,0.0213809,6,1.06,0.0643536,1.50017
38,0.467307,0.0304979,7,1.70667,0.0677347,1.76388
39,0.263922,0.0192773,9,1.10667,0.0606418,1.44864
40,0.36379,0.0508882,9,1.97333,0.071054,1.60042
41,0.354532,0.0311239,7,1.34,0.0661393,1.64174
42,0.307107,0.0563578,7,1.98667,0.0718472,1.57083
43,0.138791,0.0233914,5,1.3,0.06773,1.73163
44,0.281318,0.0512486,8,1.88667,0.088561,1.9079
45,0.280336,0.0463367,8,2.1,0.0730895,2.23562
46,0.205578,0.0245207,7,1.89333,0.0659855,2.05231
47,0.385439,0.0276688,8,1.76667,0.0634905,1.72096
48,0.353267,0.0294246,8,1.86,0.0663375,2.03994
49,0.619383,0.0586436,10,2.69333,0.0733865,2.13649
50,0.568166,0.0202793,10,1.24,0.064082,1.79094
51,0.43532,0.0476078,9,1.94667,0.0711184,1.95222
52,0.488044,0.0511886,9,1.84,0.105391,1.99436
53,0.541964,0.062285,8,2.08667,0.068642,2.39829
54,0.289285,0.0204926,8,1.32667,0.067422,1.61156
55,0.472697,0.0292813,8,1.69333,0.0671397,1.83777
56,0.465097,0.0267289,9,1.15333,0.0685843,1.65399
57,0.42933,0.0564237,8,2.22,0.0678814,2.42982
58,0.453214,0.0433629,10,1.93333,0.0716005,2.00318
59,0.423097,0.0365292,8,1.86,0.0670833,2.02833
60,0.350159,0.029451,8,1.58667,0.0679606,1.90159
61,0.282521,0.0364925,8,2.31333,0.0728154,2.03398
62,0.432707,0.0405566,7,1.5,0.0665865,2.1106
63,0.507993,0.0670884,9,1.68667,0.0699299,2.39018
64,0.284977,0.029687,8,1.67333,0.0668738,1.93092
65,0.497675,0.0527409,9,1.77333,0.0641053,2.1125
66,0.58362,0.0613971,8,1.54,0.0662036,2.22475
67,0.50328,0.0366566,9,1.48,0.0668872,2.21042
68,0.386261,0.0467707,8,2.06,0.0713578,1.82002
69,0.388277,0.0880207,10,3.01333,0.0702596,2.18944
70,0.509778,0.0633038,9,1.96,0.0681986,2.24231
71,0.53819,0.0731325,9,2.46667,0.0714594,2.30693
72,0.554689,0.0463817,7,1.62,0.0698874,2.39967
73,0.428244,0.0652748,7,1.96,0.0670207,2.08953
74,0.31668,0.0557791,8,1.89333,0.0668388,2.1582
75,0.327015,0.0403082,8,1.66,0.0676012,2.49265
76,0.455135,0.0526174,9,2.08,0.0669467,2.36153
77,0.265494,0.0227451,8,1.2,0.0669664,2.39311
78,0.439398,0.0507593,8,1.65333,0.0637783,2.69796
79,0.474656,0.0529785,8,1.51333,0.0676961,3.06105
80,0.377915,0.052909,7,1.73333,0.0648629,2.28039
81,0.373752,0.0558673,8,1.63333,0.0683345,2.9989
82,0.400224,0.060878,9,1.76,0.0694337,2.43945
83,0.378328,0.0646613,10,1.87333,0.067503,2.42045
84,0.346905,0.0511932,8,1.6,0.0695992,2.46917
85,0.389129,0.0544214,8,1.79333,0.0683756,2.40725
86,0.40845,0.0806094,10,2.19333,0.0698754,2.11356
87,0.367944,0.0556749,7,1.58667,0.0704522,2.23651
88,0.560761,0.0622642,8,1.74,0.0706783,2.23664
89,0.468504,0.0560967,8,1.94667,0.0690303,2.46186
90,0.306626,0.0376938,5,1.06667,0.0678619,1.87158
91,0.487563,0.0548235,7,1.66667,0.0695404,2.54915
92,0.396988,0.0588236,8,1.94667,0.0672735,2.21264
93,0.378402,0.0780957,7,2.19333,0.0686945,3.02341
94,0.438602,0.0631895,8,1.80667,0.0663346,2.74656
95,0.446582,0.0655348,7,1.66,0.0655794,1.98679
96,0.44268,0.0585237,7,1.71333,0.0665164,2.23369
97,0.567062,0.0831529,10,2.11333,0.0671427,2.08599
98,0.57298,0.0614388,8,1.81333,0.0690993,2.5267
99,0.413235,0.0930729,8,2.2,0.0651228,2.38733
100,0.618252,0.098596,8,2.39333,0.0696303,2.53357
101,0.551781,0.10095,7,2.26667,0.0648217,2.27773
102,0.440372,0.0768941,8,1.82667,0.0663264,2.24598
103,0.42827,0.0852673,8,2.2,0.0702389,2.39562
104,0.541272,0.0816829,9,1.97333,0.0693136,2.31701
105,0.694182,0.120748,9,2.54,0.0682548,2.35417
106,0.53771,0.103014,9,2.16,0.0707797,2.5332
107,0.511307,0.0890397,9,2.34667,0.0701436,2.72065
108,0.675054,0.0904412,10,2.46,0.0704363,2.53338
109,0.580355,0.0934644,9,2.34667,0.0642807,2.49306
110,0.524703,0.102537,9,2.36667,0.0685727,2.41127
111,0.62359,0.124626,10,2.55333,0.066957,2.41722
112,0.567145,0.108094,9,2.31333,0.0695189,2.8629
113,0.709715,0.107133,10,2.71333,0.0720258,2.76397
114,0.684175,0.130242,10,2.70667,0.0650181,2.44606
115,0.691908,0.112201,10,2.70667,0.0692806,2.56197
116,0.568219,0.0836864,9,1.80667,0.0648246,3.04807
117,0.697445,0.137305,9,3.04667,0.0701645,3.23805
118,0.678004,0.126565,9,2.80667,0.0729326,2.84141
119,0.690706,0.130927,10,3.06667,0.0693335,2.85351
120,0.592046,0.112584,8,2.74,0.0691914,2.54171
121,0.594829,0.0905736,9,2.35333,0.064499,2.62098
122,0.498634,0.0901567,7,2.09333,0.0656293,2.83915
123,0.701149,0.183508,9,3.96,0.0698012,2.66243
124,0.761971,0.156724,10,3.23333,0.0690799,2.73232
125,0.617023,0.0993375,8,2.48667,0.0670516,2.85758
126,0.652101,0.12706,10,2.51333,0.0660751,2.77119
127,0.700507,0.136939,9,2.58,0.0694279,2.94467
128,0.823738,0.148871,10,3.03333,0.0668217,2.86915
129,0.743368,0.180545,10,3.62,0.0799697,2.95667
130,0.459988,0.077244,7,1.72667,0.069424,3.07365
131,0.665474,0.128354,10,2.65333,0.0766927,2.83221
132,0.776368,0.152229,9,2.96,0.0644622,2.99057
133,0.696287,0.15511,8,3.18667,0.0696348,2.94765
134,0.635916,0.155115,9,2.9,0.0698275,2.91907
135,0.758601,0.152472,9,3.01333,0.0950719,2.77435
136,0.662102,0.170228,9,3.39333,0.0726648,3.07178
137,0.656408,0.1166,9,2.56667,0.0706167,3.21151
138,0.752322,0.160047,10,3.22667,0.0659039,2.80386
139,0.62265,0.114445,8,2.36667,0.0679363,3.02487
140,0.83779,0.140777,10,2.96667,0.0681187,2.60152
141,0.85237,0.176222,10,3.09333,0.0696944,2.73645
142,0.615455,0.126327,10,2.69333,0.0642096,2.70509
143,0.611779,0.123775,8,2.28667,0.0638167,2.55702
144,0.746311,0.157436,10,2.99333,0.0712582,2.78301
145,0.605453,0.163089,9,3.03333,0.0689275,2.94965
146,0.561276,0.187947,9,3.32667,0.0714409,3.20561
147,0.616556,0.162626,9,2.92,0.0680375,2.89505
148,0.648357,0.153584,8,2.71333,0.0679879,2.67396
149,0.81683,0.199494,10,3.66667,0.065725,2.87951
150,0.779467,0.168792,9,2.84,0.0673436,3.02791
151,0.761006,0.240313,10,4.23333,0.0717085,2.6538
152,0.694841,0.163174,10,3.2,0.0667578,2.79397
153,0.699237,0.187202,10,3.66667,0.066318,2.71008
154,0.77208,0.257073,10,4.52667,0.0708029,2.74492
155,0.652759,0.252736,10,4.12,0.0663564,2.8312
156,0.802756,0.298639,10,4.67333,0.0674384,2.44114
157,0.757583,0.234929,10,4.19333,0.0689193,2.80024
158,0.70077,0.206147,9,3.62,0.064932,2.60594
159,0.678916,0.188808,10,3.55333,0.0667823,2.89642
160,0.746645,0.214169,10,3.9,0.0636503,2.66622
161,0.684108,0.191456,8,3.48,0.070643,2.9297
162,0.554971,0.151469,9,2.86667,0.0669692,3.01074
163,0.816416,0.245481,10,4.16667,0.0986992,2.90132
164,0.703497,0.203273,10,3.80667,0.0752937,2.84553
165,0.866145,0.26927,10,4.4,0.068134,2.23253
166,0.639706,0.179884,10,3.24667,0.0680357,2.75745
167,0.787709,0.211203,10,3.44667,0.0659467,2.75469
168,0.851589,0.245262,10,3.87333,0.0696507,2.36
169,0.64582,0.163873,9,2.87333,0.0640467,2.64344
170,0.684774,0.218004,10,3.93333,0.0707468,3.06803
171,0.757163,0.268245,9,4.48,0.0698493,2.55184
172,0.753157,0.236756,10,3.77333,0.0652835,2.50594
173,0.683399,0.240876,10,4.10667,0.0684742,2.7362
174,0.751297,0.25813,10,4.22667,0.0697079,2.53057
175,0.751931,0.307736,9,4.7,0.0707886,2.50712
176,0.786084,0.229907,10,3.95333,0.0678218,2.79624
177,0.766512,0.246407,10,4.40667,0.0707628,2.64144
178,0.702571,0.256066,9,4,0.0682803,2.67459
179,0.744069,0.226992,10,3.84667,0.0700582,2.74244
180,0.733268,0.185337,10,3.37333,0.0691722,2.98852
181,0.584547,0.173117,8,2.87333,0.0683454,2.79692
182,0.709062,0.210276,9,3.71333,0.0702797,2.52176
183,0.776578,0.251632,10,3.76,0.0716867,2.49997
184,0.717157,0.207751,10,3.67333,0.0724997,2.38773
185,0.760757,0.229467,10,3.74667,0.072132,2.63111
186,0.668127,0.1882,9,3.24,0.0680521,2.70163
187,0.752835,0.238616,10,3.84,0.0710148,2.57292
188,0.710499,0.188431,10,3.19333,0.0642887,2.61395
189,0.748097,0.205865,10,3.57333,0.0822916,2.69546
190,0.71495,0.186113,10,3.66667,0.0710384,2.79504
191,0.723155,0.186144,10,3.36667,0.0706804,2.53396
192,0.7232,0.193765,9,3.41333,0.0685417,2.65386
193,0.761279,0.188168,10,3.05333,0.0680821,2.65079
194,0.826009,0.203336,10,3.35333,0.0721822,2.45702
195,0.684364,0.188373,10,3.36667,0.0660413,2.60086
196,0.822034,0.194034,10,3.31333,0.0676731,2.40651
197,0.725517,0.168737,9,3.08667,0.0658964,2.92449
198,0.651258,0.206532,10,3.60667,0.070467,2.92501
199,0.673116,0.197174,10,3.64,0.0666266,2.79066
200,0.879862,0.282411,10,4.72667,0.0754141,2.23531
201,0.650342,0.220419,10,3.72,0.112422,2.8562
202,0.686944,0.200102,10,3.69333,0.0714518,3.00986
203,0.602548,0.162886,9,3.01333,0.0666571,2.98707
204,0.798266,0.212103,10,3.67333,0.0690674,2.55317
205,0.63828,0.214785,10,3.5,0.0694337,2.71075
206,0.585725,0.153377,10,2.77333,0.0669754,2.81524
207,0.635257,0.177227,10,3.24,0.0666588,2.56143
208,0.720764,0.242264,10,4.07333,0.0845941,2.91619
209,0.70598,0.227277,10,3.70667,0.0784366,2.62751
210,0.647296,0.193097,9,3.37333,0.0704969,2.7469
211,0.750618,0.225864,10,3.66,0.0706521,2.44022
212,0.576767,0.162069,10,2.76,0.0655509,2.79234
213,0.811517,0.280067,10,4.77333,0.0700567,2.71689
214,0.815767,0.249268,10,4.09333,0.0691327,2.61385
215,0.714834,0.224887,10,3.68667,0.0675278,2.62101
216,0.680965,0.178287,10,3.28,0.0688968,2.9784
217,0.657757,0.187621,9,3.18,0.0684338,2.70599
218,0.797247,0.256762,10,4.20667,0.0664923,2.63917
219,0.767134,0.21647,10,3.68,0.0657645,2.68382
220,0.769145,0.208286,10,3.28667,0.0711502,2.68472
221,0.666794,0.16969,10,2.90667,0.0730693,2.84499
222,0.806963,0.277099,10,4.32,0.072273,2.47186
223,0.767069,0.243223,10,3.82667,0.127333,2.49722
224,0.58182,0.177434,9,2.90667,0.065139,2.52316
225,0.6321,0.140767,8,2.45333,0.0638079,2.78711
226,0.714147,0.256662,9,4.30667,0.0940915,3.20173
227,0.706272,0.195507,9,3.38667,0.062559,3.01044
228,0.857868,0.273962,10,4.50667,0.0693151,2.99884
229,0.808758,0.200475,10,3.72667,0.0707395,2.93952
230,0.710297,0.164254,8,3.03333,0.064748,2.81296
231,0.775057,0.221049,10,3.6,0.0687247,2.63992
232,0.619004,0.183633,9,3.01333,0.102925,2.7878
233,0.747901,0.217064,10,3.67333,0.0718388,2.82704
234,0.741392,0.229395,10,3.72667,0.0705045,2.78553
235,0.661963,0.22346,10,3.48667,0.0673119,2.74695
236,0.850071,0.27871,10,5.00667,0.0671206,2.50863
237,0.799198,0.228076,10,3.77333,0.0665935,2.97071
238,0.75046,0.223493,10,4.19333,0.0697451,2.77078
239,0.681545,0.203325,10,3.62667,0.0672671,2.75279
240,0.539192,0.173716,8,3.1,0.0637505,2.83725
241,0.785682,0.273548,10,4.80667,0.080745,2.6369
242,0.801051,0.248682,10,4.38,0.0719263,2.87732
243,0.718925,0.246019,10,4.31333,0.0796912,2.95699
244,0.764223,0.215983,9,3.78667,0.0718585,2.95303
245,0.60674,0.20342,10,3.64,0.0663851,3.12581
246,0.859295,0.196758,10,3.75333,0.0695733,2.66605
247,0.692666,0.178204,10,3.32,0.0703564,2.98061
248,0.924401,0.24992,10,4.21333,0.0766582,2.8188
249,0.724323,0.241014,10,4.2,0.0658819,2.53327
250,0.58616,0.166238,9,3.06,0.0984837,2.86664
251,0.769166,0.252932,10,4.28667,0.0698788,2.78282
252,0.642609,0.188136,9,3.12667,0.0659328,2.69227
253,0.730869,0.219803,9,3.53333,0.0648366,2.4844
254,0.853215,0.315107,10,4.94667,0.0666277,2.35085
255,0.742695,0.236927,10,4.45333,0.0679106,3.08788
256,0.737413,0.294987,10,4.56667,0.0688053,2.84742
257,0.70641,0.186988,10,3.26667,0.0730611,2.76795
258,0.771065,0.285633,10,4.55333,0.099849,2.73986
259,0.655103,0.21612,10,3.7,0.070291,2.79046
260,0.650299,0.211904,10,3.68,0.0819671,2.64281
261,0.733928,0.212992,10,3.93333,0.0667278,2.70982
262,0.643871,0.179771,10,3.22,0.0620053,2.59426
263,0.852753,0.238191,10,4.16,0.0758082,2.54895
264,0.826105,0.302368,10,4.64667,0.0732533,2.81383
265,0.811833,0.260859,10,4.55333,0.0689534,2.83403
266,0.623187,0.152449,8,2.9,0.0687456,3.3201
267,0.832872,0.248215,10,4.17333,0.0668867,2.59464
268,0.685823,0.226167,10,4.08667,0.0690914,2.85948
269,0.664487,0.226998,10,3.78,0.0675988,2.84797
270,0.700514,0.218309,10,3.85333,0.0683301,2.96775
271,0.741532,0.267039,10,4.17333,0.0707259,2.90182
272,0.718832,0.206899,10,3.67333,0.0651928,3.015
273,0.736714,0.273778,10,4.66,0.0695156,2.83295
274,0.799893,0.269225,10,4.36,0.0765132,3.00778
275,0.739345,0.23553,10,4.35333,0.0720444,3.07541
276,0.891022,0.285608,10,4.82667,0.0719984,2.96262
277,0.871733,0.256156,10,3.88,0.071393,2.39451
278,0.798314,0.302202,10,4.4,0.0678258,2.22879
279,0.711465,0.22604,10,3.96,0.0707706,2.93039
280,0.816982,0.209387,9,3.84667,0.0706833,2.97673
281,0.796739,0.257039,10,4.42,0.0743398,2.61808
282,0.798977,0.251485,10,4.14,0.0697629,2.67277
283,0.726592,0.229965,9,4.02667,0.0709382,2.82287
284,0.777056,0.213761,10,3.79333,0.069536,2.75541
285,0.782744,0.24222,10,4,0.0683019,2.65954
286,0.752003,0.240732,10,3.92667,0.0666781,2.68817
287,0.666556,0.18717,10,3.26,0.0675894,2.71824
288,0.739714,0.214516,10,3.6,0.070192,2.60749
289,0.720748,0.256379,9,3.94,0.0650063,2.596
290,0.744548,0.243882,10,3.96,0.0678477,2.57711
291,0.839456,0.300488,10,4.64,0.0669045,2.2894
292,0.667767,0.235394,9,3.87333,0.070367,2.89164
293,0.838725,0.301659,10,4.48667,0.0713101,2.67449
294,0.746039,0.249215,10,4.06667,0.0672102,2.66403
295,0.866811,0.252453,10,4.19333,0.0842676,2.84508
296,0.695432,0.238635,9,3.64667,0.0683197,2.67123
297,0.691396,0.216022,9,3.46667,0.0716062,2.82778
298,0.758903,0.248288,10,4.05333,0.0861586,2.72877
299,0.820759,0.261379,10,4.26667,0.100062,2.56536
300,0.767161,0.267644,10,4,0.0660494,2.53139
301,0.660145,0.22127,10,3.76,0.0660078,2.68649
302,0.749196,0.276769,10,4.54,0.0703991,2.54549
303,0.81585,0.290556,10,4.98667,0.0700948,2.65645
304,0.793199,0.264109,10,4.34667,0.0697017,2.62397
305,0.629288,0.203906,9,3.6,0.0663797,2.83936
306,0.704739,0.209458,9,3.6,0.0692162,2.83599
307,0.763925,0.209996,10,3.68,0.0649471,2.49567
308,0.738605,0.254306,10,4.2,0.0669417,2.48014
309,0.745212,0.218714,10,3.57333,0.0696114,2.47245
310,0.739048,0.24236,10,3.60667,0.0645431,2.45508
311,0.80316,0.221974,10,4,0.0701622,2.53238
312,0.841738,0.269808,10,4.42,0.0684565,2.53751
313,0.582693,0.166871,8,2.81333,0.0622155,2.73864
314,0.76172,0.273277,10,4.24667,0.0770882,2.57505
315,0.795457,0.318012,10,4.75333,0.0847169,2.33083
316,0.749564,0.202258,10,3.40667,0.0654706,2.67474
317,0.74069,0.205409,9,3.55333,0.068262,2.70767
318,0.689094,0.217134,10,3.78,0.088205,2.71573
319,0.755228,0.317546,10,5.23333,0.0687647,2.48084
320,0.770718,0.25845,9,3.96667,0.0731514,2.93033
321,0.795486,0.290225,10,4.51333,0.0712223,2.38504
322,0.670555,0.251754,10,3.98667,0.0673756,3.04097
323,0.607527,0.154532,8,2.78667,0.0672527,3.34034
324,0.681724,0.216252,9,3.47333,0.0612999,2.55699
325,0.70658,0.180371,9,3.2,0.0710404,2.57516
326,0.556746,0.154902,9,2.86,0.0697385,3.04327
327,0.801991,0.202797,10,3.88,0.0684301,2.53731
328,0.691539,0.210989,10,3.86667,0.0656063,2.4643
329,0.672166,0.203479,9,3.35333,0.0729421,2.90161
330,0.692556,0.250754,10,4.42667,0.0698174,2.96982
331,0.767138,0.212044,9,3.49333,0.0668946,2.82538
332,0.709536,0.228014,9,4.02667,0.0684587,2.65941
333,0.730304,0.240823,10,4.50667,0.0676916,2.84971
334,0.600103,0.127835,9,2.81333,0.0706552,3.31064
335,0.721284,0.193995,10,3.89333,0.0725917,2.87914
336,0.727024,0.23571,9,4.29333,0.0681016,2.75545
337,0.643102,0.232788,10,4.04,0.0742962,2.67353
338,0.698773,0.231855,10,4.06,0.0690915,2.72786
339,0.686208,0.228609,10,3.97333,0.0713151,2.74016
340,0.796603,0.255304,10,4.32,0.0678113,2.66306
341,0.703423,0.224207,10,4.16667,0.0682096,2.76001
342,0.492923,0.126765,9,2.51333,0.0697104,3.0484
343,0.682277,0.200712,9,3.44667,0.0647944,2.53969
344,0.690438,0.278707,10,4.24,0.0662327,2.62037
345,0.694457,0.18654,10,3.42,0.0669871,2.69903
346,0.731384,0.191928,10,3.3,0.0636783,2.54669
347,0.676978,0.1801,9,3.21333,0.069455,2.72886
348,0.748662,0.191351,10,3.4,0.0686905,2.45784
349,0.762977,0.288263,10,4.49333,0.0696379,2.42199
350,0.790997,0.209136,10,3.54667,0.0653708,2.65851
351,0.711769,0.201037,10,3.46667,0.0652865,2.56473
352,0.720154,0.182003,9,3.38,0.068828,2.85029
353,0.68794,0.194048,10,3.56667,0.0714227,2.68494
354,0.621415,0.195748,9,3.32667,0.0661408,2.82695
355,0.643776,0.187529,9,3.08,0.0643311,2.67024
356,0.798872,0.256912,10,4.35333,0.0694295,2.47455
357,0.658791,0.233263,10,4.43333,0.0727088,2.72519
358,0.818746,0.289461,10,5.06667,0.0680301,2.62991
359,0.720953,0.226924,10,3.76667,0.06968,2.83869
360,0.563411,0.14155,9,2.75333,0.0654117,2.68074
361,0.79703,0.279482,10,4.60667,0.0697875,2.70372
362,0.710404,0.23639,9,3.9,0.0665625,2.74585
363,0.769222,0.293137,10,5.13333,0.0830369,2.81252
364,0.704776,0.204672,9,3.54,0.0654284,2.70167
365,0.787307,0.209706,10,3.61333,0.0672699,2.59006
366,0.790427,0.223651,10,4.19333,0.0656103,2.73556
367,0.711329,0.214664,9,3.76,0.0659753,2.50108
368,0.683689,0.209002,10,4,0.0679308,2.90877
369,0.627704,0.158702,9,3.24667,0.0692878,3.0583
370,0.738054,0.261472,9,4.06,0.0650326,2.56574
371,0.622025,0.170565,9,3.54,0.0688428,2.84382
372,0.712855,0.163839,10,3.67333,0.0692286,2.76266
373,0.579776,0.201779,9,3.52667,0.0690757,2.92142
374,0.837327,0.234001,10,3.96,0.0709715,2.82724
375,0.680844,0.213844,9,3.60667,0.0684849,2.7426
376,0.732665,0.219913,10,3.92,0.0693315,2.58521
377,0.831507,0.207371,10,3.72667,0.0695424,2.79122
378,0.579847,0.141092,8,2.70667,0.0668719,2.70912
379,0.674914,0.172546,10,3.13333,0.0695656,3.11327
380,0.703277,0.21504,10,3.96667,0.0669493,2.5862
381,0.725618,0.204924,10,3.73333,0.0694673,2.39638
382,0.785437,0.209208,10,3.74,0.0684553,2.52887
383,0.788292,0.194233,10,3.36667,0.067059,2.32199
384,0.775841,0.214538,10,4.03333,0.0690857,2.54484
385,0.618963,0.181683,10,3.49333,0.0693442,2.67537
386,0.668366,0.133819,9,2.70667,0.0647024,2.64543
387,0.818175,0.180919,10,3.45333,0.070225,2.57951
388,0.748764,0.17148,9,3.28,0.0701493,2.90984
389,0.753377,0.220751,10,4.20667,0.0701138,2.89596
390,0.809037,0.234689,10,3.8,0.0691773,2.43847
391,0.792575,0.199851,10,3.71333,0.0695546,2.50155
392,0.814347,0.202406,10,3.74,0.0712059,2.87895
393,0.808541,0.227155,10,4.57333,0.0671724,2.47922
394,0.579557,0.131596,9,2.77333,0.0650041,2.97696
395,0.661919,0.17085,9,3.46667,0.0649301,2.85692
396,0.753244,0.207164,10,4.30667,0.0679369,2.52554
397,0.738725,0.218205,10,4.08667,0.078268,2.58986
398,0.693601,0.15368,10,3.27333,0.0718693,2.66329
399,0.719325,0.177939,10,3.62,0.069843,2.67711
400,0.614298,0.175343,10,3.84667,0.0674012,2.77629
401,0.793446,0.222288,10,4.60667,0.0703333,2.69612
402,0.607627,0.144053,9,3.07333,0.0683417,3.17483
403,0.584527,0.202117,9,3.84,0.0669113,3.00748
404,0.70585,0.19817,10,3.84,0.0700645,2.66105
405,0.797673,0.219125,10,4.22667,0.0714728,2.55547
406,0.680239,0.21628,10,4.4,0.0694611,2.42003
407,0.657269,0.207745,9,3.49333,0.0644862,2.36001
408,0.778543,0.185156,10,3.56,0.0696633,2.49507
409,0.600969,0.200362,9,3.72667,0.0661319,2.4984
410,0.887791,0.210863,10,4.1,0.0707125,2.56959
411,0.734669,0.209018,9,3.64667,0.075,2.77984
412,0.658252,0.130794,10,2.99333,0.066606,2.33225
413,0.592933,0.143237,10,3.23333,0.0680523,2.72194
414,0.822027,0.232032,10,4.59333,0.0721532,2.40051
415,0.684606,0.133678,10,2.72667,0.0661714,2.30183
416,0.744561,0.215337,10,3.86667,0.0690478,2.21974
417,0.611748,0.135906,10,2.94667,0.0634905,2.69625
418,0.738564,0.185481,10,3.97333,0.064916,2.56705
419,0.761988,0.233911,10,4.24,0.0691193,2.33059
420,0.700867,0.236636,10,4.71333,0.0687979,2.42165
421,0.572676,0.159724,9,3.1,0.0637284,2.74307
422,0.590279,0.173451,9,3.58,0.0746559,2.89806
423,0.60015,0.143328,9,3.22667,0.0662864,2.58287
424,0.619596,0.180307,9,3.46,0.067055,2.72639
425,0.732969,0.196049,9,3.63333,0.0686241,2.56096
426,0.750014,0.188351,10,3.85333,0.0687043,2.51728
427,0.661876,0.190387,10,3.94667,0.0711022,2.61247
428,0.602831,0.165249,9,3.05333,0.0644475,2.82409
429,0.716865,0.207749,10,4.22667,0.0723751,2.65039
430,0.747293,0.217461,10,3.98667,0.0690465,2.42176
431,0.778681,0.185037,10,3.62,0.0709445,3.14765
432,0.727585,0.184948,9,3.4,0.0676739,2.55583
433,0.668003,0.161507,9,3.22667,0.0655264,2.97436
434,0.652539,0.17442,9,3.56667,0.0668933,2.66263
435,0.687868,0.205653,9,3.58667,0.0699263,2.6589
436,0.64747,0.176275,10,3.46,0.0690801,2.60793
437,0.77071,0.205634,10,3.72,0.0675331,2.404
438,0.588934,0.143825,9,2.90667,0.0688775,2.79059
439,0.762083,0.206421,10,3.68,0.0681401,2.31574
440,0.560255,0.157659,9,3.06,0.0671327,2.70835
441,0.730827,0.204634,10,3.90667,0.0684506,2.77151
442,0.746654,0.196426,10,3.51333,0.0668016,2.49317
443,0.807202,0.217172,10,4.04,0.0722073,2.75994
444,0.700527,0.164834,9,3.08667,0.0683693,2.94724
445,0.76975,0.21057,10,3.66667,0.0692581,2.73967
446,0.791199,0.195196,10,3.65333,0.0682578,2.93184
447,0.729971,0.184006,10,3.30667,0.0683764,2.66421
448,0.724196,0.19372,10,3.76,0.0709165,2.63971
449,0.705391,0.188781,10,3.54,0.0690498,2.62866
450,0.622861,0.138956,9,2.68,0.0681792,2.82183
451,0.745527,0.193518,10,3.25333,0.0729832,2.84132
452,0.818424,0.281623,10,4.6,0.0908097,2.39209
453,0.692402,0.235489,10,3.87333,0.0704812,2.29867
454,0.694614,0.185056,10,3.23333,0.082158,2.72671
455,0.708336,0.193342,10,3.45333,0.0660583,2.35874
456,0.510541,0.149087,7,2.81333,0.0657885,2.87452
457,0.717491,0.158967,9,3.00667,0.0698382,2.60926
458,0.623569,0.184399,9,3.45333,0.0698967,2.674
459,0.648969,0.21541,10,3.78667,0.0697241,2.72103
460,0.723419,0.240905,10,4.08667,0.066264,2.52426
461,0.656052,0.170312,9,3.26667,0.0693485,2.886
462,0.723589,0.188833,10,3.76,0.0691504,2.81494
463,0.649631,0.200349,10,3.51333,0.0693953,2.66828
464,0.636922,0.156165,8,3.15333,0.0678254,2.78213
465,0.738199,0.18685,9,3.58667,0.0667391,2.77409
466,0.734831,0.148024,10,3.2,0.0694274,2.79496
467,0.686121,0.160492,10,3.21333,0.0673942,2.78747
468,0.671127,0.165224,9,3.35333,0.0644233,2.88259
469,0.71758,0.202382,9,3.86,0.07085,3.09392
470,0.768185,0.23809,10,3.96667,0.0669775,2.54445
471,0.778678,0.280276,10,4.93333,0.0676022,2.68609
472,0.637561,0.176348,10,3.21333,0.0675641,2.8154
473,0.776755,0.249173,10,4.30667,0.0719356,2.62406
474,0.823152,0.257684,10,4.18667,0.0683516,2.3412
475,0.706168,0.190868,10,3.53333,0.0697864,2.51282
476,0.639744,0.195714,9,3.14,0.0653691,2.21442
477,0.757917,0.216582,10,3.95333,0.0693413,2.51455
478,0.735313,0.239577,10,3.85333,0.0695078,2.32762
479,0.806461,0.189251,10,3.3,0.0662718,2.56198
480,0.783367,0.19887,9,3.62,0.0671805,2.79151
481,0.691009,0.224559,10,4.26,0.0680935,2.81285
482,0.770939,0.243173,10,3.95333,0.0679434,2.55933
483,0.663379,0.182958,10,3.44,0.0680385,2.8567
484,0.803074,0.253725,10,4.3,0.0687511,2.50191
485,0.641048,0.181032,9,3.29333,0.065735,2.60181
486,0.73472,0.160832,10,3.24667,0.0674719,2.44361
487,0.834345,0.236804,10,4.09333,0.069679,2.38503
488,0.757515,0.200219,10,3.74,0.0697977,2.72388
489,0.672478,0.155609,10,3.04,0.0708369,2.84832
490,0.618167,0.160504,10,3.22667,0.0664839,2.75597
491,0.683026,0.219856,10,3.76667,0.0683616,2.93153
492,0.64812,0.186224,9,3.53333,0.0666781,2.8394
493,0.754809,0.26127,10,4.53333,0.0674705,2.92994
494,0.734003,0.208544,10,3.81333,0.0672611,2.82631
495,0.670853,0.202427,10,3.8,0.0673895,2.67939
496,0.745904,0.267184,10,4.51333,0.0699684,2.50468
497,0.764003,0.240279,10,4.36,0.0668876,2.61726
498,0.679946,0.233301,10,4.11333,0.0673901,2.61228
499,0.708358,0.253017,9,4.29333,0.0652844,2.56117
500,0.718097,0.172552,10,3.15333,0.0657768,2.53779
501,0.737816,0.240077,10,4.05333,0.0657255,2.36938
502,0.701873,0.230099,10,4.25333,0.0694403,2.66605
503,0.804438,0.276503,10,4.31333,0.0662488,2.13357
504,0.764362,0.222997,10,3.77333,0.0713433,2.51844
505,0.716379,0.209375,10,3.65333,0.067931,2.47894
506,0.637705,0.193601,10,3.59333,0.069662,2.61003
507,0.809483,0.22211,10,3.77333,0.0665484,2.25705
508,0.931512,0.253346,10,4.14,0.067133,2.38762
509,0.657902,0.16114,9,2.86667,0.0688472,2.41312
510,0.788073,0.187182,10,3.26,0.0671209,2.41576
511,0.589761,0.173169,9,2.72667,0.0616615,2.2743
512,0.68614,0.185029,9,3.32,0.0665495,2.83865
513,0.64256,0.165836,10,2.99333,0.065726,2.36288
514,0.668264,0.181957,9,3,0.069446,2.55168
515,0.74294,0.200201,10,3.36,0.0668808,2.45723
516,0.84864,0.278733,10,4.23333,0.0718617,2.30111
517,0.696032,0.214627,10,3.66667,0.0674552,2.4209
518,0.810518,0.204009,10,3.64,0.0682547,2.47814
519,0.720253,0.166004,9,2.92667,0.0701387,2.24834
520,0.822505,0.219193,10,3.77333,0.0674604,2.49657
521,0.636401,0.168475,10,2.86667,0.0661614,2.51809
522,0.687141,0.15407,9,2.73333,0.0662165,2.36901
523,0.82637,0.223462,10,3.38,0.0714416,2.3454
524,0.680521,0.163259,10,2.84667,0.0672366,2.14359
525,0.664857,0.223613,10,3.89333,0.0701235,2.42671
526,0.84332,0.24323,10,4.11333,0.0701727,2.33083
527,0.739406,0.217846,9,3.62667,0.0707105,2.42363
528,0.675413,0.203675,10,3.60667,0.0674578,2.51944
529,0.741781,0.243131,9,3.92667,0.0683675,2.5094
530,0.735097,0.233238,10,3.94667,0.0674726,2.48142
531,0.665577,0.218172,10,3.66667,0.064295,2.40274
532,0.699124,0.223187,10,4.10667,0.0682199,2.4333
533,0.735398,0.24711,10,3.87333,0.0697093,2.62106
534,0.65475,0.187469,9,3.28667,0.0691625,2.79665
535,0.821712,0.170485,10,3.19333,0.0679228,2.62956
536,0.645219,0.182704,9,3.2,0.0687728,2.90164
537,0.830522,0.210122,10,3.96,0.0738329,2.95688
538,0.726163,0.223348,10,3.96,0.0724996,2.58511
539,0.735545,0.210113,10,3.54667,0.0682395,2.70576
540,0.714487,0.18838,10,3.56667,0.0697008,2.79829
541,0.798544,0.21239,10,3.72,0.0662767,2.8104
542,0.623575,0.163183,9,3.24,0.0657037,2.86014
543,0.781897,0.198179,10,3.67333,0.0689715,2.74621
544,0.721439,0.209205,10,3.79333,0.0684027,2.78692
545,0.788253,0.219947,10,4.15333,0.0688651,2.80452
546,0.747471,0.221666,10,3.89333,0.0648205,2.44987
547,0.694866,0.186336,10,3.38,0.0701538,3.0416
548,0.737413,0.197763,10,3.51333,0.0668521,2.9735
549,0.796668,0.189554,10,3.54,0.0674074,2.6749
550,0.665812,0.158997,9,2.82667,0.0686792,2.83741
551,0.857339,0.283897,10,4.56667,0.0662988,2.5239
552,0.726357,0.200396,10,3.45333,0.0716741,2.69852
553,0.794389,0.214355,10,4.03333,0.0690364,2.48911
554,0.612186,0.17616,9,3.44667,0.0674492,2.95904
555,0.83361,0.267607,10,4.23333,0.0700343,2.36086
556,0.691551,0.182715,10,3.31333,0.0635271,2.38029
557,0.830058,0.202825,10,3.44,0.0684741,2.40908
558,0.708328,0.181263,9,3.24,0.0686979,2.74116
559,0.679648,0.183054,9,3.04,0.067253,2.66057
560,0.824378,0.233499,10,4.14667,0.0688985,2.42326
561,0.609636,0.175577,8,3.19333,0.0651138,2.66521
562,0.800737,0.236234,10,4.11333,0.0692538,2.49556
563,0.72288,0.235741,10,4.06,0.0661998,2.45881
564,0.611407,0.163126,9,2.82667,0.0632337,2.48479
565,0.542951,0.139985,8,2.56667,0.0643834,2.4725
566,0.769269,0.200924,10,3.59333,0.0669522,2.30701
567,0.788509,0.24407,10,3.86,0.0706942,2.35511
568,0.765227,0.202312,10,3.38,0.0676211,2.63608
569,0.732164,0.18377,10,3.11333,0.0654164,2.52542
570,0.784736,0.211791,10,3.51333,0.0692998,2.63431
571,0.804781,0.239232,10,4.21333,0.0675301,2.33292
572,0.70915,0.231496,10,4.03333,0.0729985,2.6355
573,0.700668,0.212071,10,3.98667,0.0730354,2.6472
574,0.766017,0.181759,10,3.52,0.0693914,2.67221
575,0.80363,0.212512,10,3.83333,0.0682437,2.44336
576,0.720672,0.177046,10,3.29333,0.0683933,2.5229
577,0.773239,0.158575,10,3.12,0.0691112,2.54075
578,0.647348,0.12944,10,2.95333,0.065654,2.63459
579,0.722645,0.20125,10,3.8,0.070549,2.46386
580,0.688004,0.124248,9,2.41333,0.066733,2.29384
581,0.720851,0.163694,9,2.80667,0.0670459,2.38135
582,0.719217,0.20516,10,3.68,0.0697049,2.39855
583,0.657143,0.134986,9,2.5,0.0651375,2.32642
584,0.787084,0.172619,10,2.96667,0.067086,2.20453
585,0.86817,0.209818,10,3.60667,0.0713119,2.12663
586,0.778993,0.212175,10,3.64667,0.0711765,2.4167
587,0.662821,0.190434,9,3.28,0.0676629,2.38363
588,0.754677,0.146402,9,2.79333,0.0653671,2.1885
589,0.600186,0.146858,9,2.66667,0.0671985,2.41828
590,0.767902,0.248579,9,4.08,0.0697079,2.18271
591,0.680553,0.15329,10,2.68,0.0662975,2.06613
592,0.844632,0.289874,10,4.18,0.0693083,2.08245
593,0.69478,0.182971,10,3.35333,0.0683894,2.57187
594,0.729341,0.218752,10,3.71333,0.0682202,2.47399
595,0.769386,0.210306,10,3.42,0.06688,2.39157
596,0.744936,0.154454,10,3.07333,0.0699513,2.85971
597,0.827265,0.313775,10,4.98667,0.071996,2.38529
598,0.599509,0.19311,9,3.33333,0.0649748,2.68373
599,0.621462,0.193457,10,3.55333,0.0666953,2.54604
600,0.791678,0.236556,10,4.04667,0.0705338,2.61086
601,0.720089,0.224206,10,3.69333,0.0693061,2.42786
602,0.688345,0.196687,9,3.58667,0.0658302,2.54043
603,0.753191,0.255496,10,4.1,0.0696248,2.32139
604,0.641543,0.197029,10,3.3,0.067745,2.58598
605,0.692044,0.198028,9,3.68,0.0683747,2.75487
606,0.772729,0.197448,10,3.90667,0.0692866,2.58438
607,0.68053,0.221758,10,3.69333,0.0653379,2.68516
608,0.695181,0.216348,10,3.7,0.0673827,2.80357
609,0.712339,0.257815,10,4.31333,0.0714097,2.43012
610,0.597055,0.197271,9,3.28,0.0673397,2.27898
611,0.689409,0.14991,9,2.82667,0.0664003,2.54401
612,0.805802,0.233819,10,3.91333,0.0680106,2.14702
613,0.803797,0.222015,9,4.22,0.0671028,2.22896
614,0.744755,0.200207,10,3.78,0.0662561,2.30756
615,0.650162,0.219649,9,3.83333,0.0687909,2.62887
616,0.693325,0.199023,10,3.48,0.0669591,2.77886
617,0.682592,0.171815,9,3.11333,0.0667636,2.61468
618,0.797475,0.203867,10,3.76667,0.0680545,2.85189
619,0.626823,0.188979,9,3.52,0.0691206,2.62259
620,0.625461,0.180027,10,3.46667,0.0650573,2.42006
621,0.565688,0.17183,9,3.30667,0.0685229,2.71574
622,0.738677,0.221167,10,4.04667,0.0696405,2.60197
623,0.426992,0.112291,8,2.45333,0.0689638,3.49573
624,0.701588,0.217873,9,4.1,0.0721473,2.84374
625,0.722973,0.208727,10,3.90667,0.0686761,2.75667
626,0.567085,0.135026,9,2.84667,0.0644691,2.8618
627,0.660828,0.17185,9,3.61333,0.0662344,3.02613
628,0.713391,0.21505,10,3.94667,0.070933,2.78044
629,0.725969,0.214082,10,3.87333,0.0675586,2.33412
630,0.657625,0.187008,9,3.41333,0.0701429,2.58227
631,0.56502,0.18864,9,3.35333,0.0664408,2.71902
632,0.801536,0.212049,10,3.80667,0.0667801,2.8831
633,0.815096,0.248509,10,4.04667,0.0703955,2.82579
634,0.640218,0.135243,9,2.99333,0.0647469,2.62668
635,0.769211,0.187728,10,3.52667,0.0678277,2.62003
636,0.741228,0.221645,10,4.28,0.068209,2.67057
637,0.770713,0.213611,10,3.83333,0.0667917,2.34898
638,0.829968,0.21885,10,3.9,0.0685734,2.29379
639,0.700671,0.176985,9,3.52667,0.0667594,2.66711
640,0.693668,0.197198,10,3.7,0.0647058,2.54301
641,0.766952,0.18196,10,3.70667,0.0647451,2.35085
642,0.686498,0.137626,9,2.68,0.0653031,2.76026
643,0.739186,0.206339,10,3.9,0.0668126,2.49114
644,0.830724,0.225831,10,4.00667,0.0676577,2.38068
645,0.819608,0.228889,10,4.18667,0.0693559,2.65397
646,0.817246,0.251125,10,4.64667,0.0713152,2.52527
647,0.721294,0.169634,9,3.47333,0.0657375,2.72104
648,0.859235,0.198572,10,3.73333,0.0684539,2.58838
649,0.671131,0.17495,10,3.40667,0.0690016,2.4885
650,0.758777,0.23573,10,4.13333,0.0681496,2.43401
651,0.76914,0.230573,10,4.25333,0.0657773,2.54136
652,0.66035,0.235842,10,4.02,0.0678523,2.64316
653,0.629323,0.174585,9,3.27333,0.0640766,2.69364
654,0.676101,0.19415,10,3.46,0.0656151,2.60194
655,0.818919,0.237606,10,4.72,0.069342,2.69909
656,0.784799,0.222214,10,4.17333,0.0664003,2.67773
657,0.783335,0.24505,10,4.16667,0.0642399,2.30678
658,0.805094,0.223262,10,3.85333,0.0668034,2.26867
659,0.713905,0.205122,10,3.93333,0.0683583,2.48222
660,0.727196,0.185777,10,3.38,0.0663681,2.53383
661,0.872752,0.283443,10,4.88667,0.0665081,2.26598
662,0.857971,0.265727,10,4.36,0.0685999,2.13936
663,0.774858,0.187964,10,3.56,0.0659364,2.46702
664,0.763412,0.211407,10,3.89333,0.0710439,2.30909
665,0.745756,0.202035,10,4.02,0.069201,2.45639
666,0.701258,0.197652,9,3.56667,0.0658645,2.73104
667,0.578384,0.137153,10,2.71333,0.0688891,2.74798
668,0.798265,0.190881,10,3.41333,0.0686501,2.44902
669,0.611643,0.173981,9,3.25333,0.0661655,2.39597
670,0.727599,0.191124,10,3.54667,0.0665401,2.46266
671,0.743588,0.155398,9,3.19333,0.0634624,2.35808
672,0.675288,0.215031,10,3.85333,0.0659981,2.27087
673,0.742663,0.176017,10,3.69333,0.0669043,2.67808
674,0.775514,0.191475,9,3.78667,0.0653236,2.45315
675,0.647164,0.201606,9,3.4,0.0673677,2.47776
676,0.775633,0.205237,10,3.76,0.0696258,2.45187
677,0.736276,0.195025,10,3.63333,0.068571,2.83608
678,0.687685,0.216958,10,3.84667,0.0680739,2.41459
679,0.789789,0.25968,10,4.56,0.0702076,2.35275
680,0.694182,0.200218,10,3.57333,0.0710219,2.59315
681,0.769542,0.20446,9,3.79333,0.06858,2.22195
682,0.688071,0.207414,10,4.10667,0.0708335,2.44611
683,0.839102,0.247347,10,4.16,0.0686782,2.44831
684,0.720526,0.190034,9,3.64667,0.0679416,2.53483
685,0.896151,0.272562,10,4.32,0.067603,2.27124
686,0.687152,0.20312,10,3.59333,0.0672699,2.37037
687,0.759254,0.243139,10,3.92667,0.0695144,2.30431
688,0.747382,0.232049,10,4.21333,0.0695902,2.5205
689,0.608963,0.162675,10,3.23333,0.0677323,2.71091
690,0.66884,0.168909,9,3.38,0.0670385,2.68709
691,0.787579,0.263715,9,4.25333,0.0697382,2.22697
692,0.869279,0.238006,10,4.36667,0.0693295,2.25804
693,0.852305,0.318274,10,5.48667,0.0720641,2.25112
694,0.65407,0.187903,9,3.5,0.0706108,2.45083
695,0.732501,0.180118,10,3.46667,0.0666646,2.78634
696,0.74396,0.210244,10,3.92,0.06787,2.52856
697,0.781255,0.285019,10,4.98667,0.0690558,2.32321
698,0.666986,0.159798,9,3.11333,0.0636893,2.57352
699,0.716256,0.204743,10,3.83333,0.068728,2.53061
700,0.844535,0.204534,10,3.92,0.066523,2.17774
701,0.719528,0.188442,9,3.56,0.0673369,2.37176
702,0.839068,0.194718,10,3.58,0.0664533,2.29819
703,0.642428,0.194067,9,3.37333,0.0661941,2.74157
704,0.611688,0.171527,10,3.38667,0.0702087,2.80689
705,0.669874,0.156807,10,3.16,0.0674432,2.2128
706,0.719183,0.238654,10,4.60667,0.0667684,2.49008
707,0.709832,0.222164,10,4.19333,0.0690176,2.30139
708,0.725318,0.188342,10,3.78,0.0672157,2.39216
709,0.680356,0.197989,9,3.32667,0.0661725,2.48963
710,0.812199,0.231868,10,3.92,0.0687329,2.43338
711,0.739709,0.217114,10,3.64,0.0670687,2.62391
712,0.680699,0.19862,9,3.16,0.0661238,2.55214
713,0.881639,0.298014,10,4.92,0.0664388,2.49218
714,0.709753,0.259121,10,4.38,0.0691628,2.79863
715,0.813041,0.272935,10,4.69333,0.0683659,2.47235
716,0.78233,0.232148,9,3.81333,0.0663101,2.55972
717,0.707565,0.248446,10,4.39333,0.0724517,2.72936
718,0.739707,0.226942,10,3.86,0.0726905,2.58288
719,0.70679,0.218017,9,3.75333,0.0669973,2.62751
720,0.650161,0.166892,10,3.19333,0.0679143,2.64225
721,0.588124,0.165563,9,3.12,0.06409,2.69432
722,0.830293,0.246883,10,4.17333,0.0686334,2.63609
723,0.757676,0.216145,10,3.76,0.070016,2.62584
724,0.832032,0.245355,10,4.26,0.0673516,2.56708
725,0.754276,0.199555,10,3.44,0.0690748,2.64473
726,0.60645,0.192964,10,3.59333,0.0680917,2.74635
727,0.865128,0.198607,10,3.88667,0.068263,2.61588
728,0.69554,0.218067,10,3.87333,0.0686761,2.88205
729,0.751156,0.244701,10,4.12667,0.0680682,2.38564
730,0.715339,0.286522,10,5.22,0.0678706,2.31928
731,0.608874,0.200477,10,3.88,0.0670031,2.91756
732,0.78059,0.240811,10,4.26,0.0664286,2.76166
733,0.753461,0.279929,10,4.66,0.0696974,2.50331
734,0.75821,0.201255,10,3.88,0.0701559,2.96529
735,0.704592,0.195565,10,3.52667,0.0662931,2.66397
736,0.78873,0.267074,10,4.75333,0.0706385,2.65605
737,0.613705,0.153245,10,2.87333,0.0671376,2.92729
738,0.725703,0.197877,10,3.74667,0.0718507,2.8081
739,0.741829,0.257246,10,4.44667,0.071956,2.85447
740,0.698567,0.232319,10,3.82667,0.0684477,2.60449
741,0.845806,0.242387,10,4.07333,0.0696346,2.90019
742,0.697475,0.249621,10,3.97333,0.0704342,2.81142
743,0.872673,0.211822,10,3.89333,0.0690304,2.53053
744,0.711096,0.217429,10,3.96667,0.0678992,2.79976
745,0.741225,0.238533,10,4.06667,0.0706235,2.85366
746,0.806199,0.230763,10,3.92,0.0698278,2.22813
747,0.622974,0.1908,10,3.21333,0.0680937,2.41088
748,0.680615,0.202637,9,3.5,0.0686655,2.85022
749,0.713555,0.202903,10,3.61333,0.0693124,2.79987
750,0.697871,0.194939,10,3.50667,0.0688953,2.76048
751,0.787068,0.248042,10,4.31333,0.0723279,2.53803
752,0.79847,0.286355,10,4.43333,0.0692468,2.46112
753,0.749976,0.291689,10,4.55333,0.0671205,2.55095
754,0.774557,0.203269,10,3.40667,0.0684524,2.70222
755,0.634672,0.169394,10,3.09333,0.0670643,2.42557
756,0.839007,0.314102,10,5.26667,0.0707235,2.23404
757,0.754828,0.19207,10,3.32667,0.0699492,2.66851
758,0.627994,0.189581,9,3.32667,0.0648004,2.66379
759,0.703376,0.227836,10,3.83333,0.070455,2.70777
760,0.736593,0.254611,10,4.41333,0.0665932,2.57033
761,0.765134,0.28789,10,4.71333,0.0741799,2.5209
762,0.710027,0.259024,10,4.48,0.0693691,2.23538
763,0.803123,0.232152,10,3.91333,0.0685633,2.50352
764,0.842399,0.257155,10,4.16,0.0669068,2.18874
765,0.74598,0.253211,10,4.09333,0.0683922,2.38549
766,0.783928,0.219498,10,3.78,0.0700767,2.26914
767,0.723138,0.206055,10,3.4,0.0656823,2.50073
768,0.731356,0.213245,9,3.6,0.0677815,2.21122
769,0.615984,0.171749,9,3.06667,0.067962,2.30358
770,0.674621,0.179865,10,3.4,0.0648134,2.46473
771,0.58569,0.165706,9,3.08667,0.0648951,2.71836
772,0.716982,0.185491,9,3.16667,0.0675163,2.58667
773,0.860171,0.218132,10,3.56667,0.0707081,2.59016
774,0.837369,0.321944,10,4.90667,0.0700219,2.29995
775,0.694218,0.240194,10,4.04,0.0689996,2.34085
776,0.78775,0.258061,10,3.76,0.0733583,2.63233
777,0.789044,0.250679,10,4.02,0.0711433,2.34217
778,0.655547,0.197273,10,3.42,0.0637799,2.27578
779,0.854864,0.255283,10,4.14,0.0657076,2.46878
780,0.679514,0.197375,10,3.27333,0.065703,2.31146
781,0.768768,0.262284,10,4.22667,0.0661877,2.21172
782,0.646897,0.159194,9,2.75333,0.0668879,2.38607
783,0.799438,0.2449,10,4.22,0.0682532,2.11366
784,0.806857,0.265812,10,4.34667,0.0652001,2.17044
785,0.752063,0.295052,10,5.12667,0.0693186,2.26156
786,0.890426,0.271366,10,4.46667,0.0708729,2.312
787,0.768609,0.234224,10,4.11333,0.0701876,2.21207
788,0.748187,0.213795,10,3.94,0.0673215,2.24075
789,0.863415,0.233169,10,4.08,0.067934,2.17856
790,0.757153,0.252398,10,4.34,0.0662204,2.19369
791,0.722709,0.250338,10,4.46,0.0693943,2.24919
792,0.756287,0.218598,10,3.65333,0.0660441,2.1912
793,0.756052,0.233537,10,3.84667,0.0694011,2.22986
794,0.828998,0.256758,10,4.5,0.0696107,2.27786
795,0.69658,0.236659,10,3.88667,0.0668789,2.3479
796,0.823246,0.265077,10,4.46667,0.0672358,2.29214
797,0.719243,0.240447,9,4.04,0.0675598,2.33867
798,0.631245,0.159137,10,3.10667,0.0669598,2.61834
799,0.709398,0.185557,9,3.5,0.0682529,2.45755
800,0.696201,0.192161,10,3.54,0.0629191,2.58691
801,0.695184,0.200898,10,4.12667,0.0690799,2.37996
802,0.808118,0.247312,10,4.53333,0.0684864,2.10687
803,0.751529,0.239579,10,4.33333,0.0665659,2.37267
804,0.645362,0.206654,9,3.48,0.0662907,2.41966
805,0.735565,0.244833,9,4.22,0.0708697,2.48193
806,0.757321,0.246682,10,4.40667,0.0662499,2.03162
807,0.738914,0.209844,10,3.83333,0.0672777,2.26005
808,0.755352,0.21185,10,3.81333,0.0637109,2.43099
809,0.523468,0.175954,10,3.36667,0.0684996,2.21908
810,0.656328,0.205133,10,3.86,0.0675695,2.50006
811,0.83578,0.207,10,3.5,0.0683039,2.1063
812,0.59792,0.189482,10,3.6,0.0636379,2.50498
813,0.695588,0.202131,10,3.9,0.0660368,2.27115
814,0.788365,0.233203,10,4.3,0.0669593,2.15029
815,0.799692,0.18356,10,4.52667,0.0705305,2.69634
816,0.679255,0.208322,10,3.89333,0.0659502,2.60568
817,0.747946,0.198037,9,3.56,0.0660133,2.19812
818,0.633568,0.164488,9,3.2,0.0654641,2.15815
819,0.709654,0.205175,10,4.1,0.0656199,2.31438
820,0.754738,0.211018,10,3.98667,0.0687709,2.24411
821,0.722783,0.181791,10,3.53333,0.0681834,2.18604
822,0.739296,0.183332,10,3.4,0.0681355,2.10571
823,0.830348,0.220461,10,4.15333,0.071787,2.2141
824,0.816339,0.218615,10,3.85333,0.0629082,2.01477
825,0.79411,0.212524,10,3.9,0.0710471,2.57794
826,0.742776,0.20206,10,3.42,0.0666232,2.16735
827,0.778204,0.224226,10,4.08667,0.068443,2.03951
828,0.84163,0.239537,10,4.52,0.0703899,2.08982
829,0.782388,0.235921,10,4.18,0.065642,2.00242
830,0.815447,0.251815,10,4.66667,0.068503,2.02412
831,0.695852,0.211936,10,4.05333,0.0708295,2.23667
832,0.817293,0.286572,10,5.1,0.0710762,2.34836
833,0.798842,0.243317,10,4.4,0.0681872,2.20706
834,0.846755,0.284747,10,4.62667,0.0682526,2.13637
835,0.847489,0.244515,10,4.06667,0.0658324,2.25481
836,0.741755,0.234023,10,3.66,0.0683328,2.33131
837,0.707695,0.25985,10,4.06,0.0731515,2.21425
838,0.731147,0.23894,10,4.11333,0.0676224,2.2304
839,0.715917,0.209304,10,3.74,0.0695913,2.15769
840,0.7165,0.231963,9,4.02667,0.0680612,2.2482
841,0.802996,0.239563,10,4.14,0.0676914,2.17296
842,0.696171,0.168397,10,3.31333,0.0667886,1.94106
843,0.73381,0.231234,10,4.22667,0.0690866,2.29144
844,0.868538,0.308483,10,4.94667,0.0701399,2.10981
845,0.791272,0.262363,9,4.52,0.0678687,2.14536
846,0.777037,0.236283,10,4.41333,0.0664773,2.18243
847,0.751554,0.155174,9,2.82667,0.0634151,2.38207
848,0.7258,0.214699,10,3.86,0.0710125,2.33243
849,0.792474,0.271908,10,4.77333,0.067933,2.42418
850,0.69272,0.209713,9,3.74667,0.0708212,2.7916
851,0.72612,0.224001,10,3.88667,0.0658984,2.54593
852,0.664707,0.183181,10,4.14667,0.0698466,2.60351
853,0.704156,0.223341,10,4.21333,0.0659189,2.46422
854,0.837327,0.24444,10,4.42,0.0680942,2.37782
855,0.654973,0.192931,10,3.71333,0.0674009,2.20241
856,0.876936,0.236226,10,4.42,0.0712933,1.99632
857,0.799353,0.229737,10,3.83333,0.0712621,2.33848
858,0.608516,0.197151,9,3.68,0.0718258,2.49105
859,0.852651,0.282182,10,4.98,0.0672007,2.13306
860,0.786602,0.265264,10,4.42667,0.0728431,2.23815
861,0.784728,0.288455,10,4.61333,0.0710025,2.02489
862,0.907918,0.304861,10,5.46667,0.068392,1.89552
863,0.724184,0.255413,10,4.26667,0.0644742,2.2352
864,0.712658,0.189947,10,3.36667,0.0668364,2.4835
865,0.718746,0.2273,10,4.04,0.0671863,2.59851
866,0.777823,0.271104,10,4.4,0.0690773,2.34735
867,0.855157,0.262729,10,4.27333,0.0672655,2.26366
868,0.725767,0.269565,10,4.42,0.0685989,2.60892
869,0.772946,0.261348,10,4.3,0.0704139,2.03573
870,0.584982,0.155598,9,2.86,0.0661085,2.29446
871,0.783213,0.205029,10,3.8,0.0724583,2.51858
872,0.783473,0.235832,10,4.05333,0.0678335,2.27423
873,0.739716,0.252328,9,3.96667,0.0672936,2.45536
874,0.763515,0.243971,10,4.22,0.0681434,2.35933
875,0.820499,0.245428,10,4.1,0.0689174,2.45146
876,0.754772,0.266915,10,4.40667,0.0658222,2.26028
877,0.725009,0.256574,10,4.22667,0.0686176,2.26684
878,0.655057,0.186423,10,3.42,0.0665064,2.42756
879,0.769183,0.255775,10,4.04,0.0649003,2.30075
880,0.687885,0.214789,10,3.7,0.0667578,2.26932
881,0.778723,0.215652,10,3.61333,0.0656216,1.96089
882,0.793397,0.213672,10,3.99333,0.0712192,2.25711
883,0.747079,0.254686,10,4.29333,0.0708448,2.20631
884,0.808054,0.211717,10,3.80667,0.0657724,2.20011
885,0.836589,0.269773,10,4.48667,0.0665424,2.14186
886,0.812555,0.240874,10,4.55333,0.0656822,2.28988
887,0.658449,0.209681,10,3.9,0.0688025,2.21435
888,0.720338,0.264096,10,4.34,0.0713744,2.21005
889,0.735579,0.202545,10,4.06667,0.0701952,2.53901
890,0.80075,0.2432,10,4.74667,0.0751548,2.26692
891,0.694836,0.19568,10,3.96667,0.0669584,2.17243
892,0.748194,0.182878,9,3.81333,0.0683866,2.46939
893,0.778258,0.22441,10,3.98667,0.0663108,2.39183
894,0.778183,0.202976,10,4.07333,0.0701367,2.32732
895,0.594892,0.189244,10,3.73333,0.0672085,2.3079
896,0.756816,0.192913,10,3.78667,0.0681445,2.15948
897,0.694912,0.251734,10,4.25333,0.0665445,2.2378
898,0.735526,0.223812,10,3.88,0.0647645,2.41812
899,0.691394,0.200537,10,3.46667,0.0674167,2.34241
900,0.816502,0.237797,9,3.81333,0.0692296,2.02913
901,0.776576,0.213076,9,3.97333,0.0706654,2.1926
902,0.620666,0.16279,9,2.96,0.0760643,2.79851
903,0.79269,0.208745,10,3.94,0.0726075,2.70171
904,0.684209,0.16155,10,3.06,0.0706683,2.4988
905,0.76534,0.244495,10,3.96,0.0690261,2.37802
906,0.882327,0.246762,10,4.56,0.0669311,2.05602
907,0.695279,0.190453,10,3.35333,0.0645954,2.43306
908,0.905213,0.294098,10,4.92667,0.0713377,2.54332
909,0.765667,0.218998,10,3.89333,0.0667004,2.49891
910,0.695053,0.227807,10,3.87333,0.0685986,2.36332
911,0.720675,0.198488,10,3.5,0.068112,2.23415
912,0.791256,0.225953,10,3.56,0.0689595,2.17666
913,0.791537,0.231846,10,3.90667,0.0678866,1.93874
914,0.796664,0.210409,10,3.82667,0.0702425,2.23472
915,0.753919,0.210485,9,3.86667,0.0661152,2.05294
916,0.743313,0.230089,10,4.20667,0.0677761,2.30777
917,0.773062,0.232172,10,4.02,0.0666548,2.2641
918,0.657122,0.193617,10,3.48667,0.0670537,2.18837
919,0.80139,0.295629,10,4.74,0.0688227,2.07928
920,0.717844,0.223362,10,3.50667,0.0660551,2.22576
921,0.720345,0.161584,10,3.18667,0.0697294,2.57727
922,0.707422,0.239402,10,4.37333,0.0692595,2.14109
923,0.796668,0.209862,9,3.81333,0.0656566,2.27576
924,0.634432,0.188735,10,3.31333,0.0652917,2.33069
925,0.821613,0.269902,10,4.49333,0.0672419,2.11603
926,0.824405,0.266183,10,4.38,0.0679114,1.93831
927,0.808965,0.238248,10,4.58667,0.0682962,2.13957
928,0.666238,0.202824,9,3.34667,0.0647226,2.26525
929,0.803089,0.289194,10,4.93333,0.067914,2.05338
930,0.885669,0.272446,10,4.41333,0.0711087,1.96437
931,0.864293,0.216471,10,3.44667,0.0679834,2.15254
932,0.711167,0.249089,9,4.18667,0.0695492,2.40366
933,0.719018,0.247044,10,4.1,0.0668043,1.98942
934,0.73025,0.22104,10,3.97333,0.0695675,2.30997
935,0.824445,0.270845,10,4.62667,0.0697984,2.10564
936,0.777207,0.234326,10,4.24,0.0680124,2.30384
937,0.768366,0.257345,10,4.15333,0.0666346,2.23846
938,0.814429,0.2775,10,4.69333,0.0699019,2.35425
939,0.726619,0.217225,9,3.74,0.0679555,2.12897
940,0.867548,0.292011,10,4.33333,0.0672863,1.99975
941,0.68817,0.205609,10,3.74667,0.0694126,2.13894
942,0.795619,0.247404,10,3.96,0.0685186,2.30951
943,0.609983,0.191868,8,3.53333,0.0673187,2.72534
944,0.76691,0.212471,10,3.81333,0.067072,2.24091
945,0.836761,0.234699,10,4.07333,0.0711846,2.1445
946,0.758845,0.246111,10,4.1,0.0663927,2.03273
947,0.79303,0.237346,10,4.15333,0.0649481,1.9594
948,0.782517,0.237282,10,4.02667,0.067486,2.22862
949,0.84128,0.297261,10,4.9,0.0682313,1.93987
950,0.854721,0.260845,10,4.53333,0.0666589,2.19089
951,0.805593,0.244547,10,4.14,0.0650259,2.1491
952,0.788675,0.212594,10,3.86667,0.0704886,2.44829
953,0.741605,0.158066,10,3.08667,0.0680952,2.00901
954,0.751545,0.206401,10,3.3,0.067582,2.03415
955,0.759546,0.222484,10,3.84,0.0670682,1.94187
956,0.706338,0.171427,8,3.14667,0.0673162,2.14093
957,0.678034,0.206125,9,3.57333,0.0665269,2.17205
958,0.792902,0.238094,10,4.64667,0.0701629,2.03488
959,0.758012,0.214291,10,3.98667,0.0694123,2.22885
960,0.895082,0.257715,10,4.35333,0.0691568,2.33306
961,0.850944,0.311177,10,5.23333,0.0703352,1.79403
962,0.793296,0.253604,10,4.47333,0.0729693,2.11573
963,0.720465,0.24872,10,4.52,0.0677042,2.14015
964,0.711821,0.201556,10,3.6,0.0689341,2.22105
965,0.845678,0.22009,10,3.72,0.0650538,2.06746
966,0.732828,0.202911,10,3.56,0.0657625,2.1997
967,0.635995,0.133688,10,2.75333,0.0642878,2.3885
968,0.695772,0.175803,9,3.14667,0.0671416,2.09459
969,0.841041,0.28014,10,5.10667,0.0684339,1.85391
970,0.73413,0.186478,10,3.65333,0.0666709,2.21159
971,0.717221,0.203372,10,4.36,0.0665968,2.47866
972,0.823155,0.264049,10,5.14,0.0690967,2.21486
973,0.610563,0.181096,10,3.37333,0.0676552,2.31244
974,0.601873,0.19635,10,3.59333,0.0689758,2.74562
975,0.677353,0.21183,10,3.93333,0.0683274,2.33343
976,0.623728,0.174376,9,3.33333,0.0649636,2.42386
977,0.767317,0.217104,10,3.91333,0.0641414,2.1224
978,0.816965,0.287044,10,4.43333,0.0677502,2.03126
979,0.696469,0.201061,10,3.56,0.0728763,2.37621
980,0.599013,0.189755,10,3.58,0.0683045,2.64457
981,0.701377,0.230234,10,3.95333,0.0718484,2.25345
982,0.787383,0.237386,10,4.37333,0.0681639,2.32839
983,0.721164,0.216387,10,3.64,0.0689889,2.32947
984,0.82563,0.24485,10,4.11333,0.0702339,2.26148
985,0.687095,0.205049,10,3.64,0.0661922,2.21697
986,0.631208,0.167711,9,3.02,0.0619593,2.34432
987,0.612024,0.165579,10,3.28,0.0664591,2.64142
988,0.791367,0.224307,10,4,0.0703288,2.35006
989,0.821955,0.144705,10,2.69333,0.0673187,2.25853
990,0.752263,0.18833,10,3.36,0.0706364,2.17792
991,0.840847,0.250321,10,4.15333,0.0685304,1.91014
992,0.655955,0.143613,9,2.70667,0.067253,2.57799
993,0.71388,0.213923,9,3.64,0.0652872,2.09602
994,0.750457,0.222393,10,3.98,0.0676484,2.22084
995,0.724137,0.227635,10,4.3,0.0664846,2.3689
996,0.785608,0.195422,10,3.74,0.0680851,2.26835
997,0.75213,0.176142,10,3.26,0.0652076,1.86361
998,0.774856,0.200216,10,4.07333,0.0661712,2.53092
999,0.65505,0.171777,9,3.14667,0.0630873,2.48058
1000,0.810125,0.218747,10,4.06,0.0679765,2.30138
