1,0.123687,0.00242329,5,0.173333,0.0727825,1.36668
2,0.287469,0.00715153,7,0.3,0.0701597,1.03351
3,0.112738,0.00428342,3,0.26,0.0644155,1.06465
4,0.213728,0.00883045,9,0.526667,0.0678585,1.06001
5,0.428748,0.102782,8,2.43333,0.0699588,2.74315
6,0.356968,0.0792089,7,2.22667,0.0669324,2.89278
7,0.408273,0.0622277,7,1.62667,0.0677346,2.71734
8,0.366164,0.0642551,7,1.58667,0.0666884,2.38013
9,0.389775,0.0459761,7,1.70667,0.074439,2.42827
10,0.335828,0.0296704,7,1.28,0.0680703,2.29624
11,0.373448,0.0670236,9,2.02667,0.072344,2.14345
12,0.276676,0.0241625,8,1.72,0.0633805,2.33488
13,0.388619,0.0495451,10,1.98,0.0709639,2.87829
14,0.568291,0.0674176,8,2.29333,0.0641847,2.47122
15,0.543871,0.0553871,7,1.65333,0.0669276,2.55589
16,0.27701,0.0284826,5,0.973333,0.0659219,2.19749
17,0.469044,0.0590191,9,2.14667,0.114057,2.30433
18,0.243884,0.0284287,8,1.20667,0.0671622,1.94536
19,0.342179,0.0688332,8,2.27333,0.066904,2.35308
20,0.403399,0.0440085,8,2.08,0.0728396,2.40874
21,0.277263,0.0329353,8,1.68667,0.0643622,2.6141
22,0.526617,0.079833,10,3.2,0.0723045,2.11897
23,0.389027,0.0725463,9,2.08,0.071464,2.22919
24,0.443043,0.0548851,8,1.46,0.0681064,1.90812
25,0.44059,0.0494051,8,1.60667,0.0674487,2.07964
26,0.412306,0.0633404,6,2.01333,0.063405,2.64555
27,0.351297,0.05593,6,1.63333,0.066459,2.25689
28,0.252866,0.0520389,7,1.35333,0.0662309,2.19792
29,0.250255,0.0387227,7,1.25333,0.0653481,1.94701
30,0.338398,0.0364202,9,1.62667,0.0673342,2.42897
31,0.459554,0.0836713,8,2.03333,0.0694704,3.46794
32,0.371431,0.0679495,9,1.85333,0.0690969,3.26933
33,0.315078,0.0541481,8,1.72667,0.0776271,3.37471
34,0.319323,0.0402888,10,1.58,0.0664946,3.41086
35,0.330274,0.0685511,7,2.10667,0.0682507,3.66707
36,0.548693,0.16386,9,3.86,0.0708566,3.62224
37,0.42441,0.0738177,8,2.14,0.0730367,3.01817
38,0.464567,0.0766341,9,2.13333,0.068454,3.50896
39,0.525619,0.070217,8,1.92667,0.0700953,3.02123
40,0.428839,0.0672626,8,1.74,0.0664714,2.97752
41,0.514238,0.0709181,7,1.68667,0.066488,3.08878
42,0.355564,0.0895497,8,1.94,0.066194,3.11683
43,0.577821,0.0696297,9,1.72667,0.0687454,3.22252
44,0.521828,0.089822,9,2.44667,0.0766344,3.50127
45,0.622259,0.143478,9,2.98,0.0686166,3.39561
46,0.627474,0.0949905,9,2.18,0.0674329,3.28274
47,0.294088,0.0480188,7,1.30667,0.0668112,3.62925
48,0.671861,0.10004,9,2.60667,0.0677343,3.22951
49,0.580386,0.111823,9,2.92667,0.0699866,3.5618
50,0.606933,0.0865969,9,2.45333,0.0653708,3.15696
51,0.299061,0.0777168,6,1.86,0.0658674,2.96193
52,0.489539,0.0802962,8,2.07333,0.0660964,3.0299
53,0.642872,0.0971243,9,2.48667,0.0661204,2.94955
54,0.537101,0.117214,9,2.65333,0.068521,2.99672
55,0.683259,0.145602,9,3.22,0.0696952,2.92788
56,0.554787,0.117039,9,2.82667,0.0702446,3.19164
57,0.473709,0.0873923,9,2.30667,0.067684,2.77696
58,0.471661,0.097216,7,2.38667,0.0672573,3.07683
59,0.482809,0.0734616,8,2.10667,0.0696151,2.67156
60,0.423875,0.0677119,8,1.90667,0.0659736,3.01806
61,0.388277,0.0411921,9,1.33333,0.0650019,2.53132
62,0.628469,0.0902958,9,2.64,0.0711114,3.1594
63,0.618236,0.113586,10,2.82,0.0700627,3.27544
64,0.391731,0.0938702,8,2.14667,0.0705479,3.637
65,0.596574,0.0666925,10,2.12,0.0682417,3.4587
66,0.527085,0.118226,8,2.45333,0.064768,3.2909
67,0.495933,0.126849,8,2.68,0.0655334,2.98176
68,0.583826,0.1012,9,2.50667,0.0719061,3.08756
69,0.630424,0.147509,10,3.14667,0.0691644,3.07595
70,0.474403,0.101108,10,2.62,0.069176,3.231
71,0.524401,0.131682,9,2.92,0.0681365,3.19697
72,0.51577,0.124285,8,2.75333,0.0676624,3.04499
73,0.520678,0.128741,8,2.86,0.0678895,3.11225
74,0.530263,0.115491,9,2.74667,0.0777354,2.93416
75,0.683066,0.136294,9,3.16,0.070118,3.0206
76,0.42071,0.0848454,8,2.38,0.0678183,2.97396
77,0.644638,0.134228,9,2.92667,0.0693046,3.05388
78,0.541564,0.121041,9,2.79333,0.0699769,2.81846
79,0.593948,0.103953,9,2.38,0.0666979,2.80431
80,0.637903,0.147622,10,3.34,0.0698096,3.10236
81,0.510318,0.133731,9,2.93333,0.0653105,3.19032
82,0.431411,0.0957456,7,1.95333,0.0645787,2.59213
83,0.548987,0.11097,9,2.63333,0.0670728,2.82388
84,0.513153,0.121997,9,2.79333,0.0688112,3.12428
85,0.618583,0.154301,9,3.30667,0.0690677,3.13039
86,0.62245,0.177258,10,3.40667,0.0666868,3.14417
87,0.491028,0.151673,9,3.16667,0.069091,3.57327
88,0.530893,0.127511,10,2.84667,0.068364,3.03898
89,0.440252,0.111856,9,2.72667,0.0663383,3.33209
90,0.788843,0.182697,10,3.56,0.0702009,3.16875
91,0.759549,0.178488,10,3.62667,0.066303,3.19541
92,0.520475,0.130995,10,2.96,0.0697955,3.10918
93,0.501716,0.119389,10,2.62667,0.0646799,3.51203
94,0.554243,0.135603,10,2.79333,0.0688248,3.80639
95,0.467863,0.126328,10,2.72667,0.0637749,3.14648
96,0.449295,0.124913,9,2.63333,0.063455,3.24131
97,0.575224,0.157249,10,3.04,0.0684974,3.02604
98,0.625151,0.167051,9,3.15333,0.0652842,3.15451
99,0.800179,0.204421,9,3.52667,0.0689255,3.02802
100,0.629964,0.148514,10,2.96,0.0742441,3.21363
101,0.722427,0.162615,10,3.56667,0.0707859,3.32483
102,0.734887,0.177196,9,3.54,0.0703216,3.01001
103,0.550646,0.166599,9,3.46667,0.0707178,3.17866
104,0.709249,0.188101,10,3.90667,0.110627,3.46727
105,0.537719,0.127118,9,2.79333,0.0682204,3.10141
106,0.772036,0.194091,10,4.08667,0.0725399,3.01105
107,0.684339,0.138176,9,2.98,0.0715381,3.07755
108,0.652631,0.150691,9,2.93333,0.0681216,2.85536
109,0.629245,0.170535,10,3.39333,0.0712585,3.47492
110,0.582391,0.14595,9,2.92667,0.0656388,3.02977
111,0.715224,0.207861,10,3.83333,0.0688446,3.3668
112,0.708034,0.14109,10,2.89333,0.0678965,3.21989
113,0.698044,0.146638,9,2.94667,0.0647039,3.13652
114,0.654865,0.188974,10,3.62667,0.101404,3.37542
115,0.627244,0.147016,9,2.97333,0.0676817,2.70828
116,0.55064,0.0952795,10,2.17333,0.0663265,3.2253
117,0.585014,0.146668,9,2.74,0.0671011,3.17734
118,0.675159,0.116858,10,2.39333,0.0702399,3.18739
119,0.55286,0.127731,9,2.85333,0.0667596,3.13817
120,0.566826,0.122888,10,2.80667,0.0659767,3.31587
121,0.726938,0.141795,10,3.00667,0.0657665,3.03401
122,0.774961,0.174206,9,3.54667,0.0679422,3.25165
123,0.698705,0.15589,10,3.24,0.0666275,3.4727
124,0.634446,0.172583,9,3.20667,0.0666875,3.40509
125,0.633309,0.153361,10,2.99333,0.0672824,3.19498
126,0.677283,0.137639,10,2.93333,0.0682927,3.05744
127,0.558706,0.13557,8,2.5,0.0659176,3.04522
128,0.59713,0.179329,9,3.68,0.0675815,3.03738
129,0.550873,0.148354,9,2.84667,0.0745737,3.18365
130,0.735979,0.17498,9,3.43333,0.069754,2.8257
131,0.702204,0.201778,10,4.06,0.0714651,2.93976
132,0.776486,0.184523,10,3.6,0.0695376,3.23134
133,0.623339,0.136805,9,2.72667,0.0674244,3.36508
134,0.69133,0.11553,9,2.22667,0.0677212,3.32643
135,0.714132,0.175967,9,3.47333,0.0709154,3.12279
136,0.581343,0.112674,8,2.60667,0.0679051,3.28391
137,0.58408,0.111714,10,2.43333,0.066377,3.36763
138,0.645933,0.16581,10,3.15333,0.0693529,3.38073
139,0.516525,0.100459,8,2.08,0.0661876,3.10885
140,0.606925,0.159214,9,3.33333,0.0686631,3.2242
141,0.772521,0.172524,10,3.15333,0.0727748,3.3084
142,0.656167,0.15777,10,2.81333,0.0654069,2.87747
143,0.62027,0.190272,10,3.99333,0.0743642,3.4893
144,0.782028,0.193473,10,3.41333,0.0739199,3.00043
145,0.603425,0.192207,9,3.48,0.0694978,3.19233
146,0.604835,0.177775,10,3.33333,0.0678248,2.92171
147,0.664661,0.167697,9,3.32667,0.0978151,3.66414
148,0.677718,0.123906,9,2.47333,0.0656442,3.42598
149,0.662682,0.108884,10,2.18,0.0746804,3.37044
150,0.761575,0.130419,10,2.58,0.0744678,3.22064
151,0.661526,0.152995,9,3,0.0683497,2.80499
152,0.734151,0.207731,10,3.88,0.0698281,3.14145
153,0.663733,0.162672,10,3.31333,0.0694158,3.26093
154,0.79033,0.183985,10,3.46,0.0670573,3.09789
155,0.674399,0.17403,10,3.37333,0.0678073,2.98133
156,0.725013,0.1476,10,2.78667,0.0680221,3.52603
157,0.805209,0.214578,10,4.32667,0.0794189,3.34132
158,0.577715,0.111077,9,2.3,0.0645001,3.63143
159,0.671063,0.173877,9,3,0.0677826,3.00486
160,0.744829,0.136178,10,2.74667,0.0786151,3.59279
161,0.561209,0.120438,9,2.24667,0.0682709,3.2571
162,0.799638,0.184157,10,3.4,0.0698769,3.15935
163,0.77271,0.140827,10,2.76,0.0718179,3.15462
164,0.722921,0.153127,10,3.04667,0.0695237,3.04143
165,0.737262,0.155534,10,2.72667,0.0673166,2.98187
166,0.693512,0.153941,9,2.80667,0.0661729,2.95896
167,0.785284,0.173188,9,3.13333,0.0683347,3.33029
168,0.732337,0.176631,10,3.24667,0.0710522,3.13998
169,0.599212,0.143101,9,2.6,0.065584,2.8984
170,0.6973,0.149322,9,2.9,0.0705756,3.38864
171,0.573718,0.11608,8,2.18667,0.0652625,3.5633
172,0.705497,0.182231,10,3.32667,0.0681235,3.24326
173,0.751402,0.171115,10,3.20667,0.0694411,2.9792
174,0.74155,0.162706,10,2.96667,0.0646943,3.15096
175,0.794325,0.209591,10,3.76,0.0702391,3.08185
176,0.805812,0.17787,10,3.21333,0.0693309,3.18155
177,0.580638,0.151756,9,2.88667,0.0659041,3.27785
178,0.747329,0.20891,10,3.82,0.0702468,3.0743
179,0.671253,0.180085,9,3.36,0.0652302,3.01743
180,0.720391,0.161561,10,2.89333,0.0644013,3.27431
181,0.675447,0.172418,9,3.06667,0.0685536,3.20315
182,0.740952,0.196778,10,3.44667,0.065056,2.92002
183,0.762948,0.202036,10,3.90667,0.071365,3.54225
184,0.68738,0.175234,10,3.10667,0.0684704,3.69331
185,0.811861,0.170359,10,3.09333,0.0644288,3.08991
186,0.678138,0.198424,9,3.78,0.0673699,3.13544
187,0.686363,0.205651,10,3.52,0.0661291,3.1063
188,0.612261,0.1532,9,2.78667,0.0653219,2.95473
189,0.704591,0.18435,10,3.41333,0.0656201,3.19853
190,0.734002,0.185504,9,3.34,0.0802254,3.12035
191,0.696247,0.165196,10,3.07333,0.0685933,2.94859
192,0.624227,0.178351,9,3.17333,0.0646176,2.92513
193,0.670984,0.177601,10,3.24667,0.0685182,2.99873
194,0.77746,0.187852,10,3.51333,0.084401,3.07569
195,0.541929,0.14686,10,2.58667,0.0669518,3.18775
196,0.825845,0.228629,10,3.8,0.0691579,2.96483
197,0.63799,0.181426,9,3.37333,0.0673417,3.10636
198,0.654466,0.176126,10,3.17333,0.0685316,2.85763
199,0.779892,0.235924,10,3.73333,0.0644744,2.8326
200,0.880983,0.223217,10,3.79333,0.071526,3.08212
201,0.857266,0.203798,10,3.78667,0.069553,2.98115
202,0.657915,0.145053,9,2.86667,0.0674312,3.08934
203,0.653269,0.167952,10,3.04667,0.0680867,3.28355
204,0.820571,0.164943,10,3.25333,0.0684547,3.24301
205,0.711648,0.202965,10,3.60667,0.0712365,2.87365
206,0.590113,0.17996,10,3.45333,0.0693593,2.94625
207,0.603721,0.164161,9,2.84,0.0680172,2.73482
208,0.7008,0.171895,10,3.22667,0.0678212,2.79874
209,0.622857,0.152346,10,3.14,0.0718624,3.27642
210,0.608662,0.145636,9,2.64,0.0661997,2.6306
211,0.78181,0.181787,10,3.31333,0.0722095,2.65785
212,0.685003,0.132008,10,2.77333,0.0668304,3.23312
213,0.685555,0.187247,10,3.46,0.068038,3.05604
214,0.72026,0.200638,10,3.69333,0.0756817,3.15229
215,0.575092,0.123784,9,2.44667,0.0633887,3.225
216,0.637713,0.142544,10,2.75333,0.0674048,3.26189
217,0.727491,0.144283,10,2.88,0.0660593,3.03817
218,0.726463,0.173604,10,3.46,0.0698424,3.31405
219,0.695348,0.162593,10,3.26,0.0993589,3.10931
220,0.742499,0.159732,10,3.36,0.0662871,2.97745
221,0.707839,0.160936,9,2.87333,0.065446,2.88989
222,0.747888,0.202642,10,3.62667,0.0708778,2.85382
223,0.676641,0.173221,10,3.24,0.0672915,3.07623
224,0.580661,0.14786,10,3.02667,0.0672814,3.17388
225,0.642271,0.141516,10,2.94,0.0687219,3.39324
226,0.67101,0.146775,9,3.08667,0.0643165,3.01586
227,0.651215,0.138249,10,2.84,0.0656422,3.33412
228,0.630535,0.138017,10,2.82667,0.0692694,3.07343
229,0.74092,0.149867,10,3.08,0.0672693,2.94128
230,0.638789,0.130771,10,2.96667,0.0695688,2.87485
231,0.644275,0.145318,10,2.80667,0.0694186,2.91143
232,0.607345,0.139241,9,2.70667,0.0685335,3.13356
233,0.730899,0.198345,10,3.65333,0.0691748,3.13431
234,0.752565,0.162914,10,3.51333,0.0666191,3.40168
235,0.71406,0.15405,10,2.99333,0.0700945,3.5922
236,0.707991,0.128829,10,2.43333,0.0690882,3.26737
237,0.626235,0.136412,10,2.87333,0.0683974,3.23247
238,0.716281,0.124315,10,2.75333,0.06853,2.93489
239,0.615254,0.119152,10,2.53333,0.0706548,3.34568
240,0.711359,0.189821,10,3.47333,0.0726808,3.02976
241,0.731494,0.15364,10,2.84,0.0680443,3.24985
242,0.696455,0.147603,10,2.86667,0.0679692,3.12721
243,0.655259,0.135853,10,2.85333,0.0698651,3.29016
244,0.771266,0.142503,10,3.12,0.0684908,3.36964
245,0.763585,0.150967,10,3,0.0676765,3.21036
246,0.734428,0.163166,10,3.28667,0.0660829,3.06673
247,0.7149,0.127633,10,2.58,0.0644181,2.92051
248,0.811413,0.163722,10,3.30667,0.0729567,3.05997
249,0.657726,0.132845,9,2.65333,0.0677144,3.12901
250,0.714741,0.138318,10,2.7,0.0687353,3.04909
251,0.710245,0.141304,10,3.11333,0.0658325,3.45387
252,0.699857,0.190434,10,3.4,0.0653498,2.92973
253,0.718483,0.142907,10,3.05333,0.0700947,3.33213
254,0.725568,0.168543,10,3.22,0.0712176,3.27129
255,0.688462,0.194621,10,3.5,0.0661999,3.12674
256,0.57721,0.139525,10,2.77333,0.0681352,3.37338
257,0.755195,0.181499,10,3.45333,0.0709211,3.3747
258,0.692135,0.188252,10,3.42667,0.0660688,3.02857
259,0.668735,0.188125,10,3.65333,0.0648869,3.47197
260,0.650001,0.17838,10,3.13333,0.0643415,3.15819
261,0.613612,0.131532,9,2.60667,0.0670465,3.35329
262,0.675055,0.151379,10,2.94,0.068625,2.91604
263,0.693256,0.174668,10,3.3,0.0676417,3.02964
264,0.690312,0.177137,9,3.47333,0.0682429,3.16239
265,0.668864,0.147575,10,2.94,0.0661241,3.24963
266,0.778921,0.194149,10,3.39333,0.0649738,3.06093
267,0.75758,0.222597,10,3.63333,0.0690471,3.04172
268,0.791228,0.187306,10,3.35333,0.0650353,2.94214
269,0.766336,0.223288,10,3.98,0.0680906,2.85063
270,0.765744,0.186989,9,3.44,0.0685907,3.07447
271,0.667026,0.187273,9,3.24667,0.0706573,3.23505
272,0.663444,0.181045,9,3.15333,0.0675323,3.14521
273,0.686965,0.210808,10,3.58667,0.0702168,3.45397
274,0.808248,0.200338,10,3.64667,0.0770625,3.22486
275,0.842342,0.20438,10,3.67333,0.0736989,3.22556
276,0.629959,0.161177,10,2.73333,0.0687643,2.96479
277,0.621399,0.158982,9,2.88667,0.0678877,3.04938
278,0.808494,0.18605,10,3.46,0.0689015,2.93064
279,0.773542,0.130203,10,2.36,0.0696482,3.35823
280,0.669849,0.169063,9,3.22667,0.0676523,3.35822
281,0.669931,0.172854,10,3.20667,0.0676803,3.4253
282,0.708897,0.174331,10,3.18667,0.0644468,3.15374
283,0.654813,0.203446,10,3.64667,0.0668935,3.51565
284,0.596417,0.150803,10,2.73333,0.06366,3.59534
285,0.641167,0.160532,10,3.27333,0.0724893,3.49825
286,0.641954,0.162739,10,3.09333,0.0654285,3.27303
287,0.817883,0.210334,10,3.41333,0.0667075,3.35069
288,0.682611,0.135648,10,2.61333,0.0680946,3.4713
289,0.687408,0.143306,9,2.68,0.0663554,3.12446
290,0.764334,0.170598,10,2.92667,0.0691044,3.11612
291,0.684424,0.121399,10,2.19333,0.0652084,2.86424
292,0.870333,0.174977,10,2.86667,0.0704014,2.65339
293,0.677302,0.155405,10,2.86667,0.0678274,2.82099
294,0.662645,0.148387,10,2.79333,0.0657123,3.08075
295,0.63596,0.161013,10,2.82667,0.0655571,3.29122
296,0.618493,0.137839,9,2.41333,0.0678675,3.41227
297,0.66134,0.143189,10,2.80667,0.0683566,3.32478
298,0.786916,0.18285,10,3.18,0.0703095,3.09639
299,0.676262,0.161128,9,2.76,0.0656693,3.04238
300,0.667947,0.112257,10,2.38667,0.0686461,3.17958
301,0.623179,0.142467,9,2.59333,0.0668679,2.82872
302,0.646295,0.152688,9,2.93333,0.0675778,3.33365
303,0.600692,0.123706,10,2.53333,0.0699715,3.10278
304,0.621641,0.133531,9,2.5,0.0718168,3.40138
305,0.741912,0.158666,10,3.1,0.0699557,3.02957
306,0.706168,0.157084,10,2.94667,0.0693012,2.99532
307,0.748453,0.128873,10,2.46,0.0680748,2.81415
308,0.739472,0.126466,10,2.46667,0.0673595,2.65836
309,0.649514,0.164981,9,3.32,0.0679134,3.09522
310,0.808244,0.195312,10,3.26667,0.0708029,2.92367
311,0.813448,0.203067,10,3.66,0.0699167,2.84965
312,0.612131,0.156151,9,3.06667,0.0662966,3.01625
313,0.736298,0.214861,10,3.66,0.107451,3.07053
314,0.684358,0.198398,10,3.95333,0.0700856,3.2123
315,0.606258,0.148398,10,3.04667,0.0692388,2.96925
316,0.622141,0.137832,10,2.98667,0.0818516,2.88367
317,0.61124,0.123527,9,2.59333,0.0632047,3.03538
318,0.559295,0.121062,9,2.77333,0.0682978,3.03138
319,0.564806,0.131408,10,2.65333,0.0686829,2.88816
320,0.812597,0.137219,10,2.8,0.0692549,2.861
321,0.595229,0.129716,10,2.88667,0.0694029,2.87591
322,0.626329,0.172229,9,3.57333,0.0669025,2.8663
323,0.5125,0.109137,8,2.52667,0.0787647,3.21794
324,0.693694,0.147029,10,3.14667,0.0677317,2.88546
325,0.830178,0.20413,10,4.04667,0.0707154,2.79212
326,0.620744,0.209414,9,3.76667,0.0720855,2.78142
327,0.611394,0.149884,9,3.02,0.069723,2.84079
328,0.550912,0.152175,8,2.7,0.0687634,2.74932
329,0.720077,0.150234,10,2.99333,0.0701087,2.81564
330,0.762091,0.167169,9,3.32,0.0849572,3.00297
331,0.557585,0.151188,10,3.13333,0.0659986,2.91105
332,0.761656,0.188914,9,3.78667,0.0677563,3.05287
333,0.784638,0.229305,10,4.13333,0.0699696,2.71202
334,0.695997,0.18049,9,3.7,0.0677804,3.09458
335,0.68375,0.219777,10,3.98,0.0749335,3.01716
336,0.645747,0.181992,9,3.60667,0.0746988,3.23734
337,0.581171,0.148668,9,3.17333,0.0817583,3.43559
338,0.684138,0.201268,10,4.12,0.0690188,2.964
339,0.431706,0.128019,9,2.69333,0.0661434,3.09627
340,0.490806,0.125967,9,2.64,0.0687234,3.41273
341,0.647477,0.165473,10,3.12,0.0828651,3.25703
342,0.679721,0.24352,9,4.1,0.0662986,2.68153
343,0.826122,0.22105,10,3.86667,0.0782777,2.86798
344,0.590865,0.116234,9,2.33333,0.0668153,3.06836
345,0.728418,0.201309,9,3.81333,0.0744263,2.77204
346,0.747889,0.166553,10,3.38667,0.0820592,2.71178
347,0.657847,0.128446,9,2.78667,0.0877955,3.14438
348,0.745676,0.240922,10,4.27333,0.0724061,2.63306
349,0.794384,0.189375,10,3.74,0.071466,2.79009
350,0.723494,0.267527,10,4.98667,0.0941391,2.77132
351,0.617582,0.194845,10,3.23333,0.0650075,2.779
352,0.814335,0.226221,10,3.9,0.0676196,3.08375
353,0.772772,0.176854,10,3.96667,0.067159,3.0219
354,0.687385,0.162907,10,3.13333,0.0667629,3.01391
355,0.712369,0.202272,10,3.59333,0.075911,2.82917
356,0.642601,0.15505,9,3.17333,0.0661607,2.98312
357,0.755278,0.222887,10,3.97333,0.0697682,2.78071
358,0.856667,0.207036,10,4,0.0738306,2.72332
359,0.712205,0.183565,10,3.57333,0.0672512,2.71398
360,0.783023,0.180638,10,3.44667,0.0684657,3.04334
361,0.722415,0.205686,10,3.70667,0.071399,2.66735
362,0.700056,0.198141,10,3.84,0.0674677,2.7471
363,0.551884,0.120708,9,2.35333,0.0678385,3.07021
364,0.742766,0.186265,10,3.96,0.0711856,2.96157
365,0.646226,0.126762,9,2.69333,0.0653656,2.77289
366,0.775167,0.222726,10,3.98667,0.0702258,2.48051
367,0.775935,0.218815,10,3.96667,0.0682016,2.53161
368,0.668005,0.194878,10,3.72,0.0680718,2.68386
369,0.67943,0.141647,9,2.73333,0.066273,2.92096
370,0.737527,0.176675,10,3.55333,0.069254,2.78515
371,0.799643,0.232231,10,4.08,0.0685528,2.799
372,0.730275,0.236046,10,4.36,0.0683929,2.8514
373,0.616275,0.198406,9,3.90667,0.0975656,3.01211
374,0.627919,0.157367,10,3.04667,0.0696821,2.66237
375,0.809916,0.184891,10,3.38,0.0694317,2.7712
376,0.628161,0.167186,9,3.2,0.0685247,2.71523
377,0.596319,0.143784,9,2.76,0.0677143,2.83231
378,0.739801,0.20025,10,3.65333,0.0668434,2.57685
379,0.652709,0.161744,10,3.16667,0.0661685,2.69361
380,0.627981,0.147987,8,3.02,0.0691503,2.90727
381,0.644427,0.163544,9,3.2,0.0725029,2.83926
382,0.75336,0.228057,10,4.02667,0.0756791,2.81016
383,0.569057,0.155305,10,3.29333,0.0667698,2.78817
384,0.750606,0.210477,10,4.04667,0.0732567,2.72383
385,0.56554,0.158515,9,3.19333,0.0694924,2.77605
386,0.639496,0.174325,9,3.34,0.0693021,2.7664
387,0.706167,0.16484,9,2.96,0.0968824,2.58848
388,0.641667,0.18064,10,3.51333,0.0722317,2.82273
389,0.611037,0.175848,9,3.31333,0.0679324,2.74173
390,0.753908,0.224129,10,4.12667,0.0750985,2.72942
391,0.644487,0.138451,10,3.27333,0.0724385,2.98003
392,0.695805,0.183894,10,3.66,0.067483,2.69776
393,0.82061,0.210965,10,3.75333,0.0680744,2.55502
394,0.668559,0.195297,10,3.90667,0.0664651,2.4581
395,0.761533,0.186624,10,3.86,0.0687066,2.79938
396,0.65842,0.138612,10,2.98667,0.0659587,2.8439
397,0.650083,0.196211,9,3.74667,0.0666537,2.89152
398,0.613892,0.16223,10,3.32,0.0682867,2.88845
399,0.743754,0.235225,10,4.42,0.0741427,3.10979
400,0.750325,0.209123,9,3.88,0.0791651,3.16143
401,0.779147,0.179937,10,3.54,0.0687112,2.50881
402,0.703886,0.211039,9,3.54,0.0708484,2.86225
403,0.720565,0.186474,9,3.64,0.0672388,2.70308
404,0.717789,0.170424,10,3.36667,0.0680422,2.8322
405,0.689322,0.19597,10,3.72,0.06683,2.77744
406,0.709141,0.186756,10,3.58667,0.0699588,2.77176
407,0.747097,0.202768,10,3.89333,0.0706101,2.6393
408,0.709268,0.212096,10,4.16667,0.0672321,2.89976
409,0.724244,0.219416,10,3.86,0.0699334,2.549
410,0.721206,0.238379,9,3.94667,0.0687898,2.31305
411,0.783395,0.266196,10,4.34,0.0726633,2.37613
412,0.604606,0.173468,8,3,0.0663751,2.61307
413,0.669974,0.18828,10,3.23333,0.0698578,2.57284
414,0.667318,0.200746,10,3.79333,0.0685877,3.07358
415,0.735353,0.25998,10,4.64,0.0702998,2.72758
416,0.671976,0.205051,9,3.92667,0.0681931,2.66969
417,0.814708,0.263744,10,4.54667,0.0677847,2.82411
418,0.610477,0.119906,9,2.50667,0.0668555,3.05237
419,0.650029,0.186163,10,3.55333,0.0682586,2.59481
420,0.568278,0.135315,10,3.00667,0.0661487,2.50205
421,0.749968,0.221336,10,4.24667,0.0688731,2.68893
422,0.661728,0.168698,9,3.21333,0.0692835,2.65797
423,0.87327,0.200277,10,3.86,0.0650392,2.42157
424,0.801175,0.193116,10,3.50667,0.0699225,2.81804
425,0.84242,0.182673,10,4,0.0692362,2.69178
426,0.662078,0.201276,10,3.9,0.0690047,2.67324
427,0.692384,0.183606,10,3.31333,0.0655389,2.63813
428,0.81414,0.190804,10,3.84667,0.0696431,2.51268
429,0.710402,0.208764,10,4.07333,0.0697823,2.70216
430,0.7509,0.217475,10,3.91333,0.0683446,2.8151
431,0.769626,0.245836,10,4.12667,0.0656161,2.67396
432,0.772905,0.262108,10,4.46667,0.0692507,2.94836
433,0.685637,0.218739,10,3.81333,0.0692125,2.67815
434,0.874888,0.258771,10,4.54667,0.0649303,2.45252
435,0.771087,0.238671,10,3.92,0.0706404,2.76467
436,0.854224,0.285182,10,4.48,0.0695853,2.27229
437,0.731149,0.20864,9,3.34,0.0661487,2.58778
438,0.637157,0.20085,10,3.56,0.0674891,3.03932
439,0.693769,0.236489,10,3.88667,0.0720212,2.52702
440,0.769109,0.213176,10,3.78667,0.0632772,2.47223
441,0.772733,0.224118,10,3.95333,0.069222,2.50121
442,0.760299,0.250382,10,4.10667,0.0700312,2.69322
443,0.726519,0.198755,9,3.63333,0.0690039,2.72026
444,0.752859,0.265896,10,4.42,0.0739244,2.7106
445,0.69374,0.215063,10,3.72667,0.0686139,2.69944
446,0.715005,0.20355,10,3.69333,0.0729478,2.60734
447,0.73058,0.245871,10,4.10667,0.0709046,2.67365
448,0.63432,0.22586,9,3.69333,0.0696248,2.85333
449,0.798822,0.237755,10,4.01333,0.0705772,2.66444
450,0.563289,0.172344,10,3.17333,0.0759695,2.79949
451,0.604867,0.142214,9,2.63333,0.0667678,2.90079
452,0.646393,0.178145,10,3.24667,0.0667028,2.74434
453,0.789501,0.253669,10,4.07333,0.071264,2.58664
454,0.763803,0.193944,10,3.41333,0.0680327,2.89174
455,0.835822,0.275496,10,4.7,0.0665979,2.52243
456,0.917463,0.268855,10,4.38667,0.0720328,2.94103
457,0.755738,0.304622,10,4.72667,0.0670035,2.60319
458,0.760326,0.29601,10,4.48,0.0686343,2.6309
459,0.711373,0.211364,10,3.49333,0.0682962,2.57293
460,0.798613,0.242891,10,4.10667,0.0667132,2.62604
461,0.589468,0.192425,9,3.16667,0.127631,2.89838
462,0.707389,0.219924,9,3.55333,0.0653459,2.71393
463,0.693931,0.193056,10,3.18667,0.0683376,2.46461
464,0.688274,0.2365,9,3.82,0.0705607,2.60136
465,0.729533,0.251999,10,4.12,0.0686092,2.31477
466,0.665615,0.179339,10,3.13333,0.0672384,2.542
467,0.689988,0.176821,10,3.06,0.0631315,2.45602
468,0.681518,0.225037,10,3.93333,0.0690428,2.46429
469,0.773887,0.234436,10,3.95333,0.0708007,2.49614
470,0.768178,0.214727,10,3.7,0.0661321,2.39697
471,0.82641,0.246167,10,3.86667,0.0688784,2.15149
472,0.917829,0.275988,10,4.06667,0.0720807,2.36376
473,0.707727,0.222783,9,3.44667,0.0684914,2.56815
474,0.732405,0.206556,10,3.52,0.0715291,2.72764
475,0.73502,0.192464,10,3.34,0.0687982,2.57724
476,0.710762,0.242063,10,3.81333,0.0675363,2.54583
477,0.714793,0.208629,10,3.53333,0.0682388,2.44668
478,0.683604,0.247142,10,3.77333,0.0764483,2.6481
479,0.643595,0.159614,10,2.78,0.0668233,2.81686
480,0.607027,0.161762,10,2.92,0.066231,2.72011
481,0.734067,0.221159,10,3.56667,0.0682041,2.59832
482,0.681984,0.231064,10,3.83333,0.0675845,2.46878
483,0.652347,0.198569,9,3.09333,0.0753241,2.68115
484,0.639239,0.169577,9,2.88667,0.0684913,2.8334
485,0.738032,0.166624,10,2.88667,0.0707872,2.94136
486,0.776792,0.233906,10,3.71333,0.0714958,2.54172
487,0.842389,0.25399,10,4.21333,0.0738486,2.69735
488,0.746449,0.206686,10,3.43333,0.0689838,2.53144
489,0.726151,0.231973,10,3.82667,0.0694499,2.59023
490,0.729691,0.210286,10,3.77333,0.0685465,2.59964
491,0.744435,0.198836,10,3.72667,0.0649884,2.43965
492,0.683567,0.175055,10,3.1,0.0718215,2.61965
493,0.655291,0.207724,10,3.64,0.067296,2.43516
494,0.641186,0.15695,10,2.80667,0.065427,2.55236
495,0.736399,0.213475,10,3.64667,0.0662285,2.55221
496,0.657126,0.180803,9,3.27333,0.0654759,2.82354
497,0.57953,0.189929,10,3.38667,0.0677761,2.95461
498,0.772088,0.22366,10,3.85333,0.0673438,2.54246
499,0.724873,0.204836,10,3.76667,0.0691987,2.93856
500,0.753388,0.226829,10,3.91333,0.0707607,2.73627
501,0.50265,0.146649,8,2.52,0.0661466,2.78943
502,0.616026,0.193884,9,3.28667,0.0672446,2.75408
503,0.790041,0.227428,10,3.81333,0.0652419,2.80948
504,0.759685,0.24762,10,4.11333,0.0744945,2.77533
505,0.80167,0.238359,10,3.88667,0.0687706,2.47361
506,0.750069,0.20562,10,3.43333,0.0663324,2.76089
507,0.875701,0.254155,10,3.96667,0.0661859,2.57145
508,0.707703,0.247414,10,3.96,0.0662732,2.82945
509,0.774223,0.24061,10,4.02667,0.0669556,2.72028
510,0.720451,0.212891,10,3.52667,0.0672802,2.71386
511,0.713841,0.221703,10,3.65333,0.0682984,2.62485
512,0.654611,0.226566,9,3.85333,0.0673934,2.7337
513,0.689611,0.198328,10,3.59333,0.0697033,2.77915
514,0.861315,0.280234,10,4.52,0.0704874,2.37046
515,0.68186,0.195379,10,3.67333,0.0671961,2.84703
516,0.734017,0.215381,10,3.94667,0.0672858,2.34897
517,0.65243,0.17182,10,3.17333,0.0665742,2.55956
518,0.606071,0.168461,8,2.88,0.0648445,2.9984
519,0.826354,0.253947,10,4.32667,0.0715957,2.4886
520,0.674864,0.219648,10,3.81333,0.0714029,2.74582
521,0.87475,0.296525,10,4.46667,0.0718201,2.69092
522,0.806063,0.261629,10,4.39333,0.0737645,2.76708
523,0.641863,0.20562,10,3.67333,0.187379,2.91836
524,0.852445,0.23297,10,3.94667,0.0708194,2.61593
525,0.735634,0.212177,10,3.96,0.0749482,2.67883
526,0.690995,0.214096,10,3.70667,0.0653758,2.72407
527,0.681466,0.205799,9,3.63333,0.0671353,2.61106
528,0.778392,0.187392,9,3.08,0.067971,2.58856
529,0.744715,0.250047,10,4.03333,0.0720122,2.84215
530,0.699556,0.179835,10,3.16667,0.064702,2.53742
531,0.825715,0.201744,10,3.6,0.0695086,2.57611
532,0.828524,0.20034,10,3.62667,0.0675929,2.972
533,0.785017,0.179009,10,3.10667,0.0650356,2.72357
534,0.660609,0.186094,9,3.42,0.0671518,3.27002
535,0.590491,0.137287,10,2.90667,0.0671623,3.12889
536,0.791739,0.202655,10,3.88,0.0742408,2.67575
537,0.763739,0.236148,10,4.06667,0.0678228,2.62145
538,0.7266,0.244853,10,4.54667,0.07404,2.90126
539,0.702383,0.241928,10,3.92667,0.0669289,2.71193
540,0.776235,0.207967,10,3.50667,0.0680694,2.42689
541,0.744329,0.200621,10,3.44667,0.0675109,2.32718
542,0.680323,0.217047,10,3.76667,0.0665483,2.67105
543,0.691666,0.182193,10,3.28,0.0633523,2.62521
544,0.711364,0.222123,10,3.62,0.069812,2.80974
545,0.693044,0.211687,9,3.57333,0.0684834,2.64082
546,0.643875,0.182826,10,3.56,0.0703633,2.99771
547,0.670927,0.228575,10,3.83333,0.0694737,2.86854
548,0.786929,0.236174,10,4.07333,0.0655545,2.59131
549,0.700284,0.193311,9,3.25333,0.0672369,2.61344
550,0.677232,0.20046,10,3.16,0.0684661,2.68201
551,0.730017,0.186978,9,2.98667,0.0684501,2.76896
552,0.615876,0.193208,9,3.16667,0.0657131,2.83458
553,0.723626,0.244924,10,3.95333,0.0718981,2.67799
554,0.717857,0.214828,10,3.46667,0.0703891,2.79438
555,0.610343,0.199669,9,3.38,0.0674108,3.03524
556,0.853798,0.270345,10,4.32667,0.070025,2.60423
557,0.90235,0.259807,10,4.32,0.0735819,2.86664
558,0.726994,0.183241,9,3.07333,0.0679266,2.50704
559,0.906065,0.261375,10,4.09333,0.0691728,2.52417
560,0.853311,0.26139,10,4.08667,0.0705262,2.43545
561,0.870258,0.248602,10,4.1,0.0670048,2.57342
562,0.646254,0.215411,10,3.67333,0.068925,2.74226
563,0.71378,0.185025,9,3.18,0.0654568,2.59968
564,0.783634,0.205416,10,3.28,0.0688009,2.78495
565,0.719535,0.223457,9,3.66667,0.0648128,2.64504
566,0.711895,0.239812,9,3.94667,0.0699086,2.69717
567,0.846952,0.267629,10,4.44,0.0722787,2.3246
568,0.696038,0.192825,10,3.17333,0.067112,2.48486
569,0.781582,0.22701,10,3.64667,0.0666263,2.33024
570,0.854609,0.256401,10,4.13333,0.0692648,2.2559
571,0.84936,0.270139,10,4.28,0.0696664,2.52279
572,0.754451,0.242903,10,3.72667,0.0688689,2.62745
573,0.792474,0.243764,9,4.03333,0.0708364,2.56539
574,0.714501,0.24409,10,4.01333,0.0698526,2.78188
575,0.664674,0.226382,10,3.58,0.0683642,2.64223
576,0.733653,0.226392,9,3.66,0.0686627,2.68392
577,0.622141,0.188538,9,3.37333,0.0660519,2.95655
578,0.812334,0.222858,10,3.86,0.0663831,2.62203
579,0.833583,0.275055,10,4.53333,0.0741496,2.32332
580,0.714754,0.216425,10,3.68667,0.0690304,3.06371
581,0.726703,0.207296,10,3.32,0.0666967,2.69429
582,0.824859,0.259379,10,4.26667,0.0675875,2.54336
583,0.757085,0.210288,10,3.67333,0.0687292,2.75303
584,0.652548,0.190141,9,3.27333,0.064988,2.75668
585,0.619234,0.150983,9,2.64667,0.063648,2.87168
586,0.781963,0.175058,10,2.80667,0.0637119,2.46855
587,0.836617,0.203657,10,3.48667,0.0657172,2.45028
588,0.644402,0.139419,9,2.64667,0.0658451,2.66553
589,0.758642,0.177583,10,3.12,0.0707271,2.48246
590,0.554745,0.159496,8,2.85333,0.0645243,2.6592
591,0.71964,0.186248,9,3.21333,0.0661513,2.56935
592,0.883148,0.227387,10,3.89333,0.068998,2.56225
593,0.818004,0.239852,10,4.24667,0.0696218,2.65098
594,0.750654,0.196581,10,3.52667,0.068759,2.81265
595,0.663676,0.192556,10,3.40667,0.067948,2.47876
596,0.756845,0.202754,9,3.58667,0.0678363,2.55116
597,0.650052,0.168528,10,3,0.0674948,2.62116
598,0.790022,0.18727,10,3.62,0.0632483,2.81852
599,0.775733,0.16676,10,3.11333,0.0707136,2.82126
600,0.618523,0.131584,9,2.45333,0.064446,2.98666
601,0.694543,0.204202,10,3.65333,0.065926,2.80035
602,0.796412,0.190578,10,3.46667,0.0702264,2.89996
603,0.660465,0.184026,9,3.14,0.0679603,2.79817
604,0.838468,0.189105,9,3.15333,0.0715289,2.98007
605,0.751561,0.235977,10,3.82,0.0685467,2.51549
606,0.796573,0.175246,10,3.14,0.0675181,2.75377
607,0.630717,0.183745,10,3.35333,0.0706854,2.92336
608,0.678071,0.223676,9,3.58667,0.0692727,2.56456
609,0.76804,0.274599,10,4.24,0.0673848,2.56325
610,0.811095,0.256783,10,3.90667,0.0712392,2.77488
611,0.667277,0.198541,10,3.33333,0.0680181,2.6648
612,0.752765,0.13856,10,2.56667,0.0689499,2.97601
613,0.783507,0.158575,10,2.85333,0.0678221,2.68438
614,0.753989,0.217924,10,3.46,0.0634263,2.50938
615,0.623924,0.189146,9,3.04667,0.0693211,2.81197
616,0.696948,0.209264,10,3.26667,0.0708675,2.57668
617,0.604502,0.139067,8,2.22,0.0666659,2.82221
618,0.766962,0.187149,10,3.18,0.0677179,2.41915
619,0.824627,0.199707,10,3.18667,0.0703464,2.5827
620,0.693271,0.149115,10,2.56,0.071092,2.65819
621,0.808535,0.202112,10,3.36,0.0707416,2.62779
622,0.620743,0.127295,9,2.12667,0.0663157,2.69716
623,0.777548,0.18967,10,3.01333,0.0673556,2.66856
624,0.69344,0.186135,9,2.79333,0.0708357,2.5634
625,0.814752,0.242936,9,3.55333,0.0666383,2.47767
626,0.669807,0.173167,10,2.90667,0.0667315,2.7065
627,0.812134,0.213295,10,3.35333,0.0708413,2.52069
628,0.703995,0.203882,10,3.15333,0.0676299,2.54304
629,0.599382,0.163763,9,2.72667,0.0661375,2.69196
630,0.688161,0.185997,9,3.12,0.0684335,2.54051
631,0.749553,0.19542,10,3.20667,0.0647447,2.7907
632,0.826669,0.228136,10,3.58667,0.0659349,2.58954
633,0.801187,0.215439,10,3.39333,0.068722,2.62064
634,0.789486,0.20682,10,3.58667,0.0689598,2.64831
635,0.750647,0.209454,10,3.65333,0.0684278,2.60476
636,0.86181,0.237212,10,3.55333,0.0705871,2.45367
637,0.785591,0.194111,10,3.20667,0.0685696,2.43704
638,0.71381,0.188621,10,3.25333,0.0663631,2.63776
639,0.577308,0.163702,10,2.66667,0.0690307,2.61733
640,0.844097,0.207989,10,3.18,0.0663721,2.32587
641,0.723775,0.21637,10,3.30667,0.0663259,2.46924
642,0.689571,0.219693,9,3.36,0.0682791,2.79862
643,0.73298,0.22541,10,3.46,0.0693465,2.34972
644,0.813923,0.242838,10,3.8,0.0734573,2.40417
645,0.688462,0.172988,10,2.64,0.0684256,2.43292
646,0.730458,0.153012,10,2.54667,0.0673768,2.45832
647,0.745652,0.2258,10,3.88667,0.0686046,2.5566
648,0.665928,0.176064,10,2.95333,0.068706,2.53657
649,0.81826,0.189163,10,3.25333,0.0693458,2.60932
650,0.631341,0.18507,9,3.31333,0.06651,2.84592
651,0.763484,0.195147,10,3.29333,0.0699008,2.57318
652,0.79106,0.221421,10,3.43333,0.07061,2.31744
653,0.868904,0.204521,10,3.27333,0.0656438,2.06672
654,0.640571,0.174569,10,2.95333,0.0684402,2.48501
655,0.817435,0.184201,10,3.18667,0.0679253,2.48674
656,0.745453,0.166121,10,2.6,0.0644251,2.6245
657,0.656342,0.158961,10,2.64,0.0646419,2.44736
658,0.816209,0.184947,10,3.10667,0.0652182,2.44868
659,0.761172,0.21599,9,3.36667,0.0692677,2.25413
660,0.851331,0.236617,10,3.49333,0.0689214,2.29605
661,0.766021,0.173966,10,2.77333,0.0708319,2.00615
662,0.696309,0.168608,10,2.47333,0.0682893,2.11143
663,0.79653,0.22774,10,3.69333,0.0687555,2.44795
664,0.709891,0.213779,10,3.26,0.0663451,2.38063
665,0.731969,0.193625,9,3.49333,0.0670427,2.22586
666,0.885086,0.264548,10,3.77333,0.0726768,2.13392
667,0.649871,0.150402,10,2.84,0.0687379,2.46791
668,0.755111,0.212167,10,3.36667,0.06902,2.35817
669,0.881371,0.172199,10,2.88667,0.0689351,2.06318
670,0.627685,0.143005,9,2.44667,0.0672806,2.50789
671,0.854051,0.168,10,2.92,0.0714035,2.25029
672,0.888597,0.234535,10,3.57333,0.0736403,2.37102
673,0.675519,0.159197,9,2.55333,0.0682162,2.2185
674,0.674989,0.167723,9,2.76,0.0663569,2.26669
675,0.679151,0.167075,10,2.84667,0.0692039,2.49627
676,0.786211,0.206342,9,3.40667,0.0693801,2.55013
677,0.703128,0.179527,10,2.97333,0.0702566,2.53124
678,0.721383,0.217825,9,3.53333,0.076919,2.60422
679,0.714399,0.176028,9,2.97333,0.0649713,2.73262
680,0.846734,0.206558,10,3.48667,0.0724989,2.48298
681,0.751146,0.186092,10,2.93333,0.0675542,2.44956
682,0.61501,0.162615,9,3.04,0.0663832,2.47741
683,0.689754,0.170061,9,2.79333,0.0743996,2.70841
684,0.752318,0.197248,9,3.27333,0.0681213,2.55404
685,0.765732,0.213305,10,3.44667,0.0712812,2.33425
686,0.675035,0.15212,9,2.58,0.0680355,2.4645
687,0.749919,0.259585,10,4.28667,0.0696454,2.54179
688,0.737645,0.217816,10,3.47333,0.0673259,2.46029
689,0.664571,0.187054,9,2.96667,0.0687594,2.55953
690,0.709983,0.234063,10,3.47333,0.0857013,2.4514
691,0.729569,0.228751,10,3.47333,0.0656032,2.68674
692,0.785098,0.24751,10,3.70667,0.0688526,2.45872
693,0.788807,0.22423,10,3.61333,0.0694756,2.61718
694,0.690582,0.185293,10,3.19333,0.0672348,2.98155
695,0.754502,0.251563,9,4.11333,0.0721991,2.7677
696,0.885617,0.265069,10,4.04,0.0675868,2.56135
697,0.722839,0.177385,10,3.30667,0.0666916,2.63206
698,0.759147,0.208259,10,3.40667,0.0665112,2.62686
699,0.635535,0.158488,9,2.94,0.0667118,2.78785
700,0.750751,0.206006,10,3.46,0.0691765,2.55118
701,0.782859,0.21306,10,3.43333,0.0693426,2.60014
702,0.721309,0.172121,9,2.98667,0.0655845,2.81662
703,0.757943,0.253209,10,3.93333,0.0755284,2.60304
704,0.747856,0.223364,10,3.69333,0.0707704,2.55619
705,0.670587,0.195015,9,3.24667,0.0652475,2.62281
706,0.746685,0.208215,10,3.44,0.0671654,2.65961
707,0.660268,0.173846,9,3.06667,0.0687884,2.7411
708,0.805071,0.241583,10,3.99333,0.0813035,2.78011
709,0.721172,0.212835,10,3.74,0.0695238,2.87883
710,0.768932,0.196211,10,3.44,0.0691829,2.51846
711,0.667088,0.191208,9,3.20667,0.0691488,2.63446
712,0.615854,0.140835,9,2.6,0.0655868,2.58348
713,0.713238,0.15553,9,2.7,0.0680554,2.54747
714,0.845574,0.211714,10,3.40667,0.0667524,2.07847
715,0.768666,0.181042,10,3.01333,0.0658308,2.38688
716,0.68526,0.169962,10,2.76,0.0698334,2.47785
717,0.696024,0.190149,9,3.06,0.0669147,2.54919
718,0.707022,0.19708,9,3.05333,0.0673512,2.75095
719,0.65836,0.175967,9,2.86667,0.0675799,2.99597
720,0.74371,0.203483,10,3.42,0.0662802,2.50863
721,0.772781,0.195701,9,3.36667,0.0677897,2.48768
722,0.634918,0.144542,9,2.65333,0.0693189,2.70506
723,0.630519,0.146941,8,2.65333,0.0661438,2.61967
724,0.753542,0.198136,10,3.02667,0.0670473,2.39725
725,0.622215,0.135258,8,2.5,0.0689398,2.82111
726,0.684096,0.172363,9,2.92667,0.0705846,2.4769
727,0.547946,0.125104,7,2.46,0.0671175,2.85817
728,0.685307,0.169342,9,3.04,0.0681819,2.43677
729,0.79769,0.157253,10,2.58667,0.0638928,2.33272
730,0.508064,0.136167,8,2.34667,0.0787258,2.8122
731,0.785028,0.17402,10,3.28667,0.0651321,2.3964
732,0.710148,0.170785,9,2.91333,0.0686028,2.89018
733,0.836654,0.271981,10,4.54,0.0711889,2.63644
734,0.752886,0.197512,10,3.48667,0.0741703,2.93106
735,0.696762,0.20341,9,3.36667,0.0662031,2.48637
736,0.58142,0.162109,8,2.70667,0.0708279,2.70955
737,0.775019,0.20566,10,3.37333,0.0671235,2.38011
738,0.768462,0.203919,10,3.32667,0.0673363,2.51282
739,0.724152,0.185836,10,2.84667,0.0673295,2.37433
740,0.734952,0.190154,10,3.06,0.0679727,2.79519
741,0.739459,0.219571,10,3.37333,0.0649352,2.39604
742,0.754952,0.171124,10,2.81333,0.0691044,2.88879
743,0.737117,0.188376,9,3.19333,0.0673295,2.49118
744,0.81001,0.230087,10,3.44,0.0805179,2.88325
745,0.864555,0.218537,10,3.26,0.0710817,2.51054
746,0.702363,0.190442,10,2.91333,0.0681191,2.5167
747,0.707821,0.183128,10,3.07333,0.0678585,2.60422
748,0.810566,0.236729,10,3.79333,0.0679649,2.63385
749,0.668916,0.20061,9,3.01333,0.0643876,2.51811
750,0.708546,0.213146,9,3.31333,0.0679895,2.68352
751,0.764546,0.206304,10,3.09333,0.0683968,2.67876
752,0.707654,0.221787,10,3.72,0.0664544,2.65733
753,0.749641,0.28554,10,4.41333,0.0694542,2.79949
754,0.799744,0.192161,10,3.49333,0.066488,2.6515
755,0.771059,0.244164,10,3.78,0.0719204,2.79998
756,0.779855,0.203596,10,3.37333,0.0662941,2.5645
757,0.716536,0.268263,10,4.12,0.0685782,2.77277
758,0.784203,0.290732,10,4.4,0.0693641,2.26581
759,0.593302,0.188805,10,3.37333,0.0701835,3.00922
760,0.628845,0.23085,9,3.43333,0.0678506,2.91037
761,0.717454,0.220503,10,3.63333,0.0663262,3.12889
762,0.737125,0.193118,10,3.24667,0.0662512,2.92838
763,0.737221,0.161509,10,2.82667,0.0694328,2.45609
764,0.751022,0.187383,10,3.11333,0.0681392,2.60978
765,0.804508,0.170947,10,2.81333,0.068532,2.63189
766,0.682202,0.193855,9,3.08667,0.0715029,2.81437
767,0.895905,0.205391,10,3.17333,0.0658557,2.44123
768,0.797684,0.192438,10,3.05333,0.0678636,2.58193
769,0.668551,0.132827,8,2.30667,0.0697846,3.01835
770,0.605805,0.149524,8,2.44,0.0639046,2.97285
771,0.809985,0.192513,10,2.93333,0.066863,3.04251
772,0.737161,0.208985,10,3.67333,0.0651321,2.93976
773,0.767803,0.164603,10,2.69333,0.06574,2.68224
774,0.743302,0.193275,10,3.31333,0.0677786,2.92118
775,0.714562,0.228702,10,3.83333,0.0709011,2.52208
776,0.588297,0.182975,9,3.07333,0.0663201,2.93511
777,0.736759,0.180345,10,3.18,0.0701619,2.70973
778,0.782025,0.194318,10,3.39333,0.068944,2.59956
779,0.701738,0.186677,10,3.03333,0.0701783,2.74529
780,0.767167,0.225654,10,3.64,0.0672984,2.42713
781,0.706263,0.172609,9,2.84667,0.0644222,2.75007
782,0.74465,0.173112,10,2.76,0.0670925,2.76975
783,0.747384,0.19333,10,3.27333,0.0680249,2.79367
784,0.731531,0.197339,10,3.46667,0.0663112,2.79382
785,0.823288,0.227913,10,3.52,0.0674875,2.72102
786,0.743973,0.168236,10,2.96667,0.0684939,2.8872
787,0.667915,0.172547,9,2.63333,0.0690755,2.66958
788,0.721332,0.201063,10,3.18,0.0663665,2.76881
789,0.75082,0.19702,10,3.15333,0.067646,2.74665
790,0.727375,0.214455,10,3.37333,0.0677157,2.67026
791,0.70921,0.216796,10,3.38667,0.0681661,2.73693
792,0.702151,0.180337,10,3.02,0.0640827,2.80937
793,0.687813,0.179719,9,3.08667,0.0629786,2.69015
794,0.724107,0.22737,10,3.55333,0.0662153,2.88097
795,0.790438,0.192288,10,3.12,0.0665967,2.71313
796,0.881271,0.174092,10,2.80667,0.0704296,3.17185
797,0.778947,0.193797,10,3.24,0.0706184,2.82815
798,0.77968,0.224132,10,3.7,0.0688028,2.73959
799,0.777533,0.205195,10,3.5,0.0709809,3.07645
800,0.710313,0.209023,10,3.35333,0.0681986,2.91486
801,0.843942,0.22974,10,3.52,0.069962,2.71295
802,0.710333,0.157619,10,2.68,0.0670784,2.9717
803,0.740787,0.189953,10,3.14,0.0720206,2.68012
804,0.798957,0.190415,10,3.3,0.0705258,2.93861
805,0.699124,0.148968,10,2.74667,0.0709095,3.03067
806,0.638341,0.151554,9,2.75333,0.0677343,2.76434
807,0.793035,0.211012,10,3.90667,0.0682175,2.73127
808,0.814952,0.194299,10,3.11333,0.06881,2.67875
809,0.844861,0.22768,10,3.92,0.0682406,2.71666
810,0.734074,0.190891,10,3.36667,0.0688703,3.06051
811,0.732391,0.203868,10,3.60667,0.0673204,2.9415
812,0.739987,0.214973,10,3.38667,0.072235,3.01007
813,0.722676,0.165751,10,2.95333,0.0727163,3.32309
814,0.663361,0.17497,10,3.14667,0.066789,2.91439
815,0.716405,0.182497,10,3.18,0.0665311,3.05912
816,0.855553,0.23583,10,4.04667,0.0693229,2.64978
817,0.763005,0.233489,10,3.98,0.0691974,2.9031
818,0.723631,0.213407,10,3.63333,0.0702578,2.91173
819,0.846559,0.255105,10,3.95333,0.072293,2.74279
820,0.84757,0.268149,10,4.07333,0.0713068,2.52646
821,0.708749,0.183044,10,2.98,0.0646316,3.1189
822,0.780211,0.206,10,3.43333,0.0681873,2.67104
823,0.804773,0.196676,10,3.38,0.0705925,2.99381
824,0.636315,0.181101,10,3.12,0.0725417,3.03693
825,0.684023,0.170683,9,3.06667,0.0658483,2.6752
826,0.740937,0.184915,9,3.02,0.0687941,2.87929
827,0.743412,0.205593,10,3.5,0.0717603,2.72128
828,0.718793,0.186342,10,3.48,0.0704838,2.83002
829,0.716751,0.199099,10,3.37333,0.0646849,2.7777
830,0.762865,0.196521,10,3.56667,0.0642459,2.68138
831,0.696324,0.173343,9,3.03333,0.0699074,3.09674
832,0.71366,0.192684,9,3.49333,0.0628782,2.85933
833,0.592078,0.159976,10,3,0.0673153,3.30466
834,0.725473,0.204342,10,3.46667,0.0723816,2.86484
835,0.775614,0.18289,10,2.99333,0.0677471,3.11297
836,0.756741,0.162371,10,2.88,0.0705813,3.32137
837,0.745596,0.175666,9,2.90667,0.0694821,2.6578
838,0.610734,0.162048,9,2.85333,0.069537,2.93822
839,0.740943,0.14539,10,2.83333,0.0669336,2.90472
840,0.75209,0.1559,9,3.07333,0.0674429,2.92767
841,0.688508,0.117591,10,2.28667,0.0710756,3.15335
842,0.760303,0.176874,10,3.22,0.0681188,2.45419
843,0.729069,0.132136,10,2.56,0.0712247,2.78971
844,0.652525,0.119713,10,2.41333,0.0668948,2.8045
845,0.694737,0.130278,9,2.47333,0.0675811,2.47168
846,0.818286,0.19821,10,3.41333,0.070114,2.62524
847,0.714054,0.138867,9,2.60667,0.0669255,2.6352
848,0.740914,0.160468,9,2.88667,0.0668171,2.5114
849,0.715233,0.161858,10,3.17333,0.0683079,2.63653
850,0.706168,0.174882,10,3.10667,0.068763,2.57927
851,0.645547,0.143845,10,2.74,0.0664017,2.67363
852,0.755196,0.148224,10,2.65333,0.0690255,2.60113
853,0.703514,0.170964,9,3.14,0.0728674,3.11406
854,0.769532,0.232197,10,3.79333,0.070864,2.86512
855,0.602723,0.153039,9,2.65333,0.0645196,2.57288
856,0.835212,0.151054,10,2.6,0.0721985,3.00465
857,0.760651,0.159211,10,2.78,0.0713355,2.66531
858,0.729249,0.173361,10,3.01333,0.0690222,2.68979
859,0.739804,0.186812,9,3.02667,0.0675388,2.91929
860,0.905655,0.234268,10,3.72,0.0700862,2.54678
861,0.721035,0.203112,10,3.09333,0.0671081,2.65313
862,0.665645,0.167656,9,2.87333,0.0647039,2.46344
863,0.730064,0.153417,10,2.83333,0.0669235,2.83572
864,0.733155,0.149113,10,2.54,0.0664971,3.06476
865,0.809381,0.20788,10,3.56667,0.0708081,2.76331
866,0.763378,0.224124,10,3.54,0.0673114,2.40645
867,0.753179,0.202791,10,3.28667,0.067715,2.50319
868,0.569299,0.149476,9,2.48667,0.0657585,2.64306
869,0.807292,0.260428,10,4,0.0696731,2.33997
870,0.65813,0.215599,9,3.22667,0.0677832,2.45609
871,0.572874,0.171588,8,2.76,0.0669653,2.85395
872,0.656323,0.177773,9,2.82,0.0747388,2.78483
873,0.789219,0.213737,10,3.46,0.0690671,2.60257
874,0.702805,0.1938,9,3.32667,0.0701878,2.78706
875,0.764329,0.182503,10,2.97333,0.0684843,2.46499
876,0.705439,0.229372,9,3.66667,0.0687582,2.65377
877,0.674015,0.206271,9,3.52667,0.0678948,2.71709
878,0.783384,0.222766,10,3.44667,0.0683966,2.61456
879,0.849412,0.258657,10,3.91333,0.069862,2.43158
880,0.621461,0.174068,9,2.99333,0.0669089,2.82439
881,0.81373,0.251799,10,3.97333,0.0731505,2.9245
882,0.552607,0.160355,9,2.6,0.0655697,2.84826
883,0.747023,0.240625,9,3.60667,0.0698741,2.69841
884,0.82392,0.263147,10,3.77333,0.0689633,2.19937
885,0.785321,0.239944,10,3.74667,0.0697606,2.57405
886,0.732336,0.218222,10,3.63333,0.0663093,2.33579
887,0.709535,0.19601,10,3.29333,0.0683747,2.65008
888,0.785876,0.270025,10,3.97333,0.0680122,2.35014
889,0.79269,0.218285,10,3.52,0.0719294,2.54417
890,0.743039,0.23289,10,3.61333,0.0747087,2.70843
891,0.755003,0.241258,10,3.90667,0.0673036,2.66315
892,0.578078,0.149007,9,2.64667,0.066623,2.90197
893,0.854937,0.303505,10,4.54,0.0676821,2.32494
894,0.698547,0.246323,9,3.9,0.0687075,2.55925
895,0.701875,0.259001,9,3.77333,0.0688886,2.513
896,0.699697,0.197033,10,3.1,0.064497,2.73787
897,0.714705,0.216076,9,3.58,0.0669226,2.91437
898,0.680909,0.191106,9,3.22,0.0687286,2.39628
899,0.754459,0.23525,10,3.79333,0.0778495,2.8423
900,0.872208,0.261997,10,3.92,0.0725051,2.45843
901,0.777573,0.218686,10,3.62,0.0685254,2.63911
902,0.809942,0.213542,9,3.46,0.0663889,2.58137
903,0.709243,0.228523,10,3.49333,0.0664941,2.52827
904,0.882371,0.285976,10,4.52,0.0689957,2.40337
905,0.651899,0.168165,9,2.78667,0.0696032,2.69707
906,0.77394,0.22285,10,3.66667,0.0702698,2.52527
907,0.900617,0.255602,10,4.14,0.0695311,2.46041
908,0.719752,0.230132,10,3.71333,0.0692625,2.63428
909,0.786946,0.212365,10,3.45333,0.0679699,2.48495
910,0.741306,0.171565,10,2.91333,0.0693798,2.70073
911,0.824571,0.23686,10,3.88667,0.0708109,2.31594
912,0.561751,0.153217,9,2.69333,0.0666115,2.61757
913,0.781367,0.217133,10,3.7,0.0778232,2.62691
914,0.875487,0.251088,10,3.88,0.0714473,2.4691
915,0.820909,0.21018,10,3.64667,0.072945,2.62351
916,0.708629,0.183969,10,3.34,0.068948,2.48457
917,0.774636,0.209641,10,3.72667,0.0666277,2.5832
918,0.822422,0.213792,10,3.48,0.0694251,2.46152
919,0.934753,0.238294,10,3.73333,0.0694743,2.39999
920,0.750989,0.19576,10,3.25333,0.0692597,2.59456
921,0.580282,0.153373,8,2.70667,0.0672175,2.81354
922,0.755485,0.192632,10,3.41333,0.0746754,2.66275
923,0.842936,0.202956,10,3.43333,0.0719806,2.66382
924,0.693113,0.20301,9,3.58,0.065919,2.64295
925,0.822019,0.214809,10,3.64,0.0678912,2.27289
926,0.838922,0.241318,10,4.07333,0.072124,2.60528
927,0.719722,0.164623,10,2.93333,0.0676935,2.50879
928,0.674413,0.143446,8,2.67333,0.0651863,2.75947
929,0.657325,0.177506,9,3.08667,0.0624067,2.63288
930,0.751462,0.200143,9,3.28,0.0703839,2.83513
931,0.754202,0.195438,10,3.28,0.0674616,2.88234
932,0.654979,0.15795,9,3.22,0.0681872,3.09034
933,0.644334,0.136298,9,2.55333,0.0682327,2.95816
934,0.674977,0.124721,9,2.48,0.0720076,2.74365
935,0.687853,0.144965,9,2.45333,0.0687366,2.63868
936,0.632678,0.175365,9,2.98,0.068014,2.84644
937,0.839095,0.194502,10,3.20667,0.0674625,2.67589
938,0.864225,0.299398,10,4.36667,0.0702148,2.74228
939,0.756411,0.20872,10,3.65333,0.0701483,2.6707
940,0.829765,0.227967,10,3.93333,0.069797,2.63346
941,0.632585,0.20505,10,3.76667,0.0686385,3.15589
942,0.715078,0.194415,10,3.55333,0.0691093,3.27122
943,0.822471,0.241238,10,4.08667,0.0682673,2.5839
944,0.714348,0.179982,9,3.08,0.0664104,2.46133
945,0.752764,0.19347,9,3.52,0.076614,2.68797
946,0.577716,0.158778,10,3.13333,0.0673895,2.7965
947,0.805931,0.161888,10,2.98,0.0712539,2.77187
948,0.796755,0.18127,10,3.35333,0.0678741,2.57995
949,0.753393,0.208129,10,3.62,0.0664191,2.48223
950,0.720171,0.189256,10,3.42667,0.0670202,2.85878
951,0.707716,0.166836,10,2.81333,0.0664325,2.67339
952,0.770071,0.21262,10,3.76,0.0645102,2.75603
953,0.581729,0.158988,9,2.88667,0.0730265,2.8459
954,0.709718,0.154859,9,2.79333,0.0703527,2.958
955,0.64829,0.169881,10,3.1,0.0680712,3.00211
956,0.651534,0.187422,9,3.24,0.111722,2.78549
957,0.658781,0.168722,9,3.06,0.0691256,3.06149
958,0.585194,0.153435,9,2.98,0.0644092,3.22045
959,0.697697,0.200853,10,3.52,0.0687305,2.93422
960,0.757141,0.184458,10,3.52,0.0662707,3.13057
961,0.560514,0.171502,8,3.14,0.0724337,3.39406
962,0.720401,0.149133,9,3.08667,0.0656835,3.10502
963,0.57954,0.16528,9,3.18667,0.0669268,3.16837
964,0.64062,0.153666,10,3.04,0.0685573,2.96292
965,0.8032,0.150444,9,2.78667,0.0680637,3.29456
966,0.716155,0.161776,9,3.01333,0.0669185,2.72437
967,0.710166,0.178204,10,3.28667,0.066581,2.74362
968,0.627236,0.126664,9,2.72,0.0667843,3.05478
969,0.643089,0.148325,10,3.06,0.070891,3.36009
970,0.812325,0.190561,9,3.76667,0.072717,3.19638
971,0.712232,0.140799,10,3.04667,0.0658013,3.09665
972,0.810664,0.168113,10,3.63333,0.0708345,3.1244
973,0.725392,0.180509,10,3.53333,0.0703169,3.01122
974,0.794958,0.214705,10,3.68667,0.0694837,2.80261
975,0.542033,0.111126,8,2.35333,0.0650308,3.13217
976,0.817414,0.181831,10,3.54,0.0676318,2.84024
977,0.724829,0.179504,10,3.32,0.0685457,2.7351
978,0.638307,0.115086,9,2.46,0.0646364,3.27179
979,0.731732,0.137358,10,2.9,0.0650129,2.71205
980,0.651954,0.147501,9,2.8,0.0654906,2.78238
981,0.49125,0.0875588,8,1.78,0.0654839,2.97423
982,0.772426,0.133267,10,2.56667,0.0695889,2.75973
983,0.623262,0.105222,9,2.06,0.0611703,2.43289
984,0.678681,0.128438,10,2.58667,0.0660302,2.75971
985,0.739683,0.154699,10,2.94,0.0687961,2.51423
986,0.719246,0.173214,10,3.35333,0.0693876,2.82695
987,0.575627,0.104205,9,2.28667,0.0714464,2.95486
988,0.843593,0.208948,10,3.46667,0.0694191,2.844
989,0.785601,0.177751,10,3.12667,0.0683692,2.97708
990,0.791215,0.229741,10,3.73333,0.0716994,2.66859
991,0.780178,0.215106,10,3.54667,0.0651547,2.48096
992,0.614442,0.149604,10,2.7,0.0670587,2.88294
993,0.734773,0.217823,10,3.78667,0.0665644,2.73802
994,0.734153,0.157729,9,2.92667,0.0681634,2.94281
995,0.872927,0.218119,10,3.64667,0.0696332,2.65548
996,0.679045,0.176422,8,3.15333,0.0646678,3.03487
997,0.706997,0.183442,10,3.6,0.0689425,2.78967
998,0.697487,0.178092,10,3.17333,0.0668803,2.94404
999,0.783313,0.158937,9,2.88667,0.0696271,2.87752
1000,0.806063,0.174221,9,3,0.0702483,2.94536
