1,0.188827,0.00406071,3,0.16,0.0708457,1.14286
2,0.133096,0.00314705,5,0.246667,0.066312,1.05881
3,0.123082,0.00601505,5,0.313333,0.0696079,1.04056
4,0.105937,0.00326261,3,0.253333,0.0652246,0.990586
5,0.0370467,0.00166811,4,0.2,0.06754,1.07467
6,0.0960351,0.00632492,6,0.706667,0.0672255,0.957904
7,0.396021,0.0150896,8,1.08,0.0675326,1.03394
8,0.301532,0.0313185,6,2.15333,0.0692371,1.05383
9,0.25966,0.0219525,6,1.58667,0.0688986,1.31378
10,0.361235,0.0232493,7,1.24,0.0664993,1.11538
11,0.227176,0.0463915,8,1.76667,0.0660246,1.1293
12,0.200062,0.023679,5,1.18667,0.0717823,1.1385
13,0.195258,0.024925,5,1.55333,0.0663705,1.26773
14,0.372644,0.0385151,7,1.84,0.0712011,1.52626
15,0.379809,0.0739554,7,1.49333,0.0708232,1.39311
16,0.188916,0.0343928,6,1.24,0.066927,1.15961
17,0.387969,0.0467239,7,1.46,0.068301,1.38991
18,0.261115,0.0273803,8,1.58667,0.0611592,1.46171
19,0.295536,0.0784344,9,2.28,0.0763881,1.54904
20,0.299554,0.047079,8,1.98667,0.0663265,1.63977
21,0.409656,0.0659059,6,2.10667,0.0665667,1.67424
22,0.276096,0.0364165,6,1.28667,0.0709648,1.57099
23,0.197512,0.0344405,7,1.48,0.0701706,1.60368
24,0.351727,0.0476453,7,1.31333,0.0723864,1.493
25,0.475724,0.0617385,7,1.68667,0.0660813,1.63652
26,0.3135,0.0276139,7,1.02667,0.0684268,1.75841
27,0.428721,0.0521485,8,1.84,0.0697558,1.89782
28,0.594631,0.0457533,8,1.80667,0.0684863,1.80385
29,0.494395,0.0475773,7,1.67333,0.0665941,2.00053
30,0.267829,0.066555,7,1.76667,0.0640527,2.46793
31,0.504521,0.0830438,7,2.04,0.0694997,2.73797
32,0.563973,0.0805718,8,2.00667,0.0718891,2.6461
33,0.567856,0.0802886,10,2.41333,0.0695139,2.16459
34,0.478841,0.0841602,9,2.44,0.06659,2.49184
35,0.648552,0.134983,9,3.16,0.0699953,2.21207
36,0.447315,0.0719758,8,2.30667,0.0777208,2.36707
37,0.471307,0.0895687,10,2.39333,0.0712942,2.34498
38,0.383888,0.065486,8,2.13333,0.0697447,2.45054
39,0.516943,0.0697803,9,2.53333,0.0699088,2.34907
40,0.449429,0.0789771,8,2.42,0.0698163,2.58798
41,0.458089,0.068573,9,2.07333,0.069654,2.91769
42,0.362593,0.0679541,7,2.00667,0.0638845,2.42524
43,0.441234,0.0809732,7,2.06667,0.0672533,2.72214
44,0.637935,0.107221,9,2.91333,0.0733808,2.38516
45,0.377924,0.0951549,7,2.06667,0.0667366,2.54868
46,0.509361,0.0722114,8,2.13333,0.0652624,1.99693
47,0.660695,0.0741778,8,2.15333,0.064508,2.29051
48,0.470327,0.053843,8,2.1,0.0682559,1.84781
49,0.395962,0.0765039,7,1.99333,0.0677159,2.3289
50,0.45415,0.0965245,8,2.36667,0.069278,2.38429
51,0.539356,0.12526,9,3.25333,0.0713271,2.51928
52,0.436822,0.081836,8,2.19333,0.0662504,2.07125
53,0.560615,0.105174,9,2.68667,0.0688388,2.02197
54,0.529741,0.106623,10,2.70667,0.0707489,2.26546
55,0.472978,0.0788858,8,2.18667,0.0672159,1.7611
56,0.412122,0.0871481,9,2.52667,0.0676426,2.33196
57,0.473533,0.0988629,9,2.48667,0.0747768,2.09013
58,0.625786,0.121238,9,3.37333,0.0697994,2.32038
59,0.444407,0.0925569,9,2.44,0.0675935,2.35601
60,0.465188,0.102253,8,2.34,0.0689243,2.2096
61,0.572568,0.098382,10,2.18,0.0659644,2.24786
62,0.480649,0.0871072,9,2.16667,0.066527,2.57151
63,0.495556,0.09802,9,2.55333,0.067559,2.66192
64,0.44883,0.0959852,7,2.02,0.0669188,2.70018
65,0.430073,0.0761052,7,2.00667,0.0639564,2.86353
66,0.602334,0.111857,10,2.64667,0.0680462,2.96863
67,0.675198,0.148336,10,3.05333,0.0713544,2.80772
68,0.729105,0.12289,9,2.72667,0.0690782,2.51403
69,0.528891,0.0888964,9,2.09333,0.0730727,2.5324
70,0.476616,0.0794798,8,1.98,0.0669209,2.4035
71,0.638443,0.0842421,10,2.10667,0.0692676,2.57066
72,0.557672,0.138221,9,3.06,0.0697119,2.35303
73,0.579921,0.125221,10,2.76,0.0674835,2.32743
74,0.71757,0.14208,9,2.98667,0.0674459,2.25579
75,0.601733,0.154529,10,3.24,0.07067,2.54597
76,0.566707,0.188138,9,3.56667,0.0671429,2.78502
77,0.622008,0.155084,9,3.32,0.0657846,2.8275
78,0.490117,0.148749,9,3.06667,0.0667896,2.7082
79,0.594629,0.144621,10,2.94,0.0655145,2.75247
80,0.716201,0.171706,9,3.4,0.0706493,2.79175
81,0.588878,0.11858,9,2.53333,0.0700633,2.69208
82,0.587759,0.129822,10,3,0.0669407,2.70225
83,0.603791,0.169107,10,3.6,0.0690622,2.62455
84,0.506481,0.126583,10,3.05333,0.0677599,2.74176
85,0.694758,0.186185,10,4.14667,0.0708105,2.88609
86,0.66683,0.206433,10,4.02667,0.0703713,2.70854
87,0.696529,0.186735,10,3.81333,0.0665773,2.65481
88,0.634208,0.190874,10,3.56,0.0671008,2.50332
89,0.645364,0.147624,9,2.66,0.0663836,2.2476
90,0.687529,0.196642,10,3.87333,0.0709013,2.34482
91,0.629333,0.160464,9,3.16667,0.0662736,2.54988
92,0.771984,0.184519,10,3.48,0.0722743,2.56018
93,0.71829,0.170927,10,3.38667,0.0689209,2.81418
94,0.680247,0.139001,10,2.98667,0.0659192,2.41635
95,0.582739,0.117179,10,2.55333,0.0679318,2.71604
96,0.585819,0.117136,10,2.56,0.0677163,2.59292
97,0.641951,0.119136,9,2.39333,0.0658242,2.62298
98,0.672546,0.176625,10,3.54667,0.0695464,2.45497
99,0.693643,0.17278,10,3.21333,0.068794,2.42762
100,0.736749,0.156906,10,2.96667,0.0640562,2.3487
101,0.699566,0.184216,10,3.59333,0.0668188,2.58802
102,0.608706,0.15085,10,3.22667,0.0675307,2.43267
103,0.730368,0.206704,10,3.66,0.067903,2.50777
104,0.669177,0.199986,10,4.19333,0.0717015,2.55044
105,0.661753,0.151946,10,3.32667,0.066859,2.33675
106,0.556003,0.121364,9,2.82667,0.0671472,2.58989
107,0.689819,0.140102,10,3.51333,0.0679792,2.41376
108,0.67374,0.134767,10,3.34667,0.0676502,2.16956
109,0.656715,0.117535,10,2.69333,0.0698999,2.22926
110,0.752497,0.160117,10,3.06,0.0713713,2.06669
111,0.687907,0.155066,10,3.08,0.0730195,2.3421
112,0.713838,0.178236,10,3.55333,0.0688,2.36599
113,0.776768,0.182092,10,3.83333,0.0695572,2.29636
114,0.574854,0.142728,10,2.86,0.0697311,2.55291
115,0.749359,0.145459,10,2.85333,0.0666582,2.12803
116,0.631221,0.12442,10,2.5,0.064391,2.25215
117,0.590537,0.110058,10,2.46667,0.0668213,2.33375
118,0.815918,0.17973,10,3.84,0.0707308,2.32814
119,0.697572,0.139336,10,3.03333,0.0676957,2.21865
120,0.816552,0.246905,10,4.79333,0.0660227,2.08678
121,0.749556,0.181682,10,3.64,0.0682728,2.25139
122,0.668367,0.1971,10,3.8,0.0668045,2.37493
123,0.730243,0.205388,10,4.07333,0.0707957,2.31306
124,0.888497,0.207753,10,4.3,0.0740263,2.00459
125,0.751239,0.203794,10,3.60667,0.0713666,2.26043
126,0.692713,0.143369,10,2.66667,0.0671201,2.249
127,0.660261,0.199849,10,3.73333,0.072776,2.411
128,0.749533,0.158567,10,3.5,0.0710143,2.39158
129,0.591945,0.137631,10,2.97333,0.0677606,2.62546
130,0.724473,0.145964,10,3.42667,0.071046,2.30388
131,0.677727,0.163102,9,3.11333,0.0687939,2.56922
132,0.770696,0.188824,10,3.78,0.068815,2.66676
133,0.778009,0.237247,10,4.3,0.0682407,2.36844
134,0.75735,0.242632,10,4.05333,0.0663381,2.15596
135,0.727684,0.175631,10,3.5,0.0699723,2.60143
136,0.676198,0.142772,9,3.00667,0.0638633,2.61533
137,0.695167,0.163696,10,3.4,0.0646854,2.20678
138,0.777803,0.188193,10,3.89333,0.069581,2.24977
139,0.689799,0.195534,10,3.81333,0.0747705,2.47677
140,0.687544,0.186854,10,3.58667,0.0656506,2.322
141,0.686864,0.18163,10,3.47333,0.0672287,2.76699
142,0.69176,0.192084,10,3.86,0.0692837,2.67005
143,0.660302,0.16174,9,3.00667,0.0805134,2.52725
144,0.72728,0.1931,10,3.74,0.0667506,2.65294
145,0.654316,0.162591,10,3.62,0.0681451,2.53726
146,0.758416,0.210503,10,3.79333,0.0719026,2.23911
147,0.647086,0.148618,10,3.12667,0.0691849,2.63853
148,0.736122,0.212631,10,4.12,0.0700891,2.90056
149,0.732755,0.188305,10,3.61333,0.0788955,2.71258
150,0.628548,0.116691,9,2.50667,0.0668368,2.69493
151,0.708989,0.125985,10,3.04667,0.0684988,2.83518
152,0.653384,0.147033,10,3.40667,0.0670869,2.634
153,0.738873,0.187166,10,3.51333,0.0695727,2.63992
154,0.679812,0.156387,9,2.98,0.0671837,2.58215
155,0.625994,0.198697,10,3.84667,0.0733312,3.09115
156,0.714469,0.166679,10,3.30667,0.0671719,2.87343
157,0.551751,0.137458,10,3.05333,0.0668849,3.06511
158,0.605881,0.151971,10,2.84,0.0659526,2.70971
159,0.718855,0.215596,10,3.79333,0.0698784,2.72852
160,0.773862,0.240302,10,4.40667,0.0717201,2.53468
161,0.69959,0.1618,10,3.11333,0.0641377,2.65838
162,0.721758,0.168175,10,3.38,0.0672384,2.83835
163,0.724541,0.162235,10,3.05333,0.0654299,2.6727
164,0.763476,0.199373,10,3.54,0.0695759,2.72324
165,0.77344,0.204958,10,3.95333,0.0668256,2.84265
166,0.645586,0.133349,9,2.66,0.0707918,2.90259
167,0.79893,0.185983,10,3.64,0.0656012,2.50687
168,0.685391,0.178221,9,3.25333,0.070856,2.82585
169,0.790349,0.2432,10,4.22667,0.0728956,2.92745
170,0.79592,0.18601,10,3.69333,0.0711689,2.99456
171,0.819633,0.224601,10,4.08,0.0697226,2.89295
172,0.595458,0.123055,10,2.56,0.0646514,3.00485
173,0.761109,0.203541,10,3.88667,0.0695986,2.51167
174,0.742529,0.155191,10,3.08667,0.0659684,2.78074
175,0.713148,0.167664,9,2.9,0.064895,2.77454
176,0.67633,0.223889,10,3.70667,0.0676938,2.71098
177,0.693553,0.204609,9,3.33333,0.0670505,2.74825
178,0.753307,0.236212,10,3.70667,0.0661737,2.60391
179,0.68104,0.214066,10,3.61333,0.0720851,2.66276
180,0.648133,0.194632,10,3.68,0.0678558,3.01514
181,0.78911,0.211329,10,3.66667,0.0685627,2.66392
182,0.867964,0.244335,10,4.17333,0.0934851,2.65741
183,0.832192,0.239702,10,4.18667,0.0707482,2.48191
184,0.713648,0.241182,10,4.16667,0.0870143,2.56377
185,0.769631,0.26676,10,4.35333,0.0686189,2.66747
186,0.742877,0.222355,10,3.76667,0.0664921,2.70243
187,0.798347,0.252118,10,4.56,0.06969,2.68165
188,0.791438,0.207618,10,3.95333,0.0711938,2.79427
189,0.815234,0.229389,10,4.06,0.0716842,2.68269
190,0.6014,0.165491,9,3.12667,0.0663162,3.12469
191,0.665435,0.149213,10,3.06,0.0648262,2.96996
192,0.767753,0.218357,10,3.68,0.0669982,2.65049
193,0.801346,0.229557,10,4.05333,0.0678811,2.77163
194,0.673243,0.159448,9,3.02667,0.0718446,3.12617
195,0.632868,0.19305,9,3.4,0.06889,2.78649
196,0.748327,0.216054,9,3.92667,0.0674625,2.67413
197,0.699878,0.179077,10,3.18667,0.066008,2.57556
198,0.786719,0.208248,10,3.83333,0.0658843,2.7335
199,0.778364,0.197478,10,3.78667,0.0670571,2.67545
200,0.805261,0.146708,10,2.82667,0.062476,2.44021
201,0.783567,0.206762,10,3.87333,0.070228,2.40481
202,0.698137,0.17335,10,3.30667,0.0645197,2.59299
203,0.765553,0.198452,10,3.85333,0.066365,2.68393
204,0.846996,0.210692,10,3.8,0.0721315,2.95361
205,0.798556,0.221102,10,4.01333,0.069844,2.66041
206,0.846176,0.242239,10,4.03333,0.0713358,2.47782
207,0.71162,0.179521,10,3.18667,0.0663028,2.80805
208,0.76963,0.226054,10,4,0.0688463,2.59158
209,0.778901,0.214566,10,3.76,0.066299,2.67631
210,0.787894,0.233705,10,4.34,0.0680746,2.51529
211,0.765377,0.175856,9,3.11333,0.0682087,2.95861
212,0.835257,0.22351,10,3.78,0.079427,2.74918
213,0.658678,0.17738,9,3.5,0.0705256,2.79609
214,0.820061,0.216633,10,3.77333,0.0690328,2.81663
215,0.71627,0.209016,9,3.68667,0.068757,2.37035
216,0.762477,0.187975,10,3.50667,0.0707964,2.84026
217,0.642214,0.151742,9,3.11333,0.0659479,2.83606
218,0.768721,0.25832,10,4.23333,0.067931,2.2838
219,0.647124,0.166664,9,2.79333,0.0789635,2.79665
220,0.709597,0.190851,10,3.39333,0.0701874,2.65565
221,0.716503,0.181593,10,3.43333,0.0697903,2.85792
222,0.694051,0.198521,10,3.46667,0.0696165,2.75856
223,0.78986,0.186177,10,3.32,0.0718549,2.75586
224,0.758375,0.194992,10,3.76,0.0658279,2.86321
225,0.703313,0.248486,10,4.74,0.0695448,2.77445
226,0.677984,0.157129,10,3.10667,0.0679092,2.93101
227,0.647969,0.198474,10,3.53333,0.06674,2.55415
228,0.751821,0.211944,10,3.65333,0.0687697,2.60525
229,0.765352,0.212658,10,3.82,0.0689607,2.4149
230,0.730735,0.200092,10,3.53333,0.0727639,2.77242
231,0.652643,0.180816,10,3.46667,0.0668697,2.96841
232,0.765608,0.200057,10,3.65333,0.0663936,2.61905
233,0.670084,0.184353,10,3.58667,0.0702569,2.89656
234,0.603697,0.125401,9,2.80667,0.0662705,3.01244
235,0.729825,0.165548,10,3.34,0.0693497,3.10611
236,0.655908,0.122713,9,2.75333,0.0701153,3.03551
237,0.756407,0.148839,10,3.20667,0.0688176,2.92462
238,0.629032,0.129256,9,2.84667,0.0651552,2.86015
239,0.712456,0.142291,9,3.21333,0.0669305,2.91423
240,0.758182,0.186151,10,3.69333,0.0806233,2.81643
241,0.755817,0.161312,10,2.83333,0.0640873,2.68979
242,0.663538,0.117906,10,2.20667,0.0663866,2.92352
243,0.800685,0.228038,10,3.83333,0.0715323,2.77538
244,0.686187,0.143713,10,2.80667,0.0684828,2.8893
245,0.734295,0.136208,10,2.62667,0.0679105,3.08744
246,0.807563,0.165763,10,3.08667,0.0717573,2.64969
247,0.701657,0.138304,10,2.79333,0.0671912,2.95375
248,0.729409,0.126567,10,2.78667,0.0687471,3.40076
249,0.720168,0.166815,10,3.36,0.0670268,2.58894
250,0.735122,0.153804,10,2.93333,0.0675038,2.92107
251,0.712626,0.192083,10,3.40667,0.0710748,2.90893
252,0.765642,0.159349,10,3.19333,0.0693361,2.57684
253,0.721784,0.200195,9,3.59333,0.0681418,2.6396
254,0.717146,0.199907,10,3.82,0.0808277,2.54611
255,0.714404,0.17459,9,2.95333,0.0641873,2.6215
256,0.773772,0.155317,10,2.99333,0.0692426,2.69195
257,0.707896,0.180341,10,3.48,0.0694338,2.58947
258,0.833299,0.20027,10,3.55333,0.0702255,2.64115
259,0.765648,0.19246,10,3.54667,0.0648476,2.33407
260,0.699791,0.219177,10,3.61333,0.0669245,2.60186
261,0.840733,0.273793,10,4.70667,0.0673963,2.49582
262,0.707086,0.189137,10,3.49333,0.0662721,2.78613
263,0.683317,0.183734,9,3.39333,0.0666317,2.51772
264,0.727849,0.151018,10,3.49333,0.0709693,2.92926
265,0.761393,0.192987,10,3.56,0.0678297,2.62435
266,0.647524,0.196576,9,3.78667,0.066864,2.89786
267,0.632734,0.14853,9,3.11333,0.0742614,2.95304
268,0.66663,0.179516,9,3.13333,0.0677832,2.64656
269,0.74305,0.210276,9,3.71333,0.0680346,2.73788
270,0.79975,0.201698,10,3.52,0.0717639,2.83362
271,0.668581,0.186121,10,3.26667,0.0682774,3.01822
272,0.782955,0.22882,10,3.98667,0.0810028,2.65208
273,0.784423,0.219819,10,3.82667,0.0691023,2.84888
274,0.646668,0.147167,9,2.77333,0.0662406,3.03998
275,0.660102,0.20502,9,3.38,0.0676661,2.64186
276,0.69157,0.176606,9,2.92,0.075287,2.59948
277,0.763039,0.263191,10,4.04667,0.0685588,2.43141
278,0.734187,0.208654,9,3.21333,0.0706063,2.36176
279,0.799989,0.210922,10,3.28667,0.0732601,2.72939
280,0.812149,0.258703,10,4.28667,0.0691786,2.37851
281,0.658603,0.219949,10,3.44,0.0694706,2.63189
282,0.717145,0.221846,10,3.86667,0.0723686,2.5459
283,0.6859,0.19646,10,3.09333,0.0686125,2.40624
284,0.779567,0.211243,9,3.23333,0.0711134,2.51388
285,0.661319,0.186517,10,3.01333,0.0675372,2.66382
286,0.711164,0.15157,10,2.94667,0.0698761,2.96254
287,0.727793,0.212894,10,3.50667,0.0697248,2.2994
288,0.792787,0.266944,10,4.43333,0.0726707,2.73722
289,0.6139,0.220194,9,3.45333,0.0703465,2.36755
290,0.797092,0.208439,10,3.32667,0.0686161,2.53427
291,0.816203,0.217205,10,3.29333,0.0670448,2.23221
292,0.6643,0.200065,9,3.23333,0.0666659,2.11777
293,0.790629,0.2229,10,3.54,0.0649369,2.39949
294,0.651414,0.161912,10,2.81333,0.0688305,2.71214
295,0.707734,0.195121,10,3.02667,0.0672737,2.51336
296,0.664488,0.164048,10,3.00667,0.0655534,2.20374
297,0.694334,0.178535,10,3.06,0.0701137,2.60217
298,0.750677,0.194207,10,3.37333,0.0689271,2.47179
299,0.788215,0.214369,10,3.47333,0.0734798,2.47093
300,0.821438,0.214727,10,3.84,0.0701337,2.61887
301,0.725533,0.222875,10,3.62667,0.0685975,2.58259
302,0.707023,0.230841,9,4.33333,0.0723893,2.9484
303,0.783675,0.246751,10,4.06667,0.0700878,2.3117
304,0.609038,0.156601,9,2.84667,0.0674528,2.52771
305,0.71942,0.20722,10,3.44,0.0683902,2.72328
306,0.708972,0.180897,9,3.16,0.068373,2.75796
307,0.74257,0.235665,10,3.96667,0.0715017,2.54517
308,0.807198,0.167292,9,3.10667,0.0664011,2.69757
309,0.748083,0.15422,10,2.98,0.0659139,2.61453
310,0.694796,0.194856,10,3.50667,0.072473,2.68979
311,0.726825,0.193041,9,3.42,0.0685625,2.77893
312,0.670659,0.173382,10,3.29333,0.0677414,2.47944
313,0.732181,0.230543,10,3.94667,0.0786389,2.90881
314,0.661616,0.1834,10,3.66667,0.0709388,3.17056
315,0.587567,0.167677,10,2.88667,0.0705995,2.76795
316,0.715607,0.268564,10,4.26,0.0667903,2.42135
317,0.665631,0.200581,10,3.73333,0.0715494,2.71006
318,0.560092,0.14714,9,2.69333,0.0703467,2.69594
319,0.711177,0.210146,10,3.59333,0.0702251,2.69731
320,0.711728,0.209359,10,3.58,0.0658697,2.58842
321,0.588218,0.142224,9,2.66667,0.0665998,2.87293
322,0.700723,0.166532,10,3.12667,0.0661595,2.88408
323,0.74326,0.22379,10,3.98,0.0719996,2.6336
324,0.643719,0.164829,9,3.13333,0.0685862,3.0388
325,0.655699,0.139086,10,2.80667,0.0719462,2.93882
326,0.748626,0.176809,9,3.23333,0.0666703,2.84715
327,0.645202,0.151895,9,2.90667,0.0685454,2.97979
328,0.573013,0.135274,10,2.73333,0.0670395,2.93305
329,0.629876,0.1508,10,3.02,0.0700415,2.79612
330,0.689732,0.154599,10,3.20667,0.0683825,2.90037
331,0.771775,0.207921,10,3.87333,0.0676527,3.09475
332,0.664418,0.145311,10,3.30667,0.0675837,2.90719
333,0.715137,0.172393,10,3.48,0.067456,2.77553
334,0.633669,0.180252,10,3.38,0.0680764,2.8682
335,0.501781,0.124441,8,2.54667,0.0643987,3.15975
336,0.730252,0.176265,10,3.53333,0.0677305,3.08123
337,0.739656,0.148012,10,3.02667,0.0678423,2.76553
338,0.656882,0.143034,10,3.04,0.0687856,2.76713
339,0.738806,0.16708,10,3.12667,0.0703019,2.77285
340,0.623884,0.153504,10,2.92667,0.0719078,2.74228
341,0.560324,0.11028,10,2.26,0.0661207,2.59265
342,0.596387,0.153174,10,2.92,0.0692854,2.96073
343,0.749722,0.162961,10,3.16,0.0710465,2.56467
344,0.494361,0.109306,9,2.57333,0.0665071,3.18373
345,0.613384,0.177705,9,3.12,0.0684625,3.09072
346,0.68668,0.173111,10,3.20667,0.07251,2.89267
347,0.604504,0.145642,10,3.00667,0.0707546,2.96518
348,0.705634,0.196709,10,3.74,0.0671436,2.69229
349,0.712862,0.22132,10,3.80667,0.0696935,2.45829
350,0.774642,0.222439,10,4.11333,0.0664063,2.38768
351,0.681215,0.242923,10,3.82,0.0702309,2.47316
352,0.483731,0.10655,8,2.24667,0.0662077,3.01133
353,0.683153,0.187622,10,3.43333,0.0793703,2.61497
354,0.675198,0.157222,9,2.89333,0.0667201,2.67242
355,0.65805,0.160197,9,2.72667,0.0684649,2.73231
356,0.565363,0.143235,9,2.72,0.0666005,2.75994
357,0.811932,0.182431,10,3.28667,0.067173,2.96122
358,0.589212,0.138884,9,2.86,0.06537,2.98421
359,0.575349,0.149994,10,3.18667,0.0686777,2.89117
360,0.681004,0.224974,10,4.16,0.0721974,3.2554
361,0.711807,0.157972,10,3.41333,0.0661836,2.67784
362,0.7846,0.213389,10,3.57333,0.0676219,2.52853
363,0.700594,0.181965,10,3.56,0.0705525,2.63801
364,0.712036,0.181811,9,3.29333,0.0660964,2.61516
365,0.786743,0.15491,10,3.16,0.0667072,2.30205
366,0.692106,0.160612,10,2.96667,0.0693336,2.44613
367,0.616855,0.135441,10,2.78,0.0702562,2.91568
368,0.804781,0.169628,10,3.52667,0.0685918,2.81417
369,0.688083,0.154677,10,3.10667,0.0692326,2.79663
370,0.63319,0.125773,10,2.42667,0.0676794,2.74597
371,0.730643,0.178658,9,3.40667,0.0658761,2.85243
372,0.75516,0.233211,10,4.22667,0.0684815,2.533
373,0.698643,0.188046,10,3.46,0.0795253,2.67258
374,0.69369,0.206469,9,3.89333,0.0656151,2.57805
375,0.729754,0.224617,10,3.92667,0.0669066,2.71785
376,0.639289,0.157741,10,3.06,0.0697098,2.83905
377,0.609672,0.184177,9,3.25333,0.0655881,2.90715
378,0.670262,0.195506,9,3.52667,0.0793214,2.6293
379,0.727494,0.234922,10,4.08667,0.0691368,2.56049
380,0.644008,0.172759,9,3.28,0.0671968,2.43792
381,0.728371,0.218258,9,3.71333,0.0691088,2.64181
382,0.645226,0.177517,9,3.16,0.0685837,2.78981
383,0.686184,0.186052,10,3.34,0.0664776,2.71561
384,0.703581,0.21639,9,3.81333,0.0697161,2.72964
385,0.702804,0.211994,10,3.76,0.0681368,2.90423
386,0.739035,0.239932,10,4.08667,0.0674771,2.58372
387,0.735004,0.211525,10,3.75333,0.0669964,2.53899
388,0.673168,0.182103,9,3.29333,0.0682152,2.87318
389,0.666632,0.202087,10,3.43333,0.0671098,2.56846
390,0.6358,0.178161,10,3.42,0.072282,2.93542
391,0.705546,0.245998,10,4.72,0.0708421,2.82625
392,0.713779,0.171269,9,3.05333,0.0686884,2.43279
393,0.617724,0.15298,10,3.17333,0.0689214,2.80587
394,0.79976,0.203038,10,3.73333,0.0675473,2.59097
395,0.790448,0.197058,10,3.45333,0.0703089,2.63422
396,0.686009,0.193663,9,3.54,0.067914,2.75913
397,0.642753,0.12612,9,2.38,0.0667855,2.72064
398,0.486257,0.127148,9,2.55333,0.0669435,2.57532
399,0.663582,0.134667,9,2.69333,0.0638994,2.92672
400,0.780995,0.229857,10,4,0.0716343,2.64992
401,0.74027,0.184599,10,3.56,0.0709808,3.02682
402,0.627737,0.174657,9,3.33333,0.0692582,2.922
403,0.726249,0.243164,10,3.99333,0.0676976,2.32074
404,0.650667,0.230109,9,3.56,0.0671683,2.63345
405,0.627393,0.171527,9,3.52667,0.068842,3.05726
406,0.69307,0.223814,9,3.94,0.0694166,2.80704
407,0.616808,0.190478,10,3.46667,0.0712313,2.76899
408,0.709094,0.203956,9,3.89333,0.070116,2.81797
409,0.656362,0.189998,9,3.66,0.0698759,3.06482
410,0.71216,0.235478,10,4.02667,0.0702703,2.75359
411,0.68657,0.212383,10,4.04667,0.0672544,2.84344
412,0.77135,0.204658,10,3.94,0.0658938,2.82765
413,0.678981,0.203033,9,3.65333,0.0685126,2.68462
414,0.678359,0.194201,10,3.56,0.0684634,2.69478
415,0.907083,0.304079,10,4.97333,0.0699514,2.40648
416,0.765468,0.245201,10,4.13333,0.0689407,2.71598
417,0.767268,0.191354,10,3.58667,0.0664128,3.02198
418,0.679904,0.228136,10,4.26667,0.113508,2.96499
419,0.77983,0.205844,10,3.94,0.0686038,2.65572
420,0.622593,0.176502,9,3.72667,0.0677543,2.99826
421,0.670321,0.157369,10,3.12667,0.0683474,2.69111
422,0.661998,0.150599,9,3.10667,0.0692435,2.78875
423,0.598235,0.156608,10,2.86667,0.0673488,2.7055
424,0.570155,0.195319,9,3.8,0.0709576,2.79897
425,0.738704,0.196625,9,3.56,0.068183,2.69257
426,0.799952,0.230615,10,4.26,0.0708259,2.63676
427,0.689707,0.222242,10,3.98,0.0678256,2.6641
428,0.623622,0.17736,10,3.43333,0.0694831,2.79185
429,0.861292,0.215105,10,3.95333,0.0670908,2.4423
430,0.598632,0.161187,9,3.02,0.0673509,3.14838
431,0.843045,0.190768,10,3.48667,0.0702848,2.89079
432,0.725127,0.213368,10,3.70667,0.0641662,2.43048
433,0.810556,0.265791,10,4.63333,0.0684613,2.57129
434,0.805213,0.196862,10,3.59333,0.0675171,2.92444
435,0.65364,0.231798,10,4.17333,0.0704421,2.80468
436,0.686196,0.203747,9,3.54,0.0680675,2.93791
437,0.747439,0.218777,10,4.02667,0.0790408,2.92414
438,0.69742,0.209531,10,4.25333,0.0799932,2.84165
439,0.763694,0.248171,10,4.57333,0.068123,2.64656
440,0.780627,0.256889,10,4.4,0.0738605,2.68789
441,0.756931,0.179911,10,3.50667,0.0639219,2.66093
442,0.679155,0.164757,9,3.15333,0.070557,2.92107
443,0.647113,0.177639,10,3.42,0.0678096,2.71407
444,0.765004,0.215265,10,3.72,0.0750524,2.67705
445,0.7017,0.230966,10,3.85333,0.0632838,2.64535
446,0.65635,0.209838,9,3.8,0.0697385,2.96392
447,0.773571,0.193717,9,3.72667,0.0688665,2.49321
448,0.767446,0.206989,10,3.77333,0.0677396,2.5105
449,0.740718,0.225694,10,4.02667,0.0686113,2.69788
450,0.664655,0.201059,9,3.51333,0.0694941,2.55794
451,0.635009,0.197058,10,3.52667,0.0636378,2.71813
452,0.645703,0.191308,9,3.71333,0.0652431,2.8315
453,0.750551,0.210625,10,3.74,0.0817787,3.04658
454,0.678787,0.179268,10,3.62667,0.0670566,2.70406
455,0.790451,0.187735,10,3.91333,0.0740529,2.79066
456,0.697667,0.220759,10,4.10667,0.0705438,2.68585
457,0.699749,0.192892,10,3.32667,0.0671817,2.70327
458,0.654491,0.153742,10,3.04,0.069102,2.74958
459,0.729805,0.195385,10,3.58,0.0694855,2.52262
460,0.722837,0.195675,10,3.86667,0.066265,2.51311
461,0.799077,0.192778,10,3.72,0.0685332,2.69443
462,0.615038,0.184385,9,3.74,0.0697779,3.0792
463,0.63304,0.156218,10,3.25333,0.0655496,3.10451
464,0.67958,0.171932,10,3.36,0.066811,3.08579
465,0.78878,0.221238,10,4.34667,0.0678458,2.81269
466,0.652082,0.142143,9,2.9,0.0698917,2.9388
467,0.693351,0.15126,10,3.28,0.0662097,2.42484
468,0.632497,0.190457,10,3.52,0.0675665,2.78852
469,0.774227,0.193846,10,3.42667,0.069666,2.86585
470,0.662685,0.247487,10,4.16,0.0726361,2.49751
471,0.746406,0.183417,10,3.46667,0.0658338,2.48944
472,0.760223,0.21373,9,3.84,0.0683836,2.61373
473,0.78149,0.170032,10,3.33333,0.0725002,2.99115
474,0.845512,0.230458,10,3.84,0.0740491,2.54017
475,0.668676,0.130837,9,2.31333,0.0657292,3.00495
476,0.807159,0.263558,10,4.26,0.0720369,2.76279
477,0.850165,0.277975,10,4.46,0.0716958,2.33419
478,0.703692,0.205465,10,3.38667,0.0684939,2.75597
479,0.684916,0.152475,9,2.88667,0.0669565,2.80674
480,0.759766,0.223749,10,4.03333,0.0713686,2.69418
481,0.671267,0.189076,10,3.23333,0.0678808,2.49792
482,0.745128,0.202651,10,3.28,0.0676201,2.61062
483,0.813377,0.199024,10,3.36,0.0668579,2.44472
484,0.883058,0.244386,10,4.32,0.0703029,2.41769
485,0.671322,0.162952,9,3.03333,0.0649938,2.63819
486,0.732106,0.232142,10,4.12667,0.069315,2.76495
487,0.814211,0.192103,10,3.58667,0.0640529,2.43671
488,0.656515,0.156288,9,2.84667,0.0651814,2.73866
489,0.799192,0.245968,10,4.28667,0.0682425,2.59137
490,0.664698,0.174392,9,3.08667,0.0830281,2.80939
491,0.671165,0.17989,10,3.48667,0.0677748,3.12562
492,0.628361,0.185218,9,3.02667,0.0697617,2.57957
493,0.720189,0.23561,9,3.96,0.0686569,2.60773
494,0.644447,0.197962,9,3.4,0.0660061,2.7861
495,0.716183,0.208386,10,3.74,0.0697441,2.90484
496,0.793259,0.258666,10,4.43333,0.0706778,2.59399
497,0.737957,0.24203,10,4.31333,0.0694631,2.59504
498,0.77734,0.208041,10,3.76667,0.069202,2.96237
499,0.764342,0.206587,10,3.47333,0.0677668,2.41989
500,0.811742,0.145555,10,2.75333,0.0642973,2.50116
501,0.716713,0.18517,10,3.64,0.0689651,2.50454
502,0.571042,0.160238,8,3.16667,0.0648178,2.85785
503,0.735961,0.172674,10,3.16667,0.0696898,2.73519
504,0.716113,0.22654,10,4.02,0.0705799,2.60988
505,0.763005,0.244982,10,4.13333,0.0710324,2.73818
506,0.702029,0.248001,10,4.04667,0.0638673,2.84708
507,0.661947,0.212845,10,3.68,0.0668777,2.95302
508,0.771161,0.242427,10,3.84667,0.0711492,2.89274
509,0.757554,0.242277,10,4.02,0.0715835,2.8797
510,0.676708,0.165314,10,3.26667,0.0687291,3.00655
511,0.74717,0.206287,10,3.46,0.0677537,2.64111
512,0.737644,0.172395,9,3.13333,0.0672937,2.69826
513,0.697134,0.164472,10,2.87333,0.0677014,3.18006
514,0.672202,0.220183,9,3.81333,0.0710768,2.93339
515,0.773466,0.188366,10,3.36,0.0647313,2.96577
516,0.563148,0.175346,10,3.23333,0.0655592,3.03658
517,0.554008,0.148159,8,2.74,0.066592,2.81123
518,0.754626,0.243794,10,3.96,0.0665441,2.67012
519,0.709256,0.195584,10,3.51333,0.0693056,2.72187
520,0.75541,0.198981,10,3.58667,0.0685294,2.52414
521,0.76379,0.209419,9,3.81333,0.0691107,2.79267
522,0.497961,0.16506,8,3.06,0.0664009,3.07163
523,0.716971,0.232798,10,3.74667,0.068944,2.79996
524,0.66265,0.189755,10,3.58667,0.0704944,2.96397
525,0.588504,0.196591,9,3.77333,0.0689414,3.23736
526,0.781354,0.250289,10,4.27333,0.0708574,3.02472
527,0.807971,0.2341,10,4.26,0.0710281,2.92778
528,0.707205,0.242281,10,4.14,0.0695497,2.95186
529,0.715348,0.213883,9,3.74667,0.0682805,2.77186
530,0.764369,0.21985,10,3.5,0.0638311,2.92102
531,0.723037,0.211495,9,3.32,0.0648028,2.8486
532,0.724116,0.222252,10,3.6,0.066152,2.64337
533,0.635953,0.189242,10,3.2,0.0724337,3.06249
534,0.683578,0.198399,9,3.67333,0.0668034,2.92975
535,0.667856,0.169618,9,3.40667,0.0697863,3.01108
536,0.696691,0.188857,10,3.57333,0.0671413,2.95153
537,0.627267,0.200365,9,3.34667,0.0656359,3.13628
538,0.676324,0.184057,9,3.61333,0.0680728,3.16713
539,0.710147,0.203226,9,3.44667,0.065534,2.84265
540,0.588577,0.155089,8,2.92,0.0623965,2.96636
541,0.643213,0.145814,10,2.83333,0.0706935,3.15787
542,0.78234,0.279486,10,4.60667,0.070317,2.78191
543,0.677058,0.206016,9,3.60667,0.0685972,2.87936
544,0.809925,0.247853,10,3.97333,0.0676321,2.91775
545,0.662326,0.19791,10,3.24,0.0683161,2.94892
546,0.85169,0.261582,10,4.34667,0.0692046,2.68573
547,0.633589,0.203674,8,3.3,0.0676046,2.97684
548,0.807153,0.257524,10,4.30667,0.0701789,3.06066
549,0.696167,0.198069,10,3.52,0.0697952,3.19367
550,0.663275,0.196212,8,2.96667,0.0669654,2.7452
551,0.633949,0.21516,10,3.57333,0.0685609,2.99861
552,0.633347,0.184339,8,3.04667,0.0648113,3.0041
553,0.782356,0.214443,10,3.84667,0.0675771,2.92863
554,0.823295,0.221578,10,3.69333,0.0678807,2.57849
555,0.647896,0.184305,9,3.43333,0.0689311,2.89859
556,0.708221,0.216044,10,4.06667,0.0700822,2.9643
557,0.769633,0.276904,10,4.51333,0.0653949,2.40267
558,0.783285,0.277727,10,4.46667,0.0651526,2.5552
559,0.755051,0.208305,9,3.83333,0.0687078,3.01893
560,0.810975,0.299464,10,4.79333,0.068786,2.37585
561,0.786666,0.247081,10,4.31333,0.0718517,2.8179
562,0.710193,0.25304,10,4.4,0.0683344,2.91631
563,0.586192,0.192329,9,3.27333,0.067683,2.87009
564,0.620807,0.160334,8,3.15333,0.0690771,3.09398
565,0.756817,0.221857,10,3.70667,0.0676187,2.6413
566,0.805323,0.233172,10,3.87333,0.0726185,2.59898
567,0.627645,0.190359,10,3.39333,0.0661145,2.70979
568,0.711982,0.245789,10,4.11333,0.0683156,2.72125
569,0.813135,0.257258,10,4.30667,0.067904,2.65502
570,0.824606,0.30791,10,4.91333,0.0667851,2.60156
571,0.677339,0.146577,10,3,0.0730145,3.50271
572,0.738118,0.199853,10,3.62667,0.0716489,2.73315
573,0.829366,0.242383,10,3.99333,0.0684735,2.56239
574,0.787405,0.223848,10,3.92,0.0685501,2.64327
575,0.62162,0.169603,8,3.12667,0.070895,3.08406
576,0.795294,0.211226,10,3.90667,0.0672247,2.67752
577,0.78014,0.249328,10,4.14667,0.0684573,2.78533
578,0.703276,0.2012,9,3.40667,0.0664819,2.6935
579,0.816802,0.214017,10,3.93333,0.0738434,2.80736
580,0.714697,0.161519,10,3.05333,0.0666524,2.71201
581,0.693898,0.215357,9,3.54,0.0679424,2.98227
582,0.629068,0.165137,9,2.98667,0.0681362,2.92456
583,0.656595,0.137331,10,2.74667,0.0684657,2.77886
584,0.654772,0.190704,9,3.64,0.0664141,2.68439
585,0.659806,0.192573,10,2.96,0.0664386,2.5171
586,0.655773,0.194774,9,3.22667,0.0682208,2.58123
587,0.682933,0.201756,9,3.61333,0.069748,2.80028
588,0.603369,0.171775,8,2.88667,0.0660477,3.36881
589,0.660701,0.18363,9,3.04,0.06558,2.76462
590,0.764106,0.247446,10,3.86,0.0695096,2.69745
591,0.78792,0.190093,10,3.36,0.0708472,2.78668
592,0.58702,0.175079,10,3.24,0.0730812,3.27729
593,0.65475,0.180748,9,3.27333,0.0676357,3.04918
594,0.747151,0.177006,10,3.28667,0.0705681,2.79207
595,0.753124,0.196507,9,3.58667,0.0681231,3.03632
596,0.760486,0.200117,10,3.82,0.0716114,2.78935
597,0.758868,0.188992,10,3.78667,0.0670406,2.31956
598,0.610678,0.176944,9,3.22667,0.0656784,2.81879
599,0.805278,0.218054,10,4.19333,0.0706621,2.66682
600,0.742256,0.202711,10,3.52667,0.0656463,2.80104
601,0.719873,0.184926,10,3.38667,0.0680079,2.94136
602,0.656432,0.156881,9,2.81333,0.0700539,2.9254
603,0.689651,0.141523,10,2.81333,0.0701597,2.69709
604,0.760814,0.174288,10,3.11333,0.0719341,2.74663
605,0.737464,0.204658,10,3.91333,0.0680061,2.85605
606,0.84417,0.212692,10,3.76,0.0708734,2.83318
607,0.659811,0.152279,9,2.79333,0.0704384,3.40226
608,0.68089,0.209758,10,3.53333,0.071306,3.03902
609,0.718118,0.206059,10,3.55333,0.0690271,2.97243
610,0.588614,0.178299,8,3.12667,0.0685981,2.68756
611,0.780391,0.218935,10,3.65333,0.0740363,3.12638
612,0.777296,0.174825,10,3.08667,0.070616,2.8182
613,0.71746,0.177343,9,3.07333,0.0716877,3.00271
614,0.654333,0.162314,10,2.94,0.0706596,3.01659
615,0.696734,0.191152,9,3.32,0.0696211,2.91734
616,0.667529,0.204763,10,3.64,0.0681536,3.10959
617,0.776436,0.227854,9,3.9,0.0702315,3.06622
618,0.677126,0.243493,10,4.03333,0.0668416,2.67547
619,0.694561,0.218422,9,3.57333,0.0703602,2.97769
620,0.68405,0.204558,9,3.17333,0.0633356,2.96321
621,0.84943,0.240239,10,3.98,0.0775772,2.75326
622,0.803866,0.180538,9,2.94,0.0681077,2.83586
623,0.683948,0.23279,10,3.91333,0.0660086,3.01174
624,0.754047,0.239485,10,4.01333,0.0691405,2.70628
625,0.715922,0.229174,10,3.54667,0.0642003,2.72079
626,0.660749,0.186591,10,3.17333,0.066979,2.8881
627,0.72125,0.210699,10,3.78667,0.0816816,2.84366
628,0.831471,0.244852,10,3.97333,0.0696781,2.63357
629,0.551177,0.16287,9,2.95333,0.0638332,2.57834
630,0.659645,0.191903,9,3.4,0.0663863,2.72785
631,0.783614,0.183932,9,3.30667,0.0674172,2.74949
632,0.662427,0.184912,10,3.5,0.0688658,2.87017
633,0.773815,0.193829,10,3.42,0.0667152,2.706
634,0.626969,0.155764,10,3.01333,0.0699204,3.02287
635,0.818121,0.217605,10,3.64667,0.0695947,2.76878
636,0.708051,0.180895,10,3.58,0.0706378,3.29754
637,0.684072,0.184472,10,3.38,0.0677226,2.99106
638,0.70297,0.169344,10,3.02667,0.071916,3.04219
639,0.71595,0.18778,10,3.54,0.0728233,2.85257
640,0.665788,0.189192,10,3.46,0.0746894,2.67359
641,0.815775,0.242908,10,4.04667,0.0698332,2.67812
642,0.726071,0.189487,10,3.14,0.0665363,2.43687
643,0.673428,0.156106,10,3.00667,0.067768,2.60314
644,0.673606,0.20101,10,3.76,0.0700296,2.58532
645,0.657112,0.157412,8,2.89333,0.0684003,2.74029
646,0.85834,0.200848,10,3.35333,0.0683579,2.35127
647,0.66854,0.179951,9,3.4,0.0701066,2.77271
648,0.54075,0.11558,9,2.42667,0.0657461,2.94831
649,0.644258,0.164131,10,3.27333,0.070529,2.97423
650,0.644573,0.2009,10,3.56667,0.0661718,2.72103
651,0.781608,0.21479,10,3.96,0.0685222,2.64665
652,0.748387,0.199263,10,3.78667,0.073073,2.88738
653,0.589257,0.190272,8,3.30667,0.0677626,3.04983
654,0.671171,0.195017,10,3.38,0.0643172,2.73141
655,0.673447,0.179726,9,3.09333,0.0675438,2.61281
656,0.801533,0.214827,10,3.77333,0.0653562,2.56872
657,0.731092,0.196838,10,3.5,0.0668319,2.70826
658,0.457568,0.111494,8,2.36,0.0682828,2.92137
659,0.652725,0.183841,9,3.40667,0.0683252,2.58021
660,0.764502,0.213853,10,3.90667,0.0709322,2.58155
661,0.62929,0.182869,10,3.43333,0.0683119,2.67753
662,0.781854,0.196709,10,3.94667,0.0689612,2.69693
663,0.684683,0.167214,9,3.30667,0.0691311,2.8161
664,0.719404,0.200131,10,3.32,0.0657485,2.25149
665,0.668153,0.195669,9,3.59333,0.0723271,2.78281
666,0.725905,0.138426,10,2.94,0.0701479,2.64067
667,0.612659,0.120041,9,2.47333,0.0685403,2.64097
668,0.607816,0.126761,10,2.81333,0.0706029,2.662
669,0.545593,0.103834,9,2.13333,0.067424,2.44772
670,0.694269,0.167803,10,3.16,0.0677208,2.41498
671,0.781607,0.176004,10,3.53333,0.0656817,2.53379
672,0.58198,0.159389,9,3.01333,0.0662957,2.98063
673,0.828184,0.178527,10,3.39333,0.0696884,2.41599
674,0.737668,0.159509,9,3.18,0.0664051,2.47581
675,0.703313,0.181758,10,3.68,0.0695098,2.66024
676,0.747965,0.13088,10,2.89333,0.0672978,2.67811
677,0.639656,0.171929,10,3.46,0.0684332,2.88491
678,0.534405,0.131585,9,2.80667,0.0677016,2.98194
679,0.670608,0.169353,10,3.14,0.0697601,2.48932
680,0.784599,0.170597,10,3.16,0.0659105,2.30597
681,0.766342,0.235343,10,4.62667,0.0707108,2.69202
682,0.817088,0.165227,10,3.64,0.0727188,2.99156
683,0.551955,0.136419,10,2.84,0.0674513,2.65369
684,0.716435,0.15169,10,3.17333,0.0676229,2.9382
685,0.863224,0.193782,10,4.04,0.0732383,2.80709
686,0.737467,0.157813,9,3.11333,0.067552,2.9584
687,0.697943,0.163874,10,2.88667,0.0615705,2.61497
688,0.761537,0.145782,10,2.86,0.0716022,3.13353
689,0.680109,0.200971,10,3.94,0.0712656,2.79019
690,0.695425,0.167299,10,3.32,0.0650516,2.84217
691,0.663779,0.165353,10,3.03333,0.0699886,2.98021
692,0.752008,0.192229,10,3.46667,0.0688779,2.88144
693,0.589551,0.1644,9,3.11333,0.0698787,3.16677
694,0.713241,0.209827,10,3.56667,0.0667513,2.53533
695,0.653579,0.16138,10,3.34,0.0696913,3.03885
696,0.709827,0.154541,10,3.34,0.0668303,2.91063
697,0.655522,0.146674,10,2.99333,0.0667357,2.59746
698,0.699675,0.162107,9,3.40667,0.0673085,2.81207
699,0.820674,0.201543,10,3.72,0.0680919,2.61354
700,0.695223,0.197737,10,3.54667,0.068126,2.57813
701,0.657706,0.16012,9,3.2,0.0697268,2.86951
702,0.606687,0.12951,9,2.42667,0.0668621,2.93166
703,0.767439,0.175381,10,3.19333,0.0705656,2.85128
704,0.757619,0.187443,9,3.14667,0.0657144,2.51042
705,0.769205,0.226652,10,3.97333,0.0659472,2.60094
706,0.678294,0.161502,9,3.36,0.0694062,2.84307
707,0.67051,0.171007,10,3.12,0.065323,2.72966
708,0.70384,0.195004,10,3.66,0.0681182,2.61785
709,0.695903,0.155466,10,3.34667,0.0698566,2.96791
710,0.703621,0.162208,10,3.09333,0.0680722,2.7392
711,0.510748,0.133688,9,2.87333,0.0664458,3.02587
712,0.702546,0.206656,10,3.83333,0.0688745,3.24037
713,0.746769,0.191289,10,3.63333,0.0668864,3.01189
714,0.693749,0.164252,9,3.08,0.0700651,3.12826
715,0.582949,0.166321,9,3.16667,0.0666939,2.75919
716,0.686693,0.172908,10,3.14,0.0668103,2.8742
717,0.622997,0.185671,10,3.32667,0.0660924,3.20451
718,0.677165,0.185984,9,3.20667,0.0679453,2.845
719,0.800294,0.227303,10,3.85333,0.0649504,2.41932
720,0.743229,0.161677,9,2.92667,0.066411,2.72596
721,0.733167,0.192445,10,3.94,0.0732953,2.83917
722,0.754101,0.200894,10,3.61333,0.0664843,2.23935
723,0.744978,0.214901,10,3.91333,0.0729088,2.59704
724,0.643448,0.15405,10,3.06,0.0683889,2.66111
725,0.721651,0.175268,10,3.26,0.0671992,2.66647
726,0.712357,0.190018,9,3.69333,0.0692861,3.08386
727,0.773522,0.17375,10,3.45333,0.0708868,2.6498
728,0.708926,0.177836,10,3.52667,0.0701388,2.71457
729,0.775419,0.163382,10,3.27333,0.0705384,2.55329
730,0.471687,0.127154,9,2.55333,0.069694,2.87214
731,0.775882,0.218731,10,3.79333,0.0693669,2.46559
732,0.681863,0.170537,10,3.41333,0.0653098,2.449
733,0.54915,0.15257,9,2.85333,0.0677946,2.55009
734,0.573617,0.164038,9,3.15333,0.0693287,2.71626
735,0.781406,0.257145,10,4.56,0.0712251,2.55877
736,0.833869,0.210585,10,3.86667,0.0723095,2.73899
737,0.703522,0.163003,9,3.14,0.0662621,2.60074
738,0.571977,0.142594,9,2.86667,0.0699286,3.03317
739,0.632653,0.164996,10,3.08,0.0667656,2.8006
740,0.657504,0.177728,9,3.29333,0.0648993,2.65217
741,0.812856,0.265672,10,4.63333,0.0687123,2.33796
742,0.822215,0.249926,10,4.29333,0.0692872,2.63506
743,0.709305,0.20424,10,3.69333,0.0651215,2.72729
744,0.802723,0.208522,10,4.04667,0.0695981,2.55665
745,0.635797,0.178239,9,3.12,0.0641001,2.65964
746,0.740382,0.193512,10,3.58667,0.0665784,2.6285
747,0.746068,0.219678,10,4.12,0.0859487,2.84524
748,0.886678,0.253467,10,4.22667,0.0707941,2.44205
749,0.683726,0.168885,9,2.96,0.0702871,2.57184
750,0.648268,0.20698,10,3.58667,0.0665909,2.19295
751,0.777593,0.20141,10,3.48667,0.0692622,2.38364
752,0.754222,0.210295,10,3.76667,0.0694924,2.56277
753,0.671377,0.203542,10,3.31333,0.0673845,2.49342
754,0.833176,0.237731,10,3.92667,0.0712448,2.57664
755,0.713797,0.213813,10,3.88,0.0700514,2.5976
756,0.695473,0.220437,10,3.83333,0.068027,2.56663
757,0.867533,0.254901,10,4.26667,0.0715804,2.32657
758,0.69923,0.214051,9,3.82667,0.0706078,2.81219
759,0.774924,0.203233,10,3.64667,0.07256,2.56044
760,0.660427,0.175224,10,2.93333,0.0660725,2.53984
761,0.66614,0.163831,9,2.98667,0.0693301,2.85975
762,0.79927,0.243606,10,4.14,0.0690166,2.47676
763,0.869975,0.22365,10,3.84,0.0691305,2.72432
764,0.713075,0.161582,10,2.90667,0.0681986,2.46303
765,0.756292,0.229429,10,4.18,0.0696858,2.47488
766,0.853625,0.233569,10,3.84,0.0683791,2.4726
767,0.711442,0.234777,10,3.83333,0.0691079,2.57248
768,0.69383,0.213523,10,3.74,0.0664278,2.82013
769,0.70138,0.221301,10,3.55333,0.0669604,2.6289
770,0.623478,0.161295,8,2.76,0.0663408,2.84992
771,0.893235,0.262041,10,4.26,0.0706902,2.57788
772,0.698291,0.224639,10,3.96,0.0712497,2.57232
773,0.52652,0.142927,8,2.74,0.0661594,3.13372
774,0.61257,0.173834,9,3.32667,0.066415,2.73179
775,0.73858,0.155837,10,3.12667,0.0673136,3.19006
776,0.759639,0.187748,9,3.34,0.0682787,2.85274
777,0.821144,0.20982,10,3.80667,0.0692393,3.0517
778,0.740845,0.160394,10,2.92667,0.0652193,2.76495
779,0.650883,0.166462,10,3.17333,0.0681127,2.97283
780,0.755792,0.207224,10,3.54667,0.0660968,2.49084
781,0.602449,0.136475,9,2.33333,0.0664782,2.61506
782,0.641201,0.179331,10,3.12667,0.0677677,2.79066
783,0.714626,0.192883,10,3.34,0.0699958,2.52523
784,0.57747,0.132986,10,2.70667,0.0687983,2.78947
785,0.776663,0.190935,10,3.16,0.0712466,2.46823
786,0.695347,0.225511,9,4.1,0.0689339,2.63234
787,0.742013,0.229971,10,4.00667,0.0673178,2.5715
788,0.791107,0.216914,9,3.48,0.067185,2.24153
789,0.689692,0.196499,10,3.42667,0.0687599,2.5757
790,0.742464,0.238547,10,4.10667,0.0702835,2.77568
791,0.573536,0.155811,10,3.02667,0.0696397,2.54686
792,0.78962,0.203519,10,3.84667,0.0682525,2.67322
793,0.649778,0.191557,10,3.12,0.070344,2.59637
794,0.615977,0.161275,9,2.84667,0.0666186,2.62583
795,0.569409,0.150564,9,2.55333,0.0696549,2.81521
796,0.723071,0.231904,10,3.77333,0.070662,2.60443
797,0.638856,0.18145,10,3.26667,0.0666161,2.44221
798,0.743904,0.175295,10,3.36667,0.073943,2.98536
799,0.868787,0.23547,10,4.06,0.0679679,2.61357
800,0.722165,0.227072,10,3.82667,0.0656961,2.56005
801,0.831574,0.217588,10,3.86,0.0691915,2.61723
802,0.780393,0.221666,10,3.65333,0.0674639,2.66412
803,0.726502,0.194213,9,3.3,0.0661515,2.32301
804,0.837377,0.248917,10,3.9,0.0660569,2.20753
805,0.600594,0.173769,9,2.93333,0.069452,2.92102
806,0.750116,0.220062,9,3.66667,0.0620987,2.25577
807,0.771127,0.25836,10,4.32667,0.0682631,2.44894
808,0.687682,0.227385,10,3.82,0.0703654,2.59193
809,0.794891,0.211444,10,3.60667,0.0677058,2.59325
810,0.722554,0.196817,9,3.32667,0.0674136,2.95682
811,0.592808,0.145855,9,2.71333,0.0658504,2.98579
812,0.794296,0.274719,10,4.55333,0.0682412,2.42566
813,0.757371,0.233069,10,4.14667,0.0700629,2.59914
814,0.813317,0.255575,10,4.29333,0.0707676,2.37821
815,0.632552,0.205197,9,3.22667,0.0640359,2.51744
816,0.78704,0.25014,10,3.96667,0.0673183,2.43061
817,0.795222,0.255096,10,4.22,0.0699726,2.16958
818,0.720165,0.210891,10,3.50667,0.0649984,2.72447
819,0.674717,0.215912,10,3.74,0.0710405,2.67542
820,0.708792,0.215926,9,3.62,0.0628252,2.78878
821,0.762953,0.231194,10,4.10667,0.0707061,2.73537
822,0.721486,0.242019,10,4.30667,0.0707633,2.78951
823,0.625611,0.166646,9,3.32,0.0654273,2.77489
824,0.712884,0.175985,10,3.1,0.0652482,2.71618
825,0.648956,0.16081,10,3.17333,0.0683038,2.87289
826,0.617385,0.132971,8,2.53333,0.0675297,2.60015
827,0.652144,0.142961,9,2.88,0.0682013,2.86595
828,0.595157,0.149339,10,2.82667,0.0712506,3.48032
829,0.729074,0.225686,10,4.02667,0.066115,2.66161
830,0.81588,0.241308,10,3.97333,0.0732323,2.39238
831,0.686184,0.194621,10,3.78,0.071054,2.80022
832,0.568975,0.154333,8,3,0.0694993,2.55276
833,0.68872,0.206144,10,3.58,0.0662476,2.5831
834,0.696944,0.177432,10,3.03333,0.0679835,2.72756
835,0.622296,0.175251,10,3.58,0.0692168,2.66886
836,0.784079,0.185745,10,3.76,0.0678587,2.71987
837,0.799703,0.205945,10,4.06,0.0712287,2.70938
838,0.61732,0.140102,9,2.74,0.0687193,2.89102
839,0.559558,0.118631,9,2.2,0.0638648,2.62945
840,0.718841,0.185678,9,3.09333,0.0655579,2.54418
841,0.679755,0.192224,10,3.6,0.0664002,2.77931
842,0.651902,0.190178,9,3.26667,0.064521,2.63349
843,0.803365,0.246419,10,4.54,0.0659831,2.7
844,0.758247,0.185098,10,3.37333,0.0690628,2.66033
845,0.655175,0.13965,10,2.78,0.0698261,2.89764
846,0.710638,0.166012,10,3.10667,0.0623994,2.54671
847,0.622177,0.172281,9,3.04,0.0681586,2.67419
848,0.674723,0.168104,10,3.35333,0.0681244,2.72401
849,0.656572,0.167251,9,3.24,0.0671594,2.65844
850,0.577556,0.15991,9,2.8,0.0647409,2.6382
851,0.527469,0.159854,9,3.51333,0.070334,2.87372
852,0.560255,0.151968,8,2.88,0.0650363,2.91797
853,0.780603,0.237746,10,4.48667,0.0703187,2.46691
854,0.781505,0.226249,10,4.26,0.0695967,2.69964
855,0.688504,0.15182,10,3.04,0.0679772,2.45314
856,0.763923,0.161977,10,3.02667,0.0639582,2.54883
857,0.585895,0.149556,9,2.75333,0.068223,2.75079
858,0.676552,0.159876,9,3.16,0.0682919,2.49355
859,0.591361,0.149307,9,2.82,0.0673818,2.96258
860,0.815977,0.216551,10,3.63333,0.0678781,2.54001
861,0.575242,0.165714,9,3.15333,0.0689197,2.91827
862,0.625494,0.171004,9,3.08667,0.0682902,2.54738
863,0.813452,0.250799,10,4.25333,0.0685111,2.81464
864,0.695683,0.191165,10,3.48,0.0695571,2.90135
865,0.643308,0.160123,9,3.02667,0.0669049,2.93789
866,0.818129,0.225562,10,3.73333,0.0684809,2.50041
867,0.749292,0.169302,10,3.31333,0.0691387,2.75165
868,0.692539,0.156554,10,2.87333,0.067468,2.4123
869,0.640858,0.151339,9,2.78667,0.0677725,2.80718
870,0.631126,0.165028,10,3.07333,0.0676587,2.59499
871,0.642795,0.211608,10,3.66667,0.066451,2.39823
872,0.690257,0.241491,10,4.07333,0.0673686,2.36298
873,0.644206,0.159571,10,2.86,0.071688,2.88531
874,0.706398,0.191554,10,3.25333,0.0637675,2.19465
875,0.801628,0.227374,10,3.44667,0.0650094,2.45203
876,0.716224,0.237583,10,3.92667,0.0673653,2.45741
877,0.561797,0.170431,9,3.02,0.0668269,2.73968
878,0.684954,0.206587,10,3.52667,0.0674537,2.90185
879,0.749356,0.240672,10,4.26,0.0693662,2.62849
880,0.7739,0.23603,10,3.94667,0.0636136,2.55024
881,0.673918,0.203877,9,3.49333,0.0688836,2.91185
882,0.645482,0.20154,10,3.81333,0.0708104,2.84906
883,0.741239,0.254635,10,4.17333,0.0677028,2.61149
884,0.64715,0.190125,9,3.72667,0.0667197,2.87881
885,0.674299,0.212571,10,3.83333,0.0670195,2.52823
886,0.797289,0.225226,10,4.08,0.0654944,2.55174
887,0.690251,0.162475,10,3.33333,0.063352,2.77979
888,0.67992,0.183742,10,3.76667,0.070065,2.94693
889,0.76132,0.185948,10,3.34667,0.0691264,2.85051
890,0.765834,0.221121,10,4.06667,0.0668535,2.74959
891,0.591218,0.148231,10,2.94,0.0671643,2.73458
892,0.645736,0.183358,10,3.44,0.0653654,2.89937
893,0.678954,0.217652,10,3.78667,0.0656703,2.50607
894,0.687364,0.185869,10,3.63333,0.0688646,2.95857
895,0.646216,0.168671,10,3.49333,0.0711884,3.43555
896,0.694392,0.186985,10,3.58667,0.0674437,2.81559
897,0.764726,0.213651,10,3.83333,0.0671762,2.84817
898,0.744058,0.198521,10,3.66667,0.072485,3.28719
899,0.753031,0.200707,10,3.88,0.0767748,3.1306
900,0.748658,0.195704,10,3.64,0.0682146,2.86417
901,0.757163,0.245229,10,4.37333,0.0656152,2.99576
902,0.724592,0.220715,10,3.72667,0.0681499,2.92218
903,0.709349,0.21608,10,4.2,0.0694169,3.09699
904,0.743449,0.225705,10,3.79333,0.06648,2.77153
905,0.708999,0.178823,9,3.07333,0.0643369,2.52038
906,0.764497,0.189095,10,3.54,0.0673004,2.45782
907,0.538146,0.13096,8,2.56667,0.0674645,2.9627
908,0.690862,0.206299,10,3.92667,0.0683946,2.66843
909,0.694884,0.166488,10,3.36,0.0692227,2.9252
910,0.811665,0.246493,10,4.3,0.0707629,2.81449
911,0.482998,0.133747,9,2.87333,0.0690059,3.60687
912,0.688567,0.197697,10,3.73333,0.068098,2.82386
913,0.654999,0.219247,9,3.76667,0.0655092,2.83099
914,0.628848,0.145641,9,2.86,0.0678491,2.90665
915,0.653183,0.178765,10,3.3,0.0658434,3.10009
916,0.602026,0.180599,9,3.42667,0.0682116,2.86762
917,0.563461,0.146835,9,2.74667,0.0673317,2.59062
918,0.775707,0.198367,10,3.72,0.0691059,2.63951
919,0.656869,0.168471,9,2.98,0.0691841,3.16917
920,0.664806,0.210419,9,3.54667,0.0666055,2.57476
921,0.800517,0.205275,10,3.68,0.0656634,2.47969
922,0.628137,0.123681,9,2.46667,0.0637901,2.83485
923,0.683959,0.186817,10,3.87333,0.0714392,2.82917
924,0.795981,0.231651,10,4.01333,0.0712113,2.34292
925,0.650286,0.191401,10,3.51333,0.0666119,2.73895
926,0.724084,0.190881,10,3.46667,0.0691782,2.74656
927,0.646912,0.160121,9,3.12667,0.0676261,2.79374
928,0.706504,0.216117,10,3.92,0.0702733,2.76447
929,0.768374,0.222367,10,3.72667,0.0703065,2.63892
930,0.735743,0.180281,10,3.43333,0.0700393,2.65968
931,0.743519,0.235495,10,3.92667,0.0704623,2.75765
932,0.717456,0.204689,9,3.34,0.0692487,2.63702
933,0.73513,0.20453,10,3.7,0.0692403,2.65585
934,0.660642,0.135362,10,2.60667,0.068103,3.00859
935,0.578814,0.133857,9,2.55333,0.0680721,2.91472
936,0.62358,0.160772,9,3.02667,0.0690484,2.77044
937,0.64237,0.175627,9,3.2,0.0709596,2.78971
938,0.698364,0.184946,10,3.62667,0.0685871,2.70528
939,0.740402,0.177678,10,3.24667,0.0682666,2.52459
940,0.768424,0.180846,10,3.5,0.0696547,2.81679
941,0.635429,0.188239,10,3.36667,0.0660727,2.60742
942,0.621802,0.168805,10,3.26,0.0670915,2.88761
943,0.761377,0.21465,10,3.69333,0.0663641,2.61893
944,0.662448,0.215184,8,3.62667,0.0657045,2.62577
945,0.737664,0.177101,10,3.40667,0.0639449,2.67701
946,0.592462,0.142694,8,2.65333,0.0680061,2.80786
947,0.63198,0.166134,9,2.89333,0.0661219,2.6087
948,0.675768,0.149134,10,2.78,0.0694484,2.72833
949,0.642397,0.159228,8,2.82,0.0694336,2.70308
950,0.597745,0.145336,8,2.68,0.0647589,2.85966
951,0.647682,0.164075,9,2.96667,0.0663181,2.80584
952,0.854485,0.232741,10,4.20667,0.0720459,3.01582
953,0.518889,0.125535,7,2.56,0.0637093,3.05404
954,0.784569,0.20205,10,3.4,0.0670274,2.58098
955,0.733556,0.158012,10,2.76,0.0697772,2.55588
956,0.698178,0.192786,10,3.28667,0.0680738,2.73446
957,0.635082,0.174727,9,3.46667,0.0692898,3.30532
958,0.843866,0.178652,10,3.33333,0.0662847,2.72124
959,0.693956,0.220611,10,3.85333,0.0720089,2.70195
960,0.683612,0.190499,10,3.44667,0.0686239,2.74885
961,0.752939,0.212282,10,3.93333,0.068594,2.83495
962,0.553568,0.185158,10,3.44,0.06882,3.10876
963,0.729467,0.152427,10,2.92667,0.0685086,2.83414
964,0.544655,0.126676,10,2.48,0.0673306,2.76937
965,0.818759,0.168704,10,3.23333,0.0690397,2.92677
966,0.868052,0.235413,10,4.07333,0.0687783,2.56335
967,0.790053,0.183081,10,3.40667,0.0704396,3.01626
968,0.736788,0.213592,10,3.65333,0.0674778,2.78915
969,0.581926,0.127042,9,2.62667,0.067525,2.85476
970,0.719867,0.172919,9,3.04,0.0674395,2.67037
971,0.78563,0.203185,10,3.93333,0.0694833,2.60909
972,0.647919,0.153553,10,3.14667,0.0708752,2.90788
973,0.645178,0.157352,10,3.04,0.0718081,2.86508
974,0.841651,0.19573,10,3.57333,0.0688438,3.02372
975,0.686429,0.183541,9,3.14,0.0686298,2.58362
976,0.803378,0.222097,10,4.06667,0.0699228,2.64149
977,0.657144,0.185537,10,3.50667,0.0692714,2.50156
978,0.756159,0.275872,10,4.41333,0.0656367,2.40373
979,0.680615,0.210242,10,3.56,0.0663335,2.7277
980,0.687485,0.193948,10,3.86,0.0725435,3.28772
981,0.578252,0.175954,9,3.48667,0.0721151,3.09586
982,0.782519,0.212092,10,4.08,0.0696318,2.5693
983,0.692734,0.187296,9,3.28,0.0687692,2.77661
984,0.752228,0.207083,10,3.71333,0.0699016,2.56084
985,0.709432,0.215034,10,3.92,0.0892414,2.79972
986,0.686261,0.185797,9,3.34667,0.0659441,2.63847
987,0.553957,0.175691,9,3.18667,0.0697407,2.82173
988,0.586889,0.162528,9,3.06667,0.0704935,2.8888
989,0.725013,0.191563,10,3.44667,0.0667724,2.70913
990,0.61864,0.193048,9,3.51333,0.0676065,2.68136
991,0.780126,0.188959,10,3.72,0.0694946,2.65743
992,0.837934,0.269111,10,4.49333,0.0756037,2.78587
993,0.612668,0.173216,8,2.96,0.0650061,2.73861
994,0.611723,0.177606,9,3.24,0.067758,3.02221
995,0.662506,0.182198,10,3.46667,0.06777,2.64317
996,0.707831,0.214338,10,4.18,0.073292,2.74779
997,0.70564,0.227139,9,4.25333,0.0711835,2.85753
998,0.715421,0.236974,10,4.12,0.0664183,2.76201
999,0.610981,0.183295,8,3.22667,0.0649922,2.69038
1000,0.696956,0.202034,10,3.86,0.0690281,2.79837
