1,0.156151,0.00246287,3,0.133333,0.0779368,0.962089
2,0.160007,0.00424414,4,0.226667,0.0674002,0.935743
3,0.104588,0.00445093,5,0.306667,0.0711854,1.05809
4,0.0856217,0.0027378,4,0.173333,0.0667214,1.11717
5,0.0853385,0.0029269,6,0.213333,0.062442,0.98968
6,0.253511,0.00560132,5,0.266667,0.0674922,0.989294
7,0.549698,0.0153844,7,0.373333,0.0700958,0.90956
8,0.242446,0.00501832,4,0.206667,0.070074,1.01185
9,0.305225,0.0100151,6,0.36,0.0660914,1.07796
10,0.282844,0.0119562,4,0.293333,0.0691385,1.21894
11,0.260581,0.039953,7,0.953333,0.0723858,1.04345
12,0.153943,0.00276171,4,0.173333,0.0652123,0.968174
13,0.260229,0.0169188,6,0.533333,0.0685747,1.25344
14,0.282684,0.0207456,4,0.833333,0.0732949,1.23717
15,0.265861,0.0252087,8,1.64667,0.0708781,1.78382
16,0.18042,0.0249893,7,1.54,0.0689599,1.50979
17,0.386886,0.0522661,7,1.82,0.0680539,1.7924
18,0.235189,0.0412198,8,1.51333,0.0686868,1.43825
19,0.352097,0.0456953,8,1.84,0.0673562,1.86336
20,0.367842,0.0506334,8,1.67333,0.0677187,1.6279
21,0.257735,0.0261092,6,1.24,0.065208,1.55331
22,0.565327,0.0404212,8,1.80667,0.0719332,1.66862
23,0.655544,0.0427168,9,1.8,0.0686659,1.54884
24,0.282268,0.0394289,7,1.5,0.0678095,1.86398
25,0.619735,0.0548001,8,2.32667,0.0666021,1.89928
26,0.3228,0.0437805,8,2.08,0.0701941,1.92865
27,0.441242,0.0606079,8,2.47333,0.0689124,2.32146
28,0.591381,0.052041,9,2.08,0.0715607,1.76626
29,0.741091,0.053158,10,2.31333,0.0841494,2.31066
30,0.512795,0.0688153,8,2.62667,0.0697792,2.08375
31,0.431687,0.0899125,9,2.4,0.0683095,2.22851
32,0.509986,0.0961153,8,2.92667,0.0689902,2.25334
33,0.496215,0.0588285,9,1.66667,0.0678832,1.89201
34,0.377827,0.0678967,8,2.10667,0.0694601,2.17918
35,0.445854,0.0586723,8,1.92667,0.0754925,2.28793
36,0.547844,0.05987,8,1.62667,0.0656542,2.07744
37,0.609908,0.0690418,9,2.12667,0.0674208,2.06105
38,0.601869,0.0902952,10,2.68667,0.0684845,2.22107
39,0.483346,0.0815532,9,2.18,0.0700091,2.43143
40,0.62601,0.1281,9,2.67333,0.0681404,2.22871
41,0.630905,0.104375,8,2.49333,0.0694791,2.44376
42,0.44545,0.0912647,9,2.5,0.0722362,2.60555
43,0.49124,0.120839,9,2.76,0.147623,2.66521
44,0.484636,0.114181,8,2.36667,0.0698922,2.63601
45,0.541857,0.0915239,10,2.49333,0.0725746,2.28698
46,0.605246,0.0897289,10,2.72667,0.0788741,2.63226
47,0.617005,0.0996727,9,2.51333,0.064305,2.4032
48,0.600715,0.122752,9,2.69333,0.0756588,2.21262
49,0.658132,0.129725,8,2.59333,0.0697581,2.51611
50,0.608697,0.105412,10,2.54,0.0686441,2.62751
51,0.598884,0.143167,10,3.04667,0.0693015,2.48471
52,0.361925,0.0705716,8,1.82,0.0681579,2.61971
53,0.587576,0.117414,9,2.66,0.0703497,2.39642
54,0.501843,0.0957662,8,2.61333,0.0690706,2.6678
55,0.420873,0.0961932,7,2.56667,0.07444,2.55812
56,0.371072,0.089592,7,2.06667,0.070373,2.73253
57,0.450531,0.132654,9,3.06,0.0690382,2.90676
58,0.516292,0.136604,7,2.84,0.0715157,2.65671
59,0.373069,0.0687866,9,1.92667,0.0628818,2.49616
60,0.38155,0.103374,9,2.42667,0.09028,2.33426
61,0.584676,0.161607,9,3.24667,0.0681787,2.20718
62,0.623834,0.107925,10,2.58,0.0843287,2.45626
63,0.72979,0.146716,9,3.43333,0.0698245,2.7286
64,0.451431,0.0830523,8,2.47333,0.0682173,2.60504
65,0.446721,0.0749574,8,2.19333,0.0637221,2.36806
66,0.69232,0.0744474,10,2.21333,0.0706816,2.52206
67,0.469009,0.104138,9,2.48,0.0753469,2.53136
68,0.654106,0.122548,10,2.92,0.0701038,2.48594
69,0.526921,0.104088,9,2.60667,0.0653143,2.271
70,0.526415,0.0876089,9,2.32,0.066499,2.82558
71,0.50754,0.114563,9,3.02,0.0680001,2.29718
72,0.520968,0.1387,9,3.05333,0.0686043,2.56021
73,0.456273,0.0883871,10,2.25333,0.0650396,2.50073
74,0.451399,0.103123,10,2.64,0.0676572,2.677
75,0.706811,0.114041,9,2.83333,0.0708935,2.60328
76,0.516971,0.0704669,9,2.02,0.0698319,2.95169
77,0.553203,0.108633,10,2.88,0.0655567,2.67872
78,0.400794,0.102402,9,2.39333,0.0677038,2.94668
79,0.461261,0.0802182,7,2.16,0.0687298,2.83988
80,0.56843,0.10569,9,2.76,0.0688093,2.65531
81,0.62692,0.0987028,9,2.51333,0.0689031,2.59092
82,0.554833,0.123143,10,3.19333,0.0699561,2.56772
83,0.482013,0.1018,9,2.52,0.0677406,2.71571
84,0.424151,0.079351,7,1.93333,0.0646655,2.37596
85,0.651568,0.110229,10,2.86,0.0675978,2.48206
86,0.626985,0.0913096,10,2.6,0.0743718,2.44555
87,0.43607,0.0955214,7,2.48,0.0693391,2.64097
88,0.485429,0.116954,9,3.2,0.0726192,2.53368
89,0.578139,0.142269,10,3.16,0.0713,2.37095
90,0.705124,0.117687,10,2.65333,0.0675211,2.30085
91,0.644586,0.113896,9,2.78,0.0703232,2.19462
92,0.605735,0.131248,10,3.08667,0.0696328,2.62627
93,0.499715,0.0508917,8,1.84,0.0668757,2.79681
94,0.482155,0.0648927,7,2.25333,0.0635846,2.69114
95,0.550749,0.133117,10,3.06667,0.0699924,2.91257
96,0.577616,0.109138,9,3.37333,0.0685212,2.78384
97,0.563942,0.0913451,9,3.04,0.0752812,3.0047
98,0.622944,0.107098,9,3.00667,0.0710005,2.61
99,0.600664,0.0811295,9,2.7,0.0717305,2.88031
100,0.518815,0.0820791,8,2.04,0.0660786,2.21409
101,0.573649,0.118454,8,2.7,0.0652303,2.37712
102,0.651545,0.113227,10,2.77333,0.140124,2.42791
103,0.762537,0.0989,9,2.32,0.0660456,2.19435
104,0.707687,0.0965848,9,2.37333,0.0687187,2.43008
105,0.647898,0.139723,9,2.83333,0.0666268,2.81041
106,0.554311,0.121424,9,2.54667,0.0680909,2.74101
107,0.759366,0.183019,10,3.58,0.0690481,2.9526
108,0.662693,0.153906,10,3.46,0.0649176,2.80421
109,0.652154,0.180781,9,3.90667,0.06915,2.91051
110,0.739654,0.172671,10,3.6,0.0667476,2.67704
111,0.607025,0.15574,9,3.34667,0.0666684,2.9876
112,0.728847,0.198072,10,3.79333,0.0666985,2.26947
113,0.645933,0.121925,9,2.78,0.0664128,2.61116
114,0.572751,0.150172,9,3.34667,0.0681636,2.78965
115,0.679604,0.160274,10,3.5,0.0692212,2.43068
116,0.461591,0.100406,8,2.25333,0.0645916,2.38139
117,0.753812,0.158418,10,3.32,0.0674422,2.57612
118,0.629304,0.143583,10,3.24,0.0694264,2.56349
119,0.541272,0.132475,9,2.86667,0.0657321,2.65133
120,0.59774,0.126568,10,3.05333,0.069683,2.68093
121,0.529562,0.108696,8,2.56,0.0669694,3.20302
122,0.58191,0.130304,10,3.05333,0.0667486,2.70951
123,0.703343,0.200636,10,3.98,0.0705116,2.32103
124,0.644035,0.138817,9,3.8,0.0725937,2.81387
125,0.79536,0.17829,10,3.79333,0.0678597,2.26052
126,0.686467,0.174649,9,3.48,0.0711991,2.25746
127,0.719086,0.138721,9,3.08,0.0877252,2.62842
128,0.592665,0.149828,9,3.47333,0.0665807,2.47394
129,0.702762,0.187944,9,3.73333,0.0737667,2.65951
130,0.541411,0.107271,8,2.56,0.0666688,2.99
131,0.798301,0.195468,10,4.08,0.0730364,2.77099
132,0.526845,0.14413,7,3.23333,0.0675882,3.14998
133,0.613536,0.197447,9,4.39333,0.0725246,3.24734
134,0.66194,0.151975,10,3.80667,0.0691634,3.03
135,0.672256,0.164851,10,3.52,0.0682247,2.44751
136,0.631493,0.0986883,9,2.62667,0.0648519,2.76939
137,0.686454,0.171851,10,3.57333,0.0677648,2.46038
138,0.828134,0.218139,10,4.48667,0.0705114,2.66898
139,0.606368,0.144267,10,3.45333,0.0687454,2.69172
140,0.590398,0.136918,9,2.98667,0.0696387,2.73277
141,0.825786,0.187297,10,3.99333,0.0707898,2.79887
142,0.722238,0.190588,10,4.35333,0.0690233,2.42343
143,0.651763,0.172517,10,3.78667,0.0699969,2.74062
144,0.678728,0.160332,10,3.90667,0.069017,2.70345
145,0.606028,0.178673,9,3.77333,0.0703994,2.79436
146,0.719842,0.165576,10,3.76667,0.0703388,2.8921
147,0.650759,0.199395,10,4.8,0.0683196,2.80824
148,0.741529,0.220842,10,4.19333,0.0680613,2.74267
149,0.674917,0.169376,10,3.87333,0.0693698,2.7985
150,0.757365,0.206183,9,3.91333,0.0671214,2.56819
151,0.64294,0.169644,9,3.35333,0.0620882,2.79381
152,0.752519,0.20911,10,3.94,0.0675361,2.64805
153,0.667506,0.172002,10,3.92,0.0757961,3.05163
154,0.704095,0.195571,10,4.25333,0.0932474,2.74096
155,0.832793,0.24678,10,4.64667,0.0755301,2.89034
156,0.563683,0.156954,9,2.94,0.065093,3.23327
157,0.761343,0.230965,10,4.32667,0.068587,2.77257
158,0.639327,0.172133,10,3.48667,0.0691844,3.09637
159,0.681249,0.165244,10,3.42667,0.0682111,2.90113
160,0.622547,0.175979,9,3.75333,0.0658573,2.67875
161,0.738838,0.214072,10,4.2,0.0724276,2.67787
162,0.732979,0.190204,10,3.61333,0.0632086,2.48858
163,0.568095,0.152923,9,3.14667,0.070612,2.97947
164,0.594238,0.187974,8,3.63333,0.0677496,2.90796
165,0.652723,0.22019,10,3.97333,0.10156,2.68144
166,0.634696,0.175667,9,3.66667,0.0687794,2.75459
167,0.570174,0.138119,9,2.99333,0.0672363,3.00929
168,0.8047,0.264022,9,4.38667,0.132107,2.53641
169,0.643049,0.146854,9,3.12667,0.0665376,2.91237
170,0.81361,0.236812,10,4.38,0.0700967,2.53569
171,0.729416,0.187652,10,3.78,0.0681902,2.71396
172,0.68106,0.152482,9,3.56,0.0693349,2.95637
173,0.8421,0.219721,10,4.29333,0.0720403,2.67122
174,0.815927,0.202791,10,3.98,0.0659177,2.67824
175,0.888062,0.298518,10,5.01333,0.067825,2.25159
176,0.692494,0.188149,10,3.59333,0.0700552,2.92757
177,0.674676,0.18487,9,3.39333,0.0748183,2.85081
178,0.742669,0.198888,10,3.77333,0.0925744,2.58946
179,0.689405,0.164382,9,3.16,0.0719404,2.84452
180,0.702458,0.132999,9,2.79333,0.0611847,2.75392
181,0.522596,0.119672,8,2.6,0.0682391,3.05729
182,0.746589,0.209362,10,4.32,0.0754434,2.63345
183,0.608023,0.151936,9,3.35333,0.0696895,2.98227
184,0.835258,0.21123,10,4.35333,0.0838112,2.59443
185,0.786807,0.193763,10,3.74,0.0809399,2.57698
186,0.737435,0.202827,10,3.66667,0.0897164,2.62043
187,0.77102,0.179058,10,3.64,0.0699063,2.70989
188,0.754861,0.175459,10,3.37333,0.0706565,2.63365
189,0.633695,0.194179,10,3.9,0.0667061,2.84325
190,0.693654,0.199679,10,3.88667,0.0706595,2.74932
191,0.648023,0.170645,10,4.04667,0.0683263,2.6949
192,0.585631,0.15327,10,3.00667,0.0675676,3.05843
193,0.743547,0.210798,10,3.94,0.0658334,2.83706
194,0.726016,0.206113,10,3.62667,0.0670009,2.67162
195,0.675767,0.161258,10,3.52667,0.0687001,3.05822
196,0.685911,0.188507,9,3.38667,0.0671424,2.66531
197,0.710106,0.196165,10,3.90667,0.0714968,2.69605
198,0.707129,0.22781,10,3.92,0.0684427,2.62329
199,0.668496,0.177067,10,3.32,0.0695487,2.87781
200,0.65832,0.184672,10,3.53333,0.0691048,2.66376
201,0.588124,0.119402,9,2.66667,0.0658037,2.82573
202,0.641419,0.151853,9,2.94667,0.157193,2.71197
203,0.608833,0.156486,10,3.12667,0.0716142,2.91252
204,0.763459,0.120449,10,2.78667,0.0690535,2.52852
205,0.744681,0.17216,10,3.36667,0.0704143,2.6167
206,0.65545,0.16084,9,3.04,0.069776,2.91501
207,0.739905,0.177027,10,3.51333,0.0666045,2.72617
208,0.622821,0.168395,9,3.02,0.0766924,2.93056
209,0.808949,0.228574,10,3.63333,0.069698,2.68238
210,0.727582,0.167939,10,3.18,0.0696296,2.70135
211,0.618431,0.15347,9,2.87333,0.0646196,2.89902
212,0.558962,0.129206,10,2.49333,0.0724602,3.03111
213,0.739504,0.18886,10,3.54667,0.0688903,2.98178
214,0.627999,0.147896,10,2.99333,0.067633,2.80087
215,0.554938,0.127643,7,2.46667,0.0652185,2.95108
216,0.711344,0.201264,10,3.66667,0.0687961,2.77381
217,0.65499,0.145865,10,2.93333,0.0620125,3.00001
218,0.662461,0.173818,10,3.55333,0.0664565,3.12992
219,0.674894,0.1707,10,3.74667,0.0685118,3.03258
220,0.671577,0.161348,9,3.29333,0.0678028,3.34832
221,0.519513,0.107354,10,2.59333,0.0654761,3.30557
222,0.588314,0.196603,9,3.82,0.0737507,2.93936
223,0.707108,0.175624,10,3.6,0.082238,3.08084
224,0.723076,0.190675,9,3.34667,0.0736192,2.92808
225,0.668976,0.134218,9,3.06667,0.0714385,3.17075
226,0.776503,0.177625,9,3.07333,0.0673793,2.99404
227,0.644077,0.140078,10,3.36667,0.0684645,3.53948
228,0.828978,0.209412,10,3.99333,0.071133,3.31768
229,0.714216,0.186376,9,3.48,0.0726794,3.25536
230,0.663042,0.179341,10,3.60667,0.0709084,2.96168
231,0.822043,0.18837,10,3.55333,0.0676394,2.63341
232,0.589639,0.138319,9,3.1,0.109035,3.03843
233,0.607227,0.127015,9,2.73333,0.0673454,2.79726
234,0.826386,0.138554,10,2.76,0.0677107,2.58629
235,0.802556,0.132236,10,2.78,0.0671751,2.54934
236,0.734489,0.140672,10,2.96667,0.0644119,2.55219
237,0.88708,0.147737,10,3.19333,0.0707946,2.70728
238,0.661737,0.13188,9,2.89333,0.071017,3.04226
239,0.755747,0.144821,9,2.74667,0.0842129,3.16445
240,0.693451,0.223628,10,3.87333,0.0702904,2.64192
241,0.852044,0.251261,10,4.08,0.0829842,2.63488
242,0.625485,0.141604,10,2.78667,0.0674076,2.85607
243,0.73615,0.136575,10,2.71333,0.0673356,2.84862
244,0.73509,0.187802,10,3.38,0.0670052,2.71275
245,0.671788,0.176542,10,3.28667,0.0646869,3.00212
246,0.584262,0.169233,9,3.19333,0.0673829,3.21192
247,0.773743,0.178343,10,3.18,0.072998,2.86617
248,0.758161,0.148296,10,3.26667,0.0679243,2.76314
249,0.688622,0.134682,10,2.76,0.0724655,2.88852
250,0.68337,0.1338,9,2.66,0.066204,3.07343
251,0.687618,0.174907,10,3.32,0.0697611,2.56074
252,0.604415,0.156844,9,3.19333,0.0692399,3.02016
253,0.579454,0.16239,10,3.37333,0.0669214,2.97752
254,0.601816,0.126332,10,2.53333,0.0650437,2.83843
255,0.710961,0.136979,10,2.88,0.0651274,2.83092
256,0.615841,0.169383,10,3.61333,0.0681822,2.94105
257,0.638811,0.121817,10,2.8,0.0674128,3.05099
258,0.757335,0.231524,10,3.96,0.0681622,2.70152
259,0.702884,0.173279,10,3.1,0.0712783,2.97053
260,0.628489,0.139285,9,2.78,0.0664791,2.6917
261,0.828048,0.169754,10,3.47333,0.0710916,2.81862
262,0.636242,0.153998,10,2.94667,0.0709288,3.16032
263,0.674717,0.155226,10,3.29333,0.0683822,2.7021
264,0.851878,0.200824,10,4.07333,0.0675117,2.69305
265,0.593231,0.159223,9,3.28667,0.0671709,3.09769
266,0.794541,0.166548,10,3.35333,0.0665779,2.77511
267,0.686872,0.172866,10,3.22,0.0684287,2.62593
268,0.817083,0.201031,10,3.76667,0.071566,2.67148
269,0.791532,0.195877,10,3.57333,0.0714045,2.80432
270,0.813474,0.188986,10,3.5,0.0723082,2.55822
271,0.852652,0.241288,10,4.02667,0.0677773,2.57849
272,0.552434,0.156749,8,2.64,0.0665216,2.5035
273,0.697971,0.153687,10,2.98667,0.0683471,2.56119
274,0.600393,0.159881,9,3.14,0.0680601,2.73823
275,0.709264,0.19593,9,3.65333,0.0726897,2.84425
276,0.6705,0.13631,9,2.72,0.0672384,2.94037
277,0.8037,0.218186,10,3.97333,0.0710669,2.82355
278,0.544633,0.156028,9,3.18667,0.0693063,3.10519
279,0.631118,0.160335,10,3.26667,0.0700185,3.08203
280,0.748319,0.18066,10,3.26667,0.0644343,2.40288
281,0.662958,0.137013,10,3.20667,0.0700468,3.07574
282,0.728679,0.173621,10,3.64,0.0674318,2.47699
283,0.561987,0.1339,9,2.74667,0.067487,2.80962
284,0.726681,0.197853,10,3.86667,0.0697441,2.56302
285,0.637017,0.177164,9,3.3,0.0650796,2.65298
286,0.803422,0.204743,10,3.82667,0.0701161,2.68146
287,0.628049,0.156106,9,3.3,0.0664666,3.02621
288,0.644579,0.139579,9,2.89333,0.0653131,2.88907
289,0.754558,0.176432,10,3.62,0.0703287,2.68067
290,0.609633,0.175773,9,3.50667,0.0662583,2.8136
291,0.649547,0.174577,10,3.46667,0.0699754,2.95127
292,0.57889,0.167278,9,3.10667,0.0674295,2.94287
293,0.650478,0.186413,9,3.11333,0.0713078,3.20499
294,0.775615,0.186163,10,3.33333,0.0700474,2.47984
295,0.678651,0.148025,10,2.85333,0.0645973,2.49053
296,0.60392,0.116979,9,2.57333,0.0644475,2.64019
297,0.666367,0.126784,9,2.53333,0.0655825,2.90204
298,0.691941,0.145133,10,3.12667,0.0630217,2.82898
299,0.721808,0.149682,10,2.96,0.0719822,2.87874
300,0.590789,0.125861,10,2.94,0.0686926,3.05609
301,0.704576,0.112996,9,2.76,0.0688012,2.9329
302,0.708814,0.117082,9,2.69333,0.0694714,2.95853
303,0.465149,0.0860301,9,2.08667,0.0686709,2.88801
304,0.711319,0.13487,9,2.88667,0.0689073,2.80125
305,0.678541,0.113483,10,2.87333,0.0699904,2.8077
306,0.588408,0.0983237,8,2.07333,0.0649717,2.94855
307,0.66255,0.127787,9,2.63333,0.0725371,2.80776
308,0.671781,0.116801,10,2.73333,0.0731449,3.00593
309,0.486489,0.0904113,9,2.34,0.0661592,2.94239
310,0.5164,0.0764415,9,2,0.0652581,3.14457
311,0.638633,0.142293,10,3.15333,0.0685315,2.75187
312,0.625335,0.12368,9,2.97333,0.0663004,2.65161
313,0.578298,0.165729,8,3.3,0.0627685,2.95735
314,0.710772,0.155069,10,2.90667,0.0662176,2.66285
315,0.685641,0.177669,10,3.70667,0.0715745,3.16917
316,0.634818,0.138318,10,3.10667,0.0745144,2.9603
317,0.629153,0.145602,8,3.05333,0.0689332,2.92616
318,0.768311,0.159251,10,3.74667,0.0707567,2.71891
319,0.655364,0.137163,10,3.10667,0.069678,2.93594
320,0.702687,0.178848,10,3.33333,0.0679251,2.61079
321,0.866965,0.213077,10,3.76,0.0684369,2.61622
322,0.642395,0.128108,10,2.81333,0.06885,2.82919
323,0.53203,0.105754,9,2.28,0.074055,2.79958
324,0.602572,0.149653,10,3.05333,0.0645576,2.53428
325,0.525625,0.0997455,9,2.62667,0.0688614,2.71124
326,0.666298,0.118661,10,2.51333,0.0692134,2.57436
327,0.641883,0.114944,10,2.54667,0.0698314,2.81185
328,0.592668,0.120787,8,2.44,0.0666539,2.8412
329,0.616145,0.127911,9,2.50667,0.0652258,2.75247
330,0.627704,0.141897,9,2.76,0.067721,3.24322
331,0.723312,0.165037,9,3.08667,0.0711016,3.01262
332,0.70747,0.156438,10,3.04,0.0677436,3.19859
333,0.70305,0.163614,9,3.06,0.0672562,2.98212
334,0.692679,0.140709,9,2.66,0.0688218,3.18472
335,0.64022,0.163354,9,2.95333,0.0693556,2.85037
336,0.807184,0.1341,10,2.62667,0.0707915,3.1367
337,0.724657,0.132033,9,2.48667,0.068137,3.03408
338,0.746419,0.186661,10,3.26667,0.070721,2.60172
339,0.53336,0.104766,10,2.1,0.0675925,2.75249
340,0.629972,0.165141,10,2.86667,0.0713143,2.64538
341,0.531284,0.141349,7,2.32667,0.0645994,2.48782
342,0.65259,0.123007,9,2.48,0.0666816,2.65705
343,0.69967,0.186701,10,3.40667,0.0702685,2.76012
344,0.690989,0.142826,9,2.74667,0.0675947,2.58208
345,0.612443,0.109425,10,2.32667,0.0697912,2.52683
346,0.75585,0.138287,10,3.09333,0.0683355,2.48663
347,0.574505,0.13068,10,2.98667,0.0690839,2.78548
348,0.633905,0.0894539,10,1.93333,0.0682711,2.82841
349,0.658979,0.126667,9,2.71333,0.0681723,2.72827
350,0.557185,0.129531,10,2.67333,0.0692833,2.71236
351,0.534273,0.1056,10,2.41333,0.0631883,2.81595
352,0.752339,0.156051,10,3.06667,0.0668333,2.50791
353,0.528666,0.108901,9,2.51333,0.066191,3.00634
354,0.635349,0.135535,8,2.94,0.0677606,3.05737
355,0.687778,0.133112,10,2.93333,0.066128,2.80259
356,0.727361,0.16166,10,3.22667,0.0682947,2.72541
357,0.7088,0.180442,10,3.22,0.0689772,2.89216
358,0.64654,0.138645,10,3.02667,0.0636247,2.78102
359,0.817633,0.208137,10,3.98667,0.0721477,2.82043
360,0.748938,0.148639,10,3.32667,0.0748113,2.66241
361,0.687834,0.147991,10,3.27333,0.0677755,2.86316
362,0.816234,0.168054,10,3.30667,0.0680682,2.81515
363,0.710708,0.151817,10,3.01333,0.0707709,2.5178
364,0.622724,0.129524,10,3.05333,0.0702874,2.68894
365,0.706301,0.142291,10,3.02667,0.067261,2.54651
366,0.615389,0.1472,9,2.84667,0.0679676,2.43002
367,0.680265,0.177236,10,3.42,0.0701968,2.73781
368,0.756887,0.186973,10,3.82667,0.0670447,2.60368
369,0.729034,0.176357,10,3.19333,0.0715759,2.42501
370,0.835871,0.189609,10,3.67333,0.0723703,2.68302
371,0.469204,0.111612,8,2.67333,0.0661711,2.86324
372,0.633281,0.139858,10,3.21333,0.0661095,2.82047
373,0.539985,0.122603,9,2.6,0.0636469,2.87534
374,0.655692,0.152939,10,3.24,0.0669712,2.72073
375,0.630756,0.154904,10,2.89333,0.103592,2.94624
376,0.751611,0.17197,10,3.48667,0.0664029,2.62562
377,0.570798,0.132682,10,2.78667,0.0692043,2.84886
378,0.779705,0.158639,10,3.12,0.068486,2.51361
379,0.494069,0.122215,9,2.4,0.0670074,2.75893
380,0.591236,0.14003,9,2.74,0.0665029,2.86842
381,0.788612,0.184635,9,3.3,0.068291,2.54608
382,0.717449,0.199558,9,3.3,0.065644,2.71068
383,0.648489,0.191485,10,3.79333,0.0664444,2.85957
384,0.489991,0.128693,9,2.66,0.0670472,3.0041
385,0.590779,0.16072,10,3.32,0.0638894,2.77452
386,0.69666,0.141535,10,2.90667,0.0682445,2.63201
387,0.564494,0.121571,10,2.7,0.0688224,3.2996
388,0.720993,0.138139,10,3.1,0.066671,2.88832
389,0.611534,0.120477,9,2.72667,0.0722215,3.18734
390,0.771895,0.161231,10,3.46,0.075657,2.70247
391,0.711997,0.183815,10,3.61333,0.0688694,2.69921
392,0.700333,0.188857,10,3.47333,0.0784489,3.00324
393,0.704002,0.148243,10,2.92,0.067637,2.77528
394,0.716803,0.15525,10,2.96,0.0703556,2.91837
395,0.628816,0.153509,10,2.84667,0.0711332,3.14169
396,0.705038,0.128162,10,2.82667,0.0690622,2.8104
397,0.727377,0.122986,10,2.70667,0.0739702,3.17167
398,0.768686,0.154225,10,3.1,0.0714347,2.77479
399,0.795957,0.180885,10,3.54667,0.0719097,2.44989
400,0.752666,0.107612,9,2.30667,0.0700856,2.86243
401,0.516836,0.111794,8,2.48,0.0684015,2.95661
402,0.592635,0.110121,9,2.63333,0.068594,2.6163
403,0.668659,0.136546,10,3.28667,0.0711207,2.85099
404,0.733711,0.109723,10,2.3,0.0677203,2.45941
405,0.662659,0.142298,10,2.79333,0.0672898,2.55022
406,0.683561,0.137451,10,2.84667,0.0692152,2.72606
407,0.622442,0.108224,10,2.72667,0.0666103,2.87493
408,0.598945,0.102878,9,2.06,0.0686009,2.80283
409,0.735377,0.146459,10,2.84667,0.110719,2.82416
410,0.633776,0.125035,10,2.78667,0.0661828,2.74469
411,0.563589,0.117084,9,2.62667,0.0691454,2.9795
412,0.613227,0.0907154,10,1.98667,0.0668769,2.72447
413,0.65641,0.0984959,9,2.24,0.0690616,3.28389
414,0.707592,0.137283,10,2.71333,0.0687864,3.16276
415,0.677406,0.10329,10,2.16667,0.0707735,2.8877
416,0.590159,0.100513,9,2.3,0.0674285,3.13367
417,0.686597,0.121004,10,2.60667,0.0685508,2.95554
418,0.596008,0.115352,10,2.28667,0.0674464,2.85765
419,0.593501,0.103752,10,2.44,0.0691266,2.95946
420,0.684636,0.148733,9,3.06,0.0679723,2.80847
421,0.665379,0.121317,10,2.92667,0.0673711,3.60307
422,0.688273,0.124575,10,3.01333,0.0697539,3.48098
423,0.687717,0.0985023,10,2.63333,0.0797629,3.54136
424,0.652295,0.123858,10,3.04,0.0749661,3.53057
425,0.581065,0.0993638,9,2.94,0.0699678,3.60989
426,0.506475,0.0889299,10,2.34667,0.0672401,3.32775
427,0.571161,0.0834388,9,2.24667,0.0697639,2.98228
428,0.538982,0.0932326,9,2.48667,0.0650864,2.93444
429,0.618734,0.122472,10,2.94,0.0668402,3.17201
430,0.604543,0.111284,10,2.70667,0.0687872,3.30091
431,0.5795,0.123668,10,2.63333,0.06752,3.01853
432,0.598192,0.125955,10,3.08667,0.0703756,2.93475
433,0.537638,0.108124,10,2.41333,0.0676006,3.29013
434,0.594642,0.0925595,10,2.45333,0.0658396,3.15658
435,0.638645,0.0670329,10,1.89333,0.0645524,3.27028
436,0.633294,0.127284,10,2.73333,0.065667,2.96697
437,0.661508,0.129651,10,3.08667,0.0690117,3.34338
438,0.730412,0.0959834,10,2.44667,0.0640211,3.08071
439,0.632562,0.15763,9,3.58667,0.0681243,2.92712
440,0.614773,0.110102,10,2.64667,0.0686994,3.10651
441,0.620678,0.113191,9,2.69333,0.0654761,2.88409
442,0.628813,0.109802,9,2.74,0.0665576,3.25565
443,0.594259,0.104142,9,2.76,0.0671883,3.61773
444,0.614624,0.105846,10,2.45333,0.0651043,3.39221
445,0.65774,0.134462,9,3.30667,0.068165,3.13768
446,0.777564,0.143646,10,3.02667,0.0707827,3.43444
447,0.56903,0.111879,10,2.58,0.0680986,3.19398
448,0.657587,0.156192,9,3.44,0.0697293,2.85551
449,0.603182,0.118756,9,3.02,0.0687682,3.51548
450,0.715216,0.140157,10,2.84,0.069543,3.00845
451,0.633295,0.158495,10,3.18,0.067601,2.90193
452,0.592238,0.132576,9,3.14667,0.0690646,3.13603
453,0.731194,0.14887,10,3.08,0.0683326,2.96289
454,0.630034,0.144431,9,2.88,0.067391,2.87483
455,0.577681,0.0987553,9,2.14,0.0665168,3.18025
456,0.847095,0.148467,10,3.2,0.0744609,2.76795
457,0.602086,0.106929,9,2.34,0.0670265,2.84423
458,0.607069,0.0948556,9,2.07333,0.0662283,2.798
459,0.609543,0.0904926,10,2.38,0.0681317,2.77631
460,0.584061,0.130851,10,3.42667,0.0683446,2.70654
461,0.661696,0.166019,10,3.47333,0.0678249,2.91966
462,0.472861,0.0842268,7,2.22667,0.0671488,3.28671
463,0.499167,0.105333,8,2.39333,0.0638936,2.99592
464,0.588836,0.0935649,10,2.22667,0.0692646,3.3241
465,0.682505,0.112111,10,2.52,0.0645808,2.8655
466,0.517521,0.127277,9,2.90667,0.0773167,3.04564
467,0.712311,0.156148,9,2.87333,0.0694506,2.83955
468,0.713175,0.126559,10,2.68667,0.0697798,2.95625
469,0.681699,0.0857971,10,2.51333,0.0682087,3.05457
470,0.478142,0.125253,9,2.75333,0.0661841,2.89221
471,0.80316,0.140484,10,3.31333,0.0685781,2.57493
472,0.452414,0.0937676,9,2.1,0.0667116,2.57719
473,0.610775,0.117968,9,2.70667,0.070655,2.68653
474,0.51951,0.117789,8,2.77333,0.0689279,2.67
475,0.646704,0.121629,9,2.67333,0.068568,2.71937
476,0.702686,0.108895,10,2.66,0.0719404,2.72493
477,0.464003,0.0752107,7,1.64667,0.0659065,2.62034
478,0.504839,0.101843,8,2.16,0.0651313,2.35945
479,0.631985,0.150499,8,2.88,0.0681188,2.38299
480,0.479148,0.0962876,9,2.20667,0.066905,2.86207
481,0.456478,0.0823159,8,2.29333,0.0668435,2.86077
482,0.441885,0.0808852,8,2.18,0.0667998,2.56258
483,0.702734,0.127917,10,2.93333,0.0706992,2.5581
484,0.521236,0.0943116,10,2.24667,0.0698773,2.47505
485,0.457811,0.0882656,8,1.98,0.0678741,2.76467
486,0.430016,0.0846261,7,2.18667,0.0640014,2.48392
487,0.640957,0.0872978,9,2.09333,0.067771,2.40432
488,0.773525,0.184248,10,3.77333,0.0700896,2.351
489,0.677587,0.155185,10,2.97333,0.0727769,2.0735
490,0.580245,0.102723,10,2.29333,0.0725109,2.17503
491,0.390984,0.0524978,9,1.67333,0.0645613,2.37066
492,0.446199,0.0552987,10,1.75333,0.0639734,2.61395
493,0.78055,0.14466,10,3.17333,0.0735011,2.55363
494,0.576455,0.109126,9,2.33333,0.068693,2.37482
495,0.613312,0.130032,9,2.96,0.0690008,2.43558
496,0.408194,0.0753966,8,2.13333,0.0634869,2.7844
497,0.683594,0.103369,10,2.76667,0.0679014,2.47334
498,0.709794,0.0956299,9,2.54,0.0765778,2.79184
499,0.568969,0.0911269,9,2.12,0.0648657,2.55866
500,0.807062,0.164053,10,3.71333,0.0717509,2.43693
501,0.566858,0.119281,10,2.71333,0.0700849,2.85812
502,0.609805,0.120286,10,3.10667,0.0678998,2.45065
503,0.635482,0.118253,9,2.58,0.0718797,2.42142
504,0.631007,0.0531223,9,1.84667,0.0689671,2.96829
505,0.553799,0.0678205,9,2,0.069897,2.16935
506,0.691569,0.0867377,9,2.44,0.0643571,2.25306
507,0.684132,0.106258,9,2.48,0.0659892,2.19613
508,0.596814,0.132509,9,2.85333,0.0684272,2.53644
509,0.607815,0.105131,10,2.66,0.0690222,2.71102
510,0.673934,0.160807,10,3.62,0.0699226,2.51603
511,0.55534,0.118223,9,2.85333,0.0697749,2.82643
512,0.681429,0.133592,10,3.30667,0.0700116,2.42739
513,0.423137,0.0920961,10,2.58,0.064609,2.62797
514,0.608055,0.114375,10,3.16667,0.0699349,2.88226
515,0.469006,0.114011,9,2.8,0.0720395,2.90979
516,0.518259,0.108444,10,2.92,0.0668473,2.4781
517,0.710813,0.173696,10,4.44667,0.0714108,2.48668
518,0.731667,0.155504,10,3.32667,0.0687285,2.22053
519,0.592048,0.106506,9,2.8,0.0685381,2.61461
520,0.660325,0.142384,10,3.36,0.070762,2.59911
521,0.576698,0.0973741,9,2.85333,0.0748523,2.60227
522,0.591195,0.0914101,10,2.50667,0.07195,2.61962
523,0.575703,0.115117,9,2.7,0.0650597,2.50926
524,0.467865,0.0994524,9,2.82,0.0682747,2.49983
525,0.563542,0.121233,10,3.76667,0.0733751,2.54899
526,0.469765,0.112831,9,3,0.0670174,2.66723
527,0.634347,0.137069,9,3.28,0.0681371,2.43918
528,0.447355,0.080048,9,2.2,0.0684694,2.80325
529,0.485126,0.109503,10,2.96,0.0653066,2.15225
530,0.71683,0.169559,10,3.85333,0.0746251,2.24514
531,0.612632,0.139292,9,3.01333,0.0663955,2.42497
532,0.477126,0.0962748,9,2.65333,0.0683101,2.48545
533,0.581445,0.129942,10,3.62667,0.0689781,2.33826
534,0.493621,0.0869889,9,2.74,0.0681338,2.41514
535,0.621846,0.0917304,10,2.87333,0.0677388,2.34354
536,0.697336,0.115929,10,2.90667,0.0681481,2.38951
537,0.621109,0.0997201,10,2.88667,0.0691771,2.27605
538,0.626677,0.160947,9,3.2,0.068188,2.36843
539,0.523518,0.15296,10,3.6,0.0670632,2.40897
540,0.488821,0.0949641,10,3.36,0.0683626,2.64305
541,0.577579,0.110846,10,2.96,0.0691508,2.64088
542,0.636067,0.110651,10,3.18667,0.0683035,2.48264
543,0.653146,0.0769397,10,2.36667,0.06466,2.78498
544,0.440603,0.0571361,8,2.11333,0.0626671,2.67705
545,0.51178,0.084311,10,2.63333,0.0695148,2.9778
546,0.562878,0.106072,9,2.66,0.0679682,2.78466
547,0.524772,0.140634,8,3.31333,0.0673832,2.70678
548,0.568842,0.114249,10,2.98,0.0697758,2.48153
549,0.484172,0.108924,8,2.75333,0.0687896,2.68271
550,0.573218,0.127329,10,3.32667,0.0678024,2.53955
551,0.542425,0.119305,9,2.89333,0.068646,2.47774
552,0.448066,0.0910984,9,2.62,0.0669443,2.59788
553,0.556806,0.135649,10,3.69333,0.070734,2.68336
554,0.361877,0.0631577,7,1.9,0.0647031,2.78417
555,0.545481,0.0981542,10,2.88667,0.0672848,2.4607
556,0.622409,0.104463,9,2.92,0.0673975,2.6141
557,0.774559,0.110285,10,2.9,0.0686237,2.68613
558,0.538668,0.0960304,9,2.45333,0.0677909,2.78881
559,0.56788,0.109231,10,2.65333,0.0666279,2.91978
560,0.569184,0.131882,10,3.46,0.0730944,2.62961
561,0.663156,0.0899554,10,2.86667,0.0654041,2.67208
562,0.618155,0.114161,10,3.36667,0.0687644,2.74199
563,0.575499,0.0818885,9,2.48,0.0666829,3.07842
564,0.454827,0.0833831,8,2.5,0.0718242,2.86609
565,0.591451,0.100875,10,2.76,0.0696508,2.6883
566,0.5151,0.0629434,9,2.24667,0.0702055,2.80062
567,0.586222,0.0871916,10,3,0.0695056,3.01112
568,0.536086,0.103594,9,2.66,0.06758,2.68759
569,0.560843,0.125653,10,2.99333,0.0708911,2.85023
570,0.575785,0.153941,10,3.82,0.0707079,2.8263
571,0.638752,0.103599,10,2.80667,0.0674226,2.98863
572,0.512192,0.118414,10,2.95333,0.0651929,2.61927
573,0.478312,0.105764,10,3,0.071478,2.96795
574,0.737761,0.127139,10,3.28667,0.0692282,2.60231
575,0.455432,0.0845271,10,2.52,0.0658583,2.77571
576,0.637485,0.172063,10,4.08,0.0875495,2.65275
577,0.471855,0.102935,9,2.82,0.0690021,2.87623
578,0.569687,0.103369,10,2.61333,0.066754,2.84286
579,0.436618,0.0982122,10,2.72667,0.0684138,2.71706
580,0.621441,0.109995,9,2.60667,0.0702709,3.16022
581,0.705583,0.149278,10,3.54,0.0714642,2.80514
582,0.748344,0.132763,10,3.5,0.071067,2.60263
583,0.670713,0.105705,10,2.68667,0.0636762,2.39267
584,0.601002,0.102588,10,2.62,0.0676179,2.44299
585,0.579464,0.105168,10,3.06667,0.0719864,2.72583
586,0.748948,0.152892,10,3.24667,0.0705394,2.39638
587,0.639,0.127013,9,3.12667,0.0670993,2.54389
588,0.60645,0.117884,10,2.88667,0.0699598,2.52085
589,0.6304,0.147999,10,3.51333,0.0707161,2.35663
590,0.763547,0.124781,10,2.84667,0.0693524,2.57624
591,0.64443,0.101906,10,2.78,0.0657187,2.4946
592,0.682434,0.141357,10,3.39333,0.068527,2.42645
593,0.526632,0.0928543,8,2.60667,0.0621695,2.69751
594,0.552815,0.108057,9,3.16667,0.0674526,2.63294
595,0.444862,0.0805958,9,2.63333,0.0652268,2.92332
596,0.591893,0.086704,10,3.00667,0.0679355,2.72377
597,0.509161,0.077191,10,2.36667,0.0666238,2.86819
598,0.638026,0.112838,9,2.78667,0.0655082,2.45122
599,0.662765,0.13466,10,3.22667,0.0707588,2.6628
600,0.624719,0.106909,9,3.20667,0.0676289,2.57328
601,0.600459,0.0941957,10,2.82667,0.0680926,2.59121
602,0.492575,0.103996,10,2.81333,0.069478,2.59927
603,0.685192,0.118011,10,3.5,0.0674033,2.54298
604,0.524118,0.0950621,8,2.55333,0.0659088,2.72212
605,0.621032,0.127899,9,3.4,0.0683384,2.64533
606,0.638588,0.109839,10,3.21333,0.0792623,2.65351
607,0.759244,0.128064,10,3.64667,0.0667858,2.60179
608,0.537326,0.0872946,10,2.6,0.0678399,3.02048
609,0.614756,0.13721,10,3.26667,0.0668554,2.72804
610,0.640254,0.112358,10,3.54667,0.0698143,2.66801
611,0.605471,0.109117,9,2.9,0.0746379,2.93725
612,0.690755,0.115141,10,3.03333,0.0685262,2.69242
613,0.653135,0.128585,10,3.55333,0.0707786,2.60382
614,0.640962,0.149155,9,3.14,0.0657489,2.70193
615,0.569617,0.121059,10,3.08,0.0667184,2.82156
616,0.570193,0.111203,9,2.70667,0.0671475,2.90089
617,0.473281,0.086676,9,2.34,0.0650346,2.95012
618,0.525641,0.0733486,10,1.84,0.0632892,2.59363
619,0.672132,0.109894,10,2.72,0.0688019,2.49242
620,0.48255,0.109503,9,2.83333,0.065076,2.61692
621,0.589745,0.129095,10,3.36667,0.0658304,2.63077
622,0.608298,0.130905,10,3.04,0.0690396,2.66534
623,0.672594,0.138145,10,3.18667,0.0684911,2.73918
624,0.670143,0.119113,9,3.12,0.0688253,2.8172
625,0.465477,0.0867179,10,2.58667,0.0681368,3.0093
626,0.629129,0.117306,10,3.38667,0.0693176,2.75491
627,0.604343,0.0919533,10,2.58667,0.0674149,2.69716
628,0.671513,0.121825,9,2.74,0.0703925,3.00781
629,0.544217,0.103371,10,2.84,0.0689114,2.65916
630,0.574176,0.102287,10,3.05333,0.0684859,2.70278
631,0.482323,0.0958556,9,2.77333,0.069989,2.97017
632,0.637111,0.116065,10,3.26,0.0675349,2.68231
633,0.677496,0.112987,10,2.71333,0.0679917,2.89825
634,0.602401,0.0882818,9,2.36,0.0673815,2.93312
635,0.609203,0.0951333,10,2.46667,0.0632658,2.62553
636,0.593282,0.093781,10,2.54667,0.0665896,2.45777
637,0.588965,0.12644,10,3.06667,0.0684151,2.42165
638,0.566966,0.123457,10,2.9,0.0711526,2.50977
639,0.627197,0.097535,10,3.02,0.071916,2.75993
640,0.661977,0.113821,10,2.76,0.0703817,2.68338
641,0.464608,0.10901,9,3.24667,0.0714091,2.92392
642,0.529879,0.0757818,9,2.76,0.0681369,2.84809
643,0.65595,0.124458,10,3.19333,0.0704609,2.66677
644,0.633311,0.0962847,10,2.70667,0.0692335,2.58253
645,0.582163,0.102861,10,3.07333,0.0691568,2.78006
646,0.496532,0.0881929,10,2.69333,0.0677872,2.65292
647,0.600697,0.0762069,9,1.98667,0.0653989,2.49371
648,0.620663,0.142549,10,3.5,0.0709015,2.41957
649,0.596187,0.103453,10,2.92667,0.0758311,2.55018
650,0.635375,0.0811481,10,2.62667,0.067456,2.56718
651,0.552851,0.0757611,10,2.47333,0.0674879,2.36607
652,0.666975,0.0861205,10,2.77333,0.0705567,2.76772
653,0.747206,0.0950746,10,2.68,0.0692896,2.17508
654,0.614855,0.105679,10,2.64,0.069885,2.32702
655,0.499935,0.0694073,10,2.05333,0.0670433,2.37046
656,0.711051,0.121131,10,2.55333,0.0695421,2.3223
657,0.585949,0.0708864,9,1.65333,0.066078,2.52126
658,0.76146,0.100591,10,2.7,0.0692809,2.52881
659,0.478289,0.0798223,8,1.94667,0.0628141,2.52954
660,0.779302,0.109108,9,2.29333,0.072403,2.90679
661,0.52031,0.0654,9,1.74,0.0684436,3.07214
662,0.601485,0.0797692,9,2.08667,0.0691763,3.18491
663,0.643996,0.103398,9,2.22667,0.0687958,3.10914
664,0.558853,0.071885,8,1.61333,0.0679902,2.53202
665,0.549093,0.0653798,9,1.82667,0.0672559,2.5097
666,0.660041,0.0789741,10,1.80667,0.0670713,2.55542
667,0.627935,0.0673321,9,1.57333,0.0669168,2.30502
668,0.727244,0.0805901,9,1.58,0.0674862,2.33812
669,0.53968,0.100278,9,2.27333,0.0698703,2.22162
670,0.523367,0.0951045,10,1.93333,0.0682536,2.21359
671,0.577041,0.0848605,10,1.83333,0.0643703,2.39273
672,0.602854,0.106944,10,2.48667,0.0663849,2.45286
673,0.546941,0.137777,10,2.69333,0.0671552,2.54329
674,0.606328,0.0949288,10,2.16667,0.0665592,2.58367
675,0.618526,0.145875,9,2.79333,0.0653505,2.64864
676,0.613089,0.156346,10,3.17333,0.0666518,2.84729
677,0.698098,0.137891,9,2.84,0.0670389,2.68847
678,0.69763,0.148329,10,3.31333,0.0690644,2.61259
679,0.588357,0.131827,9,2.65333,0.064919,2.74326
680,0.688647,0.166776,9,3.57333,0.0663905,2.54968
681,0.597834,0.16154,10,3.03333,0.0641964,2.61668
682,0.517157,0.113164,10,2.40667,0.0680212,2.68221
683,0.667901,0.165757,10,3.25333,0.0648121,2.55107
684,0.637899,0.144408,9,2.74,0.0667201,2.5031
685,0.613466,0.122222,10,2.63333,0.0680408,2.7027
686,0.571216,0.135576,10,2.98,0.0647291,2.84893
687,0.601659,0.163245,9,3.40667,0.0687164,2.62126
688,0.60173,0.150966,9,3.38,0.0669214,2.72979
689,0.482186,0.0871295,8,2.08,0.0642814,2.87439
690,0.524511,0.123893,9,2.52,0.0652071,2.83923
691,0.502507,0.127753,9,2.96667,0.0681514,2.70757
692,0.520887,0.12349,10,2.97333,0.0694859,3.03839
693,0.605664,0.154738,10,3.42,0.0665601,2.75049
694,0.719392,0.180997,10,3.76667,0.0675667,2.6533
695,0.672715,0.168131,9,3.44,0.0686559,2.36022
696,0.809881,0.181844,10,3.68667,0.0673966,2.49496
697,0.571988,0.130385,9,2.68,0.0661972,3.02518
698,0.677995,0.151821,10,2.92,0.0696339,2.64179
699,0.559977,0.147753,8,3.02667,0.0681631,2.7039
700,0.676442,0.157111,10,3.18,0.0693703,2.78672
701,0.663636,0.146311,9,3.06667,0.0678259,2.86613
702,0.645769,0.123379,9,2.78,0.0683931,2.71851
703,0.634305,0.116317,10,2.88,0.0679943,2.8007
704,0.681669,0.161793,9,3.31333,0.0697821,2.80289
705,0.594181,0.127259,10,2.88,0.0716602,2.7617
706,0.637027,0.130747,10,2.86667,0.0673543,2.94905
707,0.665556,0.106631,10,2.54,0.065412,2.98005
708,0.6462,0.12286,9,3.15333,0.0693202,2.65173
709,0.642841,0.189652,10,3.71333,0.0659756,2.62597
710,0.583063,0.117473,10,2.79333,0.063937,2.79856
711,0.689826,0.144294,10,3.46667,0.0679505,2.84848
712,0.621386,0.143867,10,3.21333,0.0691827,2.22693
713,0.681252,0.144972,10,3.00667,0.0670984,2.4982
714,0.715772,0.131586,10,2.85333,0.0672545,2.55252
715,0.768608,0.149085,10,3.11333,0.0705084,2.52415
716,0.712856,0.144624,9,3.29333,0.0690786,2.41485
717,0.581942,0.114188,10,2.74,0.0665715,2.59314
718,0.639474,0.148335,10,3.35333,0.069659,2.41194
719,0.740791,0.18217,10,3.6,0.0669598,2.53045
720,0.616492,0.159804,10,3.04,0.0679154,2.69731
721,0.591142,0.119772,10,2.37333,0.0653601,2.56038
722,0.717557,0.173321,10,3.14,0.0682287,2.25446
723,0.748597,0.141069,10,2.82667,0.0664965,2.31701
724,0.599838,0.138333,10,2.92,0.0662034,2.76896
725,0.646209,0.150737,9,3.23333,0.0680625,2.70028
726,0.763946,0.15955,10,3.08667,0.0665963,2.51945
727,0.698217,0.147711,10,3,0.0698154,2.66994
728,0.750554,0.111034,9,2.21333,0.0647068,2.21077
729,0.782545,0.157604,10,2.52,0.0664669,2.42181
730,0.606515,0.124771,10,2.62,0.065009,2.42379
731,0.804986,0.175878,10,3.49333,0.0692931,2.24287
732,0.544088,0.105967,9,2.24667,0.0682575,2.53362
733,0.614745,0.139828,10,2.99333,0.0687889,2.97507
734,0.777203,0.201277,10,3.67333,0.0689221,2.41523
735,0.757981,0.186663,10,3.48667,0.0668318,2.60025
736,0.809215,0.19037,10,3.47333,0.0668136,2.70105
737,0.670932,0.146311,10,2.68667,0.0700197,2.56242
738,0.680808,0.120848,9,2.64,0.0664434,2.4889
739,0.77654,0.174238,10,3.36,0.0680705,2.43914
740,0.573213,0.128323,9,2.66667,0.06662,2.73151
741,0.70074,0.183559,10,3.67333,0.0701659,2.54281
742,0.621943,0.155563,9,2.92667,0.0689252,2.76001
743,0.722312,0.15602,10,3.57333,0.0694251,2.958
744,0.63486,0.129666,9,3,0.0676939,2.68291
745,0.785735,0.140471,10,2.85333,0.0687436,2.49362
746,0.609852,0.116886,10,2.6,0.0706872,2.92832
747,0.822603,0.142704,10,3.66,0.0705281,2.50234
748,0.708252,0.185697,10,3.73333,0.0692596,2.60169
749,0.668589,0.134466,10,3.11333,0.0690547,2.56667
750,0.800361,0.143573,10,2.88667,0.06553,2.72643
751,0.663582,0.146793,10,3.28667,0.0681832,2.85564
752,0.764263,0.162635,10,3.74667,0.0675625,2.49972
753,0.729683,0.175434,10,3.59333,0.0657331,2.70606
754,0.728516,0.174381,10,3.72,0.0644518,2.51618
755,0.622103,0.143085,10,3.00667,0.0645144,2.76884
756,0.661987,0.132738,10,2.91333,0.0674964,2.3274
757,0.711031,0.162404,10,3.48,0.0705018,2.43643
758,0.674898,0.199213,10,3.91333,0.0652503,2.57608
759,0.715473,0.183244,10,3.82667,0.0672091,2.61536
760,0.661637,0.18709,10,4,0.0706575,2.62516
761,0.835688,0.176205,10,3.59333,0.0693706,2.508
762,0.740903,0.16436,10,3.38,0.0685626,2.49945
763,0.690092,0.159907,10,3.44,0.0695571,2.79803
764,0.709673,0.161488,9,3.12667,0.0673115,2.43598
765,0.61637,0.137483,10,3.34667,0.0675266,2.60688
766,0.715933,0.157901,10,3.64667,0.0675097,2.11336
767,0.64447,0.135862,10,3.09333,0.0659937,2.6676
768,0.670659,0.171802,10,3.65333,0.0662596,2.53468
769,0.675779,0.173883,10,3.49333,0.0681427,2.7143
770,0.743885,0.174197,10,3.55333,0.071298,2.47826
771,0.725931,0.13854,10,3.39333,0.0705357,2.36277
772,0.77151,0.167563,10,3.82,0.0704663,2.42775
773,0.666181,0.114247,10,3.01333,0.0676636,2.85831
774,0.654621,0.157631,10,3.61333,0.0687306,2.80028
775,0.714023,0.154396,10,3.92,0.0703958,2.58361
776,0.635989,0.142819,10,3.39333,0.0679964,2.55293
777,0.718889,0.162021,10,3.36,0.0703159,2.61766
778,0.704436,0.106441,10,2.88,0.0666313,2.69583
779,0.68474,0.122567,10,3,0.0674412,2.53073
780,0.67355,0.121205,10,3.22667,0.0685078,2.61127
781,0.590642,0.131374,10,3.2,0.0629266,2.32031
782,0.721511,0.113635,10,2.82,0.065551,2.56661
783,0.663764,0.122725,10,3.39333,0.0677483,2.48093
784,0.650148,0.134354,10,3.36,0.0687276,2.83394
785,0.81461,0.16524,10,3.78,0.066848,2.67737
786,0.722672,0.140243,10,3.48667,0.0705282,2.62212
787,0.684519,0.116055,10,3.17333,0.0665522,2.62313
788,0.716776,0.15435,10,3.25333,0.0641655,2.58529
789,0.683276,0.111347,10,2.77333,0.0689234,2.39297
790,0.800541,0.160841,10,3.5,0.064819,2.59286
791,0.757875,0.129927,10,3.06,0.0682584,2.70909
792,0.675301,0.153141,10,2.90667,0.0668574,2.48577
793,0.742284,0.170039,10,3.94,0.0689808,2.45427
794,0.664827,0.173804,10,3.29333,0.0648191,2.64338
795,0.588279,0.127587,10,2.79333,0.0687706,2.58734
796,0.842213,0.192544,10,3.16,0.0648916,2.21296
797,0.723796,0.17783,10,3.52667,0.0699553,2.44386
798,0.656468,0.169127,10,3.47333,0.0680096,2.51834
799,0.710013,0.144018,10,3.18667,0.0693937,2.68081
800,0.809078,0.171363,10,3.70667,0.0662086,2.34433
801,0.751625,0.161026,10,3.46,0.0792185,2.66961
802,0.700983,0.181778,10,3.71333,0.0652461,2.56241
803,0.601293,0.148478,9,3.44667,0.0662537,2.77789
804,0.841543,0.172898,10,3.67333,0.0674357,2.55072
805,0.867823,0.211282,10,3.71333,0.07096,2.43938
806,0.673679,0.162605,10,3.38,0.0688634,2.51292
807,0.762267,0.173214,9,3.15333,0.071255,2.59404
808,0.558445,0.143982,9,3.27333,0.0694041,2.85224
809,0.723686,0.161777,10,3.42667,0.0702732,2.74886
810,0.734972,0.185575,10,3.65333,0.070607,2.79121
811,0.705725,0.160472,10,3.57333,0.0683056,2.94566
812,0.683453,0.177162,9,3.69333,0.0686022,2.91182
813,0.635323,0.138819,10,3.40667,0.066913,2.63302
814,0.738767,0.156224,10,3.15333,0.0685194,2.55514
815,0.816434,0.196285,10,3.92667,0.070275,2.59544
816,0.709997,0.136457,10,3.18,0.0672673,2.60081
817,0.723735,0.153448,10,2.95333,0.0699461,2.56978
818,0.769767,0.156055,10,3.41333,0.0686674,2.55299
819,0.719131,0.194551,10,3.7,0.0655371,2.54872
820,0.835152,0.215234,10,4.09333,0.0683693,2.74199
821,0.740751,0.156568,10,3.52,0.066872,2.56531
822,0.649847,0.117341,9,2.70667,0.0656372,2.66665
823,0.718229,0.205633,10,3.82,0.0689057,2.672
824,0.819696,0.184866,10,3.85333,0.0659709,2.30073
825,0.770184,0.215137,10,3.74667,0.0653114,2.43232
826,0.752898,0.154821,10,3.24,0.0701205,2.49169
827,0.707979,0.154458,10,3.04,0.0688602,2.97331
828,0.861621,0.231313,10,4.37333,0.0678168,2.23852
829,0.715827,0.116053,10,3.05333,0.0664516,2.69611
830,0.515819,0.118792,9,2.63333,0.0633277,2.76168
831,0.731542,0.163673,10,3.45333,0.0680645,2.5649
832,0.711864,0.162133,9,3.16,0.0668053,2.40977
833,0.636474,0.155671,10,3.24,0.0669069,2.60189
834,0.796128,0.190984,10,4.30667,0.0672342,2.63206
835,0.720737,0.209061,10,4.08,0.0697549,2.89647
836,0.604775,0.146682,10,3.19333,0.0673446,2.8756
837,0.676642,0.186664,9,3.61333,0.0667939,2.49055
838,0.827758,0.179957,10,3.54667,0.0707375,2.28914
839,0.697898,0.169447,10,3.47333,0.0666368,2.47154
840,0.766215,0.15716,10,3.24,0.0667019,2.6608
841,0.806759,0.182142,10,3.48667,0.0702683,2.43903
842,0.70029,0.17211,9,3.45333,0.0678077,2.53465
843,0.716832,0.162666,10,3.56,0.0664335,2.20172
844,0.728404,0.132018,9,2.84667,0.0652924,2.7535
845,0.729089,0.158984,10,3.36,0.0655412,2.57377
846,0.768188,0.191566,10,3.45333,0.0685748,2.42277
847,0.794049,0.157502,10,3.62667,0.0698088,2.39411
848,0.828806,0.228808,10,4.39333,0.0657875,2.17923
849,0.723364,0.20411,10,4.08667,0.0669384,2.70026
850,0.735613,0.1702,10,3.66667,0.0716332,2.72781
851,0.721144,0.198878,10,4.24667,0.070676,2.54448
852,0.834519,0.193229,10,4.26667,0.069569,2.64123
853,0.610542,0.14889,9,3.13333,0.0648653,2.67384
854,0.831539,0.25523,10,4.66667,0.0673269,2.33252
855,0.541888,0.135717,9,3.10667,0.0690726,2.82128
856,0.66681,0.164673,9,3.34667,0.0703845,2.77406
857,0.651956,0.152233,10,3.41333,0.0696873,2.76997
858,0.678294,0.152852,10,3.30667,0.0665415,2.59788
859,0.497437,0.11428,9,2.54,0.06474,2.77786
860,0.61057,0.107254,10,2.86,0.0638439,2.52117
861,0.622544,0.12261,9,2.82,0.0666886,2.77986
862,0.763432,0.157466,10,3.42,0.0662336,2.46224
863,0.540987,0.116856,9,2.44667,0.0647286,2.83161
864,0.54911,0.124841,10,3.24,0.0677879,2.66706
865,0.703651,0.1468,10,3.30667,0.0675977,2.7029
866,0.698389,0.152057,10,3.21333,0.0660782,2.64802
867,0.571401,0.145425,9,3.24,0.0666364,2.94134
868,0.575598,0.14485,9,2.94,0.0658886,2.98011
869,0.716162,0.156734,10,4.04667,0.0671695,2.64484
870,0.656812,0.15573,10,3.28667,0.0678551,2.94592
871,0.867069,0.199119,10,3.91333,0.0654782,2.29505
872,0.534167,0.129393,9,3.08,0.0668351,3.08533
873,0.729207,0.177115,10,3.79333,0.0680119,2.71853
874,0.654815,0.16376,10,3.46,0.0680078,2.61851
875,0.668465,0.135565,9,3.01333,0.0659781,3.09269
876,0.647576,0.147166,10,3.60667,0.0665964,2.7965
877,0.709589,0.155713,10,3.68,0.0671766,2.56912
878,0.71122,0.154542,10,3.44,0.0685,2.65801
879,0.655092,0.129853,10,3.14,0.0692868,2.80681
880,0.58185,0.134753,10,3.24667,0.0683471,2.83245
881,0.670396,0.178676,10,3.89333,0.0628257,2.6185
882,0.551898,0.179639,10,4,0.069037,2.99536
883,0.480582,0.121602,9,2.95333,0.0671752,2.94422
884,0.661829,0.172166,10,3.79333,0.0693752,2.94089
885,0.634446,0.15261,10,3.21333,0.0656947,2.68334
886,0.728853,0.20608,10,4.25333,0.0714339,2.75544
887,0.456683,0.135819,8,3.08,0.0675751,2.80173
888,0.751457,0.157868,10,3.51333,0.065803,2.79927
889,0.649648,0.14334,10,3.37333,0.0661191,2.68335
890,0.773188,0.174571,10,3.8,0.068576,2.62806
891,0.7294,0.167945,10,3.48667,0.0712126,2.7161
892,0.689808,0.153772,10,3.32667,0.0691864,3.13062
893,0.719307,0.14572,10,3.18667,0.067446,2.71157
894,0.654003,0.145151,10,3.45333,0.0666178,2.47101
895,0.667067,0.158502,10,3.22667,0.0661266,2.82549
896,0.604128,0.115946,9,2.84667,0.0705789,2.82774
897,0.613411,0.136251,10,3.11333,0.0673869,3.02854
898,0.654533,0.129576,10,2.86667,0.0657036,2.76699
899,0.621629,0.180255,10,3.58667,0.0682052,2.79238
900,0.781552,0.216246,10,4.05333,0.0693,2.65067
901,0.641391,0.143696,10,2.59333,0.0677213,2.70041
902,0.760133,0.153867,10,3.52,0.0696848,2.65038
903,0.600332,0.172337,10,3.64,0.0701939,2.79061
904,0.680762,0.174402,10,3.50667,0.0691118,2.55897
905,0.755401,0.18342,10,3.42,0.0660421,2.38468
906,0.656554,0.174305,10,3.68,0.0680817,2.60995
907,0.525136,0.127909,9,2.76667,0.0686462,3.04278
908,0.713628,0.195848,10,3.84667,0.0660542,2.49697
909,0.573484,0.113211,10,2.48667,0.0662447,2.99829
910,0.865431,0.198184,10,3.72667,0.0703557,3.00749
911,0.628662,0.148224,10,3.16667,0.0687704,3.0486
912,0.700131,0.161363,10,3.62,0.069862,3.07728
913,0.627306,0.17039,10,3.56667,0.0764503,3.14629
914,0.805263,0.190672,10,3.84667,0.0646381,2.92853
915,0.747439,0.189393,10,3.7,0.0666037,2.98953
916,0.577272,0.170601,10,3.42667,0.0659323,2.99953
917,0.661074,0.18259,10,3.53333,0.0666556,2.90818
918,0.691787,0.14333,10,3.16,0.0693307,2.94242
919,0.712638,0.192711,10,3.71333,0.0711046,2.69149
920,0.59011,0.186769,10,3.69333,0.0663747,2.7724
921,0.583369,0.120132,9,2.44,0.0660252,3.03031
922,0.729502,0.161201,10,3.30667,0.0669277,2.74752
923,0.785858,0.215161,10,4.05333,0.0695,2.44992
924,0.587949,0.180241,10,3.6,0.068209,2.79908
925,0.589956,0.102876,10,2.72,0.065687,2.92733
926,0.691966,0.135317,10,2.85333,0.0676298,2.72293
927,0.549966,0.129373,10,3.09333,0.0649936,2.38099
928,0.629762,0.160413,10,3.36,0.0666991,2.80508
929,0.744831,0.169292,10,3.84667,0.0689055,2.58761
930,0.761181,0.148258,10,3.69333,0.0689731,3.02869
931,0.643219,0.159337,10,3.78667,0.0674032,2.92535
932,0.504252,0.133164,9,3.11333,0.0664406,3.14604
933,0.655263,0.198473,10,4.04,0.0681501,2.63701
934,0.674375,0.185103,9,3.93333,0.0672637,2.42588
935,0.657047,0.174464,10,3.79333,0.0707785,2.66763
936,0.598976,0.145992,9,3.07333,0.0661928,3.13166
937,0.6546,0.163538,10,3.89333,0.0712426,2.80677
938,0.76096,0.169056,10,3.18667,0.0694753,2.61895
939,0.721648,0.159404,10,3.94667,0.0687477,2.61706
940,0.657717,0.172373,9,3.76,0.0669983,3.02682
941,0.724941,0.135366,10,3.19333,0.0645858,2.96875
942,0.732229,0.195021,10,4.50667,0.0670519,2.52271
943,0.849761,0.243245,10,4.66,0.0698074,2.43173
944,0.696505,0.169307,10,3.56,0.0671463,2.62885
945,0.723558,0.17829,10,4.1,0.0649919,2.59799
946,0.652713,0.173924,10,3.61333,0.0675487,2.81859
947,0.676938,0.149543,10,3.63333,0.0657288,2.62282
948,0.787976,0.175745,10,3.94667,0.0701583,2.56113
949,0.641943,0.16514,10,3.62667,0.0688902,2.90542
950,0.746958,0.205335,10,4.26667,0.0676012,2.46118
951,0.665086,0.150341,10,2.94,0.066585,2.83964
952,0.615043,0.174456,10,4.04667,0.0692356,2.89411
953,0.60687,0.14402,9,3.1,0.0708969,2.84667
954,0.588504,0.108136,9,2.84,0.0665886,3.10176
955,0.678455,0.102156,10,2.9,0.0670225,2.89619
956,0.510791,0.102805,8,2.66,0.0654004,2.77178
957,0.490678,0.102463,10,2.66,0.0684528,2.80917
958,0.65426,0.137687,10,3.2,0.0681164,2.57867
959,0.57997,0.128865,10,3.19333,0.0698126,2.68958
960,0.652614,0.129138,9,3.02,0.0679885,2.80916
961,0.623284,0.126916,9,3.32667,0.0678296,2.93682
962,0.603449,0.144111,9,3.47333,0.0672774,2.91023
963,0.71198,0.205178,10,4.24,0.0699973,2.70792
964,0.690665,0.160664,10,3.64667,0.0682962,2.8552
965,0.72182,0.192827,10,4.14,0.069671,2.71443
966,0.56997,0.0898398,10,2.52,0.0660727,2.96398
967,0.628968,0.147986,9,3.42,0.0682747,2.96467
968,0.599163,0.124762,10,3.06,0.0709604,2.6406
969,0.617818,0.173138,9,3.48,0.0665771,2.80191
970,0.693863,0.12982,10,3.6,0.0645299,2.75244
971,0.67441,0.181944,10,3.78667,0.0706886,2.81254
972,0.531544,0.158975,9,3.66,0.0702925,2.76685
973,0.504579,0.112595,8,2.68667,0.070699,2.94559
974,0.817671,0.152135,10,3.88,0.0706762,2.36228
975,0.693749,0.150394,9,3.28667,0.0668632,2.64187
976,0.694176,0.145838,10,3.32667,0.0674138,2.49264
977,0.67308,0.152812,10,3.4,0.0709029,2.60489
978,0.651675,0.153714,10,3.7,0.0708238,2.40694
979,0.654714,0.158093,10,3.73333,0.0680576,2.60665
980,0.675986,0.156585,10,3.18667,0.0657823,2.65757
981,0.503932,0.146569,10,3.12,0.0655621,2.74835
982,0.758817,0.154768,10,3.36,0.068136,2.62483
983,0.544602,0.13053,10,2.90667,0.0631439,2.78456
984,0.684672,0.174327,10,3.80667,0.068506,2.61052
985,0.657927,0.131392,10,3.08667,0.0691619,2.76049
986,0.562932,0.159527,10,3.47333,0.0711955,2.81621
987,0.779766,0.160986,10,3.95333,0.0699642,2.66316
988,0.554961,0.155634,10,3.38,0.0676819,2.68272
989,0.614457,0.168821,10,3.6,0.0690203,2.73203
990,0.730724,0.226084,10,4.54,0.0712431,2.62009
991,0.716889,0.215562,10,4.16667,0.0685206,2.55044
992,0.726536,0.174586,9,3.47333,0.067418,2.65573
993,0.518105,0.132665,9,2.78667,0.0659974,2.83486
994,0.531158,0.138506,9,2.7,0.0664823,3.02156
995,0.747107,0.189733,10,3.97333,0.0691807,2.65933
996,0.854193,0.222192,10,4.59333,0.0704574,2.4692
997,0.69056,0.160674,9,3.66667,0.0672798,2.65977
998,0.690643,0.152022,10,3.4,0.0670677,2.56926
999,0.598506,0.141034,9,2.91333,0.0675509,2.66809
1000,0.547624,0.137796,9,2.89333,0.0647737,2.79198
