1,0.119358,0.00275594,9,0.246667,0.0738469,1.52284
2,0.0917749,0.00304364,7,0.16,0.0710599,1.28947
3,0.0985938,0.003548,8,0.3,0.070382,1.21442
4,0.153877,0.00474854,8,0.473333,0.0684762,1.061
5,0.270897,0.00310704,4,0.193333,0.0655149,0.967849
6,0.196944,0.00422295,4,0.213333,0.0672976,1.0068
7,0.206206,0.00915345,5,0.433333,0.0649634,1.05275
8,0.185896,0.00567756,4,0.253333,0.0660543,1.17694
9,0.181733,0.0047624,6,0.28,0.0675171,1.06774
10,0.197894,0.00312494,4,0.233333,0.0682172,0.69905
11,0.268793,0.0066736,4,0.26,0.06961,0.814035
12,0.173489,0.0307283,3,0.526667,0.0709719,0.727303
13,0.118189,0.0052773,4,0.206667,0.0660198,0.67321
14,0.181543,0.0209986,4,0.56,0.0698565,0.901288
15,0.124507,0.0184769,4,0.733333,0.0672846,0.700248
16,0.269906,0.0165606,3,0.36,0.066717,0.724919
17,0.289924,0.0266169,5,0.686667,0.0677692,0.970906
18,0.0940552,0.0133455,3,0.393333,0.0669461,0.953351
19,0.283803,0.0295876,3,0.606667,0.0657402,0.980027
20,0.208137,0.0171897,5,0.546667,0.070275,1.10293
21,0.208148,0.0250351,5,1.1,0.0708029,1.15923
22,0.176349,0.020038,5,1.24667,0.0785276,0.919957
23,0.185275,0.014225,6,1.28667,0.0683011,0.871026
24,0.215012,0.029571,6,1.25333,0.0706913,1.05552
25,0.1247,0.0246141,4,1.37333,0.0684921,0.831154
26,0.183027,0.00895345,4,0.806667,0.0672824,0.83349
27,0.188686,0.0199954,6,1.44667,0.0669722,0.807157
28,0.105237,0.0121119,3,0.793333,0.0657258,0.666416
29,0.133907,0.0209909,7,1.72,0.0710912,0.965607
30,0.255308,0.0257997,6,1.38667,0.0695777,0.940517
31,0.208336,0.0458717,5,1.82,0.0686641,0.939986
32,0.163651,0.0361185,7,2,0.0691494,0.923688
33,0.198999,0.0216657,6,1.58,0.0719173,0.821748
34,0.125385,0.0178439,4,1.31333,0.0678123,0.765
35,0.290384,0.0475624,6,1.49333,0.072486,1.00505
36,0.189625,0.0289451,6,1.12667,0.0669747,0.902327
37,0.271761,0.0137353,4,0.546667,0.0655717,1.15145
38,0.24849,0.0272208,8,1.39333,0.0688356,1.21331
39,0.282144,0.0218899,7,1.37333,0.0654857,1.07254
40,0.289046,0.0442809,7,1.91333,0.0704918,1.51962
41,0.206,0.0234009,7,1.86667,0.0703458,0.996872
42,0.195064,0.0341345,6,1.96,0.0706504,1.08654
43,0.202881,0.0222784,6,1.56,0.0663176,1.15242
44,0.344238,0.0327882,8,1.74,0.0651548,1.11875
45,0.335458,0.0495399,6,1.82,0.0725056,1.26279
46,0.215901,0.0203588,7,1.24,0.0670631,0.978105
47,0.281593,0.0461934,6,1.57333,0.0717771,1.17292
48,0.240354,0.0341362,7,1.67333,0.0674691,1.04942
49,0.302522,0.028244,7,1.44,0.0679237,1.17268
50,0.216923,0.0345991,8,1.26667,0.0689608,1.201
51,0.299234,0.0346978,7,1.38667,0.0674216,1.34895
52,0.30069,0.0464132,7,1.64,0.0673322,1.31436
53,0.315646,0.0465243,7,2.03333,0.0701763,1.45643
54,0.291678,0.041392,6,1.60667,0.0679787,1.09839
55,0.345769,0.0388492,7,1.35333,0.0675476,1.29709
56,0.275086,0.0249885,6,1.00667,0.0696241,1.21376
57,0.228342,0.0196386,6,1.42667,0.0643504,1.12216
58,0.294416,0.0422093,7,1.84667,0.0694551,1.59442
59,0.284354,0.0420793,9,2.52667,0.0678549,1.66144
60,0.391338,0.0366769,7,1.52,0.0658252,1.24745
61,0.501332,0.061541,9,1.89333,0.0688538,1.56513
62,0.403611,0.0684241,9,2.53333,0.0709665,1.7387
63,0.423009,0.125563,9,3.48,0.0762717,2.06081
64,0.576949,0.103527,10,3.17333,0.0674499,2.00432
65,0.556529,0.115956,9,3.4,0.0669112,2.16921
66,0.556922,0.126352,10,3.05333,0.0685011,2.1759
67,0.551772,0.106398,9,2.77333,0.071095,2.48449
68,0.723442,0.184666,10,4.32667,0.0701287,2.31062
69,0.3922,0.0941512,8,3.12667,0.0718833,2.48889
70,0.572822,0.0980999,10,3.02667,0.068858,2.22907
71,0.622876,0.111797,10,3.34667,0.0710053,2.12736
72,0.635943,0.101813,10,3.17333,0.0694598,1.89047
73,0.598204,0.077761,8,2.20667,0.0663388,2.52798
74,0.499491,0.0661404,9,2.26,0.0655824,2.06685
75,0.53512,0.0838179,9,2.72667,0.0652601,2.41163
76,0.549055,0.131317,9,3.51333,0.0703395,2.77511
77,0.481249,0.118971,9,3.31333,0.0710731,2.77746
78,0.358116,0.0724747,7,2.16667,0.0627935,2.6185
79,0.428738,0.0976957,8,2.17333,0.0661088,2.38881
80,0.616422,0.13915,9,3.46,0.0688937,2.04016
81,0.570314,0.109148,8,2.72667,0.0706865,2.40703
82,0.617917,0.0919104,10,2.44667,0.071667,2.06563
83,0.502977,0.105137,8,3.04,0.0795287,2.29551
84,0.628944,0.0972293,10,3.28667,0.067663,2.26503
85,0.562845,0.125085,10,3.48667,0.0707715,2.33251
86,0.50885,0.127399,10,3.33333,0.0708958,2.61535
87,0.621617,0.157521,9,3.74667,0.0647882,2.42792
88,0.614465,0.156217,10,3.86,0.0698278,2.56338
89,0.532757,0.110988,8,2.97333,0.0792541,2.64372
90,0.510893,0.137195,8,3.21333,0.0687963,2.81326
91,0.684963,0.175223,9,3.84667,0.070201,2.56673
92,0.545891,0.15269,8,3.72667,0.0661856,2.84612
93,0.734394,0.138963,10,3.61333,0.0688087,2.75798
94,0.527927,0.11759,10,3.17333,0.0713578,2.38969
95,0.38691,0.0781388,8,2.18,0.0651263,2.49767
96,0.521674,0.0891932,8,2.94667,0.0653355,2.6598
97,0.608392,0.122695,10,3.2,0.0717871,2.41401
98,0.613516,0.161299,10,3.92667,0.0717485,2.68472
99,0.577769,0.165303,9,3.82,0.0661903,2.43448
100,0.562412,0.122769,10,3.12,0.0694212,2.6161
101,0.608103,0.113833,9,2.67333,0.0668004,2.69617
102,0.722671,0.109367,10,3.04667,0.067458,2.73898
103,0.488218,0.101894,10,2.74,0.0668845,2.5344
104,0.498961,0.077989,10,2.23333,0.068541,2.50666
105,0.527712,0.116881,10,2.91333,0.0701295,2.56122
106,0.608076,0.131955,10,3.40667,0.0692634,2.21809
107,0.506627,0.116713,8,2.45333,0.0659434,2.62557
108,0.612507,0.134497,10,3,0.0698923,2.75843
109,0.57851,0.119378,9,2.75333,0.0687711,2.82774
110,0.612621,0.141662,10,3.13333,0.0704689,2.55991
111,0.46087,0.0888261,8,2.21333,0.0660161,2.40852
112,0.442349,0.063852,9,2.02667,0.0717268,2.82728
113,0.541097,0.124181,9,2.58667,0.0689712,2.35296
114,0.529426,0.117628,9,2.66667,0.0706212,2.37208
115,0.608824,0.0732338,8,2.42,0.0674976,2.35877
116,0.555762,0.0928044,8,2.28667,0.0680667,2.40682
117,0.64847,0.0928786,9,2.16667,0.0640489,2.28861
118,0.573007,0.106115,8,2.61333,0.0681291,2.53773
119,0.663565,0.111323,10,2.65333,0.0693488,2.53546
120,0.667669,0.14898,9,3.16,0.0731332,2.39335
121,0.61076,0.11858,10,2.91333,0.0683099,2.44049
122,0.650868,0.123012,9,2.96667,0.0661165,2.31935
123,0.614445,0.153971,10,3.72,0.0655615,2.56919
124,0.634077,0.170309,10,3.72,0.0731088,2.58535
125,0.66481,0.173137,10,3.73333,0.0649329,2.37459
126,0.678566,0.112419,10,2.68,0.0652039,2.139
127,0.704339,0.143739,10,3.14,0.0682708,2.30972
128,0.756238,0.177536,10,3.43333,0.0781317,1.93614
129,0.696521,0.159793,10,3.21333,0.0691046,2.29477
130,0.842566,0.223892,10,4.22667,0.0702935,2.10807
131,0.712899,0.141768,10,2.98,0.0707487,2.39581
132,0.611084,0.148046,10,2.84667,0.0675968,2.4591
133,0.687987,0.177659,10,3.62667,0.0756288,2.22424
134,0.666012,0.141724,10,2.84667,0.0651229,2.41019
135,0.731251,0.186224,9,3.26,0.0688948,2.26488
136,0.675846,0.157315,10,3.05333,0.0667124,2.27246
137,0.615574,0.159928,8,2.74,0.0712687,2.3333
138,0.733717,0.163067,10,3.3,0.0677791,2.22035
139,0.742164,0.162421,9,3.26,0.0677184,2.31432
140,0.561963,0.120754,10,2.95333,0.0826628,2.37868
141,0.640326,0.164402,9,3.22667,0.0859702,2.21099
142,0.753259,0.189936,9,3.82,0.0692209,2.27607
143,0.846283,0.263133,10,4.88667,0.0726028,2.14864
144,0.663667,0.205088,9,3.92667,0.0687834,2.34947
145,0.795226,0.232515,10,4.24,0.0682689,2.1397
146,0.749094,0.23805,10,4.66667,0.0747965,2.18001
147,0.740162,0.21147,10,3.71333,0.0695729,2.59566
148,0.771255,0.212979,10,3.7,0.0679598,2.05816
149,0.806095,0.204111,10,3.7,0.0675435,2.30955
150,0.729024,0.219524,10,3.93333,0.069469,2.1521
151,0.815931,0.25688,10,4.70667,0.0700336,2.09979
152,0.749341,0.190086,10,3.54667,0.0655964,2.35489
153,0.671308,0.152358,10,3.65333,0.0686942,2.82034
154,0.745487,0.172546,10,3.39333,0.118132,2.71423
155,0.804976,0.213888,10,3.91333,0.0660502,2.04464
156,0.880652,0.205241,10,3.7,0.070531,2.36768
157,0.718749,0.232769,10,4.51333,0.0683027,2.32329
158,0.724971,0.213686,10,3.90667,0.0707363,2.12991
159,0.6455,0.165031,9,2.88,0.0674743,2.37282
160,0.536747,0.126555,8,2.37333,0.0672099,2.45133
161,0.650201,0.204494,9,3.74,0.0712328,2.49524
162,0.650368,0.149509,9,2.92,0.0686022,2.64931
163,0.605829,0.180906,9,3.08,0.0680514,2.51977
164,0.73526,0.214524,10,3.55333,0.0715092,2.4456
165,0.7098,0.256456,9,4.4,0.0671811,2.19172
166,0.751929,0.185999,10,3.56667,0.067615,2.44782
167,0.72923,0.210322,10,3.86,0.0698329,2.23249
168,0.668462,0.160492,10,2.94667,0.0654998,2.3709
169,0.697557,0.165414,9,2.97333,0.0683178,2.27719
170,0.537645,0.13181,9,2.7,0.0666031,2.50972
171,0.770236,0.24433,10,4.34667,0.0690444,1.99165
172,0.684086,0.227966,9,3.73333,0.069995,2.47617
173,0.82815,0.244272,10,4.06,0.0699461,2.13871
174,0.767424,0.246126,10,3.95333,0.0650513,2.15444
175,0.539823,0.188153,8,3.00667,0.0676997,2.3202
176,0.740474,0.204928,10,3.78,0.0651443,2.06509
177,0.760742,0.246402,9,4.09333,0.0662503,2.19532
178,0.594536,0.173833,9,3.33333,0.0697795,2.27476
179,0.641498,0.203458,9,3.86,0.0996931,2.45324
180,0.764829,0.226289,10,4.50667,0.111797,2.51143
181,0.698961,0.22164,10,4.18667,0.0720385,2.2925
182,0.666064,0.204583,9,3.80667,0.0680274,2.35591
183,0.615922,0.157641,10,3.38667,0.0713153,2.54403
184,0.676766,0.193451,10,3.57333,0.0688814,2.48642
185,0.632497,0.156058,9,3.01333,0.0798131,2.31236
186,0.728192,0.172139,10,3.08667,0.0662275,2.34181
187,0.655278,0.19276,10,3.28667,0.0695288,2.26957
188,0.655391,0.183987,10,3.29333,0.0648511,1.97823
189,0.678785,0.169237,10,3.24667,0.0728305,2.37477
190,0.737188,0.186164,10,3.77333,0.0678171,2.09067
191,0.619212,0.164832,10,3.09333,0.0684985,2.20817
192,0.668094,0.163187,9,2.91333,0.071514,2.2654
193,0.846475,0.229102,10,4.07333,0.0673765,2.0973
194,0.787231,0.216115,10,4.22667,0.0670121,2.15641
195,0.639047,0.233201,9,4.02667,0.0654227,2.67376
196,0.663409,0.240134,10,4.46667,0.0731734,2.36218
197,0.759684,0.281147,10,5.16667,0.100405,2.43082
198,0.652202,0.174112,10,3.12667,0.0662151,2.33712
199,0.70383,0.174182,9,3.26667,0.0663405,2.30841
200,0.742576,0.217275,10,4.70667,0.0670381,2.32696
201,0.716964,0.217871,9,4.3,0.0719205,2.61014
202,0.712756,0.173879,10,3.97333,0.0701504,2.61245
203,0.550987,0.118392,7,2.7,0.0663611,2.83129
204,0.702963,0.170301,10,3.38667,0.0681386,2.15829
205,0.790552,0.189276,10,3.48667,0.0680941,2.34107
206,0.762657,0.218995,10,4.24,0.0696956,2.28641
207,0.844678,0.220749,10,4.04,0.0714363,2.17916
208,0.58261,0.137603,10,3.04667,0.0661214,2.41461
209,0.654022,0.171245,9,3.46667,0.0680545,2.59787
210,0.717639,0.129355,10,2.86667,0.0695589,2.71268
211,0.7866,0.237298,10,4.02667,0.0681335,2.16971
212,0.657604,0.197863,10,3.58667,0.0657522,2.52997
213,0.809517,0.245167,10,4.48667,0.0683574,2.18429
214,0.626399,0.186224,10,3.69333,0.0704421,2.34282
215,0.594461,0.168448,9,3.21333,0.0698894,2.51503
216,0.787628,0.227459,10,4.06,0.0726583,2.1143
217,0.760379,0.173108,10,3.39333,0.0691852,2.24757
218,0.765919,0.18408,10,3.69333,0.0658507,1.99588
219,0.785771,0.232488,10,4.00667,0.0675789,2.03913
220,0.788265,0.228067,10,4.38,0.0678814,1.96043
221,0.634673,0.165202,10,3.12667,0.0690262,2.36824
222,0.788042,0.193833,10,3.70667,0.0671278,1.89706
223,0.749954,0.194427,10,3.41333,0.0690865,2.20158
224,0.527626,0.122384,8,2.48,0.0654285,2.41613
225,0.642251,0.14867,10,2.74667,0.0632924,2.11861
226,0.808991,0.168768,10,3.06,0.0677791,2.02322
227,0.801114,0.178549,10,3.38667,0.0714418,2.16907
228,0.698926,0.217643,10,3.72667,0.0663832,2.28531
229,0.774315,0.174074,10,3.24,0.0740007,2.23211
230,0.744644,0.205841,10,3.51333,0.0671239,2.17259
231,0.716872,0.195746,10,3.65333,0.0677414,2.03089
232,0.79243,0.251092,10,4.48667,0.0645582,1.96543
233,0.671593,0.18286,9,3.76667,0.0664199,2.13453
234,0.691158,0.157182,9,3.42,0.0698229,2.19017
235,0.768713,0.217463,10,3.97333,0.073524,2.31445
236,0.782148,0.219418,10,4.18667,0.0673069,2.16566
237,0.721316,0.206612,10,3.91333,0.0682312,2.34368
238,0.650647,0.149998,10,3.16,0.0679021,2.44935
239,0.693831,0.205912,10,3.92,0.0657567,2.41069
240,0.780488,0.199897,10,3.68,0.0674649,2.23055
241,0.753879,0.204814,10,3.58,0.0699423,2.11533
242,0.744524,0.256464,10,4.44667,0.0691662,2.0943
243,0.648001,0.175055,9,3.55333,0.067029,2.28582
244,0.603453,0.130249,10,2.98667,0.0683741,2.3947
245,0.708765,0.204168,10,3.66667,0.0652042,2.0572
246,0.687336,0.185558,10,3.98,0.0705185,2.24698
247,0.729111,0.244498,10,4.60667,0.0675355,2.37647
248,0.716271,0.208258,10,3.98667,0.0676147,2.05825
249,0.633112,0.184754,9,3.36667,0.0657854,2.35552
250,0.662372,0.158943,10,3.71333,0.0665509,2.09297
251,0.729277,0.172975,9,3.21333,0.0650077,1.85731
252,0.695593,0.17287,10,3.53333,0.0676286,1.89221
253,0.815451,0.272076,10,4.74667,0.0698462,2.04108
254,0.816106,0.166761,10,3.34667,0.0669243,1.98462
255,0.790953,0.19042,10,3.92,0.0698071,1.98486
256,0.716039,0.144071,10,3.1,0.064114,1.99635
257,0.765197,0.228815,10,4.40667,0.0692947,2.27702
258,0.821412,0.191617,10,4.29333,0.0710756,2.14469
259,0.729188,0.229716,10,4.48,0.0689987,2.58616
260,0.727281,0.212914,10,4.19333,0.0711023,2.23411
261,0.780855,0.211686,10,4.17333,0.0684038,2.09979
262,0.75223,0.188608,10,3.74667,0.0660443,1.95684
263,0.742362,0.215391,10,4.28,0.0677307,2.26087
264,0.74498,0.19558,10,3.61333,0.0695761,1.89486
265,0.755822,0.223123,10,4.55333,0.0670374,2.35777
266,0.762417,0.234402,10,4.39333,0.0708085,2.01418
267,0.784625,0.216231,10,4.24667,0.0661086,2.15792
268,0.722155,0.202828,10,4.01333,0.0699928,2.24459
269,0.735644,0.221874,10,4.4,0.0640003,2.18115
270,0.769364,0.212493,10,4.16667,0.0675791,2.27877
271,0.719679,0.25456,10,4.88667,0.0794423,2.20044
272,0.669956,0.171176,10,4.06,0.0669088,2.07411
273,0.727131,0.228325,10,4.52667,0.0677886,2.27055
274,0.73286,0.189841,10,3.81333,0.0674038,2.02782
275,0.662474,0.178634,10,3.5,0.069118,2.33618
276,0.634269,0.214777,9,4.05333,0.0707193,2.28485
277,0.725479,0.236975,10,4.45333,0.0717395,2.06574
278,0.765281,0.204425,10,4,0.0648978,2.02461
279,0.68368,0.167272,10,3.36,0.0675297,2.00942
280,0.571743,0.187102,10,3.57333,0.0666956,2.28785
281,0.674251,0.220387,10,4.35333,0.0673717,2.04019
282,0.724121,0.197294,10,3.73333,0.0740376,2.09131
283,0.736504,0.203949,10,4.30667,0.0809828,2.4358
284,0.684213,0.217324,10,4.15333,0.0661243,2.34078
285,0.828268,0.2487,10,5.04667,0.0669961,2.2052
286,0.731794,0.231481,10,4.84667,0.0686784,2.39829
287,0.752255,0.19228,10,4.25333,0.0674573,2.11339
288,0.741692,0.236722,10,4.56,0.0703496,2.52123
289,0.746214,0.24696,10,4.78667,0.0731763,2.22129
290,0.566158,0.12472,10,2.9,0.0697801,2.6045
291,0.655251,0.170938,10,3.71333,0.064869,2.53936
292,0.742178,0.23365,10,4.51333,0.0653859,2.38846
293,0.769399,0.286762,10,5.24,0.0701469,2.32747
294,0.689975,0.244799,10,4.7,0.0663517,2.34432
295,0.776884,0.20515,10,4.29333,0.0671305,2.35633
296,0.606802,0.1695,9,3.65333,0.0669258,2.37666
297,0.806777,0.289036,10,5.17333,0.0703053,1.93204
298,0.693133,0.192309,10,4.16,0.0704935,2.3185
299,0.627047,0.199909,9,3.77333,0.0701504,2.48034
300,0.731236,0.222914,10,4.41333,0.0666648,2.31768
301,0.651116,0.207395,9,3.84667,0.0807126,2.58866
302,0.700531,0.18728,10,3.76667,0.0666705,2.46548
303,0.68768,0.214717,10,4.28667,0.0702322,2.24531
304,0.73219,0.238246,10,4.86667,0.0686079,2.20276
305,0.837859,0.287522,10,5.55333,0.0688715,2.18198
306,0.743233,0.262438,10,4.98,0.0654494,2.157
307,0.72124,0.200279,10,4.10667,0.0697805,2.28665
308,0.721136,0.217458,10,4.48,0.0657675,2.1422
309,0.620708,0.232101,9,4.29333,0.066298,2.49752
310,0.524073,0.171802,10,3.76,0.0704513,2.78621
311,0.750662,0.234998,10,4.64667,0.0722692,2.31371
312,0.743843,0.254481,10,4.84667,0.0686022,2.05091
313,0.605807,0.206416,10,3.98667,0.067242,2.47594
314,0.661249,0.242034,9,4.46667,0.0688825,2.28582
315,0.746303,0.272134,10,5.16667,0.0684766,2.14401
316,0.63462,0.173261,9,3.56667,0.0657853,2.43138
317,0.648219,0.183383,10,3.87333,0.0668957,2.09497
318,0.694373,0.252898,10,4.8,0.0680944,2.08685
319,0.568014,0.156955,9,3.72667,0.067831,2.31552
320,0.718435,0.202418,10,4.21333,0.0683814,2.26598
321,0.565782,0.222821,9,4.31333,0.0687194,2.37765
322,0.696367,0.231977,10,4.52,0.0688445,2.15786
323,0.753312,0.281221,10,5.32,0.0692757,2.05966
324,0.64087,0.21888,10,4.72667,0.0684115,2.34293
325,0.774144,0.235141,10,4.66667,0.0714313,2.1321
326,0.803868,0.249238,10,4.62667,0.0681036,2.20374
327,0.743641,0.290256,10,5.13333,0.0675233,2.17697
328,0.740475,0.224804,10,4.04,0.0692021,2.40435
329,0.743749,0.265949,10,4.62667,0.0664291,2.30426
330,0.731009,0.233559,10,4.72,0.0715729,2.37338
331,0.553868,0.184973,9,3.64,0.0697851,2.44477
332,0.778992,0.233396,10,4.23333,0.0669654,2.11633
333,0.716413,0.202991,10,4.15333,0.0692881,2.51125
334,0.753833,0.231755,10,4.36667,0.0685843,1.94491
335,0.728118,0.206143,10,4.54,0.0669084,2.14775
336,0.619319,0.161712,9,3.26,0.0715526,2.45996
337,0.730007,0.232095,10,4.64667,0.0668187,2.40285
338,0.812551,0.293601,10,5.14667,0.0663103,2.10561
339,0.656708,0.186506,10,4.02667,0.0673918,2.44052
340,0.693664,0.235353,10,4.80667,0.0670477,2.5225
341,0.770333,0.225298,10,4.77333,0.0669078,2.09148
342,0.761336,0.230336,9,4.24,0.0670694,2.37012
343,0.782545,0.270535,10,5.38667,0.0656881,2.20797
344,0.739398,0.209337,10,4.44,0.0675899,2.74181
345,0.719735,0.247016,10,4.83333,0.0688412,2.33873
346,0.781721,0.251877,10,5.01333,0.0687982,2.38509
347,0.69906,0.23814,10,4.50667,0.0692852,2.17549
348,0.553255,0.180417,10,3.76,0.0672521,2.3528
349,0.787435,0.28207,10,4.96,0.067922,2.2267
350,0.728008,0.226312,10,4.34,0.0695125,2.21123
351,0.709217,0.279575,10,4.92667,0.0690906,2.16337
352,0.737764,0.242927,10,4.48,0.066307,2.37307
353,0.728003,0.287941,10,5.32,0.0678582,2.19796
354,0.651602,0.20827,10,4.58667,0.0663901,2.54977
355,0.696141,0.218554,10,4.55333,0.0732743,2.69629
356,0.719225,0.247508,10,4.54,0.0709169,2.37905
357,0.723078,0.236707,10,4.70667,0.0690339,2.53516
358,0.678778,0.21898,9,4.2,0.0647834,2.29719
359,0.685708,0.224983,10,4.47333,0.0674834,2.40045
360,0.731996,0.257636,10,4.8,0.0700017,2.32303
361,0.707828,0.255062,10,4.94,0.065627,2.21908
362,0.702547,0.249788,10,5.02,0.0764178,2.55774
363,0.728844,0.217979,10,4.66,0.0752258,2.66004
364,0.583715,0.12324,10,2.76,0.0669297,2.44391
365,0.674166,0.203149,9,3.82,0.0678666,2.60987
366,0.682945,0.234016,10,4.54667,0.0762207,2.50221
367,0.769366,0.186964,10,4.08,0.0642979,2.45602
368,0.642615,0.180841,10,3.72667,0.066767,2.43872
369,0.669749,0.168949,10,3.22,0.066997,2.29106
370,0.685828,0.175131,9,3.83333,0.0715215,2.29532
371,0.775639,0.174218,10,3.43333,0.0703638,2.14798
372,0.587718,0.140356,10,3.07333,0.0689128,2.30348
373,0.712636,0.187674,10,3.75333,0.0665433,2.17231
374,0.653449,0.162504,10,3.48,0.0715932,2.47662
375,0.696504,0.222107,10,4.01333,0.0650044,2.14031
376,0.611471,0.15082,9,3.3,0.0704136,2.63495
377,0.656984,0.122588,9,2.54,0.0648417,2.57344
378,0.609768,0.211178,10,4.3,0.0660314,2.74793
379,0.781602,0.219108,10,4.64667,0.0688355,2.29621
380,0.624096,0.187037,9,4.22667,0.0680109,2.69358
381,0.584083,0.17036,8,3.52667,0.0680065,2.53455
382,0.63473,0.165503,9,3.75333,0.0707414,3.0502
383,0.728521,0.194859,10,3.6,0.0699416,2.44793
384,0.739308,0.268588,10,4.96667,0.0642092,2.2756
385,0.681048,0.238555,10,4.46,0.0684959,2.17954
386,0.549763,0.160293,10,3.37333,0.0706374,2.58657
387,0.811119,0.321514,10,5.76667,0.0663932,2.10513
388,0.702954,0.226346,10,4.33333,0.0625477,2.22186
389,0.639435,0.203982,9,4.12667,0.068124,2.67603
390,0.666277,0.21874,10,4.32667,0.0654995,2.34876
391,0.740584,0.244526,10,4.84,0.067572,2.64681
392,0.746532,0.225855,10,4.40667,0.0720561,2.82965
393,0.668574,0.2156,10,4.75333,0.0683399,2.61633
394,0.758361,0.218537,10,4.54,0.0706188,2.57919
395,0.718321,0.260204,10,5.16667,0.0677062,2.52304
396,0.677693,0.176642,10,3.69333,0.0678123,2.87161
397,0.698788,0.216069,9,4.34,0.0666558,2.73822
398,0.602449,0.192108,10,4.13333,0.0701553,2.86658
399,0.611294,0.180434,9,3.92,0.0691446,2.80239
400,0.71714,0.2133,10,4.19333,0.0653282,2.74856
401,0.585534,0.186927,8,3.78,0.0650312,2.63185
402,0.700547,0.165565,10,3.7,0.069911,2.56059
403,0.716731,0.248227,10,4.82,0.0654284,2.58892
404,0.59874,0.21913,9,4.08,0.0656235,2.70341
405,0.768578,0.271335,10,5.16,0.0711054,2.4829
406,0.743472,0.253353,10,5.19333,0.0683135,2.33427
407,0.547271,0.169103,8,3.64667,0.0721978,3.06088
408,0.660259,0.190116,9,4.18667,0.0835217,2.84027
409,0.825099,0.289546,10,5.46,0.0679001,2.57002
410,0.691199,0.247158,10,4.58667,0.0717253,2.93343
411,0.578193,0.225875,9,4.06,0.0692072,2.92388
412,0.811686,0.257069,10,4.88,0.0696798,2.53536
413,0.740761,0.249774,10,4.83333,0.0694608,2.78951
414,0.794504,0.205776,10,4.04667,0.0795418,3.03727
415,0.634952,0.233781,10,4.32,0.0641767,2.69543
416,0.677401,0.238538,10,4.82,0.0670007,2.67397
417,0.706402,0.200004,9,3.99333,0.0694487,2.66972
418,0.668577,0.232371,10,4.44,0.0649889,2.52112
419,0.720917,0.248399,10,4.77333,0.07031,2.51982
420,0.745449,0.249137,10,4.68667,0.0693572,2.7228
421,0.636745,0.218955,10,4.17333,0.0673253,2.73278
422,0.700811,0.22278,10,4.39333,0.0672048,2.57695
423,0.702648,0.216393,10,4.19333,0.0681838,2.62852
424,0.813336,0.285306,10,5.07333,0.0725415,2.36469
425,0.737124,0.246627,10,4.46,0.0722377,2.65015
426,0.721451,0.281534,10,4.85333,0.0651584,2.29712
427,0.791472,0.25239,10,4.89333,0.0652595,2.38911
428,0.681081,0.213813,10,4.45333,0.0668228,2.25581
429,0.755261,0.264397,10,4.81333,0.0644305,2.18128
430,0.684691,0.169422,10,3.80667,0.0702193,2.69573
431,0.835316,0.287978,10,5.35333,0.0682474,2.32468
432,0.728059,0.222957,10,4.29333,0.0708355,2.24748
433,0.729676,0.258422,10,4.88,0.0706324,2.3126
434,0.649708,0.209138,10,4.12667,0.0693112,2.55522
435,0.832582,0.281521,10,5.11333,0.0676159,2.2159
436,0.732643,0.214849,10,4.13333,0.0702014,2.71593
437,0.636255,0.175174,10,3.60667,0.0666758,2.85065
438,0.641533,0.239799,10,4.38667,0.0643735,2.77617
439,0.754873,0.220545,10,4.10667,0.0699387,2.26401
440,0.794054,0.271103,10,4.84667,0.0668079,2.25871
441,0.783866,0.194163,10,3.72667,0.0668356,2.57246
442,0.750929,0.264344,10,4.84,0.0666048,2.24218
443,0.843494,0.306624,10,5.41333,0.074485,2.04873
444,0.563038,0.160725,9,3.14667,0.0665987,2.72171
445,0.833925,0.295648,10,5.26,0.0670756,2.40865
446,0.725193,0.245477,10,4.58,0.0690059,2.45871
447,0.674369,0.254257,10,4.95333,0.0687718,2.47736
448,0.655214,0.184558,9,3.61333,0.0688423,2.6911
449,0.742384,0.263499,10,4.62,0.0693641,2.34136
450,0.718792,0.229491,10,4.35333,0.0675052,2.42065
451,0.73827,0.187269,9,3.68,0.0668843,2.53624
452,0.649935,0.234132,9,3.80667,0.0654567,2.44032
453,0.768165,0.29146,10,5,0.0867283,2.25937
454,0.701438,0.221395,9,3.92,0.0690937,2.38581
455,0.687916,0.179155,10,3.33333,0.0672427,2.3506
456,0.745577,0.240826,10,4.58667,0.0683989,2.35492
457,0.672441,0.223954,10,3.96,0.0691689,2.68161
458,0.582267,0.16881,9,3.58,0.0640861,2.52385
459,0.671979,0.197113,10,3.74,0.0778498,2.83411
460,0.839596,0.267678,10,4.41333,0.06663,2.20374
461,0.754188,0.237287,10,4.46667,0.0665892,2.47038
462,0.727154,0.228254,10,4.37333,0.0676671,2.35725
463,0.73517,0.202245,10,3.84,0.0688236,2.69127
464,0.661074,0.157238,10,2.98,0.0659457,2.75934
465,0.727489,0.196664,10,3.80667,0.0677717,2.39542
466,0.65624,0.203108,10,3.63333,0.065704,2.61424
467,0.619967,0.175273,8,3.28,0.0691541,2.7747
468,0.75497,0.282308,10,5.02,0.0692494,2.52419
469,0.701446,0.223174,10,4.27333,0.0663206,2.49893
470,0.746819,0.238142,10,4.30667,0.0674816,2.42753
471,0.681906,0.204092,9,3.72,0.0664285,2.39427
472,0.701994,0.189958,9,3.90667,0.0649556,2.28138
473,0.577898,0.185028,10,3.26,0.069124,2.55718
474,0.699618,0.205838,10,3.58,0.0661711,2.5161
475,0.668729,0.201623,10,3.84,0.0663491,2.52798
476,0.722553,0.238384,10,4.48,0.067635,2.61479
477,0.820016,0.238474,10,4.05333,0.0680904,2.20045
478,0.628763,0.165896,9,3.14667,0.0639766,2.4073
479,0.635273,0.155196,9,3.10667,0.06424,2.64461
480,0.696447,0.225056,10,4.17333,0.0665454,2.50353
481,0.815451,0.287042,10,4.92,0.0718253,2.27902
482,0.70947,0.246267,10,4.56667,0.0711382,2.75967
483,0.685096,0.229527,10,4.36667,0.0707833,2.80934
484,0.788367,0.250151,10,4.36,0.0690534,2.6883
485,0.73445,0.251739,10,5.02,0.0677531,2.42326
486,0.745521,0.208592,10,3.86667,0.0750034,2.67293
487,0.776487,0.199646,10,3.69333,0.0717065,2.71954
488,0.744743,0.193344,10,3.70667,0.0688538,2.5849
489,0.720482,0.221715,10,4.24667,0.0708609,2.56368
490,0.696479,0.211625,9,3.91333,0.0674347,2.6765
491,0.605155,0.196916,9,3.64667,0.0661377,2.43591
492,0.635843,0.245596,9,4.38667,0.0664035,2.52927
493,0.666833,0.245839,8,4.09333,0.067445,2.52317
494,0.681478,0.184842,9,3.71333,0.0667266,2.74428
495,0.780384,0.274626,10,4.76667,0.0655345,2.61907
496,0.693391,0.228292,9,4.24,0.0633506,2.5422
497,0.793026,0.268003,10,4.89333,0.066561,2.56101
498,0.584502,0.209519,9,3.34,0.0661123,2.52381
499,0.734421,0.244784,10,4.56667,0.0701085,2.41051
500,0.530473,0.168712,10,3.56667,0.0701437,2.66066
501,0.785249,0.279213,10,5.02,0.0677956,2.31932
502,0.821468,0.329935,10,5.93333,0.0680103,2.13542
503,0.683716,0.2495,10,5.02,0.069584,2.51689
504,0.703947,0.260522,10,4.56667,0.0672957,2.54607
505,0.693221,0.231462,10,4.21333,0.066476,2.73694
506,0.689744,0.267161,9,4.60667,0.0663833,2.62834
507,0.71194,0.26186,10,4.86,0.0707301,2.52585
508,0.745306,0.276407,9,4.57333,0.0645412,2.52505
509,0.707675,0.281683,10,5.12667,0.0680109,2.38889
510,0.758997,0.313633,10,5.27333,0.0760197,2.35906
511,0.63771,0.25839,9,4.15333,0.065661,2.61544
512,0.746656,0.233118,10,4.78667,0.0667919,2.4734
513,0.804967,0.312379,10,5.38,0.0685482,2.58777
514,0.808293,0.276956,10,4.98667,0.0626506,2.42657
515,0.83901,0.340152,10,5.91333,0.0675995,2.14779
516,0.660262,0.221545,9,4.05333,0.072114,2.6915
517,0.57662,0.202819,9,3.89333,0.0656197,2.61657
518,0.659381,0.223816,9,3.92,0.0638818,2.6686
519,0.684151,0.241115,10,4.08,0.0681773,2.80471
520,0.771327,0.270832,10,4.93333,0.0677039,2.37861
521,0.584282,0.192244,9,3.82667,0.0654621,2.68115
522,0.793662,0.240081,10,4.51333,0.0667565,2.41456
523,0.758803,0.209829,10,4.25333,0.0679615,2.59064
524,0.679131,0.229192,9,4.31333,0.065326,2.46485
525,0.754575,0.233105,10,3.89333,0.0655653,2.47483
526,0.603128,0.218419,9,4.04667,0.0684812,2.65543
527,0.744485,0.216778,10,3.76667,0.069997,2.39468
528,0.604199,0.195976,9,3.46667,0.0688139,2.69517
529,0.682758,0.280287,9,4.56,0.0659149,2.30663
530,0.630513,0.181046,10,3.51333,0.0666659,2.76287
531,0.762898,0.246905,10,4.6,0.0685974,2.53844
532,0.852194,0.295671,10,5.33333,0.0705883,2.56988
533,0.771061,0.256884,10,4.78,0.0707127,2.68443
534,0.679664,0.192852,10,3.34,0.0693891,2.45
535,0.687491,0.224873,10,4.12,0.0656638,2.5846
536,0.744805,0.267011,10,4.49333,0.0685598,2.32165
537,0.740657,0.260342,10,4.77333,0.0671065,2.7494
538,0.769286,0.265725,10,4.8,0.0696217,2.31843
539,0.718956,0.25163,10,4.47333,0.0693657,2.55167
540,0.680716,0.190674,9,3.29333,0.0684467,2.6298
541,0.637389,0.204862,10,3.65333,0.0684813,2.57978
542,0.72846,0.212869,10,4.08,0.0647736,2.54916
543,0.590721,0.187478,10,3.72667,0.0711748,2.78354
544,0.819527,0.251738,10,4.54,0.0657827,2.55225
545,0.724479,0.232393,10,4.18667,0.0708538,2.68978
546,0.755479,0.229239,10,4.02667,0.0689229,2.55764
547,0.741278,0.202629,10,3.48667,0.0682334,2.89081
548,0.655601,0.213514,10,3.78667,0.0673911,2.51692
549,0.795837,0.231245,10,3.81333,0.0678442,2.45558
550,0.726766,0.240407,10,4.02667,0.0702488,2.54213
551,0.775848,0.264109,10,4.43333,0.0688226,2.30411
552,0.57183,0.176216,8,3.09333,0.0679945,2.83087
553,0.850265,0.319742,10,5.1,0.0704147,2.33517
554,0.724612,0.213492,10,3.76,0.0680126,2.74304
555,0.79535,0.284247,10,4.72667,0.0687234,2.35656
556,0.726125,0.223158,10,3.72,0.0674312,2.55745
557,0.75255,0.237932,10,4.22,0.0673678,2.5471
558,0.775685,0.25905,10,4.59333,0.0691439,2.77033
559,0.850659,0.259867,10,4.84667,0.0718607,2.24049
560,0.679491,0.216778,10,3.67333,0.0700212,2.45346
561,0.797183,0.237208,10,4.08667,0.0671739,2.27355
562,0.764703,0.253316,10,4.35333,0.0691889,2.48107
563,0.763323,0.26634,10,4.34,0.0708297,2.399
564,0.667244,0.188962,10,3.42,0.070721,2.94269
565,0.743555,0.284028,10,4.67333,0.0673978,2.51549
566,0.74407,0.278431,10,4.68667,0.0962002,2.74306
567,0.809176,0.246328,10,4.25333,0.0690314,2.57563
568,0.651642,0.178577,10,3.57333,0.0712417,2.94412
569,0.653234,0.213866,9,3.70667,0.0686446,2.36153
570,0.677187,0.176706,10,3.38667,0.0703486,2.68677
571,0.77063,0.203334,10,3.81333,0.0692073,2.49839
572,0.708248,0.214799,10,3.78667,0.0687082,2.89742
573,0.773679,0.230965,10,4.32,0.0714186,2.65574
574,0.738275,0.222528,10,4.16667,0.0653151,2.6614
575,0.739535,0.176556,10,3.42,0.0693865,2.71433
576,0.779377,0.267822,10,4.38667,0.0663349,2.35544
577,0.845134,0.21019,10,3.69333,0.0671182,2.22788
578,0.60254,0.173159,8,3.17333,0.0659753,2.98704
579,0.758712,0.190503,10,3.54,0.0703119,2.38422
580,0.787863,0.199386,10,3.42,0.067899,2.67144
581,0.804074,0.216541,10,4.06,0.0685551,2.64586
582,0.555797,0.173232,9,3.44,0.0664543,3.28268
583,0.681524,0.245237,10,4.48,0.0662587,2.94289
584,0.565563,0.140537,9,2.85333,0.0673432,3.03978
585,0.548512,0.141391,8,2.54,0.0719748,2.88278
586,0.669598,0.159938,9,2.78667,0.0669181,2.7212
587,0.766375,0.178543,10,3.61333,0.0697185,2.7949
588,0.689955,0.165517,9,3.1,0.0667805,2.38549
589,0.644058,0.202376,9,3.48,0.0646945,2.69789
590,0.679906,0.185741,10,3.62667,0.0630632,2.64127
591,0.626891,0.134355,9,2.69333,0.0679456,3.18529
592,0.804606,0.240137,10,4.4,0.0712381,2.6901
593,0.817063,0.181268,10,3.37333,0.066114,2.40069
594,0.745685,0.163876,10,3.36,0.0668599,2.77354
595,0.622043,0.181859,10,3.4,0.0681308,2.91735
596,0.66967,0.199008,10,3.64,0.069091,2.58188
597,0.537874,0.149627,9,3.05333,0.078008,3.18961
598,0.742658,0.243641,9,4.38,0.0651773,2.66561
599,0.560481,0.168461,9,3.38,0.068614,3.21772
600,0.746089,0.209321,9,3.6,0.0638274,2.8613
601,0.680861,0.266582,9,4.34667,0.0702328,2.64134
602,0.700401,0.256755,9,4.32667,0.0730261,3.01085
603,0.735543,0.197193,10,3.54,0.0731319,2.74575
604,0.565089,0.15709,9,2.94,0.0666981,2.88883
605,0.716833,0.212631,10,4.00667,0.0855421,2.664
606,0.792156,0.235972,10,4.52667,0.0734519,2.65542
607,0.748286,0.258979,10,4.70667,0.0720581,2.70444
608,0.85306,0.268066,10,4.51333,0.0732508,2.59823
609,0.707044,0.185229,9,3.32667,0.0673341,2.76016
610,0.72946,0.242119,9,4.12,0.0710699,2.83072
611,0.645527,0.175338,10,3.38,0.0686982,2.80751
612,0.858734,0.271332,10,4.96667,0.0709187,2.50992
613,0.753031,0.24928,10,4.53333,0.0687141,2.85097
614,0.454042,0.112129,8,2.36667,0.0669329,3.42181
615,0.726919,0.170872,10,3.65333,0.0676566,2.61397
616,0.789103,0.215923,10,3.93333,0.067401,2.58885
617,0.766198,0.234628,10,4.18,0.0672153,2.75607
618,0.727713,0.22026,10,4.28,0.0710435,3.23225
619,0.625719,0.17605,10,3.36,0.0684012,3.0154
620,0.661251,0.238489,9,3.99333,0.0677036,2.87332
621,0.752534,0.241936,9,4.07333,0.0706272,2.64172
622,0.724429,0.231634,10,4.29333,0.0691961,2.68816
623,0.835561,0.304689,10,5,0.0670644,2.51257
624,0.719442,0.22961,9,3.81333,0.0733325,2.7723
625,0.777733,0.283261,10,4.95333,0.0711867,2.49766
626,0.770123,0.294153,10,4.90667,0.0704119,2.58782
627,0.716447,0.204131,10,4.09333,0.0667952,2.88491
628,0.706747,0.277296,10,4.64667,0.0731461,2.64245
629,0.777676,0.275555,10,4.50667,0.0700394,2.80596
630,0.772782,0.305272,10,5.32,0.0844222,2.52022
631,0.759224,0.250729,10,4.41333,0.0655049,2.47958
632,0.737032,0.283894,10,4.8,0.071036,2.67129
633,0.654127,0.198354,10,3.74,0.072725,2.68371
634,0.755667,0.234533,10,4.15333,0.0682892,2.41319
635,0.656486,0.202194,10,3.73333,0.0660946,2.4878
636,0.786451,0.295764,10,4.70667,0.0635058,2.11572
637,0.770438,0.2936,10,4.78,0.0703058,2.30365
638,0.716719,0.190493,10,3.44667,0.0692849,2.91701
639,0.732206,0.230665,10,4.11333,0.0656743,1.93245
640,0.708213,0.228086,9,4.24667,0.0728948,2.55821
641,0.812247,0.219416,10,3.56667,0.0687862,2.41579
642,0.750305,0.245689,10,4.28667,0.0712474,2.41334
643,0.717535,0.250714,10,4.26,0.0694794,2.61877
644,0.690034,0.248967,10,4.35333,0.0650556,2.3719
645,0.721612,0.254044,10,4.34,0.0677992,2.44061
646,0.738404,0.27929,10,4.68,0.0656166,2.2602
647,0.71878,0.280445,10,4.39333,0.0685438,2.67974
648,0.681399,0.231146,9,3.83333,0.0651266,2.33311
649,0.572007,0.185421,7,3.11333,0.0636494,2.50325
650,0.656713,0.189719,9,3.21333,0.0664926,2.61492
651,0.624005,0.180231,10,3.49333,0.0678587,2.73877
652,0.762353,0.244163,10,4.04667,0.0647451,2.6592
653,0.800835,0.316963,9,4.84,0.0663355,2.27354
654,0.763123,0.220131,10,3.94667,0.067634,2.33975
655,0.752224,0.238113,9,4.07333,0.0683391,2.32783
656,0.613249,0.209884,9,3.19333,0.0672818,2.62903
657,0.793664,0.267418,10,4.54667,0.067583,2.35758
658,0.712262,0.206206,10,3.82,0.0786148,2.86404
659,0.746264,0.225573,10,3.93333,0.0681725,2.359
660,0.646154,0.198205,10,3.44667,0.0685399,2.61607
661,0.700145,0.228539,10,3.73333,0.0654434,2.51976
662,0.717484,0.228601,10,3.8,0.0714919,2.3762
663,0.631648,0.208011,9,3.94,0.0678145,2.39612
664,0.75472,0.260656,10,4.43333,0.0704565,2.56553
665,0.709208,0.215183,10,3.67333,0.0692355,2.60284
666,0.671633,0.170843,9,3.06667,0.0663759,2.34639
667,0.715034,0.238678,9,3.97333,0.0658223,2.31663
668,0.698986,0.196124,10,3.38667,0.0660251,2.43433
669,0.694296,0.248975,10,4.07333,0.0646691,2.12519
670,0.763191,0.237703,10,4.07333,0.0672498,2.33519
671,0.719789,0.187892,10,3.32667,0.0618931,2.27279
672,0.686782,0.192228,10,3.56,0.0692957,2.63631
673,0.670017,0.24053,9,4.02667,0.068701,2.55308
674,0.686494,0.226727,9,3.82667,0.0658395,2.53187
675,0.810553,0.255258,10,4.24,0.0718574,2.72875
676,0.733703,0.282528,10,4.72667,0.0682006,2.1977
677,0.670167,0.204005,9,3.62,0.0691625,2.57824
678,0.618986,0.208467,10,3.7,0.0689503,2.54718
679,0.818128,0.277248,10,4.72667,0.0684562,2.25186
680,0.823404,0.289367,10,4.85333,0.0718672,2.18628
681,0.695885,0.25381,10,4.13333,0.0724625,2.10814
682,0.720841,0.252488,10,4.41333,0.0684465,2.44208
683,0.809702,0.263996,10,4.31333,0.0713424,2.49165
684,0.671221,0.215947,10,4.02,0.0646455,2.42624
685,0.700706,0.210356,10,4.02667,0.0662866,2.49456
686,0.797583,0.282536,10,4.66,0.0698383,2.62133
687,0.670706,0.203118,10,3.25333,0.0649397,2.48981
688,0.61461,0.231779,10,4.14,0.066859,2.46816
689,0.757113,0.27963,10,4.87333,0.0656699,2.29499
690,0.770309,0.29103,10,4.75333,0.0674076,2.37826
691,0.685338,0.236306,9,3.85333,0.063866,2.44714
692,0.692701,0.260283,10,4.70667,0.0673809,2.45509
693,0.701068,0.253,10,3.90667,0.066487,2.33277
694,0.696634,0.208398,10,4.32,0.071307,2.37166
695,0.715529,0.226823,10,4.01333,0.0705906,2.13211
696,0.790524,0.238027,10,4.03333,0.0674477,2.2253
697,0.828563,0.324135,10,5,0.0695874,1.83868
698,0.667709,0.255968,9,4.26667,0.0672061,2.20801
699,0.711998,0.282469,10,4.58,0.0678469,2.08364
700,0.608691,0.169326,9,3.10667,0.0633923,2.20078
701,0.748166,0.30298,10,5.19333,0.0685952,2.10842
702,0.774109,0.252464,10,4.40667,0.0705875,2.2212
703,0.727264,0.270538,10,4.48667,0.0693489,2.13056
704,0.772553,0.267893,10,4.9,0.0768468,2.22248
705,0.646352,0.222435,10,3.98667,0.0665262,2.47309
706,0.694327,0.291311,10,4.72667,0.0689778,2.0601
707,0.703886,0.215671,10,4,0.0738515,2.70761
708,0.875988,0.332426,10,5.46,0.0681861,2.1559
709,0.794643,0.278136,10,4.50667,0.06671,2.00881
710,0.703751,0.18141,10,3.47333,0.0681457,2.75953
711,0.663895,0.243379,9,4.19333,0.0683907,2.54259
712,0.678607,0.20909,10,3.98,0.0662017,2.04948
713,0.806605,0.27596,10,4.73333,0.0656575,2.12659
714,0.800615,0.281847,10,4.72667,0.0700208,1.95769
715,0.816916,0.225303,10,3.92667,0.0667597,2.36104
716,0.768076,0.255069,10,4.28,0.0673427,2.27019
717,0.657568,0.183529,10,3.85333,0.0660667,2.32262
718,0.843627,0.284257,10,5.26667,0.069722,2.29679
719,0.738194,0.259776,9,4.16667,0.0668545,2.24883
720,0.842792,0.33938,10,5.50667,0.0708153,1.87608
721,0.798351,0.342118,10,5.47333,0.0687423,1.85709
722,0.725967,0.211986,10,4.48667,0.0663382,2.21914
723,0.752576,0.255795,10,4.4,0.0664853,2.24844
724,0.729457,0.21155,10,4.10667,0.0650869,2.18973
725,0.557497,0.149464,10,3.04,0.0638804,2.34157
726,0.800922,0.25298,10,4.62667,0.0703978,1.96438
727,0.818768,0.281248,10,5.19333,0.0698885,2.10122
728,0.722347,0.231905,10,4.63333,0.0683713,2.23416
729,0.775756,0.270158,10,4.82667,0.0687238,2.19662
730,0.718591,0.242796,10,5.02667,0.0701864,2.21335
731,0.770712,0.262559,10,5,0.0701421,2.23994
732,0.661557,0.223474,9,4.58,0.0655389,2.25044
733,0.622893,0.196853,9,3.56667,0.065574,2.38886
734,0.850652,0.246993,10,4.36,0.0697619,2.4016
735,0.775159,0.269919,10,4.58667,0.0688858,2.06129
736,0.734965,0.239788,10,4.47333,0.0690088,2.05015
737,0.797847,0.255055,10,4.38667,0.065087,1.99093
738,0.626233,0.179193,9,3.11333,0.0661686,2.20712
739,0.717832,0.300216,10,5.26,0.0687139,2.18206
740,0.727457,0.278956,10,4.76,0.0668659,1.91112
741,0.874779,0.282185,10,4.88,0.0709009,1.9154
742,0.713711,0.256384,10,4.3,0.0667713,2.13264
743,0.754642,0.22691,10,4.44667,0.0697568,2.18192
744,0.692465,0.269643,9,4.81333,0.0695057,2.25293
745,0.677987,0.221229,9,3.72667,0.0663672,2.45505
746,0.794598,0.296568,10,4.52667,0.0670131,1.99425
747,0.77863,0.273506,10,4.11333,0.0645378,2.04227
748,0.783491,0.278053,10,4.83333,0.0710358,2.02292
749,0.698087,0.244516,10,4.61333,0.0688717,2.10015
750,0.731077,0.277091,10,4.36,0.0668935,2.03336
751,0.857728,0.306895,10,4.84,0.0680573,1.94961
752,0.784678,0.256559,10,4.57333,0.0695088,2.02911
753,0.777631,0.219309,10,4.00667,0.0655534,1.98817
754,0.7808,0.311169,10,5.14667,0.0702735,1.90626
755,0.724656,0.230294,10,4.44,0.0707159,2.10058
756,0.824105,0.282368,10,5.15333,0.0673224,2.04762
757,0.677678,0.240848,9,4.38667,0.0674536,2.17096
758,0.76808,0.269487,10,4.97333,0.0696604,2.17099
759,0.74679,0.230691,10,4.24,0.0672771,2.35809
760,0.709711,0.219464,10,4,0.066384,2.03157
761,0.721059,0.249491,10,4.38,0.0672218,2.16209
762,0.78163,0.295313,10,4.68,0.0652438,2.18689
763,0.713328,0.220038,9,4.10667,0.0674413,2.27708
764,0.859978,0.294425,10,4.96,0.0711212,2.02837
765,0.860825,0.295785,10,5.02,0.0669096,1.94239
766,0.74804,0.253217,10,4.45333,0.0673436,1.94526
767,0.810703,0.278438,10,4.59333,0.0684642,2.18208
768,0.774613,0.254151,10,4.71333,0.0672332,2.24745
769,0.720092,0.265901,9,4.56,0.0663065,2.15405
770,0.684104,0.254836,10,4.58,0.0663193,2.03002
771,0.775936,0.31102,10,4.52,0.0673588,1.85195
772,0.729795,0.289374,10,4.40667,0.0622391,1.77957
773,0.794677,0.288778,10,4.8,0.0667757,1.92979
774,0.797166,0.303925,10,5.29333,0.06684,2.29201
775,0.697836,0.248121,10,4.3,0.0646342,2.34778
776,0.842585,0.308341,10,5.26,0.0685124,2.03953
777,0.760731,0.224319,10,3.92667,0.0668136,2.27973
778,0.690984,0.200379,10,3.81333,0.0658768,2.30527
779,0.731676,0.274142,10,4.79333,0.0662064,2.30451
780,0.796071,0.291958,10,4.78667,0.0681885,2.02549
781,0.761283,0.207706,10,3.68,0.0654102,2.28119
782,0.727968,0.239754,10,4.22667,0.0657787,2.00175
783,0.774441,0.281573,10,4.55333,0.0785004,1.98411
784,0.775972,0.27035,10,4.56,0.0678431,1.9699
785,0.719792,0.292051,10,4.92,0.0690515,2.1955
786,0.739921,0.269698,9,4.84667,0.0682166,2.35511
787,0.75378,0.276819,10,4.91333,0.0773948,2.47623
788,0.619978,0.207922,9,3.76,0.0666702,2.56733
789,0.82927,0.296077,10,4.80667,0.0701843,2.38282
790,0.821321,0.324587,10,5.04667,0.0653708,2.05252
791,0.690261,0.238536,9,4.25333,0.0651716,2.37939
792,0.815654,0.265042,10,4.82,0.0655953,2.28589
793,0.706129,0.265691,10,4.54,0.0658234,2.22865
794,0.843036,0.306164,10,4.74,0.0705155,2.1931
795,0.865638,0.351771,10,5.83333,0.0712732,2.0135
796,0.722198,0.295447,10,4.98667,0.0698732,2.14282
797,0.76603,0.235768,10,3.95333,0.0689619,2.42862
798,0.868306,0.328946,10,5.28667,0.0672563,2.14936
799,0.648717,0.211014,9,3.92667,0.0675353,2.62603
800,0.67388,0.264488,10,4.18667,0.0772536,2.37316
801,0.809565,0.291182,10,4.96667,0.0684006,2.44023
802,0.667976,0.294429,10,5.33333,0.066352,2.33869
803,0.873566,0.309646,10,5.12667,0.0710436,2.28532
804,0.745147,0.258123,10,4.46667,0.0690786,2.24646
805,0.860006,0.301285,10,5.04,0.0669948,2.25786
806,0.920249,0.268375,10,4.76,0.0683936,2.34797
807,0.705694,0.223188,10,4.24,0.0671775,2.22606
808,0.774903,0.30609,10,5.16667,0.0724713,2.23568
809,0.745911,0.241608,10,4.47333,0.0707399,2.38078
810,0.709202,0.257354,10,4.17333,0.0641682,2.31282
811,0.750996,0.261262,10,4.53333,0.068632,2.24393
812,0.770836,0.26991,10,4.72,0.0695115,2.29367
813,0.703139,0.248679,10,4.26,0.0704274,2.27417
814,0.709831,0.225437,10,4.19333,0.0671101,2.2717
815,0.768766,0.249838,10,4.52,0.0697937,2.65676
816,0.709945,0.205793,9,3.87333,0.0669208,2.30268
817,0.70432,0.241958,10,4.38,0.0682586,2.19354
818,0.82061,0.296237,10,4.80667,0.0750639,2.13778
819,0.834395,0.324359,10,4.96,0.0660123,2.04456
820,0.809125,0.294596,10,4.63333,0.0677181,2.13506
821,0.79027,0.292471,10,4.61333,0.0662297,2.19514
822,0.736442,0.234956,10,4.22,0.0676791,2.36448
823,0.803798,0.303862,10,4.74,0.0645087,2.51968
824,0.651438,0.226766,10,4.44,0.0663358,2.3308
825,0.753083,0.257289,10,4.26,0.0658879,2.24363
826,0.831328,0.304658,10,5.40667,0.0700697,2.48882
827,0.858717,0.278837,10,4.92,0.0665354,2.31906
828,0.731737,0.256807,10,4.38667,0.0685185,2.43352
829,0.814055,0.275328,10,5.24667,0.0699451,2.21502
830,0.725626,0.250113,10,4.54667,0.0699569,2.16231
831,0.814219,0.306676,10,4.96,0.0662965,2.16701
832,0.719406,0.252682,10,4.56667,0.0709723,2.31506
833,0.608277,0.182572,9,3.58667,0.0661399,2.35961
834,0.677661,0.215538,10,4.03333,0.0670467,2.77907
835,0.758834,0.329616,10,5.25333,0.0662658,2.01048
836,0.718685,0.222173,10,4.06667,0.0645223,2.64173
837,0.712535,0.288129,10,4.82667,0.0653118,2.17366
838,0.765426,0.339951,10,5.80667,0.0706584,2.30329
839,0.838714,0.321454,10,5.84667,0.0718139,2.14078
840,0.76743,0.252704,10,4.83333,0.0735613,2.45563
841,0.838632,0.293858,10,5.11333,0.0695144,2.37704
842,0.753762,0.286233,10,4.92667,0.0639369,2.3794
843,0.763944,0.277792,10,4.62667,0.0708251,2.42942
844,0.784757,0.244606,10,4.46667,0.0699056,2.47521
845,0.767309,0.236487,10,4.12667,0.0667427,2.37606
846,0.793036,0.300326,10,5.14,0.0669668,2.25595
847,0.780096,0.266212,10,4.66,0.0694318,2.34495
848,0.685744,0.238632,10,4.06667,0.0648165,2.52774
849,0.781412,0.263396,10,5.05333,0.073146,2.6735
850,0.72535,0.252038,10,4.65333,0.0685333,2.82172
851,0.734137,0.231238,10,4.02667,0.0678475,2.52042
852,0.655104,0.191885,10,3.65333,0.0702698,2.61893
853,0.633911,0.175646,9,3.30667,0.0678209,2.8106
854,0.755886,0.288193,10,5,0.0710688,2.36549
855,0.711239,0.270437,10,4.99333,0.0656513,2.30551
856,0.775857,0.243621,10,4.37333,0.0690878,2.74213
857,0.696176,0.247636,10,4.16,0.0650292,2.44966
858,0.727629,0.234857,10,4.18667,0.0705583,2.47911
859,0.74179,0.236874,10,4.16667,0.0645981,2.47489
860,0.828668,0.276121,10,4.63333,0.0665151,2.33635
861,0.733178,0.282429,10,4.6,0.0689035,2.30728
862,0.766274,0.230786,10,4.29333,0.0730837,2.40526
863,0.739063,0.284451,10,4.55333,0.0717,2.29156
864,0.713207,0.291948,10,4.74667,0.0685499,2.29671
865,0.706942,0.260676,10,4.67333,0.0677324,2.32897
866,0.755426,0.291832,10,4.67333,0.0691743,2.13907
867,0.640294,0.217431,9,4.06,0.0724923,2.29648
868,0.643665,0.229674,9,3.8,0.0653427,2.36911
869,0.712299,0.252134,10,3.98667,0.0680774,2.35555
870,0.619397,0.209725,9,3.86667,0.0707884,2.30334
871,0.774793,0.336857,10,5.34667,0.0705888,2.35235
872,0.745333,0.277022,10,4.82,0.0669045,2.17207
873,0.85124,0.262183,10,4.75333,0.0697981,2.21128
874,0.881797,0.316937,10,4.93333,0.0689585,1.8422
875,0.679828,0.206824,9,3.60667,0.0661056,2.49859
876,0.677445,0.253574,9,4.32667,0.0669391,2.29922
877,0.668987,0.170136,10,3.44,0.0658837,2.72826
878,0.723619,0.256846,10,4.18667,0.0655491,2.12559
879,0.738885,0.278133,10,4.9,0.0649376,2.37526
880,0.884693,0.26995,10,5.08,0.0677933,2.12403
881,0.877852,0.344563,10,5.72,0.0683501,2.16936
882,0.708522,0.267915,10,4.83333,0.0691843,2.53295
883,0.676513,0.209044,10,4.09333,0.0665067,2.59327
884,0.704719,0.257131,10,4.53333,0.0685902,2.23052
885,0.757834,0.320252,10,5.33333,0.0681749,2.41998
886,0.755615,0.271012,10,4.76,0.0670955,2.41723
887,0.749087,0.249853,10,4.82,0.0747905,2.61769
888,0.68235,0.297107,10,5.09333,0.069188,2.23969
889,0.788651,0.264744,10,4.69333,0.0670593,2.33705
890,0.766176,0.282319,10,5.06,0.0688329,2.30178
891,0.685989,0.216616,9,3.91333,0.0668273,2.55881
892,0.621737,0.187894,9,3.72667,0.064654,3.05922
893,0.736562,0.259903,10,4.5,0.0679125,2.54851
894,0.81984,0.277966,10,4.68,0.0688051,2.36541
895,0.724458,0.231085,10,4.18,0.0673801,2.43681
896,0.658542,0.201351,10,3.88667,0.0657416,2.00081
897,0.675546,0.242307,10,4.18,0.0683403,2.47153
898,0.768615,0.228617,10,4.09333,0.0651509,2.01738
899,0.849384,0.211273,10,3.73333,0.0682075,2.28548
900,0.654257,0.1844,10,3.63333,0.0691338,2.25357
901,0.799356,0.250096,10,4.33333,0.071643,2.31045
902,0.676345,0.22396,10,4.33333,0.0725373,2.3892
903,0.744561,0.198722,10,3.63333,0.0668903,2.72748
904,0.832109,0.245336,10,4.09333,0.0690759,1.98495
905,0.634148,0.201162,10,4,0.0812979,2.23867
906,0.668357,0.205036,10,3.76667,0.0724903,2.30137
907,0.745454,0.204626,10,3.68667,0.0680723,2.03251
908,0.703323,0.199709,10,3.66,0.0685056,2.62119
909,0.775323,0.207804,10,3.84667,0.0689434,2.09811
910,0.744627,0.171125,10,3.30667,0.0675154,2.44779
911,0.806759,0.17964,9,3.39333,0.0683558,2.24461
912,0.741969,0.220603,9,4.18667,0.0687921,2.61132
913,0.646059,0.151014,9,3.34,0.0704113,2.66454
914,0.669548,0.180584,10,3.92,0.0658404,2.36628
915,0.779062,0.232154,10,3.93333,0.0655581,2.58807
916,0.791962,0.279287,10,4.72,0.0693696,2.38899
917,0.749912,0.228684,10,3.96667,0.0697676,2.89691
918,0.704645,0.255843,10,4.28,0.0668395,2.31977
919,0.774644,0.245481,10,4.32,0.0658995,2.37437
920,0.644969,0.205682,10,3.87333,0.0664355,2.27699
921,0.72528,0.219987,9,3.96,0.0665637,2.30679
922,0.755194,0.242483,10,4.33333,0.066838,2.24412
923,0.789624,0.246451,10,3.90667,0.0662463,2.25575
924,0.712672,0.232977,10,4.18667,0.0673502,2.35754
925,0.692443,0.218288,10,3.93333,0.0639038,2.16309
926,0.863696,0.314739,10,5.49333,0.0680472,2.15806
927,0.727488,0.292309,10,4.86667,0.0699265,2.37313
928,0.69404,0.256935,10,4.3,0.0684983,2.14867
929,0.742404,0.212333,10,4.06667,0.068116,2.28661
930,0.714769,0.260275,10,4.78,0.066954,2.15039
931,0.748864,0.225875,10,4.24667,0.069629,2.46577
932,0.569578,0.17424,9,3.52,0.0688047,2.55486
933,0.590413,0.149718,9,3.2,0.0650894,2.74741
934,0.758676,0.243095,10,4.4,0.0663078,2.34147
935,0.731822,0.225947,10,4.49333,0.0671858,2.44736
936,0.675452,0.216962,10,4.03333,0.0696029,2.40044
937,0.684115,0.202145,10,3.88,0.0662962,2.94767
938,0.674311,0.240689,9,4.48,0.0721778,2.43689
939,0.826884,0.240728,10,4.22667,0.0905467,2.41396
940,0.699625,0.265552,10,4.82667,0.0681137,2.37548
941,0.795963,0.275837,10,4.53333,0.0657894,2.11176
942,0.62622,0.231411,10,3.89333,0.0679297,2.29562
943,0.741205,0.232552,10,4.2,0.0676522,2.43752
944,0.715029,0.23357,10,4.32667,0.0685084,2.38576
945,0.582642,0.173432,10,3.46,0.0646388,2.42254
946,0.792507,0.24173,10,4.64,0.0644015,2.06094
947,0.767937,0.234043,10,4.33333,0.0685476,2.43977
948,0.758547,0.225262,9,3.90667,0.0670996,2.50458
949,0.851585,0.282743,10,5.01333,0.0706753,2.39931
950,0.702966,0.23985,10,4.41333,0.0635933,2.31054
951,0.800312,0.232722,10,4.35333,0.065729,2.69552
952,0.746165,0.243006,10,4.40667,0.0648363,2.40049
953,0.71541,0.248112,10,4.39333,0.0698386,2.21825
954,0.785133,0.285105,10,5.08,0.0708361,2.25681
955,0.76378,0.255805,10,4.34,0.067979,2.24175
956,0.784737,0.242998,10,4.42667,0.0723238,2.37111
957,0.599182,0.188587,9,3.59333,0.0684708,2.64867
958,0.643106,0.172759,10,3.3,0.0698339,2.89379
959,0.686275,0.207523,10,4.1,0.0693964,2.34454
960,0.727552,0.230997,10,4.04667,0.0676935,2.1598
961,0.590588,0.154688,10,3.04,0.068972,2.61804
962,0.73929,0.235535,10,4.18667,0.0702782,2.20192
963,0.69819,0.193134,10,3.62,0.0654162,2.0503
964,0.53447,0.139318,10,2.89333,0.0637347,2.40281
965,0.771386,0.231743,10,4.04667,0.0668816,2.02068
966,0.733225,0.180472,10,3.42,0.0679816,2.24432
967,0.708546,0.197469,10,3.65333,0.0674389,2.09455
968,0.764288,0.186842,10,3.46,0.0660994,2.0951
969,0.775517,0.229569,10,4.26667,0.0676571,2.33539
970,0.835864,0.230734,10,4.2,0.0699103,2.13155
971,0.700991,0.218243,10,4.04,0.0646105,2.4613
972,0.787759,0.215628,10,4.09333,0.0656002,2.36656
973,0.662623,0.215819,10,3.86,0.0681311,2.2389
974,0.817933,0.257478,10,4.39333,0.0696642,2.16035
975,0.564858,0.150942,9,2.98667,0.0665177,2.78874
976,0.838826,0.299543,10,4.58,0.0674471,2.1947
977,0.665889,0.216642,10,4.23333,0.0684166,2.17692
978,0.70439,0.196679,10,4.10667,0.0660283,2.30912
979,0.672924,0.208809,10,3.90667,0.0651759,2.49273
980,0.740552,0.255091,10,4.82667,0.0676717,2.16197
981,0.869158,0.28512,10,5.20667,0.0693191,2.21916
982,0.655555,0.186987,10,3.64667,0.0668066,2.3075
983,0.704164,0.149869,10,3.06667,0.0652844,2.32884
984,0.845403,0.229916,10,4.06,0.070183,1.96101
985,0.6497,0.132005,10,2.80667,0.0646201,1.95937
986,0.778823,0.218702,10,3.82,0.0689084,2.22053
987,0.687617,0.172721,10,3.46667,0.0676731,2.23506
988,0.800834,0.181578,10,3.64667,0.0641478,2.28999
989,0.6286,0.210908,10,4.12,0.0675802,2.85781
990,0.579003,0.177004,10,3.56667,0.0645949,2.51933
991,0.736976,0.237976,10,4.58667,0.0663765,2.19023
992,0.756044,0.212596,10,4.18667,0.0695406,2.19249
993,0.685332,0.210767,10,3.86667,0.0656605,2.35881
994,0.739907,0.218395,10,4.25333,0.0671188,2.26117
995,0.82381,0.229685,10,4.38667,0.069123,2.53242
996,0.844215,0.207008,10,4.20667,0.0665308,2.43653
997,0.596266,0.17656,10,3.29333,0.0685468,2.62759
998,0.730664,0.198566,10,3.73333,0.066612,2.38054
999,0.751171,0.200571,10,3.60667,0.0704492,2.47518
1000,0.648365,0.169853,10,3.66,0.0696775,2.52737
