1,0.13716,0.00606891,7,0.333333,0.0691523,1.27894
2,0.232047,0.0110066,8,0.34,0.0719022,1.19118
3,0.224323,0.0162439,7,1.40667,0.0679819,1.08531
4,0.207,0.0145026,7,0.826667,0.0697852,1.4656
5,0.322532,0.0434147,7,1.38667,0.0657744,1.21061
6,0.298685,0.0413171,7,1.38667,0.06787,1.203
7,0.305926,0.0711593,8,1.52,0.0719259,1.00468
8,0.282201,0.0178848,6,0.893333,0.070007,1.26226
9,0.284915,0.0256049,8,1.59333,0.0688648,1.26182
10,0.222477,0.0166777,9,0.98,0.0665298,1.09592
11,0.293278,0.0266452,8,2.53333,0.0703123,1.57385
12,0.259756,0.0203633,7,1.52,0.0789758,1.38426
13,0.356083,0.0366021,9,1.44667,0.0651011,1.69976
14,0.347215,0.0163026,6,0.96,0.090295,1.57486
15,0.197155,0.0239229,6,1.47333,0.0719794,1.75702
16,0.177767,0.0383606,7,2.3,0.08174,1.36491
17,0.305749,0.0338382,10,1.62,0.0709237,1.54099
18,0.284272,0.0373382,7,1.75333,0.066998,1.87308
19,0.271161,0.044997,8,1.76,0.0703077,1.81564
20,0.474744,0.0640488,9,2.07333,0.0695672,1.57912
21,0.402922,0.0205166,8,1.12667,0.0721477,1.7912
22,0.366408,0.0370998,10,2.19333,0.0666766,1.90152
23,0.334999,0.0484174,7,1.54667,0.0701645,1.6408
24,0.43343,0.0265407,8,1.54,0.0704224,1.67522
25,0.288127,0.0434037,8,1.82667,0.0680868,1.9723
26,0.20565,0.0379458,8,1.71333,0.0752645,1.69471
27,0.266561,0.0165786,6,0.953333,0.0665764,1.61556
28,0.328417,0.0413542,9,2.45333,0.0691999,2.13852
29,0.36184,0.0484213,9,2.16667,0.0657674,1.83007
30,0.601793,0.0669228,10,2.72,0.0692534,1.76856
31,0.332218,0.0653433,10,2.40667,0.0714396,1.96249
32,0.607873,0.0438993,9,1.76,0.0653274,1.44476
33,0.650083,0.0937019,9,2.86667,0.0679847,1.89032
34,0.470311,0.101085,9,2.76,0.0737978,1.8339
35,0.515471,0.0641576,10,2.10667,0.0712111,1.49981
36,0.402043,0.0529585,7,1.84,0.0698797,2.08834
37,0.343882,0.0551357,8,2,0.153605,1.97453
38,0.556478,0.0773495,9,2,0.0662797,1.99794
39,0.42424,0.0584158,8,2.08,0.0715841,2.04906
40,0.425386,0.0693683,10,2.18667,0.0708406,1.95016
41,0.508245,0.0600961,9,2.22667,0.0721589,2.23849
42,0.491592,0.0609513,8,2.22667,0.0763005,1.85818
43,0.527761,0.103481,10,2.80667,0.0786056,2.60319
44,0.660116,0.184192,10,3.80667,0.0678823,1.93646
45,0.550329,0.143609,9,3.27333,0.0755137,2.57797
46,0.674935,0.0968325,10,3.04,0.0724918,2.31401
47,0.526016,0.0700938,10,2.44667,0.0675738,2.49662
48,0.569915,0.0798328,7,2.2,0.0665861,2.88815
49,0.529337,0.0769006,8,1.96,0.0687415,2.68354
50,0.567096,0.117006,9,2.90667,0.0714285,2.61894
51,0.602136,0.097303,9,2.6,0.0709802,2.70563
52,0.590152,0.0936915,8,2.24667,0.0681941,2.63773
53,0.597265,0.109015,9,2.87333,0.0691634,2.37142
54,0.606288,0.106005,8,2.54667,0.0706428,2.35353
55,0.77742,0.175451,9,3.77333,0.0658283,2.46452
56,0.510657,0.117072,9,2.68667,0.0660936,2.65702
57,0.524218,0.102049,9,2.14667,0.0865455,2.47906
58,0.50923,0.109701,10,2.42,0.0686911,2.71368
59,0.709993,0.150981,10,3.12,0.0695544,2.57922
60,0.524076,0.101653,9,2.02667,0.06817,2.56344
61,0.542916,0.068474,8,2.04667,0.0899034,2.57373
62,0.397255,0.104637,6,2.23333,0.0644277,2.61892
63,0.515182,0.130114,8,3.09333,0.070321,2.76906
64,0.582158,0.128698,9,3.34667,0.0687131,2.76039
65,0.517652,0.103759,8,2.58,0.0697894,2.78442
66,0.651957,0.121267,8,2.70667,0.0694013,2.84375
67,0.782695,0.162329,10,3.16,0.0693177,2.37145
68,0.594069,0.134116,9,2.8,0.0868618,2.40088
69,0.58837,0.101044,9,2.54,0.0758198,2.66763
70,0.587738,0.126612,10,2.74,0.0698013,2.56285
71,0.619049,0.119266,9,2.83333,0.0703542,2.2354
72,0.63457,0.0999378,10,2.65333,0.0669694,2.37201
73,0.721114,0.176098,9,3.72,0.0691015,2.58938
74,0.551108,0.140274,9,3.07333,0.0665844,2.75997
75,0.620928,0.129722,10,3.12,0.0657335,2.69506
76,0.584938,0.149921,10,3.56667,0.0748662,2.94787
77,0.486611,0.0911416,8,2.00667,0.0711413,2.71306
78,0.599813,0.136168,10,2.88667,0.0710473,2.65924
79,0.666934,0.141569,9,3.06,0.0709908,2.45486
80,0.595258,0.14539,9,2.86,0.0702378,2.34116
81,0.624701,0.136962,10,3.04667,0.0682191,2.40277
82,0.567131,0.114721,10,2.76,0.0644185,2.17351
83,0.549881,0.0812153,10,2.12,0.0720058,2.66901
84,0.668739,0.138432,10,2.99333,0.0667884,2.64273
85,0.548375,0.133988,9,2.86667,0.0687764,2.52593
86,0.585004,0.12917,8,2.42667,0.0639973,2.63037
87,0.68783,0.151134,10,3.17333,0.0675544,2.64386
88,0.68182,0.15903,10,3.57333,0.0699436,2.57426
89,0.745466,0.134893,10,3.23333,0.067379,2.84335
90,0.555971,0.111312,9,2.68667,0.0643784,2.98101
91,0.633603,0.160939,10,3.14667,0.0645192,2.54447
92,0.682078,0.185098,9,3.94667,0.0702008,2.42072
93,0.636702,0.126216,10,2.95333,0.0672392,2.82154
94,0.747742,0.104721,10,2.56,0.0713603,2.55143
95,0.529403,0.0886314,9,2.23333,0.0682676,2.61845
96,0.664261,0.114782,10,2.61333,0.0706766,3.00816
97,0.610101,0.103226,8,2.3,0.0653419,2.61052
98,0.683657,0.166457,10,3.10667,0.0682718,2.46676
99,0.666741,0.175036,10,3.26,0.0668445,2.18638
100,0.827643,0.196567,10,3.96,0.0666109,2.05342
101,0.528552,0.155867,9,3.17333,0.072977,2.83109
102,0.695518,0.190898,10,3.65333,0.0705022,2.17317
103,0.601359,0.134903,10,2.93333,0.0713613,2.77034
104,0.509407,0.113293,9,2.56,0.0666149,2.38825
105,0.692251,0.191006,9,3.72,0.0702029,2.5935
106,0.564623,0.112782,9,2.50667,0.0671265,2.66192
107,0.577106,0.152878,9,3.2,0.0668447,2.58992
108,0.651584,0.102451,10,2.00667,0.0655553,2.44467
109,0.545483,0.127047,9,2.82667,0.0672168,2.59803
110,0.542321,0.109175,9,2.46667,0.069654,2.6543
111,0.645741,0.173172,10,3.40667,0.0723245,2.7227
112,0.771657,0.196134,10,3.74,0.0702882,2.35968
113,0.741471,0.182046,10,3.76,0.073285,2.35856
114,0.569775,0.143367,10,3.35333,0.0877303,2.97777
115,0.614519,0.129567,10,2.94,0.0659682,2.74313
116,0.767447,0.141591,10,3.16,0.0728065,2.78377
117,0.60531,0.176075,9,3.59333,0.0689145,2.79578
118,0.580409,0.141494,8,2.84,0.071004,2.70699
119,0.717867,0.167771,9,3.33333,0.0687995,2.60464
120,0.643164,0.159755,10,3.19333,0.0694177,2.39373
121,0.61572,0.135569,10,2.91333,0.0700809,2.54592
122,0.523216,0.135637,9,2.7,0.065266,2.46288
123,0.667628,0.190087,10,3.42667,0.066858,2.61831
124,0.651001,0.21027,9,3.66667,0.0689299,2.47086
125,0.695537,0.144204,10,2.62,0.0655584,2.39867
126,0.52711,0.140639,10,2.88,0.0687115,2.68871
127,0.674633,0.183222,10,3.38667,0.0835155,2.40094
128,0.729111,0.166775,10,3.35333,0.0670101,2.36593
129,0.78121,0.231708,10,4.48667,0.0702516,2.12638
130,0.70357,0.178302,10,3.84667,0.0731082,2.32049
131,0.668153,0.196906,10,3.61333,0.0639233,2.29944
132,0.575686,0.175409,9,3.27333,0.0657616,2.34522
133,0.623322,0.198686,10,4.1,0.0687416,2.60996
134,0.718386,0.205029,10,4.06667,0.0690542,2.60005
135,0.56612,0.16952,10,3.24667,0.0634489,2.5312
136,0.723936,0.202247,10,3.78,0.0688805,2.4235
137,0.583643,0.183995,9,3.43333,0.114734,2.64287
138,0.69379,0.152231,9,3.19333,0.0744455,2.71983
139,0.740506,0.169086,10,3.50667,0.0868293,2.48238
140,0.774024,0.186261,10,3.62,0.0702135,2.31288
141,0.744586,0.17387,10,3.25333,0.0712553,2.21479
142,0.670221,0.141197,10,2.76667,0.0664413,2.4335
143,0.748825,0.200782,10,3.6,0.070532,2.24373
144,0.696017,0.178135,10,3.18,0.067518,2.49208
145,0.638576,0.127202,9,2.56,0.0722101,2.39977
146,0.713837,0.182248,9,3.24667,0.0684982,2.01357
147,0.614492,0.152803,9,2.96,0.0678258,2.53524
148,0.835749,0.218264,10,4.3,0.0682774,2.38352
149,0.586801,0.196381,10,3.71333,0.0698713,2.61387
150,0.701885,0.181419,9,3.2,0.0681083,2.43174
151,0.679044,0.186536,10,3.98667,0.0679106,2.44163
152,0.623727,0.16003,9,3.44,0.0656481,2.43727
153,0.771133,0.233186,9,3.99333,0.0681381,2.38087
154,0.695542,0.189493,9,3.61333,0.0702314,2.7264
155,0.652065,0.220702,10,4.18667,0.0691935,3.04334
156,0.700206,0.245338,10,4.76,0.0707153,2.78428
157,0.65793,0.225232,10,4.3,0.0663262,2.72142
158,0.619196,0.209798,9,3.92,0.0640659,2.63421
159,0.712764,0.188149,10,3.78,0.0700669,2.5207
160,0.695907,0.201978,9,4.15333,0.0741128,2.62584
161,0.593358,0.172571,10,3.60667,0.0704995,2.60544
162,0.735317,0.220157,10,4.34,0.066289,2.58973
163,0.781893,0.182619,10,3.94,0.163986,2.81425
164,0.689525,0.228665,10,4.12667,0.0691286,2.33256
165,0.731937,0.199883,10,4.17333,0.0676536,2.37883
166,0.828099,0.210988,10,4.04,0.110204,2.54386
167,0.753353,0.205034,10,4.01333,0.0685117,2.50882
168,0.720232,0.169547,10,3.8,0.0705151,2.62075
169,0.704574,0.187596,9,3.57333,0.0671589,2.40676
170,0.717281,0.264492,10,4.70667,0.0692802,2.27729
171,0.612544,0.163504,10,3.35333,0.0688414,2.27422
172,0.64405,0.202696,9,3.76,0.0659929,2.72391
173,0.549271,0.117119,9,2.5,0.0683113,2.81939
174,0.594164,0.143474,8,2.82667,0.0663436,2.42133
175,0.62105,0.156624,9,3.02,0.0675504,2.52703
176,0.6057,0.129268,8,2.65333,0.0670772,2.84305
177,0.610596,0.162664,10,3.42667,0.0685478,2.76029
178,0.60982,0.166143,10,3.18667,0.0730645,2.95715
179,0.664606,0.141046,9,2.98667,0.08269,2.90535
180,0.569257,0.173766,9,3.5,0.0695685,2.80973
181,0.79312,0.262034,10,4.84667,0.0731617,2.34124
182,0.619595,0.169819,9,3.48667,0.0674821,2.74944
183,0.755961,0.181536,10,3.44667,0.0653389,2.38144
184,0.484694,0.142717,8,2.82,0.0703694,3.01866
185,0.728004,0.202568,9,3.86,0.0676982,2.55109
186,0.564848,0.158356,9,3.24,0.068788,2.77917
187,0.604257,0.168644,10,3.25333,0.0686818,2.62975
188,0.663014,0.18716,10,3.54667,0.0659497,2.50616
189,0.658325,0.14716,9,3.06,0.066774,2.80056
190,0.572664,0.194824,10,3.70667,0.0699113,2.49973
191,0.646606,0.181988,9,3.46,0.0704352,2.65315
192,0.619058,0.149358,9,3.24,0.0677627,2.62746
193,0.714787,0.216149,10,4.05333,0.0681684,2.72415
194,0.634389,0.186115,9,3.32,0.0680134,2.65742
195,0.656494,0.172985,9,3.10667,0.0673072,2.59162
196,0.640103,0.158921,10,3.34,0.0691035,2.42457
197,0.80623,0.188254,10,3.60667,0.0680383,2.76775
198,0.700308,0.139861,10,2.99333,0.0662863,2.48383
199,0.517872,0.14388,8,2.78,0.0738723,2.76054
200,0.753779,0.228296,10,4.43333,0.0694258,2.778
201,0.551123,0.114483,8,2.48667,0.0661217,3.04816
202,0.616619,0.185891,10,3.61333,0.0676651,2.72673
203,0.702828,0.135234,10,2.76667,0.0699343,2.83579
204,0.795273,0.182852,10,3.76,0.0764959,2.80156
205,0.619417,0.174962,9,3.50667,0.0722258,3.35267
206,0.498758,0.114014,7,2.78,0.0700581,3.20657
207,0.608196,0.139816,9,3.06,0.0684603,3.06253
208,0.781993,0.18809,10,3.64,0.0668254,2.75224
209,0.62871,0.160672,10,3.38,0.0650172,2.55153
210,0.68672,0.171971,10,3.63333,0.0700328,2.91331
211,0.633531,0.144103,10,3.28667,0.0679213,2.85722
212,0.4772,0.135052,9,2.97333,0.0662896,2.963
213,0.673994,0.162569,9,3.32667,0.0663829,2.5463
214,0.812156,0.216728,10,4.14,0.0669645,2.59506
215,0.841298,0.225749,10,4.15333,0.070803,2.88563
216,0.65596,0.148563,9,3.31333,0.0688146,2.69367
217,0.66772,0.174429,10,3.40667,0.0697747,2.62269
218,0.595578,0.174026,10,3.48,0.0692557,2.83695
219,0.590712,0.140789,9,2.89333,0.0657013,2.89901
220,0.638667,0.16465,10,3.12667,0.0706321,2.64611
221,0.647658,0.163537,9,3.10667,0.0670003,2.86647
222,0.590487,0.153217,9,2.91333,0.0644625,2.80188
223,0.621997,0.204658,9,3.72667,0.0668195,2.77346
224,0.749761,0.183826,10,3.5,0.0674812,2.7926
225,0.770789,0.181539,10,3.34,0.0668014,2.7259
226,0.491718,0.131511,9,2.69333,0.0700073,2.91825
227,0.596267,0.123355,9,2.78,0.0648851,2.7652
228,0.77758,0.194098,10,3.54667,0.0643584,2.40924
229,0.711327,0.154623,9,3.09333,0.0657319,2.51918
230,0.569485,0.145065,10,3.18,0.0677002,2.56349
231,0.713707,0.185763,10,3.45333,0.0704916,2.84937
232,0.659514,0.15203,9,2.92,0.0680099,2.84762
233,0.54689,0.153595,9,3.2,0.0671632,3.18419
234,0.638949,0.123848,9,2.8,0.0660918,2.90989
235,0.681961,0.171795,10,3.10667,0.0653003,2.62173
236,0.680457,0.159444,10,3,0.0704052,2.81186
237,0.728955,0.19827,10,3.63333,0.0717976,2.66381
238,0.678549,0.165119,9,3.52667,0.072357,2.43893
239,0.782514,0.225887,10,4.14667,0.0680386,2.42829
240,0.713637,0.211445,10,4.26,0.0676656,2.73392
241,0.614298,0.168177,9,3.25333,0.0657788,2.78824
242,0.621561,0.18161,10,3.94,0.0655593,2.57589
243,0.621482,0.172729,9,3.50667,0.0692748,2.98446
244,0.665614,0.175749,10,3.76,0.0712286,2.86382
245,0.676616,0.179847,10,3.74,0.0681348,2.91293
246,0.570923,0.141002,9,2.90667,0.069147,2.92453
247,0.656195,0.160023,9,3.05333,0.068601,2.88625
248,0.746707,0.223178,10,4.04667,0.0681085,2.35626
249,0.694896,0.185514,10,3.68667,0.0692058,2.53729
250,0.804562,0.216088,10,3.96667,0.0692118,2.65315
251,0.758807,0.202312,10,3.84,0.0715052,2.80625
252,0.649322,0.114221,10,2.42667,0.0674194,2.96683
253,0.763061,0.228232,10,4.38,0.0732832,2.78456
254,0.646962,0.204349,9,3.38,0.0644143,2.48179
255,0.692562,0.165427,9,3.35333,0.0671505,2.5664
256,0.794728,0.204529,10,3.77333,0.0699069,2.83514
257,0.752915,0.169348,10,3.36667,0.0703824,2.86781
258,0.67054,0.13941,10,2.95333,0.0695847,2.64109
259,0.590636,0.165468,10,3.33333,0.0654558,2.40277
260,0.625967,0.154901,10,3.05333,0.0672185,2.61461
261,0.734302,0.176479,10,3.10667,0.0696732,2.61672
262,0.664375,0.180961,9,3.69333,0.0697046,2.53478
263,0.656909,0.192448,10,3.66,0.0708003,2.70218
264,0.84291,0.167343,10,3.42,0.0648227,2.4132
265,0.715891,0.137739,10,2.88667,0.0645311,2.40636
266,0.45928,0.123696,9,2.63333,0.0686337,2.79606
267,0.667261,0.173293,10,3.22,0.0688409,2.53034
268,0.58379,0.129557,10,2.82667,0.0651195,2.72873
269,0.560891,0.125477,9,2.99333,0.0668238,2.7515
270,0.659444,0.171252,10,3.45333,0.0692833,2.51792
271,0.49251,0.0922533,8,2.22667,0.0681311,2.93211
272,0.649139,0.162429,9,3.38667,0.0658432,2.50643
273,0.708122,0.174912,10,3.61333,0.0697651,2.61416
274,0.62777,0.148969,10,3.06667,0.0657901,2.60683
275,0.61437,0.151261,10,3.10667,0.0746918,2.5533
276,0.674292,0.159926,10,3.35333,0.0674851,2.25829
277,0.615645,0.158242,10,3,0.0679054,2.42889
278,0.770208,0.141307,10,3.07333,0.0628439,2.31681
279,0.606567,0.120662,10,2.74,0.0705532,2.76328
280,0.655229,0.0909044,10,2.51333,0.0658737,2.50141
281,0.706049,0.133272,10,2.83333,0.0677973,2.14295
282,0.594404,0.0967437,9,2.43333,0.0674528,2.48918
283,0.549079,0.0951004,9,2.38667,0.0678588,2.32473
284,0.674746,0.123082,10,2.89333,0.0710154,2.36195
285,0.559347,0.154264,10,3.2,0.0671577,2.37292
286,0.736001,0.116661,10,2.68667,0.0700497,2.42443
287,0.570115,0.122859,8,2.81333,0.065978,2.67387
288,0.797966,0.158562,10,3.17333,0.0672874,2.3377
289,0.616956,0.129366,9,2.44,0.0695723,2.18449
290,0.483676,0.0857526,8,2.10667,0.0645645,2.28066
291,0.677136,0.139177,10,2.96667,0.0673146,2.3553
292,0.701259,0.135604,9,2.54,0.0672926,2.34939
293,0.624183,0.10305,8,2.12,0.0685631,2.34706
294,0.795479,0.137628,10,2.82,0.0695039,2.43099
295,0.788096,0.115193,10,2.43333,0.0681653,2.24053
296,0.735212,0.103004,10,2.55333,0.0643979,2.63845
297,0.624011,0.105088,9,2.52,0.0678951,2.59668
298,0.819282,0.201538,10,4.13333,0.0675086,2.32281
299,0.529156,0.103981,9,2.88667,0.0670647,2.49841
300,0.649882,0.115271,10,2.56,0.0744264,2.16482
301,0.64171,0.144984,10,3.38667,0.0673773,2.47197
302,0.647827,0.141942,9,2.92667,0.0678267,2.20149
303,0.569373,0.121678,9,2.74,0.0678871,2.40013
304,0.583827,0.105966,8,2.47333,0.0657335,2.30098
305,0.49251,0.0987885,9,2.30667,0.0654211,2.13963
306,0.682982,0.1574,9,3.30667,0.0653718,2.38327
307,0.809066,0.218346,10,3.84,0.0697053,2.02621
308,0.707439,0.172865,9,3.22,0.0690669,2.0637
309,0.744071,0.183296,9,3.56,0.0672884,2.2728
310,0.644085,0.157919,10,3.06,0.0654387,2.13292
311,0.613105,0.136387,9,2.89333,0.0681465,2.51235
312,0.83142,0.220266,10,4.08,0.0702378,2.1894
313,0.601552,0.0971807,9,2.38,0.0651455,2.4147
314,0.634182,0.170104,9,3.38667,0.0682139,2.42147
315,0.679548,0.149429,10,3.37333,0.07022,2.4306
316,0.630203,0.176884,10,3.36,0.0679097,2.44147
317,0.633968,0.110486,9,2.38,0.0675222,2.42877
318,0.613871,0.15908,9,3.15333,0.0679556,2.4793
319,0.644158,0.116827,10,2.51333,0.0684881,2.33445
320,0.820249,0.192353,10,3.44667,0.0704211,2.09864
321,0.808727,0.24747,10,4.05333,0.0683438,2.18887
322,0.559127,0.132715,10,2.89333,0.0679839,2.4181
323,0.733583,0.112983,9,2.36667,0.0680309,2.57065
324,0.523483,0.10317,8,2.24667,0.0671057,2.39256
325,0.738186,0.147125,10,2.94667,0.0698202,2.63274
326,0.569907,0.114971,9,2.42,0.0702526,2.2023
327,0.825123,0.23366,10,3.68,0.0719041,2.19602
328,0.770672,0.210418,10,3.49333,0.070379,2.09252
329,0.555847,0.108577,9,2.25333,0.0661922,2.67135
330,0.74357,0.132865,10,2.96667,0.0697615,2.75275
331,0.645753,0.15982,10,3.26,0.0717984,2.51329
332,0.624674,0.175932,9,3.45333,0.0683431,2.32155
333,0.549392,0.158573,9,3.36,0.0681545,2.58207
334,0.617448,0.157966,9,3.15333,0.0684548,2.68916
335,0.707219,0.158471,9,3.17333,0.0676723,2.4792
336,0.848445,0.204275,10,3.73333,0.0687838,2.33934
337,0.646794,0.140282,9,3.04,0.0675003,2.47909
338,0.622459,0.139238,10,3.11333,0.068007,2.47349
339,0.740149,0.160855,10,3.42667,0.0683534,2.48838
340,0.759106,0.131479,10,2.86,0.0702213,2.62443
341,0.638028,0.119304,10,2.83333,0.0676665,2.33887
342,0.779891,0.178525,10,3.57333,0.0698986,2.55
343,0.670826,0.175536,9,3.26667,0.0647736,2.21067
344,0.607648,0.117387,10,2.7,0.0697386,2.55514
345,0.588125,0.169191,10,3.74,0.067902,2.70985
346,0.583593,0.123969,9,2.48667,0.0649928,2.696
347,0.748018,0.172974,10,3.47333,0.0677086,2.41162
348,0.688908,0.14424,10,2.92667,0.0685146,2.64544
349,0.688967,0.137006,10,2.77333,0.0698722,2.81899
350,0.623481,0.119748,9,2.62,0.06162,2.55577
351,0.575863,0.128158,10,2.86667,0.0720074,2.81047
352,0.643956,0.133154,9,2.69333,0.0676054,2.81568
353,0.673806,0.109328,10,2.78,0.0660191,2.63406
354,0.528584,0.124825,9,2.99333,0.0697702,2.90557
355,0.846206,0.184811,10,4,0.0740075,2.59794
356,0.592753,0.135806,10,2.89333,0.0728263,2.62093
357,0.612238,0.12266,10,2.96,0.0666134,3.12542
358,0.581934,0.128468,8,2.54,0.0672578,3.0143
359,0.682792,0.18549,9,3.31333,0.0671303,2.63449
360,0.58518,0.132004,9,3.07333,0.0670682,2.85234
361,0.682067,0.13103,9,2.59333,0.0670571,2.92897
362,0.614212,0.138653,10,2.65333,0.0656839,2.42775
363,0.732384,0.168945,10,3.25333,0.0670534,2.90521
364,0.694015,0.18201,10,3.28,0.0654945,2.69034
365,0.574284,0.149489,9,2.85333,0.0653647,2.58879
366,0.810925,0.205798,10,4.08,0.0689565,2.65529
367,0.709807,0.174698,9,3.18,0.0676827,2.41147
368,0.612596,0.171609,9,3.03333,0.0658472,2.62426
369,0.601534,0.132462,8,2.74,0.0660736,2.93264
370,0.688394,0.168335,9,3.38667,0.0683365,2.61245
371,0.83213,0.198453,10,3.7,0.0688466,2.78166
372,0.487037,0.12582,10,2.78667,0.0645724,2.77539
373,0.825188,0.217273,10,4.04667,0.0683749,2.68185
374,0.696471,0.179101,9,3.24,0.0688884,2.72642
375,0.666593,0.177521,10,3.29333,0.0685449,2.59914
376,0.618824,0.135749,9,2.84,0.0666601,2.68681
377,0.712745,0.171549,9,3.10667,0.0681518,2.65704
378,0.754155,0.187277,10,3.38,0.0696448,2.68378
379,0.677238,0.1866,9,3.48,0.0670828,2.71284
380,0.768466,0.19487,10,3.48667,0.0679006,2.56596
381,0.809554,0.201883,10,3.58,0.0647008,2.53303
382,0.718627,0.241821,10,4.06667,0.0676732,2.37532
383,0.625418,0.198924,9,3.6,0.0688266,2.88497
384,0.712926,0.171977,9,3.19333,0.0670772,2.65855
385,0.492941,0.108448,9,2.14,0.0656729,2.96287
386,0.633637,0.208274,10,3.75333,0.0686643,2.45065
387,0.453044,0.110823,8,2.36667,0.0642288,2.7247
388,0.79947,0.233178,10,4.25333,0.06723,2.39631
389,0.63869,0.235168,8,3.66,0.0643342,2.60394
390,0.695743,0.170309,9,3.50667,0.071319,2.98692
391,0.63038,0.170436,9,3.20667,0.0671989,2.80229
392,0.651192,0.224155,10,4.16,0.0734109,2.64854
393,0.619143,0.180047,9,3.41333,0.0661354,2.473
394,0.666717,0.215125,10,3.99333,0.0700846,2.69743
395,0.655697,0.174403,9,3.58,0.0685264,2.83659
396,0.813726,0.203957,10,3.74,0.0710491,2.95341
397,0.65036,0.157865,10,3.24667,0.0675607,2.86607
398,0.769426,0.242523,10,4.39333,0.0709013,2.5609
399,0.680324,0.218046,10,4.13333,0.0673935,2.64021
400,0.673564,0.16984,9,3.13333,0.0636229,2.78911
401,0.657926,0.180621,9,3.71333,0.0732014,3.34539
402,0.706185,0.213758,10,3.9,0.0678395,2.54873
403,0.693571,0.204395,10,3.70667,0.0669697,2.50261
404,0.876015,0.247389,10,4.16,0.0668535,2.17642
405,0.766001,0.219666,10,3.54,0.0659212,2.28078
406,0.52277,0.117277,8,2.36667,0.063772,2.69351
407,0.693691,0.215785,10,3.9,0.0721198,2.42737
408,0.734383,0.181823,9,3.06,0.0684446,2.25809
409,0.621656,0.161467,9,3.04,0.0654858,2.23751
410,0.760595,0.255983,10,4.61333,0.0691685,2.32235
411,0.696794,0.184485,9,3.72,0.0682391,2.77698
412,0.798908,0.205468,10,3.74,0.0695794,2.78084
413,0.815285,0.203119,10,3.86,0.0683025,2.30368
414,0.701488,0.145861,10,2.91333,0.0727092,3.15424
415,0.650862,0.208014,10,3.73333,0.0646545,2.46031
416,0.761502,0.257784,10,4.08667,0.0663619,2.447
417,0.766368,0.19918,10,3.78,0.0668352,2.34913
418,0.644514,0.156506,9,3.16667,0.0664106,2.44352
419,0.615647,0.1864,8,3.19333,0.0635798,2.47222
420,0.58892,0.169364,9,3.29333,0.0697381,2.91875
421,0.73789,0.206485,10,3.55333,0.0667282,2.25135
422,0.685425,0.14931,9,2.78,0.0673564,2.6214
423,0.735826,0.167064,10,3.02,0.0665639,2.16514
424,0.73419,0.20786,10,3.46667,0.0694235,2.3903
425,0.696987,0.231403,10,3.83333,0.0693987,2.30936
426,0.589954,0.201931,10,3.84667,0.0710122,2.59958
427,0.866833,0.231115,10,3.85333,0.0723086,2.34715
428,0.76911,0.202376,10,3.64,0.0678774,2.28428
429,0.781066,0.190661,10,3.41333,0.0662306,2.4141
430,0.776363,0.207733,10,3.52667,0.0703407,2.45337
431,0.484813,0.125588,8,2.66,0.0693163,2.82362
432,0.839353,0.214243,10,3.94,0.0694102,2.2654
433,0.819169,0.215898,10,3.94667,0.0727348,2.16903
434,0.772716,0.178255,10,3.26667,0.0693245,2.2586
435,0.56069,0.154341,8,2.95333,0.064646,2.17571
436,0.852482,0.210347,10,3.98667,0.0702663,2.3996
437,0.658334,0.217916,10,3.58,0.0675977,2.50577
438,0.603805,0.210945,9,3.42,0.132939,2.59807
439,0.723502,0.196315,9,3.73333,0.0707759,2.66733
440,0.849427,0.269427,10,4.43333,0.0671104,2.02357
441,0.569885,0.178439,8,2.93333,0.063858,2.4257
442,0.739214,0.202702,9,3.34667,0.067371,2.47989
443,0.853287,0.248763,10,3.98667,0.0705628,2.15074
444,0.67749,0.183183,10,3.23333,0.0689189,2.60804
445,0.83634,0.277842,10,4.3,0.0674623,2.4811
446,0.644213,0.167211,9,3.32667,0.075857,2.72836
447,0.614886,0.170291,8,3.08,0.0678556,2.67875
448,0.632832,0.207304,9,3.64,0.0681588,2.85059
449,0.832936,0.217222,10,4.08,0.0683229,2.32999
450,0.57632,0.161866,8,2.88,0.0664386,2.67866
451,0.839106,0.25072,10,4.21333,0.0707434,2.44227
452,0.752028,0.234049,10,3.72667,0.065697,2.14427
453,0.792868,0.293111,10,4.8,0.0694926,2.32614
454,0.551905,0.219227,8,3.52667,0.0642844,2.34158
455,0.800063,0.251038,10,4.33333,0.0701048,2.31397
456,0.754059,0.19636,9,3.30667,0.0626393,2.42388
457,0.87979,0.249904,10,4.11333,0.0663185,2.16861
458,0.772953,0.233265,10,4.07333,0.0705603,2.36263
459,0.752918,0.209259,10,3.66,0.0711581,2.59875
460,0.796905,0.261896,10,4.21333,0.0695877,2.64216
461,0.648956,0.249333,9,4.33333,0.0666294,2.70901
462,0.811011,0.219692,9,3.69333,0.0705675,2.39492
463,0.843654,0.29427,10,4.62667,0.0705453,2.07099
464,0.643485,0.160149,9,2.85333,0.0701236,2.57178
465,0.663607,0.162907,9,3.08,0.0672331,2.51757
466,0.842461,0.186454,10,3.5,0.0696526,2.58573
467,0.683489,0.186542,10,3.47333,0.066966,2.60328
468,0.811875,0.241799,10,3.86,0.0686911,2.16298
469,0.552182,0.163703,9,2.86,0.0663091,2.36459
470,0.703655,0.186451,8,3.32,0.0689455,2.40249
471,0.73338,0.226299,10,3.48,0.0712143,2.31383
472,0.748228,0.229375,10,3.74667,0.0722963,2.21574
473,0.8397,0.275956,10,4.31333,0.069955,2.24453
474,0.688124,0.16995,9,3.05333,0.067767,2.35707
475,0.836694,0.280372,10,4.58667,0.0676992,2.25563
476,0.79512,0.236795,10,3.86667,0.066408,2.37455
477,0.775982,0.237836,10,4.12667,0.0697991,2.69305
478,0.73972,0.215041,9,3.66667,0.0671203,2.42801
479,0.763274,0.247635,9,4.12,0.0714706,2.78748
480,0.656518,0.217942,9,3.7,0.0679229,2.86502
481,0.715356,0.207688,9,3.98,0.0675157,2.332
482,0.52208,0.150158,9,3.22667,0.067088,2.51862
483,0.743511,0.191613,9,3.36667,0.0650192,2.39297
484,0.72885,0.2154,10,3.82,0.0726965,2.43451
485,0.607286,0.170177,10,3.33333,0.0642835,2.55954
486,0.739829,0.252069,10,4.22667,0.0676796,2.31128
487,0.62612,0.196775,9,3.48,0.065996,2.37758
488,0.771898,0.223922,10,3.86,0.0643074,2.05552
489,0.663965,0.164096,10,2.91333,0.0642137,2.05888
490,0.640637,0.192562,8,3.32667,0.0711576,2.75137
491,0.812708,0.203093,10,3.38667,0.0633713,2.06258
492,0.863244,0.187767,10,3.26,0.0687765,2.61093
493,0.818008,0.224859,9,3.63333,0.0676299,2.35142
494,0.718241,0.205625,10,3.69333,0.0705968,2.54154
495,0.57272,0.166947,8,2.78667,0.0677219,2.6885
496,0.799878,0.233778,9,3.78667,0.0671107,2.67314
497,0.759533,0.204195,9,3.39333,0.0688607,2.53634
498,0.757012,0.225379,10,3.87333,0.0698948,2.54686
499,0.72499,0.241716,9,3.79333,0.0643167,2.18152
500,0.684599,0.21848,10,4.15333,0.0679064,2.41396
501,0.785063,0.204962,9,3.54,0.0726974,2.39934
502,0.899327,0.244422,10,4.09333,0.0673191,2.13074
503,0.688638,0.186993,10,3.32667,0.0685986,2.38548
504,0.515392,0.136132,9,2.84667,0.0636881,2.51396
505,0.732553,0.167356,10,2.98,0.0661033,2.46113
506,0.727332,0.199894,10,3.74,0.071438,2.46279
507,0.867001,0.261177,10,4.12,0.0661189,2.2114
508,0.666768,0.197494,9,3.28,0.0666847,2.2268
509,0.711935,0.183897,9,3.38,0.0680156,2.36756
510,0.764298,0.183851,10,3.41333,0.0714893,2.53829
511,0.823461,0.260923,10,4.45333,0.0668902,2.24815
512,0.730189,0.22007,9,3.78667,0.0652248,2.19031
513,0.786341,0.235608,10,4.14667,0.069529,2.31989
514,0.770226,0.22271,10,4.04,0.0676002,2.2132
515,0.760391,0.239772,10,4.14,0.0682692,2.37826
516,0.747309,0.178583,10,3.42,0.0719755,2.27902
517,0.775417,0.17224,9,3.38667,0.0712025,2.79372
518,0.665695,0.201971,9,3.54,0.0703666,2.34465
519,0.755947,0.184917,10,3.36,0.0697893,2.25877
520,0.837028,0.257469,10,4.35333,0.0691643,2.17892
521,0.767674,0.247975,10,3.98667,0.0696647,2.15403
522,0.877325,0.246015,10,4.26,0.0714586,2.41003
523,0.717701,0.206438,10,3.45333,0.0685587,2.34544
524,0.64123,0.187657,10,3.06667,0.072465,2.44412
525,0.745173,0.189284,10,3.47333,0.0690222,2.4898
526,0.587073,0.146922,8,2.69333,0.0668686,2.69242
527,0.753175,0.198954,10,3.49333,0.0670901,2.30326
528,0.737243,0.146223,9,2.7,0.0639508,2.17873
529,0.531187,0.140441,9,2.46,0.0652946,2.59949
530,0.711953,0.21313,10,3.57333,0.0678644,2.3164
531,0.721552,0.139254,10,2.74,0.0678495,2.40442
532,0.768118,0.188604,10,3.42,0.0643841,2.19019
533,0.798465,0.173667,9,3.07333,0.0687243,2.59049
534,0.740906,0.211944,9,3.61333,0.063355,2.51234
535,0.603389,0.132034,8,2.48667,0.0686607,2.95174
536,0.799744,0.18872,9,3.3,0.0675015,2.42055
537,0.749533,0.179038,9,3.2,0.0677771,2.72001
538,0.706995,0.199874,9,3.85333,0.0681845,2.65016
539,0.751703,0.196249,10,3.48667,0.0675095,2.48375
540,0.70257,0.20451,10,3.58,0.0671723,2.76101
541,0.791464,0.223494,10,4.00667,0.0673702,2.54556
542,0.626503,0.201983,8,3.68,0.0684512,3.07764
543,0.794768,0.252492,10,4.29333,0.0688198,2.59043
544,0.647637,0.193044,9,3.16,0.0702061,2.75415
545,0.806863,0.179168,10,3.51333,0.071563,2.70796
546,0.72774,0.171192,9,3.13333,0.0658498,2.74576
547,0.487671,0.0908533,8,2.06667,0.0678848,2.96525
548,0.743036,0.180463,9,3.43333,0.0709744,2.47186
549,0.64479,0.15837,9,2.97333,0.0666147,2.50463
550,0.715729,0.19805,10,3.58667,0.0668154,2.60195
551,0.774335,0.208551,10,3.60667,0.069574,2.72581
552,0.756712,0.246507,10,4.34,0.0662778,2.54649
553,0.663097,0.184264,9,3.24667,0.0674608,2.71725
554,0.572789,0.157085,9,3.14,0.0657502,2.72722
555,0.597341,0.138139,10,2.81333,0.0670871,2.66819
556,0.6411,0.160376,10,3.02,0.0673566,2.69174
557,0.654257,0.157119,10,3.08,0.0673933,2.8229
558,0.818329,0.215008,10,4.24667,0.0731587,2.55189
559,0.74174,0.246561,10,4.86,0.0710866,2.71896
560,0.661813,0.195343,10,4.02667,0.0685435,2.67568
561,0.754835,0.246618,10,4.14,0.0675314,2.54415
562,0.743984,0.199897,10,3.66667,0.0683267,2.46676
563,0.648331,0.200134,9,3.89333,0.0673516,2.90197
564,0.729464,0.217869,10,4.01333,0.0683345,2.42939
565,0.656126,0.240873,10,4.14667,0.0680943,2.75991
566,0.567514,0.149876,9,3.04,0.0667615,2.76912
567,0.550912,0.111039,9,2.33333,0.0677213,3.36297
568,0.693792,0.16362,10,3.32,0.0654698,2.66406
569,0.667737,0.181761,10,3.65333,0.0705092,2.97472
570,0.753697,0.216321,10,4.03333,0.0674691,2.79204
571,0.706671,0.190199,10,3.44667,0.0637264,2.29386
572,0.673629,0.17541,10,3.57333,0.0661683,2.68397
573,0.673895,0.166027,10,3.46667,0.0665391,2.50627
574,0.631114,0.170485,10,3.48667,0.0684122,2.71098
575,0.778499,0.267129,10,4.99333,0.0697173,2.57501
576,0.76124,0.215834,10,3.97333,0.0676569,2.56898
577,0.737811,0.166586,10,3.36,0.0644151,2.41907
578,0.643047,0.146959,10,2.96,0.0653824,2.94013
579,0.62915,0.137226,10,2.87333,0.0699913,2.84863
580,0.611677,0.19675,10,3.64,0.0714296,2.76427
581,0.727646,0.161819,10,3.40667,0.0665126,2.54854
582,0.586483,0.142533,9,3.08667,0.0671551,2.59506
583,0.641283,0.17297,10,3.46,0.0714742,2.6616
584,0.656722,0.189443,10,3.66,0.0694677,2.73432
585,0.703945,0.163315,10,3.36,0.068448,2.90118
586,0.703858,0.178825,10,3.82,0.0682337,2.66954
587,0.704021,0.169531,9,3.33333,0.0680818,2.484
588,0.742375,0.170706,10,3.62,0.0752349,2.65958
589,0.789591,0.201585,10,3.92667,0.0655285,2.60765
590,0.623108,0.132408,9,2.91333,0.0677588,2.98224
591,0.719258,0.225147,10,4.36,0.0684618,2.60471
592,0.734857,0.197201,10,4.07333,0.0682969,2.86147
593,0.770407,0.223819,10,4.06667,0.0701302,2.40566
594,0.774652,0.216011,10,4.02,0.0685785,2.23442
595,0.791552,0.259651,10,4.46,0.0675533,2.22382
596,0.562413,0.176205,8,3.12667,0.0689235,2.72328
597,0.668958,0.146611,9,2.84667,0.0666169,2.44571
598,0.600818,0.155501,10,2.94,0.0662062,2.49861
599,0.623513,0.16916,10,3.28667,0.068306,2.39254
600,0.737849,0.170266,9,3.28,0.069786,2.51695
601,0.818038,0.192133,10,3.88667,0.070079,2.61366
602,0.639376,0.164822,10,3.14,0.0680146,2.40226
603,0.701647,0.17369,10,3.29333,0.070212,2.22106
604,0.836556,0.201735,10,3.50667,0.0701267,2.12612
605,0.561181,0.155613,8,2.74,0.0619479,2.75151
606,0.56919,0.133314,9,2.58,0.0653836,2.50461
607,0.755338,0.204451,10,3.99333,0.0700149,2.39457
608,0.654273,0.185917,10,3.57333,0.0671025,2.84054
609,0.687991,0.144844,10,2.99333,0.065711,2.82182
610,0.670252,0.167886,9,3.22667,0.0653235,2.52165
611,0.737553,0.169843,9,3.48,0.066753,2.48082
612,0.732022,0.200586,10,3.96667,0.0676682,2.65681
613,0.656887,0.180307,10,3.22,0.0684657,2.86082
614,0.66964,0.225981,10,3.72667,0.0700991,2.47225
615,0.84006,0.279919,10,4.5,0.068409,2.27615
616,0.632206,0.160187,9,2.8,0.0661679,2.73182
617,0.761088,0.25622,10,3.96667,0.0669616,2.31259
618,0.654524,0.186872,10,3.38,0.0652084,2.29368
619,0.683753,0.225044,10,4.16667,0.0663481,2.58395
620,0.710486,0.220552,10,3.76667,0.0718624,2.58785
621,0.836573,0.232412,10,3.94667,0.0680041,2.48512
622,0.640251,0.162109,9,3,0.0679127,2.61073
623,0.734549,0.230153,10,4.06667,0.0697155,2.81483
624,0.731112,0.217918,10,3.63333,0.0685627,2.7442
625,0.631329,0.197904,10,3.80667,0.0653001,2.44313
626,0.824692,0.196609,10,3.60667,0.0721108,2.90319
627,0.591807,0.102771,9,2.3,0.064959,2.81331
628,0.713912,0.198409,9,3.66,0.0689454,2.61489
629,0.583446,0.137418,8,2.64,0.0693604,2.66447
630,0.665237,0.175708,10,3.54,0.0698101,2.34945
631,0.789993,0.225096,10,3.84,0.0685822,2.59654
632,0.761531,0.237626,10,3.9,0.0712023,2.37201
633,0.736781,0.198972,10,3.76667,0.0677884,2.56169
634,0.738377,0.226689,10,3.78667,0.0714058,2.02558
635,0.654515,0.156883,10,2.83333,0.0691539,2.46297
636,0.663745,0.188382,10,3.47333,0.0673463,2.39881
637,0.544006,0.111597,8,2.23333,0.0648834,2.66539
638,0.671996,0.128337,10,2.56667,0.0680526,2.51389
639,0.612294,0.139236,9,2.84,0.0692309,2.75878
640,0.603228,0.137349,9,2.78,0.0673001,2.65853
641,0.524826,0.0805183,8,1.81333,0.064851,2.73322
642,0.699811,0.121147,10,2.58667,0.0686772,2.6942
643,0.719068,0.123672,10,2.67333,0.0683456,2.30883
644,0.775764,0.187504,10,3.37333,0.0691076,2.58295
645,0.67195,0.176255,10,3.25333,0.0682142,2.70029
646,0.61722,0.126883,9,2.63333,0.068823,2.64894
647,0.769799,0.179938,10,3.68667,0.0690658,2.42817
648,0.778383,0.174572,10,3.26667,0.0674432,2.27533
649,0.692761,0.156162,10,3.12667,0.068839,2.50222
650,0.720805,0.151492,10,2.95333,0.0762765,2.58551
651,0.6751,0.151127,9,3.05333,0.0672305,2.8628
652,0.759219,0.154951,10,3,0.069603,2.90222
653,0.75401,0.146017,10,3.12667,0.068644,2.43256
654,0.755924,0.169245,10,3.12667,0.067128,2.60892
655,0.609051,0.124047,9,2.52,0.0703026,2.98387
656,0.649659,0.117012,10,2.31333,0.0684549,2.65449
657,0.671264,0.137131,9,2.72667,0.0695999,2.80155
658,0.717265,0.145315,10,2.98667,0.0679069,3.11517
659,0.612927,0.126369,10,2.72667,0.0708825,2.84661
660,0.729856,0.159178,10,3.41333,0.0706121,2.82892
661,0.777047,0.216642,10,4.19333,0.0695147,3.06334
662,0.703481,0.168332,9,3.24,0.0643197,2.8955
663,0.711896,0.171787,10,3.25333,0.0642795,2.9456
664,0.756678,0.208219,10,3.70667,0.0693832,2.84925
665,0.660994,0.179718,9,3.68,0.0702022,2.93216
666,0.714217,0.204618,9,3.49333,0.0664686,2.67874
667,0.768332,0.238346,9,4.22,0.0713389,2.72345
668,0.844487,0.22346,10,3.96,0.066048,2.43955
669,0.693256,0.182812,10,3.47333,0.0699838,3.07333
670,0.819599,0.199334,10,3.68667,0.0702301,2.71452
671,0.683401,0.145587,10,2.83333,0.0700115,2.87217
672,0.717097,0.190433,10,3.56,0.068342,2.6241
673,0.743412,0.202159,10,3.71333,0.0657288,2.77418
674,0.748412,0.21563,10,3.64,0.0712477,2.84266
675,0.725963,0.217994,10,3.63333,0.0691739,2.65512
676,0.544694,0.111984,9,2.62,0.0700844,3.15715
677,0.76367,0.193067,10,3.39333,0.0691789,2.68704
678,0.574866,0.159341,9,3.14,0.0640829,2.70158
679,0.742591,0.196151,10,3.67333,0.066333,2.70009
680,0.72495,0.166235,10,3.33333,0.0658552,2.81489
681,0.725219,0.167269,9,3.09333,0.0676137,2.92487
682,0.722504,0.182515,10,3.36667,0.0666499,3.05495
683,0.695906,0.197895,10,3.62667,0.0695842,3.03103
684,0.73844,0.205216,10,3.58667,0.0650436,2.64073
685,0.637737,0.176737,10,3.37333,0.0681518,2.92988
686,0.71003,0.19449,10,3.5,0.0662796,2.73228
687,0.611123,0.163306,10,3.29333,0.065155,3.0348
688,0.642088,0.150477,10,2.98,0.0696046,2.9256
689,0.725208,0.194832,10,3.56,0.0695514,2.70292
690,0.691904,0.171236,10,3.22,0.0648899,2.39376
691,0.751198,0.193129,10,3.69333,0.0684313,2.84082
692,0.714224,0.172047,10,3.15333,0.0646392,2.40042
693,0.649248,0.175187,10,3.04667,0.0707291,2.61874
694,0.736335,0.218201,10,3.72,0.0680812,2.53388
695,0.748103,0.16227,9,3,0.0676519,2.90378
696,0.69676,0.170008,10,3.3,0.0722645,2.98939
697,0.712289,0.190673,10,3.42667,0.0676024,2.70347
698,0.65912,0.174022,10,3.33333,0.0662826,2.91023
699,0.694374,0.185057,9,2.98667,0.0674024,2.46764
700,0.607208,0.139601,10,2.8,0.0657221,2.86951
701,0.744435,0.206898,10,3.82,0.0687627,2.74722
702,0.741874,0.191902,10,3.42667,0.0678732,2.82127
703,0.769097,0.185378,10,3.34667,0.0662867,2.83658
704,0.604894,0.14329,9,2.65333,0.0641441,3.10404
705,0.602603,0.156725,9,2.96667,0.0691601,2.81603
706,0.733386,0.170177,10,3.30667,0.0671369,2.7155
707,0.694823,0.151963,9,2.78,0.0647311,2.68812
708,0.69684,0.185583,10,3.88,0.0696038,2.80703
709,0.790562,0.230704,10,3.98,0.0688578,2.55593
710,0.754646,0.230225,10,4.29333,0.0687747,2.58157
711,0.811736,0.191441,10,3.34,0.0695041,2.98196
712,0.724013,0.194455,10,3.36,0.0691625,2.45553
713,0.662824,0.157412,10,2.90667,0.0664409,2.90773
714,0.769876,0.179118,10,3.25333,0.0664379,2.80831
715,0.876409,0.263695,10,4.40667,0.0670351,2.26064
716,0.680681,0.203598,10,3.58,0.0710356,2.58633
717,0.549094,0.142336,10,2.68667,0.0681745,2.89136
718,0.677664,0.171325,10,3.18667,0.0674549,2.86302
719,0.685311,0.184872,10,3.58,0.0690413,2.53014
720,0.73617,0.207881,10,4.21333,0.0700816,2.67493
721,0.807474,0.218691,10,4.14,0.0659698,2.70831
722,0.736453,0.205586,10,3.61333,0.0681845,2.94541
723,0.660256,0.154613,10,3.03333,0.0683269,3.08443
724,0.765284,0.202817,10,3.52,0.0656382,2.54432
725,0.870472,0.216704,10,3.8,0.072453,2.6518
726,0.717315,0.213116,9,3.76667,0.0644814,2.5301
727,0.799719,0.222786,10,3.94667,0.0698571,2.84374
728,0.763631,0.245417,10,4.14667,0.0655487,2.40114
729,0.582565,0.181893,10,3.06,0.0654863,2.82775
730,0.704819,0.199276,9,3.26,0.0636165,2.76348
731,0.673483,0.192446,9,3.08,0.0698767,2.48611
732,0.791104,0.207986,10,3.62667,0.0664626,2.51595
733,0.650717,0.185742,9,3.36,0.0694906,2.79299
734,0.746952,0.192589,10,3.59333,0.0666424,2.63433
735,0.636159,0.190281,9,3.26667,0.0667509,2.92585
736,0.669082,0.165629,9,2.86667,0.0675207,2.64691
737,0.677413,0.148303,10,2.76,0.0683648,2.8175
738,0.713696,0.192488,10,3.62,0.0682143,2.72134
739,0.706394,0.177552,10,3.30667,0.0665928,2.62316
740,0.63754,0.159563,9,2.93333,0.0657466,2.86311
741,0.78065,0.236603,10,3.96,0.0642997,2.53716
742,0.665456,0.182218,10,3.54667,0.070319,3.1053
743,0.744538,0.183176,10,3.30667,0.0650022,2.71145
744,0.738259,0.19608,10,3.67333,0.0690565,2.79761
745,0.514473,0.136665,9,2.66667,0.0671181,3.26653
746,0.685581,0.171041,10,3.1,0.0692719,2.86362
747,0.614807,0.160147,9,3.07333,0.0683312,3.0936
748,0.726169,0.154212,10,2.98667,0.0683766,2.78352
749,0.869373,0.22992,10,4.39333,0.0693252,2.54699
750,0.8084,0.232818,10,4.12,0.0654745,2.47867
751,0.722416,0.194213,10,3.50667,0.0688781,2.52188
752,0.666807,0.176785,9,3.40667,0.0693979,2.88946
753,0.735785,0.176113,10,3.44,0.0704804,3.02664
754,0.646617,0.156963,9,3.06667,0.0699018,2.98635
755,0.557292,0.123786,7,2.38,0.0639203,2.97193
756,0.754658,0.200758,10,3.94667,0.0691866,2.73225
757,0.739277,0.207479,10,3.81333,0.0668699,2.50177
758,0.680347,0.194484,9,3.44667,0.0682468,2.75558
759,0.594054,0.131035,9,2.75333,0.0699341,3.09494
760,0.663673,0.166631,9,3.05333,0.0684293,2.63706
761,0.646558,0.148925,9,3.09333,0.0667175,2.91174
762,0.743104,0.194066,10,3.71333,0.0694905,2.89085
763,0.647848,0.199215,10,3.72,0.0744776,3.23986
764,0.733094,0.23672,10,4.37333,0.0705966,2.65335
765,0.684774,0.197032,9,3.32667,0.0677579,2.56537
766,0.622742,0.170624,9,3.28667,0.0699497,2.8651
767,0.555605,0.161202,9,3.11333,0.0668113,3.03851
768,0.805267,0.225359,10,4.14667,0.0682117,2.5886
769,0.759973,0.224319,10,3.7,0.0686361,2.51634
770,0.707945,0.200162,10,3.35333,0.0679979,2.63137
771,0.501582,0.0832786,9,2.06,0.0702969,3.18912
772,0.622914,0.15902,9,3.20667,0.0674268,2.93473
773,0.797893,0.223257,10,4.06667,0.0682436,2.66505
774,0.670816,0.194527,9,3.46667,0.070169,3.0262
775,0.681719,0.179277,9,3.26667,0.0684121,2.73735
776,0.71755,0.224157,9,4.19333,0.0867943,2.74784
777,0.641184,0.174682,9,3.38667,0.0675642,2.95383
778,0.803911,0.173441,10,3.28667,0.0678511,2.94469
779,0.706076,0.208632,10,3.9,0.0716565,2.66024
780,0.748977,0.225518,10,3.95333,0.0687418,2.68131
781,0.689507,0.236852,10,4.14667,0.073048,2.87674
782,0.746648,0.26777,10,4.38667,0.0688317,2.71765
783,0.631236,0.181306,9,3.48,0.066342,3.06761
784,0.74729,0.235882,10,4.36,0.0668444,2.73097
785,0.618294,0.229171,9,3.88667,0.0687656,3.13308
786,0.777191,0.183403,10,3.26667,0.0699233,2.7049
787,0.766739,0.21829,10,3.65333,0.0694701,2.60905
788,0.782696,0.212456,10,3.57333,0.0694495,2.6598
789,0.885554,0.252413,10,4.17333,0.0690157,2.49478
790,0.795054,0.236705,10,4.19333,0.0707808,2.47013
791,0.705164,0.206633,9,3.52,0.0689853,2.56366
792,0.711187,0.190317,9,3.64667,0.0655267,2.61805
793,0.603273,0.162057,8,3.24,0.0669969,2.71761
794,0.694277,0.197877,10,3.58,0.0677461,2.78125
795,0.735644,0.234055,10,4.18667,0.0696502,2.67933
796,0.643412,0.206667,10,3.99333,0.0665946,2.58162
797,0.618214,0.204331,9,3.68,0.0700464,2.96671
798,0.637395,0.195129,9,3.5,0.0645945,2.64085
799,0.753347,0.188044,10,3.29333,0.0700528,2.83191
800,0.753984,0.145961,10,2.92,0.0708888,3.06442
801,0.786199,0.227151,10,4.28,0.0716633,2.91022
802,0.857602,0.20095,10,3.84667,0.0692409,2.85727
803,0.656991,0.198688,8,3.39333,0.0657316,2.38058
804,0.7182,0.210806,10,4.14,0.0691091,2.53476
805,0.69713,0.231305,10,4.07333,0.0779687,2.80378
806,0.820448,0.185341,10,3.6,0.0679975,2.57098
807,0.595986,0.206813,10,3.80667,0.0728786,2.84851
808,0.803267,0.249586,10,4.07333,0.0696041,2.23266
809,0.728443,0.226417,10,3.83333,0.0708972,2.49506
810,0.708638,0.183354,10,3.50667,0.0675928,2.6269
811,0.79023,0.198259,10,3.81333,0.072726,2.53813
812,0.748476,0.255993,9,4.3,0.0712267,2.48148
813,0.682478,0.184296,9,3.26667,0.0690086,2.92105
814,0.721697,0.219649,10,4.13333,0.0697335,2.39666
815,0.623155,0.156689,10,3.25333,0.0662216,2.80487
816,0.739304,0.18559,9,3.15333,0.0662992,2.45789
817,0.612287,0.172449,10,3.27333,0.0727292,2.61616
818,0.690454,0.168381,9,2.91333,0.0643659,2.12296
819,0.660486,0.170948,9,3.03333,0.0670629,2.80439
820,0.794332,0.219563,10,3.82,0.0724073,2.49469
821,0.717553,0.210819,10,3.81333,0.0672092,2.4958
822,0.671737,0.164048,9,3.17333,0.0642109,2.92561
823,0.71388,0.152535,9,2.88,0.0679422,2.69043
824,0.759786,0.200407,10,3.48,0.0699236,2.54119
825,0.495914,0.156712,8,2.89333,0.0669555,2.83106
826,0.75089,0.207822,10,3.76,0.0657335,2.63038
827,0.771217,0.223198,10,3.97333,0.0669602,2.2919
828,0.657793,0.176014,9,3.5,0.0765158,2.98429
829,0.808075,0.25276,10,4.36,0.0719088,2.59978
830,0.669753,0.197408,9,3.44667,0.0690145,2.59585
831,0.626014,0.160512,9,3.22,0.0880798,2.85402
832,0.770358,0.212677,10,4.12667,0.068545,2.81255
833,0.607483,0.141379,10,3.10667,0.070175,2.77885
834,0.85634,0.186863,10,3.46667,0.0641574,2.63414
835,0.699938,0.173589,9,3.54667,0.0678985,2.6723
836,0.743936,0.149696,9,2.99333,0.0676373,2.85799
837,0.763068,0.167263,9,3.22,0.0692004,2.66235
838,0.736945,0.178454,9,3.60667,0.0686247,2.73075
839,0.77013,0.159414,10,3.48,0.0724423,2.47199
840,0.726591,0.169973,10,3.12,0.0641225,2.53319
841,0.81469,0.242915,10,4.47333,0.0730852,2.58665
842,0.666817,0.184986,10,3.70667,0.0702507,2.763
843,0.807259,0.178612,10,3.39333,0.0644538,2.42044
844,0.840494,0.23158,10,3.98667,0.0700169,2.58645
845,0.772033,0.193303,10,3.3,0.0680425,2.60166
846,0.850616,0.26559,10,4.22667,0.068131,2.59101
847,0.807519,0.29213,10,4.4,0.0691049,2.24608
848,0.79926,0.227661,10,3.82667,0.0701726,2.69541
849,0.830668,0.223808,10,3.45333,0.0694152,2.37437
850,0.778658,0.281677,10,4.46,0.0713488,2.52327
851,0.804117,0.299277,10,4.72,0.124053,2.55495
852,0.738023,0.277609,10,4.54,0.0688674,2.45587
853,0.836513,0.315169,10,5.1,0.0701815,2.51513
854,0.810714,0.255532,10,4.22667,0.0633407,2.59916
855,0.661522,0.183114,10,3.24667,0.0644306,2.84428
856,0.765669,0.220913,10,3.95333,0.0710497,2.94011
857,0.671217,0.188348,9,3.30667,0.0730379,2.90453
858,0.70898,0.267099,10,4.2,0.0675152,2.63513
859,0.790588,0.260804,10,4.16,0.0707549,2.45725
860,0.715008,0.212727,10,3.40667,0.0676774,2.72799
861,0.734777,0.207184,10,3.40667,0.0673386,2.39654
862,0.692017,0.208448,9,3.34,0.0682879,2.6
863,0.786363,0.279007,10,4.07333,0.0695732,2.43079
864,0.794227,0.272417,10,4.36667,0.0704573,2.52812
865,0.867937,0.298441,10,4.48667,0.0668735,2.28999
866,0.813571,0.24526,10,3.83333,0.0726334,2.78981
867,0.733708,0.23384,10,3.78,0.0682411,2.56786
868,0.757844,0.209946,10,3.42,0.0665438,2.74555
869,0.751677,0.258846,10,3.89333,0.0803966,2.46117
870,0.819678,0.297346,10,4.54667,0.0726029,2.56286
871,0.828194,0.273462,10,4.26667,0.0641001,2.53729
872,0.68058,0.199368,9,3.28667,0.0670922,2.78902
873,0.695894,0.229562,10,3.68667,0.066322,2.6201
874,0.873565,0.30611,10,4.7,0.0698024,2.5839
875,0.856584,0.320322,10,4.92,0.0853895,2.48913
876,0.707867,0.256793,10,4.28667,0.0735213,2.63508
877,0.739223,0.24522,10,4.17333,0.0696493,2.88418
878,0.768437,0.277389,10,4.16667,0.12047,2.35818
879,0.733352,0.280894,9,4.14667,0.0679269,2.64905
880,0.84263,0.290622,10,4.76667,0.0652856,2.60231
881,0.725133,0.223424,10,3.59333,0.0801637,2.64788
882,0.536926,0.148845,8,2.84,0.0638983,2.95691
883,0.703245,0.204467,9,3.31333,0.0735775,2.74541
884,0.867838,0.235223,10,4.04667,0.0665338,2.29096
885,0.903434,0.295442,10,4.56667,0.0679636,2.20365
886,0.625065,0.211933,9,3.44,0.0649378,2.68466
887,0.845164,0.300088,10,4.57333,0.0660241,2.27382
888,0.758944,0.21006,10,3.26,0.0642646,2.41019
889,0.735891,0.234677,10,3.97333,0.0673767,2.79274
890,0.776105,0.244713,10,3.92667,0.0708179,2.65878
891,0.749391,0.212604,10,3.44,0.0652841,2.73734
892,0.803518,0.258678,10,4.19333,0.0725104,2.68448
893,0.800871,0.26863,10,4.35333,0.0723074,2.69862
894,0.793343,0.319492,10,4.74667,0.0638291,2.43528
895,0.813891,0.252438,10,4.11333,0.067988,2.87649
896,0.696263,0.197132,9,3.4,0.0688954,2.98245
897,0.760511,0.201616,10,3.28667,0.0628664,2.72261
898,0.719026,0.219616,10,3.39333,0.0635991,2.79561
899,0.739761,0.242758,10,4.22667,0.068905,2.7191
900,0.647168,0.193999,10,3.44667,0.0684472,2.70845
901,0.840599,0.23499,10,4.12667,0.0693833,2.57135
902,0.737838,0.198996,10,3.41333,0.0664652,2.55209
903,0.72148,0.18693,10,3.52667,0.0692506,2.69448
904,0.755168,0.197772,10,3.94,0.0694344,2.82094
905,0.721195,0.138646,9,2.63333,0.0634047,2.53131
906,0.854334,0.249582,10,4.26,0.0693475,2.67716
907,0.778876,0.245769,9,3.98667,0.064483,2.54581
908,0.792553,0.240746,10,4.24,0.091441,2.75122
909,0.763568,0.238882,10,4,0.069992,2.53244
910,0.724562,0.223906,10,3.62,0.0680528,2.52324
911,0.842392,0.201463,10,3.43333,0.0683975,2.62904
912,0.728203,0.183952,9,3.14667,0.0670661,2.52207
913,0.610641,0.152397,8,2.74667,0.0638682,2.8528
914,0.716835,0.199114,10,3.45333,0.068383,2.53611
915,0.698183,0.176767,9,3.19333,0.0656888,2.6587
916,0.798653,0.241583,10,3.88667,0.0653212,2.40412
917,0.727551,0.218668,9,4.26,0.0697037,2.52036
918,0.755317,0.201618,10,3.84,0.0686751,2.56499
919,0.621204,0.190347,9,3.62667,0.0838957,2.86654
920,0.673721,0.188895,9,3.68667,0.081164,2.89799
921,0.692735,0.158969,9,3.20667,0.0735611,2.97762
922,0.845062,0.229015,10,4.27333,0.0681974,2.6371
923,0.758884,0.180362,10,3.46667,0.0682403,2.4543
924,0.853965,0.221249,10,3.84,0.069649,2.44071
925,0.753093,0.236566,10,4.05333,0.0708412,2.43018
926,0.73314,0.238857,9,3.96,0.0665514,2.62526
927,0.864963,0.250047,10,4.06667,0.0690254,2.31296
928,0.733533,0.206302,10,3.85333,0.0676034,2.55906
929,0.774303,0.239914,10,4.28,0.0708722,2.60287
930,0.783123,0.249401,10,4.48667,0.0691012,2.67081
931,0.786357,0.242667,10,4.12,0.066299,2.48258
932,0.643952,0.190355,8,3.14667,0.0811407,2.84154
933,0.80879,0.250996,10,4.12667,0.0665204,2.47551
934,0.818854,0.245632,10,4.14,0.0793073,2.78996
935,0.843765,0.268082,9,4.56667,0.0721858,2.27331
936,0.833809,0.19825,10,3.55333,0.0687615,2.79754
937,0.839215,0.221745,10,4.26667,0.0831763,2.74407
938,0.803771,0.201971,10,3.7,0.0669192,2.7893
939,0.7842,0.23673,10,4.08,0.0709036,2.56012
940,0.80288,0.238404,10,4.11333,0.0757252,2.47905
941,0.758484,0.191617,10,3.76667,0.0655327,2.66979
942,0.807065,0.232479,10,4.29333,0.0675714,2.71754
943,0.783335,0.248493,10,4.2,0.0815316,2.42093
944,0.692988,0.220819,8,3.32667,0.0654745,2.45131
945,0.661948,0.193338,9,3.42667,0.0700793,2.36904
946,0.772325,0.180846,10,3.39333,0.0689971,2.7939
947,0.707427,0.209564,9,3.67333,0.0699974,2.80946
948,0.721732,0.235276,9,4.18667,0.272739,2.72049
949,0.805336,0.251473,10,4.32667,0.0670196,2.41735
950,0.726714,0.24077,10,3.97333,0.0693672,2.65348
951,0.738405,0.220603,10,3.88667,0.0753532,2.94662
952,0.703013,0.191777,10,3.44667,0.0691285,2.42643
953,0.800157,0.189649,10,3.16667,0.0667864,2.1544
954,0.74698,0.237434,10,3.72,0.087223,2.63391
955,0.694884,0.206968,9,3.33333,0.0666146,2.61099
956,0.69653,0.257563,9,4.10667,0.0704287,2.40042
957,0.761923,0.230637,10,4.03333,0.065016,2.54204
958,0.784353,0.186919,10,3.5,0.0703699,2.85258
959,0.874119,0.242491,10,4.14,0.0688924,2.36874
960,0.762226,0.229665,10,3.74667,0.0697895,2.71315
961,0.774171,0.2033,9,3.62667,0.0683792,2.97646
962,0.697657,0.182563,10,3.24,0.0641696,2.77361
963,0.78679,0.200282,10,3.46,0.0662921,2.59456
964,0.72328,0.182599,10,3.59333,0.0686068,2.79345
965,0.703754,0.216669,10,3.63333,0.0673381,2.79181
966,0.690773,0.210257,10,3.66,0.0756945,2.88133
967,0.815254,0.205243,9,3.18667,0.0675582,2.60405
968,0.80684,0.244652,10,4,0.0673697,2.76266
969,0.726018,0.199108,9,3.62,0.0691048,2.70849
970,0.773623,0.210583,9,3.51333,0.0685341,3.039
971,0.718218,0.187945,9,3.14,0.0656652,2.58333
972,0.793992,0.277595,10,4.11333,0.0693637,2.39505
973,0.856173,0.195165,10,3.43333,0.0710609,2.67466
974,0.571596,0.169871,8,2.90667,0.0652691,2.55969
975,0.60419,0.195543,8,3.32,0.0649366,2.61192
976,0.721964,0.206305,9,3.48667,0.0704257,2.59663
977,0.678214,0.175056,9,3.06,0.0667352,2.75726
978,0.745219,0.198493,10,3.48667,0.0702343,3.0381
979,0.7289,0.190226,10,3.38667,0.0669707,2.98858
980,0.754989,0.164633,10,2.89333,0.0648009,2.7998
981,0.578873,0.177677,8,2.91333,0.0662401,2.69233
982,0.721839,0.222847,10,3.8,0.0699951,2.74859
983,0.65017,0.187933,10,3.53333,0.072112,3.00256
984,0.653956,0.151012,9,2.90667,0.0665104,3.06777
985,0.763176,0.200625,10,3.66,0.0680403,2.99414
986,0.784678,0.181046,9,3.17333,0.0656435,2.4557
987,0.795256,0.215799,10,3.74,0.0805879,2.51806
988,0.886471,0.220978,10,3.99333,0.0710259,2.63428
989,0.714747,0.240017,10,4.22,0.0687803,2.51156
990,0.700272,0.210227,10,3.85333,0.0724333,2.75377
991,0.605104,0.156327,9,3.04667,0.0683791,2.90025
992,0.768748,0.215418,9,3.93333,0.0918411,3.1253
993,0.783456,0.178312,10,3.25333,0.0691102,2.59542
994,0.733669,0.192031,10,3.56667,0.0674908,2.65529
995,0.756658,0.21471,10,3.52667,0.0699911,2.63489
996,0.750858,0.203932,10,3.6,0.0716547,3.11284
997,0.668112,0.179657,10,3.18,0.0774586,2.80157
998,0.690557,0.169886,9,3.23333,0.0677545,2.78578
999,0.699826,0.200341,9,3.78,0.0636697,2.56329
1000,0.759593,0.181982,10,3.44,0.114764,2.69637
