1,0.0147277,0.000659408,2,0.0933333,0.103786,1.20908
2,0.160868,0.00685533,7,0.326667,0.0680909,1.33252
3,0.301371,0.00497362,5,0.22,0.0718698,1.32626
4,0.261472,0.00892372,5,0.34,0.0669465,1.12398
5,0.136627,0.00837072,5,0.346667,0.0674278,1.08906
6,0.1833,0.00632588,5,0.28,0.0677011,0.979455
7,0.16532,0.00724976,6,0.333333,0.0681228,1.06259
8,0.283082,0.00974865,4,0.34,0.0683666,0.924376
9,0.150611,0.00822355,5,0.433333,0.0680241,0.992349
10,0.274847,0.0230757,6,0.726667,0.066091,1.28072
11,0.177006,0.00765828,8,0.466667,0.0669808,1.50069
12,0.121041,0.00724522,7,0.593333,0.067159,1.47169
13,0.206162,0.015294,8,1.02,0.0691502,1.45229
14,0.203334,0.00997714,7,0.9,0.0664863,1.86684
15,0.14074,0.0101296,5,0.986667,0.0644393,2.1902
16,0.216074,0.00781391,6,0.493333,0.0667569,1.52026
17,0.203425,0.018447,7,1.19333,0.0722287,2.03723
18,0.17494,0.0223976,8,1.28,0.0679493,2.33124
19,0.299807,0.0280055,10,1.28,0.0690537,1.70598
20,0.289762,0.0291769,8,1.14667,0.0664717,1.78908
21,0.525727,0.107108,9,2.93333,0.070782,2.76646
22,0.37536,0.0461164,7,1.53333,0.0634284,2.2225
23,0.442238,0.0797449,9,2.4,0.069399,2.30412
24,0.252615,0.0449354,9,2,0.0664172,3.23449
25,0.435471,0.076008,7,2.06667,0.066876,2.9168
26,0.474163,0.112171,8,2.50667,0.0694693,2.93761
27,0.500431,0.0780323,8,1.99333,0.0683813,2.38104
28,0.380614,0.0800448,8,2.38667,0.0676492,2.75679
29,0.500567,0.0754256,8,1.86667,0.0686093,2.56967
30,0.399276,0.0781765,10,2.28,0.0672663,2.50586
31,0.512737,0.0683197,9,1.96667,0.0673539,2.14875
32,0.426408,0.0832431,8,2.22,0.0681513,2.46032
33,0.567248,0.0809918,8,2.00667,0.0663049,2.40177
34,0.508272,0.121571,9,2.97333,0.0673288,2.89466
35,0.612196,0.0874675,9,2.14667,0.0695281,2.78657
36,0.566591,0.109438,8,2.12667,0.0646574,2.67309
37,0.379357,0.0561526,8,1.62,0.0653203,2.89687
38,0.615362,0.0867408,9,2.4,0.0860874,2.76863
39,0.63421,0.129919,10,3.03333,0.0734471,2.22341
40,0.498094,0.108049,8,2.63333,0.0747659,2.58156
41,0.437573,0.0965141,10,2.88667,0.0676239,2.75182
42,0.467515,0.122074,9,2.84667,0.0675133,2.86833
43,0.444882,0.0939376,8,2.4,0.0682321,2.63104
44,0.614046,0.102935,9,2.78,0.0699668,2.58408
45,0.501801,0.0977148,9,2.60667,0.0699628,2.58966
46,0.433514,0.0919477,9,2.52667,0.0673781,2.42857
47,0.539815,0.100994,8,2.34,0.067146,2.92852
48,0.397079,0.0953573,9,2.79333,0.0703694,2.42507
49,0.432186,0.0841439,10,2.73333,0.0685892,2.62029
50,0.680342,0.138944,10,3.10667,0.155512,2.54598
51,0.429133,0.0744199,8,2.39333,0.0699159,2.83913
52,0.429762,0.0863012,8,2.43333,0.0698239,2.63261
53,0.623095,0.103287,9,3.22667,0.0997273,2.70301
54,0.68136,0.0859153,8,2.97333,0.0681542,2.426
55,0.630088,0.15444,9,3.55333,0.0665552,2.46113
56,0.546312,0.105761,7,2.32667,0.0672045,2.68701
57,0.611198,0.103212,8,2.56667,0.067943,2.65084
58,0.534762,0.184135,9,3.27333,0.071016,2.46553
59,0.643875,0.132341,8,3.19333,0.0677268,2.07656
60,0.463884,0.151918,8,2.84667,0.0686815,2.43139
61,0.784228,0.142114,10,3.16,0.0674407,2.13036
62,0.658295,0.148755,9,3.50667,0.069279,2.55295
63,0.524322,0.11836,8,2.86,0.0676073,2.86534
64,0.612186,0.166907,10,3.3,0.0734021,2.68996
65,0.582805,0.101219,9,2.66,0.0848918,2.81074
66,0.67147,0.0961756,9,2.8,0.069802,2.75751
67,0.523859,0.164231,7,3.26,0.0704387,2.67501
68,0.770824,0.184509,10,4.05333,0.0797936,2.48466
69,0.604825,0.108031,8,2.82667,0.0665478,2.95747
70,0.590153,0.123418,10,3,0.0677293,3.21511
71,0.627485,0.186667,10,3.92667,0.0719237,2.81071
72,0.784717,0.190168,10,3.94,0.0682608,2.65627
73,0.702122,0.175476,10,3.96667,0.0697143,2.99596
74,0.607029,0.0990716,9,2.50667,0.0694171,3.01308
75,0.771268,0.122275,10,2.72667,0.0884445,2.76204
76,0.655593,0.111259,10,2.59333,0.0707604,2.56696
77,0.792255,0.160449,10,3.26667,0.0692322,2.58789
78,0.761097,0.121215,9,3,0.0763829,2.64107
79,0.582862,0.14226,8,3.02,0.0648023,2.65998
80,0.572554,0.108387,8,2.43333,0.065852,2.74866
81,0.676647,0.163933,10,3.08667,0.0805682,2.74877
82,0.799041,0.148711,10,3.22667,0.0736887,2.89701
83,0.746009,0.149927,10,3.33333,0.0694314,2.56182
84,0.711354,0.0966911,9,2.39333,0.0681393,2.57481
85,0.721806,0.206184,10,3.84,0.0712002,2.36893
86,0.503283,0.0801041,10,2.45333,0.0790371,2.94274
87,0.66992,0.201749,9,3.71333,0.0705713,2.4408
88,0.639166,0.117,9,3.34667,0.0695089,2.74975
89,0.544134,0.151672,8,3.17333,0.070926,2.97454
90,0.440335,0.0757981,7,2.26,0.0993949,3.30265
91,0.721818,0.156209,10,3.5,0.072438,2.65035
92,0.395248,0.0849533,6,1.98,0.0661151,2.7511
93,0.518719,0.109175,9,2.58667,0.0680795,2.7176
94,0.744454,0.167141,10,3.40667,0.0714932,2.90175
95,0.594042,0.0953274,9,2.82,0.0662636,2.77875
96,0.662508,0.127892,9,2.8,0.128185,2.98379
97,0.483104,0.10891,8,2.32,0.0720265,2.81842
98,0.587644,0.145356,10,3.26,0.0659266,3.08219
99,0.832849,0.11746,10,2.91333,0.066304,2.80322
100,0.560599,0.145466,8,3.02667,0.0695061,3.0248
101,0.555469,0.139156,9,3.22,0.0664881,2.56585
102,0.427127,0.0866154,8,2.12667,0.0648955,2.8807
103,0.742137,0.113268,10,2.44,0.0666226,2.84024
104,0.570279,0.0809386,9,2.13333,0.0668452,2.80703
105,0.688287,0.126778,9,2.66,0.0691445,3.13956
106,0.633753,0.112125,9,2.78667,0.0686709,3.11162
107,0.697957,0.0991452,9,2.44,0.0668123,3.07813
108,0.677942,0.100448,9,2.66667,0.0682753,2.67862
109,0.585799,0.0796867,9,1.81333,0.0683027,3.48465
110,0.588187,0.0805634,10,2.26,0.0731409,2.74306
111,0.843504,0.114333,10,2.69333,0.0692408,3.12186
112,0.512951,0.0976104,9,2.52,0.0711361,3.10635
113,0.72721,0.148994,10,3.29333,0.071303,2.50075
114,0.550912,0.121502,9,2.56667,0.08679,2.8181
115,0.716333,0.153075,10,3.30667,0.0734511,2.34239
116,0.607378,0.159066,10,3.22667,0.0722062,2.61341
117,0.597977,0.114183,8,2.24667,0.0669137,2.73596
118,0.550865,0.0984029,9,2.46,0.0679793,2.716
119,0.668524,0.127144,10,2.76667,0.0700505,2.74029
120,0.772059,0.139139,10,2.75333,0.069704,3.05044
121,0.774883,0.170894,10,3.20667,0.0808399,2.4055
122,0.688941,0.149571,10,3.13333,0.0687743,2.84514
123,0.796859,0.167864,10,3.29333,0.0667846,3.02327
124,0.694597,0.142095,8,2.64667,0.0668678,2.5757
125,0.692522,0.114004,9,2.38,0.125111,3.01126
126,0.819697,0.172879,10,3.49333,0.079361,2.55393
127,0.620046,0.101781,9,2.4,0.0671066,2.64621
128,0.693124,0.139677,10,2.9,0.0675777,2.77044
129,0.674563,0.144806,9,3.15333,0.0669679,3.30513
130,0.57262,0.139366,9,2.88667,0.0671284,3.2563
131,0.547786,0.125139,9,2.60667,0.0687048,3.27677
132,0.475109,0.116824,8,2.16667,0.0851978,2.95924
133,0.55932,0.149736,10,2.57333,0.0720252,2.88135
134,0.716882,0.162708,9,3.11333,0.0745867,2.86827
135,0.55075,0.126577,7,2.19333,0.0663463,3.09407
136,0.591928,0.143718,9,2.87333,0.070705,2.85224
137,0.754688,0.195368,10,3.36667,0.0683304,2.64305
138,0.787198,0.143553,9,2.58667,0.0748911,2.79791
139,0.698924,0.145756,9,2.72,0.0653692,2.48519
140,0.669427,0.151117,10,3.38,0.070207,2.57636
141,0.799121,0.20565,10,3.72,0.0729033,2.57337
142,0.656116,0.156548,10,3.18667,0.0678373,2.5031
143,0.664702,0.171063,9,3.16,0.0701253,2.75027
144,0.472413,0.107389,8,2.48667,0.0686463,2.83541
145,0.640302,0.162193,9,3.11333,0.0899059,2.83094
146,0.79333,0.231522,10,4.35333,0.0700769,2.69746
147,0.703435,0.196648,10,3.86,0.071779,2.63791
148,0.641314,0.17203,10,3.32,0.0677582,2.58876
149,0.691938,0.1498,9,2.76667,0.0683095,2.95238
150,0.621852,0.186109,9,3.46667,0.068303,2.81218
151,0.729877,0.188455,10,3.57333,0.0714609,2.93226
152,0.692205,0.173949,10,3.36,0.0679657,2.87801
153,0.791684,0.18767,10,3.53333,0.0673454,2.7915
154,0.718601,0.19968,10,3.95333,0.0713592,2.85933
155,0.612428,0.145416,10,3.02,0.0657247,2.64737
156,0.767435,0.207493,10,3.76,0.0698262,2.57408
157,0.5864,0.156903,9,2.98667,0.0708495,3.00771
158,0.657647,0.145395,10,3.04667,0.0640721,2.67039
159,0.585627,0.146693,10,2.85333,0.0710609,2.84391
160,0.729607,0.228081,10,4.37333,0.0746911,2.74947
161,0.709198,0.166894,9,3.43333,0.0672327,2.83096
162,0.590486,0.161289,9,3.41333,0.0696724,3.00821
163,0.691008,0.225338,9,4.00667,0.0673927,2.83707
164,0.679231,0.159408,9,3.00667,0.0762292,2.76838
165,0.522269,0.133488,9,2.70667,0.0673286,3.03622
166,0.661043,0.183071,9,3.4,0.0695933,3.00733
167,0.696901,0.205404,10,3.85333,0.0660693,2.78433
168,0.662019,0.146241,8,2.71333,0.0638918,2.57697
169,0.603156,0.169921,9,3.09333,0.068843,2.92216
170,0.742306,0.158732,10,3.12,0.0693589,3.09084
171,0.760143,0.22824,10,4,0.0674825,2.45285
172,0.708702,0.215305,9,3.96,0.0688713,2.60966
173,0.664013,0.179433,10,3.37333,0.068879,2.60294
174,0.685023,0.191055,10,3.38667,0.074101,2.81663
175,0.681023,0.208804,10,3.7,0.0681323,2.56397
176,0.751277,0.196047,10,3.62,0.0706915,2.49654
177,0.643341,0.130071,9,2.62,0.0658896,2.7928
178,0.568456,0.166222,8,2.94,0.0673306,2.59016
179,0.595356,0.172024,9,3.21333,0.0765264,2.84569
180,0.628692,0.186157,9,3.58667,0.0670169,2.74908
181,0.80933,0.171752,10,3.30667,0.0680158,3.10032
182,0.713442,0.210299,10,4.22,0.0713094,2.87254
183,0.762277,0.243132,10,4.35333,0.0661062,2.66332
184,0.68228,0.193863,10,3.98667,0.122862,2.98784
185,0.674542,0.203654,9,3.78667,0.0709093,2.73027
186,0.767294,0.19126,10,3.45333,0.0711969,2.94483
187,0.795647,0.2168,9,3.9,0.0673799,2.66455
188,0.76716,0.230549,10,4.11333,0.0675528,2.66667
189,0.580999,0.162503,9,3.12667,0.0688703,3.01588
190,0.721901,0.24167,10,4.24,0.0673002,2.66829
191,0.64638,0.197828,10,3.92,0.0776148,3.06708
192,0.633371,0.185188,9,3.66667,0.0693403,3.10502
193,0.608692,0.193081,9,3.99333,0.067897,2.96419
194,0.651485,0.176401,9,3.34,0.0686404,2.81535
195,0.713594,0.217528,10,3.74667,0.113134,2.87314
196,0.797338,0.200089,10,3.53333,0.068718,2.73413
197,0.752276,0.216189,10,3.73333,0.0694861,2.59737
198,0.734591,0.2312,10,3.75333,0.0708067,2.77153
199,0.533417,0.144747,9,2.98,0.0686705,2.98239
200,0.628748,0.157636,10,2.98,0.0642804,2.46024
201,0.725437,0.188745,9,3.24667,0.0723267,2.52534
202,0.818177,0.231821,10,4.07333,0.0728125,2.39737
203,0.699176,0.216696,9,3.64,0.0690969,2.81541
204,0.57409,0.129177,8,2.42667,0.0698534,3.08653
205,0.736769,0.200968,10,3.46,0.0660845,2.62119
206,0.611907,0.166183,9,3.27333,0.0703175,2.9221
207,0.741502,0.20558,10,3.66,0.0680232,2.8512
208,0.732531,0.187673,9,3.50667,0.0695463,3.09431
209,0.865354,0.24582,10,4.26,0.0758208,2.69049
210,0.663617,0.184207,10,3.74,0.0686674,2.54447
211,0.689914,0.186153,10,3.86667,0.0799261,2.7405
212,0.777613,0.232453,10,4.19333,0.0718299,2.48266
213,0.760742,0.223092,10,4.07333,0.0670792,2.28281
214,0.796445,0.207632,10,4.08,0.0697105,2.55334
215,0.709971,0.213672,9,3.98,0.0677934,2.77554
216,0.696784,0.223089,10,4.12667,0.0662958,2.66248
217,0.674243,0.196515,9,3.44667,0.066063,2.67145
218,0.725783,0.190437,10,3.24667,0.0657535,2.73068
219,0.688519,0.240234,10,4.14667,0.066668,2.84585
220,0.729907,0.211621,10,3.82667,0.0692807,2.57813
221,0.63709,0.183855,10,3.11333,0.0677536,2.44809
222,0.63581,0.132185,9,2.54,0.0775901,2.93179
223,0.562422,0.156411,10,3.20667,0.0678173,2.81656
224,0.723131,0.233917,10,4.13333,0.0997949,2.732
225,0.666791,0.177609,9,3.42667,0.0652637,2.90434
226,0.76086,0.234789,10,4.17333,0.0703474,2.60949
227,0.713978,0.180046,10,3.41333,0.0643948,2.98341
228,0.728235,0.183947,9,3.59333,0.0674623,2.96058
229,0.655261,0.170575,10,3.51333,0.0651277,2.86553
230,0.690847,0.168077,9,3.64,0.0683719,2.94202
231,0.801821,0.218472,10,3.94667,0.0693816,2.63746
232,0.69147,0.173153,10,3.54667,0.0696155,2.92617
233,0.799389,0.227552,10,4.08667,0.0714614,3.06988
234,0.536628,0.151203,9,3.35333,0.0726186,3.54561
235,0.753539,0.156724,10,3.08,0.0666126,2.5033
236,0.723736,0.177333,10,3.30667,0.0695464,3.1366
237,0.781472,0.219312,10,3.92667,0.071839,2.68125
238,0.68541,0.177408,10,3.76667,0.0776172,2.94684
239,0.747281,0.209358,10,3.97333,0.0797108,2.67102
240,0.722571,0.178185,10,3.22667,0.0680652,2.76006
241,0.720364,0.212819,10,3.74,0.0690647,2.46075
242,0.590362,0.167645,9,3.41333,0.0705562,2.82808
243,0.89997,0.257049,10,4.49333,0.070717,2.47547
244,0.76747,0.20191,10,3.74,0.0708725,2.80799
245,0.842461,0.193394,10,3.64,0.0702784,2.87679
246,0.573917,0.14685,8,2.92667,0.0651978,2.90002
247,0.648631,0.229638,9,3.98,0.0687726,2.46051
248,0.646205,0.180283,10,2.94667,0.0689338,2.66605
249,0.666813,0.195627,10,3.26,0.0691631,2.60829
250,0.598115,0.165104,8,2.76667,0.0650406,2.89983
251,0.80556,0.273577,10,4.45333,0.0675143,2.53729
252,0.743437,0.253664,9,3.94667,0.0701124,2.53189
253,0.822104,0.270913,10,4.34,0.0680453,2.43316
254,0.846376,0.257945,10,4.43333,0.0699228,3.01334
255,0.731278,0.22179,10,4.07333,0.0661827,2.79352
256,0.765391,0.201434,10,3.74667,0.0670151,2.65755
257,0.675911,0.208177,10,3.34,0.0633184,2.48675
258,0.72977,0.235279,10,3.99333,0.0688616,3.07283
259,0.609645,0.206252,9,3.28,0.111285,2.94986
260,0.800304,0.253352,10,4.26667,0.0689688,2.78659
261,0.707058,0.241917,10,3.95333,0.0677002,2.86422
262,0.825513,0.294338,10,4.76667,0.0703235,2.4619
263,0.796129,0.278671,10,4.16667,0.0700523,2.47142
264,0.769507,0.292664,10,4.56667,0.096979,2.64319
265,0.623615,0.206935,10,3.52667,0.069679,2.90204
266,0.762132,0.266219,10,4.52,0.0672211,2.723
267,0.818569,0.275331,10,4.62667,0.0685703,2.70962
268,0.74692,0.249557,10,4.11333,0.0668622,2.54896
269,0.681114,0.231622,10,3.92667,0.0667349,2.89264
270,0.761374,0.254988,10,4.26667,0.0682322,2.90706
271,0.571465,0.203209,9,3.42,0.0883409,2.8726
272,0.65473,0.222615,10,3.90667,0.0685107,2.83307
273,0.60993,0.173974,10,2.93333,0.0685693,2.80784
274,0.651417,0.204487,10,3.51333,0.0756733,3.008
275,0.768439,0.237641,10,4.04667,0.0729613,2.79326
276,0.813219,0.253757,10,4.47333,0.0697143,2.81097
277,0.571242,0.162337,9,3.16,0.0654051,2.89202
278,0.800359,0.240861,10,4.37333,0.0707921,2.66833
279,0.792659,0.222452,10,3.88667,0.0692476,2.70259
280,0.63926,0.180939,10,3.10667,0.0666236,2.72959
281,0.910087,0.311796,10,5.18667,0.0667412,2.42426
282,0.685712,0.200956,9,3.61333,0.0670602,2.55251
283,0.756083,0.192989,10,3.56,0.0713379,2.45765
284,0.690041,0.252675,10,4.28,0.0661674,2.65377
285,0.852735,0.238521,10,3.99333,0.0696392,2.63838
286,0.673135,0.177275,9,3.01333,0.0688028,2.61811
287,0.756358,0.231041,10,4.05333,0.0663888,2.51839
288,0.690521,0.200359,10,3.84667,0.0697625,2.7852
289,0.642826,0.171101,10,3.57333,0.065952,2.80955
290,0.742048,0.25863,10,4.74,0.0696184,2.40231
291,0.684088,0.209795,10,3.81333,0.0686237,2.6662
292,0.66227,0.189698,9,3.52,0.0887094,2.95792
293,0.825696,0.237242,10,4.02667,0.0678888,2.4418
294,0.765822,0.231534,10,4.2,0.0661003,2.30538
295,0.833422,0.255123,10,4.47333,0.0668113,2.15141
296,0.830079,0.209038,10,3.85333,0.0692629,2.66801
297,0.649428,0.179708,10,3.59333,0.0660766,2.44638
298,0.72363,0.25945,10,4.49333,0.0672963,2.52785
299,0.721944,0.23556,10,4.24667,0.0709817,2.52433
300,0.676595,0.180148,10,3.62,0.0686994,2.70815
301,0.769898,0.201903,10,3.84,0.0669839,2.51263
302,0.573323,0.18715,9,3.55333,0.0694493,2.7574
303,0.748313,0.256453,10,4.55333,0.0682699,2.60098
304,0.72742,0.250341,9,4.06667,0.0674943,2.52019
305,0.629231,0.21521,9,3.65333,0.0658829,2.41327
306,0.772459,0.209596,10,3.83333,0.0682422,2.67894
307,0.735244,0.193711,10,4.06667,0.0686767,2.62812
308,0.546257,0.180765,8,3.54667,0.068412,2.83863
309,0.836465,0.199833,10,4.03333,0.0667698,2.74766
310,0.624821,0.213548,10,4.02,0.0662909,2.78095
311,0.769998,0.191622,10,3.64667,0.068384,2.65005
312,0.744324,0.181857,10,3.62,0.0658132,2.84341
313,0.600765,0.170251,9,3.24667,0.0673278,2.72673
314,0.719251,0.209327,10,4.04,0.0663802,2.97565
315,0.665377,0.251462,10,4.32,0.0711533,3.20066
316,0.754458,0.208037,10,4.01333,0.0667792,2.61144
317,0.777183,0.188735,10,3.38667,0.0673776,2.46818
318,0.693484,0.212117,10,3.87333,0.0680985,3.06681
319,0.855248,0.223603,10,4.10667,0.0678153,2.30674
320,0.771801,0.186342,10,3.76,0.0660607,2.66121
321,0.751349,0.193648,10,3.89333,0.0713723,2.74245
322,0.737344,0.176908,10,3.29333,0.0654446,2.39219
323,0.776732,0.224496,10,4.04,0.0693485,2.46931
324,0.592757,0.192945,9,3.85333,0.0684485,2.88935
325,0.662018,0.167842,10,3.21333,0.0672827,2.6464
326,0.797527,0.185396,10,3.78667,0.0661597,2.65194
327,0.79057,0.194363,10,3.78667,0.0662667,2.48845
328,0.753923,0.206322,10,3.96,0.0695935,2.78505
329,0.620094,0.180646,9,3.37333,0.0653626,2.71692
330,0.815462,0.228666,10,4.28,0.0652038,2.78574
331,0.704783,0.199394,9,3.88,0.0648541,3.1619
332,0.767545,0.244836,10,4.5,0.0702849,3.07176
333,0.783733,0.195684,10,3.43333,0.0683225,2.78092
334,0.765051,0.203302,10,3.64,0.0691005,2.8139
335,0.658687,0.17073,10,3.06667,0.0663851,2.77039
336,0.651823,0.138212,10,2.54667,0.0674314,3.19647
337,0.793877,0.2427,10,4.20667,0.0685722,2.96126
338,0.681007,0.187527,10,3.14667,0.071746,2.80888
339,0.649333,0.201896,10,3.5,0.0674382,2.73015
340,0.762316,0.204402,10,3.81333,0.0736865,2.97251
341,0.696427,0.192901,10,3.64667,0.0678746,2.8525
342,0.668883,0.162998,10,3.07333,0.0661383,3.111
343,0.764522,0.194246,10,3.47333,0.0696066,2.87776
344,0.731856,0.165742,10,3.11333,0.0696778,2.79082
345,0.84634,0.189738,10,3.40667,0.0663079,2.91316
346,0.753934,0.234144,10,4.16,0.0719255,2.83356
347,0.70935,0.245356,10,3.97333,0.0702059,2.83002
348,0.79586,0.239248,10,4.06667,0.0668078,2.6826
349,0.644201,0.153357,10,3.10667,0.0635341,2.56984
350,0.67111,0.178252,10,3.41333,0.0686926,2.95075
351,0.696601,0.16855,10,3.34,0.0681214,2.56188
352,0.648617,0.161113,10,2.97333,0.0659691,2.69994
353,0.604429,0.165353,10,3.06,0.0674876,2.58398
354,0.715242,0.193029,10,3.65333,0.0678206,2.51211
355,0.71302,0.149509,10,2.81333,0.0668541,2.73874
356,0.711638,0.21788,10,4.08,0.0668668,2.8337
357,0.738846,0.178392,10,3.06,0.0670839,2.74715
358,0.60277,0.156137,9,3.06667,0.0699823,3.13389
359,0.739837,0.211269,9,3.73333,0.065718,2.43197
360,0.733582,0.213658,10,3.72667,0.0672401,2.7031
361,0.787262,0.177393,10,3.22,0.0677762,3.05984
362,0.619265,0.151121,9,2.88,0.0655708,2.91933
363,0.727124,0.1819,10,3.52,0.0684664,2.89084
364,0.635176,0.154986,10,2.82,0.0674691,2.88653
365,0.722363,0.216978,9,3.62,0.0702558,2.83649
366,0.665691,0.179047,10,3.28,0.0686278,2.69727
367,0.665431,0.18254,10,3.72667,0.0715239,2.96582
368,0.725004,0.190253,10,3.56667,0.068977,2.7509
369,0.721596,0.215143,9,3.61333,0.0665272,2.52129
370,0.765839,0.208133,10,4.08,0.0641296,2.74129
371,0.712339,0.163645,10,3.23333,0.0657524,2.91591
372,0.634527,0.219917,10,3.79333,0.0669298,2.88608
373,0.68136,0.210411,10,3.66,0.0654989,2.59199
374,0.814191,0.202743,10,3.48,0.0679726,2.78473
375,0.644575,0.166385,10,3.3,0.0638379,2.97873
376,0.740198,0.211128,10,3.96667,0.0708502,2.86168
377,0.682473,0.157687,10,3.05333,0.0684615,2.69787
378,0.779126,0.242454,10,4.18667,0.067643,2.42646
379,0.85473,0.20847,10,3.8,0.0676573,2.43891
380,0.710553,0.187341,10,3.42,0.0676607,2.61794
381,0.661111,0.180019,9,3.22667,0.0664689,2.69182
382,0.752434,0.240906,10,4.19333,0.0687278,2.66867
383,0.653074,0.197157,9,3.49333,0.0681265,2.85327
384,0.79681,0.276818,10,4.57333,0.0731287,2.48709
385,0.789101,0.241334,10,4.06667,0.0669518,2.56314
386,0.725047,0.235404,10,3.69333,0.0665275,2.4478
387,0.687246,0.177351,9,3.02667,0.0662919,2.80681
388,0.675526,0.180369,9,3.06,0.0668676,2.6167
389,0.571523,0.159572,8,2.8,0.0655488,3.03608
390,0.59394,0.194581,9,3.34,0.0706726,2.98399
391,0.641408,0.173929,8,3.06,0.0638097,2.85219
392,0.815861,0.217146,10,3.72667,0.0700464,3.08535
393,0.819595,0.179072,10,3.22,0.0673232,2.76715
394,0.781335,0.19377,9,3.66,0.0701409,2.63573
395,0.61695,0.162547,9,2.9,0.0738724,2.79095
396,0.712691,0.177523,10,3.06667,0.06633,2.78959
397,0.705802,0.213197,9,3.8,0.0674069,2.50007
398,0.693729,0.253015,10,4.19333,0.0697642,2.64623
399,0.712044,0.187762,9,3.4,0.0679396,2.5481
400,0.64254,0.217359,10,4.10667,0.0671808,2.64491
401,0.724428,0.199822,10,3.82,0.0634273,2.32239
402,0.794666,0.217678,10,4.2,0.071469,2.54905
403,0.669257,0.192387,9,3.38,0.0659203,2.52722
404,0.816928,0.20905,10,4.15333,0.0713705,2.55221
405,0.611675,0.165676,9,3.38667,0.0683321,2.74035
406,0.662742,0.112716,10,2.59333,0.0696301,2.82494
407,0.706747,0.163769,9,3.16667,0.0653181,2.53499
408,0.744514,0.20282,10,3.54667,0.0663094,2.24707
409,0.788074,0.14744,9,2.68,0.0656698,2.4873
410,0.786348,0.1499,9,3.26667,0.0694468,2.72582
411,0.744368,0.156496,9,3.04667,0.0688194,2.84025
412,0.75902,0.209655,9,4.14667,0.0680208,2.74711
413,0.764025,0.17087,9,3.3,0.0706383,2.67451
414,0.719409,0.171422,10,3.54667,0.06902,2.48018
415,0.712659,0.204701,10,4.18667,0.0698268,2.56822
416,0.825574,0.156241,10,3.17333,0.0697787,2.72947
417,0.854586,0.222169,10,4.18,0.0674695,2.79457
418,0.81242,0.219118,10,4.23333,0.0725384,2.66714
419,0.715981,0.210494,9,4.19333,0.0728833,2.83439
420,0.638708,0.160913,10,3.18,0.0666753,2.80338
421,0.702277,0.182323,9,3.6,0.0676866,2.68757
422,0.60222,0.145957,8,3.14667,0.067875,2.74525
423,0.726634,0.231085,10,4.44,0.069296,2.86719
424,0.773462,0.188147,10,4.05333,0.0636607,2.54296
425,0.760075,0.171659,10,3.31333,0.0676532,2.47397
426,0.889591,0.161439,10,3.37333,0.0706896,2.95711
427,0.690645,0.16849,9,3.26667,0.0665814,2.63581
428,0.564802,0.170478,9,3.30667,0.0698086,2.94172
429,0.81049,0.204838,10,3.58667,0.0665861,2.63806
430,0.700164,0.155942,10,3.04667,0.0659804,2.47517
431,0.686364,0.150867,10,2.96,0.0675724,2.88354
432,0.682461,0.175261,10,3.25333,0.0671874,2.75754
433,0.72216,0.185553,10,3.61333,0.0706025,2.82909
434,0.886119,0.202387,10,4.07333,0.0673059,2.39255
435,0.701893,0.178064,10,3.41333,0.0675941,2.68778
436,0.839006,0.215512,10,3.71333,0.0727354,2.44428
437,0.790625,0.190941,9,3.44,0.0777942,2.72555
438,0.750466,0.165675,9,2.92667,0.0673886,2.53386
439,0.92379,0.240079,10,3.9,0.0651759,2.3907
440,0.900583,0.290633,10,4.54667,0.0715936,2.40408
441,0.591424,0.168803,8,3.02667,0.0683714,2.5762
442,0.774405,0.19133,10,3.67333,0.0672172,2.43405
443,0.741464,0.174407,10,3.22667,0.0663179,2.62571
444,0.628552,0.162446,8,2.74,0.0615539,2.5573
445,0.674382,0.202061,9,3.42,0.0651683,2.60099
446,0.718118,0.173848,9,3.16,0.0697231,2.48949
447,0.668716,0.15167,9,2.75333,0.0645477,2.65474
448,0.77733,0.220342,10,3.7,0.0713489,2.65827
449,0.756209,0.213734,10,3.34,0.0649377,2.53878
450,0.797324,0.242839,10,4.10667,0.0671841,2.37715
451,0.854964,0.250868,10,4.1,0.0693728,2.54685
452,0.739571,0.212484,9,3.82667,0.0760331,2.59489
453,0.805318,0.220526,10,4.16667,0.0690309,2.52627
454,0.703319,0.197501,9,3.66667,0.0656074,2.60339
455,0.727134,0.210957,9,3.75333,0.064794,2.63982
456,0.6792,0.174388,10,3.26,0.0666127,2.52668
457,0.604084,0.16159,10,2.90667,0.0662773,2.94365
458,0.736794,0.204793,10,4.02,0.0708708,2.8455
459,0.734989,0.24796,10,4.21333,0.0664206,2.67682
460,0.787616,0.224452,10,3.76667,0.0672869,2.26473
461,0.821503,0.244613,10,4.24,0.0666327,2.33466
462,0.798584,0.208994,10,3.72,0.0664993,2.39215
463,0.725907,0.219579,9,3.60667,0.0660532,2.55009
464,0.574267,0.170114,9,3.02,0.0695681,2.73832
465,0.802049,0.215455,10,3.93333,0.0700832,2.40467
466,0.655658,0.179395,10,3.30667,0.0697201,2.53001
467,0.813313,0.209792,9,3.76667,0.0690831,2.29748
468,0.699647,0.245145,10,4.08,0.0662975,2.57477
469,0.793435,0.170847,9,3.06667,0.0661041,2.30503
470,0.721475,0.167169,9,3.21333,0.0718795,2.37186
471,0.620516,0.179533,10,3.32,0.0713406,2.42384
472,0.699493,0.188839,8,3.15333,0.0666204,2.55876
473,0.595961,0.190258,10,3.47333,0.0869959,2.44597
474,0.642644,0.15551,10,3.37333,0.0687896,2.63819
475,0.675806,0.155355,10,3.17333,0.0695637,2.7619
476,0.73094,0.166388,10,3.66667,0.0768435,2.61038
477,0.659558,0.162612,10,3.21333,0.0624196,2.46289
478,0.736275,0.190546,10,3.54667,0.0709105,2.70917
479,0.60366,0.145185,8,2.57333,0.0619237,2.3914
480,0.62632,0.161538,10,2.97333,0.0716019,2.67756
481,0.854916,0.248429,10,4.45333,0.0692155,2.27262
482,0.767154,0.183571,10,3.56667,0.0646262,2.57992
483,0.807061,0.159434,10,2.91333,0.0699678,2.61681
484,0.814207,0.221061,10,4.17333,0.097655,2.38351
485,0.651325,0.161709,9,2.91333,0.0662003,2.53157
486,0.652863,0.164419,10,3.11333,0.0682137,2.28896
487,0.79629,0.234994,10,4.1,0.077926,2.12302
488,0.789262,0.232392,9,4.06,0.067865,2.22021
489,0.761245,0.248746,10,4.09333,0.0849708,2.32254
490,0.896724,0.29827,10,4.77333,0.0694351,2.12
491,0.766845,0.198899,9,3.36667,0.0643021,2.33325
492,0.710071,0.212755,9,3.48667,0.0722623,2.26037
493,0.715624,0.246374,10,4,0.0723761,2.34664
494,0.656446,0.194743,9,3.33333,0.0673488,2.2674
495,0.818367,0.217523,10,3.64,0.0706034,2.2178
496,0.584439,0.162339,8,2.93333,0.0745017,2.21852
497,0.688579,0.202441,10,3.72,0.0755981,2.37251
498,0.67764,0.22571,9,3.94667,0.0673185,2.37385
499,0.664816,0.242988,9,4.2,0.0727968,2.62743
500,0.743531,0.245854,10,4.09333,0.0694954,2.41679
501,0.630457,0.206186,10,3.7,0.0699231,2.78465
502,0.791829,0.281418,10,4.80667,0.0702805,2.10286
503,0.800743,0.234515,9,3.92667,0.068263,2.41526
504,0.798921,0.266138,10,4.19333,0.0691363,2.49856
505,0.755221,0.236049,9,4.02667,0.0685667,2.29071
506,0.715556,0.221755,10,4.06,0.0718411,2.44368
507,0.715998,0.249258,10,4.02667,0.0662832,2.22204
508,0.691045,0.209242,9,3.53333,0.0645982,2.26231
509,0.707397,0.189067,9,3.26,0.0686616,2.42436
510,0.715326,0.235564,8,4.07333,0.0701345,2.39135
511,0.711593,0.22613,10,3.95333,0.0700888,2.41124
512,0.795331,0.246584,10,4.02667,0.065743,2.3753
513,0.786461,0.313046,10,5.06667,0.0706313,2.30723
514,0.767825,0.275167,10,4.74667,0.070183,2.39673
515,0.750651,0.237636,10,4.3,0.0658039,2.19757
516,0.822068,0.245609,10,4.36,0.0715439,2.3312
517,0.805052,0.259355,10,4.40667,0.0679781,2.41604
518,0.61357,0.194846,10,3.50667,0.0668115,2.42012
519,0.686848,0.163676,10,3.42,0.0655277,2.55392
520,0.866309,0.260371,10,4.54667,0.0715823,2.52904
521,0.608848,0.200654,8,3.40667,0.0649021,2.27149
522,0.828135,0.275968,10,4.68667,0.068918,2.12494
523,0.714545,0.28023,10,4.41333,0.0687955,2.27831
524,0.761395,0.293536,10,5.14,0.181398,2.36942
525,0.818949,0.252625,10,4.52,0.065442,2.35115
526,0.82704,0.292499,10,5.23333,0.0714209,2.32766
527,0.668227,0.255152,9,4.07333,0.0701871,2.5676
528,0.706313,0.220911,10,3.82,0.0652231,2.50596
529,0.777615,0.278325,9,4.62667,0.0721302,2.50239
530,0.722462,0.210339,10,3.76667,0.0700766,2.5892
531,0.687268,0.217707,9,3.53333,0.0656637,2.5133
532,0.754477,0.238774,10,4.30667,0.0671999,2.39317
533,0.776496,0.251519,10,4.21333,0.0684826,2.36494
534,0.688129,0.215906,10,3.71333,0.0654917,2.37234
535,0.687242,0.248113,10,4.26,0.0658962,2.49024
536,0.845985,0.290748,10,4.71333,0.0744965,2.49263
537,0.772533,0.257749,10,4.08667,0.0696381,2.34654
538,0.758929,0.216893,10,3.74,0.0663125,2.61452
539,0.765974,0.230015,10,3.88667,0.0678632,2.51571
540,0.920933,0.28076,10,4.58667,0.0736963,2.34943
541,0.814758,0.271559,10,4.21333,0.0672675,2.45607
542,0.60718,0.199562,10,3.58667,0.0658758,2.37381
543,0.876591,0.278567,10,4.86667,0.0723671,2.36369
544,0.651703,0.204589,10,3.88,0.0724884,2.57309
545,0.750767,0.243077,10,4.08667,0.0681792,2.31619
546,0.826677,0.30217,10,4.82,0.0720229,2.3153
547,0.719777,0.218223,10,3.72,0.0708907,2.20849
548,0.606157,0.193213,10,3.5,0.0673004,2.51597
549,0.9255,0.272577,10,4.63333,0.0715397,2.31945
550,0.730325,0.173037,10,3.06667,0.0659474,2.27389
551,0.892842,0.223934,10,3.87333,0.0665677,2.04949
552,0.716674,0.171683,9,3.22,0.0677221,2.32557
553,0.856683,0.205427,10,3.61333,0.0678154,2.18498
554,0.753549,0.264071,10,4.21333,0.065742,2.18942
555,0.730316,0.247705,10,4.24,0.089066,2.50174
556,0.808529,0.221458,10,3.90667,0.0798571,2.44258
557,0.724417,0.224387,10,3.76667,0.066225,2.31227
558,0.757124,0.241727,10,4.15333,0.0691472,2.20374
559,0.807658,0.249356,10,4.12667,0.0695241,2.17753
560,0.589059,0.181445,10,3.4,0.0686891,2.63318
561,0.860275,0.243909,10,4.38667,0.0642535,2.45397
562,0.861443,0.280706,10,4.77333,0.0701278,2.21363
563,0.834181,0.251926,10,4.26667,0.0661339,2.20915
564,0.914852,0.27577,10,4.51333,0.0691195,2.06089
565,0.807472,0.247021,10,3.97333,0.0649917,2.14444
566,0.744473,0.229324,10,4.44667,0.065727,2.05729
567,0.685658,0.16631,10,3.39333,0.0673268,2.46123
568,0.700363,0.234295,9,4.31333,0.0685734,2.59082
569,0.656998,0.156515,10,2.98,0.0675802,2.65961
570,0.890111,0.313292,10,5.15333,0.0660776,2.17559
571,0.769819,0.284044,10,5.16,0.0723746,2.43748
572,0.858171,0.266429,10,4.6,0.0676154,2.25319
573,0.706779,0.229968,10,4.24667,0.0679968,2.72811
574,0.751616,0.257817,9,4.31333,0.0652463,2.34387
575,0.617448,0.216789,9,3.81333,0.0668249,2.84553
576,0.775239,0.28335,10,4.86,0.0722171,2.56442
577,0.622102,0.192459,9,3.44,0.0641976,2.65391
578,0.641485,0.187628,10,3.74,0.0688724,2.72541
579,0.733803,0.229125,10,4.17333,0.0699352,2.75677
580,0.708714,0.23682,10,4.08667,0.0671072,2.48179
581,0.628995,0.187331,9,3.34667,0.0685418,2.73677
582,0.830837,0.300236,10,4.67333,0.0665243,2.22754
583,0.656431,0.220482,9,3.72667,0.0693424,2.86364
584,0.83357,0.282129,10,4.72667,0.0770748,2.47437
585,0.696519,0.235637,10,3.91333,0.0727703,2.52494
586,0.793306,0.246084,10,4.08667,0.0693362,2.34239
587,0.816674,0.284663,10,4.67333,0.0669722,2.20346
588,0.688237,0.247627,9,4.04667,0.0714171,2.67716
589,0.814636,0.278664,10,4.53333,0.0665267,2.31392
590,0.691029,0.230506,10,3.67333,0.0683127,2.4567
591,0.78421,0.269218,10,4.2,0.0724478,2.69682
592,0.806524,0.258315,10,4.12,0.0685211,2.19203
593,0.790746,0.260239,10,4.30667,0.0671852,2.03389
594,0.765962,0.228587,10,3.91333,0.0694956,2.60426
595,0.812605,0.253572,10,4.3,0.0744989,2.77731
596,0.808946,0.279912,10,4.65333,0.0709833,2.26635
597,0.724577,0.229069,9,3.66,0.0658181,2.41508
598,0.884086,0.299906,10,4.79333,0.0680148,2.10913
599,0.793062,0.23055,10,4.04,0.066052,2.20772
600,0.691037,0.230833,10,4.08667,0.0675492,2.46197
601,0.670677,0.212378,10,3.75333,0.0654984,2.30954
602,0.682598,0.223948,9,3.76667,0.0656455,2.47272
603,0.614951,0.202788,9,3.58,0.0694943,2.48547
604,0.829588,0.29457,10,4.82,0.0665975,2.38298
605,0.640493,0.229446,10,3.91333,0.0661252,2.86216
606,0.811858,0.30178,10,5.08,0.0729391,2.4526
607,0.793263,0.25686,10,4.25333,0.0666183,2.44447
608,0.712706,0.219869,9,3.75333,0.0807036,2.65927
609,0.782482,0.25697,10,4.43333,0.0654337,2.28357
610,0.787607,0.260157,10,4.63333,0.102169,2.47593
611,0.700886,0.22492,9,3.95333,0.0643248,2.62306
612,0.608276,0.204497,9,3.64,0.0637194,2.57612
613,0.772132,0.270305,10,4.62667,0.0694274,2.4003
614,0.781498,0.264103,10,4.26,0.0717521,2.14384
615,0.699983,0.208125,9,3.59333,0.064895,2.21525
616,0.79062,0.270164,10,4.45333,0.067387,2.21038
617,0.699842,0.266429,10,4.35333,0.0728207,2.39213
618,0.615064,0.212261,9,3.69333,0.0669955,2.6995
619,0.680254,0.200735,10,3.58667,0.0640303,2.59721
620,0.819969,0.290479,10,4.75333,0.0696456,2.08619
621,0.742469,0.232141,9,3.81333,0.0668108,2.68049
622,0.777065,0.281096,10,4.35333,0.0675751,2.37251
623,0.775089,0.270331,10,4.46667,0.0674662,2.35233
624,0.771002,0.279987,10,4.44,0.0664558,2.43765
625,0.748264,0.289994,10,4.78667,0.0694652,2.32275
626,0.782472,0.279261,10,4.46667,0.0725309,2.49807
627,0.780581,0.289351,10,4.79333,0.0679224,2.25866
628,0.843844,0.262517,10,4.49333,0.166976,2.39903
629,0.829197,0.295322,10,4.76,0.0677591,2.11743
630,0.757582,0.191488,10,3.18,0.0649283,2.79799
631,0.645663,0.17402,9,2.87333,0.0633951,2.38788
632,0.598418,0.198602,9,3.30667,0.0685444,2.56211
633,0.60153,0.224283,9,3.47333,0.0685016,2.45889
634,0.706207,0.306232,10,5.24667,0.0699375,2.46797
635,0.782115,0.290833,10,4.64667,0.0684043,2.33358
636,0.722609,0.259464,9,4.24667,0.0652568,2.32439
637,0.615883,0.207178,10,3.28667,0.0633126,2.70038
638,0.846356,0.297685,10,4.98,0.0678625,2.02441
639,0.754772,0.259675,10,4.58,0.069732,2.49726
640,0.845219,0.262965,10,4.7,0.0681515,2.38964
641,0.851195,0.2539,10,4.23333,0.0666915,2.22371
642,0.723419,0.240068,10,4.04667,0.0696182,2.77706
643,0.668149,0.225348,10,3.74,0.0679904,2.34283
644,0.717984,0.253012,10,4.33333,0.0682086,2.60927
645,0.634249,0.220017,10,3.74667,0.0700226,2.66805
646,0.705284,0.262367,10,4.06,0.0662235,2.46884
647,0.61794,0.208888,10,3.5,0.0664291,2.84722
648,0.753922,0.268592,10,4.56,0.0685942,2.60419
649,0.749422,0.254455,10,4.45333,0.0704552,2.65031
650,0.62279,0.174445,9,3.42667,0.0694913,2.96871
651,0.782066,0.227462,10,3.94,0.0676487,2.51217
652,0.800614,0.28125,10,4.44667,0.0675511,2.26564
653,0.793832,0.246546,10,4.18,0.06857,2.42159
654,0.810288,0.272308,10,4.1,0.0686391,2.35049
655,0.696541,0.271375,10,3.98667,0.0688788,2.45735
656,0.788033,0.282727,10,4.37333,0.0684169,2.06984
657,0.893987,0.290977,10,4.54667,0.0671414,2.11941
658,0.706926,0.199125,10,3.48,0.0673819,2.31042
659,0.783626,0.238804,10,4.14667,0.0693072,2.03153
660,0.759433,0.25734,10,4.26667,0.0660604,2.22486
661,0.868456,0.356902,10,5.29333,0.0689788,2.1201
662,0.812939,0.279279,10,4.62,0.0766865,2.70095
663,0.81684,0.262009,10,4.52667,0.0690687,2.29543
664,0.852564,0.26228,10,4.42667,0.0731811,2.29472
665,0.787358,0.295966,10,4.7,0.0672899,2.0384
666,0.801496,0.241654,10,4.09333,0.0660929,2.06277
667,0.707312,0.218185,9,3.64667,0.0690417,2.37574
668,0.65887,0.206292,9,3.55333,0.0658757,2.07071
669,0.719809,0.217542,10,3.55333,0.0708498,2.28191
670,0.843605,0.280207,10,4.18,0.0690378,1.95305
671,0.771891,0.232523,10,3.58,0.0664508,2.46767
672,0.606956,0.229769,9,3.92,0.06788,2.54249
673,0.71679,0.250543,10,4.02,0.0676027,2.63733
674,0.724173,0.228185,10,4.2,0.0687999,2.26228
675,0.785564,0.258941,10,4.50667,0.0873154,2.60983
676,0.828353,0.295083,10,5.04,0.0682769,2.41446
677,0.889012,0.351675,10,5.46,0.0690239,2.30569
678,0.819777,0.302699,10,5.2,0.0725625,2.46024
679,0.699614,0.263536,9,4.18667,0.0667471,2.31363
680,0.719938,0.246134,10,4.3,0.0701225,2.75016
681,0.838194,0.332052,10,5.54667,0.069996,2.31298
682,0.73837,0.282197,10,4.20667,0.0653334,2.30888
683,0.720543,0.276469,10,4.59333,0.0694597,2.2733
684,0.801331,0.353097,10,5.36,0.0694175,2.18913
685,0.742175,0.253284,10,4.12667,0.0696177,2.56361
686,0.825023,0.282895,10,4.68667,0.0671937,2.54864
687,0.785586,0.30766,10,4.78667,0.0687515,2.19202
688,0.83855,0.310348,10,4.86,0.0695312,2.2464
689,0.828339,0.279974,10,4.96,0.0717214,2.26006
690,0.813839,0.275906,10,4.35333,0.068651,2.31162
691,0.867778,0.329659,10,5.42667,0.065782,2.31565
692,0.778581,0.309324,10,4.88,0.0681496,2.38609
693,0.815623,0.309228,10,5,0.0697114,2.48312
694,0.652581,0.226117,10,4.11333,0.068258,2.5998
695,0.733706,0.264786,10,4.34,0.0707315,2.54111
696,0.802451,0.238653,10,4.18,0.0704545,2.51514
697,0.76621,0.293063,10,4.89333,0.0728402,2.37001
698,0.722497,0.221435,10,4.01333,0.0693459,2.58713
699,0.790063,0.328987,10,5.28667,0.0677875,2.24327
700,0.790795,0.307585,10,4.90667,0.0639505,2.35044
701,0.833776,0.35757,10,5.60667,0.069314,2.18718
702,0.729649,0.312247,10,4.9,0.0696116,2.24606
703,0.869596,0.329738,10,5.53333,0.071912,2.24562
704,0.758076,0.257978,10,4.47333,0.0690884,2.26726
705,0.782994,0.241533,10,4.24667,0.0665704,2.30651
706,0.815877,0.223985,10,4.00667,0.0698425,2.19533
707,0.634486,0.226297,10,4.44667,0.0701015,2.48231
708,0.751986,0.261517,10,4.61333,0.06579,2.30347
709,0.745697,0.22366,10,4.14667,0.0661243,2.42088
710,0.739523,0.246403,10,4.51333,0.0722738,2.39481
711,0.744985,0.219206,10,3.88667,0.0659832,2.24209
712,0.770898,0.238318,10,4.32667,0.0668618,2.28493
713,0.694247,0.244755,10,4.72667,0.0847634,2.4038
714,0.732589,0.246896,10,4.45333,0.0671997,2.21866
715,0.738596,0.257447,9,4.43333,0.0694237,2.09558
716,0.717919,0.271072,9,4.91333,0.0678439,2.16575
717,0.732231,0.223522,10,3.85333,0.0669883,2.17577
718,0.709567,0.245128,9,4.22667,0.0662189,1.81138
719,0.788722,0.276374,10,4.68,0.069212,2.17522
720,0.727652,0.218413,10,4.08667,0.0675914,2.39016
721,0.710751,0.201632,10,3.87333,0.0642885,2.30803
722,0.782106,0.257036,9,4.24667,0.0684854,2.06933
723,0.795936,0.297171,10,4.9,0.0652474,2.29747
724,0.774907,0.280883,10,4.57333,0.0860627,2.24847
725,0.716363,0.261548,10,4.48667,0.0696239,2.33693
726,0.762683,0.245636,10,3.87333,0.065713,2.20687
727,0.757505,0.273692,10,4.79333,0.0678694,2.23216
728,0.743221,0.288209,10,5,0.0668599,2.22175
729,0.728121,0.295772,10,4.96,0.0731146,2.26845
730,0.855918,0.297032,10,4.76,0.0703296,2.21118
731,0.674811,0.218146,9,3.46667,0.0677284,2.36912
732,0.789907,0.277362,10,4.62,0.0634639,1.87431
733,0.845964,0.295524,10,4.71333,0.0699308,1.90045
734,0.830349,0.283229,10,4.96,0.0703609,2.03025
735,0.81101,0.307057,10,5.18667,0.0699654,2.28376
736,0.723388,0.306326,10,5.22,0.0717512,2.3427
737,0.703238,0.291239,10,4.84,0.0670548,2.18831
738,0.889194,0.277773,10,4.58667,0.0645134,2.01804
739,0.869912,0.277343,10,4.91333,0.0722673,2.04892
740,0.876786,0.262851,10,4.36667,0.103881,2.19395
741,0.825629,0.310961,10,5.06,0.0688565,2.09128
742,0.832924,0.325372,10,5.05333,0.0659161,1.99036
743,0.731382,0.233923,10,4.02,0.0676998,2.50415
744,0.847214,0.298816,10,4.72,0.0677952,2.02576
745,0.783633,0.243347,9,3.94,0.065023,2.29386
746,0.690998,0.278278,10,4.55333,0.0702414,2.24046
747,0.794192,0.324589,10,5.42667,0.0732573,2.25431
748,0.785645,0.275031,10,4.73333,0.0686224,2.30876
749,0.808484,0.273013,10,4.40667,0.0677477,2.37461
750,0.793482,0.302746,10,4.57333,0.0643506,2.18817
751,0.815381,0.31587,10,4.87333,0.0677508,2.12644
752,0.61267,0.18364,10,3.54667,0.064805,2.94319
753,0.739632,0.272097,10,4.35333,0.0675887,2.52604
754,0.831033,0.291169,10,4.94667,0.0657936,2.38667
755,0.76656,0.278451,10,4.29333,0.0784934,2.55626
756,0.784172,0.282105,10,4.62,0.0681702,2.55154
757,0.645718,0.245436,10,4.04667,0.0655162,2.54258
758,0.765028,0.291085,10,4.7,0.105494,2.63323
759,0.783146,0.252272,10,4.3,0.0673365,2.23921
760,0.833863,0.263496,10,4.26,0.0705502,2.12197
761,0.781663,0.285299,10,4.61333,0.0666734,2.41151
762,0.842547,0.35825,10,5.54,0.0774355,2.10987
763,0.76468,0.248778,10,4.12667,0.0663239,2.25044
764,0.652024,0.205382,10,3.72667,0.0659376,2.40805
765,0.774162,0.258844,10,4.12,0.0671755,2.46033
766,0.764865,0.259001,10,4.45333,0.0675469,2.45891
767,0.694358,0.225472,10,4.19333,0.0710811,2.45291
768,0.705163,0.262877,10,4.74667,0.0792529,2.49413
769,0.807556,0.25813,10,4.75333,0.0658686,2.09983
770,0.720326,0.171984,10,3.4,0.0654631,2.31725
771,0.820627,0.282486,10,4.78667,0.0719321,2.08919
772,0.76757,0.239193,10,4.10667,0.065931,2.31429
773,0.730398,0.259269,10,4.68667,0.0892375,2.62774
774,0.751182,0.299499,10,5.2,0.0678011,2.30271
775,0.721604,0.214679,10,4.24,0.070484,2.77669
776,0.740829,0.244313,10,4.51333,0.0662488,2.53886
777,0.744109,0.236544,10,4.42667,0.0702213,2.29796
778,0.851718,0.261727,10,4.94667,0.071141,2.06301
779,0.678857,0.210767,9,4.14667,0.0650166,2.52732
780,0.536725,0.184619,9,3.25333,0.0651719,2.81912
781,0.840591,0.277504,10,5.3,0.0714291,2.20289
782,0.726957,0.194439,10,4.1,0.0735771,2.2045
783,0.764778,0.24941,10,4.59333,0.0658631,2.23903
784,0.684558,0.188973,10,3.37333,0.0673676,2.61113
785,0.727674,0.281004,10,4.5,0.0675141,2.27727
786,0.814433,0.289469,10,4.62667,0.0680214,2.21885
787,0.641555,0.19991,10,3.94,0.0669947,2.70225
788,0.798685,0.296044,10,5.02667,0.0681456,2.3019
789,0.748976,0.270953,10,4.78,0.0684129,2.15333
790,0.823254,0.264454,10,4.65333,0.0670059,2.16374
791,0.716105,0.23597,10,3.92667,0.0662188,2.30751
792,0.750652,0.221589,10,4.17333,0.0973296,2.60674
793,0.796732,0.297163,10,4.80667,0.0708631,2.39881
794,0.809284,0.28056,10,4.74,0.125373,2.63292
795,0.817132,0.328956,10,5.20667,0.0861901,2.38754
796,0.867018,0.284654,10,5.06667,0.0662558,2.15154
797,0.853965,0.308665,10,5.38,0.0721685,2.27199
798,0.760765,0.284626,10,4.76,0.0703486,2.52377
799,0.68677,0.27168,10,4.32667,0.064621,2.38516
800,0.824849,0.305289,10,4.98,0.0657018,2.2631
801,0.802698,0.293171,10,5.11333,0.0714322,2.6856
802,0.812765,0.329744,10,5.52,0.0761038,2.11179
803,0.701436,0.239676,10,3.88,0.0654682,2.4057
804,0.780883,0.267698,10,4.68667,0.0661516,2.31374
805,0.768389,0.294003,10,4.94667,0.0668764,2.36589
806,0.745189,0.294297,10,4.92667,0.0728358,2.51262
807,0.777304,0.225112,10,3.94667,0.0693588,2.54513
808,0.767634,0.229651,10,4.28667,0.187306,2.57938
809,0.703255,0.270568,9,4.52,0.0726084,2.36315
810,0.827232,0.301557,10,4.96,0.0685736,2.10248
811,0.817081,0.319693,10,5.50667,0.0697373,2.28675
812,0.685329,0.17627,10,3.26,0.0686964,2.49034
813,0.769276,0.242037,10,4.41333,0.0681737,2.29538
814,0.750151,0.260599,10,4.48,0.0685628,2.40147
815,0.881307,0.307702,10,4.82667,0.0691168,1.97418
816,0.788366,0.30164,10,4.76667,0.0668626,2.13242
817,0.740942,0.262689,10,4.68667,0.079503,2.557
818,0.840498,0.317142,10,5.53333,0.0697937,2.21021
819,0.810328,0.303187,10,5.33333,0.0714411,2.25753
820,0.793712,0.311184,10,5.3,0.0687981,2.24945
821,0.739932,0.245296,10,4.3,0.0685697,2.65624
822,0.743787,0.21447,10,3.99333,0.0669665,2.72469
823,0.730911,0.243299,10,4.28667,0.0798404,2.62009
824,0.674262,0.186121,10,3.49333,0.0649861,2.57899
825,0.789244,0.266652,10,4.54667,0.0713074,2.11623
826,0.86206,0.29552,10,4.62,0.0689676,2.23517
827,0.750946,0.298402,10,4.55333,0.0662623,2.08659
828,0.705796,0.278156,9,4.7,0.0722906,2.39673
829,0.858651,0.336052,10,5.21333,0.0666787,2.05048
830,0.704408,0.220194,10,4.19333,0.0641902,2.2864
831,0.637463,0.190603,9,3.61333,0.102161,2.59439
832,0.742118,0.168936,10,3.20667,0.0654543,2.39399
833,0.811161,0.264449,10,4.73333,0.0668446,2.24878
834,0.80517,0.292249,10,4.86,0.0678148,2.26283
835,0.786149,0.247403,10,4.48,0.0711542,2.46391
836,0.69549,0.182624,10,3.44667,0.0636564,2.2997
837,0.796731,0.201964,10,3.81333,0.0678566,2.42522
838,0.807562,0.257808,10,4.44,0.066236,2.12467
839,0.74257,0.26067,10,4.54,0.0637876,2.13194
840,0.804463,0.296347,10,5.06667,0.0726138,2.17608
841,0.731006,0.201568,10,3.92,0.0659016,2.03031
842,0.83384,0.293916,10,5.30667,0.0703881,2.119
843,0.824906,0.250362,10,4.34,0.0678781,1.83433
844,0.829964,0.32273,10,5.19333,0.066232,1.83053
845,0.867333,0.25719,10,4.48667,0.0700087,1.8508
846,0.661582,0.215319,10,3.7,0.0664761,2.50412
847,0.702082,0.251855,10,4.56,0.0677079,2.36289
848,0.702817,0.263374,10,4.54,0.0633298,2.30411
849,0.744527,0.231015,10,4.2,0.0686742,2.23797
850,0.667026,0.240602,10,4.58,0.0824976,2.60708
851,0.694802,0.245785,9,4.29333,0.118442,2.31239
852,0.807316,0.277332,10,5.23333,0.0952361,2.35545
853,0.835995,0.305086,10,5.3,0.0671641,1.97112
854,0.76533,0.23296,10,4.08667,0.0652943,2.37629
855,0.732738,0.246899,10,4.63333,0.0862497,2.47445
856,0.899927,0.27539,10,4.80667,0.0718299,2.23199
857,0.724474,0.208191,10,3.68667,0.0710034,2.22228
858,0.752504,0.300273,9,4.57333,0.0645636,2.18141
859,0.778423,0.277774,9,4.72667,0.0719667,2.38917
860,0.775187,0.210059,10,3.98,0.0652519,2.39858
861,0.772132,0.217643,10,3.92667,0.0691918,2.49222
862,0.83831,0.271011,10,4.41333,0.0673449,1.82717
863,0.68769,0.231315,10,4.39333,0.0688227,2.27819
864,0.750153,0.219778,10,4.06667,0.0713167,2.27107
865,0.762372,0.254683,10,4.48667,0.0681361,2.17018
866,0.736872,0.237617,10,4.35333,0.0753819,2.32374
867,0.752279,0.269669,10,4.88667,0.0750373,2.29543
868,0.712068,0.193156,10,3.64,0.0664971,2.49624
869,0.805642,0.229446,10,4.18,0.0727544,2.30483
870,0.696101,0.229628,9,3.75333,0.0685324,2.17422
871,0.836203,0.311616,10,5.36,0.0730029,2.24219
872,0.787247,0.310046,9,4.78,0.0659178,1.96352
873,0.771708,0.326442,10,5.01333,0.0682716,2.29771
874,0.763876,0.281551,10,4.63333,0.0748268,2.46209
875,0.72221,0.184418,10,3.43333,0.0700331,2.55911
876,0.715618,0.265655,10,4.32,0.13359,2.2465
877,0.747107,0.24403,10,4.16,0.0695805,2.35043
878,0.651827,0.193258,9,3.47333,0.0688372,2.35263
879,0.767995,0.248251,10,4.19333,0.0753644,2.19278
880,0.730985,0.249114,9,4.18667,0.0727725,2.35719
881,0.789238,0.268259,10,4.86667,0.080495,2.16973
882,0.846207,0.252597,10,4.43333,0.184825,2.29298
883,0.848063,0.289915,10,5.06,0.140881,1.9763
884,0.866335,0.287777,10,5.08667,0.0710533,2.14402
885,0.825005,0.289363,9,4.68,0.0842155,2.28383
886,0.736245,0.262167,9,4.18,0.0704665,2.07022
887,0.7879,0.255256,9,4,0.0690124,2.14178
888,0.843904,0.229215,10,4.02667,0.0664869,2.00158
889,0.81282,0.311984,10,5.08,0.0691135,1.95903
890,0.864295,0.246455,10,4.18,0.0712428,2.43874
891,0.898739,0.275535,10,4.89333,0.0717962,2.02992
892,0.765984,0.232495,9,4.14667,0.0684267,2.57225
893,0.835533,0.27625,10,4.63333,0.0664946,2.00858
894,0.839667,0.16878,10,3.20667,0.065743,2.20373
895,0.70474,0.218549,9,3.58667,0.0677638,2.13511
896,0.810445,0.231111,10,3.86667,0.0675619,2.31514
897,0.803606,0.304801,10,5.19333,0.0716424,2.32738
898,0.760861,0.212251,10,3.93333,0.066731,2.26293
899,0.631572,0.21592,9,3.62,0.0675312,2.21885
900,0.678117,0.229321,9,3.96667,0.0731667,2.51836
901,0.753089,0.239195,10,4.56667,0.0698313,2.17911
902,0.820412,0.204727,10,3.90667,0.0684479,2.48864
903,0.800388,0.244453,10,4.44,0.0733179,2.37855
904,0.761314,0.248813,10,4.68667,0.0729724,2.2298
905,0.786016,0.216756,10,4.08,0.0671475,2.52236
906,0.72712,0.263005,10,4.46,0.0825674,2.33395
907,0.710064,0.231701,10,3.92667,0.0727671,2.4898
908,0.761588,0.268238,10,4.85333,0.0669891,2.27294
909,0.727342,0.291794,10,4.62,0.0759479,2.49837
910,0.886254,0.38333,10,5.61333,0.0706807,1.9946
911,0.764625,0.319676,9,5.11333,0.0682227,2.1087
912,0.660296,0.184918,9,3.44,0.0659781,2.31568
913,0.887134,0.30177,10,5.2,0.0708734,2.22459
914,0.76518,0.259538,9,4.55333,0.0698375,2.2541
915,0.654866,0.205403,10,3.46,0.0650178,2.4316
916,0.753694,0.200261,9,3.48667,0.0699581,2.5492
917,0.635709,0.19594,10,3.44667,0.0682361,2.41605
918,0.911367,0.310293,10,4.86,0.0675371,1.93394
919,0.803863,0.20722,10,3.67333,0.0745235,2.41118
920,0.68797,0.187721,9,3.44,0.0691385,2.61066
921,0.712054,0.234486,9,3.90667,0.0670672,2.11483
922,0.724673,0.241763,9,3.80667,0.0642523,2.31788
923,0.644667,0.204542,10,3.78667,0.0687755,2.55142
924,0.840512,0.257766,10,4.79333,0.0710489,2.23085
925,0.838331,0.282698,10,4.52667,0.0688467,2.18894
926,0.86144,0.268404,10,4.53333,0.0707629,2.2202
927,0.670168,0.201933,10,3.68667,0.0709736,2.50773
928,0.80583,0.213061,10,3.44,0.0662677,1.96594
929,0.798729,0.238026,10,4.18,0.0713857,2.18696
930,0.708591,0.236357,10,3.82,0.0678296,2.22127
931,0.853231,0.316878,10,4.87333,0.0721853,2.15385
932,0.738124,0.236116,10,4.00667,0.0711431,2.42183
933,0.781321,0.311398,10,4.82667,0.0669276,2.18091
934,0.825288,0.257418,10,4.27333,0.0678312,2.15133
935,0.724197,0.202624,10,3.41333,0.0661854,2.51218
936,0.658608,0.231549,9,3.68,0.0676585,2.51182
937,0.817709,0.209514,10,3.5,0.0681762,2.4952
938,0.764311,0.22794,10,3.97333,0.0653404,2.36044
939,0.819832,0.282272,10,4.53333,0.0731779,2.06229
940,0.874983,0.275989,10,4.15333,0.0685089,2.18655
941,0.78909,0.312868,10,4.63333,0.0671789,2.38507
942,0.725794,0.236896,10,3.89333,0.0671242,2.2499
943,0.801085,0.26928,10,4.5,0.071914,2.10194
944,0.720045,0.233744,10,3.70667,0.0674416,2.41011
945,0.803243,0.237238,10,3.83333,0.0720989,2.25493
946,0.791564,0.224819,10,3.79333,0.0887509,2.70953
947,0.671308,0.236771,9,3.96,0.0668762,2.54422
948,0.796886,0.230235,10,3.87333,0.063229,2.36159
949,0.829172,0.237159,10,4.26,0.0685571,2.40422
950,0.596063,0.173404,8,2.92,0.0622147,2.40524
951,0.846288,0.294726,10,4.72,0.0713791,2.21472
952,0.767811,0.168114,10,3.04,0.0646523,2.34234
953,0.763972,0.231401,10,4.06,0.0659775,2.1795
954,0.756681,0.243765,9,3.93333,0.067112,2.26826
955,0.769964,0.266747,9,4.34667,0.0670833,2.52634
956,0.8773,0.297613,10,4.83333,0.0718919,1.9431
957,0.794762,0.21847,10,3.84667,0.0689107,2.1599
958,0.735497,0.207544,10,3.73333,0.0670562,2.05408
959,0.840033,0.22679,10,3.86,0.0749441,2.25584
960,0.726493,0.168789,10,3.17333,0.0667752,2.75014
961,0.85108,0.300127,10,4.78,0.0685058,2.23335
962,0.724457,0.188079,10,3.24,0.0670966,2.66112
963,0.734827,0.25726,10,4.54667,0.0697447,2.20447
964,0.68851,0.166307,10,2.9,0.0637266,2.27121
965,0.726313,0.206727,10,3.87333,0.0680698,2.17173
966,0.834111,0.249057,10,4.23333,0.0671614,2.26698
967,0.680678,0.152799,9,2.92667,0.0659672,2.37007
968,0.594965,0.112086,8,2.38667,0.0681313,2.61686
969,0.773428,0.182853,9,3.38667,0.0700129,2.27999
970,0.777482,0.208112,10,3.99333,0.071627,2.17362
971,0.641734,0.156187,10,2.86,0.0635738,2.54603
972,0.724464,0.238874,10,4.23333,0.065475,2.1214
973,0.790673,0.239042,10,3.88667,0.170377,2.0495
974,0.778932,0.221896,10,3.83333,0.0712141,2.19757
975,0.649076,0.198965,10,3.46667,0.0679991,2.37777
976,0.794143,0.156076,10,3.1,0.0682762,2.28451
977,0.785265,0.185131,10,3.27333,0.0648268,2.11744
978,0.790236,0.224092,9,3.48667,0.0733142,2.15878
979,0.77461,0.227931,10,3.68667,0.0695414,2.10044
980,0.7721,0.224207,10,3.83333,0.0672982,2.03925
981,0.60027,0.140167,8,2.55333,0.0664904,2.3657
982,0.799219,0.202114,10,3.91333,0.0704562,2.05038
983,0.732907,0.240161,10,4.22,0.0817034,2.08316
984,0.811123,0.181889,10,3.47333,0.0704493,2.10611
985,0.703301,0.235874,9,3.68,0.0765633,2.15803
986,0.654709,0.161118,9,2.85333,0.065799,2.3338
987,0.612257,0.165677,9,2.98667,0.0658436,2.31332
988,0.819383,0.248051,10,4.18667,0.0685329,1.97242
989,0.74272,0.212069,9,3.77333,0.0706523,2.25425
990,0.803979,0.231557,10,3.60667,0.0681133,2.22296
991,0.716632,0.178423,10,3.1,0.0705996,2.15688
992,0.855414,0.209745,10,3.66667,0.0678382,1.87988
993,0.763812,0.224508,10,3.92,0.144008,2.1648
994,0.807381,0.212894,10,3.51333,0.0644353,2.14696
995,0.738823,0.177765,10,3.19333,0.0657229,2.18105
996,0.681789,0.174226,9,3.17333,0.0674495,2.03086
997,0.794961,0.212575,10,3.64,0.0651255,1.96197
998,0.772607,0.23338,10,4.46,0.0677229,2.08424
999,0.710794,0.209626,8,3.42,0.0705841,2.06459
1000,0.766138,0.21214,10,3.44667,0.0687942,2.12543
