1,0.226467,0.0064256,6,0.24,0.0773771,1.27704
2,0.0965455,0.00239102,7,0.18,0.0659968,1.25876
3,0.0989087,0.00397673,6,0.253333,0.0656443,1.08256
4,0.162091,0.0063582,8,0.353333,0.0685249,1.18204
5,0.181749,0.00519277,6,0.32,0.066154,1.1941
6,0.180381,0.00616592,3,0.6,0.0681222,0.758098
7,0.187996,0.00995076,4,0.586667,0.0690753,1.0185
8,0.216295,0.0159984,7,1.24667,0.0691821,1.18132
9,0.201271,0.05259,7,2.71333,0.0687176,1.11294
10,0.160198,0.027025,6,1.60667,0.0675609,1.1349
11,0.181909,0.0280243,8,1.13333,0.0706206,1.19341
12,0.18307,0.0218634,8,1.52667,0.0660214,1.31599
13,0.11785,0.0216984,6,1.58667,0.0671784,1.28129
14,0.115294,0.0124032,5,0.78,0.0674908,0.980151
15,0.160175,0.0238103,4,0.933333,0.0635197,1.12132
16,0.188108,0.0130067,6,1.03333,0.0657378,1.22501
17,0.394507,0.0854808,9,3.34,0.0698861,1.89922
18,0.167075,0.025361,6,1.38667,0.0645488,1.72713
19,0.350206,0.0687356,7,2.72,0.0719245,1.90088
20,0.558899,0.0363169,9,1.39333,0.0666959,1.25789
21,0.304922,0.0274501,6,1.72,0.0683321,1.34822
22,0.249807,0.0273975,6,1.3,0.0687707,1.4588
23,0.415565,0.0570993,9,2.08667,0.0812269,1.50165
24,0.272421,0.035292,7,1.42667,0.0714554,1.21498
25,0.28507,0.0335531,9,1.76,0.0687059,1.2212
26,0.349419,0.0515013,8,1.86,0.0703675,1.1144
27,0.273756,0.0208158,6,1.06,0.0649882,1.00281
28,0.368881,0.0296043,7,1.6,0.068218,1.35045
29,0.289831,0.0640049,7,2.09333,0.0676508,1.20614
30,0.284214,0.0603654,9,1.96667,0.068196,1.06992
31,0.190209,0.00675973,5,0.393333,0.066256,1.17091
32,0.573813,0.0726013,10,2.09333,0.0715731,1.6399
33,0.297967,0.0457934,9,3.04,0.0713574,2.15395
34,0.347853,0.0542328,8,2.85333,0.0705207,1.6505
35,0.192431,0.028847,8,2.16667,0.0652452,2.11659
36,0.348363,0.0583245,8,2.41333,0.0694946,2.14462
37,0.432625,0.0468877,8,2.16,0.0679574,2.10996
38,0.425981,0.0670442,8,2.19333,0.0687536,1.56346
39,0.440218,0.0940638,7,2.75333,0.0689416,1.95934
40,0.455559,0.107165,7,2.32,0.0664944,1.468
41,0.318091,0.0278319,9,1.37333,0.0727198,1.57874
42,0.315186,0.0564885,8,2.14667,0.0697562,1.31318
43,0.196438,0.0211509,7,1.09333,0.0639264,1.05747
44,0.447177,0.0772161,7,2.26,0.0666748,1.26891
45,0.606991,0.101054,8,2.34667,0.0683255,1.27274
46,0.357938,0.0561744,4,1.2,0.0662066,1.27765
47,0.36773,0.0563483,5,1.27333,0.0664254,1.3179
48,0.19246,0.0656907,5,1.31333,0.0676646,1.47498
49,0.213557,0.0333738,5,1.25333,0.0686394,1.378
50,0.357234,0.0590813,7,2.04667,0.0680932,1.38547
51,0.205731,0.0311678,4,0.646667,0.0623363,1.52781
52,0.230492,0.052445,8,1.59333,0.0675848,1.26836
53,0.357692,0.0633532,8,1.90667,0.0691399,1.60532
54,0.335474,0.0560913,6,1.90667,0.0692356,1.59241
55,0.201475,0.0202021,8,1.13333,0.0662066,1.37635
56,0.353688,0.0508415,8,2.06,0.0687999,1.91404
57,0.362691,0.0758201,9,2.45333,0.0676282,2.01311
58,0.319464,0.049258,7,1.36667,0.0622632,1.56739
59,0.508258,0.0807478,7,2.36667,0.0661065,1.67848
60,0.197982,0.049653,7,1.47333,0.0697675,2.36178
61,0.287074,0.0486322,7,1.86,0.0692517,1.81952
62,0.368262,0.0491174,6,1.46,0.0685446,1.66158
63,0.235609,0.0258592,5,1.28,0.0680591,1.94413
64,0.371668,0.0459851,8,1.5,0.0682332,1.89233
65,0.371371,0.0642114,7,2.32,0.0674076,1.96774
66,0.300688,0.0462177,5,1.30667,0.0669189,1.98334
67,0.320966,0.0235272,5,1.24,0.0686903,2.32197
68,0.232908,0.0332096,8,1.42667,0.0678956,1.89268
69,0.264861,0.0373559,6,1.38,0.0674855,1.88333
70,0.416711,0.0542472,8,1.82667,0.0696973,2.31578
71,0.449599,0.0505378,8,1.82,0.0698284,2.20568
72,0.338593,0.0645359,8,1.88667,0.0694015,1.93139
73,0.480092,0.056289,8,1.62,0.0740783,2.45357
74,0.426095,0.0766044,9,1.92667,0.0749976,2.1172
75,0.34599,0.0326903,8,1.24667,0.0705103,2.36939
76,0.487373,0.0527188,7,1.60667,0.065824,2.80542
77,0.333364,0.0598067,10,1.67333,0.0696034,2.71115
78,0.444553,0.0787573,8,1.78667,0.0675334,2.36099
79,0.413025,0.0503166,7,1.53333,0.067749,2.32127
80,0.394718,0.0249099,7,0.926667,0.0676007,2.46573
81,0.485903,0.0725831,9,1.95333,0.0674121,2.71511
82,0.432732,0.0536936,9,1.77333,0.0667042,2.78054
83,0.438708,0.0717174,10,1.95333,0.0705495,3.72524
84,0.439907,0.0488325,9,1.61333,0.067613,2.91116
85,0.473864,0.0448957,8,1.58667,0.0645255,3.16047
86,0.413832,0.0538761,8,1.94,0.0672083,2.749
87,0.470414,0.0745562,8,2.12,0.0672882,2.82469
88,0.509234,0.0700527,7,2.10667,0.0682865,2.82912
89,0.491749,0.0642052,8,1.94,0.0696369,2.75161
90,0.433465,0.0776421,9,2.29333,0.0687454,3.29945
91,0.397972,0.098296,10,2.55333,0.0645247,2.6947
92,0.348773,0.0894947,9,2.36667,0.0680841,3.20489
93,0.421633,0.0711292,6,1.61333,0.0656268,3.18465
94,0.592949,0.1239,10,2.72,0.0654803,3.00343
95,0.491514,0.105928,9,2.52667,0.0670481,3.05704
96,0.478478,0.104782,8,2.56667,0.0706745,3.19212
97,0.438548,0.103911,8,2.41333,0.0696318,3.20673
98,0.684884,0.126368,9,3.12,0.0694169,3.11218
99,0.649849,0.139944,10,3.06,0.0692,3.13343
100,0.688575,0.152595,10,3.29333,0.0701002,3.07355
101,0.527841,0.121422,10,2.78667,0.0690657,3.02582
102,0.466373,0.09168,8,1.96667,0.0683359,3.60547
103,0.505602,0.112495,8,2.25333,0.069166,3.33885
104,0.634589,0.146558,8,2.80667,0.0679899,3.01806
105,0.612728,0.121348,8,2.46,0.0682138,2.82339
106,0.564246,0.0896401,9,1.80667,0.0620092,2.95729
107,0.434477,0.0637142,9,1.64,0.0661626,3.34496
108,0.62312,0.0848268,8,1.86,0.0832124,3.11967
109,0.516563,0.0947151,8,2.16667,0.0673141,2.89102
110,0.539941,0.0929338,10,2.45333,0.0700582,3.06135
111,0.600358,0.120095,10,2.69333,0.0711859,2.96562
112,0.749694,0.101564,8,2.09333,0.0675003,2.93651
113,0.549764,0.0883449,9,2.24667,0.0696517,3.10737
114,0.608692,0.11184,9,2.74,0.0684909,2.78585
115,0.595667,0.12727,9,2.60667,0.066,2.65873
116,0.423739,0.104165,7,2.30667,0.0682354,3.62222
117,0.72802,0.11873,10,2.61333,0.0785954,3.26085
118,0.663482,0.127214,9,2.63333,0.0696995,3.34749
119,0.550398,0.11653,9,2.39333,0.0648602,3.0429
120,0.60595,0.114899,10,2.32,0.0662264,2.86802
121,0.559512,0.121662,9,2.66667,0.0658539,3.11365
122,0.67367,0.134664,9,2.66,0.0694353,3.03369
123,0.66883,0.186606,10,3.58667,0.0788582,3.00449
124,0.69322,0.147041,10,3.13333,0.0706667,2.89141
125,0.755038,0.0900701,10,1.96,0.0660908,2.58572
126,0.730783,0.197527,9,3.48,0.0696865,2.69359
127,0.606008,0.145009,8,2.75333,0.0701209,3.0422
128,0.647198,0.15357,10,3,0.0647779,3.02772
129,0.642594,0.181897,8,3.32,0.0662904,2.8673
130,0.671452,0.161833,9,3.3,0.0685541,2.95435
131,0.833281,0.177694,10,3.28667,0.0728976,3.07942
132,0.72059,0.164793,10,3.28,0.0706724,3.17325
133,0.793215,0.180507,9,3.38,0.0723416,2.85092
134,0.642096,0.174847,9,3.33333,0.06725,2.74113
135,0.558354,0.124812,9,2.58,0.0682676,3.13028
136,0.704142,0.168123,10,3.27333,0.0713835,3.00007
137,0.632122,0.174358,10,3.34,0.0718742,3.29836
138,0.778526,0.156877,9,2.61333,0.0639988,2.73682
139,0.610202,0.124798,8,2.61333,0.0683658,3.02594
140,0.594282,0.131002,9,2.70667,0.0678488,3.12823
141,0.598968,0.165668,10,3.21333,0.0688788,2.9378
142,0.661282,0.16349,9,3.23333,0.065762,2.69943
143,0.603051,0.162273,9,3.15333,0.0709281,3.11975
144,0.565184,0.158576,9,2.8,0.0697827,3.05447
145,0.631182,0.17715,9,3.12,0.0720769,2.8823
146,0.672681,0.164811,9,2.96667,0.0678271,2.52486
147,0.632556,0.169484,10,3.12,0.0679801,2.57943
148,0.5883,0.139918,9,2.73333,0.0682056,2.77706
149,0.700808,0.151061,9,2.75333,0.0669995,2.92749
150,0.657591,0.14658,9,2.88,0.0667916,2.80223
151,0.605483,0.161151,9,2.75333,0.0683811,2.88372
152,0.678927,0.185611,9,3.50667,0.086838,2.82571
153,0.688448,0.142643,10,2.9,0.0670055,2.51501
154,0.766025,0.197894,10,3.64667,0.0684385,2.82037
155,0.700013,0.189643,10,3.68667,0.0682852,2.90894
156,0.5501,0.167645,9,3.36,0.0679501,2.92162
157,0.596102,0.158976,9,3.06667,0.0770008,2.8723
158,0.620388,0.188856,9,3.54,0.0711494,3.16253
159,0.631277,0.146798,9,2.92667,0.0790552,2.91665
160,0.810082,0.261892,10,4.22,0.0762186,2.76938
161,0.644035,0.175955,9,3.22,0.068174,2.68893
162,0.519711,0.143522,9,2.69333,0.0812974,3.20133
163,0.570293,0.128984,9,2.54667,0.0677989,2.69057
164,0.572349,0.114881,8,2.48,0.064354,2.73262
165,0.756638,0.218199,10,3.84,0.0716353,2.65816
166,0.731953,0.157682,9,2.92667,0.0711031,3.05336
167,0.606724,0.161161,9,3.06667,0.0640708,2.76022
168,0.65867,0.166323,10,3.27333,0.0676897,2.89291
169,0.554598,0.162468,10,3.32667,0.0663413,2.82106
170,0.657278,0.146595,9,3.02667,0.0716576,3.24559
171,0.651247,0.207775,9,3.49333,0.0683671,2.74859
172,0.68512,0.165867,10,3.41333,0.0755508,2.8279
173,0.772674,0.171432,10,3.36667,0.0677267,2.66665
174,0.619635,0.101247,8,2.18,0.0652341,3.04865
175,0.74015,0.195254,10,3.54667,0.0692552,3.24321
176,0.738329,0.175195,9,3.08667,0.0699166,2.69548
177,0.654303,0.173643,10,3.28667,0.0650455,2.65826
178,0.590296,0.113259,9,2.25333,0.066673,2.80934
179,0.585158,0.16733,10,3.24,0.0702936,2.8304
180,0.613953,0.118965,10,2.62,0.0682883,2.80229
181,0.740899,0.198945,10,3.52667,0.0698614,2.72539
182,0.730453,0.18862,10,3.47333,0.0667337,2.58354
183,0.682802,0.166045,9,3.23333,0.065774,2.68987
184,0.619969,0.130827,9,2.62667,0.0677182,2.67402
185,0.70295,0.171831,10,2.78667,0.0670028,2.47808
186,0.689096,0.166198,9,3.00667,0.0888454,2.95734
187,0.629993,0.180593,9,3.14,0.0682234,2.60693
188,0.702814,0.176751,10,3.10667,0.06684,2.41463
189,0.790118,0.233533,10,3.72667,0.0717111,2.58122
190,0.760326,0.197984,10,3.44,0.0822031,2.48747
191,0.765348,0.214962,10,4.02667,0.0650464,2.42669
192,0.672424,0.185892,9,3.28667,0.0647952,2.60172
193,0.683814,0.135303,9,2.54,0.0666978,2.72975
194,0.679661,0.228526,10,3.86,0.0699522,2.65666
195,0.699191,0.207029,10,3.82,0.0646506,2.60874
196,0.726538,0.23111,10,3.79333,0.0698362,2.71382
197,0.67622,0.183616,9,3.60667,0.0678574,2.78273
198,0.763114,0.271681,10,4.23333,0.0697543,2.42692
199,0.696273,0.201405,9,3.38667,0.168844,2.52856
200,0.755841,0.206623,10,3.92667,0.0724699,2.8632
201,0.743493,0.173254,9,3.25333,0.0660346,2.47662
202,0.808012,0.210614,10,3.77333,0.0702113,2.80416
203,0.78517,0.268456,10,4.10667,0.0765048,2.50413
204,0.686266,0.21018,9,3.42667,0.0686087,2.57528
205,0.772624,0.239329,10,3.92667,0.0704635,2.63701
206,0.77638,0.220787,10,3.74667,0.0795716,2.60046
207,0.828512,0.294586,10,4.77333,0.0764602,2.43231
208,0.788853,0.243985,10,4.05333,0.0680226,2.40377
209,0.685092,0.235335,10,3.94667,0.0678138,2.55223
210,0.839581,0.250533,10,3.99333,0.0689479,2.50615
211,0.754412,0.209542,9,3.62,0.0680715,2.52021
212,0.711647,0.182706,9,3.23333,0.0665423,2.48817
213,0.631365,0.128442,10,2.56,0.0693949,2.61611
214,0.569055,0.181334,9,3.15333,0.0669642,2.62705
215,0.732947,0.199314,10,3.16,0.0677168,2.69506
216,0.771528,0.213118,10,3.64667,0.066524,2.31962
217,0.738908,0.197439,9,3.41333,0.0736746,2.36321
218,0.842878,0.186024,10,3.32667,0.0689891,2.21438
219,0.627261,0.14444,10,2.63333,0.0665135,2.38212
220,0.850595,0.195016,10,3.44667,0.0725111,2.26258
221,0.642582,0.174429,9,2.76667,0.0658909,2.33294
222,0.660897,0.17532,9,3.26667,0.0689991,2.39735
223,0.74496,0.215113,10,3.53333,0.0694087,2.50507
224,0.589385,0.174398,8,3.18,0.0682018,2.61347
225,0.932498,0.281479,10,4.46,0.0692322,2.25388
226,0.556916,0.136728,8,2.51333,0.072351,2.55
227,0.766828,0.237236,10,4.06667,0.0686994,2.54626
228,0.616284,0.154277,9,3.01333,0.064464,2.51021
229,0.780095,0.217079,10,3.71333,0.0743078,2.79213
230,0.755427,0.227207,9,3.82667,0.0679841,2.60075
231,0.698371,0.217687,10,3.68667,0.0713461,2.76911
232,0.746105,0.22024,10,3.86,0.068073,2.79661
233,0.58403,0.151464,10,2.90667,0.06972,2.81338
234,0.871398,0.305107,10,4.7,0.0717052,2.61837
235,0.649607,0.185562,10,3.57333,0.0683313,2.29871
236,0.576517,0.168548,8,3.40667,0.0663768,2.65352
237,0.715099,0.191506,10,3.32,0.068036,2.52254
238,0.633441,0.186763,10,3.51333,0.0661828,2.58848
239,0.792574,0.23076,10,4.18667,0.0692887,2.44712
240,0.647935,0.207786,10,3.69333,0.068222,2.5215
241,0.768108,0.219325,10,3.82667,0.0690924,2.53595
242,0.716637,0.181534,10,3.66,0.0689491,2.655
243,0.76837,0.195116,10,3.69333,0.0642837,2.37537
244,0.725937,0.183254,10,3.33333,0.0681077,2.3088
245,0.798817,0.21538,9,3.74667,0.0708908,2.651
246,0.633886,0.209224,10,3.62667,0.0684208,2.56798
247,0.712927,0.218836,10,3.66667,0.0642176,2.4556
248,0.779916,0.211591,9,3.8,0.067869,2.50937
249,0.844266,0.264732,10,4.34,0.0727153,2.1179
250,0.684895,0.189239,10,3.21333,0.065675,2.09201
251,0.688402,0.168889,10,3.22,0.0658731,2.30135
252,0.779755,0.228763,10,3.88667,0.0702208,2.18309
253,0.657414,0.162277,9,3.34,0.0639505,2.2843
254,0.678491,0.165925,9,3.30667,0.0687629,2.61325
255,0.815025,0.217026,10,4.18,0.0697256,2.45715
256,0.485396,0.115163,8,2.22,0.0655793,2.39501
257,0.854938,0.223763,10,3.78,0.0673249,2.06635
258,0.663681,0.171496,10,3.41333,0.0743082,2.32869
259,0.59112,0.222635,9,3.80667,0.0678467,2.48938
260,0.764675,0.216149,10,3.70667,0.0707038,2.30334
261,0.64692,0.202769,9,3.46667,0.0651365,2.07456
262,0.547575,0.179312,8,3.3,0.0663684,2.3297
263,0.569876,0.179976,9,3.33333,0.0764386,2.40794
264,0.724827,0.200656,10,3.8,0.0673314,2.4973
265,0.721067,0.264991,10,4.46667,0.0698773,2.43829
266,0.79279,0.225848,10,4.01333,0.0701095,2.52587
267,0.709253,0.197325,10,3.92667,0.07033,2.36685
268,0.725361,0.200688,10,3.71333,0.0759123,2.72041
269,0.866355,0.218542,10,4.06667,0.0662093,2.45369
270,0.777725,0.26335,10,4.61333,0.0704085,2.78128
271,0.775453,0.251689,10,4.48667,0.072833,2.34989
272,0.708082,0.207876,10,3.77333,0.0670583,2.24712
273,0.74614,0.203182,10,3.93333,0.0676989,2.05932
274,0.776374,0.267112,10,4.58667,0.0694021,2.21535
275,0.649509,0.217071,10,3.99333,0.0665252,2.54245
276,0.684639,0.228078,10,4.11333,0.0714383,2.70334
277,0.712058,0.21466,9,3.94,0.0674269,2.52113
278,0.715842,0.225673,10,3.92,0.06854,2.22883
279,0.729151,0.255665,10,4.39333,0.0702114,2.33668
280,0.803794,0.254132,10,4.33333,0.0685008,2.45901
281,0.709282,0.225389,10,3.74,0.0653336,2.43826
282,0.645461,0.197102,10,3.58667,0.0692272,2.43507
283,0.660037,0.152361,9,3.17333,0.0684367,2.79988
284,0.785661,0.247716,10,4.29333,0.0652899,2.33233
285,0.764563,0.231943,10,4.13333,0.0725889,2.74618
286,0.706497,0.17992,10,3.44,0.064224,2.77579
287,0.661238,0.206699,10,3.96667,0.0688345,2.46672
288,0.724036,0.235028,10,4.24,0.072395,2.58846
289,0.693107,0.199178,9,3.82667,0.0673878,2.63179
290,0.721367,0.259521,10,4.51333,0.0685253,2.19378
291,0.81829,0.171263,10,3.82667,0.0683539,2.54156
292,0.739875,0.205863,10,3.48667,0.0676636,2.11278
293,0.65689,0.177062,9,3.34667,0.0661693,2.36974
294,0.59722,0.155991,9,2.80667,0.0686525,2.73745
295,0.761282,0.248685,10,4.27333,0.0747633,2.20762
296,0.807975,0.216678,10,3.72,0.0708802,2.49094
297,0.665721,0.209173,9,3.74,0.0681222,2.46716
298,0.642281,0.195308,9,3.68,0.0847039,2.63552
299,0.82482,0.218591,10,3.87333,0.075082,2.49651
300,0.62317,0.210779,10,3.68667,0.0674061,2.3258
301,0.610752,0.201182,9,3.39333,0.0692596,2.30469
302,0.67348,0.203361,10,3.32667,0.070688,2.34967
303,0.635226,0.176294,9,3.23333,0.0720386,2.69522
304,0.618109,0.215657,9,3.8,0.0662074,2.49069
305,0.754647,0.233714,10,4.25333,0.0667289,2.49555
306,0.845704,0.24336,10,4.31333,0.0681911,2.54797
307,0.655235,0.171934,10,3.41333,0.0689646,2.70803
308,0.755224,0.212481,10,3.91333,0.0709546,2.63808
309,0.757267,0.184992,10,3.34667,0.0681513,2.51927
310,0.732224,0.189531,10,3.93333,0.0683029,2.38228
311,0.781463,0.248898,10,4.12,0.0703271,2.58024
312,0.551946,0.148471,9,2.90667,0.0907617,2.70243
313,0.719821,0.199843,10,3.70667,0.0702776,2.51744
314,0.695071,0.177598,10,3.54667,0.0846063,2.7469
315,0.751837,0.245116,10,4.22667,0.0664934,2.58535
316,0.701439,0.173623,9,3.64667,0.0690751,2.93188
317,0.805893,0.20814,10,3.68,0.0700915,2.56845
318,0.51964,0.149435,8,2.86,0.0757584,2.53144
319,0.671538,0.182328,10,3.62667,0.0683396,2.25443
320,0.774282,0.230352,10,3.96,0.0824683,2.61708
321,0.664577,0.207664,9,3.84667,0.0684758,2.3631
322,0.684821,0.202369,9,3.4,0.0674922,2.5548
323,0.643631,0.19534,9,3.36667,0.0656057,2.58592
324,0.658722,0.156123,9,2.91333,0.0687661,2.56942
325,0.628936,0.181651,10,3.26,0.069907,2.54599
326,0.576637,0.176486,9,3.16,0.0676133,2.48505
327,0.718015,0.170471,10,3.12,0.0664812,2.64334
328,0.62586,0.187316,10,3.22,0.0692965,2.40049
329,0.479895,0.154125,9,2.93333,0.0655898,2.68066
330,0.765757,0.185085,10,3.27333,0.0749674,2.57681
331,0.786012,0.236999,10,3.58667,0.071133,2.3043
332,0.70764,0.208503,9,3.24667,0.0686657,2.61551
333,0.801705,0.205628,10,3.22,0.0674067,2.50349
334,0.72912,0.186965,10,3.27333,0.0669424,2.31384
335,0.895682,0.215075,10,3.86,0.0683412,2.29963
336,0.734335,0.226484,10,3.78667,0.0687198,2.19633
337,0.858909,0.178276,10,3.46667,0.0687743,2.42276
338,0.657315,0.189092,9,3.38667,0.0696823,2.35875
339,0.791399,0.190207,10,3.50667,0.0670025,2.33012
340,0.681019,0.218898,10,3.96,0.0668019,2.39818
341,0.674286,0.21552,10,3.6,0.0693633,2.50512
342,0.858232,0.271783,10,4.06,0.0687937,2.11601
343,0.711307,0.212613,10,3.4,0.0692019,2.2576
344,0.768992,0.246882,10,3.73333,0.070115,2.09935
345,0.789732,0.269597,10,4.35333,0.0661998,2.04673
346,0.599349,0.158078,10,2.97333,0.0676542,2.58902
347,0.684884,0.19439,10,3.44667,0.0672182,2.3886
348,0.645472,0.191993,10,3.27333,0.0666071,2.70758
349,0.822023,0.242053,10,3.99333,0.0685978,2.43732
350,0.695063,0.180519,9,3.23333,0.0682364,2.54695
351,0.657908,0.227019,9,3.52,0.0667096,2.23154
352,0.774488,0.225396,10,3.47333,0.068295,2.42098
353,0.853479,0.220873,10,3.54667,0.069395,2.43945
354,0.755269,0.210173,10,3.46667,0.0661329,2.40477
355,0.750344,0.229527,10,3.86667,0.0696777,2.37631
356,0.62236,0.192669,9,3.26,0.0655823,2.75307
357,0.8309,0.283215,10,4.22667,0.0692068,2.44533
358,0.699584,0.222805,10,3.52667,0.0651842,2.48697
359,0.670809,0.188728,10,3.18667,0.0674266,2.50291
360,0.814536,0.224752,10,3.62667,0.0673112,2.49639
361,0.615979,0.208208,10,3.3,0.0655351,2.60962
362,0.744646,0.218889,9,3.43333,0.0684813,2.42381
363,0.84849,0.297035,10,4.52667,0.0696161,2.47618
364,0.717211,0.25083,10,3.62667,0.0701197,2.51797
365,0.76221,0.176002,10,3.19333,0.0683362,2.89443
366,0.791305,0.226885,10,3.56667,0.0686521,2.74477
367,0.611803,0.190432,9,3.18,0.0697124,2.91865
368,0.711825,0.198481,10,3.23333,0.0681793,2.61913
369,0.604137,0.165338,10,2.92,0.0668988,2.60699
370,0.837226,0.262231,10,4.16667,0.110573,2.26189
371,0.639669,0.200841,9,3.46667,0.0678543,2.57958
372,0.645284,0.211002,9,3.46,0.0660751,2.8527
373,0.85229,0.271416,10,4.1,0.0711201,2.70072
374,0.759413,0.243754,10,3.86667,0.0719488,2.75651
375,0.70134,0.241523,10,3.98,0.0680127,2.7803
376,0.784799,0.316121,9,4.57333,0.0672187,2.45251
377,0.806853,0.270794,10,4.26667,0.0706153,2.468
378,0.771244,0.261716,9,4.07333,0.068199,2.54784
379,0.78701,0.248349,10,3.47333,0.0681103,2.16167
380,0.778783,0.233033,10,3.8,0.0673655,2.44954
381,0.800968,0.224201,10,3.64,0.0674955,2.62942
382,0.611954,0.183653,8,2.81333,0.0634012,2.34287
383,0.768103,0.221124,9,3.3,0.064944,2.42898
384,0.777405,0.214721,10,3.31333,0.0683574,2.64604
385,0.809721,0.271918,10,3.99333,0.0723574,2.39562
386,0.7973,0.227832,10,3.76667,0.0672177,2.5121
387,0.626211,0.184593,9,2.96,0.0658134,2.42025
388,0.733211,0.249875,9,3.82667,0.0685771,2.43
389,0.880754,0.278669,10,4.22667,0.068786,1.98742
390,0.627897,0.18704,9,3.22,0.0680174,2.83059
391,0.797783,0.260903,10,4.07333,0.0665357,2.41928
392,0.855058,0.284867,10,4.48667,0.0671796,2.21019
393,0.798113,0.251773,10,3.94667,0.072631,2.36184
394,0.711062,0.232531,9,3.90667,0.0667491,2.51033
395,0.56632,0.167611,9,2.95333,0.0751296,2.65507
396,0.737844,0.220385,10,3.53333,0.0686449,2.35862
397,0.800804,0.258773,10,4.02667,0.0669647,2.24405
398,0.58517,0.169556,8,2.92,0.062437,2.44449
399,0.717092,0.249786,10,3.88667,0.0659315,2.30508
400,0.718411,0.236558,9,3.74667,0.0699527,2.61241
401,0.678509,0.217712,9,3.57333,0.0664771,2.39282
402,0.698839,0.226132,9,3.78667,0.067323,2.59084
403,0.829408,0.246446,10,3.97333,0.0695803,2.67759
404,0.742731,0.233897,10,3.67333,0.0695227,2.39348
405,0.717299,0.214936,9,3.71333,0.0691244,2.25974
406,0.708485,0.228759,10,3.63333,0.0686543,2.21905
407,0.765467,0.204321,10,3.28,0.068598,2.38398
408,0.773717,0.26189,10,4.08667,0.0705287,2.52185
409,0.807191,0.26602,9,4.24,0.0652937,2.33912
410,0.536075,0.15149,8,2.66667,0.0649118,2.70212
411,0.781348,0.282485,10,4.25333,0.0689657,2.40484
412,0.771248,0.262515,10,3.86667,0.0688994,2.54483
413,0.689802,0.225482,9,3.7,0.0709739,2.74909
414,0.795894,0.185775,10,2.82,0.0698914,2.67426
415,0.714733,0.207858,9,3.05333,0.0681911,2.36473
416,0.691138,0.187992,9,3.47333,0.0679973,2.44539
417,0.722604,0.232294,10,3.82667,0.0689321,2.61408
418,0.805479,0.192844,10,3.38,0.0685922,2.46096
419,0.654891,0.171053,10,2.94,0.0686154,2.45158
420,0.737393,0.184908,10,3.18667,0.0652494,2.64607
421,0.555517,0.158131,8,2.9,0.0691479,2.74082
422,0.615631,0.13351,10,2.60667,0.0645735,2.53937
423,0.738098,0.222671,10,3.98,0.0666803,2.47558
424,0.587881,0.200112,10,3.50667,0.068945,2.56747
425,0.595153,0.19194,10,3.43333,0.0650145,2.90253
426,0.718019,0.238999,9,3.94,0.0678026,2.59285
427,0.714538,0.212248,9,3.33333,0.0689471,2.6377
428,0.780356,0.218223,10,3.68667,0.0704072,2.70368
429,0.673515,0.198302,9,3.36,0.068297,2.74572
430,0.862232,0.268154,10,4.5,0.0889924,2.74483
431,0.609551,0.146006,8,2.56,0.0656871,2.91071
432,0.686493,0.244559,9,3.63333,0.0652043,2.43587
433,0.831803,0.248769,10,3.92,0.0694814,2.59859
434,0.697968,0.165503,10,2.96667,0.0696943,2.76215
435,0.759265,0.232501,9,3.58,0.0665756,2.62302
436,0.69925,0.192097,9,3.34667,0.0673098,2.73141
437,0.727306,0.233734,10,3.86,0.0687042,2.563
438,0.793695,0.242873,10,3.93333,0.0666524,2.42047
439,0.735314,0.187052,10,3.08,0.0660325,2.41466
440,0.775865,0.176477,10,2.99333,0.0706696,2.59765
441,0.742409,0.240723,10,3.89333,0.0673074,2.38621
442,0.70204,0.201244,10,3.29333,0.0666978,2.24707
443,0.628934,0.20548,9,3.52,0.0641301,2.44819
444,0.637467,0.193391,8,2.82,0.0668944,2.58759
445,0.633707,0.198398,10,3.48,0.068442,2.4705
446,0.760403,0.202511,9,3.32667,0.0710646,2.50359
447,0.683821,0.236966,9,3.94,0.0693977,2.74715
448,0.781761,0.292453,10,4.44,0.075767,2.3284
449,0.712211,0.223851,9,3.57333,0.0710398,2.53936
450,0.623105,0.165208,9,2.8,0.0669127,2.86414
451,0.664294,0.196823,10,3.46,0.0676777,2.66463
452,0.83838,0.248182,10,3.99333,0.0779375,2.81865
453,0.760554,0.241355,10,3.92667,0.0647185,2.74951
454,0.789193,0.294342,10,4.57333,0.069624,2.49669
455,0.784862,0.268625,10,4.43333,0.0687601,2.59825
456,0.692178,0.254899,10,3.97333,0.0649586,2.52611
457,0.741572,0.23585,10,4.01333,0.0696843,2.56307
458,0.757404,0.214583,10,3.5,0.0659835,2.66204
459,0.846076,0.252076,10,4.14,0.0698097,2.50997
460,0.681754,0.199571,10,3.42,0.0650158,2.84094
461,0.749301,0.239007,10,3.93333,0.0711724,2.70335
462,0.714994,0.233852,10,3.84,0.0681948,2.64146
463,0.77132,0.227934,9,3.61333,0.0650182,2.45225
464,0.752539,0.221368,10,3.80667,0.0714122,2.6969
465,0.718857,0.26089,10,4.2,0.0636796,2.46626
466,0.679307,0.20327,10,3.54,0.0647314,2.65538
467,0.686116,0.241923,9,3.74667,0.0633812,2.54927
468,0.786028,0.232274,10,4.06667,0.0727203,2.91916
469,0.643924,0.172325,9,3.18,0.0733317,3.13095
470,0.569551,0.177644,10,3.14667,0.0675111,3.0148
471,0.658228,0.19542,9,3.40667,0.0788517,3.24863
472,0.695929,0.243446,10,4.4,0.0691069,2.77372
473,0.708927,0.247939,10,4.02,0.0633336,2.54721
474,0.73632,0.221898,10,3.87333,0.0713429,3.08485
475,0.647988,0.174067,10,3.06667,0.0690753,2.86386
476,0.680598,0.225411,10,3.98,0.0889047,2.69907
477,0.692474,0.183379,9,3.72,0.0677456,2.91674
478,0.683888,0.175206,10,3.28667,0.0713285,2.96758
479,0.549986,0.184772,9,3.05333,0.0685543,3.10434
480,0.719788,0.202324,10,3.42,0.0837028,2.91019
481,0.658836,0.171828,10,3.4,0.0680271,3.02132
482,0.761866,0.271568,10,4.75333,0.0719651,2.67584
483,0.698495,0.185428,10,3.42667,0.0686593,2.95457
484,0.579038,0.151999,8,3.01333,0.075323,3.0798
485,0.565777,0.160625,8,3.09333,0.0654128,2.76322
486,0.816305,0.281554,10,4.6,0.0705306,2.44333
487,0.721056,0.248989,10,3.88,0.0691794,2.52483
488,0.569138,0.189596,9,3.06667,0.0626489,2.63204
489,0.620576,0.218352,8,3.95333,0.0739966,2.97205
490,0.767102,0.213382,10,3.89333,0.0688298,2.97786
491,0.720307,0.213389,10,3.84,0.0696273,2.67128
492,0.734172,0.247524,10,3.96667,0.0751425,2.83554
493,0.624446,0.185545,8,3.14667,0.0712868,2.69596
494,0.848003,0.232487,10,3.91333,0.0675466,2.26203
495,0.785419,0.201475,10,3.27333,0.0689176,2.24278
496,0.691706,0.215696,10,3.58,0.0671622,2.63139
497,0.679927,0.213497,10,3.60667,0.0711767,2.71941
498,0.695009,0.254649,10,4.22667,0.0869095,2.74122
499,0.808599,0.224941,10,3.57333,0.0678369,2.29332
500,0.679536,0.161814,9,2.79333,0.0625307,2.37547
501,0.684228,0.213986,9,3.49333,0.0685759,2.66208
502,0.775186,0.23991,10,3.92,0.0672939,2.49702
503,0.803012,0.256699,10,4.23333,0.0734063,2.3701
504,0.781088,0.255901,10,4.18,0.0971109,2.45232
505,0.65892,0.197064,10,3.33333,0.0684047,2.639
506,0.763466,0.226492,10,3.80667,0.0696205,2.64044
507,0.796732,0.250724,10,3.93333,0.0652435,2.36236
508,0.540028,0.17923,8,3.10667,0.0644823,2.77828
509,0.619886,0.203945,9,3.28,0.0686563,2.84531
510,0.711253,0.268648,10,4.40667,0.0701447,2.67211
511,0.783076,0.218808,10,3.58667,0.0710524,2.68917
512,0.735304,0.213822,10,3.36667,0.0651183,2.57933
513,0.7459,0.194733,10,3.56,0.0671197,2.57419
514,0.604516,0.178328,9,3.03333,0.0646082,2.64471
515,0.657871,0.197168,9,3.52667,0.0666583,2.63761
516,0.765793,0.275916,10,4.40667,0.0694461,2.53604
517,0.711279,0.227459,10,4.00667,0.0710746,2.63285
518,0.632168,0.181835,9,3.21333,0.0672731,3.00607
519,0.583349,0.170364,9,2.95333,0.0688132,2.7741
520,0.729692,0.199827,10,3.3,0.0696312,2.63894
521,0.578095,0.161706,8,2.75333,0.0687551,2.71456
522,0.764015,0.216308,10,3.52667,0.0679005,2.49485
523,0.759245,0.227907,10,3.56667,0.069639,2.42102
524,0.778873,0.223823,10,3.72667,0.0682606,2.71268
525,0.736098,0.245557,10,4.05333,0.0712791,2.70585
526,0.738758,0.225081,10,3.86,0.0688909,2.24839
527,0.708352,0.172338,10,3.16667,0.0663833,2.91673
528,0.714512,0.220075,10,3.82667,0.0714547,2.57519
529,0.637331,0.222326,10,3.98667,0.0743887,2.75497
530,0.771976,0.206887,10,3.68,0.0665143,2.8498
531,0.714111,0.210389,10,3.93333,0.0682682,3.12544
532,0.74291,0.257396,10,4.06,0.062911,2.41949
533,0.632718,0.203831,9,3.64,0.104624,3.15922
534,0.857325,0.265967,10,4.17333,0.0668627,2.32497
535,0.766313,0.236022,10,3.98,0.0672319,2.6926
536,0.765765,0.243319,9,3.95333,0.09126,2.61902
537,0.66983,0.208904,9,3.47333,0.063684,2.59727
538,0.680758,0.203499,10,3.44667,0.072074,2.77355
539,0.639761,0.194511,10,3.50667,0.067539,2.82784
540,0.686684,0.200502,10,3.44667,0.0642762,2.64277
541,0.78341,0.249038,10,3.77333,0.067869,2.30717
542,0.635659,0.190447,9,3.3,0.0668427,2.78468
543,0.763204,0.219878,10,3.72667,0.0712405,2.57087
544,0.658856,0.209006,10,3.29333,0.0654107,2.72504
545,0.671297,0.169816,9,2.96667,0.0663574,2.68522
546,0.791922,0.253967,10,4.1,0.0688404,2.31364
547,0.807645,0.21836,10,3.6,0.0696575,2.44435
548,0.768436,0.248879,10,3.87333,0.0704004,2.34035
549,0.753457,0.254687,10,3.73333,0.068427,2.58142
550,0.751744,0.259798,10,4.26667,0.0670725,2.39214
551,0.588666,0.218849,9,3.59333,0.0674424,2.84129
552,0.733188,0.234727,10,3.90667,0.068691,2.85279
553,0.69964,0.248665,9,4.02,0.0702511,2.51451
554,0.590734,0.196963,9,3.46,0.0682688,2.78814
555,0.589482,0.188146,9,3.36,0.0692273,2.64004
556,0.794907,0.243603,10,4.01333,0.0693976,2.58415
557,0.631159,0.200738,10,3.74667,0.0723756,3.00463
558,0.645807,0.24837,10,3.89333,0.0746903,2.46306
559,0.800959,0.255069,10,4.10667,0.0663375,2.35475
560,0.63707,0.185448,9,3.10667,0.0675481,2.63587
561,0.671669,0.184605,10,3.18,0.067674,2.63737
562,0.706045,0.24161,10,3.88,0.0648982,2.5763
563,0.731888,0.218011,10,3.75333,0.0677819,2.86733
564,0.725117,0.237012,9,4.01333,0.0772427,2.5616
565,0.705707,0.223477,9,3.81333,0.0897301,2.7793
566,0.83049,0.267618,10,4.56667,0.0713144,2.95064
567,0.868792,0.279505,10,4.42667,0.066092,2.71862
568,0.764268,0.268511,10,4.33333,0.0670766,2.75908
569,0.670953,0.19947,10,3.64,0.0677548,2.92813
570,0.826855,0.268441,10,4.34,0.0679705,2.75201
571,0.73217,0.23775,10,3.84,0.069052,2.60039
572,0.620647,0.167364,10,3.16667,0.0661215,2.71743
573,0.876175,0.276891,10,4.52667,0.0708905,2.41204
574,0.724908,0.234052,10,3.86667,0.0705818,2.72322
575,0.777598,0.23867,10,4.01333,0.0688951,2.56477
576,0.637548,0.208492,10,3.69333,0.0630517,2.54396
577,0.760393,0.24101,10,4.22667,0.0673428,2.45981
578,0.769865,0.175203,10,3.3,0.0740415,2.8271
579,0.776391,0.238175,10,4.08,0.0659087,2.52852
580,0.758761,0.244528,10,4.06,0.0749579,2.76533
581,0.801571,0.250578,10,3.90667,0.0676416,2.44889
582,0.745027,0.211026,10,3.88,0.0654795,2.63039
583,0.615601,0.186871,10,3.4,0.0693214,2.71226
584,0.673607,0.225489,10,3.86667,0.0676208,2.87637
585,0.786835,0.270608,10,4.36,0.0689749,2.5805
586,0.644837,0.203026,10,3.78667,0.0780805,2.63478
587,0.635578,0.180141,9,3.18667,0.0690006,3.04187
588,0.681732,0.211259,10,3.90667,0.0685537,2.96576
589,0.771406,0.253589,10,4.01333,0.0681233,2.67006
590,0.860151,0.22159,10,3.9,0.0693659,2.56857
591,0.619986,0.208197,10,3.72667,0.0743002,3.01876
592,0.640495,0.245217,9,4.21333,0.0690016,2.66616
593,0.729891,0.173785,10,3.42,0.0661491,2.63097
594,0.801375,0.30251,10,5.08,0.0667627,2.43169
595,0.499912,0.156902,9,3.04667,0.0709111,3.04081
596,0.640092,0.193952,9,3.28,0.0686366,2.7575
597,0.747473,0.257118,9,4.27333,0.0840568,2.57775
598,0.638537,0.171813,10,3.31333,0.0691031,2.93729
599,0.726688,0.239292,10,4.04,0.0742956,2.4077
600,0.653047,0.186824,9,3.62667,0.067139,2.67412
601,0.836305,0.288272,10,4.7,0.0703205,2.40961
602,0.790781,0.266031,10,3.99333,0.0678393,2.19599
603,0.748643,0.210759,10,3.77333,0.0671222,2.7454
604,0.717358,0.260039,10,4.29333,0.0692365,2.59395
605,0.694755,0.24978,10,4.06,0.0722017,2.54356
606,0.780332,0.251636,10,4.3,0.0712598,2.43283
607,0.651702,0.25482,10,4.41333,0.0869988,2.84217
608,0.841775,0.334246,10,5.29333,0.0690172,2.16241
609,0.694816,0.246512,10,3.93333,0.0705116,2.27989
610,0.570773,0.183228,9,3.10667,0.074665,2.52847
611,0.627442,0.188559,9,3.26667,0.0698483,2.66567
612,0.727082,0.171855,9,3.00667,0.0677212,2.34537
613,0.722539,0.233425,10,3.94667,0.0706854,2.44861
614,0.721642,0.222509,9,3.88667,0.0675292,2.11351
615,0.700393,0.211758,10,3.61333,0.0649815,2.45032
616,0.639046,0.224526,8,3.5,0.0726639,2.55145
617,0.627129,0.199809,10,4.08667,0.0704279,2.90733
618,0.692938,0.175518,10,3.73333,0.0685731,2.76798
619,0.678747,0.16768,9,3.40667,0.0676524,2.70864
620,0.784168,0.212408,10,4.44667,0.0671234,2.72074
621,0.660868,0.220655,10,3.93333,0.0664411,2.42353
622,0.660253,0.196333,10,3.62,0.0661127,2.68121
623,0.636833,0.147627,10,2.99333,0.120756,2.58072
624,0.795485,0.206867,10,3.9,0.0700913,2.61785
625,0.68697,0.151051,10,3.06667,0.0644187,2.73539
626,0.798962,0.260881,10,4.62667,0.0701451,2.73498
627,0.825773,0.2556,10,4.50667,0.0715816,2.40696
628,0.703154,0.210993,10,3.93333,0.0648027,2.53968
629,0.770457,0.284155,10,4.46667,0.0703739,2.59194
630,0.825975,0.286937,10,4.91333,0.0649251,2.44684
631,0.866292,0.289292,10,5.34,0.0826147,2.15667
632,0.768535,0.197356,10,3.73333,0.0681761,2.67903
633,0.842562,0.254705,10,4.48667,0.0671019,2.16303
634,0.684215,0.209716,9,4.14,0.0708349,2.818
635,0.728381,0.22057,10,3.66667,0.0711469,2.42797
636,0.631431,0.174416,10,3.62667,0.0686444,2.89084
637,0.60396,0.165581,10,3.42667,0.0698233,3.13176
638,0.744025,0.168904,10,3.38667,0.0668456,2.80409
639,0.741738,0.234897,10,4.5,0.0809651,2.84149
640,0.810342,0.269329,10,4.67333,0.0697274,2.56156
641,0.70023,0.251281,10,4.16,0.0665649,2.54162
642,0.742975,0.23858,10,4.32,0.071407,2.48731
643,0.779747,0.264085,10,4.43333,0.0691925,2.53603
644,0.83085,0.279134,10,4.94667,0.0689499,2.56824
645,0.719919,0.222243,10,3.86,0.0718832,2.44217
646,0.703365,0.234103,10,3.98,0.0671348,2.69173
647,0.659737,0.191574,10,3.66,0.0704505,2.94081
648,0.781954,0.273662,10,4.56,0.0709112,2.17099
649,0.699335,0.205975,10,3.74,0.0674986,2.53615
650,0.78653,0.254131,10,4.1,0.0693647,2.48577
651,0.754285,0.188373,10,3.53333,0.0745364,2.61809
652,0.820456,0.296449,10,5.39333,0.07643,2.302
653,0.784279,0.249072,10,4.41333,0.0672526,2.46323
654,0.784612,0.219365,10,4.32,0.0751601,2.6468
655,0.692628,0.219815,10,3.92667,0.0695447,2.53719
656,0.627002,0.194248,10,3.6,0.0703189,2.72606
657,0.759596,0.269133,10,4.58667,0.0684058,2.3026
658,0.821041,0.234042,10,3.91333,0.0657471,2.5105
659,0.779878,0.240492,10,4.12,0.0693401,2.5617
660,0.703064,0.248104,10,4.06667,0.0675303,2.35526
661,0.656341,0.197458,10,4.00667,0.0704959,2.51924
662,0.797488,0.297885,10,4.53333,0.0678646,2.26537
663,0.746811,0.2533,10,4.50667,0.0648876,2.36464
664,0.741023,0.287939,10,4.88667,0.0736402,2.47916
665,0.702105,0.254852,10,4.64667,0.0713139,2.87648
666,0.682023,0.248389,10,4.18667,0.0730047,2.81085
667,0.829503,0.268789,10,4.92,0.0702947,2.58405
668,0.751962,0.220907,10,4.23333,0.0663591,2.82738
669,0.603039,0.171103,9,3.42,0.0693869,3.1188
670,0.778319,0.258656,10,4.37333,0.0661537,2.40163
671,0.802931,0.246694,10,4.36667,0.0682478,2.46691
672,0.74214,0.259357,10,4.42,0.0669202,2.69587
673,0.818617,0.29131,10,5.00667,0.0699885,2.27496
674,0.639238,0.190831,9,3.44,0.0650116,2.71126
675,0.770071,0.262382,10,4.44667,0.0712936,2.5946
676,0.744083,0.219864,10,3.92667,0.0668105,2.58428
677,0.679063,0.215616,9,3.53333,0.0655332,2.60882
678,0.76762,0.2799,10,4.83333,0.0687697,2.56215
679,0.699399,0.215407,10,3.65333,0.0715794,2.49827
680,0.709844,0.262431,10,4.13333,0.0705712,2.65866
681,0.767879,0.289205,10,4.7,0.0690206,2.44362
682,0.618291,0.160531,9,3.25333,0.0747063,2.57262
683,0.584646,0.142433,9,3.06667,0.0679948,3.06896
684,0.693655,0.197346,10,4.10667,0.064031,2.61777
685,0.742525,0.211551,10,3.84667,0.0823861,2.8584
686,0.675424,0.235951,10,4.04667,0.066311,2.86487
687,0.696746,0.229733,10,4.42,0.0682279,2.59971
688,0.848167,0.26629,10,4.64,0.0661977,2.31825
689,0.713548,0.223371,10,4.20667,0.0689647,2.58839
690,0.743783,0.25502,10,4.42667,0.0707691,2.59433
691,0.759779,0.26305,10,4.88667,0.0699332,2.6912
692,0.629591,0.184949,10,3.58667,0.067623,2.88494
693,0.804863,0.218335,10,4.44667,0.0696004,2.56672
694,0.683839,0.186837,10,3.84667,0.063383,2.80185
695,0.758448,0.184638,10,3.61333,0.065004,2.34816
696,0.749098,0.258123,10,4.86667,0.0688562,2.70012
697,0.641313,0.214358,10,4.39333,0.0695462,2.46775
698,0.770336,0.242482,10,4.3,0.0696679,2.57729
699,0.674601,0.215066,9,4.1,0.0671173,2.53668
700,0.637793,0.189291,9,4.19333,0.0758178,2.72126
701,0.778734,0.237323,10,4.88667,0.0729002,2.90249
702,0.85953,0.274643,10,5.01333,0.0731592,2.47959
703,0.647649,0.184641,10,3.8,0.0702593,2.84714
704,0.683283,0.22044,10,4.32667,0.0672792,2.71445
705,0.703441,0.20577,9,3.94,0.065989,2.68203
706,0.668623,0.222919,10,4.03333,0.0734373,2.86179
707,0.806031,0.243585,10,4.54667,0.0737793,2.40969
708,0.703426,0.233511,10,4.45333,0.0713642,2.45798
709,0.636669,0.223284,9,4.14,0.0647461,2.54432
710,0.746647,0.233681,10,4.94,0.0725207,2.74038
711,0.780055,0.294226,10,4.9,0.0677544,2.43632
712,0.739634,0.218853,10,4.58,0.0703452,2.85285
713,0.837316,0.286448,10,4.96667,0.0691664,2.56185
714,0.797547,0.251372,9,4.48,0.065735,2.44997
715,0.782238,0.250304,10,4.68667,0.070599,2.31819
716,0.798262,0.254178,10,4.40667,0.0692041,2.28435
717,0.701042,0.236153,10,4.46,0.06892,2.40732
718,0.617739,0.151126,9,2.95333,0.0644518,2.76042
719,0.769117,0.272204,10,4.7,0.0677882,2.37826
720,0.732376,0.201105,10,3.74667,0.0682634,2.70865
721,0.749414,0.259974,10,4.80667,0.0682196,2.17805
722,0.563664,0.184629,9,3.26,0.0656362,2.51063
723,0.731617,0.221478,10,3.83333,0.0668317,2.75498
724,0.71784,0.212311,10,4.23333,0.0674753,2.69464
725,0.681587,0.18386,10,3.47333,0.0660737,2.82348
726,0.674122,0.19799,10,3.68,0.0675533,2.26524
727,0.660964,0.166343,9,3.56,0.0850553,2.80783
728,0.716672,0.248155,10,4.6,0.0703431,2.52422
729,0.714361,0.259951,10,4.54667,0.0672032,2.76574
730,0.62579,0.206155,10,4.00667,0.0704549,2.70437
731,0.746739,0.224385,10,4.17333,0.069193,2.66078
732,0.552791,0.147275,9,3.08,0.0663507,2.64333
733,0.740095,0.193606,10,3.74,0.0670131,2.45054
734,0.761503,0.216411,10,4.22667,0.069627,2.58298
735,0.706352,0.161303,10,3.34667,0.0694733,2.61161
736,0.605643,0.1898,10,3.50667,0.0657838,2.64842
737,0.762558,0.201928,10,3.76667,0.0712377,2.66117
738,0.779865,0.220194,10,4.02667,0.0785167,2.48594
739,0.719688,0.170268,10,3.31333,0.0675055,2.56949
740,0.734591,0.216751,10,4.02667,0.0723347,2.83651
741,0.763467,0.190853,10,3.8,0.0735481,3.18816
742,0.743509,0.249147,10,4.4,0.0723512,2.93856
743,0.605112,0.171875,10,3.36,0.068253,2.82758
744,0.81299,0.177317,10,3.60667,0.069146,2.74696
745,0.676659,0.184331,10,3.32667,0.066851,2.72156
746,0.83299,0.292493,10,5.00667,0.0662199,2.55009
747,0.664388,0.210577,9,4.18667,0.0709419,2.94369
748,0.743409,0.233089,9,3.84,0.0690265,2.71574
749,0.779188,0.229936,10,4.42,0.089763,2.79956
750,0.776543,0.225654,10,4.00667,0.0761827,2.92251
751,0.689024,0.194812,9,3.56,0.0646874,2.64333
752,0.630728,0.205667,10,3.63333,0.0711236,2.49292
753,0.592087,0.154552,10,3.14667,0.0667872,2.71741
754,0.723931,0.196922,10,3.57333,0.0647166,2.6244
755,0.749845,0.23392,10,4.03333,0.07242,2.38723
756,0.805803,0.256152,10,4.15333,0.0673103,2.49368
757,0.648791,0.185792,9,3.45333,0.0679189,2.55291
758,0.78031,0.277723,10,4.27333,0.105886,2.65186
759,0.678087,0.196287,10,3.47333,0.0651597,2.54446
760,0.725204,0.204418,10,3.63333,0.065086,2.59954
761,0.754956,0.288036,9,4.56,0.0666561,2.4349
762,0.635962,0.202845,10,3.63333,0.0705403,2.92448
763,0.609692,0.184693,9,3.19333,0.065132,2.80915
764,0.742024,0.226189,9,3.50667,0.0700994,2.70895
765,0.711057,0.25612,9,3.85333,0.0633075,2.36947
766,0.763116,0.197277,10,3.74667,0.0714304,2.58905
767,0.779061,0.305075,10,4.8,0.064326,2.34737
768,0.855316,0.233362,10,3.84667,0.0684104,2.56388
769,0.683572,0.215528,10,3.9,0.0639306,2.75481
770,0.8064,0.27377,10,4.33333,0.0695171,2.44083
771,0.85896,0.245466,10,4.28,0.0684995,2.37918
772,0.7374,0.227126,10,4.07333,0.0674149,2.65363
773,0.69249,0.232847,10,4,0.0686758,2.64543
774,0.765283,0.188087,10,3.4,0.0632019,2.50688
775,0.661257,0.16983,9,3.18,0.0665764,2.90095
776,0.775667,0.179531,10,3.41333,0.065742,2.71218
777,0.664817,0.182511,10,3.36,0.0668705,2.85173
778,0.666289,0.241919,10,4.39333,0.0687582,2.93952
779,0.80886,0.246746,10,4.43333,0.100527,2.70317
780,0.710334,0.196987,10,3.61333,0.0685131,2.73871
781,0.78898,0.232303,10,3.72,0.0674906,2.90839
782,0.581047,0.168822,9,3.16667,0.0682033,3.35154
783,0.852417,0.262291,10,4.34,0.071839,2.43535
784,0.66646,0.175345,10,3.45333,0.0652012,2.63587
785,0.816973,0.259254,10,4.77333,0.0719601,2.81227
786,0.780073,0.259897,10,4.34667,0.067325,2.58731
787,0.580215,0.218015,9,3.80667,0.0661617,2.71937
788,0.828348,0.283389,10,4.6,0.0719053,2.6905
789,0.766099,0.25282,10,4.08667,0.0680639,2.48647
790,0.818674,0.321119,10,5.36667,0.0700046,2.57549
791,0.831038,0.31854,10,5.08,0.0718194,2.44455
792,0.656629,0.22015,9,3.74667,0.0701935,2.82387
793,0.845134,0.320076,10,5.1,0.0680792,2.35807
794,0.764572,0.245784,10,4.16,0.0735174,2.56852
795,0.745266,0.278153,10,4.56,0.0683379,2.62883
796,0.739774,0.226448,10,3.89333,0.069561,2.71225
797,0.774171,0.221197,10,4.12667,0.0692777,2.74387
798,0.663809,0.209403,9,3.74,0.0723386,2.5909
799,0.828198,0.278455,10,4.48,0.0655196,2.26879
800,0.712144,0.248458,10,4.2,0.0721743,2.82017
801,0.682877,0.226015,10,3.70667,0.069424,2.67458
802,0.595204,0.216876,9,3.55333,0.0654579,2.87954
803,0.677905,0.226781,9,3.84,0.068407,2.75162
804,0.803615,0.26818,10,4.48,0.0749693,2.87003
805,0.794223,0.256674,10,4.58,0.0699912,2.56042
806,0.760792,0.268357,10,4.78,0.0721058,2.48542
807,0.728954,0.218251,10,3.76,0.067339,2.70108
808,0.658776,0.197025,9,3.70667,0.0641912,2.66236
809,0.748265,0.216745,10,3.86,0.0649595,2.37511
810,0.747405,0.227047,10,4.11333,0.0666139,2.75307
811,0.825469,0.252431,10,4.30667,0.0652274,2.32201
812,0.782174,0.260915,10,4.38,0.0655144,2.24437
813,0.780346,0.23492,10,4.00667,0.0645876,2.46946
814,0.86955,0.27235,10,4.32667,0.0679595,2.46951
815,0.858051,0.274144,10,4.40667,0.0675943,2.37519
816,0.772011,0.268228,10,4.35333,0.0694624,2.56747
817,0.777871,0.252216,10,3.92,0.0689762,2.462
818,0.734741,0.256187,10,4.25333,0.0702531,2.5713
819,0.787829,0.259265,10,4.42,0.0723946,2.57864
820,0.454278,0.145341,9,2.86,0.0698223,3.03556
821,0.673793,0.165131,9,3.12667,0.0682025,2.61483
822,0.638467,0.178953,10,3.02,0.066315,2.89704
823,0.787412,0.258026,10,4.10667,0.07027,2.50139
824,0.843653,0.299887,10,4.58,0.0716954,2.375
825,0.572751,0.193234,10,3.46667,0.0655552,2.90065
826,0.763948,0.240608,10,4.14,0.0652003,2.45815
827,0.807234,0.231468,10,4.15333,0.0632674,2.30511
828,0.755597,0.234014,10,3.91333,0.074192,2.58044
829,0.820689,0.282784,10,4.79333,0.070024,2.16596
830,0.729919,0.224024,9,3.89333,0.0708817,2.57674
831,0.707534,0.245838,10,4.28,0.0744843,2.58971
832,0.76013,0.250795,10,4.21333,0.0679048,2.34743
833,0.655743,0.252517,10,4.01333,0.0668765,2.5345
834,0.785669,0.250158,10,4.23333,0.0708786,2.3818
835,0.655718,0.192878,10,3.14,0.067676,2.67253
836,0.704082,0.206408,10,3.63333,0.0688814,2.77371
837,0.768315,0.241342,10,3.77333,0.065865,2.33687
838,0.898688,0.296408,10,4.51333,0.0677717,2.28586
839,0.65449,0.215384,9,3.59333,0.0691702,2.73717
840,0.690948,0.211326,10,3.87333,0.0652165,2.47343
841,0.822615,0.208376,10,4.06,0.0667009,2.72703
842,0.578958,0.151996,9,3.05333,0.0672251,3.28501
843,0.727636,0.198404,10,3.96667,0.0694764,2.79543
844,0.661693,0.208099,10,4.1,0.0698067,2.87019
845,0.741335,0.21238,10,4.15333,0.0665857,2.79987
846,0.741383,0.23028,10,3.96667,0.0687103,2.64805
847,0.688362,0.21123,10,4.16667,0.0695812,2.73225
848,0.720988,0.254951,10,4.74667,0.0643889,2.43221
849,0.648205,0.206453,10,3.64667,0.0674646,2.86557
850,0.766101,0.277374,10,4.58667,0.068594,2.20737
851,0.802329,0.242899,10,4.76,0.0684267,2.37272
852,0.76361,0.287724,10,4.45333,0.0714785,2.54263
853,0.788562,0.244245,10,4.28667,0.0697724,2.42292
854,0.793169,0.281225,10,4.75333,0.0710127,2.19545
855,0.767213,0.237687,10,4.32667,0.0692524,2.54469
856,0.671013,0.220593,9,4.14,0.0699896,2.60091
857,0.829298,0.313477,10,5.23333,0.0682148,2.1704
858,0.714612,0.23516,10,4.18,0.0689444,2.39763
859,0.630326,0.21035,10,3.93333,0.0664692,2.32687
860,0.74733,0.203872,10,4.18667,0.0661173,2.53121
861,0.799398,0.268831,10,4.4,0.0712135,2.36854
862,0.66691,0.231987,10,4.34667,0.0706548,2.50801
863,0.580296,0.207019,10,3.90667,0.0674524,2.55447
864,0.864785,0.280223,10,5.12667,0.0729929,2.33114
865,0.721118,0.220308,9,3.99333,0.0659844,2.45054
866,0.729086,0.216814,10,3.98,0.0694992,2.53778
867,0.810733,0.261485,10,4.56,0.0675466,2.44993
868,0.853495,0.264219,10,4.56,0.07541,2.42977
869,0.871206,0.285256,10,4.68667,0.0715133,2.61029
870,0.775734,0.231147,10,4.16,0.0686803,2.79808
871,0.729597,0.225479,10,4.27333,0.0675901,2.27005
872,0.706787,0.235175,10,4.24,0.0669703,2.45416
873,0.613219,0.178174,10,3.59333,0.0694479,2.93498
874,0.802095,0.28079,10,4.84667,0.070533,2.35792
875,0.704973,0.204669,10,4.05333,0.0656684,2.39364
876,0.738251,0.176362,10,3.25333,0.0667337,2.36663
877,0.685892,0.211573,10,4.06,0.0690016,2.64639
878,0.700395,0.223903,10,4.32,0.0691924,2.53776
879,0.79485,0.242275,10,4.42667,0.0666792,2.31425
880,0.79156,0.261423,10,4.71333,0.0712385,2.5651
881,0.697248,0.215427,9,3.80667,0.0657659,2.50809
882,0.748925,0.182425,10,3.6,0.0664058,2.47008
883,0.673172,0.192047,10,3.60667,0.0678828,2.52006
884,0.555209,0.149825,9,2.92667,0.0663376,2.86592
885,0.788546,0.208013,10,4.03333,0.0688613,2.19105
886,0.754409,0.256178,10,4.52667,0.0680634,2.34135
887,0.657952,0.18461,10,3.33333,0.0700084,2.62394
888,0.732827,0.213359,10,3.64,0.0676274,2.32167
889,0.665803,0.201474,9,3.75333,0.0664551,2.15102
890,0.790572,0.271978,10,4.43333,0.0662726,2.13731
891,0.566858,0.189819,9,3.65333,0.0671521,2.87508
892,0.764753,0.212721,10,4.10667,0.0658592,2.50233
893,0.678144,0.217568,10,3.83333,0.0679699,2.67437
894,0.693742,0.207341,10,4.04,0.0677184,2.75941
895,0.816532,0.281893,10,5.1,0.0704381,2.28907
896,0.725109,0.211265,10,4.11333,0.0660254,2.39182
897,0.883652,0.277997,10,5.30667,0.072917,2.38336
898,0.621082,0.212778,9,3.68667,0.0698956,2.6088
899,0.730752,0.262299,10,4.84,0.0694245,2.75285
900,0.778888,0.268881,10,4.96,0.0713485,2.14554
901,0.773645,0.201675,10,3.96667,0.0653653,2.46582
902,0.726143,0.221989,10,4.17333,0.0664343,2.62928
903,0.708992,0.232164,9,3.98667,0.0680585,2.59135
904,0.604527,0.208507,9,3.92,0.0678496,2.67983
905,0.648065,0.211265,8,3.89333,0.0642587,2.61273
906,0.672696,0.234811,9,4.16,0.0722615,3.00075
907,0.701414,0.272973,10,4.48,0.068014,2.71
908,0.771471,0.242082,10,4.35333,0.0672055,2.39835
909,0.765203,0.269895,10,4.57333,0.0678198,2.16283
910,0.733873,0.236391,10,4.06,0.0683552,2.26653
911,0.67159,0.210621,10,3.67333,0.0655553,2.54714
912,0.750661,0.231546,10,3.98,0.0690183,2.23537
913,0.747313,0.229851,10,4.06667,0.0673462,2.43034
914,0.64383,0.225299,9,4.33333,0.0659015,2.52453
915,0.616446,0.196657,9,3.57333,0.062991,2.65036
916,0.786949,0.313286,10,5.6,0.0713095,2.58203
917,0.699091,0.244095,9,4.28,0.0667291,2.46905
918,0.770537,0.276837,10,4.92,0.071025,2.37298
919,0.691794,0.196857,9,3.60667,0.0690107,2.65886
920,0.782012,0.254101,10,4.22,0.068444,2.52815
921,0.757075,0.258828,10,4.28667,0.0668901,2.23902
922,0.646875,0.181291,9,3.24667,0.065121,2.5208
923,0.677992,0.191162,9,3.39333,0.0679722,2.48234
924,0.740527,0.216959,9,3.83333,0.071094,2.57796
925,0.7614,0.230056,9,4.19333,0.0681033,2.3434
926,0.688983,0.272637,10,4.5,0.0701578,2.27451
927,0.700033,0.183975,10,3.66,0.0634143,2.47067
928,0.831589,0.227181,10,4.16667,0.0726591,2.3953
929,0.708001,0.203264,9,3.67333,0.06384,2.51117
930,0.61118,0.180392,9,3.08667,0.0665087,2.55536
931,0.868048,0.244385,10,3.81333,0.0671717,2.434
932,0.725547,0.202891,10,3.37333,0.064987,2.35969
933,0.867467,0.247012,10,4.02,0.0706865,2.3111
934,0.64805,0.152569,10,2.80667,0.0678549,2.49235
935,0.661435,0.187292,10,3.58667,0.0696626,2.67853
936,0.7805,0.219873,10,3.88,0.071224,2.64644
937,0.814888,0.25046,10,4.56,0.0725879,2.18515
938,0.679952,0.192297,10,3.60667,0.0665231,2.39943
939,0.71094,0.243881,10,4.4,0.0691149,2.18773
940,0.846421,0.277154,10,5.06,0.0681799,2.25785
941,0.763616,0.234358,10,3.99333,0.0685694,2.17738
942,0.759721,0.232532,10,4.16667,0.0675444,2.19579
943,0.690478,0.221176,10,3.94667,0.0697818,2.45927
944,0.558387,0.150021,10,2.74667,0.0683352,2.5702
945,0.694162,0.216996,9,3.61333,0.0700285,2.6201
946,0.810733,0.234691,10,4.08,0.0698715,2.45189
947,0.712558,0.20024,10,3.6,0.0688943,2.74561
948,0.754445,0.217716,10,4.14667,0.0678491,2.53885
949,0.621412,0.207409,9,3.90667,0.0669171,2.72001
950,0.707044,0.20095,10,3.54,0.0658564,2.7142
951,0.747102,0.2616,10,4.68,0.0667095,2.45231
952,0.591061,0.171901,10,3.12667,0.069215,2.99425
953,0.635596,0.211007,9,3.72667,0.0655619,2.59885
954,0.657962,0.243614,10,3.96667,0.066273,2.39459
955,0.666086,0.180978,10,3.37333,0.0700493,3.06979
956,0.638386,0.167133,9,3.14667,0.0653812,2.55116
957,0.743818,0.203797,10,3.64667,0.0740558,2.63058
958,0.720161,0.212124,9,3.99333,0.0692559,2.60449
959,0.626216,0.164379,9,3.06,0.0674385,2.93158
960,0.733596,0.217214,10,3.83333,0.066255,2.68816
961,0.615946,0.168381,10,3.50667,0.0692767,2.90703
962,0.698154,0.186379,10,3.72667,0.0703798,2.7246
963,0.761669,0.216986,10,4,0.0653419,2.18988
964,0.848011,0.217964,10,3.88667,0.069836,2.47121
965,0.703495,0.205764,9,3.75333,0.0693791,2.91095
966,0.649735,0.162298,10,3.42,0.0696405,2.86664
967,0.596199,0.194074,8,3.65333,0.062881,3.04695
968,0.60661,0.167071,9,3.62667,0.0676004,3.01319
969,0.535941,0.151625,10,3.24667,0.066876,2.84468
970,0.71499,0.179476,10,3.39333,0.0684149,2.58114
971,0.801845,0.177301,10,3.36667,0.0706775,2.6991
972,0.761217,0.166415,10,3.41333,0.0675897,2.31256
973,0.742534,0.167039,9,3.37333,0.0676047,2.70684
974,0.530282,0.141409,8,3.15333,0.0686184,2.77254
975,0.683932,0.191392,10,3.86667,0.0667745,2.59803
976,0.694859,0.147517,10,3.47333,0.0712417,3.07321
977,0.694097,0.160522,10,3.42,0.0702425,2.81571
978,0.754385,0.218202,10,4.34667,0.0723833,2.50085
979,0.777795,0.196033,10,4.10667,0.0691253,2.44345
980,0.807872,0.216295,10,4.51333,0.0744511,2.4451
981,0.61979,0.138621,10,3.14,0.0668259,2.58017
982,0.671612,0.183035,9,3.36667,0.0674427,2.47564
983,0.765667,0.217137,10,3.96667,0.0708548,2.1798
984,0.715757,0.198552,10,3.74,0.0694701,2.59007
985,0.649293,0.177169,9,3.8,0.070238,2.81369
986,0.79667,0.238297,10,4.42667,0.0666734,2.14442
987,0.785863,0.17064,10,3.32,0.0662347,2.25132
988,0.715554,0.196426,10,3.86667,0.0702013,2.55738
989,0.825265,0.163644,10,3.1,0.0691357,2.44649
990,0.699973,0.185079,10,3.46667,0.0679863,2.20728
991,0.694942,0.162345,10,3.00667,0.0703981,2.13406
992,0.789299,0.197779,10,3.64,0.0673221,2.42115
993,0.696788,0.186427,10,3.41333,0.0651478,2.40462
994,0.700933,0.185322,10,3.56667,0.0694063,2.3749
995,0.632856,0.177306,9,3.29333,0.0626474,2.59319
996,0.784121,0.303085,10,5.04,0.0674611,2.86687
997,0.645051,0.196273,10,3.84667,0.0648118,2.95517
998,0.758407,0.270936,10,4.72667,0.0683985,2.3164
999,0.766239,0.20114,10,3.68667,0.0686402,2.31684
1000,0.707229,0.144887,10,2.82667,0.0675003,2.54354
