1,0.181186,0.0021604,3,0.133333,0.0726765,1.23108
2,0.282583,0.00479439,4,0.22,0.0673955,1.06808
3,0.176929,0.00473058,3,0.213333,0.0691483,0.797654
4,0.273767,0.0134726,7,0.473333,0.0697239,0.925326
5,0.181815,0.0157525,5,0.426667,0.0695273,1.05329
6,0.262391,0.00863468,4,0.266667,0.0677581,0.845557
7,0.264228,0.0151066,5,0.413333,0.0714093,1.21255
8,0.423977,0.0253291,5,0.466667,0.0707251,1.1154
9,0.122838,0.00573368,5,0.226667,0.0658816,0.991604
10,0.133219,0.00423329,6,0.333333,0.0673625,1.38242
11,0.119952,0.00831746,5,0.693333,0.0701394,0.89506
12,0.177561,0.00608894,6,0.426667,0.0689066,0.999099
13,0.198608,0.00736947,5,0.573333,0.0638257,1.01567
14,0.115709,0.00530744,4,0.48,0.0666111,1.05781
15,0.278178,0.0187437,5,0.733333,0.0628022,1.27723
16,0.266934,0.0182029,7,0.886667,0.0683092,1.15376
17,0.346488,0.0262268,7,1.12667,0.0672387,1.50918
18,0.360404,0.0437703,9,1.56667,0.0689265,1.5109
19,0.281022,0.0491443,6,1.14,0.0722411,1.31072
20,0.326882,0.0460775,6,0.993333,0.0670008,1.42295
21,0.280211,0.0351863,7,0.88,0.0683875,1.37287
22,0.358903,0.0358607,8,1.1,0.0702146,1.61275
23,0.246504,0.0226887,6,1.30667,0.06758,1.75593
24,0.277533,0.0293618,8,0.94,0.069732,1.73713
25,0.217504,0.02004,7,1.1,0.0693697,1.73536
26,0.288055,0.038715,7,1.28,0.0671256,1.7587
27,0.276618,0.0426201,7,1.02667,0.0666163,1.74886
28,0.3457,0.0298882,6,1.55333,0.0678459,1.73635
29,0.28227,0.0305096,7,1.26,0.0666452,1.6896
30,0.282691,0.0280004,6,1.10667,0.0613314,1.59277
31,0.265787,0.0403967,6,1.09333,0.0682218,1.62704
32,0.471165,0.0535696,9,1.31333,0.0667307,1.65268
33,0.387177,0.0703567,5,1.46667,0.0697137,1.93364
34,0.353027,0.0223976,5,0.753333,0.06434,1.71482
35,0.324748,0.0401185,6,1.27333,0.0700258,1.65439
36,0.252507,0.0451633,6,1.03333,0.0627543,1.82528
37,0.430604,0.0397845,8,1.22,0.0685618,1.7469
38,0.48116,0.0929456,8,2.08,0.069551,2.05805
39,0.244571,0.0404213,6,1.23333,0.0635924,2.06808
40,0.437013,0.0404266,6,1.12667,0.067682,2.10754
41,0.231623,0.0332685,6,1.18667,0.0647502,1.77903
42,0.370451,0.0200464,6,0.9,0.0693714,1.6442
43,0.450466,0.0516229,8,2.04,0.0681559,2.35187
44,0.542407,0.0590626,10,2.22,0.0709704,2.50818
45,0.450045,0.0474981,9,1.88667,0.0689358,2.05071
46,0.378439,0.0553227,9,1.80667,0.0679853,2.32433
47,0.535198,0.0547318,9,1.71333,0.0680703,1.95824
48,0.729754,0.0915358,9,2.32667,0.0672566,2.05846
49,0.40106,0.0597055,7,1.64,0.0682846,2.04334
50,0.558133,0.06874,10,1.98,0.0649916,1.96536
51,0.575652,0.0716084,8,2.35333,0.0710902,2.06271
52,0.52685,0.105566,10,2.43333,0.0677212,2.48732
53,0.487141,0.0684277,9,1.88667,0.0678694,2.06166
54,0.52586,0.0530651,9,1.54667,0.0673791,2.03705
55,0.428585,0.0856052,9,1.86667,0.0676198,2.24292
56,0.448337,0.0607783,8,1.81333,0.0673112,2.52987
57,0.453069,0.0770017,10,1.97333,0.0699573,2.31478
58,0.289735,0.0308844,7,1.22667,0.0656814,2.53868
59,0.510187,0.0445368,9,1.98667,0.0656787,2.12349
60,0.479291,0.079916,9,2.10667,0.071081,2.29178
61,0.681892,0.0751659,10,1.92667,0.0671026,1.9784
62,0.4712,0.0868903,8,1.94667,0.0654734,2.58309
63,0.514365,0.0923927,9,1.85333,0.0677296,2.65914
64,0.573209,0.0910423,9,2.03333,0.0657112,2.43755
65,0.506923,0.0874145,9,2.25333,0.0845179,3.11299
66,0.510952,0.0866008,8,1.84667,0.0667328,2.56537
67,0.719456,0.149729,10,2.75333,0.0733453,2.58768
68,0.554625,0.12855,8,2.5,0.0653671,2.6944
69,0.573707,0.132755,9,2.73333,0.0703028,2.73911
70,0.486784,0.135406,7,2.7,0.0749007,2.39122
71,0.743806,0.14489,9,2.79333,0.0705523,2.35589
72,0.568361,0.131902,10,2.92667,0.069052,2.59343
73,0.711008,0.133911,8,2.86,0.0650448,2.89803
74,0.606007,0.154324,8,2.78,0.0711139,2.69031
75,0.583159,0.10982,9,2.42,0.0661683,2.89482
76,0.685092,0.138436,10,2.55333,0.0681612,2.5149
77,0.742378,0.142883,10,3.22,0.0653022,2.54862
78,0.635617,0.15294,9,3.36667,0.0871959,2.73833
79,0.761888,0.176256,10,3.74,0.0708692,2.8177
80,0.634074,0.136966,9,3.12667,0.0681612,2.66493
81,0.569927,0.138768,8,3.07333,0.0674431,2.82119
82,0.619583,0.161013,9,3.49333,0.0674939,2.79673
83,0.684548,0.202223,9,3.9,0.0708158,2.69748
84,0.770631,0.190277,10,3.80667,0.130934,2.80117
85,0.544284,0.0962638,9,2.22667,0.0675181,2.75662
86,0.627673,0.148791,9,2.86667,0.0697506,2.70282
87,0.85266,0.192649,10,3.72667,0.0696883,2.7184
88,0.650004,0.150882,9,3.23333,0.0675886,2.69528
89,0.655081,0.173288,9,3.35333,0.0641849,2.59223
90,0.57076,0.112328,9,2.54,0.0674263,2.87769
91,0.674601,0.148568,9,3.10667,0.0701516,2.84276
92,0.686125,0.146603,10,3.44667,0.070522,2.93943
93,0.706674,0.145051,9,3.14,0.0668521,2.60085
94,0.590658,0.167829,9,3.16,0.0690824,2.8076
95,0.706383,0.20892,10,3.64,0.0674303,2.69629
96,0.742539,0.208077,10,3.9,0.0706777,2.74583
97,0.623893,0.197926,9,3.54667,0.0661467,2.74353
98,0.69121,0.196591,10,3.78667,0.0713294,3.20491
99,0.853749,0.26047,10,4.52667,0.066948,2.4769
100,0.583752,0.164258,10,3.26667,0.0685759,2.58995
101,0.742938,0.236975,10,4.30667,0.0706136,2.56015
102,0.667779,0.226963,9,3.82,0.0692011,2.70036
103,0.754332,0.266206,10,4.58667,0.0660767,2.36922
104,0.640286,0.168413,8,2.98,0.067942,2.67866
105,0.549197,0.0889174,8,1.84667,0.0646164,3.08917
106,0.673328,0.144577,9,2.90667,0.0652319,2.8689
107,0.692701,0.204567,10,3.68,0.0691768,2.58632
108,0.612895,0.131465,8,2.83333,0.067024,2.6314
109,0.620205,0.17287,8,3.22,0.0698793,2.8118
110,0.498501,0.123699,8,2.44667,0.0708139,2.92552
111,0.77395,0.210214,10,3.78667,0.0661428,2.53346
112,0.649564,0.18132,10,3.28,0.0654881,2.71264
113,0.667224,0.223413,10,4,0.0672835,2.63269
114,0.687831,0.207349,10,3.72667,0.109466,2.56758
115,0.630346,0.22827,9,3.88,0.0699978,2.44929
116,0.563398,0.130831,8,2.49333,0.0629839,3.03952
117,0.601689,0.153535,9,3.23333,0.0756335,3.01782
118,0.674369,0.201137,9,3.76667,0.0681894,2.70682
119,0.773805,0.208727,10,3.96,0.0679298,2.8332
120,0.757369,0.251445,9,4.28667,0.0664815,2.47944
121,0.623947,0.183417,9,3.48,0.0713379,2.79217
122,0.601239,0.152,10,2.86,0.0863229,2.8438
123,0.623365,0.163568,9,3.2,0.066119,2.83939
124,0.721672,0.185407,10,3.4,0.0663166,2.73214
125,0.687723,0.243724,10,4.4,0.0665548,2.65789
126,0.610318,0.165646,9,3.16667,0.06709,2.87148
127,0.571929,0.129753,8,2.44,0.0671983,2.74967
128,0.674471,0.156444,9,3.12667,0.0702914,2.78321
129,0.706173,0.147431,10,2.73333,0.0647255,2.5923
130,0.82047,0.239421,10,4.53333,0.106317,2.18233
131,0.73404,0.193139,9,3.41333,0.065093,2.28604
132,0.699641,0.182776,9,3.26,0.0666655,2.5097
133,0.657204,0.176977,10,3.19333,0.0698165,2.46963
134,0.610986,0.15979,9,3.03333,0.0704121,2.90051
135,0.5798,0.142041,9,2.63333,0.0656142,3.09839
136,0.591,0.16103,9,3.26,0.0833393,3.01065
137,0.58229,0.154429,9,2.81333,0.0681296,2.56995
138,0.683025,0.197923,9,3.96,0.0701668,2.63528
139,0.739177,0.230762,10,3.79333,0.0674616,2.49709
140,0.832504,0.249293,10,4.49333,0.068073,2.45147
141,0.672863,0.162703,9,2.96667,0.0654909,2.73505
142,0.706124,0.187979,10,3.24667,0.0647341,2.67629
143,0.742743,0.209252,10,3.74667,0.0684331,2.5717
144,0.839737,0.239325,10,3.81333,0.069539,2.48745
145,0.741934,0.213432,9,3.79333,0.0651563,2.59426
146,0.71816,0.233822,10,4.07333,0.0689918,2.64778
147,0.782594,0.265622,10,4.43333,0.0726594,2.67487
148,0.651249,0.198097,10,3.42,0.0662233,2.90638
149,0.676781,0.242082,10,4.00667,0.0675644,2.66345
150,0.713342,0.200148,9,3.52,0.0674684,2.93518
151,0.705524,0.177211,10,3.32667,0.0677036,2.50452
152,0.624758,0.223743,9,3.76,0.0689366,2.75056
153,0.714489,0.221901,10,3.87333,0.0679114,2.76986
154,0.584983,0.159685,8,2.95333,0.0682593,2.51579
155,0.773465,0.209287,10,3.49333,0.0691743,2.67093
156,0.781218,0.263975,10,4.4,0.0689392,2.45283
157,0.78723,0.238419,10,4.2,0.0686593,2.54994
158,0.752703,0.212729,10,3.55333,0.0650421,2.69419
159,0.811648,0.239309,10,3.83333,0.0683703,2.48091
160,0.701695,0.214546,10,3.66667,0.0672929,2.42443
161,0.808551,0.226816,10,3.68,0.148411,2.37466
162,0.584702,0.182417,7,2.84667,0.0639264,2.47796
163,0.519189,0.157576,8,2.75333,0.067195,2.603
164,0.752041,0.18101,10,3.04667,0.0666583,2.68462
165,0.581309,0.142297,8,2.39333,0.0654131,2.61052
166,0.731357,0.181455,9,3.3,0.0674543,2.47677
167,0.670034,0.200042,10,3.56,0.0662323,2.6959
168,0.870379,0.330385,10,5.22,0.0818286,2.3337
169,0.710254,0.201244,10,3.57333,0.0701954,2.56318
170,0.675531,0.193105,9,3.14,0.0716044,2.78059
171,0.800288,0.264636,10,4.40667,0.0721711,2.39123
172,0.763592,0.213721,10,3.56,0.120751,2.48494
173,0.793662,0.225842,10,3.99333,0.0706162,2.46974
174,0.838305,0.251928,10,3.98,0.0694911,2.52335
175,0.626532,0.177611,10,3.02,0.066787,2.55516
176,0.877259,0.270557,10,4.10667,0.0708438,2.41535
177,0.668179,0.223707,9,3.73333,0.0729858,2.72962
178,0.708485,0.260696,10,4.2,0.0699568,2.61684
179,0.713159,0.236231,10,3.79333,0.0689009,2.53667
180,0.670678,0.209775,10,3.83333,0.0677267,2.50849
181,0.757317,0.237174,10,4.16667,0.069209,2.37741
182,0.687428,0.219188,9,3.60667,0.0684209,2.53212
183,0.769132,0.245738,10,4.17333,0.0701035,2.49525
184,0.713836,0.194829,10,3.34667,0.121589,2.53662
185,0.693007,0.20299,10,3.96667,0.0985961,2.74997
186,0.799277,0.253998,10,4.24,0.0677663,2.28204
187,0.643229,0.169424,9,3.1,0.0659913,2.70797
188,0.615492,0.173413,8,3.08,0.0692792,2.76144
189,0.686713,0.202994,9,3.48,0.0665065,2.73643
190,0.680661,0.198244,10,3.4,0.0830705,2.66776
191,0.636726,0.194423,10,3.44667,0.0737888,2.67941
192,0.596617,0.182174,9,3.32667,0.0698753,2.81375
193,0.399499,0.0868908,7,1.68,0.0687293,3.06056
194,0.763099,0.178503,10,3.17333,0.0656362,2.21875
195,0.768265,0.20878,10,3.75333,0.071376,2.58863
196,0.706839,0.219178,10,3.48,0.0654082,2.3844
197,0.799992,0.188801,10,3.22,0.0771104,2.57449
198,0.460011,0.127319,7,2.08,0.0630559,2.69105
199,0.698713,0.16596,9,3.08,0.0699069,2.80441
200,0.632793,0.172726,10,2.82667,0.0684609,2.6957
201,0.733908,0.157764,10,2.91333,0.0696719,2.6772
202,0.673777,0.143544,9,2.62,0.0677192,2.78813
203,0.658949,0.15135,9,2.68,0.0672778,2.56944
204,0.730294,0.165559,10,3.00667,0.0705249,2.89694
205,0.666784,0.162128,9,2.98667,0.0709408,2.64884
206,0.689426,0.207722,9,3.34,0.0657399,2.53295
207,0.684895,0.145662,9,2.67333,0.0683888,2.87698
208,0.644178,0.165417,9,3.28,0.064448,2.7697
209,0.825487,0.22921,10,4.08,0.0732439,2.7644
210,0.750283,0.228676,10,3.79333,0.0676253,2.61173
211,0.696401,0.230549,10,4.38,0.073459,2.52665
212,0.839,0.219117,10,3.87333,0.0693126,2.55578
213,0.657807,0.150437,9,3.10667,0.0696946,2.59745
214,0.568746,0.149181,8,2.6,0.0655017,2.82195
215,0.666918,0.189484,8,3.18667,0.0620057,2.40271
216,0.672603,0.179506,9,3.13333,0.0910538,2.53226
217,0.715329,0.153228,10,2.72,0.0836206,2.98538
218,0.691505,0.23803,10,3.97333,0.0666935,2.36247
219,0.651265,0.23189,9,3.50667,0.0682334,2.22115
220,0.760717,0.302054,9,4.56,0.0667441,2.48641
221,0.657337,0.215342,9,3.42,0.0719098,2.73779
222,0.727033,0.224163,10,3.75333,0.0729023,2.53947
223,0.651777,0.183972,9,3.36667,0.0728379,2.68311
224,0.691436,0.200581,10,3.40667,0.0710013,2.44189
225,0.772224,0.251328,10,4.24,0.0675986,2.42288
226,0.679414,0.199804,9,3.52667,0.0697125,2.63756
227,0.640282,0.173818,10,3.26,0.0664351,2.69999
228,0.518669,0.140658,8,2.56,0.0646603,2.7684
229,0.721351,0.191319,9,3.14,0.100011,2.76331
230,0.638389,0.177174,9,2.88667,0.0684249,2.90142
231,0.795896,0.310343,10,4.76667,0.0675737,2.39878
232,0.556677,0.156482,8,2.77333,0.0663801,2.83806
233,0.6635,0.172656,8,2.95333,0.0695634,2.85775
234,0.605416,0.154469,9,2.58,0.0689502,2.98941
235,0.615954,0.17303,9,2.86,0.0702193,2.72272
236,0.813834,0.212096,10,3.52667,0.0872814,2.53661
237,0.589502,0.186283,9,3.19333,0.0808879,2.86044
238,0.723464,0.209406,10,3.74,0.0699378,2.64537
239,0.770435,0.212749,10,3.54667,0.0695908,2.56021
240,0.67205,0.198019,9,3.38,0.0975248,2.77073
241,0.75711,0.197107,10,3.08667,0.0902174,2.5953
242,0.718113,0.149804,10,2.54,0.0662531,2.87717
243,0.678396,0.177031,10,3.17333,0.0686054,2.73462
244,0.83431,0.306986,10,4.94667,0.0682157,2.47054
245,0.834953,0.212646,10,3.56,0.0687877,2.39788
246,0.693415,0.181014,9,3.28,0.0871472,2.68381
247,0.691383,0.222862,9,3.76667,0.0675653,2.56167
248,0.784051,0.232396,10,4.06,0.135272,2.65042
249,0.72715,0.208258,10,4.06667,0.0695334,2.67515
250,0.775581,0.209152,10,3.81333,0.0666804,2.69872
251,0.703002,0.232799,10,4.15333,0.0689881,2.34763
252,0.529882,0.149621,8,2.76,0.0906659,2.77686
253,0.651685,0.172575,9,3.36,0.0643021,2.31315
254,0.650796,0.167234,9,2.82667,0.0646298,2.61191
255,0.641813,0.181726,10,3.01333,0.0988801,2.52713
256,0.666851,0.148855,9,2.87333,0.0696824,2.68968
257,0.597042,0.131731,8,2.26,0.0669703,2.75985
258,0.690565,0.178117,9,3.18667,0.0668504,2.62217
259,0.669984,0.15254,9,3.05333,0.0700754,2.60312
260,0.477245,0.130789,7,2.57333,0.0758895,2.90792
261,0.680828,0.179442,9,3.22,0.0654744,2.58214
262,0.735856,0.193797,9,3.64,0.113883,2.54875
263,0.703931,0.126833,10,2.47333,0.0716415,2.65264
264,0.762178,0.161716,10,3.04,0.0667181,2.52533
265,0.680397,0.201249,10,3.8,0.068826,2.488
266,0.664892,0.181584,9,3.36,0.0708697,2.55393
267,0.732586,0.198907,9,3.48,0.0791928,2.35828
268,0.566146,0.175538,8,3.22667,0.0833674,2.72003
269,0.755846,0.159934,10,3.16667,0.0652488,2.4854
270,0.797119,0.185024,10,3.93333,0.141186,2.5403
271,0.547092,0.12437,9,2.80667,0.0685366,2.66463
272,0.661106,0.11313,10,2.4,0.0667838,2.36082
273,0.639886,0.118938,8,2.89333,0.0658869,2.61688
274,0.667758,0.18198,10,3.56667,0.0690669,2.52552
275,0.674412,0.122445,10,2.71333,0.0669921,2.45341
276,0.785764,0.183869,10,3.61333,0.0694079,1.93092
277,0.763506,0.151897,10,3.28,0.0703965,2.39394
278,0.537297,0.116397,9,2.8,0.0676889,2.62921
279,0.742909,0.166501,10,3.68667,0.125997,2.45961
280,0.680401,0.163026,9,3.4,0.0655889,2.54013
281,0.617299,0.158551,10,3.66,0.0691515,2.6441
282,0.676367,0.138385,9,3.39333,0.0680998,2.52609
283,0.42851,0.097852,9,2.34,0.0658692,2.68948
284,0.578504,0.15171,10,3.54667,0.0684509,2.58055
285,0.75707,0.169705,10,4.14667,0.0695668,2.48838
286,0.581557,0.129389,9,2.92667,0.0640304,2.53698
287,0.675713,0.165694,9,3.44667,0.12234,2.4459
288,0.565423,0.129669,8,3.07333,0.0683311,2.45271
289,0.684905,0.129738,9,2.81333,0.0696388,2.32131
290,0.73419,0.134895,9,2.84667,0.0700922,2.18307
291,0.508164,0.128891,8,2.92667,0.0733261,2.59404
292,0.73232,0.191579,10,4.08,0.0677449,2.3359
293,0.788669,0.157144,10,3.86667,0.0687997,2.42543
294,0.68753,0.183632,10,4.02667,0.0733424,2.45581
295,0.663781,0.207473,10,4.29333,0.17823,2.66349
296,0.572185,0.125778,9,2.96,0.0658901,2.47054
297,0.595052,0.162655,10,3.43333,0.0726367,2.52176
298,0.547929,0.181826,9,3.30667,0.0670117,2.44433
299,0.715273,0.192128,10,3.54,0.0871747,2.51864
300,0.740641,0.19726,10,3.32,0.066003,2.31226
301,0.677012,0.177711,10,3.72667,0.0664082,2.32145
302,0.66039,0.156818,10,2.94667,0.0702439,2.37157
303,0.636532,0.17332,9,3.15333,0.0737028,2.50579
304,0.821547,0.180839,10,3.43333,0.0655524,2.19918
305,0.522002,0.156933,9,2.83333,0.0702147,2.71323
306,0.754369,0.204754,10,3.6,0.0754891,2.20959
307,0.675311,0.119065,10,2.65333,0.0698288,2.55763
308,0.647813,0.186118,9,3.52,0.0761538,2.3946
309,0.76304,0.200109,10,3.65333,0.0754108,2.51526
310,0.593406,0.153723,8,2.66667,0.168555,2.8725
311,0.778033,0.207895,9,3.88,0.069241,2.47954
312,0.649551,0.205417,9,3.5,0.0770459,2.64832
313,0.651576,0.169299,8,3.28,0.0918292,2.48009
314,0.601315,0.162373,10,2.86667,0.064618,2.43399
315,0.751244,0.248711,10,4.32667,0.082979,2.34344
316,0.676927,0.174157,10,3.31333,0.0790304,2.79395
317,0.515112,0.155089,10,2.98667,0.0928686,2.68819
318,0.68767,0.19298,10,3.76667,0.0750109,2.4747
319,0.753201,0.21226,10,3.86,0.0657508,2.18382
320,0.716366,0.169473,10,3.17333,0.0885108,2.45628
321,0.720316,0.179603,10,3.17333,0.0685023,2.23624
322,0.534565,0.135242,10,2.80667,0.0692104,2.64131
323,0.767,0.21757,10,3.88,0.119936,2.26199
324,0.854407,0.231837,10,4.03333,0.0669351,2.30948
325,0.713086,0.18717,9,3.54667,0.072787,2.4299
326,0.608906,0.142908,10,3.08,0.0705688,2.61418
327,0.580178,0.157448,10,3.07333,0.0677916,2.74176
328,0.66882,0.177342,10,3.43333,0.0717488,2.20579
329,0.535214,0.133525,9,2.69333,0.0703933,2.45443
330,0.5376,0.138538,9,2.7,0.0672269,2.64035
331,0.487067,0.139747,10,2.67333,0.0680175,2.52711
332,0.75543,0.190017,10,3.64667,0.0678241,2.2476
333,0.742328,0.189711,10,3.63333,0.0693913,2.59148
334,0.777089,0.217647,10,3.84,0.0715229,2.46209
335,0.749044,0.163035,10,3.02,0.0698693,2.60826
336,0.812327,0.224942,10,4.14667,0.0728876,2.23096
337,0.675591,0.204301,10,3.76,0.0683472,2.71072
338,0.697821,0.172989,10,3.42667,0.0677449,2.57943
339,0.784572,0.161556,10,3.09333,0.0746776,2.53896
340,0.603229,0.148351,9,2.99333,0.0681476,2.51298
341,0.737025,0.171331,10,3.12667,0.0682034,2.56054
342,0.578146,0.114705,8,2.36,0.0865842,2.66329
343,0.69508,0.197556,9,3.62667,0.0756389,2.56453
344,0.669434,0.148939,9,2.84,0.0686949,2.61497
345,0.696688,0.190807,10,3.33333,0.0688271,2.23617
346,0.656405,0.161509,9,2.91333,0.0661483,2.31256
347,0.650264,0.154814,10,2.9,0.066808,2.15139
348,0.619617,0.162546,9,2.86,0.0642529,2.6816
349,0.726585,0.185947,10,3.31333,0.117673,2.62977
350,0.637327,0.190423,9,3.11333,0.0673603,2.67304
351,0.855619,0.25457,10,4.28,0.0768597,2.6054
352,0.783634,0.211842,10,3.7,0.0677428,2.57108
353,0.739292,0.230482,10,3.82,0.0690595,2.52075
354,0.829206,0.255482,10,4.48667,0.0722832,2.55043
355,0.758109,0.187777,10,3.00667,0.068032,2.75015
356,0.718935,0.175948,10,3.41333,0.067024,2.48448
357,0.736947,0.197602,10,3.68667,0.0692442,2.53191
358,0.522264,0.105747,9,2.45333,0.0699103,2.86501
359,0.823,0.181891,10,3.58,0.0679542,2.30884
360,0.809682,0.219633,10,3.86,0.0665802,2.21527
361,0.718818,0.191628,10,3.62667,0.067155,2.29411
362,0.691361,0.203944,9,3.30667,0.0672295,2.46609
363,0.701086,0.20889,9,3.49333,0.066562,2.62397
364,0.724511,0.249037,9,4.3,0.0679,2.49056
365,0.641209,0.184556,9,3.24667,0.0641751,2.50494
366,0.850045,0.221608,10,3.94667,0.0715098,2.54563
367,0.766614,0.232871,10,4.08667,0.0713637,2.68216
368,0.660834,0.171827,10,3.07333,0.0665036,2.41251
369,0.61504,0.133393,10,2.47333,0.0764546,2.54209
370,0.760044,0.178263,10,3.36667,0.06737,2.80933
371,0.826501,0.294146,10,4.60667,0.0741549,2.43728
372,0.682929,0.189465,10,3.23333,0.0651008,2.59398
373,0.779304,0.257673,10,4.58667,0.0676305,2.40759
374,0.870019,0.267496,10,4.7,0.190736,2.56072
375,0.55356,0.168095,8,3.06,0.0679759,2.80478
376,0.735377,0.214152,10,4,0.065017,2.47445
377,0.610878,0.152067,10,3.34667,0.0689148,2.90913
378,0.830717,0.302637,10,5.56,0.0731147,2.43943
379,0.756939,0.236983,10,4.34667,0.0679425,2.61915
380,0.811491,0.195301,10,4.48667,0.073203,2.67042
381,0.673571,0.20084,10,3.88667,0.0665361,2.56533
382,0.661664,0.195151,10,3.75333,0.0659291,2.65783
383,0.783457,0.20891,10,3.88667,0.0672459,2.46517
384,0.779284,0.27893,10,4.74667,0.071683,2.50319
385,0.801051,0.191782,10,3.84,0.0732312,2.58469
386,0.653886,0.163442,10,3.26,0.0622743,2.80446
387,0.663268,0.165226,9,3.72,0.0662491,2.92289
388,0.695125,0.241711,10,4.64667,0.0676181,2.57355
389,0.754448,0.1867,10,3.69333,0.0654869,2.76274
390,0.740819,0.21388,9,4.19333,0.0706919,2.81243
391,0.687863,0.184943,9,3.66667,0.0753279,2.80407
392,0.756046,0.268501,10,4.48667,0.0699711,2.38669
393,0.706041,0.169658,10,3.39333,0.0701563,2.69057
394,0.692544,0.180093,10,3.66667,0.0651309,2.53959
395,0.786688,0.221158,10,4.26667,0.0718806,2.32148
396,0.865853,0.170776,10,3.69333,0.0701454,2.56768
397,0.760888,0.234204,10,4.34,0.0693227,2.24632
398,0.65257,0.196602,10,3.91333,0.0716327,2.58102
399,0.789314,0.197049,10,3.73333,0.0703166,2.25533
400,0.749048,0.202921,10,3.95333,0.065173,2.20765
401,0.731406,0.1642,10,3.30667,0.0665405,2.52962
402,0.766213,0.217825,10,3.78,0.0691087,2.16296
403,0.82303,0.256113,10,4.23333,0.0704765,2.29327
404,0.664877,0.20195,10,4.11333,0.0708746,2.42223
405,0.724223,0.205501,10,4.04,0.0677882,2.33991
406,0.722169,0.253374,10,4.40667,0.127887,2.35058
407,0.772922,0.202783,10,3.58667,0.0683002,2.23311
408,0.782078,0.227849,10,4.42667,0.0710845,2.3713
409,0.705795,0.242727,10,4.84,0.0714609,2.10578
410,0.858585,0.322604,10,4.99333,0.0710144,2.04708
411,0.698467,0.182095,10,3.74667,0.0692991,2.27106
412,0.777266,0.221455,10,4.27333,0.0680333,2.41928
413,0.609426,0.157224,10,3.40667,0.069027,2.85419
414,0.721396,0.225372,10,4.30667,0.0688369,2.62962
415,0.669802,0.200488,10,3.46,0.0705719,2.63756
416,0.770041,0.253752,10,4.62667,0.177922,2.51745
417,0.846918,0.249452,10,4.24667,0.0671122,2.55535
418,0.763621,0.240474,9,4.2,0.0710474,2.5192
419,0.722976,0.213667,9,4.13333,0.0700194,2.54076
420,0.725177,0.27667,10,4.76,0.0768319,2.36372
421,0.822416,0.21998,10,4.1,0.0711053,2.54345
422,0.595663,0.197711,10,3.50667,0.0685095,2.71699
423,0.636017,0.1589,10,3.06,0.0695516,2.61168
424,0.760897,0.265757,10,4.39333,0.073933,2.36011
425,0.787868,0.259793,10,4.34,0.0727843,2.38114
426,0.676373,0.194601,10,3.58667,0.0699066,2.51179
427,0.775318,0.26012,10,5.22,0.145267,2.50437
428,0.866915,0.316427,10,5.26667,0.0718333,2.35995
429,0.841976,0.313258,10,4.97333,0.0694987,2.21903
430,0.64995,0.1781,9,3.39333,0.0685784,2.6397
431,0.700699,0.166944,9,3.22,0.0684337,2.35652
432,0.698802,0.222184,10,4.18,0.0691438,2.43244
433,0.651615,0.218988,9,3.74667,0.0754654,2.75106
434,0.634152,0.207575,10,3.79333,0.0648755,2.50776
435,0.627368,0.216614,9,4.21333,0.0776522,2.81231
436,0.740117,0.248934,10,4.64,0.0748381,2.56608
437,0.714047,0.221202,10,4.10667,0.0707688,2.6137
438,0.691838,0.20823,9,3.83333,0.0705328,2.72875
439,0.638119,0.146092,10,2.50667,0.0661559,2.52073
440,0.719868,0.157824,10,2.92,0.0691563,2.26717
441,0.701935,0.163761,8,2.92667,0.0653351,2.40939
442,0.589946,0.186254,8,3.65333,0.0675682,2.73755
443,0.875823,0.227867,10,4.50667,0.0661582,2.29734
444,0.638066,0.16231,9,3.56,0.0857177,2.82463
445,0.730212,0.212787,10,3.89333,0.0705758,2.59267
446,0.779485,0.225277,10,4.44,0.0722216,2.16134
447,0.714608,0.219995,10,3.95333,0.0697204,2.43722
448,0.73785,0.166035,10,3.16,0.0656168,2.4024
449,0.607826,0.157647,10,3.44667,0.0648538,2.62974
450,0.813346,0.22072,10,4.10667,0.0708851,2.23512
451,0.620864,0.139173,10,3,0.0683571,2.83376
452,0.654609,0.232839,10,4.37333,0.0725668,2.71641
453,0.735867,0.263527,10,4.46667,0.0727975,2.33454
454,0.64398,0.171195,9,3.25333,0.0664325,2.46187
455,0.773945,0.218751,10,3.95333,0.0696939,2.32455
456,0.677219,0.155518,9,3.06,0.067677,2.73666
457,0.720381,0.201289,9,3.76667,0.0678352,2.27241
458,0.611807,0.187598,10,3.47333,0.114302,2.42372
459,0.608427,0.193572,9,3.64,0.0681977,2.54064
460,0.758444,0.192003,10,3.51333,0.0699228,2.32747
461,0.563894,0.176137,9,3.24,0.0670095,2.24924
462,0.61693,0.155513,10,3.24667,0.0638517,2.40443
463,0.588793,0.122479,9,2.76667,0.0687053,2.39319
464,0.667501,0.198339,10,3.54,0.066145,2.27972
465,0.673041,0.172357,10,3.84,0.066368,2.38918
466,0.684994,0.151651,10,3.6,0.100373,2.77516
467,0.72942,0.20377,10,4.14,0.0654888,2.45433
468,0.637011,0.166079,10,3.48,0.0706706,2.61126
469,0.629205,0.173072,10,3.8,0.0678854,2.41206
470,0.525642,0.140104,9,3.15333,0.0687546,2.39669
471,0.612307,0.176999,9,3.45333,0.0654219,2.31305
472,0.661976,0.190018,10,3.93333,0.0660416,2.13836
473,0.641477,0.158504,9,3.51333,0.0658994,2.49075
474,0.688938,0.196031,10,3.94,0.0667515,2.29293
475,0.697605,0.166973,10,4.14,0.0722829,2.47767
476,0.630139,0.17894,10,4.18,0.0846793,2.48807
477,0.485979,0.143405,9,3.36,0.0689886,2.64504
478,0.617564,0.165215,9,3.15333,0.0690142,2.37618
479,0.695472,0.153604,10,3.06667,0.0660368,2.46432
480,0.622889,0.195183,10,3.8,0.065831,2.3174
481,0.618476,0.177388,10,3.98667,0.0656485,2.24787
482,0.605964,0.152195,10,3.47333,0.0664723,2.49667
483,0.599668,0.169754,10,3.72667,0.0696543,2.43074
484,0.603045,0.143278,10,2.94667,0.0731307,2.55811
485,0.689915,0.129637,10,2.75333,0.0669709,2.48024
486,0.813141,0.210655,10,3.9,0.0692383,2.34151
487,0.703796,0.194858,10,3.70667,0.0672993,2.25454
488,0.597887,0.197717,10,3.71333,0.0654343,2.76442
489,0.65539,0.22005,9,4.06,0.0684771,2.45375
490,0.671579,0.190601,10,3.86667,0.0676743,2.58254
491,0.695049,0.196555,10,3.73333,0.0700029,2.58588
492,0.729235,0.201329,10,3.56667,0.0710102,2.81302
493,0.788882,0.266225,10,4.69333,0.0726292,2.36118
494,0.742988,0.226717,10,4.47333,0.0736654,2.49764
495,0.694218,0.218607,10,4.58,0.0712641,2.45924
496,0.786009,0.203445,10,3.74,0.0681592,2.50637
497,0.556267,0.167576,9,3.32,0.086841,2.80902
498,0.687696,0.197766,10,3.79333,0.0764994,2.95545
499,0.547652,0.146497,8,2.98667,0.102914,2.87696
500,0.742147,0.200381,10,3.53333,0.0651196,2.39572
501,0.706144,0.229831,10,4.24667,0.0702199,2.64271
502,0.755728,0.232679,10,4.42,0.0690738,2.56679
503,0.653707,0.191017,9,3.33333,0.0654412,2.45831
504,0.639109,0.196927,10,4.13333,0.0718715,2.26222
505,0.53056,0.169125,10,3.72,0.0674583,2.74452
506,0.604368,0.204397,9,3.88667,0.0665625,2.32901
507,0.771623,0.210244,10,3.79333,0.0699301,2.32993
508,0.575791,0.202729,9,3.66667,0.0697012,2.56987
509,0.654579,0.219358,10,4.50667,0.0691721,2.45915
510,0.792522,0.199763,10,4.24,0.0685946,2.67951
511,0.631559,0.220201,10,4.32,0.0680806,2.63552
512,0.67294,0.182265,10,3.63333,0.0695046,2.36113
513,0.693843,0.17698,10,3.46,0.0674709,2.6004
514,0.72525,0.235473,10,4.60667,0.0700249,2.23597
515,0.653018,0.221045,10,4.16,0.0690102,2.37617
516,0.692724,0.184209,10,4.19333,0.0708845,2.64715
517,0.714241,0.225295,10,4.02667,0.0654079,2.30007
518,0.707903,0.212924,10,4.31333,0.0679801,2.42183
519,0.628608,0.198886,10,4.04667,0.0721821,2.59113
520,0.593488,0.214853,10,4.35333,0.0727928,2.55273
521,0.698076,0.236801,10,4.60667,0.0669164,2.50147
522,0.592633,0.199415,10,4.12667,0.0677729,2.63549
523,0.636008,0.197159,10,3.79333,0.0675695,2.61463
524,0.680919,0.220487,10,4.17333,0.0681177,2.5984
525,0.6676,0.178894,10,3.78667,0.0683729,2.63477
526,0.748884,0.239508,10,4.75333,0.0701552,2.65243
527,0.613868,0.142888,10,2.93333,0.0686341,2.96492
528,0.73085,0.252606,10,4.58,0.0739108,2.72488
529,0.730867,0.240052,10,4.36,0.0677674,2.53799
530,0.778397,0.258284,10,4.72667,0.0680738,2.36356
531,0.637588,0.221491,10,4.38,0.0684199,2.85958
532,0.748391,0.261651,10,4.79333,0.0845222,2.77582
533,0.763425,0.236572,10,4.47333,0.0673738,2.64501
534,0.693319,0.216308,10,4.52667,0.0691391,2.49651
535,0.699699,0.22028,10,3.99333,0.0649279,2.4409
536,0.653792,0.151966,10,3.5,0.0650335,2.73836
537,0.747503,0.160401,10,3.49333,0.0670072,2.35546
538,0.662463,0.208937,10,4.27333,0.0703261,2.31648
539,0.688839,0.202834,10,3.95333,0.065925,2.54477
540,0.637106,0.171174,10,3.64,0.0724646,2.4584
541,0.730419,0.212687,10,3.84,0.0699559,2.50237
542,0.666783,0.224072,10,4.13333,0.072998,2.49105
543,0.686032,0.258625,10,4.45333,0.0668213,2.33973
544,0.605888,0.198248,9,3.79333,0.0667371,2.39441
545,0.753087,0.269123,10,4.67333,0.0688274,2.41671
546,0.713256,0.191776,10,3.80667,0.0661532,2.31145
547,0.847172,0.207934,10,4.24667,0.0661456,2.20046
548,0.630071,0.183551,10,4.02,0.0689379,2.22035
549,0.585869,0.167821,10,3.48,0.067938,2.80288
550,0.615221,0.200848,10,3.82,0.066517,2.44801
551,0.713978,0.242636,10,4.22667,0.0641381,2.27144
552,0.744794,0.223038,10,4.45333,0.0711366,2.40056
553,0.752201,0.216295,10,3.91333,0.069638,2.57197
554,0.589541,0.191159,8,3.63333,0.0663368,2.53903
555,0.616732,0.198546,10,3.80667,0.0682746,2.7966
556,0.704644,0.222839,9,3.95333,0.0690056,2.52687
557,0.764626,0.259132,10,4.44667,0.0674142,2.48933
558,0.784261,0.253599,10,4.72,0.0667543,2.45286
559,0.720988,0.260968,10,4.66667,0.0659809,2.50416
560,0.721895,0.262096,10,4.78,0.0675399,2.11544
561,0.650457,0.196375,10,3.74667,0.0737735,2.59878
562,0.638954,0.202423,10,3.74,0.0658006,2.62559
563,0.637464,0.203091,10,3.90667,0.0691617,2.84221
564,0.719886,0.223424,10,4.01333,0.0680247,2.6526
565,0.730211,0.234971,10,4.37333,0.0714606,2.54571
566,0.744063,0.22904,10,3.85333,0.0690679,2.75222
567,0.691251,0.250668,10,4.64667,0.069431,2.6351
568,0.759415,0.222734,10,4.08667,0.0688448,2.73963
569,0.735881,0.212217,10,4.48667,0.089182,2.67518
570,0.795104,0.292838,10,5.32,0.0673476,2.42745
571,0.660232,0.194501,10,4.25333,0.0652312,2.30584
572,0.660914,0.232485,10,4.52,0.067658,2.2661
573,0.632821,0.243099,10,4.46,0.0677883,2.60855
574,0.676906,0.286558,10,4.76667,0.0662133,2.48391
575,0.674223,0.220624,10,4.3,0.0694822,2.77336
576,0.681965,0.239091,10,4.28,0.0706469,2.63393
577,0.672615,0.246481,9,4.1,0.0678765,2.41585
578,0.803403,0.272963,10,5.22,0.0680745,2.26116
579,0.734432,0.241452,10,4.49333,0.068034,2.38488
580,0.63113,0.242287,10,4.31333,0.0668054,2.46564
581,0.759921,0.261492,10,4.80667,0.0693158,2.26586
582,0.830983,0.269465,10,4.50667,0.069989,2.31832
583,0.655451,0.19141,10,3.61333,0.0647014,2.31185
584,0.720909,0.24903,10,4.76,0.0700026,2.28086
585,0.600429,0.201578,10,3.74,0.068485,2.446
586,0.68756,0.247898,10,4.48,0.0685241,2.36008
587,0.740265,0.276266,10,4.78667,0.0661804,2.17909
588,0.682143,0.195959,10,3.67333,0.11279,2.50636
589,0.762469,0.263347,10,4.8,0.0687906,2.1511
590,0.711365,0.256658,10,4.56,0.070183,2.33845
591,0.690102,0.218147,10,3.85333,0.0728811,2.83861
592,0.728546,0.225996,10,4.16667,0.0665148,2.3258
593,0.738767,0.253794,10,4.47333,0.066381,2.26276
594,0.749861,0.252708,10,4.38667,0.0715858,2.32543
595,0.668464,0.201101,10,3.86667,0.0664261,2.30103
596,0.694883,0.220866,10,4.08667,0.0630937,2.26489
597,0.728862,0.236094,10,4.80667,0.0688425,2.44912
598,0.851015,0.263789,10,4.94667,0.0675316,2.11037
599,0.623514,0.210694,10,4.2,0.0664633,2.43659
600,0.694941,0.216949,10,3.90667,0.0654311,2.43386
601,0.699544,0.235561,10,4.52,0.0683587,2.30473
602,0.63915,0.193172,10,3.93333,0.0689133,2.38434
603,0.729309,0.182183,10,3.7,0.0686474,2.07282
604,0.757996,0.246358,10,4.24667,0.0674185,2.16266
605,0.664796,0.198843,10,3.94667,0.0673359,2.49746
606,0.554651,0.182699,9,3.53333,0.0695504,2.57754
607,0.726506,0.264551,10,4.60667,0.0658445,2.48614
608,0.631024,0.196692,10,4.09333,0.0675084,2.64521
609,0.664428,0.219802,10,4.26667,0.0669606,2.38244
610,0.724018,0.24574,10,4.76667,0.0677613,2.36584
611,0.678025,0.273598,10,4.70667,0.0709943,2.45796
612,0.633705,0.225794,10,4.33333,0.0666773,2.51059
613,0.681908,0.221064,10,4.03333,0.0681189,2.27395
614,0.582856,0.17964,9,3.21333,0.0641743,2.43625
615,0.600917,0.228824,10,4.22,0.0689131,2.58909
616,0.681456,0.259299,10,4.85333,0.0675324,2.54901
617,0.763111,0.274281,10,5.09333,0.0694292,2.34072
618,0.763114,0.203877,10,3.98,0.066326,2.32074
619,0.630364,0.156741,10,3.34667,0.18667,2.82589
620,0.640679,0.156699,10,3.36,0.0712684,2.47111
621,0.769468,0.236506,10,4.28667,0.0714893,2.34013
622,0.732449,0.17862,10,3.69333,0.0662916,2.26872
623,0.667372,0.193014,10,3.64667,0.0636204,2.4385
624,0.717997,0.198857,10,4.18,0.0658287,2.31125
625,0.668936,0.165441,10,3.28,0.0631152,2.49089
626,0.720244,0.184855,10,3.52,0.0653519,2.36443
627,0.736659,0.177976,10,3.72667,0.0690574,2.55294
628,0.64249,0.163287,10,3.42,0.0697809,2.31423
629,0.619415,0.184739,10,3.48667,0.0649024,2.43574
630,0.600663,0.17663,10,3.28667,0.0640183,2.43312
631,0.665728,0.205926,10,4.17333,0.0663114,2.34607
632,0.71181,0.175339,10,3.98,0.0673998,2.25592
633,0.799296,0.220017,10,4.22667,0.0697237,2.59049
634,0.654192,0.225229,10,4.42,0.0675224,2.73153
635,0.671458,0.207461,10,4.20667,0.0699574,2.64185
636,0.60932,0.213619,10,3.94667,0.0671234,3.03424
637,0.66813,0.242534,10,4.34667,0.0653803,2.35779
638,0.665228,0.212716,9,3.88,0.073124,2.66318
639,0.667265,0.185619,10,3.86667,0.0665121,2.72037
640,0.609778,0.179192,10,3.80667,0.0696406,2.70621
641,0.711342,0.167355,10,3.62,0.0679728,2.44146
642,0.694975,0.212792,10,4.00667,0.0678423,2.41251
643,0.662225,0.194568,10,3.61333,0.0672226,2.52146
644,0.780073,0.21245,10,3.82,0.069021,2.68959
645,0.728912,0.218745,10,3.92,0.0728769,2.76334
646,0.748868,0.216619,10,4.05333,0.0683885,2.56337
647,0.643026,0.16608,10,3.36667,0.0648949,2.65148
648,0.74367,0.186765,10,3.51333,0.0679672,2.68538
649,0.836154,0.222775,10,3.95333,0.0721478,2.27793
650,0.694973,0.194765,10,3.44,0.0634563,2.47599
651,0.690361,0.191891,10,3.11333,0.0751202,2.39908
652,0.779181,0.163896,10,2.94667,0.0714388,2.48095
653,0.816575,0.23066,10,3.82667,0.0686525,2.12598
654,0.760283,0.211643,10,4.03333,0.0699575,2.55915
655,0.646893,0.208966,10,3.72667,0.0724969,2.6858
656,0.722499,0.178213,10,3.15333,0.0671741,2.50104
657,0.662835,0.17993,10,3.16667,0.065715,2.55489
658,0.630099,0.190995,10,3.44667,0.0661828,2.68925
659,0.680189,0.256038,10,4.27333,0.0692407,2.71687
660,0.649526,0.196463,10,3.72667,0.0696445,2.74639
661,0.652092,0.195034,10,3.47333,0.0669817,2.69128
662,0.631187,0.189468,10,3.85333,0.0713626,2.61828
663,0.813992,0.232121,10,3.93333,0.0652335,2.29229
664,0.831669,0.238311,10,4.14,0.12273,2.49536
665,0.779611,0.242936,10,4.37333,0.0687886,2.61049
666,0.773302,0.241036,10,3.88,0.0733272,2.28284
667,0.495059,0.149207,9,2.8,0.0632623,2.60874
668,0.743901,0.206309,10,3.62,0.073272,2.49755
669,0.748784,0.225566,10,4.24,0.0671333,2.23475
670,0.562408,0.140452,10,2.94,0.168197,2.78683
671,0.719786,0.240921,10,3.87333,0.0710873,2.6821
672,0.735831,0.25018,10,4.30667,0.204288,2.27773
673,0.726028,0.237124,10,4.23333,0.0923534,2.66888
674,0.673108,0.196282,10,3.53333,0.0672173,2.33236
675,0.698443,0.211461,10,3.75333,0.0686393,2.74182
676,0.616469,0.199193,10,3.48,0.0656362,2.62772
677,0.724458,0.209989,10,3.73333,0.100722,2.46462
678,0.618061,0.177525,10,3.17333,0.0655983,2.46395
679,0.679579,0.227897,10,4.19333,0.124163,2.49353
680,0.648247,0.203031,10,3.8,0.0717903,2.75609
681,0.673034,0.196116,10,3.7,0.0808971,3.12117
682,0.785557,0.250353,10,4.64667,0.0642057,2.20799
683,0.700407,0.257823,10,3.96667,0.0688892,2.489
684,0.695542,0.219492,10,4.14,0.0706451,2.82317
685,0.768613,0.225324,10,3.95333,0.0660947,2.43158
686,0.810595,0.287087,10,4.97333,0.0682737,2.59469
687,0.692456,0.262384,10,4.53333,0.0715655,2.50203
688,0.709052,0.250503,10,4.3,0.0698133,2.60166
689,0.661854,0.203799,10,3.89333,0.0754064,2.42867
690,0.688535,0.203633,10,3.54667,0.0659602,2.67769
691,0.743315,0.212023,10,3.55333,0.0695203,2.46335
692,0.689606,0.200731,10,3.68667,0.0695211,2.52418
693,0.734872,0.22711,10,3.73333,0.0690043,2.64609
694,0.783013,0.237767,10,4.06667,0.0735799,2.74459
695,0.772134,0.26779,10,4.34,0.0678088,2.61085
696,0.683656,0.245755,10,4.46667,0.0673735,2.52411
697,0.60934,0.219749,10,3.94667,0.0712088,2.8888
698,0.677353,0.262531,10,4.38,0.070735,2.43531
699,0.658913,0.17565,10,3.70667,0.0688176,2.83188
700,0.644447,0.208757,10,3.62667,0.0649212,2.66108
701,0.700456,0.276659,10,4.82667,0.104153,2.50485
702,0.774072,0.278195,10,4.66667,0.0696388,2.57844
703,0.728225,0.270087,10,4.68,0.0706478,2.60521
704,0.633206,0.211825,9,3.44,0.063093,2.52642
705,0.673969,0.252694,10,4.38667,0.0671158,2.59329
706,0.659355,0.188135,10,3.20667,0.0724731,2.74823
707,0.793025,0.266481,10,4.39333,0.0683722,2.33003
708,0.766586,0.236803,10,4.19333,0.0651614,2.15374
709,0.667753,0.199224,10,3.63333,0.0705889,2.66617
710,0.786455,0.250456,10,4.57333,0.0700067,2.44007
711,0.664324,0.248361,10,3.93333,0.0685358,2.37543
712,0.805914,0.275575,10,4.84667,0.0704551,2.24327
713,0.685797,0.247252,10,4.07333,0.0663903,2.42299
714,0.733504,0.243797,10,4.51333,0.0686866,2.25237
715,0.776776,0.232875,10,4.17333,0.0721846,2.14711
716,0.655049,0.203719,10,3.64,0.104579,2.69834
717,0.749647,0.259747,10,4.74,0.0681989,2.34842
718,0.671564,0.246801,10,4.22,0.0901236,2.62419
719,0.700364,0.185762,10,3.46667,0.0704374,2.4776
720,0.71553,0.216087,10,3.93333,0.0682098,2.58296
721,0.733638,0.225491,10,4.04,0.0638945,2.15419
722,0.723568,0.239353,10,4.14,0.070488,2.4642
723,0.700742,0.200856,10,3.71333,0.0702578,2.55329
724,0.70109,0.210622,10,3.54667,0.0672273,2.55137
725,0.739979,0.233501,10,4.36667,0.0679729,2.46445
726,0.759451,0.245791,10,4.9,0.0797419,2.38724
727,0.715746,0.162256,10,3.51333,0.0779895,2.697
728,0.753202,0.25894,10,4.71333,0.0727284,2.24827
729,0.761476,0.227154,10,4.11333,0.0674442,2.14965
730,0.687576,0.209357,10,3.78667,0.0680353,1.98626
731,0.67649,0.201616,10,3.76,0.0680986,2.45694
732,0.759007,0.206398,10,3.78,0.0667873,2.55211
733,0.88668,0.246764,10,4.2,0.0682309,2.10288
734,0.673292,0.179348,10,3.40667,0.0668278,2.39242
735,0.698947,0.211434,10,3.86667,0.0714406,2.10601
736,0.66641,0.220621,10,4.62667,0.0714092,2.46689
737,0.78678,0.2687,10,4.73333,0.0699821,2.16175
738,0.781877,0.282126,10,5.08667,0.0675102,2.27939
739,0.663483,0.176684,10,4.24,0.0677329,2.40889
740,0.669012,0.209423,10,4.12667,0.0670043,2.05761
741,0.737858,0.202344,10,3.98667,0.0719873,2.27914
742,0.728283,0.206264,10,4.42,0.0745767,2.20643
743,0.658052,0.209908,10,4.13333,0.0667814,2.11027
744,0.677227,0.226634,10,4.58667,0.143841,2.16726
745,0.588964,0.184617,10,3.67333,0.0686281,2.44429
746,0.772904,0.271133,10,4.46667,0.0653962,1.99789
747,0.672358,0.201253,10,3.64,0.0659489,2.1992
748,0.674421,0.184561,10,3.85333,0.0677255,2.20457
749,0.699031,0.23966,10,4.37333,0.0685947,1.97603
750,0.868936,0.374607,10,5.84667,0.0717592,1.83459
751,0.642481,0.188706,10,3.86667,0.0659754,2.52508
752,0.72666,0.240882,10,4.32667,0.065245,2.16196
753,0.67255,0.199577,10,4.21333,0.0659232,2.28788
754,0.724082,0.216232,10,4.27333,0.0650994,2.1228
755,0.740911,0.224489,10,4.68,0.0700654,2.20745
756,0.742076,0.222747,10,4.40667,0.0722768,2.20066
757,0.661923,0.206551,10,4.20667,0.0690898,2.27481
758,0.660772,0.192091,10,3.89333,0.0680433,2.19702
759,0.654804,0.168662,10,3.82,0.0650918,2.37226
760,0.652952,0.198772,10,3.91333,0.0725776,2.26095
761,0.67769,0.232916,10,4.23333,0.0695783,2.22877
762,0.758566,0.23237,10,4.50667,0.0692599,2.15178
763,0.626428,0.204145,10,4.00667,0.0666374,2.3347
764,0.666196,0.212207,10,4.32667,0.0691705,2.25347
765,0.568245,0.186328,10,3.93333,0.0727426,2.26941
766,0.687218,0.250037,10,4.74,0.0676074,2.19765
767,0.681792,0.175016,10,3.38,0.0676515,2.32997
768,0.705629,0.241943,10,4.69333,0.0697849,2.33633
769,0.669324,0.180146,10,3.24,0.0635872,2.2475
770,0.643411,0.18748,10,3.6,0.0775523,2.3907
771,0.76241,0.242875,10,4.23333,0.069103,2.40846
772,0.695727,0.182936,10,3.89333,0.0732353,2.4052
773,0.691592,0.219561,10,4.08,0.0695163,2.27337
774,0.63086,0.188376,10,3.97333,0.0695039,2.4606
775,0.793823,0.219344,10,4.46667,0.0706962,2.23739
776,0.630371,0.226783,9,4.17333,0.068069,2.22928
777,0.568211,0.17689,10,4.27333,0.0716073,2.27396
778,0.424001,0.11959,7,2.65333,0.0663082,2.64564
779,0.708381,0.217917,10,4.30667,0.0740696,2.11615
780,0.56983,0.156586,10,3.37333,0.0683728,2.46595
781,0.699898,0.178382,10,3.61333,0.0674454,2.07583
782,0.668641,0.168481,10,3.74,0.0684848,2.27796
783,0.770132,0.189803,10,3.89333,0.0697262,2.237
784,0.708434,0.158368,10,3.42667,0.0669016,2.38681
785,0.627753,0.123278,9,2.85333,0.0711754,2.44665
786,0.70461,0.203549,10,4.13333,0.0675999,2.39575
787,0.665652,0.171046,10,3.60667,0.0653278,2.22051
788,0.849538,0.199922,10,4.22,0.0709299,2.21484
789,0.553347,0.189889,9,3.66,0.0663444,2.16015
790,0.697302,0.176092,10,3.55333,0.0708077,2.41498
791,0.867203,0.246125,10,4.6,0.0725192,2.3983
792,0.575351,0.126774,10,2.58667,0.0657924,2.3659
793,0.681416,0.197353,10,4.11333,0.070883,2.2671
794,0.553232,0.168038,10,3.51333,0.0680156,2.44989
795,0.55063,0.184479,10,4.28667,0.0701074,2.66176
796,0.531359,0.107331,10,2.81333,0.0649199,2.73126
797,0.661482,0.176903,10,3.49333,0.0703292,2.52434
798,0.685229,0.19505,10,4.02667,0.0657277,2.43441
799,0.672942,0.174149,10,3.46,0.0658842,2.14118
800,0.588363,0.166872,10,3.44667,0.0678032,2.36467
801,0.662845,0.189373,10,3.72667,0.0708576,2.27068
802,0.577366,0.178184,8,3.47333,0.0706494,2.47018
803,0.763679,0.20804,10,3.86,0.0683435,2.34809
804,0.650974,0.149602,9,3.08,0.0693039,2.34758
805,0.648135,0.174751,10,3.32,0.0664216,2.13455
806,0.753619,0.224532,10,4.30667,0.0698479,2.25534
807,0.790859,0.194911,10,3.75333,0.0689321,2.05688
808,0.586306,0.141613,9,3.13333,0.0697724,2.4537
809,0.575172,0.133957,10,3.21333,0.0729128,2.18488
810,0.552859,0.132935,10,3.14667,0.069894,2.36272
811,0.617626,0.19347,10,3.66,0.068242,2.51125
812,0.600032,0.208909,9,3.96667,0.0703945,2.36738
813,0.780211,0.226743,10,4.01333,0.0892,2.33601
814,0.577054,0.19534,10,3.72,0.0652569,2.3715
815,0.565236,0.168371,9,3.36,0.0666674,2.38008
816,0.75968,0.202924,10,3.82,0.0649092,2.49924
817,0.757024,0.247394,10,4.19333,0.0690821,2.17547
818,0.817237,0.172138,10,3.66,0.0641352,2.04679
819,0.775436,0.233379,10,4.34,0.0686806,2.23534
820,0.761065,0.241591,10,4.2,0.071272,2.16736
821,0.538123,0.130675,9,2.34,0.0628158,2.09109
822,0.587495,0.112417,8,2.42667,0.0629656,2.41006
823,0.487977,0.0998726,9,2.36,0.0649012,2.34561
824,0.718331,0.156018,9,2.95333,0.0647014,2.00082
825,0.772928,0.186074,10,3.61333,0.0648193,1.89059
826,0.69774,0.158581,10,3.19333,0.0652122,2.49404
827,0.831714,0.190078,10,3.92667,0.0667048,2.04496
828,0.64542,0.201794,8,3.49333,0.0669908,2.49216
829,0.499307,0.138709,8,2.96667,0.0680094,2.48023
830,0.672324,0.17627,10,3.54667,0.0684224,2.37104
831,0.639333,0.14231,10,3.16667,0.0638414,2.30811
832,0.824442,0.126041,10,3.14,0.0701889,2.5884
833,0.79829,0.232867,10,4.25333,0.0663671,2.32889
834,0.66778,0.170632,10,3.97333,0.0702019,2.54929
835,0.750924,0.174073,10,3.6,0.0707259,2.43712
836,0.613061,0.181509,9,3.76667,0.0699817,2.2529
837,0.699737,0.179002,10,3.76,0.0694247,2.71093
838,0.653467,0.176743,9,3.54667,0.0667691,2.2707
839,0.749822,0.262175,10,4.76,0.0704796,2.27187
840,0.673626,0.182346,10,3.61333,0.067658,2.43233
841,0.738009,0.172502,10,3.65333,0.067221,1.98452
842,0.702851,0.187937,10,3.8,0.0699653,1.98458
843,0.638558,0.209173,9,3.88,0.0706093,2.36271
844,0.615053,0.157539,9,3.13333,0.0668353,2.22218
845,0.592624,0.152509,10,3.36667,0.0665124,2.05745
846,0.730338,0.221204,10,4.22667,0.0684099,2.16382
847,0.686135,0.172017,10,3.42667,0.065626,2.25209
848,0.613612,0.163374,10,3.43333,0.0661685,2.36655
849,0.556359,0.199448,9,3.42,0.0679411,2.55199
850,0.730937,0.176864,10,3.75333,0.0659528,2.32229
851,0.653246,0.147718,10,3.36667,0.0673873,2.4033
852,0.626101,0.154825,9,3.65333,0.0720068,2.49636
853,0.610028,0.187606,10,3.56667,0.0664919,2.5826
854,0.4947,0.153128,10,3.46667,0.0666315,2.84843
855,0.635711,0.165868,9,3.56,0.0673565,2.52425
856,0.667874,0.168625,8,3.58667,0.0671297,3.13462
857,0.707595,0.16183,8,3.10667,0.069585,2.63887
858,0.536172,0.137243,10,3.1,0.0739435,2.71764
859,0.739975,0.182099,10,4,0.0675935,2.44317
860,0.627752,0.132946,10,2.92667,0.0662597,3.00209
861,0.627276,0.213276,10,3.66,0.0665996,2.68525
862,0.612635,0.141938,10,3.22667,0.068804,2.82769
863,0.925502,0.215403,10,3.98667,0.0711873,2.66613
864,0.659056,0.170271,10,4.00667,0.0672705,2.82403
865,0.637546,0.168608,10,3.56,0.0884558,2.76854
866,0.704998,0.201077,10,4.26667,0.0712028,2.58288
867,0.766253,0.231157,10,4.48,0.077382,2.39413
868,0.683901,0.174469,10,3.85333,0.0666249,2.58034
869,0.592978,0.191215,9,4.02667,0.0694162,2.52432
870,0.679075,0.182114,10,4.16,0.0625944,2.38056
871,0.630709,0.157252,9,3.42667,0.0696583,2.93554
872,0.569034,0.170073,9,3.28,0.0696893,2.81842
873,0.696448,0.201768,10,3.49333,0.0697679,2.4578
874,0.674302,0.214628,10,4.2,0.0693766,2.49546
875,0.798576,0.231677,10,4.17333,0.0641426,2.46022
876,0.705264,0.170071,10,3.38,0.0682844,2.54018
877,0.758784,0.199742,10,3.70667,0.0648267,2.4434
878,0.765217,0.202662,10,3.59333,0.0653378,2.63993
879,0.707399,0.17671,10,3.69333,0.0674667,2.73385
880,0.620177,0.161994,9,3.3,0.0636034,2.94351
881,0.616786,0.21335,10,4.07333,0.0706068,2.54227
882,0.533703,0.126828,10,2.74667,0.067156,3.04047
883,0.632997,0.162853,10,3.18,0.0656396,2.59115
884,0.737036,0.21766,10,4.22667,0.0696248,2.53269
885,0.681336,0.207215,10,4.56,0.0670941,2.52812
886,0.652154,0.188121,9,3.64,0.067642,2.66604
887,0.692471,0.227206,10,4.08,0.0685357,2.6225
888,0.738236,0.125392,10,2.48,0.0652958,2.95689
889,0.638039,0.193271,9,3.97333,0.0745574,2.98322
890,0.788282,0.223747,10,4.16,0.0679498,2.88196
891,0.577135,0.12886,10,2.9,0.0660341,2.78645
892,0.593728,0.148142,8,2.95333,0.0670138,2.77342
893,0.683873,0.14327,10,3.13333,0.0666229,2.66094
894,0.682641,0.224242,10,4.2,0.0672889,2.5875
895,0.752151,0.253574,10,4.41333,0.0654855,2.40203
896,0.695547,0.214399,10,4.08667,0.0670869,2.52465
897,0.589306,0.176821,9,3.06,0.0679436,2.77112
898,0.826359,0.208107,10,3.98667,0.0668304,2.61619
899,0.681307,0.162575,10,3.29333,0.06643,2.95488
900,0.653459,0.141004,9,2.87333,0.064985,2.86331
901,0.685833,0.163282,10,3.48,0.0703328,2.76497
902,0.719959,0.16823,10,3.17333,0.0663153,2.77637
903,0.620136,0.152841,10,2.94667,0.0678304,2.92979
904,0.651644,0.138824,10,2.94667,0.0680464,3.21651
905,0.694654,0.166154,10,3.14667,0.0662322,3.3881
906,0.763141,0.187854,10,3.60667,0.0699638,2.90545
907,0.786661,0.219348,10,4.15333,0.0678989,2.76976
908,0.633139,0.168374,9,2.96667,0.0704292,2.67838
909,0.617552,0.130974,9,2.65333,0.0630787,3.00052
910,0.710549,0.134725,10,2.98667,0.0686408,3.1967
911,0.703366,0.158614,10,3.44667,0.0704383,2.57913
912,0.570576,0.0902456,9,2.10667,0.0827109,3.19663
913,0.635025,0.171615,9,3.69333,0.0664477,2.79308
914,0.662225,0.205868,10,4.10667,0.0703439,2.66483
915,0.736935,0.190375,10,3.74667,0.0651206,2.59867
916,0.716862,0.195391,10,3.73333,0.065595,2.69458
917,0.702197,0.177395,10,3.52,0.0683907,2.77948
918,0.736214,0.239032,10,4.15333,0.0754009,2.62063
919,0.574058,0.165901,9,3.44667,0.0635407,2.69799
920,0.789848,0.222263,10,4.5,0.0732978,2.56756
921,0.786638,0.236396,10,4.18667,0.0695745,2.81805
922,0.789093,0.212256,10,4.41333,0.0706371,2.69894
923,0.718327,0.223801,9,4.34667,0.0708748,2.52967
924,0.66016,0.195655,10,4.23333,0.0913461,2.97423
925,0.633156,0.156468,9,3.4,0.0695261,2.95383
926,0.645961,0.15222,9,3.19333,0.0721411,3.19768
927,0.709419,0.224984,10,4.4,0.0921867,2.6938
928,0.701072,0.180328,10,3.8,0.0735595,2.90748
929,0.783514,0.249865,10,4.86667,0.0697322,2.39524
930,0.724801,0.171168,9,3.46667,0.0643754,2.79796
931,0.756276,0.24922,10,4.28,0.0691725,3.01444
932,0.57745,0.130404,9,3.16667,0.0665061,2.78709
933,0.700689,0.191153,10,3.58,0.0703164,2.71663
934,0.581564,0.159301,8,2.89333,0.0671867,3.01933
935,0.527162,0.142165,9,2.79333,0.0694074,3.14736
936,0.619571,0.150263,8,2.86667,0.0676761,2.83849
937,0.680047,0.179915,10,3.64667,0.0655642,2.35972
938,0.810111,0.229439,10,4.05333,0.0671089,2.41036
939,0.477411,0.143776,7,2.59333,0.0628944,2.67312
940,0.806033,0.230187,10,4.19333,0.0692694,2.44232
941,0.576627,0.154008,10,3.15333,0.0699158,2.81378
942,0.581813,0.133527,9,2.92667,0.0682463,2.93968
943,0.676545,0.12723,9,2.71333,0.0675,3.02203
944,0.643978,0.149074,10,3.21333,0.0656817,2.71445
945,0.666714,0.184491,9,3.16,0.0678248,2.85692
946,0.721035,0.16108,10,3.31333,0.0652195,2.67348
947,0.811807,0.228366,10,3.94667,0.071855,2.64343
948,0.831955,0.200952,10,4.09333,0.0681247,2.8753
949,0.637618,0.195832,9,3.47333,0.0655761,2.69492
950,0.581068,0.143084,10,3.23333,0.0706121,3.21683
951,0.676216,0.199078,10,3.9,0.073688,2.58962
952,0.571566,0.139263,9,2.76,0.0626083,2.57138
953,0.545985,0.145589,9,3.12,0.0688013,3.016
954,0.485624,0.140106,9,2.95333,0.0705234,3.22981
955,0.547343,0.137241,8,2.88667,0.0832028,2.79594
956,0.565532,0.150236,9,3.16667,0.069838,2.89828
957,0.568386,0.148981,9,3.02,0.0653153,2.73926
958,0.48735,0.15153,9,3.02,0.0698422,2.89439
959,0.724265,0.201994,10,3.48667,0.0718085,2.53025
960,0.68812,0.143987,10,2.91333,0.0679131,2.97607
961,0.622117,0.151456,9,3.17333,0.0675591,2.84333
962,0.599261,0.155499,8,3.02,0.0705962,2.76534
963,0.489402,0.13177,10,2.63333,0.0666907,2.97495
964,0.688326,0.191949,9,3.88,0.0701218,2.39453
965,0.619691,0.146986,9,3.32667,0.0713451,2.76222
966,0.688941,0.196296,8,3.44,0.0688115,2.61591
967,0.640715,0.144965,9,2.85333,0.0830021,2.55093
968,0.670339,0.165408,10,3.62,0.0674422,2.83565
969,0.834143,0.249566,10,4.66,0.0692052,2.70888
970,0.502495,0.137168,9,2.62,0.0685498,3.17469
971,0.68207,0.197824,9,3.71333,0.0721285,3.16913
972,0.50586,0.166706,9,3.00667,0.0683687,3.15679
973,0.763059,0.166038,10,3.21333,0.0682376,2.78754
974,0.659021,0.178643,10,3.78667,0.0654875,2.53399
975,0.782753,0.190493,10,3.6,0.0676615,2.93204
976,0.65656,0.120061,10,3.06,0.0675502,3.07768
977,0.682179,0.154607,10,3.56,0.0682595,2.64074
978,0.70125,0.184445,10,3.68,0.0684719,2.99574
979,0.600055,0.14103,10,3.27333,0.0686228,2.97562
980,0.487799,0.124868,8,2.50667,0.0656911,3.02417
981,0.749864,0.204204,10,4.12,0.0840378,2.95454
982,0.724801,0.169911,10,3.26667,0.0722503,2.94796
983,0.608324,0.164741,10,3.30667,0.0694353,3.0243
984,0.686009,0.186259,9,3.6,0.0680978,2.66928
985,0.596326,0.181831,9,3.39333,0.0675816,2.8161
986,0.655795,0.166486,10,3.16,0.070132,2.91391
987,0.711559,0.169772,10,3.44,0.0707448,2.77281
988,0.702846,0.171574,10,3.33333,0.065915,3.00225
989,0.603188,0.185256,9,3.69333,0.0715466,2.98121
990,0.687124,0.192726,9,3.35333,0.072178,2.86842
991,0.662602,0.216516,9,4.06667,0.0722402,2.82889
992,0.633162,0.196036,10,3.68667,0.0731806,2.9981
993,0.682259,0.164297,10,3.18667,0.0695206,3.24905
994,0.679027,0.168873,9,3.11333,0.073973,2.80126
995,0.713981,0.1915,10,3.54667,0.0699663,2.77916
996,0.535555,0.127919,9,2.64667,0.068615,2.82189
997,0.610236,0.16759,9,3.13333,0.067126,2.82821
998,0.769578,0.216202,10,4.02667,0.0667963,2.67128
999,0.746864,0.184152,10,3.53333,0.0776535,2.72657
1000,0.757614,0.203507,10,3.7,0.0685498,2.73804
