1,0.128641,0.00375332,6,0.2,0.0786057,1.25897
2,0.0901393,0.00292787,5,0.226667,0.0664076,1.22395
3,0.0922407,0.00368321,4,0.213333,0.0668669,1.2185
4,0.213355,0.00556871,5,0.24,0.0677718,1.08775
5,0.194616,0.00520172,4,0.233333,0.0726381,1.01807
6,0.188271,0.00640878,3,0.173333,0.0718059,0.964285
7,0.215175,0.0117276,6,0.333333,0.0728322,0.950353
8,0.214576,0.0109908,6,0.453333,0.0656004,0.93821
9,0.175858,0.00713673,7,0.453333,0.065651,0.941805
10,0.192798,0.0193695,8,0.7,0.0703276,1.12026
11,0.181054,0.0086317,4,0.426667,0.0658329,1.19586
12,0.188433,0.0080849,5,0.313333,0.0662257,0.911434
13,0.192319,0.0138411,6,0.626667,0.0672122,1.32064
14,0.195366,0.0151783,7,0.68,0.0710129,1.24795
15,0.279072,0.0318527,6,0.82,0.0690574,1.17108
16,0.186832,0.01249,7,0.433333,0.0631542,0.953836
17,0.193449,0.0113274,5,0.5,0.0638379,1.37625
18,0.290841,0.0267643,7,0.86,0.0661988,1.46456
19,0.125698,0.0164493,7,1.33333,0.0682885,2.04797
20,0.378205,0.0172457,5,0.96,0.0619637,1.58599
21,0.193166,0.0150536,6,0.88,0.0676976,1.25196
22,0.167579,0.023989,7,1.29333,0.0664935,1.53529
23,0.244111,0.0361178,6,1.51333,0.0637464,1.67335
24,0.302509,0.0179982,7,1.22667,0.0657832,1.53938
25,0.250485,0.0341633,9,2.28,0.0713224,1.55815
26,0.266406,0.0516062,5,1.43333,0.0695834,1.80079
27,0.368407,0.0557152,7,1.82667,0.0692671,1.57636
28,0.255313,0.0215031,7,1.1,0.0667436,1.36505
29,0.371632,0.0497413,9,2.13333,0.0709185,2.38088
30,0.452171,0.0671273,7,2.13333,0.0647149,2.00869
31,0.308592,0.0314992,5,1.09333,0.0670157,2.81464
32,0.276479,0.0282744,8,1.47333,0.0687466,2.8402
33,0.410373,0.0586471,8,2.10667,0.0666257,2.2451
34,0.336674,0.0533453,7,1.89333,0.0655561,2.68394
35,0.347319,0.0586853,8,2.02,0.0657626,1.99454
36,0.328168,0.0415253,7,1.53333,0.0664793,2.75152
37,0.358012,0.0341609,9,1.71333,0.0653773,2.51476
38,0.302014,0.0582094,7,2.02667,0.068431,3.01741
39,0.44961,0.104688,8,2.75333,0.0671419,2.97213
40,0.316605,0.0459024,7,1.68667,0.069723,3.12857
41,0.439103,0.0706046,8,2.20667,0.0696268,3.3164
42,0.447053,0.105652,9,2.62667,0.0712552,2.9523
43,0.297201,0.0670129,7,2.11333,0.0688254,3.40992
44,0.480518,0.124609,8,2.63333,0.0692448,3.51149
45,0.455601,0.135252,8,3.21333,0.0704826,3.52586
46,0.448061,0.0872075,7,1.84,0.0666092,3.27006
47,0.52296,0.0915324,8,2.4,0.0676824,2.99428
48,0.495607,0.126657,10,2.81333,0.0689548,3.32042
49,0.537006,0.0731262,9,1.89333,0.0681253,3.22538
50,0.528336,0.123479,8,2.80667,0.0670821,3.06485
51,0.43096,0.0797373,8,1.93333,0.0670096,3.03756
52,0.455309,0.107785,9,2.76667,0.0659666,2.75098
53,0.435238,0.0885897,8,2.04,0.0668629,3.35615
54,0.522513,0.112793,8,2.39333,0.0672276,3.06074
55,0.534644,0.0951545,9,2.44667,0.0701811,3.06456
56,0.507697,0.0827584,8,2.32,0.064894,2.67183
57,0.492655,0.0990962,10,2.47333,0.0687835,2.95824
58,0.644217,0.137848,9,3.04667,0.0654138,3.04881
59,0.572513,0.0790726,9,1.95333,0.0693397,3.13774
60,0.441685,0.136416,9,3.16,0.067028,2.7131
61,0.587749,0.14465,10,3.30667,0.068889,2.82949
62,0.52951,0.116585,8,2.59333,0.0629066,2.91893
63,0.531363,0.116402,8,2.57333,0.0683292,2.99063
64,0.607192,0.165944,9,3.16667,0.0674283,3.04547
65,0.618524,0.108835,9,2.42667,0.0664691,2.72196
66,0.631406,0.168805,10,3.65333,0.0716891,2.66404
67,0.487273,0.113495,8,2.80667,0.0675616,2.87443
68,0.634435,0.133197,9,3.24,0.0679019,3.10392
69,0.677949,0.124156,9,2.74,0.0679483,2.95578
70,0.428425,0.0923652,8,2.33333,0.0689126,3.25974
71,0.527318,0.119507,8,2.72,0.0680001,3.42221
72,0.622035,0.0906693,10,2.57333,0.0687658,3.04093
73,0.691902,0.135214,9,2.95333,0.0695088,2.9187
74,0.572313,0.134892,10,3.04,0.0650514,2.44157
75,0.49748,0.0838915,9,2.44,0.0646259,3.00217
76,0.784636,0.146354,10,3.60667,0.0733909,2.81774
77,0.539645,0.149454,8,3.18667,0.068727,2.81116
78,0.572804,0.131962,9,2.68667,0.0681513,2.67551
79,0.570913,0.112853,9,2.56667,0.067575,2.57695
80,0.584383,0.113,9,2.66,0.0671138,2.47121
81,0.829654,0.20969,10,3.74667,0.0724549,2.39933
82,0.773389,0.186895,10,3.86667,0.0681602,2.24666
83,0.683205,0.185283,9,3.76,0.0668726,2.48344
84,0.669509,0.239035,10,4.75333,0.0647165,2.3613
85,0.560558,0.17763,7,3.5,0.067459,2.86985
86,0.71142,0.249725,10,4.74667,0.0687511,2.29799
87,0.673102,0.212694,10,4.08667,0.0697709,2.31383
88,0.591693,0.159927,10,3.11333,0.0688271,2.77137
89,0.754104,0.182413,10,3.42,0.0688421,2.66849
90,0.705126,0.149494,10,3.20667,0.0699802,2.44946
91,0.721413,0.188604,9,3.75333,0.0656777,2.28084
92,0.568571,0.187646,10,3.95333,0.0704345,2.37199
93,0.731761,0.207168,10,4.03333,0.0732608,2.31818
94,0.648488,0.12525,10,2.91333,0.0676906,2.4189
95,0.67066,0.145895,10,2.89333,0.0708721,2.59939
96,0.463999,0.122201,9,2.71333,0.0676662,2.84019
97,0.527597,0.151116,8,3.11333,0.0654038,2.37961
98,0.581092,0.147205,9,3.14667,0.0692423,2.32861
99,0.64873,0.175453,10,3.57333,0.0686869,2.32975
100,0.508533,0.112325,9,2.61333,0.0654668,2.44978
101,0.600676,0.142182,9,2.99333,0.0655281,2.66231
102,0.651883,0.193626,10,4.32667,0.0701845,2.56522
103,0.630979,0.188827,10,3.82667,0.0699949,2.56948
104,0.597303,0.165266,9,3.1,0.0690702,2.64819
105,0.846263,0.204423,10,4.13333,0.0679152,2.14141
106,0.653161,0.141246,10,3.27333,0.0695145,2.50095
107,0.677936,0.132297,9,2.78667,0.0682109,2.76996
108,0.486114,0.139262,9,2.90667,0.066037,2.65414
109,0.578048,0.140752,9,2.98,0.0686129,2.69392
110,0.580127,0.168661,10,3.8,0.066967,2.73699
111,0.617505,0.172123,10,3.69333,0.0680573,2.64664
112,0.672256,0.200201,9,3.81333,0.0656296,2.29652
113,0.641914,0.141376,9,3.15333,0.0702411,2.59577
114,0.662202,0.200065,10,4.08667,0.0704562,2.47065
115,0.63232,0.137039,9,2.94667,0.0659222,2.42842
116,0.501742,0.117518,9,2.69333,0.0678928,2.97951
117,0.675328,0.133818,10,2.78,0.0659709,2.83238
118,0.718936,0.231648,10,3.98667,0.0678913,2.68261
119,0.605224,0.129739,10,2.66667,0.0669363,2.65005
120,0.715289,0.161015,10,3.19333,0.0661569,2.50515
121,0.699393,0.178045,10,3.38667,0.0665998,2.54881
122,0.665832,0.17269,9,2.98,0.0660906,2.49586
123,0.707046,0.149353,10,2.87333,0.0648363,2.31596
124,0.532881,0.137565,10,2.82,0.0649103,2.59947
125,0.608732,0.191515,9,4.31333,0.0667723,2.30779
126,0.573993,0.161105,9,3.53333,0.0665364,2.87766
127,0.697008,0.29835,10,5.23333,0.0674529,2.49749
128,0.609357,0.20866,9,4.25333,0.0656079,2.40998
129,0.824742,0.300724,10,4.93333,0.0693777,2.31317
130,0.713785,0.194388,10,3.85333,0.069448,2.58152
131,0.477872,0.117962,9,2.78667,0.0663133,2.7306
132,0.610902,0.153917,9,3.00667,0.0664254,2.61934
133,0.728976,0.203849,10,4.01333,0.0690256,2.30907
134,0.61794,0.0941557,9,2.09333,0.0670255,2.56116
135,0.783617,0.156953,10,3.08667,0.0663642,2.34973
136,0.599557,0.159153,8,2.74,0.0632296,2.6965
137,0.571076,0.143831,9,2.66667,0.068651,2.44024
138,0.548033,0.178259,8,3.32667,0.0685391,2.88232
139,0.715712,0.153039,10,3.25333,0.0689892,2.35638
140,0.551035,0.143587,9,2.92667,0.0653295,2.42462
141,0.651068,0.20238,9,3.44667,0.0662883,2.32188
142,0.748842,0.21472,10,3.95333,0.0769828,2.47867
143,0.649776,0.193227,10,3.6,0.0709389,2.77641
144,0.632716,0.153143,9,2.85333,0.066986,2.61835
145,0.706785,0.185007,9,3.68667,0.0684048,2.42466
146,0.662381,0.179313,9,3.35333,0.0667763,2.60014
147,0.737662,0.193515,10,3.78,0.0675267,2.64192
148,0.82334,0.170385,10,3.58667,0.0692089,2.35079
149,0.668209,0.171868,9,3.43333,0.0672094,2.39301
150,0.635156,0.160362,8,2.98667,0.066693,2.74181
151,0.822851,0.246046,10,4.15333,0.0634023,2.07315
152,0.669981,0.191963,10,3.58667,0.0684453,2.30131
153,0.716457,0.169458,10,3.12667,0.0670779,2.6147
154,0.758201,0.195135,10,3.67333,0.0657536,2.48131
155,0.702984,0.168327,10,3.58,0.0695363,2.4439
156,0.607755,0.13186,10,2.71333,0.0641483,2.81208
157,0.65477,0.158558,10,3.35333,0.0646785,2.36688
158,0.80047,0.14034,10,3.38667,0.071529,2.66191
159,0.792547,0.208015,10,3.97333,0.0672,2.34515
160,0.753604,0.173496,10,3.74,0.0679284,2.15467
161,0.773229,0.173775,10,3.74,0.0681094,2.46126
162,0.559694,0.100416,9,2.73333,0.069015,2.9263
163,0.738492,0.147424,9,3.32,0.0692324,2.51447
164,0.781047,0.163564,10,3.40667,0.0662834,2.30153
165,0.675637,0.147668,10,3.22667,0.0710066,2.55509
166,0.687649,0.188094,10,3.63333,0.0669412,1.98995
167,0.693818,0.171691,10,3.48,0.0665327,2.31844
168,0.791097,0.216131,9,3.96667,0.0698292,2.35926
169,0.617399,0.180394,10,3.35333,0.0667404,2.57868
170,0.749374,0.220573,10,4.04667,0.0653794,2.01141
171,0.65901,0.182808,9,3.62,0.068885,2.257
172,0.73073,0.202322,9,3.71333,0.0661368,2.22831
173,0.691675,0.170828,9,3.24,0.0646915,2.59166
174,0.597747,0.155635,10,2.82667,0.0680436,2.67408
175,0.832819,0.175898,10,3.49333,0.0678961,2.73331
176,0.607746,0.183939,9,3.52667,0.0640652,2.72722
177,0.751302,0.246102,10,4.49333,0.0677977,2.60311
178,0.85479,0.249356,10,4.4,0.0674643,2.26803
179,0.760064,0.209299,10,3.98667,0.0696853,2.7332
180,0.701439,0.201936,10,3.85333,0.0666814,2.39421
181,0.732931,0.211141,9,3.90667,0.0653368,2.25413
182,0.639897,0.182817,10,3.74667,0.0704179,2.57427
183,0.6743,0.17894,9,3.44667,0.0660397,2.63935
184,0.729229,0.182278,9,3.48,0.06562,2.40357
185,0.714323,0.246238,10,4.62667,0.0658611,2.30107
186,0.733219,0.262703,9,4.07333,0.0654171,2.55584
187,0.602456,0.176785,8,3.47333,0.0675262,2.66763
188,0.731813,0.25637,10,4.36667,0.0687921,2.41398
189,0.664343,0.164812,9,3.02667,0.0672069,2.65478
190,0.807971,0.230871,9,3.86,0.0690743,2.4687
191,0.775384,0.295605,10,4.53333,0.0678089,2.4233
192,0.808965,0.273133,9,4.23333,0.0758247,2.46548
193,0.844654,0.2471,10,4.26,0.0714402,2.47793
194,0.706274,0.225497,8,3.60667,0.0920927,2.31411
195,0.656204,0.171915,9,3.43333,0.0676938,2.42897
196,0.594071,0.165611,10,2.96667,0.0686976,2.5319
197,0.706015,0.204411,10,3.41333,0.0697714,2.53062
198,0.800601,0.251289,10,4.29333,0.0677394,2.49787
199,0.7041,0.266219,10,4.26667,0.071239,2.46545
200,0.69,0.218708,9,3.81333,0.070517,2.61621
201,0.78901,0.257758,10,4.26,0.0713444,2.58058
202,0.877399,0.269589,10,4.46667,0.0783814,2.41289
203,0.644016,0.154886,9,2.80667,0.0740253,2.86332
204,0.731851,0.215001,10,3.44667,0.06487,2.441
205,0.742433,0.256004,10,4.35333,0.0670751,2.33279
206,0.713114,0.250862,10,4.34667,0.0726989,2.37907
207,0.76299,0.222765,10,3.72,0.0659845,2.70179
208,0.705655,0.193723,9,3.03333,0.0641572,2.58954
209,0.640107,0.227741,9,3.65333,0.0685143,2.92422
210,0.845103,0.278326,10,4.33333,0.0692271,2.31287
211,0.708568,0.243484,10,3.99333,0.0699159,2.66761
212,0.791904,0.246037,10,3.94667,0.0701825,2.67806
213,0.799258,0.275679,10,4.64667,0.0688394,2.55815
214,0.852828,0.254248,10,4.13333,0.0689221,2.48583
215,0.827802,0.264109,10,4.02,0.0691297,2.27364
216,0.79432,0.251765,10,4.21333,0.0703923,2.50871
217,0.806237,0.272195,10,4.19333,0.0692727,2.51084
218,0.693779,0.251253,10,4.2,0.0739927,2.69808
219,0.832858,0.213004,10,3.56667,0.0678779,2.55692
220,0.750358,0.206561,10,3.74,0.068021,2.53134
221,0.856013,0.247862,10,3.82,0.0689777,2.3683
222,0.711526,0.190746,9,3.42667,0.0668644,2.50043
223,0.76352,0.17864,9,2.91333,0.0637539,2.55638
224,0.771389,0.278401,10,4.28,0.075231,2.53083
225,0.888637,0.284834,10,4.36667,0.0699027,2.35655
226,0.763084,0.222485,10,3.42667,0.0676542,2.0871
227,0.696233,0.17165,9,2.96,0.0694896,2.64292
228,0.668935,0.174479,8,2.92,0.0671493,3.06588
229,0.792714,0.241707,9,4.21333,0.0677238,2.65629
230,0.819399,0.242708,10,4.2,0.0703299,2.7446
231,0.687381,0.210429,9,3.58,0.0696163,2.7399
232,0.778633,0.253247,10,4.04,0.0659677,2.48434
233,0.7119,0.232215,9,4.06,0.0699537,2.3633
234,0.681585,0.230573,9,3.51333,0.0667524,2.51943
235,0.758048,0.215309,9,3.74667,0.0700826,2.68843
236,0.747967,0.221279,10,3.68,0.0691789,2.58649
237,0.539908,0.162371,9,2.88,0.0695138,2.67561
238,0.678702,0.176362,10,2.98667,0.0651276,2.89268
239,0.707129,0.18209,10,3.24667,0.0661681,2.52961
240,0.729889,0.236728,10,3.74667,0.0667848,2.52842
241,0.773667,0.237766,10,3.98,0.065726,2.65774
242,0.638997,0.182831,9,3.22,0.0649285,2.67615
243,0.702895,0.228426,9,3.69333,0.0690203,2.70775
244,0.922384,0.260668,10,4.26667,0.0731433,2.4119
245,0.660624,0.18975,10,3.46667,0.0658483,2.77427
246,0.731352,0.198168,10,3.54667,0.0660747,2.64863
247,0.76814,0.219195,10,3.99333,0.0758899,2.89591
248,0.77178,0.222731,10,3.83333,0.0700414,2.34627
249,0.690092,0.206062,9,3.45333,0.0682813,2.68304
250,0.686886,0.192707,10,3.22,0.0658389,2.73264
251,0.669745,0.196702,10,3.58,0.0659231,2.66046
252,0.623909,0.215684,9,3.76667,0.0661821,2.51543
253,0.735033,0.184168,10,3.29333,0.068267,2.77572
254,0.704692,0.209831,10,3.40667,0.0650832,2.43692
255,0.776704,0.253653,10,3.88667,0.0682563,2.31241
256,0.757763,0.220743,10,3.77333,0.0651569,2.34739
257,0.773875,0.223732,10,3.61333,0.0690695,2.63672
258,0.659092,0.190466,9,3.38,0.0658725,2.90498
259,0.823906,0.240407,10,4.13333,0.071118,2.34503
260,0.685131,0.186075,9,3.38,0.0798666,2.44026
261,0.624963,0.204627,10,3.38667,0.0746194,2.63554
262,0.710793,0.179269,10,3.22667,0.0677552,2.56308
263,0.710076,0.246202,10,4.24667,0.0800652,2.55764
264,0.764698,0.19248,10,3.67333,0.0671786,2.3988
265,0.842654,0.280429,10,4.81333,0.0705696,2.12151
266,0.767461,0.16549,10,3.24667,0.0689445,2.65689
267,0.798026,0.226755,10,3.95333,0.069036,2.49978
268,0.696548,0.201284,10,3.65333,0.066271,2.562
269,0.644424,0.160883,10,3.16667,0.0672175,2.72927
270,0.716992,0.215955,10,3.99333,0.0716501,2.83946
271,0.774012,0.234056,10,4.12,0.0644166,2.69746
272,0.820013,0.245997,10,4.31333,0.0703665,2.77194
273,0.61612,0.203666,9,3.52,0.0720636,2.75346
274,0.526664,0.186671,8,3.07333,0.0678111,2.7643
275,0.796957,0.20582,10,3.67333,0.0694846,2.57691
276,0.736589,0.247666,9,4.14,0.069767,2.85366
277,0.75753,0.229128,10,3.69333,0.0667313,2.49991
278,0.665706,0.173673,10,3.07333,0.0682594,3.14437
279,0.721804,0.2352,10,3.96,0.0734193,3.08359
280,0.704545,0.2495,10,4.14,0.0714052,2.86045
281,0.725244,0.217711,10,3.86,0.0639425,2.54256
282,0.655852,0.230156,10,3.84,0.066244,2.86181
283,0.680032,0.241548,10,3.88,0.0654421,2.64187
284,0.694925,0.246649,10,4.02,0.0676526,2.59939
285,0.645183,0.18772,10,3.27333,0.0679044,2.8974
286,0.710688,0.185229,10,3.02,0.0666877,2.92044
287,0.689671,0.196726,10,3.32,0.0669201,2.91426
288,0.725166,0.249321,10,4.06667,0.0674363,2.67989
289,0.61986,0.20952,9,3.36667,0.065228,2.76893
290,0.659978,0.232701,10,3.78667,0.0676234,2.6108
291,0.708025,0.229078,10,3.82667,0.0709375,2.73953
292,0.825497,0.249904,10,3.98,0.0671978,2.4229
293,0.72541,0.227703,10,3.84,0.0702748,2.69673
294,0.786042,0.21164,10,3.43333,0.0649522,2.4657
295,0.721805,0.224672,10,4.04667,0.0701432,2.83262
296,0.699497,0.178084,9,2.82,0.0684148,2.68866
297,0.762008,0.203464,10,3.35333,0.0705209,2.69907
298,0.785037,0.279898,10,4.30667,0.0677735,2.75918
299,0.709165,0.2096,10,3.6,0.0700534,3.11726
300,0.764839,0.226106,10,3.73333,0.06637,3.02338
301,0.664202,0.197507,10,3.37333,0.0667072,3.1091
302,0.648427,0.189486,10,3.34667,0.0705002,3.06314
303,0.812386,0.214685,10,3.68,0.0634559,2.67798
304,0.757356,0.197425,9,3.58667,0.0662934,2.92911
305,0.682387,0.195797,9,3.41333,0.0681969,2.80378
306,0.853361,0.225626,10,3.95333,0.0669086,2.70725
307,0.670008,0.211946,9,3.81333,0.0674691,2.89293
308,0.602034,0.200484,9,3.52667,0.0707023,2.59558
309,0.732575,0.17315,10,3.36,0.0637925,2.47005
310,0.594013,0.138296,9,2.88667,0.0684892,2.75336
311,0.753169,0.191711,10,3.41333,0.0680822,2.61092
312,0.617442,0.184715,9,3.31333,0.0664831,2.71319
313,0.612806,0.190276,10,3.82,0.0709782,2.81815
314,0.683638,0.171032,10,3.02,0.0730473,2.69239
315,0.790677,0.219959,10,3.71333,0.0725309,2.27622
316,0.627786,0.175648,10,3.26,0.0684959,2.82448
317,0.674913,0.150431,10,2.82,0.0675986,2.77807
318,0.640901,0.159832,10,3.08,0.0692078,2.92977
319,0.746691,0.18762,10,3.23333,0.0685071,2.98288
320,0.803619,0.183568,10,3.47333,0.0688502,2.73429
321,0.743704,0.218442,10,3.79333,0.0705024,2.61214
322,0.811923,0.192532,10,3.77333,0.0691582,2.77952
323,0.623793,0.153283,10,3.12,0.0673599,3.35511
324,0.805082,0.218435,10,3.72667,0.0664256,2.7616
325,0.789222,0.226981,10,3.7,0.0694095,2.58774
326,0.640633,0.169333,10,3.01333,0.0654906,3.01754
327,0.85704,0.239175,10,4.08,0.0657641,2.62007
328,0.740718,0.247906,10,4.07333,0.0692238,2.91313
329,0.62788,0.187343,10,3.07333,0.0739743,2.98608
330,0.63195,0.177097,10,3.30667,0.0661967,2.72328
331,0.861952,0.262493,10,4.32,0.0727043,2.25561
332,0.592257,0.180631,9,2.98,0.0677869,2.6772
333,0.814105,0.270034,10,4.71333,0.0667884,2.50759
334,0.856161,0.245135,10,4.05333,0.0688001,2.53143
335,0.723482,0.236449,10,4.19333,0.0689902,2.56809
336,0.80285,0.235519,10,3.85333,0.0689757,2.60093
337,0.67746,0.236703,9,3.90667,0.06884,2.45347
338,0.779579,0.210369,10,3.46,0.0703959,2.84398
339,0.68366,0.194564,9,3.26,0.0743792,2.57881
340,0.708324,0.21394,10,3.68667,0.0634348,2.52037
341,0.681389,0.192555,10,3.32,0.0711928,2.66898
342,0.78405,0.261121,10,4.28667,0.0710611,2.55412
343,0.737916,0.202117,10,3.89333,0.0669452,2.47388
344,0.784529,0.257838,10,4.12,0.0689535,2.55792
345,0.674239,0.196474,9,3.15333,0.0661055,2.49465
346,0.682398,0.22474,9,3.57333,0.0668214,2.48046
347,0.753204,0.22923,9,3.72667,0.0705502,2.44208
348,0.733189,0.24766,10,3.98,0.0653911,2.36544
349,0.735238,0.256882,9,4.12667,0.070731,2.63435
350,0.753079,0.213468,10,3.47333,0.0680377,2.56206
351,0.61714,0.163141,9,2.96,0.0683815,2.54016
352,0.768208,0.229864,10,3.92667,0.0688915,2.76168
353,0.781576,0.195276,10,3.54667,0.0696229,2.70377
354,0.781895,0.256795,10,4.1,0.0695638,2.76185
355,0.796753,0.221423,10,3.89333,0.0663148,2.54283
356,0.637211,0.168372,10,2.81333,0.0680271,2.83814
357,0.819586,0.242749,10,3.99333,0.0676814,2.36646
358,0.76369,0.232622,9,3.86,0.0660156,2.55321
359,0.879041,0.254212,10,4.26,0.0671719,2.56199
360,0.65871,0.210753,9,3.34,0.0691593,2.70851
361,0.621515,0.161853,10,2.97333,0.0651902,3.02062
362,0.88419,0.256665,10,4.14,0.0702761,2.55486
363,0.719825,0.245966,9,3.86,0.0668814,2.5268
364,0.825623,0.253839,10,4.11333,0.0722831,2.64487
365,0.778877,0.250868,10,4.19333,0.0728629,2.70603
366,0.597074,0.183878,9,3.29333,0.0688961,3.24224
367,0.773383,0.239477,10,3.94667,0.0665737,2.62328
368,0.723046,0.196,9,3.46667,0.0684058,2.85388
369,0.725457,0.247501,10,4,0.0681844,2.49636
370,0.763592,0.27818,10,4.47333,0.0681686,2.89104
371,0.854778,0.351811,10,5.55333,0.0701952,2.36449
372,0.808056,0.247794,9,3.77333,0.066418,2.73497
373,0.752017,0.235681,10,4.00667,0.0666985,2.66263
374,0.660588,0.240333,9,3.72667,0.0669746,2.72295
375,0.857747,0.289712,10,4.6,0.068242,2.62291
376,0.714595,0.246246,9,3.62667,0.0667646,2.51832
377,0.854106,0.26789,10,4.11333,0.0665823,2.37513
378,0.641091,0.239733,9,3.54667,0.0656853,2.65992
379,0.867857,0.288034,10,4.31333,0.0695064,2.73723
380,0.593681,0.207239,8,3.32,0.0666509,2.89884
381,0.842657,0.290353,10,4.14,0.0706922,2.52439
382,0.723855,0.256391,9,3.99333,0.0747483,2.92511
383,0.753719,0.251542,10,4.05333,0.0680358,2.73625
384,0.820743,0.265232,10,4.22,0.0677763,2.76716
385,0.828775,0.26205,10,4.06,0.0718095,2.61626
386,0.843497,0.290104,10,4.16667,0.0693127,2.44269
387,0.672201,0.182023,9,2.84,0.0678806,2.59178
388,0.625755,0.224363,9,3.38,0.0718948,2.6482
389,0.739601,0.268804,10,4.01333,0.0691729,2.5385
390,0.63948,0.202492,9,3,0.0641715,2.45314
391,0.8051,0.248275,10,3.68,0.0644792,2.48713
392,0.803789,0.263492,10,3.79333,0.0728998,2.38672
393,0.785809,0.271425,10,4.14667,0.0701618,2.4556
394,0.855245,0.260621,10,3.92667,0.068521,2.40709
395,0.867336,0.285261,10,4.29333,0.0682831,2.03014
396,0.73897,0.250157,10,3.61333,0.0652303,2.41304
397,0.84995,0.355192,10,5.12667,0.068754,2.23025
398,0.723333,0.237106,10,3.56667,0.0678516,2.62305
399,0.755058,0.28291,9,4.2,0.0692778,2.62293
400,0.706486,0.253848,10,3.77333,0.0693417,2.53591
401,0.801294,0.276647,10,4.16,0.0675978,2.63725
402,0.772357,0.277227,10,4.38,0.0673149,2.63725
403,0.729878,0.272474,9,4.18,0.0717794,2.56797
404,0.747596,0.235772,9,3.68667,0.0751285,2.76844
405,0.694485,0.222202,9,3.62,0.066391,2.66665
406,0.691922,0.236386,9,3.54667,0.0648179,2.36724
407,0.782737,0.254893,10,4.08,0.0873723,2.73857
408,0.745736,0.24293,10,3.96667,0.0672969,2.52894
409,0.610721,0.192226,9,2.98667,0.0679224,2.82879
410,0.768555,0.266178,10,3.91333,0.0775375,2.74843
411,0.754459,0.237732,10,3.79333,0.0666636,2.83709
412,0.81629,0.285989,10,4.23333,0.0660424,2.49455
413,0.790847,0.243934,9,3.78667,0.0667522,2.45494
414,0.700625,0.191715,9,3.13333,0.0682076,2.66677
415,0.707836,0.25203,10,4.06667,0.067115,2.65272
416,0.695281,0.257252,9,4.06667,0.0679102,2.55356
417,0.758919,0.308221,10,4.68,0.068854,2.35619
418,0.758638,0.231094,10,3.70667,0.070003,2.79489
419,0.855189,0.286531,10,4.36667,0.0709949,2.50044
420,0.808951,0.220536,10,3.72,0.0696819,2.98746
421,0.712952,0.20228,9,3.44,0.0656509,2.53535
422,0.684311,0.171788,9,3.17333,0.0645563,2.45892
423,0.661403,0.16951,10,2.86667,0.0654468,2.81167
424,0.715328,0.170408,10,3.11333,0.0693179,3.00291
425,0.767858,0.213388,10,3.56667,0.0680829,2.57178
426,0.74271,0.176149,10,3.15333,0.0636435,2.52554
427,0.621757,0.147615,8,2.66,0.0707777,2.70939
428,0.715885,0.171406,10,2.97333,0.0668722,2.46904
429,0.686089,0.13958,10,2.74667,0.0686227,2.56989
430,0.621916,0.169939,9,3.22667,0.0667741,2.39982
431,0.71136,0.17536,10,3.20667,0.068078,2.41378
432,0.733545,0.227125,10,4.08667,0.0709982,2.70634
433,0.660923,0.165297,10,3,0.0659851,2.60828
434,0.723896,0.21232,10,3.58667,0.0699542,2.63948
435,0.798665,0.259439,10,4.2,0.0728778,2.67022
436,0.669431,0.187191,9,3.36667,0.0706465,2.8807
437,0.806216,0.139957,10,2.62667,0.0685075,2.72388
438,0.685142,0.137889,10,2.79333,0.0670289,2.7848
439,0.751933,0.192477,10,3.47333,0.0658744,2.79878
440,0.699816,0.14285,10,2.8,0.0680043,2.79244
441,0.805624,0.183945,10,3.31333,0.0687137,2.45888
442,0.558418,0.137448,9,2.84,0.0668072,2.67525
443,0.663726,0.205748,10,3.92667,0.0722325,2.72657
444,0.686089,0.213233,9,3.86667,0.0692045,2.79973
445,0.736064,0.115858,10,2.66667,0.0649297,2.73766
446,0.729377,0.194813,10,3.57333,0.0668214,2.82801
447,0.800505,0.150331,10,3.02667,0.0643004,2.68686
448,0.692038,0.180061,10,3.43333,0.0680156,2.78955
449,0.745083,0.18122,10,3.43333,0.0720891,2.50413
450,0.7071,0.163872,10,3.33333,0.0640116,2.78414
451,0.739808,0.168594,10,3.34667,0.0737069,2.63274
452,0.713528,0.157274,9,2.76667,0.0635592,2.55837
453,0.758266,0.175595,10,3.24,0.0673991,2.41975
454,0.780535,0.184227,10,3.42667,0.0675557,2.4492
455,0.779804,0.220589,10,4.14,0.0679453,2.47883
456,0.766205,0.208258,10,3.66667,0.0682197,2.40707
457,0.734059,0.188748,10,3.36,0.0643349,2.59797
458,0.714234,0.209092,9,3.52,0.0712537,2.63311
459,0.765212,0.214858,10,3.81333,0.067457,2.38455
460,0.845706,0.264215,10,4.44,0.0718939,2.49442
461,0.734026,0.231203,10,4,0.0677139,2.69851
462,0.744706,0.250433,10,4.54,0.0692059,2.53486
463,0.537639,0.135879,9,2.78667,0.0667733,2.69696
464,0.628468,0.185955,10,3.26,0.0684047,2.62269
465,0.660465,0.153354,9,2.98,0.0650318,2.69759
466,0.756113,0.244329,10,4.04667,0.0690376,2.54168
467,0.672258,0.183505,10,3.52,0.0646149,2.61492
468,0.726953,0.219382,9,3.92667,0.0699492,2.61852
469,0.575412,0.172945,9,3.03333,0.0689059,2.6424
470,0.756971,0.1835,10,3.44,0.0673725,2.58127
471,0.741033,0.20584,10,3.68667,0.0721298,2.8011
472,0.702222,0.192547,10,3.39333,0.0683559,2.907
473,0.55813,0.132113,8,2.54667,0.0656602,2.67923
474,0.686232,0.166334,9,3.16667,0.0651878,2.5345
475,0.799446,0.278982,10,4.60667,0.0696533,2.51011
476,0.679084,0.211263,9,3.9,0.0734602,2.85702
477,0.64824,0.171728,9,2.83333,0.0660082,2.68665
478,0.606086,0.182331,9,2.98667,0.0687582,2.77704
479,0.688626,0.227988,10,4,0.0694215,2.70096
480,0.752108,0.201709,10,3.26667,0.0686268,2.43675
481,0.775999,0.173397,9,2.92667,0.0674368,2.59022
482,0.73523,0.193843,10,3.52,0.0687093,2.6494
483,0.78415,0.197601,10,3.38667,0.0693563,2.29042
484,0.594751,0.147222,8,2.76,0.0651922,2.6921
485,0.724569,0.174395,10,3.44667,0.0683105,2.65168
486,0.806553,0.178399,10,3.35333,0.0695532,2.38992
487,0.708542,0.118961,10,2.27333,0.0691678,2.34689
488,0.674514,0.122716,9,2.53333,0.0673691,2.32283
489,0.701561,0.181237,9,3.52,0.0733197,3.03686
490,0.762418,0.139119,10,2.33333,0.0673718,2.50659
491,0.627088,0.152439,10,2.48,0.0647467,2.65308
492,0.721346,0.159457,10,2.89333,0.0688603,2.75261
493,0.506131,0.143588,10,2.80667,0.068395,2.71947
494,0.764335,0.197983,10,3.26667,0.0706775,2.25399
495,0.707256,0.172589,10,3.18667,0.0660444,2.77994
496,0.726518,0.17663,10,2.97333,0.0709814,2.50873
497,0.699193,0.179456,10,3.16667,0.0710079,2.43441
498,0.813922,0.234109,10,3.91333,0.0683294,2.57474
499,0.699094,0.142554,8,2.5,0.0653168,2.61156
500,0.658674,0.163682,10,3.24,0.0695244,3.00389
501,0.708257,0.168583,10,3.3,0.0699629,2.72926
502,0.733686,0.180569,10,3.18667,0.0652812,2.7186
503,0.637164,0.20645,10,3.68,0.0668124,2.81577
504,0.615397,0.15719,9,3.16,0.0685561,3.27753
505,0.700069,0.184202,10,3.48,0.0686103,2.56309
506,0.537904,0.126338,9,2.41333,0.0687112,2.90127
507,0.793043,0.177076,10,3.30667,0.0694891,2.65983
508,0.569981,0.133291,9,2.66667,0.0689857,3.30262
509,0.749999,0.152239,10,3,0.0713875,2.87172
510,0.631606,0.152907,9,2.76,0.0672288,2.70565
511,0.5876,0.130175,9,2.56667,0.0675698,2.83391
512,0.726197,0.211122,10,3.48667,0.0674166,2.55889
513,0.735882,0.185565,10,3.18667,0.0674221,2.71764
514,0.690352,0.171027,10,3.15333,0.0673318,2.85963
515,0.623196,0.182338,9,3.16667,0.0681848,2.80061
516,0.435898,0.101827,8,2.12,0.0657515,3.30324
517,0.71768,0.209883,10,3.9,0.0730263,2.74317
518,0.685424,0.190511,9,3.09333,0.0640304,2.64724
519,0.500487,0.14541,8,2.55333,0.0664052,3.05528
520,0.681186,0.217097,10,3.62667,0.0648337,2.8716
521,0.723401,0.182628,10,3.12,0.0667406,2.87548
522,0.728499,0.221834,10,3.51333,0.0677346,2.72634
523,0.708843,0.205727,10,3.46,0.0688209,2.87385
524,0.786227,0.189302,10,3.27333,0.068149,2.78192
525,0.659014,0.174099,10,3.18667,0.0707515,2.8752
526,0.717075,0.213983,10,3.54,0.0656961,2.55452
527,0.675658,0.194245,10,3.35333,0.0684865,2.77612
528,0.618254,0.176087,9,3.08667,0.0646762,2.61961
529,0.708673,0.179275,10,3.38,0.0631035,2.532
530,0.745562,0.247195,10,3.77333,0.0677104,2.37994
531,0.611857,0.155385,9,2.97333,0.0692013,2.80712
532,0.745894,0.182767,10,3.29333,0.0681208,2.97601
533,0.613559,0.18251,9,3.20667,0.0674386,2.7477
534,0.808004,0.26747,10,4.35333,0.0695932,2.457
535,0.67074,0.19273,10,3.58,0.0729144,2.93789
536,0.571211,0.176648,9,3.1,0.0674469,2.91051
537,0.643696,0.192909,9,3.22,0.0690305,2.82658
538,0.582557,0.13049,9,2.39333,0.0694986,2.87007
539,0.745902,0.194921,10,3.24,0.0671938,2.4255
540,0.541166,0.107389,9,2.04,0.0660938,2.71627
541,0.651731,0.188478,10,3.54667,0.0738479,2.6979
542,0.690637,0.217948,10,3.91333,0.0690199,2.71089
543,0.644087,0.1729,10,2.98,0.0672787,2.7064
544,0.688057,0.174195,10,3.27333,0.0666239,2.85626
545,0.774575,0.197367,10,3.24667,0.071823,2.66417
546,0.676445,0.185281,10,3.37333,0.0704287,3.1568
547,0.690426,0.185275,10,3.55333,0.0687065,3.09213
548,0.635607,0.188465,10,3.74,0.0709239,2.81422
549,0.715461,0.189323,10,3.38667,0.0714919,2.53881
550,0.64818,0.174877,9,3.52667,0.0698733,2.99534
551,0.769154,0.21399,10,3.76667,0.0730445,2.51778
552,0.706398,0.208039,10,3.71333,0.0675821,2.62038
553,0.622472,0.166562,10,3.26667,0.0698827,2.75774
554,0.658948,0.192003,10,3.4,0.0691365,2.5541
555,0.707422,0.214242,10,4,0.0679519,2.48546
556,0.71811,0.1805,10,3.29333,0.0710337,2.66847
557,0.817772,0.218507,10,4.07333,0.0694351,2.37375
558,0.703395,0.211398,10,3.38667,0.0673674,2.62262
559,0.683902,0.197961,10,3.61333,0.0703262,2.7428
560,0.648769,0.196124,10,3.58,0.0696262,2.68063
561,0.682997,0.224183,9,3.78667,0.0694413,2.7684
562,0.79973,0.251618,10,4.03333,0.0713927,2.61413
563,0.680893,0.190058,9,3.36,0.0660447,2.38474
564,0.587881,0.159836,9,2.98667,0.0675311,2.45966
565,0.672061,0.178028,10,3.35333,0.063598,2.3437
566,0.800464,0.184093,10,3.54,0.0688694,2.75771
567,0.637857,0.147339,10,3.15333,0.0681189,2.56292
568,0.678207,0.135429,9,2.69333,0.0679312,2.59921
569,0.603758,0.134651,9,2.89333,0.0706305,2.78135
570,0.787563,0.235473,10,4.15333,0.0701166,2.41607
571,0.565449,0.158514,10,3.13333,0.066362,2.76947
572,0.570417,0.149632,9,3.27333,0.0692001,2.76182
573,0.688571,0.206805,10,4.06,0.0685035,2.63116
574,0.664258,0.174846,10,3.59333,0.0664838,2.61973
575,0.699638,0.212033,10,3.93333,0.0685534,2.56869
576,0.64294,0.171387,10,3.48667,0.0662081,2.54458
577,0.685181,0.175472,10,3.88,0.0693078,2.67192
578,0.705326,0.207994,10,3.91333,0.0717022,2.5434
579,0.669767,0.134029,10,2.84,0.0709429,2.62853
580,0.748706,0.165285,10,3.21333,0.0701303,2.72939
581,0.741876,0.179575,10,3.26,0.0654501,2.47174
582,0.733378,0.14969,10,3.15333,0.0673267,2.65157
583,0.603691,0.165503,9,2.9,0.0686172,2.70463
584,0.777908,0.273814,10,4.63333,0.0674902,2.24539
585,0.59904,0.219152,10,4,0.0724177,2.83776
586,0.710348,0.226679,10,4.19333,0.0673198,2.44979
587,0.761658,0.209442,10,3.48,0.0701006,2.66934
588,0.622296,0.170993,9,3.15333,0.0658838,2.42782
589,0.602535,0.157435,9,3.07333,0.0676487,2.60263
590,0.718321,0.227404,10,4.12667,0.0678958,2.4672
591,0.659659,0.199728,9,3.74,0.065141,2.43252
592,0.579444,0.174248,9,3.29333,0.0713144,2.85323
593,0.653558,0.187943,9,3.51333,0.0675675,2.79745
594,0.432131,0.113146,7,2.33333,0.06773,3.03079
595,0.649507,0.193084,9,3.65333,0.0702248,2.88679
596,0.656297,0.224536,9,3.86,0.0697287,2.56383
597,0.598759,0.187809,9,3.19333,0.0689548,2.73098
598,0.785593,0.236097,10,4.21333,0.0764943,2.26776
599,0.580876,0.175489,8,3.11333,0.0669533,2.8044
600,0.592768,0.16161,9,3.06,0.0669416,2.58107
601,0.671244,0.219005,10,3.88667,0.0668603,2.46012
602,0.657197,0.216516,9,3.74,0.0975306,2.76713
603,0.749358,0.262944,10,4.34,0.0724115,2.52794
604,0.710441,0.203577,10,3.68,0.0685471,2.30395
605,0.666004,0.21187,10,3.74667,0.0661944,2.32253
606,0.618271,0.206914,10,3.78667,0.0692365,2.465
607,0.774624,0.23509,10,4.1,0.0703801,2.33131
608,0.595098,0.159839,10,2.87333,0.0660507,2.64469
609,0.69332,0.209286,10,3.66667,0.0671338,2.50514
610,0.805523,0.222561,10,3.88667,0.0674649,2.67704
611,0.707165,0.210357,10,3.62667,0.071494,2.76716
612,0.590737,0.217754,10,4.14,0.0709489,3.19418
613,0.687935,0.241733,10,3.90667,0.0676102,2.51881
614,0.558137,0.193205,9,3.92667,0.0649859,2.6815
615,0.790508,0.271179,10,4.44,0.0706561,2.70074
616,0.694158,0.24407,9,4,0.0681281,2.6952
617,0.738779,0.223244,10,4.03333,0.0683397,2.3754
618,0.637394,0.145875,9,2.72,0.0684309,2.89161
619,0.634495,0.169578,9,2.96667,0.0674162,2.57264
620,0.685095,0.211181,10,3.99333,0.0723562,2.60994
621,0.725017,0.180935,10,2.99333,0.0689505,2.62924
622,0.785269,0.248506,10,4.08,0.0691012,2.38563
623,0.551768,0.167558,9,3.38,0.0680462,2.80265
624,0.730211,0.191256,10,3.3,0.0668498,2.41229
625,0.744483,0.231401,10,3.93333,0.0705169,2.48757
626,0.771865,0.30112,10,4.95333,0.0726436,2.56012
627,0.750417,0.245751,10,4.02667,0.066162,2.59847
628,0.627455,0.196422,10,3.57333,0.0669217,2.66821
629,0.719095,0.250738,10,4.3,0.0711792,2.34431
630,0.696346,0.175007,10,3.22667,0.0696374,2.46651
631,0.688589,0.182268,10,3.28,0.0695712,2.72425
632,0.751309,0.191941,10,3.64,0.0674833,2.55463
633,0.678835,0.216089,10,3.73333,0.0690334,2.54333
634,0.573238,0.143718,9,2.62667,0.0698778,2.738
635,0.739552,0.222278,10,3.68667,0.0697516,2.692
636,0.686375,0.219218,9,3.66667,0.0694437,2.46097
637,0.648032,0.171225,9,2.82667,0.0638042,2.38655
638,0.615863,0.159403,9,2.73333,0.0682266,2.3803
639,0.703577,0.173505,9,2.69333,0.0662342,2.37457
640,0.579192,0.133047,9,2.63333,0.0686023,2.84035
641,0.617318,0.162322,10,3.26,0.0661599,2.52361
642,0.688562,0.204132,10,3.59333,0.0670064,2.40666
643,0.585809,0.154046,10,2.87333,0.069271,2.51499
644,0.633828,0.159673,10,2.70667,0.0689411,2.61677
645,0.620771,0.183576,10,3.30667,0.0727188,2.4931
646,0.662319,0.191169,10,3.16,0.0662986,2.41627
647,0.754507,0.172129,9,2.75333,0.066861,2.40397
648,0.726235,0.203945,10,3.64,0.0713137,2.57566
649,0.658332,0.155166,9,2.91333,0.0680833,2.46949
650,0.673347,0.17858,9,3.03333,0.0678071,2.50611
651,0.630547,0.159538,10,2.86667,0.0698309,2.52608
652,0.61417,0.126303,9,2.23333,0.0707077,2.54031
653,0.676998,0.157391,10,2.86,0.0697427,2.34369
654,0.634168,0.164354,10,2.78667,0.0693208,2.79271
655,0.725344,0.199338,10,3.24667,0.071109,2.74449
656,0.715492,0.203335,10,3.41333,0.0702621,2.52875
657,0.598339,0.147627,9,2.93333,0.0679768,2.63098
658,0.621048,0.15793,10,2.72,0.0642624,2.42664
659,0.689742,0.24962,10,3.86667,0.0696035,2.44815
660,0.559892,0.163576,8,2.94667,0.0664785,2.61202
661,0.701539,0.240662,10,3.9,0.0717964,2.37449
662,0.701294,0.194742,10,3.11333,0.0641485,2.22849
663,0.613573,0.150535,10,2.70667,0.0672103,2.76664
664,0.704332,0.226456,10,3.56,0.0669404,2.39182
665,0.695015,0.202309,10,3.32667,0.069237,2.42247
666,0.808367,0.237245,10,3.64,0.0648994,2.30801
667,0.805785,0.247075,10,4.33333,0.0690267,2.43798
668,0.72786,0.229029,10,3.61333,0.0697222,2.35093
669,0.56323,0.155959,9,2.92,0.0659047,2.75091
670,0.624849,0.137489,9,2.86,0.0698542,2.56066
671,0.515869,0.159667,8,2.7,0.0698186,2.38789
672,0.681235,0.191564,10,3.13333,0.0674729,2.34081
673,0.591025,0.152748,8,2.82,0.0706822,2.6948
674,0.602728,0.125952,9,2.40667,0.0652406,2.73511
675,0.72582,0.206404,9,3.52,0.067317,2.48089
676,0.700076,0.191362,10,3.50667,0.0699833,2.47921
677,0.700905,0.202995,10,3.93333,0.0726577,2.539
678,0.697705,0.21123,10,3.48667,0.070585,2.16118
679,0.678315,0.198493,10,3.63333,0.0688757,2.7467
680,0.679766,0.217009,10,3.68,0.0718168,2.59823
681,0.710308,0.196273,9,3.30667,0.0719659,2.96295
682,0.537296,0.152113,10,2.66,0.0681383,2.81117
683,0.638638,0.214627,9,3.56,0.0664867,2.34843
684,0.755836,0.253146,10,4.22667,0.0673089,2.22607
685,0.649894,0.201053,9,3.40667,0.068251,2.53714
686,0.847557,0.247443,10,3.98667,0.0696102,2.35423
687,0.668133,0.192699,9,3.37333,0.069477,2.40842
688,0.626975,0.215228,10,3.56667,0.0899909,2.54341
689,0.721743,0.201083,10,3.57333,0.0672872,2.5529
690,0.845458,0.30359,10,4.97333,0.0664826,2.1675
691,0.70626,0.167176,10,3.36,0.0672401,2.47816
692,0.600837,0.18097,9,3.22,0.0705743,2.73342
693,0.640579,0.180767,9,3.58667,0.126268,2.64773
694,0.517186,0.153018,10,3.18,0.0646458,2.4773
695,0.835961,0.23146,10,4.02,0.0697184,2.32189
696,0.755893,0.236007,9,3.67333,0.0671135,2.44278
697,0.606219,0.125765,8,2.20667,0.0630285,2.74526
698,0.45363,0.118515,9,2.42,0.0650577,2.87874
699,0.744331,0.170327,10,3.4,0.0664624,2.50647
700,0.695409,0.195196,9,3.38,0.0662322,2.64054
701,0.809175,0.255188,10,4.62,0.0632382,2.48748
702,0.66535,0.232771,9,4.44667,0.0680197,2.78735
703,0.662302,0.199293,9,3.88,0.0697631,3.00165
704,0.687501,0.192123,10,4.13333,0.0735333,2.70306
705,0.778097,0.23337,10,4.3,0.0763981,2.7289
706,0.784588,0.256846,10,4.13333,0.0700683,2.36775
707,0.641829,0.210469,10,3.86667,0.0710888,2.67284
708,0.70812,0.166494,9,3.43333,0.0692217,2.82388
709,0.628839,0.187573,9,3.49333,0.0689722,2.75477
710,0.735287,0.241768,10,4.49333,0.0698416,2.61151
711,0.633552,0.213044,10,3.94667,0.0656601,2.54714
712,0.6561,0.180312,10,3.29333,0.070936,2.87145
713,0.615614,0.15081,9,3.33333,0.0720401,2.96004
714,0.477474,0.124103,7,2.46667,0.0774766,3.09387
715,0.638574,0.166231,9,3.27333,0.0707678,2.88519
716,0.663037,0.211887,10,3.74,0.069754,2.84704
717,0.702025,0.169261,10,3.32,0.0681688,2.86642
718,0.806029,0.214631,10,3.64,0.0650892,2.42698
719,0.649693,0.209986,10,3.8,0.0719876,3.01207
720,0.665623,0.18385,10,3.37333,0.0698397,2.7541
721,0.799069,0.223387,10,3.71333,0.0707666,2.64864
722,0.761561,0.222136,10,3.9,0.0664544,2.27045
723,0.58245,0.159079,8,3.03333,0.0671993,2.67148
724,0.737999,0.222644,10,4.09333,0.0703442,2.61355
725,0.732719,0.192555,10,3.65333,0.0686858,2.59403
726,0.729196,0.257202,10,4.26667,0.0707325,2.47017
727,0.763383,0.229575,10,4.24,0.105189,2.74663
728,0.62854,0.1574,9,2.88667,0.0660181,2.57108
729,0.593472,0.139176,9,2.85333,0.0674161,2.93177
730,0.643689,0.176016,9,3.20667,0.069481,2.69976
731,0.758847,0.26103,10,4.43333,0.0698493,2.48733
732,0.756711,0.228873,10,3.78,0.0663391,2.60211
733,0.682088,0.223188,10,3.74,0.0663593,2.49272
734,0.592271,0.187255,9,3.36667,0.0655972,2.55777
735,0.703738,0.186471,10,3.39333,0.0719104,2.69108
736,0.654525,0.176286,10,3.34667,0.0658912,2.62284
737,0.738091,0.236296,9,3.82667,0.131864,2.47265
738,0.753067,0.253022,10,4.4,0.0643195,2.27552
739,0.702945,0.207482,10,3.7,0.0682981,2.37977
740,0.715214,0.196718,10,3.49333,0.0674017,2.49535
741,0.764598,0.203819,10,3.42667,0.0703671,2.37887
742,0.79051,0.242166,10,4.14667,0.0720466,2.37451
743,0.608232,0.152224,9,2.86,0.0709236,2.48192
744,0.610465,0.159302,10,2.86,0.0675786,2.61957
745,0.721988,0.170702,10,3.22,0.0656748,2.56717
746,0.738811,0.223474,10,4.16667,0.0709849,2.66396
747,0.815446,0.27265,10,4.68667,0.070725,2.47785
748,0.685403,0.20739,10,4,0.0682552,2.55659
749,0.619797,0.202931,10,3.42667,0.0645865,2.37862
750,0.607061,0.185254,10,3.66,0.0691278,2.57901
751,0.795808,0.144279,10,2.80667,0.0666993,2.58672
752,0.755376,0.245379,10,4.12,0.0705581,2.29846
753,0.763727,0.240288,10,4.08,0.0695781,2.18985
754,0.670279,0.20286,9,3.49333,0.0659964,2.59449
755,0.562059,0.218758,9,3.52,0.0682733,2.54224
756,0.76415,0.212596,10,3.70667,0.0691928,2.45928
757,0.581948,0.178445,10,3.54,0.0687836,3.04189
758,0.832533,0.221813,10,4.00667,0.0666929,2.43282
759,0.756231,0.248554,10,4.25333,0.0700729,2.4817
760,0.682715,0.226286,10,4.43333,0.0673107,2.70778
761,0.684619,0.246373,10,4.16667,0.0678769,2.54424
762,0.746343,0.235593,10,3.88,0.0691455,2.44367
763,0.601551,0.24513,9,4.42,0.0669426,2.66333
764,0.78788,0.210675,9,3.85333,0.0680897,2.79733
765,0.627482,0.170297,9,3.4,0.0675647,2.80367
766,0.640249,0.197732,10,3.85333,0.0658987,2.65083
767,0.620912,0.193066,10,3.74,0.0669559,2.61361
768,0.688983,0.195544,10,3.72,0.0703914,2.49894
769,0.69293,0.222072,10,3.87333,0.0685846,2.30961
770,0.595955,0.137287,10,2.87333,0.0703919,2.84411
771,0.696747,0.172319,10,3.44,0.0647848,2.79264
772,0.561745,0.135478,9,2.66667,0.0660091,3.06057
773,0.664367,0.219479,9,3.93333,0.0664644,2.43438
774,0.728619,0.192133,10,3.46667,0.0658567,2.51087
775,0.608478,0.198057,9,3.55333,0.0649242,2.7519
776,0.768376,0.203999,10,3.64667,0.0688947,2.66095
777,0.735384,0.222733,10,4.06,0.067216,2.71532
778,0.721995,0.195231,10,3.63333,0.0691029,2.54645
779,0.70494,0.206748,10,3.54667,0.0668807,2.51691
780,0.655343,0.209533,10,4.10667,0.066641,2.56624
781,0.765251,0.251948,10,4.03333,0.0714277,2.46736
782,0.642393,0.129513,9,2.68667,0.0652846,2.66726
783,0.664762,0.171932,10,3.46667,0.0680265,2.72054
784,0.784629,0.219064,10,4.16,0.0823549,2.62659
785,0.805755,0.286025,10,4.88667,0.493038,2.46814
786,0.728052,0.252787,10,4.38667,0.0668381,2.43732
787,0.695421,0.201972,10,3.68667,0.0682827,2.53382
788,0.744244,0.222055,10,3.71333,0.0697224,2.41633
789,0.710892,0.236763,10,3.97333,0.0691026,2.48526
790,0.743027,0.225033,10,3.93333,0.0689641,2.50408
791,0.800008,0.272058,10,4.54667,0.0676516,2.41907
792,0.523358,0.166614,9,2.99333,0.0640887,2.68936
793,0.579209,0.168886,9,3.04,0.0658649,2.65884
794,0.770366,0.203066,10,3.53333,0.0678763,2.48934
795,0.739946,0.278273,10,4.59333,0.0712073,2.34705
796,0.762828,0.288272,10,4.29333,0.0690441,2.29655
797,0.740261,0.264044,10,4.16,0.0652214,2.34053
798,0.628934,0.230981,8,3.60667,0.0649064,2.65198
799,0.713573,0.210316,10,3.74667,0.0720475,2.60825
800,0.704554,0.199428,9,3.28,0.0643905,2.373
801,0.681834,0.228568,10,3.71333,0.0661242,2.40042
802,0.552516,0.158577,10,2.7,0.064545,2.65741
803,0.624076,0.217561,10,3.74,0.0650951,2.46937
804,0.708642,0.285379,9,4.63333,0.0673494,2.70866
805,0.580815,0.195037,9,3.41333,0.0670503,2.77104
806,0.755443,0.276357,10,4.48,0.068829,2.52929
807,0.593831,0.20229,9,3.48667,0.0675597,2.44775
808,0.808586,0.196483,10,3.74667,0.0702638,2.54268
809,0.742407,0.245164,10,4.12,0.0685802,2.50909
810,0.795274,0.295802,10,5.08,0.0685287,2.35938
811,0.634733,0.284837,9,4.54,0.0698061,2.41451
812,0.677192,0.252967,10,4.20667,0.0689922,2.40785
813,0.695028,0.264432,9,3.96,0.0671605,2.31045
814,0.734774,0.27593,10,4.62667,0.0690177,2.3397
815,0.600749,0.202093,9,3.41333,0.0641164,2.55649
816,0.600202,0.19645,8,3.35333,0.0674771,2.40368
817,0.69271,0.237507,10,3.96,0.0697345,2.70198
818,0.855873,0.32737,10,5.06,0.073648,2.16216
819,0.552616,0.147306,9,2.69333,0.0676291,3.07117
820,0.538854,0.1744,9,3.33333,0.065044,2.73063
821,0.788706,0.210586,10,3.9,0.0700804,2.3369
822,0.718603,0.233459,10,4.04667,0.0699966,2.54159
823,0.74563,0.26256,10,4.69333,0.0683645,2.23701
824,0.816524,0.262465,10,4.32667,0.0681945,2.37091
825,0.732257,0.253092,10,4.4,0.0707799,2.39482
826,0.721775,0.207642,10,3.88,0.0662635,2.31113
827,0.828894,0.285016,10,4.59333,0.0725767,2.45305
828,0.626893,0.218625,9,3.55333,0.0691116,2.44842
829,0.714317,0.242241,10,4.14,0.0702265,2.38863
830,0.742328,0.211953,10,3.66667,0.0670319,2.29036
831,0.75531,0.224233,10,3.94667,0.0643535,2.41975
832,0.748127,0.228922,10,3.85333,0.0657795,2.33021
833,0.616999,0.223115,10,4.03333,0.0689927,2.4105
834,0.794059,0.270181,10,4.46667,0.0672012,2.36746
835,0.826612,0.267951,10,4.51333,0.0685977,2.28405
836,0.669577,0.192837,10,3.27333,0.0691043,2.32683
837,0.735992,0.245595,9,3.86,0.0628118,2.14341
838,0.839162,0.29056,10,4.56,0.0712821,2.37795
839,0.688341,0.227441,9,3.8,0.0692318,2.65799
840,0.734852,0.244365,10,3.92,0.0672198,2.27726
841,0.730423,0.202025,10,3.5,0.0673723,2.46703
842,0.635498,0.182887,10,3.48667,0.0694128,2.68891
843,0.63539,0.203733,10,3.62667,0.0670849,2.68344
844,0.705695,0.227273,9,3.91333,0.0698328,2.68476
845,0.552218,0.150962,8,2.88,0.0641765,2.92389
846,0.693229,0.251992,10,4.46667,0.069831,2.88628
847,0.688164,0.21287,10,3.68667,0.0663348,2.55568
848,0.749442,0.242741,10,4.04667,0.0730471,2.5777
849,0.609628,0.186456,9,3.36,0.0702129,2.81819
850,0.808202,0.240196,10,4.00667,0.066835,2.23758
851,0.662171,0.212181,10,3.62667,0.0681792,2.45464
852,0.701968,0.206071,10,3.44,0.072002,2.57406
853,0.695375,0.227892,9,3.86,0.0688283,2.41001
854,0.721115,0.25078,10,3.94667,0.0667422,2.45712
855,0.61046,0.204408,9,3.65333,0.069437,2.72589
856,0.699321,0.224449,9,3.71333,0.07051,2.22961
857,0.7159,0.220256,10,3.78667,0.0719973,2.43786
858,0.736534,0.225029,9,3.69333,0.0660556,2.3036
859,0.770378,0.264135,10,4.44,0.0698777,2.58366
860,0.635124,0.223966,9,3.78,0.0644795,2.5677
861,0.768757,0.196425,10,3.52667,0.067937,2.66121
862,0.733159,0.222325,10,3.83333,0.0710575,2.09878
863,0.66158,0.188375,9,3.25333,0.0677204,2.88463
864,0.601346,0.198558,9,3.42667,0.0675159,2.48109
865,0.734893,0.255104,10,4.54667,0.0727408,2.53048
866,0.581044,0.133719,9,2.56,0.0672051,2.65378
867,0.745105,0.217106,10,3.87333,0.0678598,2.74831
868,0.737291,0.211466,10,3.36,0.0679438,2.21507
869,0.676255,0.195948,10,3.78,0.0714773,2.44484
870,0.700784,0.197312,10,3.43333,0.066622,2.22123
871,0.656307,0.181865,9,3.46,0.0664374,2.84211
872,0.580083,0.187153,9,3.39333,0.0670111,2.66169
873,0.86049,0.238077,10,4.27333,0.0710474,2.48631
874,0.629297,0.173944,9,3.08,0.0657151,2.38453
875,0.73951,0.186233,10,3.46,0.0691146,2.45298
876,0.612509,0.163478,9,3.3,0.0674293,2.55665
877,0.812042,0.21705,10,3.55333,0.0682105,2.29173
878,0.759067,0.249469,10,4.02667,0.0664359,2.5676
879,0.721977,0.238939,10,3.61333,0.0913228,2.42666
880,0.674543,0.232674,10,3.71333,0.0694516,2.60558
881,0.804073,0.186964,10,3.31333,0.0705054,2.59277
882,0.755282,0.290783,10,4.54667,0.0700913,2.41744
883,0.582048,0.148003,7,2.97333,0.0643477,2.26871
884,0.649075,0.188738,10,3.46667,0.0681392,2.49557
885,0.746809,0.261664,10,4.4,0.0690635,2.3585
886,0.659779,0.198113,9,3.2,0.0676982,2.48269
887,0.693035,0.196436,10,3.26,0.0664375,2.38839
888,0.800172,0.268442,10,4.30667,0.0719811,2.48941
889,0.55579,0.142747,9,2.76,0.0642301,2.78393
890,0.673234,0.212749,10,3.5,0.0744317,2.64657
891,0.710932,0.259058,10,4.12,0.0680469,2.3929
892,0.719933,0.205225,9,3.56,0.0681234,2.44993
893,0.715469,0.206431,10,3.26,0.0681351,2.47908
894,0.757253,0.262062,10,4.22,0.0680412,2.28442
895,0.725213,0.247969,9,4.18667,0.0722489,2.4617
896,0.732345,0.251642,10,4.33333,0.0725543,2.44122
897,0.682109,0.210935,9,3.44667,0.0668007,2.345
898,0.881445,0.235974,10,3.82667,0.0751173,2.59323
899,0.726146,0.234724,10,3.65333,0.0690264,2.38363
900,0.629492,0.211572,9,3.63333,0.0688711,2.88272
901,0.79525,0.277015,10,4.60667,0.066852,2.54994
902,0.760585,0.278573,10,4.65333,0.0693521,2.40749
903,0.666244,0.211239,9,3.48,0.0672235,2.43669
904,0.75401,0.245223,10,3.83333,0.0674246,2.29052
905,0.709841,0.247561,10,4.12667,0.0698403,2.52698
906,0.697731,0.256771,10,4.06,0.0702643,2.23363
907,0.67883,0.210993,9,3.30667,0.0667914,2.33279
908,0.669543,0.219653,9,3.62,0.0658317,2.61424
909,0.657763,0.187715,9,2.97333,0.0677001,2.3023
910,0.784255,0.243806,10,4.15333,0.0787378,2.4857
911,0.763712,0.271395,10,4.22667,0.0682087,2.10199
912,0.730185,0.251404,10,3.96,0.0744622,2.50355
913,0.688783,0.211168,9,3.41333,0.0657554,2.48443
914,0.818357,0.338522,10,5.30667,0.0722087,2.27754
915,0.789378,0.223186,10,3.62,0.0663605,2.18861
916,0.587152,0.181857,9,3.22667,0.0674102,2.43271
917,0.653289,0.211615,9,3.5,0.0694056,2.29281
918,0.803858,0.260668,10,4.12667,0.0705047,2.3367
919,0.771961,0.221683,10,3.62667,0.0678082,2.53418
920,0.709511,0.202449,10,3.58,0.0692329,2.4885
921,0.630679,0.185287,10,3.64,0.0682177,2.63853
922,0.651817,0.185587,9,3.43333,0.0674647,2.27715
923,0.611471,0.21349,9,3.36667,0.065211,2.49976
924,0.738212,0.226751,10,3.77333,0.068051,2.33557
925,0.744428,0.245724,10,3.92,0.0687025,2.35859
926,0.680354,0.202908,10,3.57333,0.0694967,2.42258
927,0.754024,0.260099,10,4.06667,0.0671285,2.34404
928,0.723101,0.229994,10,4.09333,0.0697554,2.53042
929,0.794687,0.261775,10,4.41333,0.0765447,2.50264
930,0.668939,0.19947,8,3.3,0.0713439,2.74176
931,0.731773,0.229561,10,3.82,0.0737624,2.39738
932,0.765955,0.286172,10,4.79333,0.071072,2.39831
933,0.888117,0.335875,10,5.16667,0.072107,2.13145
934,0.803626,0.278054,10,4.54,0.0697937,2.24117
935,0.798865,0.163494,10,2.94667,0.0681568,2.6691
936,0.739295,0.226888,9,3.44667,0.0638153,2.25466
937,0.764382,0.26405,10,4.1,0.0670351,2.23852
938,0.724966,0.220254,10,3.46667,0.0667532,2.23707
939,0.643699,0.232998,8,3.56667,0.0680917,2.5851
940,0.747487,0.254353,10,4.06667,0.0696953,2.55322
941,0.673246,0.205122,9,3.11333,0.0688662,2.46783
942,0.66361,0.191815,9,3.40667,0.0699992,2.36518
943,0.731459,0.201688,10,3.35333,0.0668399,2.33312
944,0.768755,0.233891,10,3.94667,0.0707718,2.53868
945,0.717985,0.188278,9,3.33333,0.0677897,2.49949
946,0.722535,0.245404,10,3.60667,0.0682047,2.3835
947,0.777396,0.240672,10,3.82,0.0704273,2.31527
948,0.739273,0.247256,10,3.89333,0.0719107,2.30075
949,0.783774,0.256554,10,3.80667,0.0680036,2.31447
950,0.742352,0.247153,10,3.99333,0.06827,2.39867
951,0.685339,0.243856,10,3.71333,0.0668694,2.49556
952,0.738959,0.262329,10,4.26,0.0698126,2.44648
953,0.768045,0.253217,10,3.85333,0.0668312,2.30762
954,0.739441,0.280006,10,4.32,0.06676,2.31328
955,0.716042,0.276285,10,4.09333,0.0705774,2.34081
956,0.554131,0.184327,8,2.84667,0.062999,2.40604
957,0.707231,0.250846,10,4.06,0.0673399,2.2855
958,0.720088,0.245608,10,3.66667,0.0668524,2.46378
959,0.725486,0.26616,10,4.04667,0.066891,2.31227
960,0.67395,0.215943,9,3.54667,0.0669627,2.20973
961,0.756646,0.206942,10,3.46,0.0653863,2.50259
962,0.831084,0.290524,10,4.58667,0.0677242,2.10004
963,0.760264,0.288248,10,4.54667,0.069789,2.29837
964,0.698635,0.242411,10,4.00667,0.0671273,2.49577
965,0.719131,0.26135,10,4.23333,0.0678978,2.47624
966,0.697525,0.256461,10,4.1,0.0683495,2.49596
967,0.791037,0.266666,10,4.15333,0.0677887,2.46878
968,0.731224,0.265297,10,4.35333,0.0684103,2.71486
969,0.743365,0.254844,10,4.04667,0.0674826,2.48421
970,0.637849,0.213354,10,3.95333,0.0689758,2.55421
971,0.716538,0.24275,10,3.85333,0.0669943,2.42124
972,0.669147,0.231224,10,3.98,0.0693858,2.66547
973,0.736145,0.294858,9,4.32,0.0681631,2.40194
974,0.713321,0.271781,10,4.32667,0.0688542,2.43932
975,0.801035,0.261439,10,4.14,0.0679019,2.33937
976,0.759382,0.284365,10,4.46667,0.0679067,2.26707
977,0.751251,0.278511,10,4.4,0.067636,2.41092
978,0.844284,0.33066,10,5.1,0.0684149,2.18322
979,0.746135,0.246805,10,4.16667,0.0691332,2.51481
980,0.748612,0.264908,10,4.50667,0.0673886,2.61324
981,0.71072,0.253948,10,4.25333,0.0770964,2.62693
982,0.76747,0.284987,10,4.50667,0.0715709,2.58242
983,0.785807,0.283929,10,4.52,0.0712327,2.43835
984,0.702828,0.259737,9,3.94667,0.0693993,2.25948
985,0.722848,0.223097,10,3.67333,0.0682654,2.44274
986,0.591095,0.205104,9,3.33333,0.0693349,2.7488
987,0.671509,0.241302,9,3.88667,0.0657439,2.42914
988,0.783337,0.22858,10,3.64,0.0643112,2.53991
989,0.768021,0.24725,10,4.04,0.0645846,2.37301
990,0.818866,0.264044,10,4.13333,0.0693923,2.37238
991,0.682293,0.243916,10,4.06,0.0687662,2.62599
992,0.757523,0.237089,10,3.94667,0.0698582,2.61056
993,0.792628,0.291622,10,4.56667,0.0688787,2.46032
994,0.752474,0.316454,10,4.95333,0.069593,2.45941
995,0.82167,0.295776,10,4.82,0.0713844,2.58999
996,0.670952,0.237863,9,3.74667,0.0670799,2.41969
997,0.708696,0.239279,10,3.88667,0.0650802,2.40106
998,0.818183,0.351068,10,5.25333,0.0675538,2.23621
999,0.681198,0.248839,9,4.06,0.0671717,2.36405
1000,0.756633,0.264297,10,4.59333,0.0689958,2.71375
