1,0.12367,0.00282599,6,0.2,0.0977606,1.40566
2,0.174913,0.00293556,4,0.173333,0.0670866,1.20161
3,0.231787,0.00590396,4,0.173333,0.0669113,1.36173
4,0.0950421,0.00214905,6,0.173333,0.0667758,1.26318
5,0.103996,0.003684,6,0.28,0.0709265,1.33493
6,0.113552,0.00475134,5,0.473333,0.0704937,1.31356
7,0.189264,0.0163544,4,1.02667,0.0680646,1.71585
8,0.269516,0.0162075,7,0.746667,0.0656358,1.7248
9,0.188325,0.0134902,7,1.11333,0.0714463,2.76835
10,0.334738,0.0253447,5,0.866667,0.0712444,1.89001
11,0.277144,0.0456557,5,0.993333,0.0672242,1.80298
12,0.247072,0.024189,7,1.36,0.0686203,2.04856
13,0.193306,0.0227999,5,0.9,0.0644163,1.86979
14,0.386413,0.0304137,7,1.34667,0.0651336,1.98674
15,0.339118,0.0444309,8,1.44,0.071257,1.97824
16,0.430149,0.0344912,9,1.93333,0.069497,2.28466
17,0.383617,0.0735391,8,2.05333,0.0690746,2.53578
18,0.218455,0.0435882,7,1.65333,0.0638556,2.83364
19,0.568793,0.127679,9,2.73333,0.0691507,2.38922
20,0.341819,0.0477109,7,1.74,0.0671963,2.60101
21,0.27538,0.0272499,10,1.4,0.0665528,2.95383
22,0.492837,0.0585995,9,1.89333,0.0714025,2.39923
23,0.510372,0.0375537,9,1.23333,0.0673394,1.79814
24,0.477216,0.0508813,9,1.7,0.0694417,2.44889
25,0.537148,0.0583577,8,1.93333,0.0695263,2.32823
26,0.650182,0.0619077,9,1.76667,0.0703086,2.21785
27,0.371575,0.0371535,7,1.28,0.0650767,2.11867
28,0.440161,0.0335359,8,1.35333,0.0673277,2.30332
29,0.468554,0.0662257,8,1.8,0.0704321,2.75107
30,0.542654,0.0753903,8,1.94667,0.0681536,2.35212
31,0.479481,0.0662759,8,1.86,0.0686859,2.18765
32,0.619952,0.0994615,9,2.24,0.0711841,2.40689
33,0.377019,0.0534854,8,1.32,0.0669367,2.08856
34,0.6403,0.0876798,10,2.14,0.0692759,2.46314
35,0.454025,0.082586,9,2.29333,0.0648286,2.35464
36,0.598693,0.0705252,10,1.90667,0.0637044,2.11074
37,0.396539,0.0584482,7,1.82,0.0640546,2.55941
38,0.521039,0.0682514,10,1.96667,0.069887,2.19778
39,0.665816,0.1178,10,3.11333,0.0686405,2.60994
40,0.61055,0.0822805,10,2.3,0.0678766,2.90525
41,0.559979,0.102428,9,2.51333,0.068423,2.63522
42,0.525061,0.108652,10,2.78667,0.0720453,2.64902
43,0.557002,0.0946233,10,2.85333,0.0702308,2.61476
44,0.478319,0.0812019,10,2.02,0.0706039,2.98809
45,0.530382,0.0537237,10,1.78667,0.0674112,2.75413
46,0.553117,0.0634228,10,2.05333,0.070387,3.02238
47,0.545761,0.0838286,9,2.22667,0.0698323,2.71047
48,0.489014,0.0637626,9,1.98,0.0629943,2.6292
49,0.673867,0.0771247,10,2.18667,0.0687287,2.82732
50,0.500375,0.0782614,10,2.14,0.0682497,2.64866
51,0.616556,0.0858609,10,2.58667,0.070318,2.81897
52,0.637523,0.125438,10,2.82,0.0705532,2.80956
53,0.393723,0.053658,10,1.69333,0.0695002,2.61747
54,0.465952,0.0534985,8,1.6,0.0658346,2.63494
55,0.534998,0.0658748,9,1.97333,0.0653824,2.39289
56,0.39919,0.0653005,7,1.63333,0.0702326,3.09595
57,0.451911,0.0634701,9,1.94,0.0757714,2.72701
58,0.496605,0.0856279,9,2.22667,0.0654603,2.8476
59,0.582106,0.106117,9,2.36667,0.0664626,2.62005
60,0.648051,0.105028,10,2.40667,0.0695787,2.85826
61,0.736951,0.141642,10,2.96,0.0695473,2.77805
62,0.583111,0.13635,9,3.10667,0.0706736,2.75505
63,0.559705,0.0998175,9,2.38,0.0669753,3.21399
64,0.665803,0.147899,10,3.12667,0.0683885,2.93586
65,0.478501,0.0941148,9,2.44,0.0678413,3.2501
66,0.617276,0.115481,9,2.71333,0.0692968,3.04024
67,0.562432,0.0914236,9,2.17333,0.0686506,2.61955
68,0.734901,0.103802,9,2.43333,0.0634871,2.9051
69,0.67611,0.114613,10,2.31333,0.0662013,2.74767
70,0.689949,0.0850634,10,1.82,0.0662177,2.64782
71,0.852761,0.164994,10,2.94667,0.0681355,2.5275
72,0.589638,0.10015,10,2.48,0.0680157,3.30118
73,0.770462,0.109083,10,2.40667,0.0677403,2.96622
74,0.552442,0.11784,8,2.12667,0.0640695,2.78247
75,0.671416,0.0954107,10,2.18667,0.067211,2.56619
76,0.681136,0.0971723,10,2.36,0.066481,2.63911
77,0.659088,0.0931126,8,2,0.0671047,3.00372
78,0.74368,0.103209,10,2.46,0.0743957,2.84539
79,0.787799,0.0960672,10,2.18,0.0672747,2.60522
80,0.641215,0.0926648,9,2.14667,0.0676082,3.27245
81,0.771434,0.113936,9,2.39333,0.0705564,2.9511
82,0.698765,0.111597,10,2.40667,0.0722284,3.01942
83,0.671141,0.112251,10,2.39333,0.0698453,2.85203
84,0.665844,0.11667,9,2.26,0.0725585,2.68759
85,0.838828,0.129255,10,2.53333,0.0651815,2.34021
86,0.843392,0.169042,10,3.26667,0.0726462,2.57668
87,0.701341,0.125526,10,2.36667,0.0668783,2.88413
88,0.640458,0.101368,9,1.98667,0.0672718,2.63538
89,0.627594,0.142491,10,2.76,0.0715565,3.43454
90,0.560106,0.114332,9,2.31333,0.0662858,3.05325
91,0.738488,0.179239,10,3.27333,0.0705242,2.47892
92,0.673341,0.133479,10,2.6,0.0657395,2.67409
93,0.584547,0.111576,9,2.48667,0.068244,3.11912
94,0.670242,0.147296,10,2.88667,0.06627,3.01535
95,0.673613,0.124634,9,2.38667,0.0674657,2.67918
96,0.82022,0.140468,10,2.95333,0.0658189,2.50377
97,0.720427,0.144774,10,3.01333,0.0706465,2.71913
98,0.601615,0.120651,9,2.6,0.0666715,2.93078
99,0.762982,0.151354,10,3.13333,0.0702253,3.0604
100,0.622805,0.180316,10,3.64,0.0790685,2.71811
101,0.677034,0.120842,9,2.55333,0.0655554,2.73947
102,0.755116,0.163609,10,3.33333,0.0678941,2.74412
103,0.676737,0.150515,10,2.96,0.069001,2.85116
104,0.77638,0.159294,10,3.14667,0.0715464,2.51037
105,0.601094,0.123869,9,2.7,0.0729682,2.97015
106,0.591621,0.136003,9,2.55333,0.0655439,3.01264
107,0.652191,0.146457,10,2.89333,0.0680378,2.88769
108,0.570719,0.0899749,9,2.15333,0.0672306,3.20891
109,0.694992,0.151487,10,3.22667,0.0685912,2.77182
110,0.637319,0.126335,10,2.65333,0.0682952,2.89524
111,0.532592,0.0956282,8,2.24,0.0635947,3.1658
112,0.611666,0.111218,10,2.50667,0.0685548,3.11459
113,0.595736,0.129814,9,3.02,0.0818402,3.2401
114,0.621239,0.158225,10,3.22,0.0686993,2.96506
115,0.572362,0.127628,10,2.82667,0.0698243,2.95604
116,0.720469,0.163154,10,3.28667,0.06864,2.92843
117,0.662585,0.126651,9,2.86667,0.0683514,2.99387
118,0.573655,0.128127,9,2.67333,0.0754696,2.79635
119,0.623858,0.137544,9,2.76667,0.0677014,2.52071
120,0.584506,0.113003,10,2.44667,0.0697409,2.67811
121,0.623894,0.122893,10,2.72,0.0711021,2.67849
122,0.602698,0.126909,10,2.62667,0.0656505,2.69417
123,0.579965,0.140165,10,3.07333,0.0684273,2.80739
124,0.68754,0.124324,10,2.71333,0.0694575,2.56227
125,0.563316,0.0868912,8,2.06667,0.0666266,3.13716
126,0.532228,0.110845,9,2.64667,0.0675053,2.80692
127,0.630717,0.0965269,10,2.56667,0.0687923,2.72912
128,0.672103,0.117216,10,2.44667,0.0652384,2.24568
129,0.631039,0.103408,10,2.31333,0.0668609,2.64149
130,0.625674,0.102178,10,2.39333,0.0663664,2.46023
131,0.624712,0.123394,9,2.67333,0.0678515,2.49858
132,0.786797,0.126969,10,2.87333,0.0707389,2.47937
133,0.737751,0.115962,10,2.73333,0.070212,2.7509
134,0.614883,0.113034,10,2.64,0.069951,2.63552
135,0.601441,0.100666,9,2.46,0.0696599,2.84278
136,0.5701,0.111692,9,2.54667,0.0678375,2.80379
137,0.613294,0.116869,10,2.77333,0.0703622,2.7504
138,0.618137,0.115683,9,2.50667,0.0718649,2.71588
139,0.556945,0.0879075,10,2.12667,0.0655166,3.01128
140,0.748207,0.156069,10,2.9,0.0661984,2.43872
141,0.666766,0.131907,10,3.06,0.0667097,2.95276
142,0.65208,0.130517,10,2.62667,0.0676285,2.85178
143,0.709338,0.140003,10,3.14667,0.0695724,2.78301
144,0.594511,0.134484,10,2.85333,0.0645753,2.93984
145,0.556035,0.109079,10,2.72667,0.0680651,2.90395
146,0.608248,0.113306,9,2.24,0.0670314,2.73746
147,0.446942,0.091467,8,2.04,0.0656769,2.82764
148,0.70557,0.0972011,10,2.47333,0.0669894,2.75357
149,0.626894,0.120011,9,2.66667,0.0702707,2.76212
150,0.597401,0.10763,9,2.21333,0.0678187,2.53332
151,0.758084,0.145136,10,3.02667,0.0701805,2.58371
152,0.526088,0.122107,9,3.02,0.0737812,3.25938
153,0.720839,0.108397,10,2.23333,0.0670062,2.81588
154,0.660161,0.120262,9,2.38667,0.0688637,2.93372
155,0.671415,0.120287,10,2.24,0.0647306,2.63646
156,0.662251,0.0896197,9,2.06667,0.0650665,2.95227
157,0.759437,0.0986754,10,2.27333,0.0675398,2.79433
158,0.506197,0.0952194,9,2.30667,0.0699078,2.80857
159,0.721123,0.104448,9,2.26667,0.0698229,2.82991
160,0.579075,0.0791721,9,1.79333,0.0678854,2.68475
161,0.561131,0.10388,8,1.92667,0.0709717,2.63824
162,0.557029,0.14854,9,3.10667,0.0727195,2.91431
163,0.671743,0.109019,10,2.52667,0.0675033,2.82844
164,0.607111,0.0890083,10,1.92667,0.0648274,2.78759
165,0.561814,0.113143,9,2.68,0.0687495,2.9966
166,0.603565,0.0868274,8,1.88,0.0681405,3.29173
167,0.606926,0.11446,9,2.4,0.0682739,2.87044
168,0.646573,0.131108,10,3.08667,0.0720017,3.18982
169,0.491729,0.0923535,9,2.03333,0.0663901,3.32593
170,0.56422,0.107275,10,2.10667,0.069658,2.98828
171,0.556653,0.0907983,9,2.00667,0.0689524,2.83206
172,0.599,0.107777,10,2.55333,0.06783,2.72279
173,0.659712,0.104335,10,2.28,0.0675834,2.94834
174,0.604137,0.103883,10,2.26,0.0706508,2.73989
175,0.66351,0.126736,9,2.64,0.0627061,2.45692
176,0.713562,0.120449,10,2.26,0.0680759,2.64088
177,0.723335,0.123408,10,2.57333,0.0663234,2.63715
178,0.615262,0.122048,10,2.79333,0.0692261,2.85795
179,0.548352,0.059899,8,1.34,0.0686852,2.79407
180,0.579663,0.0766639,9,1.78667,0.0670816,2.46855
181,0.692266,0.106788,10,2.60667,0.0693468,2.94556
182,0.595138,0.109481,8,2.02,0.0678187,2.64076
183,0.569957,0.0976971,9,2.25333,0.0682515,2.61395
184,0.544072,0.102453,8,2.24667,0.0683959,2.618
185,0.603014,0.0956212,10,2.33333,0.0683484,2.69029
186,0.55047,0.0889024,8,1.82,0.070455,2.70728
187,0.641005,0.0823394,9,2.04667,0.0684539,2.7367
188,0.626522,0.0958475,9,2.31333,0.0671947,2.60909
189,0.662192,0.12444,10,2.72667,0.0643683,2.52538
190,0.632256,0.123944,10,2.68,0.0681968,2.62164
191,0.686887,0.110664,10,2.72667,0.0679207,2.75824
192,0.552884,0.131035,10,2.96,0.0685017,2.71454
193,0.703741,0.146798,9,3.12667,0.0757821,2.92077
194,0.766582,0.134417,10,2.84667,0.0738212,2.99118
195,0.628058,0.104163,10,2.57333,0.067529,2.92674
196,0.579548,0.124912,10,2.74,0.0669081,2.80116
197,0.642215,0.11952,10,2.52667,0.0674612,2.78063
198,0.606151,0.167013,9,3.18667,0.0699072,2.65807
199,0.496583,0.104745,8,2.26667,0.0665233,2.98083
200,0.43171,0.100451,8,2.48667,0.066956,2.94463
201,0.545589,0.0991985,8,2.48,0.0661219,2.80311
202,0.578513,0.11312,8,3.03333,0.0730396,3.43286
203,0.666051,0.152786,10,3.19333,0.0680239,2.90627
204,0.570224,0.118644,8,2.60667,0.0693382,3.20683
205,0.673353,0.13059,10,2.95333,0.0687225,2.8141
206,0.632117,0.117657,9,2.68,0.0682447,2.81755
207,0.570869,0.128358,9,3.24667,0.0686579,2.92253
208,0.705894,0.136087,9,2.88667,0.0699254,2.79913
209,0.74566,0.123945,9,2.90667,0.0718763,2.98851
210,0.654026,0.109066,9,2.38,0.0690886,2.80457
211,0.475504,0.117463,9,2.72,0.0664321,3.02414
212,0.537088,0.0919954,9,2.36,0.065655,2.82308
213,0.503962,0.094277,8,2.37333,0.0673839,2.97996
214,0.507471,0.0977467,9,2.47333,0.0632221,2.78122
215,0.517543,0.109601,8,2.89333,0.0699666,3.05367
216,0.720751,0.153081,10,3.40667,0.0706745,3.26157
217,0.601913,0.147315,10,3.18,0.0687865,3.11384
218,0.660432,0.154888,10,3.53333,0.0666474,2.90932
219,0.582771,0.109677,9,3.11333,0.0696469,3.18391
220,0.488827,0.0948437,9,2.88,0.0688828,3.27128
221,0.560243,0.125483,9,3.11333,0.0660514,2.92422
222,0.560359,0.121767,10,3.34667,0.0675848,2.79687
223,0.597792,0.137307,10,3.2,0.0660974,2.99315
224,0.551106,0.113144,10,3.04,0.0663785,2.913
225,0.67292,0.139115,9,3.34667,0.0701374,2.9434
226,0.596503,0.140701,9,3.18667,0.0669957,3.06526
227,0.7535,0.150549,10,3,0.0647926,2.58529
228,0.674286,0.130032,10,3.34667,0.0654599,2.92075
229,0.609702,0.115179,9,3.05333,0.0664328,3.04774
230,0.599035,0.117982,9,3.18,0.068021,3.20698
231,0.63976,0.103812,9,3.09333,0.0661655,3.18704
232,0.619607,0.133009,10,3.42,0.0713036,3.07689
233,0.617608,0.13428,10,3.65333,0.0743508,3.06616
234,0.705731,0.145855,10,3.29333,0.0680848,2.81511
235,0.583135,0.123119,10,2.82,0.0688177,2.83588
236,0.770334,0.153464,10,3.34667,0.0700528,2.76736
237,0.73638,0.131823,10,3.26667,0.071521,3.05009
238,0.625719,0.137372,10,3.1,0.0680673,2.8387
239,0.591605,0.12213,9,2.71333,0.0678159,2.82609
240,0.669713,0.131912,10,2.98,0.0643953,2.46971
241,0.612039,0.126298,9,2.58667,0.0690659,2.73136
242,0.594694,0.135817,10,3.06667,0.0703195,2.69384
243,0.645879,0.136214,9,2.88,0.0707296,2.98376
244,0.589868,0.116854,9,2.91333,0.0659279,2.7933
245,0.666651,0.153662,10,3.49333,0.0702906,2.89249
246,0.603021,0.117786,9,2.63333,0.0651648,2.61336
247,0.574647,0.122807,8,2.72,0.066437,2.80529
248,0.683224,0.132351,9,2.83333,0.0705202,2.74106
249,0.520408,0.106689,8,2.48667,0.0678463,3.0153
250,0.594124,0.134277,9,2.73333,0.0672492,2.70522
251,0.465724,0.0874644,8,2.12667,0.0679282,2.71233
252,0.618039,0.113476,9,2.51333,0.0658808,2.50393
253,0.695881,0.0998185,10,1.84,0.0650905,2.24423
254,0.617419,0.0934739,9,2.22,0.0650951,2.64116
255,0.728083,0.12485,10,2.40667,0.0689118,2.83742
256,0.715924,0.118667,10,2.40667,0.0647624,2.56392
257,0.646682,0.125117,10,2.68,0.0683162,2.74091
258,0.628137,0.137648,9,3,0.069921,2.69978
259,0.765737,0.126621,9,2.81333,0.0663701,2.55308
260,0.737645,0.142055,10,2.88667,0.0675081,2.69564
261,0.596741,0.0877121,9,2.26667,0.0660534,2.77961
262,0.627205,0.123659,10,2.92667,0.0719851,2.44622
263,0.633445,0.109936,10,2.90667,0.0695932,2.94064
264,0.620644,0.114004,10,2.66667,0.0696895,2.6091
265,0.510881,0.0904024,10,2.49333,0.065064,2.81107
266,0.615708,0.129603,10,3.37333,0.0685446,2.5027
267,0.514484,0.0904836,9,2.24,0.0646363,2.79392
268,0.554285,0.108103,9,2.7,0.0695004,2.98773
269,0.566074,0.0968372,9,2.5,0.0660515,2.82033
270,0.704953,0.107026,9,2.46,0.0635403,2.79594
271,0.556442,0.100876,10,2.58,0.0675129,2.54433
272,0.609928,0.0905579,10,2.74667,0.0672098,2.22964
273,0.715391,0.150942,10,3.34,0.0711447,2.46606
274,0.66084,0.109597,10,2.68,0.0661992,2.68719
275,0.646623,0.128582,9,2.99333,0.0678393,2.35372
276,0.492704,0.072384,9,2.12,0.0663405,2.54344
277,0.553373,0.0915129,8,2.57333,0.0652582,2.35511
278,0.587387,0.0998806,10,3.02,0.0671177,2.56422
279,0.684149,0.0737294,9,2.06667,0.0698654,2.6056
280,0.686245,0.0813774,10,1.94667,0.0627071,2.41163
281,0.416145,0.0776772,7,1.96667,0.0662566,2.673
282,0.529271,0.11264,9,2.70667,0.0701421,2.79114
283,0.721599,0.116739,10,2.80667,0.0681897,2.5238
284,0.488388,0.104524,8,2.34,0.0682302,2.64412
285,0.59152,0.0977495,9,2.50667,0.0687216,2.8196
286,0.672904,0.0760923,9,2.12667,0.0657486,2.93475
287,0.514643,0.0817968,9,2.26667,0.0700862,2.75868
288,0.518935,0.0836647,10,2.36667,0.0667514,2.55788
289,0.468952,0.0867385,10,2.52667,0.0694985,2.60462
290,0.545377,0.095087,10,2.48667,0.0686075,2.7802
291,0.507218,0.077608,9,1.88667,0.0662744,2.19597
292,0.653678,0.0971756,9,2.26,0.0685593,2.68203
293,0.392981,0.0654242,9,1.76667,0.0662947,2.11906
294,0.530211,0.0819249,10,2.32,0.0641209,2.45597
295,0.455915,0.0877653,9,2.26,0.0672381,2.60776
296,0.542114,0.0956762,10,2.63333,0.0675579,2.32703
297,0.486192,0.0753328,10,2.33333,0.0693292,3.01514
298,0.635029,0.0723172,9,2.3,0.0675876,3.00795
299,0.653602,0.115654,10,2.72,0.0680183,2.58591
300,0.483575,0.0948018,8,2.41333,0.0720755,2.713
301,0.716889,0.0878354,10,2.40667,0.0684629,2.76361
302,0.602499,0.082704,9,2.05333,0.0679809,2.75293
303,0.501071,0.0774718,9,2.15333,0.0671954,2.44598
304,0.504417,0.064742,9,1.72667,0.0682541,2.71744
305,0.516373,0.108087,9,2.93333,0.0668752,2.57019
306,0.587198,0.110651,10,2.72,0.0688872,2.79134
307,0.735601,0.136226,10,3.20667,0.0700765,2.7698
308,0.541249,0.0960438,9,2.17333,0.0681878,2.48213
309,0.556596,0.133023,9,3.12667,0.0690034,2.49791
310,0.660623,0.172777,10,3.6,0.0678255,2.61014
311,0.727475,0.108052,10,2.57333,0.0669474,2.25334
312,0.603443,0.131926,9,2.98667,0.0713875,2.63913
313,0.599093,0.11323,10,2.51333,0.0666844,2.64648
314,0.547057,0.133471,9,3.04667,0.0688571,2.25271
315,0.618757,0.151335,9,3.06,0.0678767,2.16055
316,0.722446,0.159661,10,3.34667,0.0683539,2.28742
317,0.60229,0.113544,8,2.42667,0.0632124,2.14647
318,0.541905,0.105938,9,2.28,0.0691802,2.38981
319,0.698697,0.129539,10,2.94,0.0696381,2.50523
320,0.622755,0.113693,9,2.85333,0.065113,2.57642
321,0.739489,0.164369,10,3.44,0.0657263,2.12706
322,0.727304,0.146988,10,2.98,0.0693395,2.09281
323,0.736552,0.162737,10,3.33333,0.0698632,2.22345
324,0.544241,0.0939211,9,2.11333,0.0650949,2.22532
325,0.504376,0.075392,8,1.72667,0.0687058,2.31891
326,0.733494,0.117165,10,2.35333,0.0676046,2.1415
327,0.598253,0.138735,9,2.96667,0.0704822,2.21531
328,0.49716,0.10926,9,2.42667,0.0671292,2.29589
329,0.668915,0.108278,10,2.35333,0.0674905,1.83206
330,0.655874,0.121325,9,2.70667,0.064884,2.12251
331,0.549876,0.110009,9,2.36,0.0668567,2.0954
332,0.491467,0.117022,8,2.6,0.0667465,2.2616
333,0.700507,0.143519,10,2.93333,0.0701997,2.20418
334,0.726492,0.113677,10,2.8,0.071072,2.13375
335,0.733075,0.139134,10,2.89333,0.0703192,1.81448
336,0.821487,0.128542,9,3.04,0.0685915,1.95533
337,0.689458,0.136105,10,3.01333,0.0650712,1.83466
338,0.728596,0.134862,10,2.72667,0.0706272,2.11432
339,0.58275,0.110107,10,2.72667,0.0666316,1.82966
340,0.525618,0.11658,9,2.5,0.0681599,2.28112
341,0.618323,0.0854331,9,2.24667,0.067687,1.97501
342,0.563735,0.134456,9,2.84667,0.0698533,2.13726
343,0.616966,0.10965,10,2.47333,0.0695904,1.91469
344,0.578388,0.101024,9,2.46,0.0682017,2.07277
345,0.750192,0.089706,9,2.22,0.065625,2.03003
346,0.649613,0.147135,10,2.87333,0.0790676,2.40275
347,0.656085,0.111859,9,2.26,0.0663458,2.21515
348,0.61307,0.120119,10,2.48667,0.0665027,2.12842
349,0.57055,0.112958,9,2.37333,0.0657706,1.78851
350,0.618897,0.127348,9,3.08667,0.0697317,2.19288
351,0.839029,0.148019,10,3.21333,0.0672698,2.08896
352,0.513267,0.119184,10,2.77333,0.0687309,2.49025
353,0.647945,0.103168,10,2.62,0.067636,2.21778
354,0.535778,0.0842466,9,2.12667,0.0638354,2.32365
355,0.605384,0.12092,9,2.75333,0.0649021,2.43259
356,0.699188,0.136908,10,2.9,0.0670393,2.46414
357,0.706421,0.140909,10,3.06,0.067018,2.28056
358,0.733623,0.107628,9,2.42667,0.0679175,2.22585
359,0.692507,0.129151,10,2.9,0.0686391,2.3767
360,0.564065,0.0992075,10,2.29333,0.0672705,2.2613
361,0.644067,0.110031,8,2.31333,0.0678099,2.42644
362,0.722715,0.118845,10,2.42667,0.0691722,2.09007
363,0.772536,0.138347,9,3.08667,0.0717545,2.13698
364,0.771624,0.126509,10,2.74667,0.0655121,2.26587
365,0.692191,0.169053,9,3.39333,0.0641656,2.06117
366,0.744587,0.125698,10,2.80667,0.0662333,2.30956
367,0.640304,0.112436,10,2.55333,0.0674882,2.10179
368,0.794033,0.164953,10,3.34667,0.0694967,2.05889
369,0.665278,0.114598,10,2.74,0.0680936,1.75833
370,0.627249,0.092883,9,2.21333,0.0657589,2.04439
371,0.6932,0.0929436,10,2.43333,0.066836,2.23244
372,0.772924,0.185046,9,3.70667,0.0710477,2.22586
373,0.714224,0.118414,9,2.72667,0.0664972,2.19925
374,0.625545,0.101921,10,2.39333,0.0667875,2.64492
375,0.664548,0.141044,10,3.17333,0.0703178,2.34467
376,0.543221,0.0995136,9,2.72,0.0643378,2.24637
377,0.655109,0.162573,10,3.5,0.0683596,2.33749
378,0.599732,0.127214,9,2.54667,0.06615,2.07493
379,0.59171,0.109515,10,2.64,0.0668884,2.16956
380,0.593188,0.100401,9,2.44667,0.067951,2.27737
381,0.836373,0.1999,10,3.85333,0.0669361,2.09703
382,0.595355,0.164452,9,3.45333,0.0668803,2.59728
383,0.652172,0.121355,10,3.18667,0.0687528,2.3979
384,0.742033,0.205473,9,3.9,0.0683078,2.21457
385,0.768428,0.214936,10,4.28,0.0707762,2.1982
386,0.594112,0.163155,10,3.60667,0.0683822,2.19601
387,0.615124,0.139516,9,2.73333,0.0653225,2.09163
388,0.659237,0.123231,9,2.75333,0.0701805,2.08417
389,0.708647,0.135819,9,3.16667,0.0664943,2.13394
390,0.57575,0.133159,10,3.07333,0.0701658,2.24775
391,0.575525,0.146153,10,3.08,0.0646787,2.18119
392,0.706552,0.178348,10,3.58,0.070022,1.89849
393,0.633352,0.122651,9,2.76667,0.0679533,2.0524
394,0.565676,0.147963,10,3.45333,0.0679515,2.34319
395,0.55022,0.132075,10,3.50667,0.0674779,2.39328
396,0.604672,0.104693,8,2.46,0.0662549,2.27299
397,0.5722,0.109501,9,2.46667,0.0659586,2.11267
398,0.568078,0.122539,9,2.71333,0.0632258,2.11396
399,0.606939,0.122754,10,2.98,0.0673972,2.30854
400,0.682834,0.131623,10,2.56667,0.0672132,2.18964
401,0.759005,0.106755,10,2.68,0.0641515,2.20157
402,0.579678,0.100488,9,2.52667,0.0651009,2.31754
403,0.602183,0.128388,9,2.78,0.0679422,2.28056
404,0.55185,0.0850653,10,2.05333,0.0672853,1.98188
405,0.559824,0.101684,8,2.1,0.065369,2.28985
406,0.670118,0.124707,10,2.80667,0.0700229,2.46548
407,0.63911,0.144944,9,3.01333,0.0661187,2.36758
408,0.848327,0.123236,9,2.98,0.0716338,2.30227
409,0.583155,0.0951604,10,2.17333,0.0661533,2.40073
410,0.65278,0.116539,10,2.72667,0.0672813,2.40786
411,0.575419,0.118963,10,2.72,0.0680066,2.05495
412,0.588912,0.10061,8,2.29333,0.0644644,2.59326
413,0.825723,0.160497,10,3.48,0.0702809,2.29399
414,0.595072,0.124483,10,2.98,0.0681774,2.12712
415,0.720569,0.138152,9,2.58,0.0655646,1.90945
416,0.751147,0.161001,9,3.40667,0.0653857,2.00107
417,0.625917,0.146929,10,3.07333,0.0688821,2.06463
418,0.607141,0.151282,10,3.35333,0.0696448,2.43711
419,0.603469,0.147517,9,3.35333,0.0675717,2.46021
420,0.644609,0.133577,10,2.84,0.0711773,2.61669
421,0.703573,0.122548,9,2.80667,0.0668708,2.3056
422,0.598149,0.108795,8,2.37333,0.0677849,2.64888
423,0.527326,0.113105,8,2.56667,0.0631243,2.3181
424,0.589896,0.13769,8,3.12,0.0690934,2.59646
425,0.511675,0.121708,9,2.91333,0.0683571,2.34258
426,0.713935,0.146234,10,3.18667,0.0690468,2.29931
427,0.702676,0.123668,10,2.94667,0.0709935,2.41733
428,0.742767,0.169411,10,3.28,0.0700941,2.15704
429,0.779883,0.13647,10,3.02667,0.0674154,2.21002
430,0.748131,0.155152,9,3.17333,0.071463,2.47193
431,0.653163,0.176797,9,3.36,0.0675256,2.39354
432,0.584011,0.146541,9,3.04,0.0682109,2.43016
433,0.728464,0.190476,10,3.60667,0.0686903,1.87718
434,0.568634,0.15068,9,3.18,0.0699473,2.54455
435,0.665128,0.134485,10,2.98,0.0654849,2.07472
436,0.818852,0.11349,10,2.46667,0.0669405,2.09334
437,0.697024,0.099101,9,2.55333,0.0675798,2.26625
438,0.65262,0.131729,9,2.86,0.0684477,2.23728
439,0.732762,0.118608,10,2.66,0.0625973,2.21629
440,0.757053,0.184854,9,3.45333,0.0696822,1.79877
441,0.58962,0.12893,10,2.77333,0.0710293,2.51199
442,0.684591,0.153373,10,3.33333,0.070271,2.06868
443,0.47246,0.0793032,9,2.12,0.0661594,2.06415
444,0.801726,0.163628,10,3.21333,0.0680434,2.20278
445,0.636354,0.177932,10,3.38,0.069215,2.02449
446,0.756215,0.134795,10,2.70667,0.063535,2.11566
447,0.720028,0.12134,10,2.42,0.0678441,1.92558
448,0.622618,0.109851,9,2.40667,0.0663511,2.11678
449,0.741799,0.136974,10,2.76,0.066077,1.9128
450,0.612813,0.132798,10,2.73333,0.0704498,1.97091
451,0.624009,0.105385,8,2.46667,0.0664714,2.18629
452,0.666207,0.118982,9,2.7,0.0682862,2.14324
453,0.517683,0.106318,8,2.39333,0.0686168,1.88635
454,0.716814,0.106389,9,2.34,0.067198,2.15725
455,0.707207,0.12097,10,2.65333,0.0718431,2.14379
456,0.67584,0.142254,9,3.15333,0.0665406,2.14623
457,0.553704,0.128113,10,2.76,0.0733296,2.27208
458,0.628053,0.101001,9,2.48,0.0658547,2.11742
459,0.676362,0.10213,10,2.50667,0.0669574,2.00583
460,0.589012,0.101615,10,2.58667,0.0684532,2.05984
461,0.554081,0.103101,9,2.20667,0.0645466,2.14717
462,0.717866,0.125109,9,2.85333,0.0679622,2.19724
463,0.683555,0.152651,10,3.45333,0.0714972,2.21256
464,0.571837,0.120569,9,2.48,0.0700155,2.22945
465,0.424002,0.0645109,9,1.96667,0.0664424,2.06918
466,0.652904,0.155823,10,3.52667,0.0696064,2.27113
467,0.667517,0.110072,10,2.80667,0.0673396,2.16269
468,0.581547,0.163225,10,3.66,0.0705643,2.21851
469,0.508439,0.0858108,10,2.4,0.0672176,2.3325
470,0.782223,0.115697,9,2.94667,0.0687545,2.36245
471,0.725662,0.114614,10,2.92,0.0669607,2.2964
472,0.673741,0.115812,9,2.62,0.0713274,2.48884
473,0.534011,0.0762403,9,2.05333,0.0661585,2.14089
474,0.680805,0.105858,10,2.57333,0.0698626,2.1963
475,0.577318,0.0765513,9,1.84667,0.0638873,2.18617
476,0.408267,0.0583585,8,1.87333,0.0653994,2.51343
477,0.432579,0.05872,7,1.96667,0.0658429,2.42781
478,0.624308,0.10795,10,2.75333,0.069435,2.75086
479,0.500063,0.100366,9,2.64,0.0681629,2.69863
480,0.556594,0.120094,10,2.92667,0.0693335,2.40213
481,0.52914,0.102599,9,2.62,0.0688617,2.39758
482,0.705327,0.109159,10,2.64667,0.0684736,2.25068
483,0.622352,0.13761,9,2.63333,0.0706235,1.99619
484,0.580673,0.111316,9,2.88,0.0631375,2.33115
485,0.614821,0.11754,10,3.00667,0.0665794,2.10864
486,0.596471,0.11608,9,2.76667,0.0659241,2.37225
487,0.579191,0.118336,10,2.99333,0.0702017,2.1638
488,0.571276,0.111849,9,2.48667,0.0665826,1.93151
489,0.485469,0.100994,9,2.56667,0.0674825,2.42278
490,0.667444,0.162684,10,3.47333,0.0726781,2.26395
491,0.671575,0.155906,10,3.66,0.0686646,2.2111
492,0.615022,0.111211,10,2.6,0.0677226,2.03941
493,0.573784,0.116428,9,2.87333,0.069104,2.28813
494,0.768254,0.166623,10,3.38,0.0692152,2.02641
495,0.526913,0.119649,8,2.61333,0.0654923,2.22222
496,0.68057,0.110947,9,2.81333,0.0686451,2.1492
497,0.493553,0.0870377,10,2.20667,0.0673047,2.18463
498,0.688673,0.12103,10,2.79333,0.0672944,2.18485
499,0.629033,0.104374,8,2.42,0.0652813,2.26706
500,0.673506,0.13977,10,3.10667,0.0664154,2.65151
501,0.464051,0.0849512,9,2.32667,0.0650169,2.70112
502,0.58789,0.145291,10,3.50667,0.0688705,2.42103
503,0.53063,0.103663,9,2.26667,0.0668405,2.23048
504,0.77549,0.144432,9,2.93333,0.0662916,2.31355
505,0.729031,0.161468,10,3.43333,0.0688843,2.58511
506,0.669821,0.109888,10,2.8,0.0661586,2.20883
507,0.68597,0.0992358,10,2.20667,0.0662219,2.00834
508,0.484103,0.132538,10,3.22667,0.0672293,2.15835
509,0.663901,0.151056,10,3.46667,0.0729861,2.66535
510,0.544463,0.103139,10,2.41333,0.0675068,2.23982
511,0.807628,0.155603,10,3.36,0.0721963,2.4832
512,0.699069,0.141559,10,3.20667,0.0699481,2.3285
513,0.603879,0.123074,10,2.52,0.0670968,2.14268
514,0.676826,0.184701,10,3.84,0.0684222,2.25507
515,0.716664,0.144982,10,3.03333,0.0667461,2.36702
516,0.662639,0.133803,8,2.72,0.0694586,2.26473
517,0.646107,0.0901196,10,2.1,0.0656891,2.03802
518,0.69685,0.120812,9,2.77333,0.0680079,2.21878
519,0.780036,0.160168,10,3.34667,0.0687469,2.23293
520,0.559748,0.141575,8,2.96,0.069848,2.70277
521,0.800458,0.192486,10,3.82,0.0713297,2.02606
522,0.64728,0.139854,10,2.90667,0.0668791,2.45466
523,0.696558,0.168105,10,3.34667,0.0677737,2.54545
524,0.580826,0.119177,9,3.05333,0.0661397,2.45273
525,0.478034,0.109803,9,2.70667,0.066061,2.51687
526,0.594587,0.135169,10,2.80667,0.0684352,2.38586
527,0.544259,0.106239,10,2.58667,0.0660858,2.35075
528,0.624122,0.149614,10,3.41333,0.0701107,2.77317
529,0.784436,0.156675,10,3.56667,0.0669395,2.1808
530,0.661703,0.134468,10,2.91333,0.0701713,2.53147
531,0.816529,0.164433,10,3.36,0.0678752,2.31976
532,0.514962,0.112889,10,2.42,0.0691196,2.40983
533,0.682836,0.156571,10,2.96667,0.069797,2.00896
534,0.799469,0.145011,10,3.1,0.068406,2.0593
535,0.728327,0.183109,10,3.46667,0.0678988,2.45512
536,0.593021,0.136776,10,2.88667,0.0694767,2.48734
537,0.707416,0.151855,10,3.19333,0.0685661,2.23992
538,0.645165,0.131977,9,2.73333,0.0673341,2.55498
539,0.713869,0.187218,10,3.70667,0.0708028,2.75052
540,0.619613,0.0986291,9,2.41333,0.0667173,2.91261
541,0.738205,0.159809,10,3.39333,0.0707861,2.62572
542,0.684507,0.127914,9,2.79333,0.0683638,2.39639
543,0.634747,0.151078,9,3.02,0.0660497,2.51027
544,0.680256,0.176718,10,3.40667,0.0656707,2.60092
545,0.717784,0.172673,10,3.46,0.0667628,2.38461
546,0.72556,0.187111,10,3.93333,0.070055,2.65389
547,0.715177,0.155288,10,3.30667,0.066007,2.38782
548,0.707146,0.14588,10,3.11333,0.07038,2.66971
549,0.721937,0.188232,10,3.72667,0.0704715,2.31869
550,0.811257,0.181668,10,3.42,0.0672796,2.07602
551,0.65765,0.159986,9,2.96,0.0644917,2.30396
552,0.625375,0.145972,10,2.78667,0.0697339,2.59247
553,0.721812,0.176516,10,3.22667,0.0686218,2.37286
554,0.694206,0.126259,10,2.72667,0.0656107,2.08913
555,0.651741,0.130319,9,2.52667,0.0660785,2.15391
556,0.657224,0.159929,9,2.96,0.0680658,2.21946
557,0.657657,0.145081,10,3.01333,0.0676091,2.33516
558,0.641259,0.142866,9,2.96,0.0661952,2.37054
559,0.735975,0.124382,10,2.5,0.064561,2.26886
560,0.657199,0.132873,9,2.64,0.0628884,2.53121
561,0.682453,0.149494,10,3.02,0.0680788,2.63544
562,0.549742,0.125952,9,2.79333,0.0658398,2.55995
563,0.681417,0.146131,10,2.64667,0.0699834,2.49468
564,0.684361,0.147323,9,3.02,0.068214,2.31025
565,0.669178,0.157196,10,3.17333,0.0665146,2.12201
566,0.649214,0.18507,9,3.66,0.0700001,2.42883
567,0.87188,0.191911,10,4.05333,0.0697784,2.43435
568,0.595209,0.137129,9,2.91333,0.0673302,2.36
569,0.625907,0.108023,10,2.48,0.0663921,2.48322
570,0.603284,0.166451,10,3.67333,0.0717271,2.72022
571,0.619686,0.104695,9,2.70667,0.0675591,2.68258
572,0.61092,0.120833,10,2.84,0.0660035,2.20177
573,0.761582,0.124533,10,3.01333,0.0689121,2.1944
574,0.769757,0.175857,10,3.44667,0.0723032,1.95901
575,0.830928,0.221105,10,3.96,0.0711882,1.67563
576,0.741315,0.15524,10,3.05333,0.0666704,2.27922
577,0.72856,0.181242,10,3.45333,0.0687617,2.30517
578,0.640617,0.134218,10,2.58,0.0653864,2.10252
579,0.705226,0.133809,10,2.49333,0.0643939,1.9293
580,0.750386,0.146772,10,2.80667,0.0673291,2.19885
581,0.573476,0.137341,10,2.74,0.0643919,2.47762
582,0.716897,0.144874,10,3.16,0.0654902,2.37179
583,0.756197,0.154352,10,3.12667,0.0659354,2.1229
584,0.685371,0.144952,10,2.89333,0.0676825,2.39173
585,0.644482,0.152954,9,3.01333,0.0643871,2.4686
586,0.661837,0.151779,8,3.09333,0.0623349,2.31775
587,0.727984,0.155514,10,3.26667,0.0687903,2.43056
588,0.595659,0.134196,9,2.58667,0.0668626,2.34569
589,0.631919,0.136052,10,3.04667,0.0692479,2.36035
590,0.573835,0.128279,9,2.76,0.0672011,2.37202
591,0.67058,0.195431,10,3.31333,0.0685889,1.92239
592,0.712465,0.157283,10,3.24667,0.0688437,2.0266
593,0.730719,0.173279,10,3.29333,0.0651368,2.03785
594,0.672124,0.134892,10,2.56667,0.0648889,1.91703
595,0.69912,0.135308,9,2.80667,0.0678241,1.93743
596,0.680681,0.139737,9,2.86,0.0636875,2.10458
597,0.739595,0.177397,10,3.42667,0.0659688,2.2365
598,0.694646,0.195071,10,3.63333,0.0692698,2.11813
599,0.694731,0.178622,10,3.47333,0.0708251,2.12613
600,0.689071,0.0997715,9,2.19333,0.0664232,2.298
601,0.660115,0.12543,10,2.59333,0.0646012,2.14663
602,0.676531,0.18543,10,3.5,0.0678292,2.24238
603,0.649723,0.14364,10,2.93333,0.065425,2.07421
604,0.648194,0.171747,9,3.06,0.0693628,2.18694
605,0.614177,0.147956,9,2.80667,0.0639882,2.19485
606,0.67141,0.133752,9,2.43333,0.0692881,2.04981
607,0.664261,0.157054,10,2.92,0.0671218,2.1146
608,0.730967,0.169746,10,3.29333,0.0664907,2.319
609,0.70635,0.161425,9,3.36667,0.065329,2.31584
610,0.702366,0.174201,10,3.48,0.0680178,2.49457
611,0.77846,0.21414,10,3.86667,0.067289,2.1592
612,0.754584,0.170273,10,3.64667,0.0688148,2.34402
613,0.835321,0.143078,10,3.02,0.0673116,2.43352
614,0.624217,0.119214,10,2.58,0.0646286,2.48505
615,0.543903,0.107937,9,2.59333,0.068283,2.54203
616,0.719699,0.172039,10,3.24,0.0652789,2.40067
617,0.683973,0.163177,10,3.42,0.0666545,2.61136
618,0.758614,0.157992,10,2.94,0.0666125,2.05186
619,0.691981,0.14417,10,3.04667,0.0668817,2.02195
620,0.676056,0.0995961,9,2.24,0.0652111,2.30247
621,0.744545,0.103791,10,2.1,0.0679641,1.98804
622,0.667561,0.128653,10,2.48,0.0686366,1.9708
623,0.635307,0.113885,10,2.56667,0.0666214,2.0316
624,0.621435,0.149537,9,3,0.0655029,2.21216
625,0.679058,0.136223,9,2.64,0.0661954,2.35387
626,0.792474,0.141952,10,2.73333,0.0638058,2.06311
627,0.767587,0.18631,10,3.28667,0.0692373,2.48637
628,0.742537,0.132334,10,2.68,0.0670847,2.01317
629,0.674508,0.135972,10,2.92,0.0694623,1.99098
630,0.670213,0.10192,9,2.26,0.0666649,2.44541
631,0.783459,0.114618,10,2.64,0.0669033,1.96128
632,0.633383,0.158557,9,3.39333,0.0710456,2.32709
633,0.62707,0.110797,10,2.28,0.0671408,2.21122
634,0.607635,0.110565,10,2.36667,0.0673794,2.43238
635,0.730293,0.121942,10,2.72667,0.0676024,2.12408
636,0.734503,0.119725,9,2.62,0.0709177,2.23744
637,0.773798,0.142063,10,2.80667,0.0668009,2.19533
638,0.731619,0.145089,10,2.96667,0.0715331,2.15152
639,0.664086,0.14468,10,2.85333,0.068073,2.09092
640,0.703556,0.163754,10,3.17333,0.0692402,2.03215
641,0.761057,0.209818,10,3.78667,0.0679709,1.99582
642,0.681442,0.128592,10,2.7,0.0691416,2.39414
643,0.719576,0.163507,10,3.14667,0.0703356,2.24793
644,0.675431,0.134376,10,2.66,0.0668333,2.06532
645,0.758429,0.147919,10,2.82667,0.0667113,1.94977
646,0.675643,0.105459,9,2.14667,0.0677404,2.38316
647,0.647359,0.114969,10,2.46667,0.0686255,2.13138
648,0.747401,0.164263,10,3.2,0.0683977,2.15895
649,0.644923,0.186209,10,3.38667,0.0719717,2.18594
650,0.742677,0.19238,9,3.45333,0.0680356,2.05094
651,0.634906,0.116441,9,2.36667,0.068064,2.34091
652,0.764015,0.163387,10,3.02667,0.0687798,2.28776
653,0.616311,0.14701,8,2.64667,0.0641177,2.15594
654,0.783101,0.21232,10,3.98667,0.071939,2.11227
655,0.690994,0.155831,9,2.90667,0.0666926,1.98621
656,0.693916,0.144169,10,2.53333,0.0672642,2.23252
657,0.727162,0.17834,10,3.27333,0.0706897,2.43354
658,0.676872,0.136187,10,2.72667,0.0689188,2.28146
659,0.6379,0.129228,10,2.54667,0.0659655,2.18042
660,0.756883,0.16697,10,3.3,0.0679038,2.10511
661,0.643132,0.152042,10,2.95333,0.0688339,2.23639
662,0.685076,0.125916,9,2.68,0.0665942,2.33626
663,0.724722,0.151268,10,2.9,0.0631758,2.29645
664,0.663079,0.149578,9,2.92667,0.0712045,2.01441
665,0.790431,0.151764,10,2.98,0.0658215,2.13166
666,0.661472,0.143326,10,3.06,0.0706277,1.89466
667,0.66996,0.131832,9,2.63333,0.0707166,2.14832
668,0.768808,0.147641,10,2.75333,0.0679289,2.06154
669,0.624264,0.128839,8,2.55333,0.0648384,2.10982
670,0.750504,0.179104,10,3.85333,0.0687939,2.07798
671,0.73978,0.153582,10,3.07333,0.0669135,2.10108
672,0.744713,0.187157,10,3.64,0.0691549,2.09035
673,0.646734,0.111664,10,2.49333,0.0649239,2.26912
674,0.688946,0.147244,9,2.63333,0.0652891,2.068
675,0.678781,0.118991,10,2.39333,0.0696132,2.1366
676,0.52587,0.090434,8,2.20667,0.0660065,2.11396
677,0.727825,0.136634,10,3.01333,0.0684713,2.00592
678,0.749483,0.134996,10,3.07333,0.0690425,1.85204
679,0.647228,0.131459,10,3.02667,0.0687712,2.17747
680,0.708192,0.129121,9,2.72,0.070477,2.11063
681,0.686288,0.146544,10,3.06,0.0709881,1.82793
682,0.628938,0.111701,10,2.47333,0.0668418,2.02274
683,0.6848,0.133006,10,2.74667,0.0685003,1.69267
684,0.794442,0.135352,10,2.92667,0.0668398,2.01481
685,0.660756,0.119291,9,2.52667,0.0662652,2.00266
686,0.662472,0.142585,10,2.62,0.0677391,2.15646
687,0.759983,0.139799,10,2.82667,0.0673419,1.96187
688,0.721045,0.170345,10,3.51333,0.0715973,1.96901
689,0.624657,0.115049,9,2.66667,0.0705577,2.6124
690,0.65043,0.162127,9,3.14,0.0637924,2.12784
691,0.67109,0.131574,9,2.41333,0.0670558,2.386
692,0.639301,0.156964,10,3.06,0.0687797,2.072
693,0.715346,0.168484,10,3.27333,0.0686718,1.94672
694,0.765615,0.195462,10,3.44667,0.0697949,1.96635
695,0.62267,0.130703,9,2.42,0.0691142,2.10055
696,0.735897,0.159831,10,2.94667,0.0661118,1.94502
697,0.624565,0.110764,9,2.12,0.0652449,2.04021
698,0.769753,0.173711,10,3.13333,0.0681909,1.81642
699,0.624113,0.159247,10,3.02,0.0685826,1.93057
700,0.674639,0.167091,9,3.23333,0.0648451,1.80824
701,0.665139,0.189937,9,3.60667,0.0653247,1.88918
702,0.629377,0.159955,10,3.19333,0.0656589,2.2411
703,0.628535,0.200042,9,3.46,0.0674784,2.27888
704,0.63547,0.137036,9,2.42,0.0642549,2.17792
705,0.724253,0.168997,10,3.16667,0.0686562,2.25385
706,0.707902,0.163017,10,3.25333,0.0681062,2.24721
707,0.672091,0.162905,9,2.96,0.0673136,1.98389
708,0.644786,0.135369,10,2.63333,0.0684456,2.07095
709,0.696373,0.187062,9,3.48667,0.0688371,2.22262
710,0.741555,0.184354,10,3.56,0.0661798,2.17788
711,0.686972,0.151003,10,3.52,0.0673415,2.46084
712,0.666638,0.160836,9,2.95333,0.0681822,2.25904
713,0.75383,0.195242,10,3.90667,0.068275,2.23664
714,0.659536,0.158028,10,3.12667,0.0703163,2.4625
715,0.691405,0.163616,10,2.96667,0.0687245,2.16889
716,0.63501,0.133682,9,2.64667,0.0637155,2.03695
717,0.746841,0.143511,10,2.61333,0.0635202,1.91612
718,0.719788,0.18537,10,3.38,0.0677006,2.07713
719,0.718233,0.17639,10,3.28667,0.0682931,1.90704
720,0.660779,0.153698,9,2.94,0.0687917,2.01623
721,0.708236,0.184619,10,3.19333,0.0676086,1.99958
722,0.759851,0.207699,10,3.74667,0.0668441,2.10188
723,0.619992,0.12465,9,2.50667,0.0637204,2.12468
724,0.634674,0.150527,10,3.23333,0.0700434,1.99799
725,0.722231,0.165908,10,2.96667,0.0660088,1.96592
726,0.655222,0.143981,10,2.92667,0.0660856,2.23317
727,0.678549,0.173355,10,3.21333,0.0695627,1.85562
728,0.668005,0.175765,10,3.29333,0.06996,2.14315
729,0.71441,0.170308,9,3.30667,0.0656945,1.9814
730,0.770392,0.170292,10,3.22667,0.0658615,2.18438
731,0.681163,0.184424,10,3.76,0.0681191,2.06691
732,0.723161,0.173032,10,3.4,0.0678832,1.86087
733,0.690333,0.153624,10,2.76,0.0674263,2.14877
734,0.667318,0.148799,9,2.75333,0.0666462,1.80914
735,0.634219,0.160357,9,3.21333,0.0662766,2.59868
736,0.737595,0.175893,10,3.71333,0.0675147,2.24708
737,0.683336,0.167953,9,3.06,0.0670556,1.98308
738,0.622235,0.140481,9,2.8,0.0667295,1.92466
739,0.732197,0.180228,10,3.57333,0.0689591,1.6258
740,0.744409,0.175452,10,3.04,0.0687957,1.83088
741,0.702135,0.163348,10,3.09333,0.064705,2.08162
742,0.734837,0.23397,9,3.74667,0.0677108,2.09799
743,0.723213,0.206607,10,3.80667,0.0692747,2.07613
744,0.733884,0.220368,10,4.02667,0.0682884,1.78702
745,0.75855,0.245825,10,4.11333,0.067561,1.92278
746,0.744323,0.226149,10,3.85333,0.0672526,2.06839
747,0.657872,0.150951,9,2.87333,0.0671338,1.92117
748,0.718459,0.195087,10,3.41333,0.0682971,1.9706
749,0.616113,0.15973,9,2.73333,0.0649331,2.02502
750,0.622539,0.188414,9,3.38667,0.0674487,2.18989
751,0.622726,0.163344,9,3.23333,0.068148,2.22785
752,0.637846,0.169098,10,3.10667,0.0696312,1.97857
753,0.738126,0.191339,10,3.61333,0.065924,1.57759
754,0.716329,0.190619,10,3.25333,0.0673835,1.76336
755,0.740414,0.153413,10,2.96667,0.067302,1.78401
756,0.751419,0.149689,10,2.87333,0.070237,1.81702
757,0.783888,0.168796,10,3.32,0.0701417,1.80299
758,0.79007,0.231095,10,4.01333,0.0729354,2.18463
759,0.579739,0.155227,9,2.74667,0.0712962,2.15608
760,0.634986,0.158545,9,3.01333,0.0670819,2.17884
761,0.722045,0.216278,10,3.61333,0.0665479,1.94473
762,0.654998,0.198798,10,3.74667,0.0697097,2.05915
763,0.648827,0.179737,10,3.42667,0.0691963,2.03592
764,0.792531,0.215335,10,3.92,0.0643745,1.79848
765,0.657226,0.165221,10,3.46667,0.0676687,2.02469
766,0.736027,0.210441,10,3.40667,0.0640546,2.10218
767,0.775294,0.207041,10,3.73333,0.0679656,1.97158
768,0.696045,0.185106,10,3.47333,0.0651859,1.92189
769,0.740764,0.178031,10,3.21333,0.0643066,2.02351
770,0.677252,0.175824,10,3.5,0.0694245,2.00556
771,0.682964,0.165957,9,3.31333,0.0686668,2.36478
772,0.763062,0.205249,10,3.56,0.0722247,1.78889
773,0.795696,0.206848,10,3.84,0.0680635,2.12763
774,0.718077,0.199695,10,3.77333,0.0710579,2.0255
775,0.822693,0.212277,10,3.94,0.0683069,1.67768
776,0.773671,0.145107,10,3.24667,0.0668008,2.05709
777,0.758718,0.172012,10,3.59333,0.0691776,2.47866
778,0.703193,0.173349,9,3.08,0.0653774,1.92567
779,0.789141,0.198022,10,3.72,0.0718643,1.86185
780,0.755246,0.143178,10,2.68667,0.0641715,1.95774
781,0.664806,0.161774,9,3.14,0.0690738,1.80178
782,0.730103,0.14329,10,2.86667,0.0698545,1.94503
783,0.669988,0.117318,9,2.38667,0.0662683,2.02517
784,0.655205,0.189723,10,3.96667,0.0705258,2.00285
785,0.790687,0.201328,10,3.87333,0.0684536,2.11536
786,0.712719,0.213686,10,3.54667,0.0647372,1.84472
787,0.606849,0.180647,8,3,0.0653744,1.9442
788,0.653913,0.14463,10,2.90667,0.0653289,2.11364
789,0.743703,0.161079,10,2.95333,0.0659975,2.00021
790,0.702577,0.175459,10,3.72667,0.0716698,2.02615
791,0.723847,0.171327,9,3.32,0.0677886,2.06888
792,0.689709,0.162978,10,2.94667,0.0667459,1.69125
793,0.737693,0.216201,10,3.73333,0.0685541,1.67511
794,0.710629,0.163157,10,3.28,0.0682356,2.08448
795,0.66519,0.162922,10,3.54667,0.0699135,2.11769
796,0.672395,0.187205,10,3.75333,0.0684588,2.36755
797,0.696184,0.182975,10,3.48667,0.0679825,2.27944
798,0.694022,0.197242,10,3.80667,0.0696226,2.44132
799,0.659253,0.204956,9,3.71333,0.0648365,2.20221
800,0.694407,0.154571,10,3.14,0.0648207,2.22532
801,0.690495,0.155952,10,3.22667,0.0679331,2.12875
802,0.68066,0.0908767,10,2.1,0.0656228,2.24023
803,0.680013,0.152216,9,2.93333,0.0666842,2.11812
804,0.671094,0.136665,10,2.92,0.0694123,2.35261
805,0.742305,0.181086,10,3.66,0.0683246,2.12559
806,0.607209,0.104897,9,2.28667,0.0650223,2.06281
807,0.713509,0.14229,10,2.71333,0.0700903,2.1399
808,0.7023,0.191757,9,3.47333,0.0707224,1.75253
809,0.571746,0.143682,9,3,0.0698876,1.93785
810,0.746015,0.161977,10,3.33333,0.0683128,2.02277
811,0.76262,0.19462,10,3.88667,0.0693118,1.88577
812,0.68504,0.156956,9,3.37333,0.0691614,2.11031
813,0.697356,0.151482,10,2.88,0.0658035,2.02232
814,0.77136,0.169969,10,3.22667,0.0684533,1.87709
815,0.676563,0.178362,10,3.68667,0.0676832,2.06561
816,0.497303,0.10304,9,2.16667,0.0628131,2.23695
817,0.709453,0.155921,10,3.05333,0.0650163,2.04923
818,0.701235,0.149349,10,2.85333,0.066456,2.34884
819,0.718632,0.165907,10,3.38,0.0728432,2.43244
820,0.693492,0.155582,10,3.00667,0.0670561,2.17364
821,0.719836,0.169991,10,3.12,0.0673687,2.33116
822,0.55974,0.134346,8,2.69333,0.067078,2.29605
823,0.631435,0.15242,10,2.9,0.0649387,2.1564
824,0.732883,0.150764,10,2.87333,0.0662681,1.97568
825,0.752813,0.214658,10,3.79333,0.0646101,1.92197
826,0.611428,0.16592,9,3.26667,0.0665791,2.40069
827,0.7419,0.179745,10,3.66667,0.0667007,2.06255
828,0.681055,0.186874,9,3.54,0.0669411,2.31226
829,0.748229,0.16802,10,3.28667,0.0679745,2.21273
830,0.711917,0.15676,10,3.12667,0.0649384,2.0847
831,0.709894,0.132344,10,2.92,0.0669705,2.30288
832,0.79677,0.173804,10,3.51333,0.0679313,2.20083
833,0.732396,0.122137,10,2.49333,0.0657649,2.17695
834,0.69004,0.16564,10,3.24667,0.0710341,2.16678
835,0.55921,0.10544,9,2.29333,0.0677847,2.31657
836,0.739347,0.140242,10,2.78667,0.0673484,2.22818
837,0.682337,0.154214,10,2.96667,0.0654382,2.05073
838,0.610045,0.152248,9,3.18,0.0667024,2.31255
839,0.741532,0.20303,10,3.86667,0.06978,2.32734
840,0.70122,0.174561,9,3.38,0.0695968,2.39488
841,0.666433,0.147383,10,2.92,0.0655398,2.2436
842,0.743628,0.182191,10,3.26667,0.0719634,2.30737
843,0.769216,0.173701,10,3.36667,0.0680179,2.24183
844,0.604321,0.144004,9,2.69333,0.0672506,1.95666
845,0.71464,0.182708,10,3.5,0.0679279,2.31528
846,0.665809,0.17393,10,3.28667,0.0651903,2.15176
847,0.683618,0.143487,10,2.91333,0.0664138,2.23936
848,0.508422,0.13155,8,2.65333,0.0679569,2.30975
849,0.668928,0.172446,10,3.34667,0.0723083,2.3167
850,0.689933,0.166368,9,3.14,0.068144,2.13311
851,0.634934,0.114417,10,2.32667,0.0676803,2.06109
852,0.606478,0.12136,8,2.51333,0.0644429,2.55141
853,0.640036,0.138711,10,2.72,0.0678169,2.41871
854,0.693029,0.183139,10,3.49333,0.0682684,2.32855
855,0.53051,0.133238,7,2.28,0.0641472,2.60086
856,0.770943,0.186058,10,3.26667,0.0690906,2.06138
857,0.747487,0.158483,10,3.24,0.0678123,2.05338
858,0.64549,0.166562,9,2.98,0.0687133,2.1032
859,0.757633,0.166955,10,3.13333,0.0692986,1.8574
860,0.790161,0.200023,10,3.78,0.0689517,1.82669
861,0.638406,0.135535,10,2.75333,0.0694518,2.12036
862,0.729789,0.162328,10,3.17333,0.0692973,1.89927
863,0.793302,0.185387,10,3.16667,0.0650247,1.51074
864,0.735431,0.168737,9,2.98667,0.0646421,2.03578
865,0.736801,0.163871,10,3.16667,0.0692167,2.24577
866,0.6291,0.139675,9,2.85333,0.0650873,2.37161
867,0.76116,0.17579,10,3.53333,0.071304,2.23493
868,0.72416,0.155485,10,3.03333,0.0680139,2.3148
869,0.703473,0.178466,10,3.12667,0.0658571,1.87837
870,0.682645,0.171317,9,2.79333,0.0655211,2.1353
871,0.832749,0.188364,10,3.34667,0.066662,1.8246
872,0.681421,0.156461,10,3,0.0665864,2.06522
873,0.681364,0.143354,9,2.73333,0.0652722,2.16499
874,0.527187,0.127555,9,2.44667,0.0642408,1.82114
875,0.703423,0.155724,10,3.14,0.0696268,2.26623
876,0.727157,0.151701,10,2.78,0.0681081,1.994
877,0.632902,0.153048,10,2.78,0.0683928,1.85462
878,0.696483,0.166688,10,3.04,0.0651095,2.04967
879,0.671318,0.126717,10,2.44,0.0676085,1.89307
880,0.570845,0.119224,8,2.19333,0.0670392,2.08016
881,0.753502,0.149434,10,2.48667,0.0675856,1.66151
882,0.686995,0.14281,10,2.90667,0.0678465,1.92014
883,0.601393,0.136504,9,2.62,0.0659966,2.08813
884,0.751019,0.191832,10,3.37333,0.0645475,1.9861
885,0.73748,0.130959,10,2.44667,0.0678333,1.88283
886,0.694369,0.170692,10,2.98667,0.0654292,1.89826
887,0.660865,0.142496,9,2.62,0.0620835,2.22777
888,0.722547,0.17288,10,3.66667,0.073236,2.20763
889,0.760681,0.168186,10,3.21333,0.0668541,2.0862
890,0.679713,0.155055,9,3.3,0.0693337,2.15565
891,0.720794,0.16975,10,3.38667,0.0684305,2.25222
892,0.692305,0.170218,10,3.28,0.0654736,2.17332
893,0.595697,0.128362,10,2.86667,0.0658419,2.28275
894,0.748271,0.153807,10,3.23333,0.0670538,2.24564
895,0.724638,0.148475,10,3.08,0.06539,2.02906
896,0.709112,0.160973,10,3.45333,0.0678472,2.21144
897,0.662899,0.126888,10,2.70667,0.0662504,1.90115
898,0.612303,0.106444,9,2.67333,0.0647308,2.32813
899,0.617033,0.14827,9,2.7,0.0694962,2.19361
900,0.617938,0.144331,10,3.01333,0.0699322,2.26538
901,0.598027,0.114971,10,2.68667,0.0691573,2.22679
902,0.759745,0.149073,10,3.38667,0.0695771,2.2296
903,0.583519,0.11599,9,2.26667,0.0675929,2.31502
904,0.730801,0.152822,10,2.99333,0.0663623,2.01524
905,0.675633,0.154199,10,2.98,0.0681614,2.20674
906,0.664178,0.14027,9,2.96667,0.069291,2.37154
907,0.683375,0.167944,10,3.32667,0.070007,2.33658
908,0.712956,0.175488,10,3.64,0.0688272,2.46474
909,0.598314,0.101087,8,2.17333,0.0676296,2.62258
910,0.585351,0.13593,9,2.63333,0.0714638,2.64575
911,0.654764,0.118443,9,2.38,0.0654637,2.3393
912,0.71394,0.164371,10,3.25333,0.0676328,2.61346
913,0.769622,0.178081,10,3.66,0.0687925,2.24453
914,0.601152,0.158623,8,2.86667,0.0674194,2.30522
915,0.705792,0.133355,9,2.92,0.067633,2.21128
916,0.683922,0.12007,10,2.73333,0.0703708,2.46668
917,0.688015,0.171924,9,3.3,0.0665949,2.40112
918,0.766355,0.166782,10,2.93333,0.0660404,2.17662
919,0.646703,0.154127,9,2.90667,0.0686551,2.25107
920,0.715783,0.168905,10,3.14667,0.0674017,2.28716
921,0.638638,0.126493,9,2.44,0.0671671,2.12811
922,0.681994,0.127581,10,2.58667,0.0695907,2.19561
923,0.649219,0.129889,9,2.52667,0.0692613,2.10654
924,0.682042,0.185246,10,3.49333,0.0691344,2.18221
925,0.592658,0.146083,9,2.90667,0.0691696,2.35652
926,0.665035,0.124744,10,2.82667,0.066485,2.55783
927,0.718917,0.207844,10,3.92,0.0632618,2.25592
928,0.67964,0.175972,10,3.27333,0.0702849,2.62296
929,0.75371,0.21166,10,3.65333,0.0660915,2.33821
930,0.692505,0.160492,10,3.22,0.0672788,2.19735
931,0.694602,0.220208,10,3.65333,0.0701691,2.29408
932,0.64017,0.162355,9,2.97333,0.0648302,2.35051
933,0.676311,0.205632,9,3.20667,0.0650828,2.00714
934,0.635586,0.173025,10,3.25333,0.0654548,2.14259
935,0.724379,0.207484,10,3.6,0.0687124,2.20462
936,0.791812,0.207528,10,3.78,0.0713996,2.21483
937,0.721717,0.174651,10,3.30667,0.070123,2.04939
938,0.688665,0.168017,10,3.47333,0.0649259,2.24158
939,0.654394,0.12623,10,2.37333,0.0652619,2.05771
940,0.663957,0.126337,9,2.32,0.0625048,1.81922
941,0.666343,0.153013,9,2.94,0.0690475,2.13475
942,0.581845,0.109717,9,2.44667,0.0686414,2.34168
943,0.676766,0.144046,9,2.98667,0.0708642,2.21657
944,0.720858,0.148322,10,2.76,0.067776,2.0748
945,0.765035,0.139958,10,2.62667,0.0692318,2.04138
946,0.639885,0.151428,10,2.86,0.0693379,2.35852
947,0.644649,0.157195,9,2.86667,0.070006,2.439
948,0.777791,0.192704,10,3.42667,0.0702986,2.12242
949,0.684287,0.164664,9,3.03333,0.0678029,2.30341
950,0.632068,0.135475,9,2.74667,0.0682523,2.64093
951,0.702003,0.158182,10,3.10667,0.0653253,2.25932
952,0.595632,0.11559,10,2.42667,0.0684397,2.39916
953,0.760526,0.162244,10,3.04,0.0688885,2.33814
954,0.807694,0.181336,10,3.16,0.0673989,1.99604
955,0.757093,0.171102,9,2.94667,0.0656239,2.36015
956,0.655118,0.106634,10,2.18,0.0681122,2.41467
957,0.671938,0.159287,10,2.87333,0.0664967,2.10967
958,0.680309,0.21501,10,3.68,0.0694264,2.1909
959,0.662967,0.195336,10,3.84667,0.0688297,1.90336
960,0.730447,0.215702,10,3.86,0.0716853,2.2311
961,0.744334,0.182931,10,3.36667,0.0679794,2.37579
962,0.733854,0.208989,10,3.83333,0.0670534,2.116
963,0.722365,0.171223,10,3.32,0.0698001,2.24432
964,0.777471,0.202525,9,3.73333,0.0662054,2.06535
965,0.808461,0.269626,10,4.61333,0.0668461,2.0023
966,0.756808,0.236492,9,3.99333,0.0712066,2.20358
967,0.693686,0.171257,9,3.13333,0.0643271,2.1839
968,0.704725,0.172122,10,3.44,0.0713435,2.24292
969,0.723125,0.13717,9,3.04,0.0693172,2.44246
970,0.681673,0.179194,10,3.46667,0.0682561,2.16641
971,0.715456,0.188275,9,3.44,0.0669644,2.10559
972,0.829707,0.234362,10,4.54667,0.0662707,1.98088
973,0.632139,0.147341,9,3.08667,0.0677066,2.43508
974,0.757132,0.189722,10,3.68667,0.0686333,2.31637
975,0.796842,0.189825,10,3.86667,0.0676757,2.31555
976,0.614726,0.144741,10,2.94667,0.0683185,2.6329
977,0.727729,0.160871,10,3.52,0.069668,2.49243
978,0.623429,0.139029,10,2.91333,0.0694682,2.57903
979,0.599929,0.137152,8,3.12667,0.0663805,2.46777
980,0.669401,0.128386,10,2.88,0.0653849,2.7484
981,0.691632,0.160077,10,2.99333,0.0690794,2.4657
982,0.583425,0.126026,9,2.4,0.0647481,2.30761
983,0.573222,0.103628,9,2.18,0.0662075,2.22054
984,0.893141,0.183226,10,3.52667,0.0718503,2.24788
985,0.755153,0.153211,10,2.95333,0.0648357,1.90197
986,0.6519,0.103417,9,2.38667,0.0702152,2.26416
987,0.69027,0.13242,9,2.66,0.0663059,2.14842
988,0.763125,0.151372,10,3.19333,0.0666047,2.13401
989,0.666921,0.145272,10,2.84,0.0693809,2.23684
990,0.690428,0.139064,10,2.94,0.0690938,2.05558
991,0.541092,0.105752,8,2.26667,0.0670707,2.26457
992,0.691403,0.181754,9,3.7,0.0689867,2.39639
993,0.731988,0.171561,10,3.66667,0.0665676,2.31884
994,0.487596,0.0875682,8,2.08,0.0655835,2.76133
995,0.591612,0.0980369,8,2.1,0.0678947,2.50666
996,0.716724,0.143398,10,3.29333,0.067325,2.51942
997,0.705795,0.1251,9,3.10667,0.0657784,2.51566
998,0.763416,0.183233,10,3.90667,0.0715407,2.34758
999,0.65498,0.130998,9,2.92667,0.0673875,2.54652
1000,0.763965,0.212969,10,4.16667,0.0627847,2.01577
