1,0.0908933,0.0016112,2,0.08,0.0677977,1.22314
2,0.102033,0.00437364,5,0.24,0.0679541,1.15755
3,0.174671,0.00526767,5,0.353333,0.0701733,1.17079
4,0.112618,0.00440511,4,0.56,0.066028,1.48108
5,0.186005,0.0078779,6,0.62,0.0661851,1.1596
6,0.186955,0.0113732,5,0.473333,0.0683439,1.26279
7,0.110655,0.00500841,4,0.313333,0.0643303,0.859979
8,0.181199,0.0106263,4,0.646667,0.0667525,1.01506
9,0.27283,0.0427311,5,1.42667,0.0664379,1.21652
10,0.306004,0.0433676,6,1.35333,0.0706858,1.3647
11,0.192739,0.0217711,8,1.09333,0.0666975,1.17234
12,0.167843,0.0156955,6,0.98,0.067013,1.44344
13,0.190708,0.0122218,8,0.773333,0.066066,1.39138
14,0.211861,0.0312714,9,1.39333,0.0697109,1.70956
15,0.253902,0.0274926,8,1.14667,0.070471,1.2221
16,0.433416,0.0274189,8,1.52,0.0692843,1.47617
17,0.308874,0.0570751,8,2.28,0.0701456,1.58607
18,0.309715,0.0408214,7,1.57333,0.0690964,2.10287
19,0.388762,0.0359247,6,1.40667,0.0648731,1.65848
20,0.271947,0.0421534,6,1.59333,0.0711454,1.91062
21,0.534144,0.0243837,7,0.986667,0.0673829,1.58193
22,0.367928,0.033338,7,1.41333,0.0669202,2.26118
23,0.336645,0.0253252,7,1.22667,0.0722432,1.91006
24,0.296307,0.0392193,8,1.51333,0.0672112,1.89186
25,0.480766,0.0509306,7,1.70667,0.0648034,1.87234
26,0.362972,0.0297457,6,0.906667,0.0690255,1.82984
27,0.440512,0.0649604,8,1.62,0.0711719,2.03389
28,0.392951,0.0290883,9,1.34,0.0690281,1.95999
29,0.530344,0.0369885,9,1.20667,0.068773,1.84595
30,0.296381,0.0378288,8,1.25333,0.0662793,1.50603
31,0.426429,0.0400415,7,1.56667,0.0682166,2.08096
32,0.496077,0.0402217,9,1.51333,0.0680482,1.804
33,0.441013,0.0541826,8,1.68,0.0685032,1.68541
34,0.453428,0.0632583,9,2.05333,0.0705203,1.65351
35,0.365549,0.0337057,8,1.28,0.0656653,1.96135
36,0.424652,0.0374914,9,1.33333,0.0666905,1.69012
37,0.330574,0.0354938,7,1.36667,0.0617298,1.57012
38,0.431345,0.0427429,8,1.74667,0.0671562,1.61095
39,0.365064,0.0636294,7,1.96,0.0693052,2.0287
40,0.387386,0.0412497,9,1.64667,0.066359,1.92961
41,0.342631,0.0352289,9,1.60667,0.0674233,2.25005
42,0.616336,0.0815561,10,2.72667,0.069309,2.31758
43,0.465422,0.0410739,9,1.34,0.0651242,2.18853
44,0.532515,0.0624494,9,2.04667,0.0653099,2.34182
45,0.466074,0.0676666,9,2.23333,0.0661469,2.59457
46,0.565173,0.0515407,9,1.8,0.0710796,2.23164
47,0.424837,0.0862032,6,2.18667,0.0678816,2.12476
48,0.496278,0.0992619,8,2.96667,0.0690636,2.31778
49,0.468925,0.0930794,8,2.36,0.0651744,2.0623
50,0.633617,0.0956151,10,2.88,0.0705325,2.17595
51,0.611627,0.0644352,9,2.00667,0.068962,2.33841
52,0.579368,0.0934604,10,2.69333,0.0631634,1.94886
53,0.432332,0.0574092,8,1.87333,0.0665624,2.52908
54,0.411307,0.0778243,8,1.76667,0.0650866,1.93652
55,0.481294,0.101614,9,2.15333,0.0668061,2.38746
56,0.556758,0.0861604,9,1.93333,0.0683103,2.26594
57,0.430382,0.0542789,8,1.50667,0.0686364,2.30231
58,0.631543,0.0949699,10,2.17333,0.0710084,2.60242
59,0.615193,0.0718683,10,1.78667,0.0683171,2.29972
60,0.574016,0.0699578,10,1.70667,0.0661306,2.45966
61,0.556901,0.0701748,10,2.13333,0.0646045,2.53608
62,0.57269,0.116025,9,2.14667,0.0645652,2.4033
63,0.651777,0.116879,10,2.62667,0.0695996,3.13
64,0.610588,0.131579,9,2.67333,0.067718,2.86742
65,0.555817,0.11755,8,2.38667,0.0710421,3.0541
66,0.705121,0.107249,10,2.56,0.0681871,3.22058
67,0.708012,0.0956526,10,2.33333,0.0693523,2.72092
68,0.692879,0.107561,10,2.54,0.071227,2.90512
69,0.694951,0.102052,10,2.32,0.0673461,2.78888
70,0.696406,0.107068,10,2.30667,0.067289,3.0437
71,0.695244,0.12917,9,2.76,0.0686921,2.65663
72,0.625615,0.127345,10,2.9,0.0685018,2.44642
73,0.534614,0.0542378,8,1.49333,0.0642464,2.67192
74,0.654998,0.084803,9,2.21333,0.0661256,2.51807
75,0.709558,0.0859274,9,2.16,0.0624063,2.36724
76,0.675055,0.0991852,10,2.72667,0.0698098,2.69415
77,0.613481,0.120001,10,2.87333,0.0697915,2.77336
78,0.571896,0.117355,9,2.64667,0.0703411,2.83905
79,0.621761,0.112191,10,2.69333,0.0673743,2.82202
80,0.663624,0.177934,9,3.66667,0.065805,2.91723
81,0.752593,0.116116,10,2.58,0.0696589,2.74721
82,0.695718,0.117361,10,2.58,0.0670226,2.41055
83,0.653363,0.145598,9,2.99333,0.0647479,2.95863
84,0.655126,0.124361,9,2.88667,0.0654675,2.81583
85,0.65391,0.128653,9,2.87333,0.0660142,3.12447
86,0.714149,0.147919,10,2.9,0.0688027,2.98221
87,0.733692,0.184615,10,3.86,0.0728125,3.12465
88,0.760325,0.199757,10,3.68667,0.0684888,2.64507
89,0.691884,0.176113,10,3.28,0.0677583,3.08363
90,0.780439,0.213795,10,3.94,0.0704228,2.70644
91,0.606075,0.124301,9,2.66667,0.0673254,2.80798
92,0.654014,0.15177,10,3.19333,0.0687756,2.64845
93,0.634168,0.13172,9,2.76667,0.0667061,2.57573
94,0.541881,0.124892,9,2.89333,0.0655246,2.93209
95,0.661645,0.14839,9,3.12,0.0681303,2.85005
96,0.591593,0.149461,9,2.72,0.0627835,2.59682
97,0.637004,0.151137,9,2.98,0.0663793,3.00298
98,0.503434,0.116842,9,2.63333,0.0678732,3.10461
99,0.799464,0.181276,9,3.31333,0.0660666,2.48384
100,0.852747,0.195071,10,3.94,0.0678125,2.51684
101,0.85171,0.199999,10,3.92667,0.0697609,2.62411
102,0.640017,0.161687,10,3.12667,0.0655414,2.51741
103,0.675872,0.147476,10,2.94,0.0660946,2.50101
104,0.56893,0.1395,8,2.84,0.0661097,2.53552
105,0.618231,0.172101,10,3.29333,0.0647555,2.60677
106,0.675081,0.157967,10,3.08,0.0665562,2.18123
107,0.609777,0.171279,10,3.17333,0.0676812,2.13778
108,0.745351,0.157987,10,3.40667,0.0657201,2.32478
109,0.762759,0.20102,10,3.36667,0.0687188,2.49689
110,0.675457,0.170096,10,3.10667,0.0692496,2.66063
111,0.632323,0.137162,10,2.81333,0.0653597,2.47256
112,0.621011,0.155225,10,3.06,0.0666868,2.57711
113,0.730563,0.178403,9,3.26667,0.0689137,2.41451
114,0.694558,0.157378,10,3.07333,0.0650163,2.50373
115,0.60568,0.149254,9,3.30667,0.0690965,2.65627
116,0.750959,0.194715,10,4.02,0.0716569,2.45711
117,0.592978,0.128622,10,2.92667,0.0669472,2.48675
118,0.747512,0.163893,10,3.4,0.0703448,2.46553
119,0.721503,0.154899,10,2.98,0.063727,2.37779
120,0.710852,0.164579,10,3.16,0.0692319,2.81554
121,0.773387,0.198833,10,3.82,0.0688591,2.45806
122,0.701032,0.14443,10,3.07333,0.0680091,2.74546
123,0.686388,0.167137,10,3.24,0.0663051,2.40491
124,0.650571,0.139343,10,2.93333,0.0654799,2.5253
125,0.646989,0.145902,9,3.02667,0.0660388,2.38919
126,0.73717,0.189659,10,3.66667,0.0701343,2.41477
127,0.642109,0.137586,10,2.68667,0.0701527,2.40969
128,0.650448,0.179823,10,3.48667,0.0727839,2.29028
129,0.623666,0.166541,10,3.3,0.0699244,2.39351
130,0.797103,0.161539,10,3.11333,0.0680902,2.48491
131,0.630111,0.141442,9,2.53333,0.0676896,2.6715
132,0.674278,0.136102,9,2.83333,0.0640302,2.66778
133,0.569826,0.137112,10,2.70667,0.0659261,2.52694
134,0.64673,0.148434,10,2.9,0.0665221,2.57586
135,0.71256,0.155616,10,3.08,0.0717178,2.67546
136,0.617592,0.133557,10,2.81333,0.0662532,2.54078
137,0.814769,0.199461,10,3.64667,0.0728807,2.45692
138,0.800388,0.202729,10,3.87333,0.0679655,2.70033
139,0.779549,0.218607,10,3.99333,0.066155,2.43764
140,0.762479,0.217371,10,3.94667,0.0702552,2.55458
141,0.700409,0.17149,10,3.31333,0.0693767,2.73162
142,0.64676,0.206592,10,3.59333,0.0613115,2.47759
143,0.782559,0.22337,10,3.97333,0.0670458,2.47442
144,0.683614,0.20786,10,3.64667,0.0678296,2.76958
145,0.712268,0.183733,10,3.36667,0.0688737,2.68647
146,0.726162,0.172455,10,3.32667,0.0710764,2.74528
147,0.619986,0.157628,9,3.1,0.0663441,2.88119
148,0.671516,0.182109,10,3.32667,0.0688919,3.00266
149,0.685181,0.198256,10,3.32,0.0667358,2.8021
150,0.829006,0.243397,10,4.18667,0.0651695,2.5889
151,0.715244,0.211595,10,3.84,0.0658277,2.51272
152,0.717299,0.199061,10,3.82667,0.069772,2.67034
153,0.8097,0.169034,10,3.39333,0.0714716,2.69078
154,0.751396,0.200097,10,3.79333,0.0686406,2.86417
155,0.783681,0.210994,10,3.72,0.0690397,2.5102
156,0.774124,0.184522,10,3.95333,0.0676745,2.69784
157,0.538417,0.141438,9,2.97333,0.0669227,2.93365
158,0.670271,0.157726,10,3.14,0.0645763,2.75681
159,0.763824,0.142903,10,2.94,0.0676992,2.92174
160,0.513729,0.131388,8,2.51333,0.0630256,2.46659
161,0.707263,0.188407,10,3.68667,0.0684278,2.5863
162,0.671514,0.161156,10,3.16,0.0651824,2.28593
163,0.631241,0.123969,9,2.66,0.0678418,2.29697
164,0.789256,0.152151,10,3.15333,0.0638239,2.31333
165,0.79443,0.195781,10,3.6,0.0742743,2.80212
166,0.783443,0.140583,10,2.76667,0.0662316,2.27217
167,0.665449,0.142072,9,2.80667,0.0656194,2.40978
168,0.574132,0.103764,9,2.24,0.0678995,2.69729
169,0.891401,0.212541,10,3.96,0.0668795,2.46801
170,0.646077,0.14099,9,2.62667,0.0735404,2.97219
171,0.75039,0.133329,10,3.08667,0.0676536,2.61094
172,0.603718,0.13598,10,2.84667,0.0657146,2.62168
173,0.815893,0.175399,9,3.30667,0.0650752,2.47291
174,0.587418,0.113485,8,2.25333,0.0643712,2.54182
175,0.780911,0.15558,10,3.20667,0.0680265,2.52506
176,0.742615,0.153383,10,2.97333,0.068416,2.65171
177,0.868725,0.241324,10,4.13333,0.0664032,2.27123
178,0.674007,0.144903,9,2.8,0.0649856,2.83136
179,0.775927,0.216032,10,4.2,0.0678021,2.49516
180,0.713032,0.140984,10,2.85333,0.064894,2.76768
181,0.742458,0.135942,10,3.2,0.0694852,2.82729
182,0.739471,0.121347,10,3.22,0.0686007,2.75234
183,0.718966,0.139496,10,3.29333,0.0682381,2.85406
184,0.682247,0.164982,10,3.36,0.065214,2.45527
185,0.770835,0.122839,10,2.9,0.0681603,2.73613
186,0.875377,0.171584,10,3.82667,0.0727243,2.90616
187,0.642129,0.119036,9,2.45333,0.0663701,3.12709
188,0.704702,0.119857,10,2.6,0.070156,2.762
189,0.697208,0.138081,10,2.92,0.0692515,2.7385
190,0.748131,0.142843,10,2.6,0.0726575,2.70226
191,0.757247,0.141329,9,2.54,0.0644306,2.51122
192,0.776641,0.160565,10,2.88667,0.0701023,2.96616
193,0.666901,0.181319,10,3.17333,0.0620619,2.63461
194,0.784592,0.196965,10,3.59333,0.0686855,2.74376
195,0.745393,0.171991,10,3.18,0.0659617,2.33708
196,0.715064,0.148872,10,2.92667,0.0670206,2.55332
197,0.589766,0.116005,9,2.38667,0.0665977,2.88853
198,0.704855,0.132452,10,2.56,0.0698996,2.70312
199,0.797805,0.178413,10,3.18,0.0706735,2.55713
200,0.764375,0.187312,10,3.37333,0.0697106,2.65933
201,0.729854,0.160492,9,3.22667,0.0694704,2.95895
202,0.755253,0.179765,10,3.02667,0.0640038,2.50854
203,0.815685,0.212488,10,3.66,0.0696352,2.51069
204,0.73816,0.212226,10,3.49333,0.0702173,2.64218
205,0.678613,0.165202,10,3.25333,0.0668223,2.4755
206,0.661572,0.14483,10,2.68,0.0667122,2.72489
207,0.705819,0.141819,10,2.75333,0.0673307,2.50193
208,0.656793,0.154219,9,2.86667,0.0648685,2.49409
209,0.825122,0.240367,10,4.08667,0.0680543,2.4929
210,0.78,0.204083,10,3.63333,0.0670782,2.41458
211,0.812209,0.210574,10,3.82,0.0702384,2.48715
212,0.717322,0.132427,10,2.68,0.0676957,2.52279
213,0.748997,0.147403,10,2.90667,0.0689109,2.35747
214,0.541903,0.110975,8,2.32,0.0656606,2.52471
215,0.762062,0.208349,10,3.92,0.0645111,2.31726
216,0.680573,0.185548,10,3.42,0.0662204,2.33431
217,0.768589,0.17017,10,3.38667,0.0676216,2.66162
218,0.801127,0.218029,10,3.9,0.0678624,2.44334
219,0.786408,0.183142,10,3.60667,0.0685459,2.74896
220,0.764642,0.176303,10,3.58667,0.0692043,2.8073
221,0.683704,0.16783,10,3.28,0.0659347,2.76662
222,0.778557,0.184263,10,3.26667,0.0667249,2.59405
223,0.69928,0.144908,10,2.68667,0.0659277,2.28997
224,0.782159,0.212179,10,3.84667,0.0670225,2.27999
225,0.701644,0.18001,10,3.28667,0.0650046,2.1325
226,0.675747,0.167981,10,3.08,0.0689203,2.69348
227,0.800258,0.218981,10,3.92,0.0702688,2.22663
228,0.784173,0.170069,10,3.11333,0.0652149,2.41816
229,0.629386,0.176332,10,3.41333,0.0682156,2.6691
230,0.664362,0.171109,10,3.12,0.0683506,2.36404
231,0.76228,0.161691,10,2.87333,0.0681431,2.57587
232,0.718212,0.173012,10,3.39333,0.0713622,2.37779
233,0.680157,0.185976,10,3.21333,0.0653138,2.4831
234,0.672164,0.112365,10,2.28,0.0675433,2.67691
235,0.798846,0.155542,10,2.90667,0.0659099,2.34838
236,0.739952,0.158277,10,2.92,0.064414,2.39327
237,0.760831,0.174938,10,3.24667,0.0661495,2.3219
238,0.723213,0.156858,10,3.15333,0.0698203,2.44825
239,0.789594,0.193566,10,3.37333,0.0652149,2.15046
240,0.689693,0.164031,10,3.12667,0.0668336,2.44223
241,0.70204,0.19209,10,3.90667,0.0648636,2.46852
242,0.741242,0.176987,10,3.24,0.0669431,2.46172
243,0.714943,0.127879,10,2.61333,0.0641329,2.4266
244,0.630344,0.133007,10,2.59333,0.0686317,2.48737
245,0.763694,0.141254,10,3,0.0709689,2.14949
246,0.625361,0.10876,10,2.19333,0.0623706,2.13106
247,0.614603,0.137535,9,2.54667,0.0656128,2.49238
248,0.652848,0.135059,10,3.00667,0.0691463,2.40159
249,0.697523,0.157929,10,3.17333,0.0690495,2.41277
250,0.680189,0.118637,9,2.58667,0.0655829,2.48737
251,0.645878,0.137303,10,2.92667,0.0670484,2.34668
252,0.703492,0.168688,10,3.37333,0.0656305,2.39236
253,0.658213,0.105402,10,2.38,0.0641894,2.56568
254,0.763025,0.149238,10,3.08,0.070176,2.54435
255,0.703157,0.139984,10,2.86,0.0642783,2.41884
256,0.774237,0.170414,10,3.27333,0.0676107,2.44644
257,0.616294,0.105385,10,2.19333,0.0642814,2.48224
258,0.730126,0.107945,10,2.48667,0.0672193,2.91148
259,0.717977,0.127904,10,2.78667,0.0675329,2.40914
260,0.70182,0.130652,10,2.91333,0.0694127,2.38499
261,0.70562,0.146088,10,3.17333,0.0694465,2.57899
262,0.646739,0.124795,10,2.72,0.0672559,2.53576
263,0.717654,0.170222,10,3.62,0.0684704,2.54934
264,0.687841,0.11546,10,2.62667,0.068937,2.61597
265,0.538865,0.0938275,9,2.23333,0.0694876,2.5659
266,0.715288,0.124276,10,2.72,0.0708539,2.54217
267,0.632757,0.123085,9,2.84,0.0685217,2.48063
268,0.665861,0.116755,10,2.73333,0.0694047,2.55075
269,0.75037,0.17306,10,3.70667,0.0708977,2.86864
270,0.726011,0.123642,10,2.80667,0.0656397,2.68131
271,0.631767,0.126372,10,2.94667,0.0690896,2.76968
272,0.705061,0.149483,10,3.10667,0.0674741,3.05214
273,0.639643,0.148692,9,3.11333,0.0678901,3.14485
274,0.716899,0.198972,10,3.62667,0.0664158,2.99005
275,0.764143,0.204063,10,3.56,0.0698744,2.48514
276,0.729977,0.199576,9,3.27333,0.0627987,2.32247
277,0.761905,0.204556,10,3.51333,0.0662305,2.60245
278,0.632516,0.143132,10,2.80667,0.0667513,2.5115
279,0.694025,0.19403,10,3.42667,0.0650211,2.34267
280,0.729066,0.195767,10,3.33333,0.0655755,2.49345
281,0.667109,0.122046,9,2.62667,0.0633795,2.61398
282,0.833575,0.144142,10,2.91333,0.06534,2.38432
283,0.754644,0.178071,10,3.16667,0.0659622,2.25172
284,0.715966,0.138714,10,2.9,0.0677047,2.59662
285,0.676574,0.138924,9,2.57333,0.0667883,2.41881
286,0.709544,0.17038,10,3.17333,0.0674379,2.85629
287,0.618777,0.122354,9,2.4,0.0630787,2.5983
288,0.760024,0.192298,10,3.56,0.0696955,2.68448
289,0.739865,0.142166,10,3.13333,0.0674631,2.56109
290,0.707656,0.157936,10,2.94,0.0694127,2.6151
291,0.716027,0.185416,10,3.66,0.0668665,2.7947
292,0.690075,0.153633,10,3.41333,0.0700001,2.84981
293,0.77652,0.193841,10,3.40667,0.0689515,2.50997
294,0.770481,0.168036,10,3.06,0.0705696,2.58222
295,0.725142,0.154129,10,3.06,0.0678983,2.71148
296,0.726451,0.164378,10,3.20667,0.06977,2.47323
297,0.769863,0.183134,10,3.30667,0.0689395,2.31641
298,0.727838,0.138987,10,3.07333,0.0666147,2.42125
299,0.616694,0.127323,9,2.44,0.0680276,2.40151
300,0.746435,0.146706,9,2.98667,0.0688659,2.49302
301,0.738988,0.174942,10,3.37333,0.0650963,2.59866
302,0.737695,0.221316,10,3.68667,0.0671885,2.29119
303,0.756686,0.215526,10,3.98,0.0695114,2.54162
304,0.707839,0.163139,9,3.02,0.0672953,2.7489
305,0.775354,0.186606,10,3.30667,0.0646054,2.26965
306,0.809927,0.231549,10,3.94,0.0658623,2.45145
307,0.727167,0.192967,10,3.60667,0.072366,2.83845
308,0.748427,0.211957,10,3.66,0.0643049,2.55369
309,0.783825,0.182855,10,3.65333,0.0695846,2.56629
310,0.769663,0.220573,10,3.82667,0.0707265,2.58346
311,0.632367,0.156792,10,2.9,0.0665008,2.61798
312,0.774216,0.218406,10,3.70667,0.0659844,2.54035
313,0.789314,0.250938,10,4.01333,0.0738821,2.34648
314,0.761999,0.192857,10,3.50667,0.0680835,2.64152
315,0.594775,0.143557,10,2.86,0.064129,2.74333
316,0.776436,0.174671,10,3.11333,0.0700057,2.65879
317,0.670241,0.163909,9,2.80667,0.0739778,2.97661
318,0.739073,0.201685,10,3.41333,0.0692986,2.41271
319,0.77545,0.220757,10,3.72,0.0663888,2.25808
320,0.718706,0.19899,10,3.33333,0.0646374,2.51864
321,0.78039,0.218693,10,3.58,0.0673134,2.49736
322,0.78746,0.222465,10,3.71333,0.0701324,2.42612
323,0.756417,0.217964,10,3.65333,0.0662542,2.74339
324,0.756772,0.229341,10,3.64,0.0661099,2.34624
325,0.783148,0.232304,10,4.06,0.0711437,2.54308
326,0.741569,0.216894,10,3.87333,0.0682442,2.83353
327,0.803684,0.220772,10,3.67333,0.0660889,2.20385
328,0.751543,0.266606,10,4.25333,0.067006,2.62916
329,0.768881,0.225801,10,3.74,0.0691782,2.48528
330,0.821269,0.221763,10,3.78667,0.0672491,2.56413
331,0.735049,0.216172,10,3.78,0.0664345,2.77038
332,0.749089,0.196916,10,3.28,0.0678661,2.32474
333,0.809413,0.260789,10,4.1,0.0709142,2.16314
334,0.751647,0.23839,10,3.98667,0.069914,2.52021
335,0.751519,0.238432,10,3.7,0.064231,2.21996
336,0.805611,0.266398,10,4.18,0.0681375,2.24386
337,0.758717,0.275124,10,4.43333,0.0632585,2.29566
338,0.660022,0.176219,10,3.19333,0.0678623,2.67603
339,0.758895,0.194993,10,3.53333,0.0641826,2.44109
340,0.784099,0.216575,10,3.79333,0.0690663,2.4596
341,0.782575,0.237537,10,3.56667,0.0667917,2.46289
342,0.696886,0.183495,10,3.3,0.0671666,2.56668
343,0.801024,0.232633,10,3.86,0.0654525,2.5917
344,0.792135,0.185168,10,3.26,0.0683827,2.55207
345,0.77544,0.160094,10,2.79333,0.0674033,2.18904
346,0.796315,0.182856,10,3.22,0.0640293,2.07943
347,0.694854,0.159802,10,2.92,0.0667632,2.73394
348,0.812423,0.176704,9,2.92,0.0665974,2.31158
349,0.631458,0.143053,10,2.62667,0.0705457,2.53476
350,0.709059,0.183805,10,3.34667,0.070611,2.49237
351,0.759716,0.223093,10,3.67333,0.0688177,2.57819
352,0.692363,0.226612,10,3.8,0.0651806,2.48675
353,0.791972,0.227269,10,3.44,0.0665079,2.61438
354,0.761005,0.232159,10,3.71333,0.0657373,2.82724
355,0.790911,0.206862,10,3.54,0.0649107,2.4192
356,0.679282,0.166339,10,2.92667,0.0634021,2.53067
357,0.743674,0.201235,10,3.66667,0.0684145,2.85444
358,0.793342,0.190264,10,3.42667,0.0686899,2.64567
359,0.720119,0.165162,10,2.97333,0.063162,2.7523
360,0.688199,0.152482,10,3,0.0639604,2.79701
361,0.800192,0.196354,10,3.68,0.0678878,2.75956
362,0.789384,0.209777,10,3.68,0.0673625,2.77614
363,0.646143,0.178079,9,3.28,0.0677407,2.65933
364,0.74685,0.178209,10,3.21333,0.0678009,2.80557
365,0.905637,0.228238,10,3.62667,0.0666051,2.39246
366,0.736773,0.178807,10,3.28667,0.0693013,2.73808
367,0.750318,0.218336,10,3.80667,0.0677317,2.4063
368,0.747398,0.200356,10,3.72,0.0705987,2.62125
369,0.709647,0.171616,10,3.31333,0.0708218,2.83195
370,0.725244,0.201786,10,3.63333,0.0659999,2.29894
371,0.764168,0.210504,10,3.56,0.0650242,2.53275
372,0.76017,0.198857,10,3.76,0.0704195,2.7153
373,0.761265,0.238408,10,4.06,0.0700512,2.34042
374,0.807406,0.202567,10,3.45333,0.0646849,2.39892
375,0.786093,0.20262,10,3.46667,0.0698173,2.697
376,0.736212,0.192471,10,3.26,0.0681287,2.48812
377,0.770821,0.212767,9,3.36,0.0667545,2.23555
378,0.726166,0.205948,10,4.04667,0.0696424,2.83318
379,0.703112,0.198182,10,3.78,0.0706441,2.93946
380,0.795119,0.234072,10,3.78,0.0646591,2.23501
381,0.756518,0.178248,10,3.28,0.0658007,2.53059
382,0.790995,0.2071,9,3.53333,0.0692868,2.6076
383,0.784337,0.168789,10,2.88,0.0661392,2.59726
384,0.77205,0.191615,10,3.12,0.0675026,2.65642
385,0.765334,0.210128,10,3.3,0.064813,2.26162
386,0.740484,0.17303,10,2.84,0.0678744,2.52767
387,0.744346,0.163368,10,2.82,0.0700547,2.46429
388,0.796389,0.202656,10,3.42,0.0692525,2.46494
389,0.829735,0.210898,10,3.92667,0.0703021,2.71105
390,0.718109,0.163264,10,2.90667,0.0698417,2.69272
391,0.852172,0.196984,10,3.52,0.0680451,2.45344
392,0.689101,0.119784,10,2.22667,0.0670739,2.38499
393,0.753772,0.150953,10,2.69333,0.0681505,2.18597
394,0.719179,0.128806,10,2.58,0.0681584,2.70099
395,0.597438,0.105264,9,2.18667,0.0682392,2.61618
396,0.720017,0.163629,10,2.98667,0.0685228,2.34799
397,0.734013,0.141434,10,2.66667,0.0648151,2.66624
398,0.794384,0.180525,10,3.34,0.0708426,2.72925
399,0.70562,0.174851,10,3.10667,0.0660806,2.97078
400,0.896086,0.173781,10,3.02,0.0734069,3.06965
401,0.705601,0.196981,10,3.29333,0.0671092,2.87548
402,0.799727,0.160587,10,3.13333,0.0692145,2.89831
403,0.633106,0.113114,10,2.32,0.0660224,2.88581
404,0.790455,0.131529,10,2.53333,0.0687802,2.98799
405,0.721097,0.122599,10,2.36667,0.069728,2.81841
406,0.781154,0.160318,10,2.93333,0.0712712,2.52089
407,0.795133,0.149414,10,2.82667,0.0671105,2.51722
408,0.732207,0.204289,10,3.38,0.066984,2.43407
409,0.794143,0.17035,10,2.98,0.0681575,2.5032
410,0.670622,0.156574,10,2.78,0.0669097,2.67025
411,0.707894,0.156371,10,2.98,0.0676994,2.79192
412,0.692755,0.183766,10,3.48,0.0649589,2.58141
413,0.807374,0.2036,10,3.65333,0.0688856,2.81069
414,0.782965,0.183932,10,3.28,0.0673055,2.58209
415,0.70117,0.167922,10,3.28667,0.0709419,3.02994
416,0.742149,0.154636,10,2.64667,0.068511,2.44595
417,0.808661,0.182684,10,3.32,0.0669338,2.3761
418,0.812361,0.139621,10,2.8,0.0672254,2.41507
419,0.642446,0.165823,10,3.28667,0.0678498,2.78288
420,0.735426,0.133391,10,2.67333,0.0664814,3.06366
421,0.624588,0.15179,10,3.28,0.0679586,2.9126
422,0.635771,0.205914,9,4.04,0.0727834,3.13737
423,0.824234,0.224037,10,3.82667,0.0686192,2.63533
424,0.915098,0.224331,10,3.92667,0.0685855,2.33235
425,0.738985,0.173497,10,3.15333,0.0664485,2.51187
426,0.701711,0.173714,10,3.39333,0.0683885,2.6378
427,0.673104,0.16432,10,3.20667,0.0660633,2.6454
428,0.755514,0.174838,10,3.21333,0.0663781,2.55774
429,0.773734,0.136397,10,3.00667,0.0664845,2.77669
430,0.700388,0.145058,10,3.03333,0.0662269,2.64245
431,0.609876,0.120691,10,2.64667,0.0676357,2.9731
432,0.733576,0.175552,10,3.58667,0.0697504,2.94514
433,0.739377,0.148604,10,3.12,0.0692398,2.84994
434,0.818209,0.190258,10,3.5,0.0701244,2.71061
435,0.635708,0.195278,9,3.52667,0.068425,2.82202
436,0.789989,0.20544,10,3.56,0.0657463,2.7723
437,0.817255,0.165021,10,2.83333,0.0696876,2.79174
438,0.718505,0.172472,10,3.31333,0.0705002,2.74488
439,0.759477,0.144838,10,3.18,0.0684538,2.94259
440,0.753548,0.198632,10,3.53333,0.0695019,2.64467
441,0.683242,0.141122,10,2.6,0.0680173,2.63236
442,0.692775,0.17933,10,3.25333,0.0697307,2.70755
443,0.727524,0.169867,10,3.14667,0.065556,2.7617
444,0.737658,0.18556,10,3.34667,0.0690382,2.8593
445,0.738743,0.191903,10,3.58667,0.0662099,2.61614
446,0.721705,0.194057,10,3.39333,0.0662508,2.34187
447,0.671418,0.163999,10,3.03333,0.0692917,2.91532
448,0.722024,0.154566,10,2.98667,0.0691636,2.67641
449,0.7783,0.14794,10,2.96,0.0688733,2.64132
450,0.780714,0.165875,10,3.20667,0.0650124,2.4047
451,0.78564,0.192498,10,3.73333,0.0722281,2.67685
452,0.840913,0.204502,10,3.82667,0.0694859,2.51773
453,0.758514,0.174268,10,3.34667,0.0674786,2.56218
454,0.839124,0.18277,10,3.75333,0.0657998,2.39783
455,0.793353,0.186576,10,3.22,0.0665138,2.61658
456,0.829307,0.164712,10,3.04,0.0694842,2.69192
457,0.767238,0.187881,10,3.40667,0.0673773,2.43644
458,0.808609,0.243524,10,4.15333,0.0696013,2.67687
459,0.70792,0.187965,10,3.36,0.0679727,2.80407
460,0.785331,0.216694,10,3.68,0.0664185,2.59021
461,0.742684,0.196055,10,3.44667,0.0675155,2.67221
462,0.752694,0.166056,10,3.34,0.0688939,3.06007
463,0.748642,0.172241,10,3.01333,0.065026,2.66664
464,0.761027,0.201611,10,3.52,0.0679912,2.56764
465,0.72121,0.180459,10,3.26,0.0690276,2.73869
466,0.667101,0.195593,10,3.56667,0.0718904,2.92094
467,0.724399,0.132762,9,2.51333,0.0669617,2.61184
468,0.680937,0.205891,10,3.6,0.0666742,2.72318
469,0.743696,0.20912,10,3.48,0.0703283,2.55928
470,0.807199,0.236075,10,3.72667,0.0687423,2.64238
471,0.735462,0.170107,9,2.86667,0.0658417,2.43505
472,0.764665,0.197105,10,3.73333,0.0650256,2.29145
473,0.861209,0.204602,10,3.58,0.0702686,2.57242
474,0.834712,0.227039,10,3.86,0.070046,2.72851
475,0.716751,0.181651,10,3.4,0.0660957,2.71678
476,0.716917,0.190697,10,3.27333,0.0688147,2.68175
477,0.740644,0.193456,10,3.24,0.0684546,2.38755
478,0.81942,0.183519,10,3.23333,0.0628194,2.39837
479,0.768372,0.171871,10,3.06,0.0673166,2.66124
480,0.820931,0.215687,10,3.5,0.0681832,2.49467
481,0.764758,0.176146,10,2.96667,0.0680316,2.56906
482,0.616871,0.151406,9,2.72,0.0659013,2.75558
483,0.651432,0.121672,10,2.28667,0.0658445,2.99987
484,0.726862,0.121365,10,2.20667,0.0647591,2.909
485,0.792301,0.161358,10,2.96667,0.0669874,2.65984
486,0.785405,0.174129,10,3.05333,0.0690801,2.75259
487,0.767805,0.169704,10,3.10667,0.0672077,2.53929
488,0.698015,0.173237,10,3.45333,0.0659211,2.66228
489,0.745207,0.202086,10,3.67333,0.067694,2.68803
490,0.749537,0.152471,10,2.71333,0.0666216,2.48632
491,0.639679,0.142148,10,2.86,0.0637521,2.5315
492,0.669051,0.19826,10,3.35333,0.0695379,2.17357
493,0.852121,0.200884,10,3.58667,0.0692378,2.63292
494,0.731814,0.138778,9,2.80667,0.0673364,2.67866
495,0.688297,0.161136,10,3.22667,0.068383,2.71914
496,0.657499,0.147247,10,3.06667,0.0713106,3.0667
497,0.577252,0.0928903,9,2.02,0.0647973,2.9846
498,0.655286,0.149105,9,2.57333,0.0671452,3.07923
499,0.766001,0.195549,10,3.59333,0.0703422,2.60705
500,0.682924,0.165299,10,3.16,0.0664645,2.59717
501,0.793682,0.17542,10,3.25333,0.0676627,2.8229
502,0.684275,0.197393,10,3.64667,0.070294,2.53659
503,0.709407,0.156473,10,3.08667,0.069986,2.60854
504,0.824497,0.161057,10,2.9,0.0690843,2.76468
505,0.762452,0.164053,10,3.12,0.0681795,2.74458
506,0.635597,0.104453,8,2.29333,0.0646505,2.72293
507,0.777005,0.1895,10,3.56667,0.066394,2.52847
508,0.649771,0.158775,10,3.23333,0.0680232,2.69332
509,0.616361,0.137998,8,2.66,0.0648289,3.00367
510,0.851282,0.183086,10,3.34667,0.0666773,2.51765
511,0.772496,0.140512,10,2.72,0.0664354,2.47501
512,0.873952,0.180637,10,3.44667,0.0672078,2.69503
513,0.76951,0.144239,10,2.88667,0.0698717,2.72959
514,0.696169,0.129677,10,2.67333,0.0681504,2.62631
515,0.729824,0.157301,10,3.09333,0.0679357,2.60487
516,0.771925,0.134504,10,2.64,0.0691212,2.55739
517,0.7305,0.107028,9,2.31333,0.0649629,2.57828
518,0.794839,0.112404,10,2.38667,0.0686765,2.70355
519,0.776225,0.118358,10,2.30667,0.0689061,2.39444
520,0.767563,0.108036,10,2.28,0.0689773,2.62503
521,0.633924,0.103992,10,2.28,0.067028,2.61709
522,0.693419,0.107135,10,2.21333,0.065734,2.64141
523,0.780695,0.141336,10,2.67333,0.0681033,2.29193
524,0.801071,0.17587,10,3.13333,0.0676724,2.55562
525,0.820141,0.156876,10,3.16667,0.0707163,2.78455
526,0.732882,0.142177,10,3.14667,0.0692953,2.74487
527,0.648384,0.116034,9,2.54,0.0699443,2.75993
528,0.803473,0.161451,10,3.13333,0.0702706,2.62781
529,0.839046,0.151415,10,2.75333,0.0653162,2.75212
530,0.64377,0.101061,10,2.02667,0.0676815,2.34891
531,0.734699,0.161228,10,3.18,0.0710058,2.53532
532,0.596871,0.132135,9,2.49333,0.0654873,2.56509
533,0.774695,0.145832,10,2.88,0.064544,2.50483
534,0.798654,0.133805,10,2.63333,0.0673506,2.22844
535,0.729958,0.125519,10,2.65333,0.0666472,2.29126
536,0.639572,0.133067,10,2.83333,0.0666877,2.31012
537,0.80204,0.135019,10,2.86,0.0682858,2.08996
538,0.70219,0.130424,10,2.58,0.0675882,2.06074
539,0.781923,0.190553,10,3.48,0.0678534,2.27713
540,0.790262,0.206131,10,3.51333,0.0644246,2.05991
541,0.71087,0.1769,10,3.42,0.0694715,2.67065
542,0.751141,0.177952,10,3.34667,0.0661615,2.54108
543,0.81538,0.197277,10,3.62,0.0659982,2.45146
544,0.784643,0.148987,10,3.04,0.065988,2.57584
545,0.681057,0.136274,10,2.59333,0.065739,2.68811
546,0.871083,0.195433,10,3.38,0.0658148,2.06556
547,0.738948,0.164081,10,3.26667,0.0660484,2.556
548,0.801355,0.161947,10,3.21333,0.070587,2.7142
549,0.672255,0.139817,10,2.86667,0.0695288,2.58744
550,0.631409,0.158159,10,2.98,0.0685267,2.31077
551,0.611839,0.128041,9,2.5,0.0645155,2.64749
552,0.749983,0.196948,10,3.28,0.0650501,2.09455
553,0.672831,0.135822,9,2.52667,0.0641119,2.4623
554,0.825279,0.196552,10,3.24,0.0686579,2.08396
555,0.699629,0.163473,10,3.11333,0.064672,2.31932
556,0.761823,0.208975,10,3.47333,0.0668056,2.36413
557,0.656076,0.170822,9,3.08667,0.0668382,2.56198
558,0.839047,0.25454,10,4.66667,0.0702291,2.46548
559,0.822692,0.229125,10,3.84,0.0680347,2.53664
560,0.840396,0.245368,10,4.24,0.0656611,2.65516
561,0.808447,0.2303,10,4.03333,0.0702582,2.13246
562,0.775847,0.160305,10,3.18667,0.0666238,2.56338
563,0.874437,0.195332,10,3.64667,0.0696596,2.36762
564,0.804727,0.165249,10,3.20667,0.0717993,2.38664
565,0.68298,0.162866,10,3,0.0685449,2.50005
566,0.71129,0.144284,10,2.79333,0.0703145,2.66813
567,0.792842,0.165945,10,3.20667,0.0648356,2.57448
568,0.742403,0.197246,10,3.81333,0.0716349,2.86005
569,0.734421,0.178559,10,3.46667,0.0632548,2.39907
570,0.733032,0.166738,10,3.56,0.0675966,2.68673
571,0.76482,0.19838,9,3.43333,0.0680585,2.6733
572,0.670081,0.190874,10,3.88667,0.0683048,3.15034
573,0.708944,0.180776,9,3.58667,0.0643037,2.49437
574,0.742159,0.171213,10,3.2,0.0639098,2.46381
575,0.826629,0.197262,10,3.54667,0.0696435,2.70328
576,0.649391,0.183129,10,3.40667,0.0684695,2.86891
577,0.728405,0.169264,10,3.32,0.063217,2.71641
578,0.763919,0.179212,9,3.1,0.0666268,2.70629
579,0.766418,0.184794,10,3.23333,0.0642371,2.60479
580,0.818565,0.185294,10,3.43333,0.068212,2.84665
581,0.686305,0.166226,9,2.74,0.0649241,2.26199
582,0.78619,0.161383,10,3.16667,0.0641922,2.47133
583,0.750952,0.145747,10,2.68,0.0680593,2.61398
584,0.756368,0.143521,10,2.79333,0.0677593,2.99886
585,0.812046,0.213063,10,3.44667,0.0683735,2.49
586,0.645581,0.14542,10,2.74667,0.0664178,2.5328
587,0.784893,0.144643,10,2.60667,0.0664216,2.16498
588,0.806698,0.186474,10,3.23333,0.066089,2.66549
589,0.751321,0.149502,10,2.84,0.0678784,2.14409
590,0.684628,0.122734,10,2.24,0.0677474,2.36404
591,0.755317,0.178417,10,3.13333,0.0694392,2.58742
592,0.829758,0.175504,10,3.02667,0.0707104,2.77203
593,0.773871,0.16836,10,2.93333,0.068505,2.41005
594,0.75549,0.164897,10,2.90667,0.0658378,2.23547
595,0.697393,0.124801,10,2.34667,0.0647485,2.94819
596,0.815099,0.178595,10,3.29333,0.0657642,2.51091
597,0.762859,0.194372,10,3.46,0.0660442,2.40511
598,0.820587,0.182709,10,3.18,0.0655617,2.47295
599,0.823807,0.207591,10,3.74,0.0695428,2.62845
600,0.838092,0.174465,10,3.24667,0.0664968,2.82386
601,0.639745,0.134337,10,2.57333,0.0636224,2.26486
602,0.825654,0.174735,10,3.44667,0.0671569,2.25096
603,0.731455,0.1738,10,3.31333,0.0672976,2.42614
604,0.798773,0.187835,10,3.44,0.0685371,2.69227
605,0.785895,0.175374,10,3.22667,0.066124,2.57313
606,0.716311,0.126151,10,2.45333,0.066283,3.17026
607,0.756098,0.152155,9,2.88667,0.0680294,2.73401
608,0.668068,0.159626,9,3.16,0.0694012,2.85349
609,0.758771,0.158804,10,3.15333,0.0716179,2.6473
610,0.730269,0.177539,10,3.26667,0.0697997,2.74125
611,0.777556,0.13412,10,2.69333,0.0705507,2.92474
612,0.698928,0.150653,10,2.62,0.0643133,2.7685
613,0.75374,0.170373,10,3.37333,0.0710271,3.0608
614,0.76932,0.151162,10,2.92667,0.070108,2.89509
615,0.815402,0.13296,10,2.64,0.0672713,2.56021
616,0.678669,0.181631,10,3.37333,0.0697757,2.86
617,0.73225,0.184543,9,3.12,0.065788,2.69888
618,0.743674,0.19165,10,3.36,0.0678644,2.68664
619,0.690254,0.12272,10,2.78,0.0689379,2.86289
620,0.791338,0.157425,10,3.12,0.0691728,2.98399
621,0.783832,0.151304,9,2.81333,0.0641267,2.66482
622,0.608534,0.139272,8,2.32667,0.0659459,2.40928
623,0.808589,0.17119,10,3.12667,0.0646285,2.49365
624,0.742893,0.188006,10,3.5,0.0665316,2.40617
625,0.701149,0.156138,9,2.8,0.0659482,2.61066
626,0.784501,0.146812,10,2.75333,0.0675326,2.35226
627,0.793565,0.14217,10,2.84,0.0712116,2.72451
628,0.76175,0.193276,10,3.51333,0.0687882,2.53508
629,0.727097,0.1376,9,2.9,0.0674113,2.62001
630,0.852657,0.235606,10,4.27333,0.0673168,2.26992
631,0.808065,0.207122,10,3.86,0.0683384,2.32831
632,0.753665,0.175781,10,3.16,0.067724,2.32687
633,0.71263,0.182062,10,3.29333,0.0704443,2.76896
634,0.739144,0.153344,10,2.78,0.0635434,2.02745
635,0.819582,0.206907,10,3.43333,0.0665878,2.28503
636,0.852442,0.215419,10,3.66667,0.0656926,2.06468
637,0.747205,0.201161,10,3.45333,0.0692749,2.29213
638,0.78681,0.243119,10,3.91333,0.0695914,2.5012
639,0.81807,0.18093,10,3.34667,0.0670807,2.16892
640,0.765052,0.215955,10,4,0.0697074,2.37348
641,0.708994,0.178149,9,3.3,0.0671633,2.40262
642,0.704822,0.170801,10,3.17333,0.0697498,2.67326
643,0.833649,0.199162,10,3.65333,0.066607,2.31232
644,0.721732,0.192076,10,3.55333,0.0658776,2.58476
645,0.850295,0.188507,10,3.36,0.0665445,2.36294
646,0.826988,0.161707,10,3.00667,0.0644719,2.63727
647,0.798785,0.208592,10,3.84,0.0690603,2.21451
648,0.805805,0.18018,10,3.42667,0.0668396,2.71851
649,0.648415,0.138856,9,2.51333,0.0634866,2.40987
650,0.733533,0.183571,9,3.12667,0.0658375,2.29545
651,0.697108,0.180947,10,3.36,0.0686766,2.44274
652,0.814557,0.202001,10,3.66,0.0649552,2.12135
653,0.672238,0.188311,10,3.60667,0.0675586,2.71595
654,0.851938,0.248533,10,4.22667,0.0675585,2.65983
655,0.724107,0.195456,10,3.32667,0.0647976,2.44677
656,0.683781,0.176655,10,3.23333,0.0679631,2.61341
657,0.753329,0.176348,10,3.19333,0.0655634,2.68705
658,0.803999,0.187883,10,3.56,0.0672239,2.55908
659,0.782754,0.159243,10,3.25333,0.0652194,2.37883
660,0.705239,0.172171,10,3.01333,0.068761,2.50859
661,0.782924,0.193934,10,3.41333,0.0661304,2.59396
662,0.73486,0.205219,10,3.78,0.0684252,2.66734
663,0.668405,0.174441,9,3.37333,0.0681216,2.78239
664,0.688306,0.195414,10,3.72667,0.0682341,2.51426
665,0.775393,0.211773,10,3.93333,0.0697629,2.50052
666,0.692228,0.193077,10,3.30667,0.0693407,2.37162
667,0.685943,0.159515,9,2.81333,0.0617699,2.60081
668,0.748644,0.183692,10,3.17333,0.0698728,2.40853
669,0.682978,0.188102,9,3.10667,0.0673781,2.60586
670,0.671669,0.158139,10,3.22667,0.0702173,2.8917
671,0.790813,0.224827,10,3.87333,0.0701572,2.296
672,0.706599,0.146076,10,2.72,0.0631973,2.51521
673,0.781767,0.184555,10,3.17333,0.0679486,2.51655
674,0.790983,0.222846,10,4.06,0.0691899,2.49175
675,0.688832,0.170352,9,3.12667,0.0642237,2.20322
676,0.654658,0.14487,10,2.76667,0.0656545,2.50267
677,0.737306,0.176515,10,3.28,0.0648523,2.353
678,0.720607,0.157808,10,3.02667,0.0689649,2.68364
679,0.784087,0.189024,10,3.66,0.0692645,2.4796
680,0.733255,0.183248,10,3.2,0.0691752,2.362
681,0.808155,0.197173,10,3.49333,0.0718664,2.63226
682,0.654227,0.152369,9,2.75333,0.0655781,2.58178
683,0.84354,0.196286,10,3.75333,0.0667078,2.41849
684,0.661172,0.170805,10,3.34667,0.0683879,2.78429
685,0.789167,0.247711,10,4.37333,0.0704139,2.46398
686,0.785482,0.176517,9,2.86,0.0666813,2.23834
687,0.710342,0.237705,10,3.92667,0.0714065,2.29058
688,0.849446,0.194021,10,3.39333,0.0672903,2.41762
689,0.796086,0.189151,10,3.20667,0.0673382,2.01671
690,0.727757,0.176041,10,2.98,0.0678511,2.09304
691,0.661624,0.161314,9,2.8,0.0661324,2.30322
692,0.815866,0.197403,10,3.3,0.066685,2.27267
693,0.713755,0.189891,9,3.33333,0.070865,2.33492
694,0.689519,0.201943,10,3.48,0.0684421,2.57565
695,0.68866,0.143376,10,2.64,0.0629829,2.3642
696,0.731644,0.170441,10,2.94667,0.0653688,2.26972
697,0.830551,0.238667,10,3.87333,0.0699994,2.33031
698,0.650441,0.187449,10,3.2,0.0663157,2.37606
699,0.657347,0.17458,10,3.03333,0.0660283,2.52719
700,0.647054,0.219014,9,3.77333,0.0683983,2.67315
701,0.725001,0.262352,10,4.43333,0.067066,2.41263
702,0.71202,0.172483,10,3.11333,0.0660015,2.24203
703,0.572615,0.149915,9,2.52,0.0633196,2.76005
704,0.650389,0.174525,9,2.93333,0.0652508,2.45627
705,0.815437,0.263036,10,4.24,0.0673162,2.0546
706,0.711817,0.253243,10,4.17333,0.0675857,2.26335
707,0.730855,0.196014,10,3.34,0.0653932,2.20684
708,0.765094,0.170488,10,3.22667,0.0628882,2.18486
709,0.76909,0.202708,10,3.8,0.0646347,2.47375
710,0.719986,0.202759,10,3.56667,0.0619734,2.2424
711,0.693666,0.195789,10,3.48,0.0692424,2.65439
712,0.841874,0.250724,10,4.22,0.0665413,2.02625
713,0.670653,0.184637,10,3.02667,0.0685019,2.41468
714,0.814262,0.229521,10,3.96,0.0678772,2.24617
715,0.672615,0.192705,10,3.52667,0.0638433,2.78572
716,0.650934,0.170233,10,3.34,0.0679751,2.63547
717,0.702465,0.205588,10,3.58667,0.0658482,2.39811
718,0.717798,0.179113,10,3.48667,0.0689798,2.82634
719,0.832539,0.201911,10,3.75333,0.0666656,2.56888
720,0.762384,0.181194,10,3.43333,0.0698422,2.81751
721,0.689288,0.180355,10,3.22,0.0689169,2.71873
722,0.679496,0.173891,10,3.11333,0.0665303,2.66747
723,0.766739,0.208103,10,4.04,0.0689111,2.79576
724,0.595602,0.14499,10,2.85333,0.066298,2.84031
725,0.704251,0.16209,10,3.24,0.0693492,2.79287
726,0.636715,0.145223,10,2.94667,0.0667395,2.85313
727,0.703208,0.182697,10,3.10667,0.0686364,2.52174
728,0.766307,0.164562,10,3.06667,0.0725626,2.78165
729,0.60102,0.182774,10,3.53333,0.0691657,2.92687
730,0.745594,0.170902,10,3,0.0698362,2.53228
731,0.773424,0.141629,10,2.78667,0.0704247,2.90352
732,0.78589,0.143016,10,2.78667,0.0669359,2.77252
733,0.763479,0.182724,10,3.36,0.0679736,2.57663
734,0.647276,0.12504,10,2.46,0.0688459,2.63609
735,0.73336,0.145576,10,2.82,0.0697347,2.6481
736,0.741474,0.151993,10,2.94,0.0672911,2.62246
737,0.737064,0.181315,10,3.27333,0.0663875,2.23802
738,0.760114,0.174442,10,3.37333,0.0668025,2.68808
739,0.754401,0.175288,10,3.13333,0.0677395,2.24112
740,0.829256,0.198549,10,3.35333,0.0717671,2.18633
741,0.780665,0.19156,10,3.32667,0.0697328,2.41696
742,0.752283,0.124448,10,2.57333,0.0686019,2.23621
743,0.754575,0.154092,10,2.95333,0.0672641,2.53766
744,0.745443,0.181521,10,3.40667,0.068974,2.27116
745,0.707846,0.130058,9,2.74667,0.0664269,2.8325
746,0.716781,0.148413,10,2.77333,0.0736051,2.76775
747,0.770084,0.118653,10,2.46,0.0676438,2.57085
748,0.702004,0.114211,9,2.25333,0.0670504,2.40351
749,0.714177,0.122909,9,2.52,0.0669273,2.66164
750,0.720367,0.171598,10,3.21333,0.0682813,2.80379
751,0.827728,0.209434,10,3.72667,0.0695958,2.81621
752,0.772488,0.201181,10,3.53333,0.0673717,2.46337
753,0.674851,0.12302,10,2.8,0.0726105,2.83523
754,0.712148,0.17309,10,3.12,0.066246,2.4826
755,0.704575,0.105015,10,2.22,0.0667774,2.96401
756,0.730894,0.134637,9,2.46,0.0667003,2.41596
757,0.675964,0.120932,10,2.42667,0.065237,2.34265
758,0.800746,0.129598,10,3.03333,0.0691761,2.65417
759,0.740361,0.166558,10,3.16667,0.0706352,2.24136
760,0.731488,0.17424,9,3.38,0.068436,2.37387
761,0.748355,0.15481,10,3.10667,0.0679035,2.43873
762,0.765278,0.15431,10,2.84,0.0656064,2.43343
763,0.744756,0.162629,10,3.16,0.0678791,2.4765
764,0.853901,0.201976,10,3.24667,0.0672578,2.28756
765,0.725983,0.177007,10,3.01333,0.0662845,2.38821
766,0.683079,0.139401,10,2.74,0.0676843,2.63402
767,0.702681,0.145179,10,2.87333,0.0665935,2.42157
768,0.742052,0.172304,10,3.02667,0.0667627,2.33147
769,0.732055,0.150835,10,2.97333,0.0677693,2.22455
770,0.690853,0.129674,10,2.44,0.0709181,2.6263
771,0.84445,0.140938,10,2.72667,0.0662117,2.43203
772,0.779202,0.154787,10,3.02667,0.0694364,2.35505
773,0.766215,0.156026,10,3.12667,0.0712669,2.39504
774,0.68394,0.133182,10,2.46667,0.0671213,2.13058
775,0.665209,0.117047,9,2.52,0.0668761,2.41377
776,0.794564,0.140558,10,2.86667,0.0690732,2.25815
777,0.692951,0.140306,10,2.68667,0.0677969,2.63057
778,0.761943,0.186304,10,3.18,0.070528,2.37311
779,0.731603,0.15868,10,3.30667,0.0666841,2.37152
780,0.735633,0.163092,10,3.07333,0.0677861,2.62083
781,0.735112,0.178923,10,2.98,0.0650856,2.62577
782,0.604301,0.126378,9,2.48667,0.0674952,2.98182
783,0.831245,0.203666,10,3.47333,0.0679411,2.46315
784,0.757272,0.199749,10,3.48,0.0684387,2.3751
785,0.662652,0.124377,9,2.3,0.0680043,2.41583
786,0.679662,0.191935,9,3.1,0.0700364,2.39631
787,0.639258,0.113264,10,2.29333,0.0717409,2.6831
788,0.681635,0.139507,9,2.56,0.0659289,2.42049
789,0.69198,0.145263,10,3.02667,0.0671352,2.58226
790,0.751408,0.174542,10,3.26,0.0673461,2.18601
791,0.691069,0.137343,9,2.79333,0.067839,2.52588
792,0.809731,0.153779,10,3.02,0.0660188,2.52833
793,0.608178,0.134284,9,2.77333,0.0759132,2.98385
794,0.669281,0.0979996,9,2.11333,0.0666315,2.69367
795,0.768318,0.13277,10,2.82,0.067264,2.32596
796,0.7669,0.124997,10,2.60667,0.0713324,2.83009
797,0.662035,0.110783,9,2.34667,0.067598,2.93144
798,0.717497,0.158002,9,3.09333,0.0667834,2.31743
799,0.745637,0.0999702,10,2.32,0.0663983,2.53589
800,0.712535,0.0945472,10,2,0.0662363,2.80427
801,0.80296,0.116114,10,2.35333,0.0665641,2.45398
802,0.769567,0.103578,10,2.23333,0.064341,2.64084
803,0.780516,0.10363,10,2.32,0.0680905,2.66602
804,0.765113,0.132106,9,2.60667,0.0699065,2.33711
805,0.613245,0.10901,9,2.27333,0.0686247,2.71982
806,0.691172,0.0970968,9,2.26,0.0636169,2.53481
807,0.716294,0.13751,9,2.67333,0.0663473,2.5637
808,0.762915,0.102493,10,2.34667,0.0652908,2.34202
809,0.753118,0.106729,10,2.45333,0.0681687,2.75783
810,0.807701,0.116473,10,2.85333,0.0695938,2.50545
811,0.725882,0.119957,10,2.78,0.0669466,2.52228
812,0.82794,0.111837,10,2.68,0.0638169,2.27536
813,0.703159,0.139012,10,2.91333,0.0683786,2.76308
814,0.74732,0.12077,10,2.31333,0.0676624,2.46565
815,0.631799,0.0928124,8,2.06,0.0658699,2.63118
816,0.593766,0.0941974,9,2.19333,0.0667776,3.0448
817,0.639579,0.102539,9,2.03333,0.0671877,2.53108
818,0.791804,0.128729,10,2.56667,0.0717513,2.65858
819,0.757537,0.154465,10,3.14,0.0707526,2.9043
820,0.649388,0.0919924,9,2.15333,0.0648247,2.78588
821,0.620801,0.124152,10,2.51333,0.0681004,2.89499
822,0.737158,0.126068,10,2.66,0.0688424,2.9862
823,0.753699,0.169925,10,3.43333,0.0679237,3.04206
824,0.74913,0.202039,10,3.70667,0.0720506,2.91818
825,0.762729,0.189821,10,3.51333,0.0681794,2.83861
826,0.66869,0.130756,9,2.63333,0.065708,2.77136
827,0.700843,0.137611,10,2.57333,0.0645574,2.44458
828,0.764056,0.127441,10,2.66667,0.0699105,2.87689
829,0.641598,0.11268,9,2.47333,0.0665174,2.93508
830,0.750264,0.119466,10,2.48,0.0682469,2.84766
831,0.688,0.123141,10,2.44667,0.0669181,2.87231
832,0.622029,0.132321,9,2.42,0.0671619,2.44022
833,0.65369,0.117815,10,2.49333,0.0661987,2.59161
834,0.797746,0.152255,9,2.71333,0.0674894,2.58265
835,0.678174,0.135964,10,2.55333,0.0661399,2.71219
836,0.639777,0.149881,10,2.98,0.0702131,2.86803
837,0.699414,0.201036,10,3.55333,0.0669096,2.49932
838,0.751428,0.15594,9,3.00667,0.0668693,2.64121
839,0.82915,0.169252,10,3.10667,0.0681024,2.86916
840,0.70056,0.122987,10,2.27333,0.0666708,2.70622
841,0.698129,0.149161,9,2.86667,0.0633388,2.61575
842,0.617618,0.126564,9,2.45333,0.0680533,2.98206
843,0.790419,0.171506,10,3.22667,0.0711732,2.65253
844,0.76891,0.151388,10,2.87333,0.067739,2.68474
845,0.783245,0.11614,10,2.42667,0.0690946,2.83047
846,0.665509,0.147617,9,2.81333,0.0666726,2.40737
847,0.707959,0.128594,10,2.36667,0.0677011,2.55681
848,0.673874,0.121224,9,2.33333,0.067082,2.60964
849,0.767033,0.174907,10,3.19333,0.0645791,2.1982
850,0.664276,0.151378,9,2.63333,0.0642555,2.71126
851,0.744438,0.114451,10,2.31333,0.0638089,2.17519
852,0.688897,0.160234,10,2.89333,0.0699145,2.23478
853,0.724369,0.174817,10,2.96667,0.0661629,2.26904
854,0.705022,0.149406,10,2.75333,0.0655501,2.29679
855,0.638425,0.13635,9,2.45333,0.0646801,2.0194
856,0.82083,0.140456,10,2.91333,0.0683857,2.56244
857,0.663401,0.107343,9,2.26,0.0633546,2.54906
858,0.647003,0.145401,10,2.85333,0.0706939,2.76333
859,0.659413,0.114095,9,2.18,0.0669126,2.30135
860,0.708261,0.143507,10,2.66,0.0706899,2.22101
861,0.796842,0.146798,10,2.89333,0.0663801,2.30977
862,0.663042,0.13998,10,2.65333,0.0690716,2.77451
863,0.707808,0.143742,10,2.76667,0.0704066,2.86921
864,0.58312,0.108371,8,2.17333,0.0682728,2.5622
865,0.548021,0.0983061,9,2.33333,0.0644582,2.49703
866,0.801192,0.146605,10,2.70667,0.0653615,2.15273
867,0.666912,0.155814,10,2.96,0.0697299,2.68757
868,0.717603,0.123878,9,2.3,0.0669774,2.41648
869,0.756213,0.150986,10,2.82,0.0691496,2.12784
870,0.759363,0.122822,10,2.38667,0.0687849,2.36458
871,0.639122,0.123679,9,2.37333,0.0680238,2.59023
872,0.646299,0.107274,10,2.21333,0.0654799,2.77722
873,0.706658,0.115635,10,2.46667,0.0674908,2.94239
874,0.664065,0.154432,10,2.92667,0.0658898,2.70081
875,0.494729,0.102202,8,2.02,0.0627526,2.27681
876,0.617717,0.128552,10,2.58,0.0709017,2.19109
877,0.60205,0.0860962,8,1.80667,0.0702818,2.45104
878,0.719598,0.122123,10,2.29333,0.0671634,1.95163
879,0.741634,0.148588,10,2.74,0.067258,2.22568
880,0.610932,0.0930133,9,2.02667,0.0653548,2.36255
881,0.595256,0.149312,9,2.96667,0.0674629,2.60585
882,0.496301,0.114105,9,2.45333,0.0677304,2.85622
883,0.523878,0.0803361,9,2.08,0.0675377,2.44438
884,0.575502,0.112686,9,2.74,0.0685454,2.55201
885,0.75284,0.140871,10,2.87333,0.0635579,2.22382
886,0.707384,0.156182,10,3.26667,0.0676073,2.6271
887,0.761924,0.173923,10,3.27333,0.0702087,2.34213
888,0.585505,0.141931,10,3,0.0679012,2.41011
889,0.755276,0.176033,10,3.51333,0.0720598,2.25407
890,0.63497,0.142066,9,2.85333,0.0641098,2.35691
891,0.641627,0.149445,10,3.03333,0.0679654,2.49422
892,0.736401,0.161611,10,3.20667,0.0708914,2.54203
893,0.670937,0.133257,10,2.58667,0.066262,2.31254
894,0.640458,0.121331,9,2.55333,0.0694098,2.42536
895,0.749253,0.139955,10,3.12,0.0692557,2.83014
896,0.764918,0.171138,10,3.38667,0.0673685,2.37623
897,0.642424,0.120215,9,2.5,0.0663169,2.57738
898,0.504914,0.117784,9,2.45333,0.0686425,2.62797
899,0.683871,0.14914,10,2.93333,0.0675188,2.28126
900,0.624695,0.1166,9,2.23333,0.0702932,2.81289
901,0.652882,0.119767,9,2.64,0.0683743,2.3561
902,0.693164,0.149245,9,3,0.0637425,2.33313
903,0.799027,0.139145,10,2.97333,0.0700422,2.21382
904,0.760873,0.138892,10,2.96,0.07076,1.89852
905,0.663271,0.11669,10,2.62,0.0693358,2.14162
906,0.691315,0.11538,9,2.46667,0.0672078,1.83447
907,0.590136,0.0954223,10,2.34,0.0677888,1.98549
908,0.5994,0.124264,9,2.73333,0.0673744,2.49545
909,0.600461,0.0843684,9,2.1,0.0657837,2.55468
910,0.664223,0.135699,9,2.82667,0.0626496,2.20739
911,0.612456,0.0707593,9,1.8,0.0632447,2.34429
912,0.53017,0.101215,10,2.26667,0.0709525,2.55415
913,0.762244,0.134871,10,3.02,0.067766,2.38487
914,0.688611,0.126832,10,2.58,0.0662513,2.08379
915,0.687265,0.152642,10,3.10667,0.0668387,2.16215
916,0.648163,0.121624,9,2.38667,0.0688778,2.07146
917,0.660726,0.138227,10,2.6,0.0667817,2.63682
918,0.568204,0.086928,10,2.04,0.0685588,2.56189
919,0.69922,0.192474,10,3.2,0.0666511,2.01782
920,0.818555,0.145816,10,2.86667,0.0673003,2.06301
921,0.758375,0.147563,10,2.89333,0.0670385,2.05894
922,0.711819,0.0979684,10,2.12667,0.0646531,1.93065
923,0.663466,0.0809101,9,1.66667,0.0678644,2.14899
924,0.684881,0.117591,10,2.42667,0.0681302,2.55762
925,0.639638,0.131767,10,2.5,0.0704573,2.56204
926,0.788481,0.173308,10,3.38667,0.0685475,2.30347
927,0.630834,0.10438,9,2.45333,0.0681795,2.38456
928,0.600343,0.125466,9,2.61333,0.0676199,2.39348
929,0.518953,0.127506,8,2.56,0.0631347,2.34223
930,0.620518,0.156382,10,3.15333,0.0703927,2.50887
931,0.621872,0.14277,10,2.87333,0.0652396,2.46984
932,0.584331,0.128356,9,2.84,0.0659018,2.68779
933,0.668486,0.135107,10,2.97333,0.0671734,2.47941
934,0.662719,0.135281,10,2.63333,0.0656091,2.34861
935,0.750166,0.140595,10,2.93333,0.0688239,2.23241
936,0.65432,0.179231,10,3.34,0.0680397,2.42575
937,0.622277,0.145502,10,3.12667,0.0675332,2.76539
938,0.761078,0.178802,10,3.44,0.0713599,2.64433
939,0.624803,0.150391,10,3.05333,0.0676194,2.30949
940,0.693621,0.170708,10,3.19333,0.0670731,2.87059
941,0.663976,0.151185,9,2.97333,0.0658446,2.35164
942,0.64969,0.136044,10,2.6,0.0662455,2.35297
943,0.739463,0.184988,10,3.22,0.0684917,2.47943
944,0.551395,0.102999,10,2.33333,0.0671034,2.59147
945,0.6659,0.147582,10,3.06667,0.0691639,2.58773
946,0.640588,0.14502,10,2.84,0.0673205,2.62676
947,0.727603,0.163246,10,3.41333,0.0707918,2.84548
948,0.603967,0.108714,10,2.54,0.0691129,2.91656
949,0.568732,0.133517,9,2.45333,0.0684944,2.65048
950,0.642393,0.155944,10,3.16667,0.0664071,2.52914
951,0.574215,0.0955129,9,2.02,0.0690332,2.70337
952,0.678174,0.100798,10,2.15333,0.0669057,2.25843
953,0.770718,0.151444,10,2.96,0.0691064,2.28425
954,0.724613,0.140283,10,2.72667,0.0663835,2.43949
955,0.664363,0.112375,10,2.59333,0.0685749,2.39247
956,0.713331,0.168661,10,3.24,0.0667734,2.12747
957,0.655811,0.125794,10,2.70667,0.068567,2.26579
958,0.658938,0.154552,10,2.84,0.0665231,2.39049
959,0.58051,0.112329,10,2.38667,0.0667309,2.45568
960,0.666926,0.140515,10,2.62,0.0666518,2.16884
961,0.638924,0.126164,10,2.37333,0.0656355,2.6874
962,0.597581,0.14306,10,2.89333,0.0688734,2.77538
963,0.573927,0.110198,9,2.39333,0.06957,2.68629
964,0.711278,0.15177,10,2.78667,0.0668662,2.16871
965,0.696485,0.146697,10,2.88,0.0666904,2.57924
966,0.737654,0.143555,10,2.74667,0.0710435,2.12098
967,0.624942,0.130296,9,2.81333,0.0665444,2.4842
968,0.745641,0.134606,10,2.62,0.0682981,2.18326
969,0.674336,0.104051,10,2.36667,0.0723753,2.53504
970,0.649915,0.120842,9,2.12,0.0655803,2.36791
971,0.742424,0.137563,10,2.54667,0.0684395,2.32582
972,0.688424,0.116257,9,2.32667,0.0651411,2.08717
973,0.701345,0.118929,10,2.46,0.0710736,2.20945
974,0.637733,0.128907,10,2.37333,0.0706864,2.56461
975,0.6984,0.1375,10,2.58,0.0670953,2.26972
976,0.736764,0.14006,10,2.54,0.0672847,2.2045
977,0.732804,0.136919,10,2.73333,0.0686021,2.30611
978,0.548075,0.10164,9,2.22667,0.0685261,2.3821
979,0.621512,0.134731,9,2.70667,0.0684266,1.99753
980,0.621077,0.12883,10,2.69333,0.0689768,2.13068
981,0.742526,0.134419,10,2.72,0.0650627,2.04803
982,0.625067,0.119352,10,2.34,0.0713882,1.91065
983,0.625374,0.117269,10,2.5,0.0714767,2.35493
984,0.704005,0.140279,10,3.04,0.0687947,2.20298
985,0.723186,0.125089,10,2.73333,0.0665164,2.30332
986,0.578655,0.11648,10,2.66,0.0655378,2.41872
987,0.662424,0.130184,10,2.91333,0.0690882,2.31352
988,0.716611,0.104377,10,2.28,0.0629623,2.34067
989,0.507816,0.103111,10,2.52,0.06801,2.73092
990,0.649717,0.138522,10,3.32667,0.0698766,2.11373
991,0.618357,0.135251,9,2.68667,0.0652537,2.10933
992,0.610647,0.12236,10,2.49333,0.0672057,2.29246
993,0.58796,0.133141,9,2.78,0.0694415,2.37425
994,0.629818,0.147927,10,3.03333,0.0672512,2.27257
995,0.671004,0.184445,9,3.22,0.0691644,2.42831
996,0.704331,0.130458,10,2.76,0.0680613,2.66127
997,0.589047,0.155608,10,2.9,0.0675645,2.34303
998,0.662541,0.170179,10,3.30667,0.0672514,2.42168
999,0.579617,0.149091,8,2.78667,0.0673638,2.31476
1000,0.672735,0.149989,10,2.91333,0.0655656,2.27211
