1,0.0477391,0.00113124,5,0.14,0.076861,1.24595
2,0.144613,0.00288464,9,0.2,0.0661725,1.08849
3,0.0772028,0.00242993,8,0.22,0.0649433,1.15139
4,0.204056,0.00539695,5,0.2,0.0676265,1.02022
5,0.237879,0.00577403,5,0.2,0.0669859,1.00701
6,0.191542,0.0102663,4,0.36,0.0705415,1.32168
7,0.143544,0.00756784,4,0.54,0.0695577,1.61521
8,0.195745,0.00984353,6,0.746667,0.0676183,1.20543
9,0.213067,0.0154241,4,0.64,0.0670752,1.46868
10,0.218576,0.014705,6,0.593333,0.0703826,1.50075
11,0.139568,0.00837321,5,0.4,0.068884,1.28326
12,0.156618,0.00785506,6,0.746667,0.0691687,1.8795
13,0.197079,0.0192984,8,0.74,0.068238,1.85426
14,0.242713,0.0254284,8,1.51333,0.0702032,1.36269
15,0.272705,0.0317625,6,0.94,0.0647048,1.61743
16,0.313953,0.0436237,8,1.26,0.0696384,1.47933
17,0.123141,0.0185833,7,0.92,0.067843,1.41792
18,0.556835,0.0350063,7,1.70667,0.068493,1.57725
19,0.458069,0.0324295,6,1.62,0.0695334,1.47451
20,0.363259,0.0368169,8,1.35333,0.0653734,1.53017
21,0.469909,0.0951407,8,2.26,0.0671718,1.37422
22,0.357477,0.0379568,7,1.24,0.0676168,2.00754
23,0.280215,0.0406858,7,1.09333,0.0670026,1.93012
24,0.337123,0.0312772,6,0.94,0.0662255,1.72293
25,0.455244,0.0562607,7,1.72667,0.0708609,2.03764
26,0.456632,0.0373458,5,0.933333,0.0688441,1.53355
27,0.385196,0.0470251,9,1.34,0.0680274,1.5212
28,0.394203,0.0481268,7,1.30667,0.0651771,1.46646
29,0.540832,0.0707048,8,1.42,0.0681166,1.45497
30,0.460645,0.0616268,7,2.30667,0.0677089,1.59164
31,0.34691,0.0712187,9,2.06,0.0677115,1.73969
32,0.606556,0.0281462,7,1.2,0.0663124,1.6877
33,0.277655,0.0150835,7,0.913333,0.0721017,1.76922
34,0.613471,0.0756614,9,2.26667,0.0696755,2.22772
35,0.353743,0.0585758,9,2.16,0.0718192,1.87853
36,0.515333,0.107793,10,2.42667,0.0705355,1.83196
37,0.462456,0.082109,9,2.05333,0.146667,2.0033
38,0.672734,0.0756667,9,1.77333,0.0706165,1.72315
39,0.609155,0.0644129,9,1.76667,0.0679451,1.89741
40,0.541441,0.0524821,8,1.7,0.0709953,1.83487
41,0.532262,0.0512532,7,1.49333,0.0698673,1.7885
42,0.626615,0.0802514,9,1.89333,0.0685472,2.00885
43,0.781047,0.0785629,9,2.12667,0.0697672,1.73975
44,0.645234,0.094871,8,1.69333,0.06692,1.57
45,0.7877,0.116947,9,2.09333,0.0716828,1.84868
46,0.547726,0.0926129,8,2.04,0.0646544,1.91243
47,0.539895,0.116567,8,2.48,0.0642574,1.97252
48,0.434541,0.0837234,7,1.73333,0.0682717,1.84882
49,0.428642,0.0788746,7,1.74667,0.0705116,2.01739
50,0.36651,0.0442328,6,1.24,0.0665958,1.69609
51,0.509603,0.0760107,8,1.48,0.0681314,1.79524
52,0.433326,0.052017,6,1.13333,0.0667895,1.64098
53,0.572434,0.0783139,9,1.60667,0.0696536,1.82554
54,0.567693,0.0860826,9,1.93333,0.065011,1.85483
55,0.568324,0.102343,9,1.94667,0.0671565,1.57658
56,0.549634,0.0820546,8,1.65333,0.0688767,1.76599
57,0.543635,0.107851,9,2.65333,0.0759154,1.77529
58,0.747645,0.123109,10,2.76667,0.0787551,2.0722
59,0.525721,0.10059,8,1.98667,0.0705187,2.11904
60,0.701024,0.138969,9,2.75333,0.0666335,1.80472
61,0.538209,0.0951312,9,2.48,0.0658309,1.95331
62,0.478941,0.127562,9,2.46667,0.0684751,1.94693
63,0.533352,0.106165,9,2.22,0.0709556,1.84153
64,0.556394,0.0918503,9,1.98667,0.0725212,1.59232
65,0.521011,0.0910008,6,1.76,0.0676413,1.67647
66,0.447303,0.0853755,10,2.08,0.0659105,1.87129
67,0.57627,0.0935229,9,1.91333,0.0720687,1.73158
68,0.430095,0.0600686,7,1.56,0.0681241,1.62027
69,0.602207,0.0859551,8,1.98,0.0660402,1.71559
70,0.424698,0.0815501,9,1.75333,0.13381,1.63423
71,0.468537,0.0744581,8,1.64667,0.0673647,1.8244
72,0.569394,0.101455,9,1.92,0.0690011,1.67549
73,0.61172,0.0980188,9,1.96,0.0686877,1.35437
74,0.462392,0.0776255,8,1.55333,0.0694825,1.68597
75,0.506742,0.0903069,9,2.17333,0.0690212,1.78281
76,0.560251,0.068659,8,1.66,0.0656854,1.88331
77,0.547121,0.110753,9,2.25333,0.0668259,1.60573
78,0.648884,0.0843644,8,2.08667,0.0656795,1.83483
79,0.546541,0.121285,8,2.25333,0.0688375,2.18671
80,0.6338,0.123483,10,2.78,0.0710274,1.9545
81,0.527821,0.100427,9,2.60667,0.0711702,1.97487
82,0.492999,0.0627196,8,1.50667,0.0648334,1.83454
83,0.574544,0.0886885,9,1.69333,0.067971,2.08443
84,0.702085,0.117899,9,2.06667,0.070085,1.82569
85,0.526456,0.106065,9,2.2,0.0713238,1.92752
86,0.591466,0.0980478,9,2.13333,0.0654531,2.00227
87,0.761424,0.0999127,10,2.48667,0.0681146,1.7138
88,0.578802,0.0856856,9,2.01333,0.0698128,1.95869
89,0.810095,0.122734,10,2.79333,0.0682038,1.60168
90,0.721492,0.15048,10,2.44,0.066222,1.69137
91,0.649304,0.0988101,9,2.03333,0.0696037,1.96873
92,0.861497,0.138511,10,2.24667,0.0652699,1.79931
93,0.664869,0.139452,9,2.73333,0.0747037,1.98135
94,0.621344,0.119356,9,2.58,0.0698083,2.16178
95,0.67982,0.11101,8,2.34667,0.0696233,2.18048
96,0.550988,0.161537,8,2.81333,0.0759768,2.31733
97,0.674832,0.129563,8,2.42,0.0711686,1.92576
98,0.665457,0.11412,8,2.06,0.0662136,2.18979
99,0.624551,0.0988376,9,2.13333,0.0676355,2.21773
100,0.557175,0.137851,8,2.71333,0.0663997,1.95227
101,0.539169,0.107614,8,2.18667,0.071761,2.19286
102,0.581321,0.0968087,9,2.28667,0.0697373,2.35562
103,0.615348,0.120499,10,2.57333,0.0694101,2.58874
104,0.621809,0.0857721,9,1.78,0.0673213,2.09424
105,0.550004,0.107,9,2.08667,0.0654532,2.1696
106,0.638813,0.10114,8,2.1,0.0683545,2.32763
107,0.629723,0.108341,9,2.02,0.0653978,2.21325
108,0.709619,0.104674,10,2.08667,0.0690375,2.18552
109,0.699221,0.151502,9,2.34,0.0718278,1.86307
110,0.555673,0.0706697,8,1.46667,0.0668115,1.93255
111,0.60688,0.106246,9,2.14667,0.0694801,1.96376
112,0.601796,0.0760822,9,1.48,0.0701148,1.84687
113,0.705949,0.074558,9,1.68667,0.0663939,1.8989
114,0.602844,0.0853028,9,1.64667,0.0735382,1.90736
115,0.390718,0.0637003,6,1.4,0.0657791,2.19421
116,0.750053,0.0999768,10,2.29333,0.0677962,2.22822
117,0.459676,0.0837696,7,1.52,0.0670215,1.87083
118,0.579035,0.0770235,8,1.49333,0.0670804,1.76244
119,0.77475,0.0943645,9,1.77333,0.0695988,1.72562
120,0.729318,0.122608,9,2.10667,0.0735185,1.84851
121,0.645258,0.116864,10,2.25333,0.0688428,1.69115
122,0.523897,0.068659,8,1.23333,0.0688072,1.80185
123,0.612126,0.0903668,8,1.74,0.0707556,1.78393
124,0.533132,0.118959,8,2.25333,0.0666949,2.0461
125,0.493581,0.0745444,8,1.53333,0.0655383,1.80463
126,0.647821,0.123423,9,2.34667,0.0683396,1.66697
127,0.371722,0.0878821,7,1.59333,0.0634144,1.74118
128,0.552781,0.0983933,10,2.4,0.0665155,1.92838
129,0.526942,0.0912298,7,1.81333,0.0668046,1.77488
130,0.684141,0.128418,9,2.47333,0.0642322,1.8472
131,0.702268,0.131681,9,2.64667,0.0705882,1.96846
132,0.529429,0.104424,8,1.94667,0.067439,1.99722
133,0.525629,0.0792853,8,1.70667,0.0672428,1.8397
134,0.537697,0.0761813,10,1.74,0.0700516,1.89975
135,0.77322,0.127408,10,2.48,0.0728982,1.92009
136,0.549361,0.0743755,8,1.86,0.0702276,1.87204
137,0.571444,0.0699802,8,1.62667,0.0627149,1.96729
138,0.651752,0.0769526,10,1.86667,0.0646092,1.90807
139,0.482346,0.0692517,9,1.62,0.0750433,1.60227
140,0.439465,0.0595119,8,1.35333,0.0661344,1.92311
141,0.66289,0.0922492,9,2.28667,0.0664153,1.94226
142,0.426793,0.0895637,8,1.77333,0.0676504,2.1498
143,0.642993,0.0834754,9,1.91333,0.0684363,1.85534
144,0.58955,0.0713443,9,1.82667,0.0677083,1.97568
145,0.522784,0.0651132,9,1.7,0.0681858,1.66912
146,0.634424,0.0829651,9,1.86,0.0685506,2.02976
147,0.502902,0.0912597,8,2.32,0.0710491,2.01452
148,0.529648,0.0700411,9,1.81333,0.0686547,2.10472
149,0.687608,0.100282,10,2.26667,0.0698909,1.82249
150,0.477238,0.053746,9,1.62667,0.0668583,2.10861
151,0.785539,0.0883561,9,2.07333,0.0687504,2.28467
152,0.358137,0.0835334,8,1.94,0.0675788,2.32277
153,0.693321,0.117915,10,2.44667,0.0708894,1.87128
154,0.632625,0.135581,10,2.64667,0.08425,1.90041
155,0.622965,0.0915995,8,2.14,0.0684617,2.37176
156,0.667551,0.0961018,9,2.48,0.0677835,1.84634
157,0.460263,0.0814738,8,2.00667,0.0701091,2.02423
158,0.610102,0.0741194,9,1.80667,0.0645687,1.70251
159,0.539024,0.0878354,8,2.26667,0.0708851,2.17262
160,0.499501,0.0689714,9,1.86,0.0667915,1.90489
161,0.675905,0.0918883,9,2.46667,0.0629422,1.86939
162,0.537929,0.0764628,10,2.08,0.0780778,2.6259
163,0.394726,0.0812499,8,2.12,0.0676337,2.23124
164,0.472795,0.0839053,10,2.10667,0.0772393,2.24392
165,0.565893,0.107355,9,2.47333,0.0703549,2.10991
166,0.576878,0.118827,10,2.64,0.0669202,1.94195
167,0.62872,0.12662,8,2.98,0.0687962,2.35742
168,0.537896,0.123688,10,2.84,0.0727169,2.02413
169,0.794672,0.129941,10,3,0.0696033,1.97501
170,0.607291,0.132234,10,2.89333,0.0675206,1.91067
171,0.429256,0.0891992,7,2.01333,0.0674163,2.15714
172,0.62352,0.105376,10,2.42,0.0676492,2.02856
173,0.630767,0.165487,9,3,0.0717513,2.63107
174,0.655044,0.109297,9,2.52667,0.066273,2.55226
175,0.579468,0.138624,8,2.6,0.0681059,2.44766
176,0.580002,0.113916,10,2.58667,0.0691031,2.61471
177,0.554252,0.112515,10,2.64667,0.0687527,2.25779
178,0.605729,0.110815,9,2.48667,0.0655955,2.46545
179,0.737174,0.128379,10,2.60667,0.0677394,2.18393
180,0.479095,0.0984522,8,2.10667,0.0681294,2.21123
181,0.552126,0.109607,9,2.36,0.0687106,2.12679
182,0.448021,0.0924133,8,1.70667,0.0653188,2.26169
183,0.504341,0.106064,8,2.18,0.0664069,2.30099
184,0.643222,0.120173,10,2.76667,0.0660582,2.71189
185,0.599651,0.109541,10,2.36,0.0681549,2.56398
186,0.548723,0.090961,8,1.90667,0.0641203,2.35946
187,0.575976,0.113899,8,2.69333,0.0683819,2.37293
188,0.54004,0.107805,10,2.6,0.0724983,2.60947
189,0.6155,0.0816568,8,2.3,0.0628572,2.56929
190,0.577813,0.103453,9,2.3,0.067471,2.78856
191,0.649807,0.129931,10,2.59333,0.072286,2.21431
192,0.619505,0.0839553,9,1.90667,0.102231,2.44813
193,0.533804,0.103321,9,2.90667,0.0715199,2.50153
194,0.619917,0.100549,8,2.02,0.0683985,2.53096
195,0.472118,0.0831937,9,1.93333,0.0644682,2.22217
196,0.52195,0.0977938,10,2.18667,0.0686326,2.58624
197,0.506693,0.110733,10,2.10667,0.0709315,2.32895
198,0.500426,0.105915,10,2.38,0.066937,2.78264
199,0.709117,0.177332,10,3.24,0.0738592,2.46784
200,0.586924,0.127232,8,2.32667,0.0661131,2.60812
201,0.424039,0.116988,9,2.28,0.0691108,2.80511
202,0.551092,0.146742,7,2.55333,0.0650693,2.76826
203,0.514063,0.122224,8,2.37333,0.0651803,2.98755
204,0.726294,0.152672,10,2.96667,0.0673521,2.54059
205,0.59514,0.158858,9,2.64,0.0648005,2.41255
206,0.702045,0.133078,9,2.54,0.0689562,2.38714
207,0.742759,0.152829,10,3.04667,0.0696971,2.71325
208,0.674947,0.118925,10,2.15333,0.0672733,2.50057
209,0.562811,0.109625,9,2.26,0.0708852,2.8137
210,0.491999,0.109193,9,2.08667,0.0681753,2.64838
211,0.484846,0.0958292,8,1.81333,0.0691662,2.69643
212,0.730577,0.171732,10,3.06,0.0696911,2.41924
213,0.530178,0.098542,8,2.14,0.0682945,2.48236
214,0.646389,0.126228,10,2.62667,0.0691952,2.7181
215,0.719389,0.128508,9,2.53333,0.0708459,2.62546
216,0.809235,0.158727,9,3.03333,0.0729434,2.87315
217,0.808743,0.178096,10,3.18,0.075715,3.0622
218,0.574839,0.138703,8,2.45333,0.0675661,2.87425
219,0.539872,0.151246,9,2.86667,0.0702997,2.83699
220,0.854691,0.229981,10,4.07333,0.0674958,2.58738
221,0.678174,0.166633,8,2.92667,0.0706885,2.68206
222,0.600869,0.141366,8,2.74667,0.070393,2.76422
223,0.793668,0.156026,10,3.1,0.0664158,2.87354
224,0.78582,0.182984,9,3.41333,0.0674469,2.71586
225,0.646268,0.164353,10,3.29333,0.0668554,2.48329
226,0.675043,0.172526,10,3.50667,0.072416,2.6784
227,0.678161,0.157344,10,3.08,0.0693467,2.51841
228,0.731177,0.202465,10,3.46,0.0648981,2.3828
229,0.67261,0.158521,10,3.36667,0.0701307,2.78443
230,0.625749,0.159107,10,2.97333,0.07227,2.4255
231,0.606415,0.147249,9,2.83333,0.0691931,2.63855
232,0.716939,0.171305,10,3.16667,0.0706946,2.36432
233,0.803913,0.153874,9,3.02,0.0734751,2.75802
234,0.708446,0.147923,9,2.9,0.0742455,3.05387
235,0.792876,0.140116,10,2.57333,0.0674349,2.71429
236,0.622824,0.140472,9,2.39333,0.0668802,2.4778
237,0.543311,0.132468,9,2.66,0.0691944,2.70997
238,0.605769,0.14631,9,2.8,0.0634457,2.47015
239,0.747312,0.192353,10,3.24667,0.0684062,2.17754
240,0.566507,0.122417,10,2.27333,0.0693414,2.67839
241,0.70403,0.133469,8,2.62,0.0687756,2.56608
242,0.627793,0.118854,9,2.1,0.0677048,2.52396
243,0.514901,0.122593,9,2.46667,0.0685091,2.48922
244,0.761796,0.202499,10,3.47333,0.0681515,2.71843
245,0.657701,0.14799,9,2.88,0.0711839,2.65966
246,0.690716,0.155088,10,2.97333,0.0639995,2.58312
247,0.565229,0.105587,8,2.39333,0.0636006,2.53514
248,0.670083,0.179856,9,3.37333,0.065845,2.58131
249,0.609308,0.11909,9,2.34667,0.0655392,2.48733
250,0.580762,0.121151,9,2.73333,0.0680271,2.68044
251,0.596685,0.1214,8,2.54,0.0724702,2.81407
252,0.794986,0.124642,10,2.58667,0.0713428,2.49803
253,0.729292,0.139936,9,2.60667,0.0718295,2.32278
254,0.546838,0.143146,8,2.53333,0.0726062,2.86378
255,0.623986,0.134716,9,2.45333,0.0734635,2.34807
256,0.688883,0.117495,9,2.57333,0.0644242,2.31453
257,0.633891,0.141854,9,2.9,0.0694219,2.17899
258,0.56018,0.115784,8,2.41333,0.0647694,2.44855
259,0.530678,0.107276,8,1.78667,0.0648206,2.67503
260,0.584252,0.0960344,9,1.94,0.0645555,2.41484
261,0.647214,0.151288,10,2.51333,0.0690711,2.60311
262,0.547051,0.127484,7,2.18667,0.065437,2.56557
263,0.738525,0.153123,10,2.85333,0.0703989,2.46047
264,0.506335,0.106995,9,2.21333,0.0735697,2.52395
265,0.861265,0.15793,10,2.83333,0.0696467,2.41389
266,0.581928,0.102396,8,1.81333,0.0668494,2.46783
267,0.791014,0.140344,10,2.56667,0.0714991,2.48453
268,0.607802,0.151835,10,2.84667,0.068394,2.56285
269,0.558782,0.139141,9,2.64667,0.0682402,2.55452
270,0.660038,0.110069,8,2.28667,0.0760057,2.91543
271,0.702506,0.13765,10,2.50667,0.0704206,2.66327
272,0.74039,0.0944907,9,2.00667,0.0700821,2.45518
273,0.520085,0.0712426,8,1.65333,0.066118,2.3282
274,0.632229,0.106914,9,1.96667,0.0681552,2.25187
275,0.62339,0.107401,10,1.95333,0.0724138,2.43246
276,0.515611,0.119302,8,2.36667,0.065663,2.73011
277,0.719751,0.141066,9,2.53333,0.0664847,2.40474
278,0.643092,0.156837,10,2.95333,0.0705295,2.23865
279,0.641672,0.0892664,7,1.91333,0.066689,2.51762
280,0.632278,0.0968596,8,1.88,0.0633116,2.5877
281,0.706509,0.107606,9,2.16,0.065949,2.20059
282,0.56569,0.114567,10,2.02667,0.0661128,2.31636
283,0.571604,0.0966697,8,1.8,0.0691893,2.39649
284,0.782278,0.155861,10,2.75333,0.0653838,2.03138
285,0.737584,0.154526,10,2.67333,0.0703153,2.42377
286,0.6386,0.163346,8,2.74667,0.0680799,2.78543
287,0.790004,0.172103,10,2.96,0.0693279,2.7653
288,0.728595,0.123138,9,2.39333,0.0704668,2.97657
289,0.739962,0.139969,9,2.56,0.0664764,2.64332
290,0.665633,0.115836,9,2.04,0.0678742,2.42703
291,0.715708,0.0852433,10,1.68,0.0646377,2.41311
292,0.874288,0.0926646,10,1.65333,0.0668048,2.45786
293,0.777512,0.120121,10,2.24667,0.0670183,2.47403
294,0.748178,0.166834,10,2.82,0.067593,2.63357
295,0.785894,0.164399,9,2.68667,0.0656897,2.44374
296,0.607222,0.151842,8,2.2,0.0648245,2.29593
297,0.608303,0.118512,9,2.5,0.0661011,2.85299
298,0.777443,0.116442,10,2.36,0.0655611,2.55059
299,0.715601,0.119583,10,2.54667,0.0680654,2.73096
300,0.653658,0.0955629,9,1.89333,0.0686153,3.16712
301,0.728389,0.132991,9,2.06667,0.0657125,2.43999
302,0.684671,0.105152,9,1.82,0.0663146,2.27655
303,0.577492,0.100531,8,1.62667,0.0659107,2.44512
304,0.724638,0.154489,9,2.43333,0.0670718,2.34065
305,0.79178,0.122687,10,2.11333,0.0667688,2.63386
306,0.712417,0.120154,8,1.82667,0.0699888,2.4295
307,0.565807,0.128564,9,1.93333,0.0704351,2.45131
308,0.788504,0.1611,10,2.49333,0.0723584,2.46782
309,0.832088,0.13419,10,2.16667,0.0683355,2.43884
310,0.694077,0.112931,10,1.92,0.0670407,2.58085
311,0.661702,0.105028,9,1.7,0.0648836,2.10308
312,0.699541,0.127205,10,2.26,0.0620925,2.24251
313,0.682521,0.135916,9,2.30667,0.0713399,2.6566
314,0.751235,0.187887,10,3.13333,0.069543,2.30407
315,0.607348,0.118035,8,1.94667,0.0711015,2.62919
316,0.818811,0.212616,10,2.94,0.0680157,2.21897
317,0.817927,0.1205,10,2.34667,0.0668938,2.61002
318,0.704299,0.173168,9,2.79333,0.0642433,2.23873
319,0.644117,0.132999,9,2.2,0.0643426,2.33732
320,0.683765,0.173341,9,2.76667,0.0659236,2.52811
321,0.687051,0.134218,9,2.62667,0.0672518,2.58233
322,0.727691,0.129925,10,2.37333,0.0691068,2.53397
323,0.75246,0.158706,9,2.76667,0.0656261,2.41956
324,0.542609,0.116421,9,2.04667,0.069438,2.6114
325,0.640017,0.136209,9,2.28,0.0696975,2.54208
326,0.671204,0.141157,8,2.24,0.0676804,2.72463
327,0.758409,0.156871,10,2.51333,0.0714663,2.63497
328,0.759569,0.129249,9,2.15333,0.0713133,2.68468
329,0.755699,0.152158,10,2.45333,0.06901,2.29665
330,0.676692,0.137067,9,2.26,0.0669162,2.71496
331,0.684597,0.157486,9,2.68,0.0721023,2.92124
332,0.802839,0.202989,10,3.18667,0.0655255,2.45747
333,0.720993,0.158531,9,2.65333,0.0686921,2.42499
334,0.654162,0.153899,8,2.46,0.0695585,2.638
335,0.646055,0.134814,9,2.36667,0.0640444,2.22925
336,0.777657,0.183565,10,3.14667,0.0650552,2.44279
337,0.620196,0.171093,8,2.98667,0.069426,2.58487
338,0.832076,0.186834,10,3.19333,0.0669741,2.39032
339,0.755606,0.168527,10,3.06667,0.0691253,2.48894
340,0.691704,0.145943,9,2.46667,0.0654343,2.51072
341,0.746276,0.148117,9,2.47333,0.0662612,2.49489
342,0.708613,0.147449,10,2.87333,0.0821213,2.5121
343,0.734995,0.131588,9,2.47333,0.0684775,2.68351
344,0.800814,0.223356,10,3.72667,0.0696735,2.13606
345,0.770877,0.190076,9,3.14,0.0675434,2.61393
346,0.549485,0.163707,10,3.03333,0.0669267,2.73608
347,0.660724,0.14796,10,2.93333,0.0649823,2.27796
348,0.599446,0.122466,10,2.24667,0.0679423,2.47602
349,0.750107,0.147344,9,2.94,0.0664131,2.58774
350,0.643058,0.134267,9,2.34667,0.0673516,2.65214
351,0.764142,0.147134,10,2.75333,0.0719275,2.85442
352,0.703858,0.178892,10,3.56667,0.0724865,2.82322
353,0.855145,0.174142,10,3.00667,0.0743529,2.47788
354,0.603918,0.169857,8,2.63333,0.0772893,2.52927
355,0.757409,0.246182,10,3.61333,0.0702352,2.57577
356,0.766821,0.2076,10,3.64667,0.0700146,2.51369
357,0.697624,0.189645,10,3.66,0.0720785,2.70737
358,0.715261,0.177319,9,2.76,0.06879,2.53061
359,0.722647,0.187994,10,3.26667,0.0667773,2.38624
360,0.674833,0.169636,9,2.87333,0.068041,2.51871
361,0.797089,0.210396,10,3.65333,0.0708475,2.46409
362,0.635312,0.122617,9,2.38667,0.0674101,2.47986
363,0.83323,0.206789,10,3.47333,0.0687221,2.47647
364,0.731514,0.173405,9,3.03333,0.0653155,2.39927
365,0.55342,0.128326,8,2.63333,0.066085,2.52446
366,0.691576,0.169165,9,2.85333,0.0687712,2.67954
367,0.655602,0.182079,9,3.24,0.0724981,2.35609
368,0.674388,0.197337,9,3.46,0.0689681,2.55068
369,0.83958,0.24728,10,3.91333,0.0731662,2.22605
370,0.681312,0.158794,9,2.6,0.0643325,2.4336
371,0.671244,0.134893,10,2.44,0.0682227,2.54418
372,0.708146,0.209086,9,3.37333,0.068363,2.42282
373,0.757951,0.200941,9,3.21333,0.0862848,2.64974
374,0.692521,0.177314,9,3.16,0.0705354,3.0731
375,0.601438,0.117679,10,2.26,0.0644529,2.4501
376,0.610751,0.14894,9,2.78,0.0677109,2.8113
377,0.554135,0.15447,8,2.58,0.0648577,2.74229
378,0.615268,0.159774,10,3.20667,0.0692839,2.68275
379,0.706711,0.17714,10,3.32667,0.0667072,2.7022
380,0.697396,0.206303,10,3.55333,0.0690925,2.85812
381,0.680563,0.151238,9,2.66,0.070328,2.62988
382,0.601667,0.155798,10,2.93333,0.0711511,2.66274
383,0.7872,0.177013,9,2.93333,0.0838509,2.50608
384,0.716624,0.188312,8,2.93333,0.0678484,2.24717
385,0.776728,0.151158,9,2.48667,0.0694387,2.29296
386,0.758949,0.144372,9,2.78,0.0657252,2.42993
387,0.669246,0.139753,9,2.42667,0.0683042,2.41209
388,0.678794,0.164028,10,2.88667,0.0686487,2.53455
389,0.693267,0.142478,9,2.75333,0.158309,2.67315
390,0.728493,0.176815,10,3.35333,0.0676935,2.45654
391,0.597657,0.131811,9,2.51333,0.124793,2.7321
392,0.479349,0.106632,6,1.84,0.0651161,2.71229
393,0.859954,0.155618,10,2.67333,0.0698507,2.72455
394,0.775262,0.204595,10,3.37333,0.0724103,2.69354
395,0.705508,0.138769,9,2.45333,0.0652857,2.58502
396,0.651587,0.131217,9,2.57333,0.0753897,2.56912
397,0.75264,0.122029,9,2.4,0.0680887,2.22295
398,0.59219,0.105467,10,2.23333,0.0713673,2.60237
399,0.57397,0.104663,9,2.08667,0.0698472,2.46869
400,0.536452,0.1462,9,2.69333,0.0726443,2.76574
401,0.701655,0.206448,9,3.28,0.0643904,2.52071
402,0.618357,0.127852,9,2.48667,0.0694524,2.68287
403,0.533091,0.0990984,8,2.11333,0.0664657,2.61545
404,0.613198,0.121293,8,2.32667,0.0685956,2.60503
405,0.577304,0.105944,9,2.16,0.0645135,2.41565
406,0.569573,0.104793,9,2.21333,0.0727488,2.3469
407,0.628279,0.157684,9,2.70667,0.0738153,2.49072
408,0.738201,0.167839,10,2.90667,0.0686548,2.30972
409,0.626175,0.138031,8,2.7,0.0647255,2.49686
410,0.697906,0.180707,9,3.26,0.0759311,2.2443
411,0.65771,0.136931,9,2.70667,0.139807,2.49521
412,0.794016,0.176223,10,3.30667,0.153909,2.5369
413,0.670244,0.187769,10,3.23333,0.0975026,2.48472
414,0.780791,0.186074,9,3.18667,0.0684528,2.37996
415,0.668852,0.149225,9,2.76,0.142425,2.3405
416,0.594787,0.158948,10,3.20667,0.0739912,2.41206
417,0.594124,0.168285,9,3.39333,0.146191,2.5339
418,0.650399,0.16022,9,3.12667,0.073534,2.82223
419,0.551472,0.151989,9,2.93333,0.0694871,2.4003
420,0.636016,0.149701,9,3.20667,0.0692011,2.36787
421,0.693089,0.177295,10,3.18,0.0729887,2.70089
422,0.672022,0.139805,10,2.6,0.0717268,2.26836
423,0.563884,0.109932,8,2.12,0.067703,2.57919
424,0.542548,0.118949,8,2.28667,0.0655364,2.20381
425,0.603124,0.12513,10,2.39333,0.0801262,2.12872
426,0.629095,0.120403,9,2.28667,0.0766458,2.12609
427,0.630563,0.157233,10,2.87333,0.127745,2.46247
428,0.799394,0.146354,9,2.42,0.0674432,2.18475
429,0.743547,0.160403,9,2.74667,0.143603,2.13684
430,0.60217,0.160187,9,2.87333,0.0692866,2.14138
431,0.626281,0.17328,9,3.12667,0.071064,2.34835
432,0.518346,0.146644,10,2.91333,0.0718248,2.18731
433,0.577058,0.135242,8,2.58,0.0615468,2.24316
434,0.801926,0.140559,10,2.57333,0.0685338,2.23678
435,0.661871,0.124671,8,2.64,0.0673111,2.33757
436,0.664501,0.123374,8,2.32,0.0716771,2.33438
437,0.752958,0.161283,10,3.02,0.0670183,2.20135
438,0.620153,0.141383,8,2.42,0.0654827,2.19531
439,0.648567,0.14888,9,2.52,0.0696859,2.26227
440,0.795013,0.15197,10,2.6,0.0873183,2.31918
441,0.650186,0.173499,9,2.87333,0.0707016,2.41325
442,0.705631,0.146762,10,2.86,0.0859301,2.22846
443,0.699493,0.141806,9,2.62,0.0681854,1.95287
444,0.621977,0.102983,8,2.24667,0.0672596,2.02834
445,0.794882,0.111329,10,2.66,0.0733719,2.23165
446,0.70511,0.107941,8,2.07333,0.0660515,2.32399
447,0.577048,0.103313,9,2.14,0.0690245,2.12231
448,0.685016,0.120294,8,2.48667,0.0714976,2.4258
449,0.668282,0.111603,8,2.38,0.0728551,2.07387
450,0.65092,0.0859739,8,1.78,0.0662359,2.23058
451,0.758858,0.14289,10,2.80667,0.0683594,2.02206
452,0.650737,0.102751,9,1.84667,0.0693917,2.11255
453,0.897031,0.102293,10,2.06667,0.0683341,2.23412
454,0.610441,0.096866,8,1.96,0.0647325,2.26321
455,0.683273,0.0902245,9,1.82,0.0664855,2.09845
456,0.715257,0.101665,10,1.80667,0.0650657,2.0693
457,0.604607,0.119243,9,2.18,0.0673329,2.12897
458,0.705125,0.110667,9,2.32,0.0792624,2.31911
459,0.53834,0.0809863,8,1.86667,0.0695453,2.45095
460,0.737783,0.136982,10,2.76,0.066829,2.19174
461,0.686838,0.118624,9,2.37333,0.0707551,2.40426
462,0.680625,0.131234,10,2.26,0.0661856,1.96455
463,0.724691,0.124194,9,2.08667,0.0736984,2.2085
464,0.678244,0.15832,9,2.69333,0.0802448,2.45356
465,0.735662,0.15259,8,2.66,0.0693289,2.43798
466,0.629612,0.112938,8,2.08,0.0672164,2.1577
467,0.591959,0.122191,7,1.98667,0.0678591,2.32784
468,0.653488,0.119982,8,1.95333,0.0674769,2.24712
469,0.751035,0.111229,9,1.88,0.0669369,2.03084
470,0.679405,0.0906337,8,1.68,0.0694224,2.33975
471,0.741129,0.150871,10,2.34667,0.066937,2.16752
472,0.660976,0.159195,9,2.44,0.0700322,2.1688
473,0.749942,0.163203,9,2.41333,0.066558,1.85641
474,0.688383,0.135452,10,2.08667,0.0660409,2.14798
475,0.715072,0.132171,9,2.4,0.0647823,2.43257
476,0.853445,0.158918,9,2.50667,0.065759,2.4052
477,0.785631,0.182307,9,2.65333,0.0698528,2.28907
478,0.736961,0.154573,9,2.44,0.0691209,2.43193
479,0.753504,0.172278,9,2.44667,0.0691303,2.3605
480,0.739922,0.169565,9,2.70667,0.0696848,2.31083
481,0.653116,0.164006,9,2.48667,0.0653435,2.35218
482,0.653422,0.148112,8,2.31333,0.065669,2.20077
483,0.579208,0.120065,8,2.05333,0.0664655,2.52322
484,0.797696,0.163832,10,2.52667,0.0781706,2.32846
485,0.784141,0.187575,9,2.68,0.0688865,2.2781
486,0.713626,0.191858,8,2.90667,0.0692573,2.41445
487,0.815606,0.204787,9,3.08,0.0694059,2.37829
488,0.565995,0.141248,8,2.12667,0.0709969,2.52528
489,0.687614,0.178951,8,2.40667,0.0695667,2.30397
490,0.739773,0.191782,8,2.63333,0.0694595,2.33165
491,0.904464,0.195492,10,2.75333,0.0712887,2.38206
492,0.809712,0.202277,9,2.82,0.073169,2.26711
493,0.730217,0.195512,9,2.92667,0.0696857,2.22556
494,0.60994,0.172455,8,2.40667,0.0696275,2.49435
495,0.80346,0.255105,9,3.65333,0.0698834,2.57858
496,0.736845,0.221821,9,3.22,0.112736,2.47688
497,0.872149,0.225006,10,3.32,0.0684014,2.60393
498,0.626739,0.175555,8,2.6,0.0676687,2.31045
499,0.669984,0.217736,9,3.08667,0.0671543,2.26736
500,0.511091,0.165323,8,2.84667,0.0711021,2.72003
501,0.675197,0.175722,8,2.6,0.0660526,2.38648
502,0.790074,0.225689,9,3.19333,0.0624642,2.50097
503,0.720784,0.208371,9,2.92667,0.0663882,2.46245
504,0.709413,0.192858,9,2.75333,0.0703141,2.74356
505,0.767606,0.208894,9,2.97333,0.0668206,2.51221
506,0.685259,0.224178,9,3.15333,0.0666095,2.29082
507,0.743105,0.195489,9,2.83333,0.0880194,2.43345
508,0.603097,0.188079,8,2.7,0.0678652,2.51957
509,0.799171,0.233361,9,3.27333,0.069118,2.49721
510,0.645063,0.151394,9,2.29333,0.0702512,2.34366
511,0.911167,0.267538,10,3.80667,0.158163,2.34892
512,0.596703,0.164792,8,2.48,0.151467,2.57605
513,0.815707,0.221683,9,2.94,0.0660851,1.98627
514,0.702544,0.176013,8,2.42,0.0669262,2.30377
515,0.508366,0.165739,7,2.57333,0.0702127,2.79796
516,0.660605,0.188613,9,2.64,0.0672156,2.41362
517,0.791488,0.23661,9,3.22667,0.0682041,2.29795
518,0.74605,0.221753,8,2.88,0.0744525,2.38777
519,0.697868,0.176591,8,2.44,0.0656479,2.38001
520,0.710426,0.218704,9,2.98667,0.067575,2.534
521,0.718303,0.247644,9,3.64667,0.0709539,2.33011
522,0.664987,0.160134,8,2.24,0.0731959,2.35561
523,0.609176,0.133847,9,2.10667,0.0663116,2.46913
524,0.683805,0.204728,9,2.91333,0.0687103,2.45822
525,0.687905,0.200441,8,2.83333,0.069839,2.31917
526,0.60271,0.169152,9,2.52,0.0704384,2.39935
527,0.704251,0.190017,8,2.68667,0.0661204,2.30324
528,0.826153,0.240536,10,3.36,0.0714722,2.24787
529,0.736548,0.202165,8,2.84,0.0705599,2.45008
530,0.622022,0.188003,8,2.68667,0.0645947,2.55538
531,0.631413,0.185912,8,2.81333,0.0703156,2.41874
532,0.535921,0.190365,8,2.73333,0.0692216,2.79073
533,0.840371,0.272829,10,3.87333,0.0862977,2.41958
534,0.681283,0.219178,8,3.01333,0.123893,2.40531
535,0.659751,0.166856,9,2.59333,0.1072,2.54452
536,0.840838,0.280277,10,4.00667,0.0671122,2.20241
537,0.590102,0.15124,7,2.22667,0.067507,2.58854
538,0.706397,0.212469,8,2.86,0.0651273,2.38007
539,0.72205,0.186387,8,2.6,0.138469,2.51949
540,0.80106,0.235267,9,3.35333,0.0700139,2.27767
541,0.554057,0.127145,6,1.78,0.0706374,2.46697
542,0.585109,0.142688,8,2.11333,0.0673312,2.50267
543,0.655009,0.178535,7,2.62667,0.0915696,2.71925
544,0.656897,0.170068,8,2.34667,0.0686407,2.55068
545,0.733718,0.188117,8,2.80667,0.0704956,2.53239
546,0.607147,0.139406,8,2.00667,0.0674597,2.77138
547,0.751178,0.248984,9,3.66667,0.0843877,2.62141
548,0.877409,0.227883,10,3.24667,0.0717094,2.13827
549,0.722015,0.221519,8,3.08,0.0651327,2.43092
550,0.806738,0.223683,9,3.13333,0.0694763,2.52277
551,0.65216,0.181824,8,2.66667,0.0733683,2.55758
552,0.905644,0.256194,10,3.66,0.0713913,2.55856
553,0.645367,0.176731,7,2.44,0.156198,2.54331
554,0.693236,0.220699,8,2.86667,0.0686056,2.54234
555,0.723148,0.177405,8,2.24667,0.0675489,2.6795
556,0.722068,0.223807,8,2.88,0.0689444,2.33979
557,0.67,0.179548,8,2.65333,0.0732799,2.60413
558,0.81138,0.19164,10,2.66667,0.0733762,2.57909
559,0.732996,0.201471,9,2.94,0.0706802,2.45679
560,0.622215,0.198603,9,3.22,0.0704904,2.54252
561,0.635241,0.173087,8,2.55333,0.0673848,2.86371
562,0.730672,0.162179,9,2.42,0.0659318,2.59464
563,0.677108,0.190059,9,2.84,0.0676367,2.5494
564,0.732979,0.216145,9,2.82667,0.0714529,2.45689
565,0.808428,0.202376,9,3.09333,0.0675181,2.36276
566,0.812912,0.244802,10,3.72667,0.0747138,2.42954
567,0.63686,0.159292,7,2.35333,0.148368,2.57039
568,0.687979,0.186927,8,2.46667,0.0647028,2.38911
569,0.719111,0.181618,9,2.54,0.0715598,2.27311
570,0.503893,0.160558,7,2.18667,0.0654278,2.15881
571,0.718927,0.189836,9,2.69333,0.0700737,2.41656
572,0.759939,0.19878,9,2.85333,0.11785,2.60577
573,0.678845,0.187873,9,2.86667,0.0669705,2.40939
574,0.761849,0.232641,9,3.33333,0.0641855,2.43461
575,0.544868,0.141085,8,2.06667,0.0635274,2.40979
576,0.764348,0.244481,9,3.34667,0.0687853,2.31325
577,0.649201,0.182823,8,2.43333,0.0657775,2.5232
578,0.772396,0.23006,10,3.56,0.0700376,2.32222
579,0.728301,0.217107,9,3.12667,0.0729593,2.71421
580,0.705155,0.201775,10,2.96,0.0678863,2.43575
581,0.711278,0.220824,10,3.23333,0.0712324,2.17331
582,0.764704,0.191598,9,2.81333,0.0729428,2.20999
583,0.773605,0.200497,9,3.20667,0.0706284,2.56232
584,0.627955,0.149312,7,2.22,0.0683682,2.49622
585,0.792889,0.194161,9,2.91333,0.0677217,2.51804
586,0.870666,0.258439,10,3.90667,0.071284,2.36059
587,0.656148,0.162295,9,2.53333,0.0724104,2.34677
588,0.670801,0.148483,8,2.21333,0.0719873,2.62645
589,0.740927,0.154726,8,2.33333,0.0673523,2.55217
590,0.843588,0.220395,10,3.06667,0.0708348,2.32971
591,0.68246,0.174215,8,2.60667,0.0761947,2.66777
592,0.745396,0.207832,9,2.99333,0.0701794,2.51664
593,0.820114,0.207742,9,2.9,0.0668605,2.09582
594,0.698598,0.160797,8,2.31333,0.0879573,2.771
595,0.804886,0.175094,10,2.56667,0.0928521,2.19256
596,0.768275,0.213356,10,3.30667,0.0689413,2.03233
597,0.764071,0.188282,9,2.68,0.0654725,2.29125
598,0.806855,0.199286,10,2.8,0.0684223,2.17624
599,0.833832,0.263689,10,3.81333,0.0701035,2.29602
600,0.681301,0.179956,9,2.58667,0.0690228,2.65349
601,0.828462,0.237478,9,3.29333,0.114811,2.3646
602,0.621769,0.162782,8,2.28,0.072189,2.41931
603,0.572449,0.162414,8,2.58,0.0699372,2.57928
604,0.716854,0.20094,8,2.97333,0.0693279,2.29059
605,0.613983,0.150708,8,2.44667,0.0729221,2.54415
606,0.823961,0.231121,10,3.37333,0.0690389,2.22851
607,0.544537,0.153507,6,2.41333,0.0727353,2.30195
608,0.810717,0.205466,9,2.90667,0.070661,2.22556
609,0.77234,0.231452,10,3.64,0.0702632,2.06373
610,0.469533,0.135103,6,1.92,0.06503,2.2375
611,0.742085,0.232483,9,3.52667,0.0686465,2.31748
612,0.612578,0.1483,8,2.28,0.0702896,2.55401
613,0.804537,0.204697,10,3.04667,0.0930334,2.37001
614,0.817257,0.175553,9,2.76667,0.0684418,2.16448
615,0.826901,0.200873,9,3.14667,0.0688093,2.24543
616,0.778924,0.213451,10,3.30667,0.0773276,2.46347
617,0.668823,0.164217,10,2.8,0.0665925,2.68616
618,0.568604,0.162864,9,2.8,0.0818117,2.62516
619,0.765223,0.174972,9,2.59333,0.0799685,2.46009
620,0.748013,0.191903,10,2.90667,0.0673527,2.15838
621,0.657138,0.168271,9,2.54,0.064709,2.37755
622,0.72756,0.181094,8,2.66667,0.0700017,2.50289
623,0.704868,0.134167,10,2.79333,0.0683995,2.5203
624,0.619166,0.150979,9,3.24,0.0688084,2.55734
625,0.693095,0.123791,9,2.33333,0.0692738,2.30125
626,0.714256,0.12558,10,2.64667,0.0665406,2.40989
627,0.769411,0.129096,10,2.25333,0.15232,2.51477
628,0.615382,0.117228,8,2.16,0.0699906,2.40454
629,0.550069,0.109378,8,1.94,0.129084,2.70803
630,0.659116,0.112916,9,1.98667,0.0644364,2.44911
631,0.733386,0.157196,9,2.91333,0.0715458,2.8153
632,0.768276,0.134045,9,2.23333,0.0680738,2.32166
633,0.679111,0.168677,9,2.63333,0.067773,2.35044
634,0.764539,0.145852,9,2.46667,0.0696089,2.51541
635,0.712215,0.14228,9,2.42667,0.06824,2.47637
636,0.782518,0.153458,9,2.34667,0.0672999,2.16673
637,0.531888,0.115688,7,1.82,0.0690101,2.4436
638,0.704986,0.154594,9,2.43333,0.06673,2.04643
639,0.710156,0.147316,9,2.28667,0.0663862,2.27102
640,0.734734,0.20132,9,2.89333,0.072055,2.38598
641,0.787626,0.163506,9,2.5,0.0710134,2.40669
642,0.78918,0.141888,9,2.32667,0.0688277,2.4258
643,0.906396,0.193303,10,3.08,0.0711307,2.40341
644,0.795018,0.149335,9,2.44667,0.0654169,2.29545
645,0.654136,0.126839,7,2.14667,0.0708082,2.57038
646,0.811219,0.150772,9,2.36667,0.0694948,2.44555
647,0.719913,0.118917,9,1.97333,0.0701374,2.60221
648,0.680805,0.152733,9,2.27333,0.0661156,2.25851
649,0.636866,0.14768,7,2.18667,0.0728049,2.74599
650,0.636579,0.116142,9,1.82,0.0675176,2.45962
651,0.780959,0.175453,9,2.56667,0.0663805,2.44219
652,0.731995,0.16946,9,2.54,0.0708993,2.41878
653,0.730957,0.142506,9,2.1,0.0682662,2.45235
654,0.732098,0.163182,9,2.40667,0.0705584,2.44327
655,0.765257,0.177854,9,2.61333,0.0691751,2.3848
656,0.680472,0.177322,8,2.45333,0.0663435,2.52491
657,0.723283,0.152872,8,2.3,0.0807865,2.74053
658,0.70858,0.157532,8,2.28667,0.0665664,2.41179
659,0.555846,0.115752,8,1.88,0.0737654,2.68144
660,0.546759,0.121481,9,2.12667,0.0714585,2.65105
661,0.627939,0.157445,7,2.26,0.0662245,2.67792
662,0.826423,0.19687,9,2.72,0.0710923,2.4043
663,0.737195,0.210228,10,3.26667,0.0677689,2.30586
664,0.698568,0.154946,8,2.18667,0.0683915,2.42474
665,0.623162,0.14971,7,2.18667,0.0676799,2.15212
666,0.811479,0.17354,9,2.50667,0.0697374,2.89578
667,0.708096,0.142969,10,2.34667,0.0664384,2.61964
668,0.730622,0.18462,9,2.78,0.0656124,2.72732
669,0.815229,0.203124,10,2.94667,0.0677622,2.30701
670,0.791922,0.225997,9,3.35333,0.0695135,2.63529
671,0.749791,0.17639,9,2.51333,0.0668743,2.33358
672,0.723848,0.204975,9,2.96667,0.0661144,2.25172
673,0.625704,0.194437,7,2.76,0.0708654,2.65175
674,0.726899,0.198398,8,2.86667,0.0683681,2.3431
675,0.657465,0.216912,8,3.08,0.0665857,2.43054
676,0.569059,0.15037,8,2.35333,0.0649549,2.71938
677,0.656767,0.181604,9,2.64667,0.0750914,2.59576
678,0.546214,0.129028,8,2.25333,0.0689324,2.32732
679,0.809238,0.197468,9,2.93333,0.0672347,2.39065
680,0.727219,0.205046,8,3.02,0.0709754,2.48108
681,0.835137,0.264365,9,4.04,0.153581,2.44818
682,0.735971,0.195584,8,2.98667,0.0663481,2.38162
683,0.702454,0.219596,8,3.16,0.0686026,2.33333
684,0.778688,0.222396,9,2.96,0.0692893,2.17769
685,0.721169,0.119484,9,2.06667,0.0721125,2.59083
686,0.925016,0.263406,10,3.78667,0.172539,2.23072
687,0.760494,0.26047,9,3.84,0.0665479,2.36923
688,0.784476,0.256682,9,3.77333,0.0932018,2.44407
689,0.69652,0.219334,9,3.2,0.066449,2.37574
690,0.857648,0.278947,10,4.01333,0.0733092,2.18903
691,0.818011,0.237101,9,3.32667,0.0717757,2.32613
692,0.796625,0.259711,10,3.79333,0.119227,2.61224
693,0.567683,0.133689,7,2.26,0.0674934,2.69131
694,0.8135,0.228453,10,3.36667,0.0793739,2.57837
695,0.944183,0.29294,10,4.12667,0.0697836,2.23733
696,0.624968,0.167762,8,2.50667,0.0678315,2.63964
697,0.862627,0.270882,10,3.93333,0.0705944,2.50187
698,0.789423,0.187741,9,2.85333,0.0646735,2.27396
699,0.789382,0.232562,10,3.63333,0.071204,2.13486
700,0.627204,0.17707,8,2.78,0.0689658,2.54017
701,0.390324,0.0745202,7,1.37333,0.0642749,2.80516
702,0.685249,0.185339,9,2.86,0.0695061,2.60977
703,0.725321,0.170078,9,2.56667,0.066702,2.49954
704,0.791683,0.201228,9,2.94,0.0677316,2.31096
705,0.753627,0.230515,9,2.95333,0.0719018,2.57122
706,0.802477,0.159437,9,2.28,0.0663924,2.43152
707,0.706256,0.18989,9,2.72667,0.0738325,2.41283
708,0.685546,0.175734,8,2.60667,0.070375,2.42283
709,0.809054,0.241865,10,3.32,0.0695855,2.07854
710,0.656389,0.190789,9,2.86667,0.072564,2.65421
711,0.642501,0.137736,7,2.12,0.123779,2.63328
712,0.7577,0.227946,9,3.46,0.071336,2.32756
713,0.848819,0.229431,10,3.53333,0.0702751,2.49532
714,0.775357,0.209897,9,3.44,0.0672472,2.55567
715,0.891129,0.251689,10,3.54,0.0749044,2.50636
716,0.759941,0.183275,10,3.16667,0.0694896,2.49821
717,0.640233,0.135392,7,2.22667,0.0669167,2.63018
718,0.74876,0.171589,9,2.58,0.0734947,2.3749
719,0.639284,0.171237,8,2.57333,0.0849138,2.85654
720,0.671254,0.153049,9,2.62,0.139723,2.68923
721,0.731653,0.130954,9,2.54667,0.0729403,2.99922
722,0.731946,0.152489,10,2.69333,0.0817162,2.3879
723,0.66304,0.141466,8,2.52667,0.0674541,2.7013
724,0.769655,0.161066,10,2.66667,0.0777255,2.7776
725,0.730022,0.169959,9,2.65333,0.066369,2.47504
726,0.698999,0.175986,10,2.9,0.0722476,2.51423
727,0.420053,0.0688464,8,1.39333,0.0657533,2.64361
728,0.706975,0.124984,9,2.40667,0.0640289,2.61124
729,0.610804,0.158556,8,2.68,0.0869959,2.6296
730,0.579559,0.167985,8,2.89333,0.0806057,2.499
731,0.798828,0.184215,10,3.00667,0.0715248,2.48833
732,0.639672,0.143828,7,2.39333,0.0721961,2.75192
733,0.678339,0.191916,9,2.82667,0.0762232,2.25582
734,0.705728,0.128816,8,2.23333,0.0676189,2.4138
735,0.762487,0.193676,10,2.86667,0.0655252,2.43801
736,0.649756,0.132214,8,2.41333,0.0693173,2.34855
737,0.783826,0.192998,10,2.86667,0.0681319,2.32152
738,0.769655,0.163733,9,2.52667,0.0702368,2.25745
739,0.71341,0.163142,9,2.78667,0.0670122,2.18659
740,0.511643,0.109469,8,1.9,0.0756459,2.29525
741,0.840162,0.161153,10,2.9,0.0684887,2.26373
742,0.744845,0.138721,9,2.41333,0.0704599,2.13898
743,0.558267,0.0893118,8,1.83333,0.067425,2.39537
744,0.582981,0.104553,7,1.99333,0.0619741,2.33877
745,0.845527,0.148586,9,2.5,0.0647741,2.06514
746,0.577294,0.155425,9,2.59333,0.0831852,2.48034
747,0.605126,0.146959,9,2.54667,0.0733138,2.42707
748,0.760946,0.160747,9,2.84667,0.073132,2.30049
749,0.640034,0.155163,8,2.51333,0.0665814,2.11324
750,0.780152,0.194874,10,3.18,0.0729107,2.1894
751,0.816403,0.192341,10,3.02,0.0706647,2.149
752,0.580253,0.159696,9,2.65333,0.0667198,2.51954
753,0.59517,0.155644,8,2.65333,0.0649648,2.61652
754,0.817713,0.210232,10,3.33333,0.0684323,2.50284
755,0.685407,0.184555,10,3.2,0.127637,2.63875
756,0.766708,0.176867,9,2.66667,0.0673954,2.34446
757,0.685331,0.195876,8,2.91333,0.0693196,2.20175
758,0.669316,0.211293,10,3.24667,0.0740687,2.1888
759,0.632553,0.173268,9,2.84,0.110979,2.06856
760,0.857944,0.236482,10,3.78,0.067611,1.85324
761,0.792542,0.19991,10,3.00667,0.0726321,2.26473
762,0.841985,0.188126,10,3.00667,0.0755899,2.20834
763,0.691051,0.16059,8,2.43333,0.0748624,2.08205
764,0.642118,0.163946,9,2.57333,0.066561,2.24608
765,0.748367,0.178147,10,3.00667,0.070342,2.10399
766,0.846115,0.211597,10,3,0.0639495,1.95203
767,0.670491,0.180192,9,2.74667,0.0683187,2.19688
768,0.746573,0.201459,9,2.96667,0.0685052,2.4764
769,0.69592,0.192503,8,2.66,0.0669075,2.06831
770,0.537032,0.139149,7,2.14667,0.0658523,2.01396
771,0.590851,0.196341,8,3.09333,0.0958871,2.38511
772,0.555727,0.129552,8,2.12667,0.0693073,2.19253
773,0.607087,0.187783,8,2.85333,0.0702052,2.22669
774,0.57866,0.171149,8,2.62,0.0671524,2.30731
775,0.479999,0.142508,7,2.15333,0.0683912,2.4486
776,0.498831,0.140631,7,2.12,0.0706482,2.14375
777,0.441728,0.119647,7,2.05333,0.0682817,2.44399
778,0.665681,0.154269,8,2.64667,0.0739815,2.32216
779,0.629291,0.167371,9,2.56,0.0639933,2.0278
780,0.669771,0.195366,9,3.05333,0.133855,2.45028
781,0.676691,0.130651,9,2.15333,0.0737979,2.52716
782,0.749815,0.171766,9,2.64667,0.0680604,2.40373
783,0.748044,0.189593,10,2.98667,0.0673458,2.15187
784,0.76724,0.185922,9,3.06,0.0707414,2.21322
785,0.642076,0.169015,9,2.62,0.0884288,2.49467
786,0.85881,0.227108,10,3.3,0.0684571,2.09034
787,0.641744,0.126939,10,2.28667,0.06905,2.4309
788,0.76392,0.129633,9,2.09333,0.0714222,2.3463
789,0.751986,0.162376,9,2.53333,0.0719861,2.16998
790,0.567535,0.167324,8,2.55333,0.068891,2.02929
791,0.564396,0.160242,8,2.22667,0.0655021,1.72142
792,0.65825,0.162292,10,2.52667,0.0722742,2.10243
793,0.710163,0.151252,8,2.24667,0.0685672,2.13637
794,0.769858,0.185965,10,2.77333,0.0653178,2.12615
795,0.784223,0.216702,10,3.23333,0.0705518,2.22374
796,0.79175,0.217764,9,3.22667,0.0663093,2.20014
797,0.534427,0.133665,6,2.20667,0.0824851,2.5191
798,0.538441,0.1154,9,1.89333,0.0799105,2.34359
799,0.621138,0.120541,8,1.98,0.0715199,2.26627
800,0.661846,0.18917,10,2.61333,0.0658752,2.05802
801,0.605313,0.169959,9,2.53333,0.0643959,2.20027
802,0.592949,0.159844,8,2.48,0.0687803,2.45203
803,0.645787,0.205343,9,3.06667,0.0692961,2.33729
804,0.624186,0.165391,9,2.62,0.0693905,2.16222
805,0.741844,0.198205,9,2.88,0.0672701,2.16499
806,0.788781,0.174925,10,2.71333,0.0690407,2.15341
807,0.714318,0.182435,10,2.69333,0.0685722,2.36636
808,0.581054,0.102775,7,1.64,0.0622637,2.10165
809,0.712129,0.146634,10,2.3,0.0666287,2.20737
810,0.608379,0.14492,8,2.60667,0.0676727,2.40765
811,0.625276,0.110269,8,1.7,0.0667488,2.40283
812,0.794266,0.128604,10,2.26,0.0685142,2.38689
813,0.692669,0.120291,8,2.44,0.067272,3.03349
814,0.763008,0.18128,10,2.84,0.066755,2.29014
815,0.584803,0.112727,7,1.95333,0.0671201,2.35787
816,0.728794,0.158151,10,2.86667,0.0689238,2.35186
817,0.642131,0.16442,9,2.52,0.144091,2.35685
818,0.641079,0.13319,9,2.19333,0.0793241,2.16084
819,0.681808,0.182964,9,2.84,0.070967,2.01587
820,0.780287,0.154803,9,2.47333,0.0638698,2.07541
821,0.779819,0.167667,9,2.94667,0.0658977,2.45058
822,0.789588,0.147374,10,2.37333,0.0678144,2.38909
823,0.859126,0.126698,10,2.07333,0.0621532,2.16557
824,0.566487,0.150132,8,2.16,0.110453,2.24526
825,0.711618,0.130891,8,2.19333,0.149811,2.48483
826,0.792116,0.188715,9,2.90667,0.0685721,2.10757
827,0.805558,0.154067,10,2.42667,0.0726231,2.20739
828,0.607434,0.114466,9,2.00667,0.0676141,2.15361
829,0.632453,0.130379,8,2.04667,0.0653229,2.18849
830,0.518602,0.104393,7,1.82667,0.0644145,2.30475
831,0.731573,0.141883,10,2.3,0.0718508,2.18883
832,0.719431,0.150958,8,2.22667,0.0670872,2.19395
833,0.785408,0.189224,9,2.70667,0.0677546,1.95779
834,0.580803,0.123429,8,2,0.0686388,2.13764
835,0.737343,0.145296,9,2.14,0.0677049,2.06689
836,0.61593,0.152198,9,2.54667,0.0668756,1.93105
837,0.674609,0.163704,9,2.90667,0.065891,2.02264
838,0.824697,0.211181,10,3.11333,0.07187,2.07731
839,0.639353,0.156527,8,2.62,0.0684718,1.98547
840,0.867219,0.204103,10,3.06667,0.069867,1.9402
841,0.674703,0.178314,8,2.48,0.0661428,2.02337
842,0.770355,0.199251,9,3.51333,0.0689026,2.23
843,0.807099,0.237998,10,3.37333,0.0732975,2.09829
844,0.828128,0.249897,10,3.55333,0.0664443,1.89667
845,0.671323,0.202018,8,3.01333,0.0685355,2.19359
846,0.787655,0.216724,9,3.2,0.0693648,2.25214
847,0.688955,0.197245,10,2.9,0.074302,2.28022
848,0.747385,0.206232,9,3.01333,0.0701029,2.28834
849,0.461576,0.103545,5,1.50667,0.0702576,2.21318
850,0.564069,0.138507,9,2.06667,0.0663708,2.2144
851,0.867703,0.182639,10,3.04667,0.064696,2.27355
852,0.867235,0.211788,10,3.07333,0.073648,2.26524
853,0.633652,0.150256,7,2.13333,0.0686902,2.39982
854,0.613225,0.140856,8,2.12667,0.0659322,2.1861
855,0.757562,0.175962,9,2.6,0.0690231,2.3012
856,0.810077,0.167371,10,2.60667,0.0701962,2.13381
857,0.829626,0.145991,10,2.2,0.0703588,2.10317
858,0.635621,0.133444,9,2.04667,0.0695973,1.89697
859,0.535231,0.13002,7,2.08667,0.0674737,2.38107
860,0.739907,0.24075,9,3.19333,0.0673825,1.98225
861,0.906932,0.220438,10,3.11333,0.0778654,2.20505
862,0.855955,0.214757,10,3.2,0.067119,2.12617
863,0.659353,0.17233,8,2.50667,0.0747398,2.07795
864,0.626065,0.178455,8,2.88,0.0776145,2.08951
865,0.715881,0.18983,8,2.78,0.0697178,2.10121
866,0.833232,0.265255,10,3.86,0.0847,2.18671
867,0.54857,0.142887,10,2.22667,0.0676012,2.16016
868,0.88056,0.235204,10,3.27333,0.0958749,2.06399
869,0.627833,0.138926,8,2.08667,0.0687634,2.03552
870,0.623589,0.132047,8,1.89333,0.0661252,2.1311
871,0.876305,0.231383,10,3.39333,0.0718073,1.8564
872,0.646767,0.168446,8,2.36,0.0672477,1.806
873,0.780382,0.208597,9,2.94667,0.0691813,1.84485
874,0.711826,0.188018,8,2.72667,0.0716789,2.39989
875,0.81907,0.265322,10,3.56667,0.0755573,2.28715
876,0.931852,0.264012,10,3.42667,0.0791369,2.26184
877,0.771035,0.198808,9,2.8,0.0689036,1.95022
878,0.498601,0.125794,7,1.84,0.0682341,2.1191
879,0.891737,0.180508,10,2.69333,0.0838445,2.05744
880,0.535586,0.139327,9,2.43333,0.111248,2.19501
881,0.619709,0.149041,9,2.48,0.0650076,2.00228
882,0.727099,0.178826,8,2.83333,0.0696595,2.14626
883,0.681565,0.137195,8,2.04,0.0727785,2.15482
884,0.808737,0.142421,9,2.10667,0.068849,1.99696
885,0.735668,0.174439,9,2.62,0.0678354,1.91557
886,0.764718,0.185805,9,2.64,0.0654331,1.9426
887,0.690613,0.14141,9,2.10667,0.0667424,2.19285
888,0.679284,0.135105,9,2,0.0682236,2.13938
889,0.610686,0.134493,7,1.92,0.0648632,2.12746
890,0.4772,0.104041,6,1.58,0.0664053,2.34154
891,0.850499,0.212904,9,3.04667,0.0722134,2.08475
892,0.644049,0.164906,8,2.49333,0.0660921,2.17229
893,0.706761,0.112376,9,1.76667,0.069133,2.03706
894,0.649848,0.122996,9,1.88667,0.0687036,2.04703
895,0.682917,0.123198,8,1.72,0.0660442,2.02655
896,0.714063,0.154672,10,2.32667,0.0796942,1.91134
897,0.769419,0.13962,10,2.36,0.0689123,2.02606
898,0.831,0.182356,10,2.58667,0.0681811,1.94613
899,0.653993,0.139676,8,2.14,0.108517,2.01301
900,0.662174,0.149373,10,2.44667,0.106606,1.77836
901,0.8868,0.221281,10,3.14667,0.0703042,2.00647
902,0.646262,0.1851,8,2.68,0.144372,1.73359
903,0.818832,0.183643,9,2.58667,0.0701054,1.85129
904,0.724648,0.187859,9,2.67333,0.0715477,1.89858
905,0.86429,0.212054,10,2.88667,0.0794358,2.41761
906,0.650064,0.110606,8,1.66667,0.0729441,2.20034
907,0.77476,0.190124,9,2.61333,0.06829,1.77583
908,0.807094,0.183932,9,2.44667,0.0673525,1.93816
909,0.859407,0.182645,10,2.42667,0.0676576,1.78684
910,0.726556,0.207273,9,2.98667,0.0694205,2.13681
911,0.61847,0.155305,7,2.29333,0.0706777,2.31684
912,0.636488,0.153359,8,2.09333,0.0692335,2.09778
913,0.745388,0.184001,10,2.6,0.0674242,1.95315
914,0.729788,0.168013,9,2.38,0.0693273,1.91236
915,0.590155,0.164791,9,2.24667,0.0646132,1.83182
916,0.663989,0.186927,8,2.67333,0.0659631,1.9517
917,0.707797,0.209281,9,2.80667,0.0709085,1.94951
918,0.706536,0.181394,8,2.56,0.0708547,1.98587
919,0.794561,0.196906,9,2.67333,0.0683486,1.93802
920,0.879096,0.241977,10,3.28667,0.0697483,1.82503
921,0.889925,0.311859,10,3.94,0.0787776,1.95455
922,0.781552,0.289593,9,3.78667,0.0675002,1.92456
923,0.55617,0.163725,7,2.11333,0.0645066,1.97378
924,0.608593,0.163292,8,2.34667,0.0663991,2.00386
925,0.695094,0.215267,8,2.86667,0.0654147,1.83668
926,0.739096,0.216579,10,3.02,0.0675785,1.81438
927,0.798017,0.198625,9,2.59333,0.0709968,1.86751
928,0.689017,0.226147,8,3.09333,0.066542,2.03722
929,0.656723,0.241408,7,3.18667,0.0682769,2.119
930,0.535805,0.133811,6,1.72667,0.0660162,2.11185
931,0.792448,0.208979,9,2.87333,0.0693072,1.97533
932,0.725015,0.175434,9,2.69333,0.0675461,2.09133
933,0.790143,0.22742,10,3.01333,0.0663117,1.79668
934,0.522113,0.145376,8,1.97333,0.0707819,1.82439
935,0.750337,0.196595,9,2.86,0.0697947,1.81774
936,0.683263,0.225126,8,3.08,0.0687425,1.89311
937,0.722929,0.200388,8,2.7,0.0652249,1.88721
938,0.682039,0.197215,8,2.87333,0.12134,2.16442
939,0.646108,0.219283,7,2.84,0.070609,2.12372
940,0.737716,0.183153,9,2.63333,0.0671876,2.16009
941,0.653834,0.174897,8,2.70667,0.0688731,2.21483
942,0.71917,0.214801,9,3.02667,0.0711799,1.90141
943,0.625126,0.171498,8,2.45333,0.0648622,2.03634
944,0.732939,0.187272,8,2.54,0.0719397,2.13132
945,0.54025,0.149734,7,2.16667,0.0649177,1.93533
946,0.720955,0.213761,9,3.01333,0.0727804,2.38103
947,0.622662,0.140886,9,2.09333,0.0698368,2.04995
948,0.650561,0.171367,7,2.34,0.0721132,2.35552
949,0.712989,0.172997,9,2.46667,0.0728601,2.39167
950,0.673023,0.145351,8,2.24,0.0631296,2.11994
951,0.782548,0.193864,10,3.1,0.0705468,2.35582
952,0.737569,0.163287,9,2.37333,0.06671,1.83802
953,0.825602,0.195449,10,3.07333,0.0708093,1.89687
954,0.677604,0.144699,8,2.25333,0.0688923,2.10169
955,0.732565,0.163538,8,2.58,0.0662691,2.15466
956,0.736743,0.169802,9,2.32667,0.0653274,1.85712
957,0.857904,0.185623,10,2.76667,0.0694823,2.12168
958,0.554477,0.140041,7,1.92,0.0702924,2.08341
959,0.766308,0.152224,8,1.96667,0.0640036,1.80875
960,0.722725,0.142969,8,2.18,0.0847329,1.91958
961,0.689834,0.204832,8,2.80667,0.0662798,1.9665
962,0.759863,0.154859,9,2.28,0.0713365,1.7861
963,0.793354,0.20264,9,3.05333,0.117331,2.10001
964,0.733628,0.155861,9,2.22,0.0712523,2.00971
965,0.821499,0.223924,9,2.9,0.0667428,1.85775
966,0.566433,0.149318,7,2.14667,0.0696008,1.99779
967,0.570955,0.168055,7,2.44,0.0665726,2.1717
968,0.606651,0.188548,8,2.52667,0.0741179,1.85147
969,0.793382,0.197436,9,2.76,0.0695968,2.30418
970,0.558754,0.141034,7,2.04,0.0675447,2.38552
971,0.546396,0.135284,8,2.04,0.0660986,2.10981
972,0.705403,0.153807,10,2.42667,0.0682969,2.03321
973,0.80737,0.192547,10,2.77333,0.0730673,1.75165
974,0.762577,0.19154,9,2.92,0.0695232,1.88525
975,0.694957,0.195621,8,2.92667,0.0733915,1.94084
976,0.776092,0.225696,10,3.05333,0.0693717,2.07202
977,0.74052,0.171212,9,2.46,0.0668681,1.98352
978,0.55144,0.139459,9,2.06,0.0676668,2.09631
979,0.693081,0.19133,8,2.61333,0.0660574,2.12452
980,0.784558,0.161309,9,2.35333,0.0704411,1.99373
981,0.683761,0.146576,8,2.2,0.0718243,2.29973
982,0.733819,0.160754,9,2.58,0.0703761,2.28848
983,0.615467,0.145568,8,2.25333,0.0645769,1.9239
984,0.654709,0.119828,8,1.83333,0.0642434,2.08917
985,0.760751,0.169184,10,2.56667,0.0693681,2.25033
986,0.701448,0.202998,8,2.65333,0.0742916,1.99062
987,0.674138,0.148476,9,2.16667,0.0628906,1.82837
988,0.796782,0.169981,10,2.46,0.0680344,1.90641
989,0.59732,0.142289,7,2.14,0.0671953,1.9961
990,0.656545,0.145271,8,2.26,0.0816557,2.12551
991,0.682068,0.169129,9,2.55333,0.0677222,1.95506
992,0.802804,0.170155,9,2.57333,0.0676959,2.08527
993,0.720398,0.154502,9,2.23333,0.113893,2.12697
994,0.649104,0.166149,8,2.53333,0.0666236,2.18142
995,0.740034,0.219292,8,2.97333,0.0656592,2.0705
996,0.704965,0.15493,9,2.22667,0.0661556,2.21657
997,0.82996,0.239176,10,3.6,0.0719566,2.15814
998,0.696303,0.154491,8,2.38667,0.0642525,2.21592
999,0.593587,0.158328,7,2.22,0.0666482,2.09802
1000,0.642982,0.170423,9,2.7,0.0721422,2.33463
