1,0.0817879,0.00119927,3,0.0933333,0.0709943,0.981506
2,0.0191054,0.0004168,2,0.0466667,0.0683715,1.00703
3,0.174833,0.0348073,6,0.806667,0.0697745,1.2661
4,0.30259,0.034734,9,0.893333,0.0679293,1.27392
5,0.283696,0.0182204,8,0.873333,0.0681854,1.07056
6,0.245628,0.0355256,8,1.09333,0.0687168,1.45913
7,0.281974,0.0370687,7,1.1,0.07106,1.57194
8,0.217914,0.0166252,5,1.03333,0.0736648,1.99347
9,0.20419,0.0204655,6,0.76,0.0670387,1.70013
10,0.471198,0.0315071,6,1.11333,0.0618534,1.62945
11,0.49839,0.0843232,8,2.00667,0.0689576,2.54664
12,0.282436,0.0383738,7,1.67333,0.0783088,2.20877
13,0.324982,0.0324221,8,1.28,0.0681729,1.98723
14,0.515701,0.0650728,10,2.28667,0.0686255,2.2664
15,0.38616,0.0429278,8,1.8,0.0681071,2.24943
16,0.513766,0.113394,8,2.70667,0.0702334,2.7558
17,0.423786,0.0966979,9,2.78,0.0739475,2.64487
18,0.477098,0.102384,8,2.6,0.076566,2.65862
19,0.373265,0.0899487,8,2.44667,0.0681212,2.83368
20,0.286193,0.0478429,7,1.33333,0.0682678,2.97767
21,0.406632,0.0811321,8,2.41333,0.0990217,2.86783
22,0.573466,0.122038,8,2.44,0.0701229,2.31975
23,0.362117,0.0585647,9,2.02667,0.0694578,2.95733
24,0.385002,0.0534219,8,1.83333,0.068678,2.73238
25,0.475559,0.050017,7,1.78667,0.0682111,2.80788
26,0.486804,0.0907787,9,2.70667,0.069685,2.53201
27,0.473854,0.0764561,8,2.36667,0.0680174,2.2365
28,0.430393,0.0780433,9,2.13333,0.0668109,2.16941
29,0.521056,0.101095,9,2.45333,0.0691041,2.31251
30,0.272663,0.0434165,7,1.34667,0.0644471,2.5181
31,0.383393,0.0873919,8,2.08667,0.0683638,2.67382
32,0.512584,0.0899516,9,2.38,0.0805789,2.58941
33,0.381893,0.0521629,8,2.03333,0.0641362,2.55289
34,0.487264,0.10727,8,2.8,0.0703627,2.68423
35,0.634131,0.122303,10,3.06667,0.0691013,2.42261
36,0.496625,0.079795,9,2.64,0.0744172,2.76027
37,0.494302,0.115458,8,2.78,0.0684276,2.777
38,0.482982,0.0578537,8,2.08667,0.0676428,2.77815
39,0.358226,0.0867974,7,2.26667,0.0673222,2.82134
40,0.55806,0.0945575,8,2.19333,0.0673055,2.69183
41,0.448732,0.079162,9,2.40667,0.0678311,2.68942
42,0.465547,0.0876023,9,2.37333,0.0708014,2.64129
43,0.42839,0.057538,8,1.84,0.0709603,2.39465
44,0.50988,0.0844307,8,1.76,0.064498,2.34012
45,0.65801,0.0821015,8,2.16667,0.113512,2.3035
46,0.426076,0.0872885,8,2.04667,0.0656474,2.59297
47,0.449815,0.0993382,9,2.54,0.0706068,2.71868
48,0.31542,0.0601031,9,1.78667,0.0661269,2.80058
49,0.612099,0.0780726,8,2.12,0.0810888,2.75057
50,0.540125,0.072849,9,1.75333,0.0662436,2.46986
51,0.422536,0.0764889,8,1.90667,0.0664576,2.42159
52,0.440198,0.0970746,8,2.16667,0.0636961,2.33961
53,0.43408,0.0877607,7,2.10667,0.0654069,2.45758
54,0.621167,0.127504,9,2.79333,0.0869988,2.27695
55,0.688792,0.101069,10,2.68667,0.0692559,2.67406
56,0.67682,0.14454,9,3.20667,0.0750295,2.65898
57,0.53981,0.0992325,8,2.52667,0.0704341,2.49968
58,0.458592,0.0676803,8,2.00667,0.0704759,3.08767
59,0.72486,0.1063,9,2.85333,0.0694066,3.0265
60,0.620029,0.0984636,10,2.5,0.0704677,2.84319
61,0.580721,0.150068,9,2.82667,0.0723377,2.68908
62,0.492014,0.130843,9,3.27333,0.069326,3.07542
63,0.507535,0.0819701,9,2.16667,0.0675125,2.78642
64,0.542846,0.0864329,10,2.35333,0.0670001,2.42117
65,0.550704,0.0843429,8,2.35333,0.067598,2.88745
66,0.361845,0.0462621,6,1.50667,0.0663052,2.69387
67,0.628574,0.131203,10,2.90667,0.0694622,2.71729
68,0.593998,0.138661,8,2.65333,0.0732089,2.57403
69,0.635586,0.11895,10,3.37333,0.0699148,2.63711
70,0.568652,0.112798,9,2.48667,0.0672891,2.78686
71,0.600715,0.083319,8,2,0.0629317,2.54052
72,0.697129,0.156975,10,3.10667,0.0664238,2.38168
73,0.551131,0.0952769,9,2.38667,0.0640464,2.57802
74,0.607269,0.0759572,8,1.90667,0.0632771,2.4987
75,0.471255,0.0594528,7,1.76667,0.0672134,2.88819
76,0.691502,0.132133,9,2.86667,0.0655192,2.56975
77,0.663431,0.137267,9,3.10667,0.0710819,2.45942
78,0.641861,0.134814,10,3.04667,0.0657229,2.58109
79,0.390814,0.0735025,8,1.68,0.0701671,2.88757
80,0.473158,0.0739064,8,2.13333,0.0693548,2.81056
81,0.501942,0.121223,8,2.47333,0.0678904,2.72066
82,0.513947,0.104937,10,2.63333,0.07011,2.71787
83,0.462632,0.102501,9,2.54667,0.0700853,3.09769
84,0.488034,0.110924,9,2.54667,0.0735213,2.86247
85,0.649298,0.123286,8,2.72667,0.0699715,2.81083
86,0.664711,0.112423,8,2.47333,0.0684007,3.06115
87,0.625747,0.115553,9,2.48667,0.0683842,2.64593
88,0.621419,0.123499,9,2.48667,0.0678098,2.85283
89,0.623249,0.112399,10,2.46,0.0713759,2.89413
90,0.536542,0.121869,9,2.54667,0.0680053,2.92775
91,0.767183,0.124984,9,2.98667,0.0687984,2.86059
92,0.671179,0.120729,10,3.14,0.0742869,3.03255
93,0.683472,0.0882534,10,2.42667,0.0702244,2.56013
94,0.752778,0.134224,10,3.25333,0.0674631,2.64304
95,0.708393,0.105735,10,2.74,0.0657088,2.78814
96,0.646399,0.128237,10,2.94,0.0665565,2.80713
97,0.75568,0.151833,10,3.06,0.070162,2.88256
98,0.646763,0.117537,10,2.49333,0.070827,2.57156
99,0.710892,0.135043,9,2.65333,0.0686576,2.09276
100,0.736591,0.133862,10,2.66,0.0648292,2.27656
101,0.645266,0.116722,9,2.42,0.0646689,2.31127
102,0.61187,0.109398,9,2.17333,0.0693871,2.63241
103,0.724408,0.150145,9,3.13333,0.0682751,2.73482
104,0.6843,0.156203,9,3.04667,0.0683609,2.77967
105,0.665474,0.14314,9,2.74667,0.069898,2.85068
106,0.685718,0.129626,9,2.92667,0.0646787,3.04738
107,0.671425,0.154314,10,2.96,0.0679769,3.11446
108,0.725136,0.147417,9,3,0.069162,2.58171
109,0.649485,0.101605,10,2.36667,0.0682691,2.77366
110,0.572879,0.108014,9,2.44,0.0661186,2.71836
111,0.682846,0.132975,10,2.89333,0.0690783,2.79606
112,0.668284,0.158809,10,3.11333,0.0688464,2.65633
113,0.748022,0.203846,10,3.98667,0.070746,2.90334
114,0.791439,0.181917,10,3.33333,0.0793416,2.80329
115,0.667617,0.165606,10,3.38667,0.0679176,2.71164
116,0.693404,0.129944,10,2.61333,0.0685639,2.97248
117,0.776585,0.168406,10,3.33333,0.0705919,2.47219
118,0.61741,0.117941,9,2.76,0.0699492,2.7238
119,0.688404,0.127482,9,2.42667,0.0657464,2.62733
120,0.667078,0.113014,9,2.29333,0.0652463,2.70893
121,0.747518,0.149056,10,2.99333,0.0681127,2.78461
122,0.694487,0.156217,9,3.22,0.067043,2.48132
123,0.642538,0.132033,10,3.03333,0.0671784,2.90472
124,0.773082,0.14396,10,2.96667,0.0702138,2.68988
125,0.560328,0.0817458,8,1.88667,0.0677987,2.69772
126,0.725559,0.114249,10,2.68,0.0699992,2.89924
127,0.698608,0.107442,9,2.55333,0.0695916,2.8968
128,0.579771,0.0811115,9,1.90667,0.0666214,2.83586
129,0.701281,0.117759,9,2.65333,0.0667962,2.95791
130,0.66462,0.10895,9,2.41333,0.0676634,2.91041
131,0.681652,0.103381,9,2.31333,0.06759,2.99457
132,0.677401,0.105385,9,2.48667,0.0671907,2.81711
133,0.691379,0.106462,9,2.5,0.0650262,2.77438
134,0.720147,0.147539,10,3.34667,0.0688606,3.17111
135,0.767395,0.118855,9,2.67333,0.0681971,2.59699
136,0.517746,0.0782097,8,2.07333,0.0662428,3.13008
137,0.71077,0.153594,10,3.33333,0.0680001,3.10129
138,0.717806,0.133061,10,2.83333,0.0715584,3.09021
139,0.686532,0.138135,9,3,0.0674225,2.97358
140,0.713416,0.169285,9,3.42667,0.0681448,3.3511
141,0.69924,0.170288,10,3.46,0.0676919,2.88706
142,0.646076,0.166141,10,3.06,0.0675732,2.64364
143,0.668759,0.139059,10,2.96,0.0683005,2.75501
144,0.655644,0.17344,10,3.66667,0.0689397,2.64036
145,0.59492,0.134933,10,2.93333,0.0682148,2.89422
146,0.836986,0.168299,10,3.78,0.0725891,2.85339
147,0.59077,0.154127,9,3.21333,0.0680887,2.72711
148,0.532185,0.12381,8,2.58667,0.0667954,2.77183
149,0.510933,0.140238,9,3.22,0.0661107,2.6171
150,0.715155,0.141975,10,2.98667,0.0678395,2.75864
151,0.769484,0.15399,10,3.05333,0.0663254,2.66884
152,0.553242,0.124903,10,2.84,0.0637055,2.58423
153,0.63297,0.110865,9,2.76,0.0678279,2.82866
154,0.659299,0.123567,10,2.84,0.0673082,2.55956
155,0.651809,0.151755,9,3.07333,0.0665681,2.85398
156,0.642985,0.123743,9,2.63333,0.065819,2.77249
157,0.631234,0.137319,10,2.93333,0.063659,2.4939
158,0.722615,0.183816,9,3.56667,0.0643177,2.31408
159,0.674544,0.148562,10,3.12,0.0678822,2.58555
160,0.620014,0.143574,9,2.73333,0.0626191,2.61784
161,0.606544,0.141811,8,2.92,0.0641518,2.69247
162,0.845557,0.193023,10,3.57333,0.0665851,2.37909
163,0.642975,0.141757,9,2.95333,0.0679,2.58555
164,0.645605,0.149602,9,3.10667,0.0657914,2.75531
165,0.667542,0.143799,9,3.11333,0.0762986,2.58983
166,0.659896,0.143581,10,3.33333,0.0664291,2.45123
167,0.560099,0.136913,10,3.40667,0.0762559,2.85759
168,0.627787,0.10762,9,2.56,0.0662771,3.14402
169,0.621459,0.150095,9,3.14667,0.067605,2.90079
170,0.710596,0.123336,10,3.14,0.0683323,2.47432
171,0.625967,0.0816267,9,2.20667,0.0649951,2.64166
172,0.702628,0.135708,10,3.06667,0.0697863,2.52643
173,0.714906,0.161597,9,3.18667,0.0635391,2.39568
174,0.630679,0.14074,10,2.88667,0.0653237,2.76321
175,0.755701,0.148668,10,3.43333,0.0682293,3.16027
176,0.684037,0.177998,10,3.78667,0.0708527,3.10598
177,0.744107,0.199368,10,3.91333,0.0690999,2.82836
178,0.541581,0.0871262,9,2.48,0.0700957,2.96623
179,0.511275,0.0886631,8,2.2,0.0651976,2.9833
180,0.731526,0.160032,10,3.59333,0.0645059,2.54502
181,0.615705,0.138853,8,3.06,0.0705047,3.18687
182,0.704777,0.125396,10,2.77333,0.0680248,2.7434
183,0.65714,0.113006,10,2.78,0.0708041,2.75416
184,0.597932,0.158868,10,3.52667,0.0705577,2.82812
185,0.600878,0.129539,10,2.95333,0.0686571,2.93544
186,0.615339,0.125266,9,2.78,0.0671546,2.55099
187,0.76366,0.181532,10,3.89333,0.0687474,3.0685
188,0.706236,0.150552,10,3.40667,0.0687338,2.86579
189,0.625118,0.151771,10,3.53333,0.0690264,3.03081
190,0.556579,0.131508,9,3.04,0.166106,3.07318
191,0.712469,0.12462,10,2.80667,0.0684788,2.76946
192,0.805136,0.164006,10,3.47333,0.0793352,3.18483
193,0.739008,0.178894,9,3.34,0.0657809,2.68205
194,0.73053,0.160954,10,3.54667,0.0703618,2.95554
195,0.519649,0.113699,9,2.76667,0.0677113,2.84793
196,0.658626,0.144836,10,3.12,0.0671448,2.83303
197,0.5946,0.144789,10,3.12667,0.0680494,2.81525
198,0.680528,0.115331,9,2.74667,0.0645558,2.76121
199,0.711508,0.159164,10,3.52,0.0695865,2.59556
200,0.582704,0.114687,9,2.76667,0.0699187,2.77431
201,0.626583,0.176328,10,3.39333,0.0682846,2.70396
202,0.657207,0.1389,10,3.22667,0.0698835,2.92671
203,0.719064,0.157364,10,3.24667,0.0658282,2.8852
204,0.655552,0.141103,10,3.36,0.0658608,3.00921
205,0.621859,0.143976,9,3.33333,0.0722568,2.91538
206,0.647411,0.101336,9,2.82,0.0710117,3.15485
207,0.71387,0.214992,10,3.98667,0.0648064,2.53774
208,0.691074,0.160083,9,3.63333,0.0684754,2.80455
209,0.580542,0.163922,9,3.4,0.0687057,2.99543
210,0.718808,0.182916,10,3.51333,0.0681687,2.72463
211,0.855103,0.270835,10,4.68667,0.0729338,2.63056
212,0.726057,0.206814,10,3.77333,0.0759742,3.01361
213,0.670864,0.176597,10,3.58,0.0668596,3.07222
214,0.724872,0.22157,10,4.36,0.0670687,2.73652
215,0.645089,0.176536,10,3.57333,0.0738223,2.86564
216,0.69311,0.190833,10,3.8,0.0702817,2.91689
217,0.743927,0.202703,10,3.97333,0.0682597,2.66413
218,0.852001,0.194324,10,3.53333,0.0755396,2.50927
219,0.735417,0.189993,10,3.62667,0.0670786,2.94422
220,0.791955,0.213174,10,3.85333,0.0693988,2.79912
221,0.711268,0.214697,9,3.70667,0.0648,2.93067
222,0.580643,0.176081,10,3.06667,0.0638881,2.75723
223,0.707389,0.181522,9,3.18667,0.0707785,2.5577
224,0.818397,0.148538,10,3.02,0.0680903,2.65308
225,0.804499,0.209908,10,3.99333,0.0731553,2.66952
226,0.639432,0.186157,9,3.66,0.0734106,3.01442
227,0.773897,0.257791,10,4.47333,0.0737294,2.74305
228,0.730269,0.185757,10,3.71333,0.0683784,2.80999
229,0.774423,0.250443,10,4.2,0.0717564,2.74846
230,0.846559,0.231951,10,3.82667,0.0695077,2.69068
231,0.865452,0.252078,10,4.44,0.0701129,2.64831
232,0.683484,0.199425,10,3.62,0.0710459,2.79662
233,0.647536,0.162007,10,3.01333,0.0747501,3.19248
234,0.534205,0.163693,9,3.17333,0.0623327,3.32642
235,0.790228,0.205769,10,3.94667,0.0722613,2.97438
236,0.705946,0.197145,10,3.65333,0.0693903,2.70584
237,0.768681,0.185444,10,3.78667,0.0695287,3.17527
238,0.816124,0.251309,10,4.28667,0.0715709,2.63264
239,0.740907,0.2241,10,4.12,0.0697629,3.0348
240,0.624158,0.163834,10,2.88667,0.0655615,3.1329
241,0.794285,0.230788,10,4.01333,0.0681747,2.88139
242,0.772943,0.20088,10,3.53333,0.0667601,2.69941
243,0.619104,0.145316,10,3.19333,0.0657283,3.07816
244,0.743267,0.217079,9,3.83333,0.0674274,2.9985
245,0.668553,0.202303,10,3.66667,0.0728301,3.16697
246,0.701225,0.213436,10,4.06,0.0678374,3.01535
247,0.75093,0.223506,10,4.2,0.0698086,3.05482
248,0.734196,0.217022,10,3.72667,0.0675806,2.76441
249,0.665121,0.186837,10,3.30667,0.0667355,2.79158
250,0.775234,0.227112,10,3.98667,0.0714642,2.86228
251,0.759458,0.203109,10,4.01333,0.0684795,2.81373
252,0.72889,0.165221,10,3.4,0.0672826,3.05055
253,0.751764,0.236514,10,4.15333,0.0694345,2.74383
254,0.688675,0.191563,10,3.85333,0.0663461,2.96473
255,0.757752,0.205402,10,3.56667,0.0686872,2.82867
256,0.636835,0.165153,9,3.04,0.0735562,2.91165
257,0.80959,0.257971,10,4.34667,0.0677393,2.25968
258,0.754412,0.223501,10,3.74,0.0687312,2.57069
259,0.606732,0.141434,9,2.83333,0.0700696,2.90481
260,0.618788,0.147013,8,2.61333,0.0660494,2.64722
261,0.507034,0.110206,8,2.02667,0.0643098,2.59756
262,0.852201,0.269689,10,4.12,0.0700473,2.24291
263,0.596116,0.13965,9,2.60667,0.069736,2.67636
264,0.687487,0.189972,10,3.35333,0.0693559,2.93169
265,0.787558,0.2194,10,3.74,0.0801809,2.81602
266,0.802816,0.184428,10,3.46667,0.0725274,2.65696
267,0.72402,0.142547,10,2.96667,0.0654923,2.73001
268,0.641776,0.192812,9,3.46,0.0677193,2.70166
269,0.859222,0.221031,10,3.7,0.0676821,2.52797
270,0.796821,0.270426,10,4.44667,0.0737887,2.46
271,0.732001,0.236859,10,4.30667,0.0687956,2.844
272,0.674521,0.186253,9,3.68667,0.0741133,3.15619
273,0.628255,0.142919,8,3.17333,0.0694954,3.3898
274,0.663231,0.217437,9,3.55333,0.067557,2.95533
275,0.800215,0.253094,10,4.29333,0.0696143,2.40371
276,0.810691,0.261313,10,4.39333,0.0801206,2.40321
277,0.74928,0.20955,9,3.48,0.0682797,2.91942
278,0.773458,0.202783,10,3.49333,0.0671005,2.52265
279,0.681812,0.209047,9,3.62667,0.0673193,2.69776
280,0.750184,0.194235,10,3.72,0.0691003,2.6062
281,0.722215,0.214971,9,3.54,0.06731,2.51623
282,0.74124,0.222702,9,3.98667,0.0731494,2.68214
283,0.687937,0.204214,10,3.8,0.0717482,2.72159
284,0.72917,0.215533,10,3.84667,0.0682415,2.74977
285,0.596982,0.156133,9,2.81333,0.0683991,2.76215
286,0.646518,0.172244,9,3.08,0.0661459,2.77302
287,0.756014,0.14776,10,2.81333,0.0668109,2.75334
288,0.810887,0.243965,10,4.03333,0.0685637,2.63233
289,0.733318,0.221081,10,3.77333,0.0689918,2.71642
290,0.681819,0.167483,8,2.82667,0.0662178,2.73988
291,0.708323,0.192386,9,3.10667,0.0682536,2.69587
292,0.758732,0.187025,9,3.40667,0.0666013,2.55275
293,0.710147,0.192951,10,3.50667,0.0698103,2.77983
294,0.728473,0.194807,9,3.32667,0.0671856,2.81391
295,0.700739,0.126732,9,2.45333,0.066575,2.58033
296,0.617719,0.15829,9,3.06667,0.0708516,2.63088
297,0.578907,0.138505,8,2.87333,0.0689334,3.08121
298,0.822393,0.204449,10,3.68667,0.0665289,2.7689
299,0.747218,0.168501,10,3.09333,0.0722044,2.86703
300,0.852621,0.172724,10,3.12667,0.0683529,2.87626
301,0.741274,0.200229,10,3.38667,0.0689757,2.79276
302,0.812523,0.162462,10,3.01333,0.0719244,3.15715
303,0.509542,0.133053,9,2.5,0.0900084,3.06529
304,0.56022,0.147907,9,2.88,0.0649959,3.05932
305,0.59677,0.135193,9,2.64,0.084595,3.12251
306,0.612109,0.177722,10,3.19333,0.0798796,2.76975
307,0.57658,0.121271,10,2.31333,0.06828,2.67156
308,0.769952,0.168014,10,3.28,0.0694587,2.75541
309,0.649128,0.181568,10,3.22,0.0703847,2.6586
310,0.57775,0.107174,9,2.41333,0.0641997,3.10756
311,0.710886,0.105299,9,2.21333,0.0656146,3.16901
312,0.778823,0.166707,10,3.09333,0.0693005,2.98935
313,0.723135,0.168884,10,3.44667,0.083283,3.00277
314,0.735647,0.165902,10,3.52,0.0706849,3.04713
315,0.682486,0.132765,10,3.05333,0.0664204,2.64282
316,0.696729,0.165707,10,3.62,0.0688379,2.81732
317,0.743829,0.149189,10,3.07333,0.0662126,3.00255
318,0.727342,0.176117,9,3.38667,0.0682332,3.02698
319,0.721581,0.154228,10,3.28667,0.0766089,2.9705
320,0.750447,0.172992,9,3.20667,0.0758191,2.90942
321,0.617726,0.1152,9,2.68,0.0691759,3.01531
322,0.825001,0.217257,10,3.8,0.0696694,2.84355
323,0.608542,0.114688,10,2.38,0.066836,2.60408
324,0.518106,0.124902,9,2.42,0.068951,3.30677
325,0.617753,0.131052,9,2.76667,0.0665913,2.71822
326,0.609978,0.140082,9,2.92,0.0682196,2.87168
327,0.66353,0.10215,9,2.20667,0.0687987,2.75031
328,0.70498,0.162593,10,3.18667,0.0681183,2.5871
329,0.646092,0.156973,9,3.29333,0.0688029,2.87065
330,0.737216,0.142516,9,2.87333,0.0685486,3.12041
331,0.793397,0.168369,10,3.48667,0.0701841,2.85408
332,0.590748,0.148778,10,2.90667,0.0729978,2.99625
333,0.716881,0.123288,10,2.93333,0.0672389,2.95511
334,0.755452,0.163504,10,3.42667,0.0807161,2.58678
335,0.567117,0.139021,10,2.96,0.0696584,3.003
336,0.679709,0.118061,10,2.7,0.0702093,2.85164
337,0.747256,0.178464,10,3.48,0.0693957,2.61407
338,0.634321,0.123404,8,2.42,0.0634872,2.5826
339,0.514442,0.116441,9,2.45333,0.065535,2.85946
340,0.603288,0.115955,9,2.41333,0.0650793,3.08878
341,0.718908,0.146673,10,2.80667,0.0682695,2.31144
342,0.527097,0.124765,8,2.45333,0.0684826,3.13302
343,0.834356,0.183699,10,3.15333,0.067815,2.6371
344,0.64347,0.141218,10,3.07333,0.0677069,2.82927
345,0.698098,0.171037,10,3.42667,0.0696603,2.86895
346,0.530763,0.107662,8,2.02,0.0628978,2.49553
347,0.713613,0.142819,9,2.79333,0.0693126,2.82253
348,0.609568,0.156839,8,3.25333,0.0685493,2.70723
349,0.565168,0.158523,8,2.9,0.06893,2.71879
350,0.668297,0.16246,9,3.05333,0.0704933,2.80011
351,0.629223,0.156853,10,3.23333,0.0673186,2.71959
352,0.740422,0.143125,9,2.74667,0.0695941,2.62115
353,0.752825,0.145766,10,2.96,0.0726902,2.90541
354,0.571774,0.114271,9,2.28,0.0648532,2.8685
355,0.663651,0.153584,9,3.15333,0.0703622,2.83661
356,0.616163,0.0904452,10,2.18667,0.0698509,3.00443
357,0.68594,0.138045,10,3.16,0.0729088,2.49373
358,0.576301,0.154078,10,3.18667,0.186415,3.06
359,0.84908,0.202434,10,3.68667,0.0695047,2.74201
360,0.664366,0.127929,9,2.58667,0.0676887,2.47501
361,0.726717,0.193266,10,3.66,0.071695,2.74143
362,0.762785,0.185511,10,3.44667,0.0701203,2.94365
363,0.724199,0.138876,9,2.87333,0.0753501,2.8363
364,0.55299,0.144303,9,2.64,0.0676425,2.74115
365,0.677991,0.13599,10,2.78667,0.066946,2.64933
366,0.677902,0.153088,9,2.82667,0.0669142,2.53333
367,0.667688,0.125988,10,2.55333,0.0645482,2.6732
368,0.611251,0.135677,10,2.6,0.0681846,2.9889
369,0.648642,0.177576,10,3.20667,0.0707774,2.66464
370,0.657273,0.130983,9,2.59333,0.0649558,2.41569
371,0.502939,0.114408,8,2.14667,0.0643261,2.9183
372,0.661026,0.148109,9,2.62667,0.0689409,2.78578
373,0.691827,0.145489,9,2.56,0.0652963,2.99907
374,0.636241,0.157017,9,2.69333,0.068263,2.84711
375,0.720108,0.142247,9,2.68667,0.0674574,2.87664
376,0.562342,0.113838,8,2.25333,0.0676229,3.08337
377,0.736236,0.224734,9,3.82667,0.066386,2.62307
378,0.610455,0.168306,9,3.14667,0.070417,2.93752
379,0.626793,0.161079,8,3.02667,0.0708012,2.94715
380,0.740754,0.196543,10,3.22667,0.0684672,2.52863
381,0.616207,0.132706,8,2.42,0.0669107,2.67592
382,0.688179,0.184086,9,2.7,0.070964,2.42763
383,0.734051,0.185341,9,2.90667,0.0678357,2.62602
384,0.650852,0.132102,9,2.63333,0.0669658,2.90765
385,0.83967,0.238972,10,3.79333,0.0728957,2.85815
386,0.620903,0.14225,8,2.75333,0.0663215,2.71827
387,0.751928,0.13154,10,2.42667,0.0705221,3.17569
388,0.759551,0.19124,10,3.19333,0.064687,2.63444
389,0.69961,0.193505,10,3.16,0.0718759,2.80791
390,0.557878,0.153538,8,2.64667,0.0703172,2.9021
391,0.563791,0.11696,8,2.44,0.069603,3.07191
392,0.790639,0.182348,10,2.76,0.0688822,2.54549
393,0.621685,0.169548,10,3.06,0.0675576,2.57933
394,0.637132,0.171159,9,2.90667,0.0667923,2.63794
395,0.644721,0.17308,9,2.78,0.06905,2.68642
396,0.682007,0.166239,9,2.75333,0.0683112,2.65095
397,0.622421,0.139555,9,2.92,0.0680572,2.79981
398,0.594171,0.160319,8,2.76,0.0686472,2.70855
399,0.673964,0.180681,10,3.45333,0.0723202,3.02744
400,0.574632,0.160247,8,3.12667,0.0630488,2.74851
401,0.835253,0.194613,10,3.57333,0.0671605,2.72291
402,0.696927,0.143744,10,2.84,0.0659692,2.74447
403,0.797655,0.209144,10,3.36,0.0697607,2.3893
404,0.724599,0.13209,10,2.79333,0.064023,2.58781
405,0.764195,0.168372,10,3.08,0.0694998,2.48352
406,0.660516,0.186961,9,3.24,0.0677146,2.75668
407,0.702229,0.177108,10,3.16,0.0782999,2.8185
408,0.756872,0.218538,10,3.62,0.0679752,2.64849
409,0.750528,0.198971,9,3.34,0.0674803,2.78792
410,0.728772,0.148328,10,2.5,0.0652526,2.81627
411,0.801391,0.222769,10,3.52,0.0692887,2.44794
412,0.61786,0.179417,9,3.17333,0.067663,2.54978
413,0.718548,0.20327,10,3.26667,0.0683926,2.87126
414,0.56955,0.140038,9,2.42,0.0712083,2.93901
415,0.707718,0.179798,9,2.96667,0.0666749,2.44074
416,0.626077,0.126471,9,2.32,0.0665564,2.64692
417,0.631355,0.136373,9,2.44,0.0677336,2.6138
418,0.692214,0.156119,10,2.76667,0.068679,2.70629
419,0.818453,0.216281,10,3.72,0.0672395,2.50866
420,0.64535,0.145378,9,2.56667,0.0658944,2.96133
421,0.812101,0.150052,9,2.5,0.0681264,2.58498
422,0.521892,0.104204,8,2.04,0.065734,2.67843
423,0.682902,0.175616,10,3.32667,0.0689997,2.65617
424,0.534923,0.0972215,8,1.94667,0.0670223,2.95169
425,0.709457,0.133545,10,2.47333,0.0688109,2.70608
426,0.637001,0.152432,9,2.61333,0.0690389,2.68775
427,0.692132,0.164385,9,2.86667,0.0707005,2.77509
428,0.628957,0.156815,10,3.07333,0.0710681,2.86876
429,0.78503,0.167338,10,3.05333,0.0686716,2.69863
430,0.759578,0.198471,9,2.9,0.0690008,2.62119
431,0.556272,0.165819,9,3.00667,0.0651369,3.00595
432,0.677638,0.193229,10,3.42667,0.0668372,2.79068
433,0.581717,0.132048,8,2.35333,0.0687702,2.99589
434,0.769015,0.150905,10,2.89333,0.0686184,2.87909
435,0.678083,0.168939,9,3.01333,0.0681919,2.49984
436,0.719005,0.216247,9,3.34667,0.0703135,2.75282
437,0.666841,0.193037,9,3.18667,0.0683979,2.74443
438,0.672705,0.17113,8,2.77333,0.06566,2.58895
439,0.783958,0.200365,10,3.52,0.0700987,2.87089
440,0.666442,0.169313,10,3,0.0688698,3.18552
441,0.786237,0.174667,10,2.96,0.0710637,2.89854
442,0.723954,0.189816,9,3.22667,0.0672503,3.0727
443,0.752061,0.208594,10,3.67333,0.0726978,3.02565
444,0.803909,0.184867,10,2.99333,0.0669646,2.48168
445,0.682541,0.1822,9,2.96667,0.0719946,2.83396
446,0.674814,0.14411,9,2.47333,0.0658678,2.68765
447,0.782435,0.171524,10,3.21333,0.0727883,2.73093
448,0.673266,0.188084,9,3.07333,0.0694892,3.0044
449,0.6524,0.207657,9,3.33333,0.0657861,2.87057
450,0.649925,0.186175,10,3.11333,0.0679412,2.73436
451,0.800832,0.235209,10,3.72667,0.0671028,2.65547
452,0.715027,0.198068,9,3.46,0.067653,2.70585
453,0.589288,0.148768,10,2.82,0.0679731,3.17715
454,0.727021,0.183228,10,3.06667,0.0674145,2.85621
455,0.707822,0.19095,10,3.33333,0.0730656,2.62831
456,0.713031,0.177097,9,3.16,0.0660911,2.82529
457,0.739974,0.20414,10,3.48,0.0664147,2.92007
458,0.767629,0.203733,10,3.22,0.0659704,2.72284
459,0.817712,0.181057,10,3.12,0.0691423,2.68272
460,0.730377,0.20292,10,3.52,0.0683053,2.74056
461,0.823258,0.217776,10,3.73333,0.0685577,2.92319
462,0.549417,0.152084,9,2.44667,0.0650528,3.11845
463,0.81746,0.221194,10,3.84667,0.0708394,2.90653
464,0.777597,0.197378,10,3.48,0.0696925,2.77569
465,0.652657,0.190831,10,3.33333,0.0681753,2.98386
466,0.679858,0.18556,10,3.12,0.0669723,3.04195
467,0.811572,0.230445,10,3.69333,0.0689322,2.72632
468,0.814197,0.250054,10,3.96667,0.0701792,2.65
469,0.798472,0.195241,9,2.97333,0.088848,3.12321
470,0.758359,0.226677,10,3.52667,0.06931,3.04919
471,0.872129,0.265266,10,3.98,0.0694663,2.7821
472,0.717325,0.19857,9,3.23333,0.089006,3.12082
473,0.768186,0.229603,9,3.66667,0.0670945,2.70249
474,0.790427,0.204239,10,3.36,0.0697407,2.70197
475,0.681455,0.16495,8,2.67333,0.0642389,2.979
476,0.780559,0.215434,10,3.68,0.0699968,2.61406
477,0.641072,0.162898,9,2.64667,0.0672666,2.71053
478,0.553557,0.15972,8,2.69333,0.0682097,3.23451
479,0.635277,0.207333,10,3.3,0.0690099,2.93552
480,0.807596,0.238671,10,3.92,0.0701805,2.92795
481,0.781401,0.252475,10,4.01333,0.07153,2.571
482,0.658834,0.195291,10,3.3,0.0668922,2.80234
483,0.754655,0.228934,9,3.38667,0.0692656,2.69341
484,0.678046,0.18736,9,2.84667,0.0698087,2.6997
485,0.779872,0.200198,10,3.49333,0.0687026,2.8787
486,0.810183,0.198387,10,3.29333,0.0682219,2.9718
487,0.612372,0.133696,10,2.50667,0.0664366,2.90008
488,0.774176,0.193306,10,3.39333,0.0701232,2.81667
489,0.862237,0.186333,10,3.14,0.065603,2.83809
490,0.609416,0.138673,9,2.84667,0.0679053,2.7344
491,0.809253,0.18166,10,2.96,0.0667163,2.70629
492,0.583069,0.124322,9,2.23333,0.0672968,2.7075
493,0.6593,0.148172,9,2.61333,0.0654696,2.56683
494,0.738044,0.180233,9,2.8,0.0693847,2.6149
495,0.672304,0.164767,9,2.74667,0.0696836,2.92797
496,0.630648,0.155751,8,2.48667,0.0675887,2.941
497,0.55681,0.0902745,8,1.73333,0.0681827,2.85069
498,0.723071,0.176873,9,3.01333,0.0667415,2.47558
499,0.578904,0.138666,9,2.56667,0.0684076,3.15635
500,0.746437,0.194502,9,3.3,0.0658982,2.49652
501,0.612009,0.130081,8,2.42667,0.0673577,2.79502
502,0.680273,0.175871,9,3.25333,0.0672844,2.76971
503,0.806038,0.206439,10,3.12,0.0708862,2.90997
504,0.606541,0.137016,8,2.29333,0.0667053,3.19834
505,0.791056,0.190739,10,3.28,0.0685682,2.64811
506,0.6496,0.148206,9,2.85333,0.0692834,2.90749
507,0.676565,0.153169,10,2.78667,0.0678037,2.53447
508,0.780991,0.164525,10,2.84,0.0654387,2.25981
509,0.706909,0.154364,8,2.69333,0.0648664,2.72548
510,0.681953,0.15262,9,2.56667,0.069311,2.56506
511,0.746653,0.181163,9,3.14667,0.067829,2.51951
512,0.806645,0.171341,10,2.76667,0.064306,2.58934
513,0.7581,0.152533,9,2.60667,0.0695337,2.67498
514,0.688356,0.18107,9,3.12,0.082338,2.79708
515,0.726131,0.187657,9,3.31333,0.0716388,3.09468
516,0.537156,0.158761,9,2.83333,0.0670862,2.71729
517,0.627222,0.153262,9,2.84667,0.0676725,2.84714
518,0.691055,0.137564,10,2.68,0.0679084,2.76805
519,0.639208,0.170653,9,3.06,0.0690143,2.77012
520,0.765292,0.181957,10,3.13333,0.0710815,2.95489
521,0.603158,0.13952,10,2.84,0.0637893,2.78976
522,0.635765,0.170294,9,2.91333,0.07225,2.81466
523,0.683117,0.177926,9,3.26,0.0683821,2.86769
524,0.646106,0.134091,9,2.82667,0.0726936,2.99521
525,0.621254,0.133323,9,2.6,0.0656004,2.63052
526,0.512756,0.124063,9,2.61333,0.0690337,2.9675
527,0.659035,0.135408,9,2.7,0.0705179,3.10697
528,0.814196,0.136521,9,2.51333,0.0715402,2.5038
529,0.577125,0.13347,10,2.71333,0.0671167,2.73084
530,0.767432,0.149987,10,2.78667,0.0677194,3.01841
531,0.533476,0.136095,8,2.8,0.0646089,3.08993
532,0.526468,0.123003,9,2.62667,0.0683134,3.22089
533,0.762844,0.141377,10,2.95333,0.0681366,2.76522
534,0.789891,0.133311,10,2.34667,0.0635978,2.87344
535,0.780477,0.175636,10,3.06667,0.0660489,2.6594
536,0.674072,0.116787,9,2.32,0.065232,3.02564
537,0.64296,0.163001,10,3.10667,0.0814192,3.19137
538,0.75667,0.198295,10,3.58,0.0795726,2.71944
539,0.672288,0.173126,10,3.49333,0.068452,2.6961
540,0.766423,0.177329,10,3.08667,0.066784,2.3828
541,0.674736,0.127839,9,2.54667,0.0666463,2.46097
542,0.707792,0.15101,10,3.17333,0.0665416,2.50644
543,0.742598,0.219652,9,3.68667,0.0738533,2.46694
544,0.691278,0.149958,10,2.94667,0.0654882,2.82004
545,0.613882,0.134127,9,2.48,0.0752811,2.55922
546,0.763328,0.161668,10,2.98667,0.0654438,2.47836
547,0.73869,0.205098,10,3.76667,0.0697655,2.76201
548,0.723459,0.157328,10,3.07333,0.0700621,2.55824
549,0.696707,0.199466,10,3.71333,0.0759888,2.61919
550,0.715161,0.197381,10,3.68,0.0682983,2.54002
551,0.788854,0.190845,10,3.49333,0.0669031,2.45674
552,0.743176,0.170959,10,3.57333,0.0705254,2.36198
553,0.634506,0.152034,9,3.18667,0.0650362,2.66659
554,0.727482,0.186312,10,3.68,0.0690991,2.20118
555,0.653834,0.176518,9,3.41333,0.0688078,2.44225
556,0.724002,0.192657,10,3.26,0.0722523,2.73761
557,0.6922,0.145601,9,2.78,0.067466,2.10954
558,0.698753,0.147904,9,3.00667,0.0694133,2.71972
559,0.505355,0.115394,8,2.69333,0.0650617,2.88808
560,0.508042,0.13025,9,2.96,0.0683696,3.01855
561,0.626261,0.157498,9,3,0.0734275,2.95625
562,0.724481,0.120322,10,2.52667,0.0682373,2.34156
563,0.653482,0.172261,9,3.18,0.0673297,2.53229
564,0.689662,0.159302,9,3.44,0.0655905,2.53055
565,0.845733,0.196963,10,4.09333,0.067186,2.76064
566,0.732087,0.199699,10,3.82667,0.0708945,2.56959
567,0.653348,0.154332,10,3.08,0.0667679,2.52725
568,0.55072,0.107864,9,2.27333,0.0681733,2.98065
569,0.60179,0.161293,10,3.16667,0.067386,2.52959
570,0.73729,0.163905,10,3.14667,0.0679965,2.30135
571,0.782136,0.138955,10,2.74667,0.0698274,2.47684
572,0.513664,0.101375,8,2.02,0.0646524,2.52636
573,0.608067,0.144142,10,2.87333,0.0670172,2.38577
574,0.708466,0.183432,10,3.36,0.0714303,2.74868
575,0.702188,0.149281,9,3.11333,0.0664662,2.45744
576,0.577338,0.137105,8,2.94667,0.0669049,2.62762
577,0.679206,0.145959,10,3.11333,0.0749824,3.15306
578,0.641459,0.149715,9,2.74667,0.0695324,2.76729
579,0.612757,0.126828,9,2.5,0.0679746,2.80689
580,0.660014,0.162801,10,3.14667,0.0686052,2.53175
581,0.631392,0.132638,8,2.53333,0.0665734,2.76736
582,0.641395,0.178111,10,3.53333,0.0648264,2.55641
583,0.525023,0.147336,8,2.98,0.0705184,3.10185
584,0.901546,0.187502,10,3.41333,0.0752149,3.0915
585,0.745936,0.193501,10,3.19333,0.0696606,2.62952
586,0.814083,0.226077,10,3.97333,0.0675752,2.667
587,0.712753,0.208832,9,3.5,0.0707464,2.88747
588,0.803097,0.215392,10,3.46667,0.0666717,2.84734
589,0.704122,0.160963,9,2.89333,0.0674822,2.70419
590,0.66644,0.16495,10,3.03333,0.0642786,2.94383
591,0.666259,0.156978,8,2.94667,0.0654203,2.40397
592,0.7679,0.193151,10,3.7,0.0691838,2.48491
593,0.624078,0.137045,10,2.84,0.0731068,2.96076
594,0.808583,0.164374,10,3.34,0.0702456,2.56818
595,0.693464,0.165935,10,3.17333,0.0772071,2.76221
596,0.841231,0.157077,10,3.12667,0.0866335,3.05223
597,0.670099,0.15633,10,3.08,0.0704312,2.4834
598,0.633283,0.143153,9,2.66,0.0687076,2.78865
599,0.759544,0.178797,10,3.14667,0.065301,2.68932
600,0.767978,0.0835798,10,2.01333,0.0693943,2.8291
601,0.711198,0.149368,10,2.94,0.0718101,2.55953
602,0.634704,0.143361,9,2.86667,0.0704469,2.7672
603,0.642062,0.159325,10,3.22,0.0689391,2.54143
604,0.623549,0.196304,8,3.48,0.0757232,3.07021
605,0.794621,0.194821,10,3.5,0.0709852,2.80494
606,0.768391,0.163624,10,3.12,0.0686857,2.5505
607,0.874124,0.167065,10,3.12667,0.0696806,3.06265
608,0.606713,0.158563,9,2.88667,0.0748367,2.62881
609,0.800045,0.139194,10,3.13333,0.069929,2.65544
610,0.612919,0.161095,9,3.18667,0.0693536,2.57183
611,0.666574,0.141604,9,3.32,0.0678853,2.75324
612,0.752192,0.174861,10,3.44,0.0661584,2.78193
613,0.659409,0.132481,10,2.82667,0.0688517,2.87766
614,0.823458,0.211013,10,3.92,0.0676908,2.64427
615,0.757871,0.186552,10,3.67333,0.0696595,2.48309
616,0.807573,0.155563,10,3.2,0.0682073,2.66356
617,0.75355,0.207497,10,3.88667,0.0638096,2.54902
618,0.749292,0.207484,10,4.04667,0.0672876,2.47913
619,0.693331,0.183745,10,3.46,0.0698063,2.71933
620,0.656554,0.17957,10,3.43333,0.0660504,2.88114
621,0.795756,0.20317,10,3.58667,0.0722542,2.48445
622,0.812768,0.207191,10,3.62667,0.0692765,2.43294
623,0.721296,0.20514,9,3.92,0.0837291,2.24488
624,0.778172,0.177201,10,3.22667,0.0695848,2.36514
625,0.733441,0.18757,10,3.69333,0.0653338,2.29079
626,0.728493,0.198801,10,3.56,0.0693862,2.19192
627,0.811622,0.192848,10,3.33333,0.0666848,2.53007
628,0.665079,0.192683,10,3.61333,0.0673192,2.58739
629,0.760304,0.184533,10,3.64667,0.0691155,2.31794
630,0.699103,0.189313,10,4.02667,0.0683661,2.64933
631,0.785293,0.211015,10,3.73333,0.0727328,2.54299
632,0.556593,0.163058,8,2.89333,0.0649294,2.61785
633,0.625312,0.15385,9,2.87333,0.068201,2.73968
634,0.646505,0.156558,10,2.95333,0.0721696,2.68422
635,0.646436,0.157822,9,2.94667,0.067803,2.40221
636,0.683649,0.173517,8,3.26,0.0685381,2.65183
637,0.687966,0.188058,9,3.8,0.065655,2.72873
638,0.561911,0.152663,8,2.88,0.0648756,2.81321
639,0.610962,0.181955,10,3.24,0.0719531,2.47628
640,0.661439,0.172458,10,3.26,0.070262,2.60203
641,0.746115,0.173305,10,3.52667,0.0689468,2.75544
642,0.602755,0.154473,9,3.26667,0.067614,2.76244
643,0.549781,0.169565,8,3.12,0.100122,3.06855
644,0.825171,0.223878,10,4.27333,0.0664411,2.52914
645,0.621413,0.199257,10,3.53333,0.0697962,2.933
646,0.720627,0.203567,10,3.68,0.146379,2.81197
647,0.675916,0.179882,10,3.35333,0.0674885,2.86265
648,0.568768,0.160099,9,3.38,0.0681843,3.02951
649,0.670609,0.180062,10,3.77333,0.0772137,2.94764
650,0.748991,0.228902,10,4.08,0.0714566,2.59532
651,0.816901,0.234307,10,4.1,0.0716239,2.58309
652,0.779278,0.227632,10,4.13333,0.0718795,2.51696
653,0.790373,0.183267,10,3.7,0.114418,2.50896
654,0.634493,0.204076,9,3.35333,0.0703974,2.69746
655,0.782557,0.166632,10,3.56,0.0685458,2.53242
656,0.700501,0.192451,10,3.54667,0.0705913,2.77883
657,0.591806,0.213374,10,3.93333,0.0686627,2.7925
658,0.776915,0.277495,10,4.67333,0.0692265,2.8111
659,0.656976,0.202533,9,3.54667,0.0665634,2.76964
660,0.693399,0.225881,9,3.9,0.0690334,2.90411
661,0.717741,0.246281,10,4.28,0.0674506,2.61066
662,0.81306,0.225911,9,3.74,0.0886004,2.61681
663,0.781505,0.212597,9,3.79333,0.0710827,2.7394
664,0.692199,0.217953,10,3.82,0.0664081,2.68735
665,0.656535,0.193028,10,3.60667,0.0679651,2.70462
666,0.652585,0.20429,9,3.34667,0.0667709,2.43247
667,0.693582,0.169337,10,3.32,0.0683697,2.4864
668,0.672531,0.189965,9,3.9,0.0655444,2.63321
669,0.781184,0.212971,10,3.82667,0.0711306,2.62842
670,0.671761,0.187576,10,3.32667,0.0676114,2.90612
671,0.772378,0.180328,9,3.41333,0.0702868,2.59469
672,0.716965,0.182037,10,3.52667,0.0694088,2.51189
673,0.852421,0.197503,10,3.58667,0.068506,2.52085
674,0.582699,0.156632,9,2.97333,0.0695194,2.7336
675,0.720315,0.189588,9,3.64667,0.0695055,2.70769
676,0.602326,0.193907,8,3.56,0.0675362,2.74682
677,0.557342,0.143771,9,3.08,0.0689568,2.81518
678,0.759628,0.167327,10,3.14667,0.0705452,3.00593
679,0.69544,0.210309,10,3.77333,0.0659324,2.46483
680,0.51799,0.142927,7,2.67333,0.0660271,2.83937
681,0.733551,0.192643,10,3.74667,0.0681866,2.4245
682,0.615053,0.139883,9,2.88,0.0689645,2.71726
683,0.718392,0.171322,10,3.24667,0.0690004,2.80858
684,0.757137,0.139549,10,2.62667,0.0677014,2.42033
685,0.648022,0.145369,9,2.72667,0.0669687,2.51906
686,0.717891,0.173681,10,3.34,0.0674144,2.80027
687,0.700036,0.209958,9,3.5,0.0721684,2.37925
688,0.787383,0.196247,10,3.99333,0.0671621,2.53603
689,0.573002,0.166688,9,3.28667,0.0698479,2.86422
690,0.771121,0.174732,10,3.65333,0.0679246,2.48729
691,0.695995,0.212785,10,3.81333,0.0733425,2.61166
692,0.804391,0.187074,10,3.78667,0.0700652,2.60884
693,0.764511,0.172842,10,3.8,0.0702502,2.72028
694,0.557041,0.167262,9,3.24,0.0665476,2.84326
695,0.759818,0.181904,10,3.58667,0.0692129,2.3942
696,0.645449,0.142661,10,3.02667,0.0688888,2.54643
697,0.796477,0.175551,10,3.48667,0.0667324,2.53615
698,0.628547,0.175408,9,3.26,0.0701342,2.53215
699,0.699461,0.165341,9,3.14667,0.0688723,2.7154
700,0.745197,0.21049,10,3.67333,0.0714491,2.65481
701,0.634907,0.141962,9,2.81333,0.0735226,2.36754
702,0.674323,0.135961,10,2.9,0.0677234,2.64528
703,0.686683,0.20731,9,3.91333,0.0757598,2.73411
704,0.610266,0.146773,8,2.71333,0.0651045,2.66481
705,0.651881,0.152959,10,3.14,0.0664249,2.53544
706,0.762813,0.232361,10,4.19333,0.0709199,2.56318
707,0.785526,0.193621,10,3.73333,0.0690655,2.23868
708,0.769081,0.158509,10,3.32,0.068501,2.5867
709,0.733268,0.173493,10,3.42667,0.0688533,2.64774
710,0.794764,0.2244,10,3.96667,0.067802,2.62978
711,0.819978,0.204702,10,4.06667,0.0714703,2.33163
712,0.797393,0.22149,9,3.8,0.0713686,2.6951
713,0.64495,0.201603,9,3.60667,0.066151,2.76786
714,0.670885,0.220909,8,3.54,0.0676849,2.84615
715,0.747245,0.263359,10,4.16667,0.0705176,2.71995
716,0.772482,0.23487,10,3.90667,0.068932,2.56696
717,0.629647,0.175529,9,3.06667,0.108191,2.79072
718,0.708559,0.211032,9,3.54667,0.0665691,2.57808
719,0.778214,0.227711,10,4.27333,0.0685004,2.58517
720,0.794848,0.220462,9,3.94,0.0704667,2.63933
721,0.694009,0.199926,10,3.29333,0.0682812,2.53527
722,0.658963,0.176662,9,3.08667,0.0705332,2.71379
723,0.612943,0.178676,8,3.2,0.0647795,2.45192
724,0.787528,0.279059,10,4.57333,0.0840567,2.5778
725,0.78153,0.207517,10,3.61333,0.073985,2.42672
726,0.823555,0.21621,10,4.32,0.069697,2.60544
727,0.64498,0.178161,9,3.06,0.066325,2.67076
728,0.716024,0.187176,9,3.02,0.0671458,2.67396
729,0.723473,0.200464,10,3.59333,0.0648925,2.39409
730,0.756819,0.215153,10,3.7,0.0680055,2.47842
731,0.774807,0.197361,10,3.42,0.071611,2.48414
732,0.819308,0.236182,10,4.06667,0.0671272,2.39162
733,0.73376,0.210222,10,3.68,0.0717621,2.61704
734,0.778271,0.257024,9,4.04667,0.0686983,2.71278
735,0.699749,0.251326,10,4.05333,0.0709554,2.90311
736,0.708879,0.223369,10,3.68667,0.0661853,2.66941
737,0.851703,0.274684,10,4.51333,0.0813899,2.68563
738,0.823171,0.237769,10,3.72,0.0738273,2.77202
739,0.71936,0.187651,10,3.38,0.0622684,2.62233
740,0.698634,0.221869,10,3.8,0.0751936,2.65778
741,0.782149,0.242611,10,4.12,0.0859006,2.42567
742,0.649529,0.19025,9,3.21333,0.0677916,2.55
743,0.78337,0.257172,10,4.14667,0.0686429,2.35763
744,0.599845,0.180995,10,2.92,0.0650639,2.44063
745,0.629079,0.171617,9,2.8,0.0678223,2.58676
746,0.73997,0.219452,10,3.38,0.0670851,2.73475
747,0.73196,0.178058,9,3.04667,0.0676492,2.83815
748,0.780944,0.22324,10,3.92,0.06625,2.48362
749,0.854947,0.254434,10,4.06,0.0662818,2.53358
750,0.734402,0.133936,9,2.66,0.0669708,2.58649
751,0.816262,0.249656,10,4.33333,0.0791018,2.6464
752,0.835705,0.248752,10,3.89333,0.0660954,2.1491
753,0.768553,0.190849,10,3.43333,0.0688408,2.82223
754,0.609051,0.128215,9,2.60667,0.0663774,2.67995
755,0.697869,0.109044,9,2.4,0.0641148,2.79702
756,0.656881,0.18725,10,3.19333,0.0656046,2.46523
757,0.747347,0.209737,9,3.57333,0.0684393,2.58704
758,0.737112,0.208998,10,3.84,0.0713984,2.69991
759,0.71145,0.221138,9,3.68667,0.0664489,2.47921
760,0.811267,0.231735,10,3.48,0.0727773,2.43696
761,0.595203,0.201551,8,3.10667,0.0671726,2.38707
762,0.744696,0.165447,10,3.04,0.0664819,2.37681
763,0.693823,0.215236,9,3.60667,0.0682086,2.91259
764,0.808144,0.209875,10,3.84667,0.0702574,2.58541
765,0.720651,0.229429,9,3.78667,0.0662959,2.41772
766,0.628471,0.163507,9,2.88,0.0676058,3.0707
767,0.753165,0.198686,9,3.39333,0.0706168,2.96702
768,0.71487,0.158195,9,2.8,0.0667685,2.78885
769,0.640928,0.163446,9,2.88667,0.0639554,2.58841
770,0.776486,0.22473,10,3.74,0.0661429,2.59538
771,0.62096,0.178848,10,3.1,0.0658568,2.90997
772,0.674891,0.219414,9,3.8,0.0703093,2.68608
773,0.733807,0.190675,10,3.28,0.0671419,2.51956
774,0.644051,0.183282,9,3.15333,0.0658426,2.85965
775,0.72289,0.216863,10,3.56,0.0746365,2.44728
776,0.725614,0.166176,10,2.98,0.0662405,2.6852
777,0.62918,0.179014,8,3.02,0.064327,2.70622
778,0.583495,0.143317,8,2.48,0.0678248,2.99271
779,0.658262,0.13693,10,2.48667,0.0660497,2.65242
780,0.560467,0.15313,9,2.87333,0.0648019,3.06557
781,0.720414,0.203902,10,3.23333,0.065143,2.65038
782,0.748958,0.174057,10,3.08,0.0670669,2.58166
783,0.680802,0.147617,9,2.48,0.0635453,2.54426
784,0.682278,0.193097,9,3.07333,0.0690513,2.62837
785,0.737783,0.181408,10,2.96,0.0704404,3.06458
786,0.777196,0.217065,10,3.48667,0.0723149,2.63919
787,0.831288,0.222094,10,3.86,0.0668696,2.32758
788,0.659543,0.214474,9,3.39333,0.0703744,2.60568
789,0.827144,0.241091,10,3.74,0.0687802,2.41641
790,0.858667,0.248604,10,3.69333,0.0658414,2.31854
791,0.707558,0.206906,9,3.56667,0.0687544,2.63
792,0.685102,0.194521,10,3.24,0.0677407,2.64457
793,0.804573,0.124443,10,2.48667,0.0681136,2.49319
794,0.688562,0.140886,9,2.38667,0.0676941,2.62328
795,0.643511,0.190908,8,3.34,0.0675214,2.9044
796,0.6832,0.176032,9,2.97333,0.065246,2.61332
797,0.695851,0.167373,9,3.04,0.0708935,2.70181
798,0.763791,0.200308,10,3.54667,0.0665473,2.47883
799,0.714257,0.148738,10,2.76,0.067796,2.3047
800,0.667926,0.161284,9,2.98667,0.0645707,2.58779
801,0.715413,0.167024,9,3.06667,0.0654464,2.74639
802,0.652325,0.197171,9,3.48667,0.0654879,2.67404
803,0.650176,0.193675,10,3.16667,0.0676613,2.6311
804,0.642462,0.130093,9,2.54667,0.0675244,2.95757
805,0.738383,0.165025,10,2.98667,0.0681149,2.92637
806,0.685884,0.172924,10,3.16667,0.0682377,2.56646
807,0.825035,0.18416,10,3.16,0.0695831,2.77959
808,0.67295,0.150551,10,2.76,0.0793262,2.77635
809,0.708085,0.177493,9,3.1,0.0672443,2.62046
810,0.711379,0.169003,9,2.95333,0.0715827,2.91991
811,0.820042,0.231576,10,3.59333,0.0692076,2.86902
812,0.62763,0.173951,8,2.86,0.0681086,2.84197
813,0.582422,0.155771,9,2.66,0.064171,3.00521
814,0.511531,0.11813,8,2.21333,0.0659,3.01919
815,0.599618,0.133043,9,2.44667,0.0657872,2.76761
816,0.543279,0.146121,8,2.78,0.0672512,2.71294
817,0.726297,0.172064,10,3,0.0657438,2.3177
818,0.648307,0.209228,10,3.59333,0.0680896,2.74288
819,0.618659,0.158005,9,2.78,0.0734671,2.93044
820,0.815624,0.218401,9,3.84,0.0810607,2.8259
821,0.694986,0.178934,9,3.3,0.0685312,2.87288
822,0.718662,0.160616,10,2.85333,0.0658714,2.81972
823,0.829475,0.240361,10,3.89333,0.0672683,2.85177
824,0.549115,0.135738,8,2.39333,0.0653005,2.83264
825,0.742328,0.171479,10,2.9,0.0685122,2.68732
826,0.835654,0.208276,10,3.41333,0.0661275,2.4311
827,0.809182,0.20265,10,3.65333,0.0684506,2.66147
828,0.749546,0.162288,10,3.06667,0.0712868,2.86247
829,0.779196,0.196443,10,3.33333,0.0701606,2.77865
830,0.557203,0.142014,9,2.58667,0.0648779,2.83339
831,0.80822,0.207124,10,3.92,0.0702369,2.69989
832,0.651357,0.179661,9,3.30667,0.0675951,2.77352
833,0.70694,0.192775,10,3.55333,0.0681113,2.89412
834,0.810432,0.188919,10,3.18,0.0664966,2.39845
835,0.716867,0.16486,9,2.66667,0.0709068,2.77663
836,0.805983,0.179086,10,2.92,0.0697965,2.26243
837,0.886581,0.202454,10,3.12667,0.0722714,2.58139
838,0.727394,0.176998,10,3.17333,0.0688132,2.53151
839,0.520241,0.144005,9,2.68667,0.0669748,2.88995
840,0.719248,0.19076,9,3.07333,0.0700616,2.89441
841,0.747709,0.191684,9,3.35333,0.0762579,2.95563
842,0.643267,0.123924,9,2.44,0.0647564,2.74514
843,0.48626,0.124654,8,2.48667,0.0672485,2.84437
844,0.67409,0.156594,9,3.15333,0.0645168,2.74501
845,0.589334,0.185462,9,3.38,0.0679599,2.73528
846,0.705449,0.162008,10,3.00667,0.065913,2.76638
847,0.823054,0.257616,10,4.41333,0.0674061,2.66881
848,0.824645,0.243299,10,4.11333,0.0686654,2.73098
849,0.515672,0.134613,9,2.56667,0.0662765,3.0714
850,0.663955,0.190627,9,3.4,0.0677891,2.9572
851,0.769436,0.204426,9,3.34,0.0698132,2.62446
852,0.667142,0.195213,8,3.23333,0.0661458,3.07005
853,0.580807,0.168145,9,2.94667,0.0665623,2.90587
854,0.629087,0.169816,9,2.9,0.0655912,2.38897
855,0.697262,0.161285,8,2.7,0.067793,2.5356
856,0.611539,0.151695,10,2.69333,0.0677551,2.65078
857,0.58534,0.116946,8,2.36667,0.0656616,2.77203
858,0.766522,0.22488,10,3.68,0.0690888,2.84362
859,0.821489,0.23368,10,3.6,0.0704512,2.68112
860,0.673321,0.183129,9,3.4,0.0648411,2.60271
861,0.770732,0.189185,9,3.42667,0.072339,2.8818
862,0.698826,0.18791,9,3.01333,0.0698493,2.71761
863,0.833846,0.243389,10,4.06667,0.0721353,2.30919
864,0.498634,0.117842,7,2.1,0.0668589,3.04398
865,0.717119,0.149358,10,2.82,0.0723734,2.91869
866,0.739068,0.177444,9,3.34,0.0689534,2.67317
867,0.628955,0.154888,10,3.04667,0.0704568,2.71393
868,0.628071,0.159624,9,2.78,0.0692299,2.48859
869,0.667796,0.156796,9,2.71333,0.0635418,2.48147
870,0.841585,0.212887,10,3.65333,0.066869,2.36735
871,0.735766,0.21692,10,3.58667,0.0673691,2.31178
872,0.823797,0.206854,10,3.09333,0.0833973,2.88166
873,0.735019,0.178411,10,3.07333,0.0675244,2.7934
874,0.586117,0.194245,9,3.38,0.0682946,2.80588
875,0.739789,0.254928,9,3.84,0.0952842,2.80169
876,0.572832,0.168149,9,2.88667,0.0665689,2.76587
877,0.732082,0.192227,9,3.04667,0.0678138,2.64354
878,0.633662,0.208487,10,3.51333,0.0657465,2.52276
879,0.699148,0.182957,9,3.04667,0.0702103,2.61672
880,0.812914,0.153914,10,2.68,0.0718366,2.96444
881,0.838509,0.233673,10,4.04,0.068718,2.68203
882,0.648145,0.187615,9,2.98,0.0697905,2.5438
883,0.836077,0.254923,10,4.18,0.0739367,2.79219
884,0.791656,0.21302,10,3.24,0.0701043,2.57777
885,0.701366,0.230403,9,3.48667,0.0875525,2.86012
886,0.743,0.196996,10,3.24667,0.0668976,2.63677
887,0.758915,0.264973,9,4.00667,0.0678401,2.5723
888,0.673998,0.177083,9,2.92667,0.0662433,2.59039
889,0.605265,0.148185,10,2.62667,0.0694681,2.78467
890,0.760637,0.229598,10,3.60667,0.06611,2.41261
891,0.800858,0.247188,10,3.59333,0.0769901,2.18692
892,0.628916,0.148548,9,2.60667,0.0657128,2.62837
893,0.68972,0.216244,10,3.28,0.0693238,2.62461
894,0.85688,0.260269,10,4.16,0.0708391,2.42142
895,0.699315,0.157806,10,2.82,0.0706481,2.57842
896,0.83721,0.208055,10,3.39333,0.0701617,2.50979
897,0.669862,0.196844,10,3.36667,0.0671824,2.28391
898,0.681058,0.138193,9,2.37333,0.0673972,2.58344
899,0.606024,0.167402,9,2.76667,0.0721519,2.78511
900,0.625182,0.167384,9,2.76,0.160459,2.7459
901,0.833792,0.204173,10,3.3,0.0658079,2.42518
902,0.557757,0.135946,8,2.48667,0.0707405,3.10254
903,0.646017,0.222052,10,3.48667,0.0653364,2.38008
904,0.629983,0.183095,9,3.30667,0.0689787,2.64185
905,0.69678,0.204923,9,3.51333,0.0667952,2.61907
906,0.730653,0.198119,9,3.32,0.0663834,2.6073
907,0.511467,0.145667,8,2.61333,0.0668962,2.96996
908,0.679107,0.187277,8,2.93333,0.0731411,2.87902
909,0.596651,0.19034,9,3.16667,0.0664103,2.78017
910,0.788018,0.216115,10,3.54,0.0715028,2.79278
911,0.723919,0.224198,10,3.76667,0.0811512,2.62744
912,0.629629,0.149662,9,2.61333,0.067294,2.63423
913,0.602526,0.168123,9,2.92,0.0632276,2.44759
914,0.676636,0.172613,10,3.00667,0.0694388,2.71089
915,0.795271,0.218372,10,3.41333,0.0702532,2.84968
916,0.754552,0.181636,9,3.02667,0.0697623,2.26786
917,0.772285,0.191882,9,2.94,0.0693869,2.69408
918,0.71468,0.172909,10,2.76667,0.0717262,2.52488
919,0.771359,0.20035,10,3.47333,0.0696679,2.80262
920,0.666637,0.178123,9,3.08667,0.0638132,2.75562
921,0.742587,0.206145,9,3.36,0.0663417,2.56199
922,0.679374,0.204124,10,3.25333,0.0721706,2.73505
923,0.702388,0.188763,10,3.20667,0.0643441,2.46554
924,0.734558,0.188423,9,3.07333,0.0661981,2.52476
925,0.733927,0.200632,10,3.08667,0.0695335,2.44822
926,0.653698,0.198976,8,3.05333,0.0627422,2.2875
927,0.777926,0.212789,10,3.27333,0.0686075,2.2331
928,0.686331,0.157378,9,2.67333,0.0648225,2.62676
929,0.803381,0.190864,9,2.88667,0.0689686,2.40826
930,0.706008,0.209423,9,3.26667,0.0692043,2.39079
931,0.704049,0.175003,9,2.87333,0.0658978,2.50625
932,0.682385,0.153883,10,2.66,0.0651406,2.57268
933,0.541909,0.157687,8,2.76,0.0655147,2.82286
934,0.688572,0.154845,9,2.56,0.0669318,2.99585
935,0.577545,0.172002,9,2.93333,0.0664738,2.64434
936,0.69946,0.160849,8,2.86667,0.0683928,2.80203
937,0.620695,0.168289,9,2.98667,0.0693309,2.80371
938,0.807604,0.175263,10,3.20667,0.0689712,3.01894
939,0.797285,0.148369,10,2.68,0.0677685,2.83427
940,0.679078,0.163431,10,3.07333,0.0756987,2.96676
941,0.736192,0.229312,10,4,0.0721662,2.84521
942,0.591275,0.166985,10,3.34,0.0677136,2.67738
943,0.722141,0.210798,10,3.67333,0.0667184,2.72428
944,0.724977,0.144536,9,2.74,0.0683807,2.96816
945,0.763655,0.175876,9,3.09333,0.0683964,2.86292
946,0.499644,0.132711,9,2.62,0.0685923,3.28957
947,0.74394,0.18752,10,3.88,0.0697348,3.0122
948,0.627666,0.182747,8,3.26667,0.06441,2.89177
949,0.711708,0.173775,9,3.47333,0.0661575,2.87592
950,0.832201,0.162757,10,3.34667,0.0650538,3.05692
951,0.580243,0.138785,8,2.86,0.0645294,2.9209
952,0.690279,0.168907,10,3.00667,0.0641868,2.5544
953,0.714775,0.198728,10,3.72667,0.0753356,2.8908
954,0.536352,0.131989,8,2.61333,0.0658645,3.27415
955,0.675289,0.149965,9,3.03333,0.0673441,2.85136
956,0.586512,0.146479,9,2.84,0.0667167,2.63447
957,0.674896,0.165055,10,3.06667,0.0720172,2.80341
958,0.574864,0.169305,9,3.03333,0.0689833,2.80732
959,0.634919,0.17277,10,3.28667,0.0670217,2.94283
960,0.664365,0.131554,8,2.45333,0.0655205,2.79932
961,0.653722,0.116293,9,2.18,0.0655133,2.54378
962,0.725759,0.119889,10,2.41333,0.0697097,2.86277
963,0.685858,0.154652,9,2.66,0.0624095,2.58998
964,0.605595,0.192641,9,3.44,0.0674391,2.65453
965,0.716934,0.130204,9,2.60667,0.0729044,3.285
966,0.658546,0.139434,9,2.86,0.0676706,2.98072
967,0.698472,0.148131,10,2.86667,0.0685743,3.16601
968,0.702228,0.16457,9,3.16,0.0722705,2.83737
969,0.713531,0.148188,10,2.76,0.0667447,2.68689
970,0.713968,0.160559,9,3.00667,0.067975,2.67025
971,0.784608,0.17133,10,2.98667,0.0704786,2.74973
972,0.602632,0.139995,9,2.5,0.0702587,2.49955
973,0.537827,0.106666,9,2.38,0.0674537,3.02671
974,0.731164,0.195058,10,3.62667,0.0714645,2.70251
975,0.686337,0.154786,10,2.99333,0.067994,2.75811
976,0.587362,0.152306,9,2.94667,0.0699844,3.03538
977,0.740586,0.173274,10,3.52667,0.0683858,2.87437
978,0.658038,0.120428,8,2.09333,0.0668344,2.54382
979,0.61788,0.150487,9,2.74,0.0865919,2.53146
980,0.677743,0.166919,9,3.16,0.0697278,2.66514
981,0.827152,0.161995,10,2.97333,0.0699024,2.75445
982,0.70977,0.124162,10,2.49333,0.0702221,3.01368
983,0.647997,0.148642,9,3.04,0.0665228,2.83327
984,0.730475,0.182731,9,3.22667,0.0657716,2.39414
985,0.701423,0.177726,9,3.48,0.0730945,2.67133
986,0.410166,0.0932599,8,2.24667,0.0671138,3.21981
987,0.592691,0.145443,9,2.98,0.0678167,2.74461
988,0.730959,0.135824,10,2.54667,0.0636029,2.49508
989,0.593242,0.151603,10,3.06,0.0673109,2.69478
990,0.739139,0.105532,10,2.28667,0.068571,2.63326
991,0.684452,0.127378,9,2.95333,0.0682393,2.82321
992,0.635491,0.123336,8,2.93333,0.067317,2.32183
993,0.625272,0.134377,8,2.73333,0.0649739,2.62738
994,0.780832,0.162468,9,3.09333,0.0662727,2.38222
995,0.628051,0.123539,8,2.53333,0.0694888,2.49538
996,0.572415,0.145495,8,2.61333,0.0697317,2.84971
997,0.497761,0.131122,8,2.54667,0.0665667,2.81941
998,0.716558,0.203434,9,3.41333,0.0627216,2.54335
999,0.62363,0.164751,9,3.06667,0.0690066,2.5418
1000,0.689543,0.158881,10,3.12,0.0699312,2.7586
