1,0.271489,0.00335521,5,0.14,0.0714857,1.1109
2,0.208617,0.00480558,6,0.206667,0.0705191,1.16871
3,0.170037,0.00505966,4,0.2,0.0659495,1.1105
4,0.0926815,0.00198288,5,0.133333,0.066597,0.951854
5,0.18268,0.00506726,6,0.266667,0.0647171,0.926739
6,0.186842,0.00744556,7,0.333333,0.0715092,0.948429
7,0.15875,0.00554928,4,0.173333,0.0689105,0.811151
8,0.164603,0.0047047,4,0.173333,0.0657539,0.933203
9,0.166111,0.00798903,4,0.266667,0.066982,1.01443
10,0.181803,0.00723268,4,0.32,0.0678986,1.0608
11,0.31125,0.0116597,4,0.406667,0.0652876,1.10604
12,0.27189,0.0122852,6,0.486667,0.0624571,1.22989
13,0.243266,0.0101144,4,0.493333,0.0678835,1.34994
14,0.290568,0.0206558,7,0.8,0.064611,1.60634
15,0.328881,0.0325431,8,1.18,0.0670424,1.84714
16,0.351849,0.0301027,9,1.38,0.0694563,1.91065
17,0.361603,0.0284668,7,1.38,0.06778,2.33167
18,0.356223,0.0225956,6,1.30667,0.0692793,1.78399
19,0.228089,0.0154268,8,1.02667,0.0718224,1.93605
20,0.266472,0.0335142,6,1.56,0.0693248,1.81875
21,0.25846,0.0250698,7,1.46,0.066317,1.92114
22,0.336425,0.0354191,8,1.63333,0.0708244,2.24632
23,0.362796,0.0301374,6,1.18,0.0676707,1.8564
24,0.328189,0.0624349,7,1.88,0.072303,1.7927
25,0.244342,0.0286266,7,1.24,0.0658079,1.77297
26,0.464661,0.0436228,10,1.96667,0.0705069,1.88799
27,0.315234,0.0433493,8,1.71333,0.0722164,2.04737
28,0.252826,0.0170677,10,0.76,0.0678612,1.81468
29,0.332909,0.0501938,9,2.09333,0.0714722,1.98784
30,0.321582,0.0312746,8,1.95333,0.0684025,1.75244
31,0.399267,0.0747125,9,2.47333,0.0664185,1.98945
32,0.476815,0.0302603,9,1.62,0.0646373,1.98779
33,0.521619,0.0720359,9,2.65333,0.0741759,2.17415
34,0.39104,0.049111,9,2.02,0.0662486,2.53454
35,0.583142,0.0624242,10,2.46,0.0721838,2.20908
36,0.586052,0.0773366,10,2.54667,0.0666167,1.87486
37,0.427641,0.0948307,8,2.19333,0.07003,2.07687
38,0.562014,0.0560807,9,1.82,0.0669611,2.23223
39,0.514992,0.0770333,7,1.76,0.0705279,2.11912
40,0.527345,0.108028,9,2.62667,0.0678752,1.9409
41,0.519221,0.0590055,9,1.78667,0.0685317,2.30691
42,0.592265,0.0758425,10,2.37333,0.0684511,2.46848
43,0.625512,0.186859,9,4.08667,0.0717489,2.63572
44,0.693566,0.117845,10,3.42,0.0704908,2.88469
45,0.726973,0.140446,10,3.42,0.0718532,2.46485
46,0.665767,0.144796,10,4.13333,0.0752177,2.52624
47,0.666857,0.155704,10,3.68667,0.0735532,2.45823
48,0.596775,0.110924,10,2.9,0.0667758,2.4217
49,0.611048,0.0993424,10,2.7,0.0679761,2.69616
50,0.580961,0.115898,9,2.66667,0.0683594,2.56502
51,0.592603,0.136401,10,3.30667,0.0682393,2.44067
52,0.437048,0.0951964,8,2.85333,0.0692815,2.57093
53,0.731851,0.119438,10,2.84667,0.0712367,2.47402
54,0.82188,0.188314,10,3.92667,0.0718132,2.33332
55,0.433347,0.0790821,9,2.56667,0.0680039,2.32257
56,0.714579,0.173553,10,3.68,0.0702873,2.18162
57,0.375237,0.0949643,8,2.54,0.0662813,2.16173
58,0.760235,0.148984,10,3.98667,0.0777584,2.1277
59,0.625089,0.0966847,9,2.54,0.0730062,2.4449
60,0.486124,0.13617,9,3.26,0.0666487,2.54915
61,0.617267,0.156723,10,3.59333,0.0790634,2.1847
62,0.389095,0.0715149,7,1.99333,0.0670136,2.57877
63,0.665653,0.145662,9,3.24,0.0680235,2.43527
64,0.72956,0.114532,10,2.83333,0.0634641,2.00784
65,0.569835,0.0901367,8,2.3,0.066238,2.28488
66,0.665537,0.106149,10,2.81333,0.068859,2.23998
67,0.744978,0.122174,9,2.88,0.0698103,2.53168
68,0.554024,0.112953,8,2.59333,0.0763226,2.64886
69,0.586458,0.129855,10,3.16,0.068137,2.3663
70,0.484973,0.110577,8,2.67333,0.0658508,2.86852
71,0.626176,0.131198,9,3.25333,0.068725,2.43971
72,0.695846,0.147971,9,3.54,0.0707334,2.6057
73,0.555797,0.154615,9,3.62,0.068684,2.55347
74,0.712752,0.182474,9,3.78,0.0692034,2.69436
75,0.583568,0.173234,10,3.45333,0.066398,2.59307
76,0.503308,0.131986,9,3.08,0.0642738,2.42169
77,0.640069,0.179217,10,3.54667,0.0642815,2.30549
78,0.685736,0.198066,10,3.74667,0.0687988,2.47111
79,0.602747,0.157922,10,3.40667,0.0659641,2.38959
80,0.653111,0.163806,9,3.38,0.103198,2.64754
81,0.720463,0.182958,10,3.71333,0.0693257,2.73138
82,0.657554,0.195121,10,3.82,0.0658674,2.49016
83,0.552731,0.139287,9,3.03333,0.0665333,3.09845
84,0.603478,0.148022,9,3.32,0.0697988,2.71723
85,0.576015,0.136594,9,2.92667,0.0683554,2.59948
86,0.795343,0.177155,9,3.59333,0.0656989,2.4615
87,0.501027,0.138804,8,3.08,0.064949,2.69563
88,0.578618,0.104438,9,2.56,0.066836,2.87675
89,0.738632,0.169216,10,3.68,0.0661074,2.64287
90,0.613416,0.13571,9,3.12,0.0647247,2.51311
91,0.725127,0.147682,10,3.3,0.0709942,2.42598
92,0.648101,0.154745,10,3.20667,0.067922,2.40401
93,0.669733,0.1438,10,3.07333,0.0686459,2.70791
94,0.598776,0.140183,9,3.01333,0.066611,2.6366
95,0.693485,0.164199,10,3.72667,0.0699496,2.56017
96,0.63017,0.106448,8,2.63333,0.0651629,2.58702
97,0.718819,0.193424,10,4.2,0.0740649,2.64649
98,0.74166,0.220794,9,4.21333,0.0723587,2.64787
99,0.732295,0.154445,10,3.18,0.0669915,2.63651
100,0.653449,0.156972,10,3.30667,0.0697161,2.61037
101,0.708455,0.187356,10,3.78667,0.0869464,2.82927
102,0.687607,0.156675,9,3.22667,0.0669829,2.80587
103,0.71361,0.18845,10,3.89333,0.0672307,2.38778
104,0.703517,0.197402,9,3.9,0.0702485,2.56903
105,0.743254,0.160631,9,3.28667,0.0688402,2.49416
106,0.793051,0.245496,10,4.41333,0.0697957,2.38351
107,0.720708,0.186359,9,3.62667,0.0685628,2.38
108,0.71811,0.174685,10,3.75333,0.0718184,2.43409
109,0.769528,0.214909,10,4.11333,0.0784565,2.55212
110,0.854942,0.211928,10,3.90667,0.0761313,2.29813
111,0.709574,0.190368,10,3.79333,0.0704635,2.44534
112,0.847012,0.220205,10,3.99333,0.0681296,2.3798
113,0.476583,0.154774,9,2.94667,0.113351,2.75013
114,0.724409,0.207368,10,3.95333,0.0682233,2.51328
115,0.850072,0.199819,10,4.02,0.0673798,2.33023
116,0.745554,0.182636,10,3.59333,0.0723957,2.34584
117,0.652848,0.211364,10,3.58667,0.0726113,2.79895
118,0.714095,0.141604,10,2.93333,0.0660286,2.66882
119,0.721754,0.202408,10,3.93333,0.0691025,2.49643
120,0.776471,0.185738,10,3.57333,0.127576,2.76782
121,0.862575,0.27607,10,4.69333,0.072131,2.24727
122,0.782205,0.192357,10,3.82,0.0640062,2.49771
123,0.721795,0.201169,10,3.90667,0.0662519,2.40448
124,0.894119,0.28731,10,4.4,0.0704622,1.99395
125,0.834842,0.314161,10,5.30667,0.0722654,2.33793
126,0.754549,0.22734,10,4.46667,0.0667048,2.33031
127,0.704781,0.232739,10,3.96,0.0675645,2.1816
128,0.764078,0.202669,10,3.80667,0.0675331,2.36817
129,0.838214,0.211142,10,4.34,0.0690982,2.43634
130,0.633512,0.205796,9,3.57333,0.0671404,2.30321
131,0.783508,0.240139,10,3.98,0.067169,2.25931
132,0.629868,0.165541,9,3.28667,0.0659519,2.64498
133,0.741295,0.171427,10,3.64667,0.0715587,2.56657
134,0.678908,0.186828,10,3.68,0.0668341,2.47308
135,0.757978,0.204117,10,3.9,0.0688209,2.43015
136,0.702165,0.211499,9,3.72667,0.070737,2.37214
137,0.563675,0.147659,9,2.85333,0.0681892,2.35554
138,0.824103,0.242744,10,4.46667,0.0679367,2.16335
139,0.610558,0.165199,9,3.4,0.0713594,2.55485
140,0.747554,0.194723,10,3.93333,0.0721774,2.58379
141,0.637237,0.197609,10,3.93333,0.0653768,2.34784
142,0.747223,0.183328,10,3.5,0.08776,2.33469
143,0.637494,0.163872,10,3.21333,0.0658262,2.35613
144,0.775607,0.221246,10,4.01333,0.066839,2.18769
145,0.752499,0.190284,10,3.58667,0.0676132,2.49601
146,0.635246,0.184967,10,3.78667,0.0659261,2.44439
147,0.749074,0.153191,9,2.9,0.0682396,2.3431
148,0.606227,0.145852,9,3.02667,0.0708905,2.53677
149,0.668943,0.144923,10,3.2,0.0692295,2.58132
150,0.706353,0.173202,10,3.73333,0.0730866,2.57426
151,0.779449,0.191202,9,3.54,0.0672441,2.3742
152,0.754289,0.205097,10,4.36667,0.0710253,2.22693
153,0.657909,0.190351,10,3.61333,0.0675315,2.57237
154,0.874006,0.209235,10,4.24,0.0726922,2.23847
155,0.685333,0.149214,9,3.25333,0.0656252,2.30281
156,0.845196,0.170163,10,3.39333,0.068185,2.04322
157,0.520756,0.127302,9,3.08,0.0756181,2.20866
158,0.694416,0.179644,10,3.45333,0.067267,2.2112
159,0.626337,0.205929,10,3.74667,0.0671836,2.07989
160,0.682131,0.166208,9,3.18,0.0730305,2.27428
161,0.671458,0.227592,9,3.95333,0.0709784,2.35251
162,0.617049,0.157291,9,3.24,0.0739106,2.45924
163,0.648707,0.149025,9,3.05333,0.0668686,2.43565
164,0.6429,0.171285,10,3.49333,0.0734667,2.61098
165,0.699168,0.199202,10,4.18667,0.0678228,2.38202
166,0.66215,0.160508,9,3.66667,0.0680187,2.74913
167,0.674246,0.173633,10,3.94,0.0681793,2.57777
168,0.680065,0.201937,9,4,0.0659071,2.85581
169,0.529913,0.104379,8,2.42,0.0638552,2.6884
170,0.635616,0.145541,9,2.86,0.0656852,2.4735
171,0.714557,0.154326,9,3.23333,0.0682507,2.32716
172,0.524946,0.132534,9,2.94,0.0664134,2.35232
173,0.724894,0.151112,9,3.08667,0.0688922,2.34682
174,0.692292,0.157402,10,3.39333,0.0922753,2.58655
175,0.61371,0.13263,10,3.02,0.0684638,2.52196
176,0.682257,0.166039,9,3.22667,0.0672577,2.18497
177,0.752807,0.1823,10,3.55333,0.0694776,2.16867
178,0.558741,0.14955,10,3.00667,0.0668823,2.56596
179,0.659052,0.148245,10,3.08667,0.0720415,2.39523
180,0.600602,0.136016,10,3.03333,0.0660832,2.44012
181,0.713216,0.180453,10,3.53333,0.0686103,2.54538
182,0.657377,0.165873,10,3.33333,0.0742052,2.26102
183,0.765285,0.188372,9,3.50667,0.0857068,2.50202
184,0.60482,0.16118,9,3.29333,0.0628743,2.10325
185,0.747908,0.23687,10,4.43333,0.0736865,2.2422
186,0.583891,0.143941,10,2.66667,0.0685542,2.39773
187,0.699774,0.174476,9,3.16,0.0676943,2.49975
188,0.638245,0.188443,9,3.36,0.0698722,1.97443
189,0.776937,0.178058,10,3.49333,0.0680348,2.36519
190,0.743114,0.17982,10,3.13333,0.071346,2.43005
191,0.611441,0.147839,10,3.18,0.0671573,2.54556
192,0.626985,0.166945,10,3.2,0.0701232,2.44092
193,0.694287,0.159347,10,3.07333,0.0647845,2.1492
194,0.62274,0.193604,10,3.65333,0.0877184,2.4424
195,0.591334,0.127004,9,2.69333,0.0716417,2.54093
196,0.489171,0.108034,8,2.29333,0.0646295,2.32787
197,0.539496,0.140815,10,3.17333,0.0722106,2.38011
198,0.600356,0.151108,10,2.98,0.065205,2.52456
199,0.830252,0.231786,10,3.82,0.0689577,2.29397
200,0.861493,0.267699,10,4.52667,0.0722408,2.18881
201,0.536428,0.120253,8,2.50667,0.0663963,2.51761
202,0.535474,0.161493,10,3.14667,0.0669384,2.42262
203,0.719758,0.225454,10,4.02667,0.0709997,2.59694
204,0.720512,0.188243,9,3.78,0.0761516,2.41684
205,0.455642,0.124188,9,3.04667,0.0675955,2.42159
206,0.573733,0.159704,9,3.63333,0.0703262,2.46013
207,0.800175,0.201863,10,3.61333,0.0647918,2.11565
208,0.608062,0.1613,10,3.5,0.0755995,2.54465
209,0.684864,0.195505,10,3.67333,0.0750541,2.1963
210,0.639962,0.229536,10,4.17333,0.0711284,2.40145
211,0.693746,0.192863,10,3.93333,0.0734195,2.48149
212,0.637382,0.15588,10,3.26667,0.0639655,2.5941
213,0.824842,0.209387,10,3.66,0.0710748,2.33999
214,0.503881,0.128779,9,2.82667,0.0678835,2.32932
215,0.710724,0.139394,10,3.02,0.0689136,2.35956
216,0.51514,0.105951,8,2.62,0.0637836,2.39547
217,0.622278,0.168216,10,3.46667,0.0720115,2.33745
218,0.506925,0.10112,8,2.71333,0.0668388,2.32752
219,0.642634,0.146321,9,3.46,0.0694988,2.76187
220,0.592382,0.130681,9,2.95333,0.0633095,2.16779
221,0.646365,0.170991,10,3.68667,0.067277,2.31656
222,0.529384,0.118944,9,3.08,0.0663203,2.31124
223,0.531465,0.134758,9,3.02,0.069634,2.23326
224,0.676906,0.166215,10,3.86,0.0710271,2.18063
225,0.707965,0.173456,10,3.63333,0.0686024,2.00763
226,0.585228,0.129073,9,2.80667,0.0732437,2.36607
227,0.717588,0.191103,9,4.07333,0.0677009,2.30912
228,0.712691,0.134428,10,3.21333,0.0666304,2.38087
229,0.643748,0.163088,10,3.94667,0.0706613,2.4912
230,0.788297,0.222418,10,5.13333,0.0722604,2.18683
231,0.539539,0.136026,9,3.35333,0.0654773,2.49956
232,0.444815,0.086859,9,2.91333,0.0683055,2.19366
233,0.701863,0.133026,9,3.49333,0.0636874,2.14873
234,0.636683,0.128151,9,3.31333,0.0684669,2.13002
235,0.622614,0.178827,10,3.88,0.0698969,2.47797
236,0.616693,0.154947,9,3.60667,0.0658144,2.14564
237,0.591962,0.155338,8,3.49333,0.0664911,2.33674
238,0.682667,0.142826,10,4.04,0.0696653,2.46527
239,0.755423,0.211156,10,4.79333,0.0715438,2.57677
240,0.574558,0.106975,9,3,0.0653319,2.41988
241,0.463834,0.101812,8,2.36667,0.0675712,2.79304
242,0.550811,0.141539,10,3.46667,0.0690729,2.97649
243,0.74681,0.148057,10,3.42667,0.0685203,2.41381
244,0.677298,0.157822,9,3.32667,0.0694435,3.11019
245,0.650946,0.158554,10,3.80667,0.0670722,2.56925
246,0.733918,0.184396,10,3.92,0.0734175,2.77898
247,0.669708,0.138023,10,3.29333,0.0667847,2.57563
248,0.712805,0.17798,10,3.88667,0.0660124,2.50242
249,0.676408,0.192763,9,4.04667,0.0697463,3.25086
250,0.637029,0.153455,9,3.41333,0.0710862,2.69148
251,0.575155,0.108228,10,2.87333,0.0655519,2.7483
252,0.588877,0.157381,10,3.48,0.0666896,2.76989
253,0.654622,0.169197,10,3.48,0.113623,2.50713
254,0.692953,0.137452,10,2.56667,0.0672836,2.44102
255,0.763192,0.152878,10,2.96667,0.0620908,2.37157
256,0.623733,0.155455,9,3.05333,0.0647929,2.38469
257,0.618272,0.151136,10,3.26,0.0691238,2.64015
258,0.811572,0.166623,10,3.11333,0.0675719,2.39504
259,0.759241,0.151297,10,3.18667,0.0709672,2.65906
260,0.752115,0.140283,10,3.15333,0.0691038,2.7401
261,0.741392,0.15976,10,3.01333,0.0674836,2.4691
262,0.649062,0.170237,10,3.33333,0.0724605,2.9665
263,0.675295,0.171939,9,3.48,0.0700359,2.56264
264,0.818542,0.15304,10,3.26,0.0683154,2.70497
265,0.727392,0.121398,9,2.54667,0.0645624,2.2968
266,0.708156,0.146862,9,2.97333,0.0689135,2.45503
267,0.57483,0.112142,10,2.36667,0.0674299,2.55816
268,0.653085,0.149981,9,3.21333,0.068297,2.6811
269,0.834965,0.184402,10,3.32667,0.0661909,2.57195
270,0.770514,0.151029,9,2.68,0.0681054,2.67924
271,0.631851,0.174658,9,3.09333,0.0683581,2.77335
272,0.589087,0.13432,9,2.76,0.06827,2.94904
273,0.820504,0.215853,10,3.89333,0.0716451,2.56976
274,0.6658,0.128178,10,2.66667,0.0651808,2.41277
275,0.65585,0.140688,10,2.88667,0.0715639,2.65309
276,0.636942,0.15588,8,2.94,0.0671955,2.69668
277,0.810421,0.166905,10,3.32667,0.0793069,3.14527
278,0.774101,0.155473,10,3.12,0.0877516,2.38563
279,0.701146,0.149836,9,3.07333,0.0680457,2.92764
280,0.621685,0.153721,9,3.06,0.0663319,2.74635
281,0.810882,0.188135,10,3.65333,0.0700673,2.82924
282,0.586449,0.121613,8,2.37333,0.0677631,2.78563
283,0.628865,0.164733,9,3.06,0.103192,2.64922
284,0.662478,0.11212,10,2.44,0.0671299,2.74552
285,0.635259,0.160441,10,3.15333,0.0688796,3.1926
286,0.745816,0.18355,10,3.36667,0.0689692,2.76467
287,0.671527,0.17729,9,3.08,0.0667214,2.65831
288,0.713191,0.211109,10,3.62667,0.0679869,2.85291
289,0.638408,0.169432,9,3.27333,0.0692815,2.9484
290,0.734229,0.214402,10,3.67333,0.0659253,2.95707
291,0.644397,0.148161,10,2.83333,0.0686167,3.24949
292,0.632238,0.156051,10,2.90667,0.0677388,2.98911
293,0.734819,0.178319,10,3.28667,0.0706158,2.85392
294,0.622544,0.129656,9,2.42667,0.0678907,2.80019
295,0.744254,0.133779,9,2.62667,0.0664278,2.86536
296,0.72795,0.167608,10,3.32667,0.0686557,2.94732
297,0.770013,0.176546,10,3.42,0.0702526,3.06689
298,0.710348,0.191269,10,3.33333,0.0658993,2.99049
299,0.753446,0.1748,10,3.1,0.0645913,2.90487
300,0.752262,0.219546,10,3.84,0.0672075,2.92955
301,0.571072,0.133188,10,2.59333,0.0650253,2.996
302,0.765224,0.237838,10,4.39333,0.0709068,2.65525
303,0.747694,0.167716,9,3.2,0.0714219,2.69843
304,0.642811,0.167747,10,3.3,0.0687739,2.83461
305,0.578087,0.14275,9,3,0.0693474,2.91374
306,0.560633,0.172261,9,3.25333,0.0688933,2.89521
307,0.742446,0.18204,10,3.36667,0.069874,2.67404
308,0.67991,0.171393,10,3.10667,0.0659443,2.88304
309,0.516099,0.131215,10,2.89333,0.0671151,3.29951
310,0.624567,0.146028,9,2.78667,0.068233,3.09648
311,0.606592,0.146781,9,2.94667,0.0762811,2.75034
312,0.52418,0.131731,9,2.78,0.0641795,3.05654
313,0.643886,0.154725,9,2.89333,0.0652179,2.69731
314,0.672795,0.156729,9,3.15333,0.0710029,2.99707
315,0.682874,0.123546,9,2.7,0.0673794,2.91153
316,0.558061,0.14942,9,3.20667,0.0657372,3.13881
317,0.698478,0.146696,10,2.9,0.066595,2.79073
318,0.67965,0.159281,9,3.04667,0.0764284,3.18169
319,0.810103,0.220234,10,3.95333,0.0680569,2.69883
320,0.614447,0.162225,9,2.92667,0.0675906,2.9562
321,0.67564,0.180728,9,3.44,0.0670555,2.95985
322,0.575239,0.128497,10,2.59333,0.0667989,2.77532
323,0.695441,0.189958,10,3.74667,0.102073,2.93047
324,0.645541,0.159022,9,2.94,0.0673604,2.87774
325,0.521805,0.159379,8,2.8,0.0678886,2.92324
326,0.718,0.171448,10,3.41333,0.070906,2.74323
327,0.757844,0.196727,10,3.55333,0.0740501,2.69613
328,0.775254,0.190012,10,3.52,0.0697045,2.9472
329,0.729374,0.199998,10,3.72,0.0671197,2.70785
330,0.671577,0.185917,9,3.73333,0.069903,2.94876
331,0.686981,0.177913,9,3.53333,0.0698373,3.22548
332,0.785485,0.214381,10,3.76,0.0677511,2.68611
333,0.672874,0.141887,9,2.84667,0.0728242,2.95872
334,0.679419,0.175507,9,3.08,0.0622206,2.8185
335,0.838589,0.180099,10,3.54,0.0678729,2.83943
336,0.662558,0.19027,10,3.52,0.0697665,3.27154
337,0.643428,0.175767,10,3.18667,0.0672715,3.19554
338,0.737372,0.215537,10,3.69333,0.0655835,2.99183
339,0.693795,0.1958,9,3.68,0.0699992,2.73585
340,0.703794,0.201196,9,3.94667,0.0672956,2.83832
341,0.623885,0.193856,10,3.70667,0.0653389,2.69126
342,0.759089,0.23103,10,3.73333,0.0679303,2.56208
343,0.837037,0.211458,10,3.61333,0.0646318,2.56116
344,0.682289,0.148476,10,2.93333,0.0694406,2.74954
345,0.702393,0.203026,10,3.66,0.0771411,2.95771
346,0.780891,0.239271,10,4.34667,0.0652414,2.79764
347,0.75693,0.225161,10,3.80667,0.0691936,3.04609
348,0.690023,0.207054,10,3.84667,0.064744,2.7787
349,0.733056,0.235607,10,4.4,0.0681633,2.98417
350,0.712263,0.201103,10,3.59333,0.0704354,2.92554
351,0.631244,0.151119,9,2.97333,0.0693627,3.09404
352,0.84813,0.224861,10,4.08,0.0717921,2.78735
353,0.711327,0.169849,10,3.3,0.0688939,2.93165
354,0.600459,0.141237,9,2.56,0.065096,2.9916
355,0.700737,0.165585,10,2.94,0.0648729,2.73245
356,0.711038,0.175253,9,3.20667,0.0769424,2.97706
357,0.660081,0.170181,9,3.14,0.0685826,2.86578
358,0.660575,0.169103,8,3.05333,0.0701592,3.2002
359,0.661229,0.182441,9,3.33333,0.0700512,2.8563
360,0.651736,0.200373,10,3.58667,0.067762,2.99413
361,0.760834,0.234971,10,4.18667,0.0697914,2.92371
362,0.775244,0.235045,10,4.26,0.0690488,3.09774
363,0.685667,0.210009,9,3.96667,0.0667852,2.7889
364,0.642461,0.191193,10,3.78667,0.0682893,3.12649
365,0.731441,0.229504,10,3.87333,0.0663562,2.53949
366,0.671693,0.17558,10,3.46667,0.0679849,2.76087
367,0.833228,0.189293,10,3.74667,0.0693542,2.48022
368,0.742134,0.211462,10,3.46667,0.0666287,2.34527
369,0.796021,0.13071,10,2.66,0.0678669,2.73186
370,0.653167,0.155955,9,2.96667,0.0686906,2.58634
371,0.609962,0.128312,9,2.56,0.0717298,2.68964
372,0.771848,0.215505,10,3.84667,0.0699341,2.52673
373,0.576109,0.141652,8,2.74667,0.0701884,2.80879
374,0.648684,0.123139,9,2.57333,0.0650398,2.48249
375,0.695975,0.164454,10,3.05333,0.0682959,2.54828
376,0.783312,0.216875,10,3.89333,0.069353,2.71625
377,0.763386,0.190382,10,3.26667,0.0673396,2.62287
378,0.789543,0.222455,10,3.85333,0.0714154,2.62966
379,0.729524,0.210146,10,3.85333,0.0660994,2.70934
380,0.702185,0.213762,9,3.72,0.0710102,2.98924
381,0.668472,0.15041,10,2.91333,0.0688759,2.9513
382,0.701574,0.17263,9,3.15333,0.070072,2.43993
383,0.641225,0.156147,10,3.03333,0.0707214,3.01016
384,0.678944,0.197155,10,3.42,0.070125,3.1466
385,0.630097,0.206533,10,3.56667,0.0708179,3.01983
386,0.664613,0.183926,9,3.12,0.0684338,2.61034
387,0.601373,0.183387,10,3.37333,0.0675756,3.203
388,0.625937,0.187999,10,3.54667,0.0680612,3.07137
389,0.600743,0.182332,10,3.37333,0.0671991,2.81828
390,0.721231,0.239727,10,4.14667,0.0719427,2.87501
391,0.715812,0.192502,10,3.56,0.0701079,3.07144
392,0.787229,0.185197,10,3.88667,0.0688253,2.78282
393,0.754081,0.215432,10,3.77333,0.0653737,2.67436
394,0.720625,0.181496,10,3.4,0.0706543,2.93457
395,0.678757,0.165034,10,3.13333,0.0671694,2.9078
396,0.730735,0.151506,10,2.76667,0.0736521,2.95751
397,0.667325,0.219114,10,3.94667,0.0670157,2.56449
398,0.606455,0.181339,9,3.59333,0.0688082,3.14908
399,0.647444,0.221624,10,3.94,0.0687827,2.91743
400,0.698482,0.217028,10,4.21333,0.0715627,2.90163
401,0.606904,0.199274,9,3.48667,0.066962,2.66054
402,0.642426,0.188088,9,3.69333,0.0687037,2.79532
403,0.628065,0.173977,9,3.3,0.065106,2.98826
404,0.637173,0.179735,9,3.26667,0.0684214,3.00021
405,0.60812,0.181117,9,3.38667,0.0681566,2.97583
406,0.584783,0.154254,9,2.88667,0.0652098,3.0094
407,0.748284,0.154887,9,3.14,0.0641066,2.80403
408,0.806872,0.181409,10,3.3,0.0704666,2.7616
409,0.772179,0.17997,10,3.08,0.068336,2.59162
410,0.691187,0.13817,10,2.53333,0.0822748,2.95333
411,0.780629,0.207138,10,3.76,0.0693889,2.84447
412,0.822823,0.274862,10,4.64,0.0745505,2.84608
413,0.619903,0.15946,10,3.36,0.0672523,3.19339
414,0.660581,0.161623,10,3.12667,0.0681998,3.13787
415,0.758785,0.16523,10,3.42,0.0638273,2.98636
416,0.644682,0.134793,10,2.82667,0.0657742,3.2489
417,0.626765,0.129881,9,2.58,0.0692627,3.00632
418,0.789833,0.176308,10,3.27333,0.0705818,2.89466
419,0.619716,0.1496,10,2.90667,0.0614286,2.87808
420,0.79508,0.202129,10,3.66,0.069434,3.24303
421,0.636029,0.163916,9,3.08,0.0633799,3.16535
422,0.617621,0.176042,9,3.33333,0.070808,3.56952
423,0.711189,0.189264,10,3.74667,0.0680467,3.12812
424,0.647303,0.171099,9,3.74,0.0678703,3.05021
425,0.679313,0.20251,9,3.68667,0.0674608,3.27206
426,0.663639,0.171391,9,3.62,0.0698749,3.31473
427,0.688583,0.253336,9,4.54,0.0714574,2.87485
428,0.635748,0.177342,9,3.45333,0.0673058,2.78997
429,0.67271,0.177159,10,3.66667,0.0684202,2.62118
430,0.878711,0.237531,10,4.42667,0.0727364,2.58766
431,0.780958,0.192763,10,3.68,0.0657638,2.57534
432,0.749808,0.215511,10,4.08,0.0702333,3.00575
433,0.636383,0.188193,10,3.36667,0.0689356,2.78247
434,0.694907,0.141825,10,2.89333,0.0672687,3.01835
435,0.762716,0.193367,9,3.53333,0.0700658,3.14742
436,0.809893,0.254947,10,4.27333,0.0685595,2.62034
437,0.619489,0.186855,9,3.47333,0.0691581,3.00873
438,0.610822,0.19018,9,3.32667,0.06873,2.86263
439,0.683579,0.148647,9,2.72,0.0661432,3.00543
440,0.757499,0.208569,10,3.74667,0.0689647,2.95475
441,0.649665,0.193045,10,3.63333,0.0681541,3.2231
442,0.781748,0.247434,10,4.46667,0.0689575,2.96282
443,0.651955,0.186413,9,3.28667,0.0648358,2.93205
444,0.734914,0.224344,10,3.84,0.0710938,2.71551
445,0.804629,0.210222,10,3.63333,0.0653471,2.4069
446,0.814161,0.198613,10,3.86667,0.068321,2.67524
447,0.725901,0.174386,9,3.35333,0.062848,2.55674
448,0.618937,0.153378,9,3.16,0.0693353,2.87401
449,0.769248,0.203024,10,3.93333,0.071539,2.47018
450,0.763212,0.252853,10,4.39333,0.0707277,2.62628
451,0.840253,0.21229,10,4.1,0.0659053,2.463
452,0.737774,0.22194,10,3.86,0.070484,2.82584
453,0.709224,0.180948,9,3.32,0.0676945,2.66517
454,0.716648,0.205502,10,4.16667,0.068281,2.66212
455,0.666827,0.171743,10,3.36,0.0687696,2.84287
456,0.803015,0.199875,10,4.18667,0.0691359,2.78851
457,0.644658,0.183623,10,3.59333,0.0693822,2.78044
458,0.712383,0.152797,10,3.08667,0.0679181,2.6467
459,0.713649,0.196308,10,3.68,0.0677791,2.76403
460,0.77044,0.177759,10,3.47333,0.0687144,3.0827
461,0.809135,0.218161,10,4.12667,0.0704713,2.69763
462,0.571042,0.162401,9,3.06,0.0662598,2.54826
463,0.743974,0.180315,10,3.58667,0.0680896,2.74157
464,0.737067,0.210088,10,3.54667,0.0673194,2.78921
465,0.800361,0.221558,10,3.91333,0.0690824,2.74346
466,0.674668,0.176859,10,3.51333,0.0683568,2.95069
467,0.692093,0.148197,9,3.14,0.065795,2.73491
468,0.71458,0.150033,9,3.01333,0.069441,2.71268
469,0.613768,0.167467,10,3.43333,0.0705041,2.68456
470,0.639438,0.148307,10,2.94,0.0660928,2.64791
471,0.580343,0.12324,10,2.44667,0.0642686,2.68308
472,0.772713,0.205894,10,3.86667,0.0659378,2.48719
473,0.650276,0.18096,10,3.38,0.0682166,2.5669
474,0.564767,0.151165,9,3.04667,0.0687879,2.5448
475,0.541519,0.132975,8,2.59333,0.0651644,2.44848
476,0.852871,0.219112,10,3.8,0.0677675,2.2556
477,0.586829,0.1584,9,3.09333,0.0655594,2.79084
478,0.666165,0.183062,9,3.28,0.0668833,2.45861
479,0.715111,0.163061,9,2.91333,0.067846,2.26103
480,0.777288,0.201914,10,3.87333,0.0681686,2.44669
481,0.617873,0.124052,9,2.50667,0.0649115,2.26583
482,0.639054,0.166668,9,3.22,0.0677615,2.47632
483,0.569703,0.137648,9,2.73333,0.0651743,2.6263
484,0.598688,0.130648,9,2.74,0.0687204,2.76001
485,0.784192,0.230901,9,4.1,0.0675199,2.60694
486,0.652696,0.136602,9,2.92667,0.0669277,2.95437
487,0.685187,0.135199,10,2.59333,0.0682166,2.83589
488,0.808605,0.184467,10,3.2,0.0665232,2.37131
489,0.743509,0.163376,9,2.87333,0.0657685,2.277
490,0.701459,0.18531,10,3.30667,0.0655923,2.62657
491,0.805328,0.23791,10,4.12,0.0692393,2.5075
492,0.777877,0.192468,10,3.86,0.0688158,2.50452
493,0.718747,0.192493,10,3.60667,0.0672588,2.55783
494,0.696365,0.170881,9,3.18,0.0693006,2.49826
495,0.666708,0.148437,8,2.72667,0.0663379,2.41359
496,0.607293,0.159851,9,2.8,0.0663562,2.43884
497,0.733062,0.197579,9,3.22667,0.0670801,2.44713
498,0.790672,0.219126,10,4,0.0659744,2.3181
499,0.68623,0.191386,9,3.64667,0.0671798,2.66761
500,0.825825,0.23516,10,4.02,0.073461,2.38967
501,0.521812,0.0874908,8,2.13333,0.069894,2.7983
502,0.870232,0.152356,10,3.22667,0.0688396,2.67247
503,0.716747,0.152687,10,3.28,0.0713308,2.77634
504,0.78282,0.139315,10,3,0.0639048,2.43547
505,0.736248,0.180227,10,3.82667,0.0701549,2.71682
506,0.634174,0.201346,10,3.82,0.0682932,2.55685
507,0.770259,0.187465,10,4.01333,0.0710978,2.83634
508,0.77831,0.189519,10,3.90667,0.0721983,2.77757
509,0.740291,0.19192,10,3.65333,0.0715603,2.95247
510,0.722608,0.196128,9,3.72,0.0725688,2.93444
511,0.666216,0.146375,10,3.2,0.0699752,3.04896
512,0.588891,0.123326,8,2.5,0.0616587,2.61148
513,0.84772,0.230024,10,4.3,0.0742903,2.48507
514,0.5914,0.139033,8,2.92667,0.0672744,2.81884
515,0.766348,0.187819,10,3.42,0.0675725,2.70754
516,0.795095,0.208559,10,3.6,0.0679629,2.57676
517,0.800191,0.231637,10,4.06,0.0714226,2.64012
518,0.643706,0.177911,10,2.90667,0.0666114,2.86253
519,0.801035,0.212876,10,3.66,0.0665658,2.23635
520,0.778549,0.231556,9,3.68,0.0655271,2.47174
521,0.724712,0.181563,9,2.9,0.0652474,2.23218
522,0.709496,0.189781,9,3.33333,0.0670143,2.47077
523,0.712019,0.221978,9,3.72667,0.0685047,2.55105
524,0.887623,0.23001,10,4.16667,0.072092,2.52898
525,0.748419,0.209322,9,3.64667,0.0697247,2.24456
526,0.688185,0.184558,9,3.21333,0.0695292,2.39055
527,0.72981,0.194579,10,3.32,0.0669856,2.30056
528,0.875187,0.262112,10,4.44667,0.0718405,2.09149
529,0.603961,0.172906,8,3.02667,0.0685795,2.6253
530,0.868301,0.258139,10,4.04667,0.0700586,1.97789
531,0.638825,0.173412,9,3.40667,0.0672679,2.7212
532,0.72926,0.177475,10,3.38,0.0692002,2.79933
533,0.636937,0.182926,8,3.59333,0.0674764,2.98529
534,0.762212,0.201555,10,3.55333,0.0658797,2.37865
535,0.594955,0.161736,8,3.24667,0.0659131,2.57582
536,0.694708,0.217674,9,3.83333,0.0671517,2.50591
537,0.602186,0.127107,9,2.49333,0.0659543,2.72398
538,0.650365,0.157229,9,3.04,0.0680448,2.58732
539,0.732236,0.174008,10,3.16,0.066353,2.84409
540,0.574935,0.170112,9,3.1,0.0662112,2.70091
541,0.754288,0.180874,10,3.24,0.0704951,2.87509
542,0.730859,0.220363,10,3.78,0.0666906,2.58341
543,0.687315,0.21038,9,3.98667,0.069281,2.54313
544,0.631786,0.20188,10,3.56667,0.0671666,2.6705
545,0.765833,0.227784,10,4.05333,0.0717624,2.88045
546,0.681709,0.19993,10,4.02667,0.0667045,2.82067
547,0.791204,0.212122,10,3.56667,0.0665725,2.64843
548,0.729273,0.218734,10,3.88667,0.067223,2.61413
549,0.778636,0.220489,10,3.88667,0.0658838,2.21908
550,0.748592,0.249627,10,4.31333,0.0662748,2.42221
551,0.593787,0.191851,9,3.53333,0.0679026,2.7009
552,0.770808,0.265887,10,4.49333,0.0653664,2.35676
553,0.614017,0.18842,8,3.3,0.0671887,2.66223
554,0.737716,0.179077,10,3.76667,0.0667371,2.25595
555,0.795651,0.163253,10,2.96667,0.066349,2.56887
556,0.735179,0.219013,10,3.92667,0.0687131,2.38114
557,0.674682,0.238362,9,3.74667,0.0688853,2.49353
558,0.698679,0.194423,10,4.43333,0.0687104,2.80618
559,0.630615,0.181068,8,3.44,0.0686245,2.7062
560,0.599126,0.171352,9,3.48,0.0688834,2.97062
561,0.724481,0.179465,10,4.00667,0.0689111,2.90014
562,0.758108,0.227979,10,4.44,0.0726109,2.55885
563,0.70642,0.166562,10,3.44,0.0713684,2.53264
564,0.86012,0.221186,10,4.43333,0.0652039,2.23764
565,0.871745,0.197609,10,3.73333,0.0688638,2.25739
566,0.636748,0.158504,9,2.95333,0.0666846,2.62805
567,0.715188,0.221118,9,3.72667,0.0681763,2.60514
568,0.638228,0.145777,9,2.99333,0.0629583,2.66188
569,0.594631,0.166341,9,3.23333,0.0660932,2.74307
570,0.702172,0.172019,9,3.34667,0.0661625,2.71153
571,0.582658,0.207895,10,3.59333,0.0696901,2.83925
572,0.657232,0.168659,10,3.40667,0.0663597,2.76253
573,0.721172,0.187557,10,3.45333,0.0669582,2.38148
574,0.648418,0.17492,10,3.33333,0.0676012,2.7424
575,0.772218,0.221682,10,4.2,0.0687367,2.61533
576,0.778592,0.25667,10,4.16,0.0709501,2.59656
577,0.573769,0.179758,10,3.41333,0.0677944,3.02426
578,0.592447,0.219924,10,3.95333,0.0709551,2.83626
579,0.645818,0.186943,8,3.33333,0.0653825,2.52197
580,0.80274,0.214816,10,3.83333,0.0698201,2.39816
581,0.623932,0.17976,10,3.32,0.0658897,2.71835
582,0.635903,0.152498,10,3.12,0.067706,2.74156
583,0.698009,0.160418,9,3.14,0.070773,2.6573
584,0.477819,0.149366,8,2.78667,0.0688991,3.03478
585,0.793221,0.226063,10,3.86,0.0665497,2.55319
586,0.725873,0.177708,10,3.44,0.0696832,2.90918
587,0.786647,0.226022,10,3.92,0.072602,2.64351
588,0.70414,0.194937,9,3.31333,0.065981,2.96235
589,0.642496,0.200928,10,3.39333,0.0669737,2.61803
590,0.713061,0.223163,10,3.60667,0.0680973,2.53499
591,0.71641,0.186021,10,3.30667,0.0661644,2.50279
592,0.631825,0.164046,9,3.04,0.137058,3.06949
593,0.585698,0.151778,9,2.94667,0.064305,2.79103
594,0.753654,0.209868,10,3.63333,0.0688761,2.86588
595,0.742319,0.233012,10,3.92667,0.0706906,2.79506
596,0.743858,0.183567,10,3.20667,0.0655229,2.51143
597,0.701741,0.229039,10,3.74667,0.0714188,2.51561
598,0.704321,0.182637,10,3.4,0.0661785,2.60635
599,0.689758,0.191894,9,3.37333,0.0672307,2.68615
600,0.535992,0.0936013,9,2.06,0.067434,2.93171
601,0.706227,0.192046,10,3.14667,0.0646252,2.47538
602,0.823896,0.245741,10,4.00667,0.0721594,2.61227
603,0.715973,0.195837,10,3.32,0.0670957,2.64475
604,0.679845,0.186748,10,3.37333,0.0724595,2.78735
605,0.673225,0.204904,10,3.48667,0.0665252,2.70754
606,0.707673,0.198005,10,3.38667,0.0644338,2.51904
607,0.787182,0.237184,10,3.92667,0.0709229,2.58375
608,0.752297,0.224354,10,3.68667,0.0679386,2.55699
609,0.725142,0.202541,10,3.58,0.070559,2.82167
610,0.770208,0.229607,10,3.67333,0.0691536,2.62586
611,0.718117,0.213669,10,3.51333,0.0682508,2.74382
612,0.687346,0.181841,9,3.12667,0.0686353,2.94508
613,0.686609,0.199379,9,3.53333,0.0720791,2.9723
614,0.673517,0.170259,9,2.78,0.069684,2.7443
615,0.80968,0.265812,10,4.09333,0.0688337,2.47166
616,0.592546,0.188616,10,3.20667,0.0674869,2.70083
617,0.687963,0.216895,9,3.82667,0.0702347,2.84901
618,0.676582,0.192482,9,3.09333,0.0663892,2.71653
619,0.719926,0.229406,10,3.76,0.065995,2.61214
620,0.631386,0.166117,9,2.8,0.064899,2.57789
621,0.632509,0.204044,10,3.38667,0.0639423,2.63022
622,0.64415,0.191794,8,3.22667,0.0665301,2.87921
623,0.660963,0.199054,10,3.34,0.0701525,2.68191
624,0.731937,0.244762,10,3.98667,0.0685439,2.6219
625,0.739847,0.231223,10,3.98,0.0693638,2.91997
626,0.837496,0.289039,10,4.66,0.0669618,2.31118
627,0.774787,0.224151,10,4.06667,0.0667382,2.55796
628,0.636594,0.190595,10,3.61333,0.0716459,2.94501
629,0.628388,0.191499,10,3.28667,0.0694952,3.02212
630,0.759527,0.246645,10,4.37333,0.0740505,2.8492
631,0.750237,0.240957,10,4.08,0.0676864,2.62447
632,0.78881,0.228836,10,4.02667,0.0726019,2.51628
633,0.690746,0.219753,10,3.88,0.0687796,2.5368
634,0.713366,0.21432,10,4.08667,0.157608,3.11711
635,0.8285,0.281628,10,4.34,0.0633482,2.24732
636,0.73849,0.223592,10,3.98667,0.0723302,2.56577
637,0.653503,0.179265,10,3.46667,0.0695655,2.8179
638,0.671041,0.228947,10,3.89333,0.0683476,2.82694
639,0.696992,0.201154,10,3.72667,0.0654908,2.64927
640,0.705089,0.201522,10,3.48,0.0704846,2.49371
641,0.779112,0.238172,10,4.07333,0.0651611,2.67808
642,0.585577,0.18772,10,3.23333,0.0675611,2.9791
643,0.833806,0.245729,10,4.01333,0.0639324,2.63955
644,0.646081,0.174534,9,3.13333,0.0686631,2.95266
645,0.770822,0.237558,10,4.04,0.0690825,2.88056
646,0.905003,0.24917,10,4.48,0.0708988,2.92582
647,0.811402,0.193095,10,3.41333,0.0708944,2.82931
648,0.646595,0.149195,9,2.68,0.0645025,2.73385
649,0.721885,0.208977,9,3.48667,0.0674966,2.59116
650,0.71267,0.236144,10,4,0.0684826,2.70998
651,0.797389,0.192488,10,3.64667,0.068594,2.68039
652,0.788336,0.212277,10,3.61333,0.0785575,2.54915
653,0.634475,0.182727,9,3.26667,0.0716354,2.99464
654,0.722499,0.188467,9,3.14,0.068251,2.6616
655,0.676952,0.216169,10,3.39333,0.0691651,2.37762
656,0.890151,0.233888,10,4.08,0.0747167,2.68629
657,0.736732,0.179339,10,3.42,0.0709075,2.69112
658,0.646616,0.187178,9,3.22,0.0672131,2.7093
659,0.879754,0.224398,10,3.61333,0.0708417,2.43429
660,0.708324,0.158174,10,2.92667,0.0708639,2.78046
661,0.761655,0.17177,10,2.94667,0.0663955,2.62043
662,0.715621,0.232711,9,3.86667,0.0666352,2.49823
663,0.679726,0.195437,10,3.38667,0.0680132,2.91093
664,0.839597,0.194584,10,3.62,0.0709175,2.98777
665,0.691053,0.193256,10,3.22667,0.06672,2.7141
666,0.731388,0.148713,9,2.55333,0.0686169,2.67279
667,0.629733,0.188359,9,3.32,0.0713073,2.80702
668,0.776046,0.226747,10,3.63333,0.0691538,2.66962
669,0.674022,0.228461,9,3.56,0.070562,2.51479
670,0.831669,0.225017,10,3.62,0.0747226,2.51337
671,0.737466,0.189769,9,3.28667,0.0666988,2.57729
672,0.726693,0.211337,9,3.35333,0.06517,2.76549
673,0.738541,0.229092,10,3.6,0.0641936,2.64969
674,0.761305,0.198539,10,3.33333,0.0698912,2.83404
675,0.773118,0.238966,10,3.82667,0.0694659,2.55448
676,0.758313,0.176627,10,3.41333,0.0739553,2.71353
677,0.797176,0.205442,10,3.34,0.0674475,2.86961
678,0.767764,0.163356,9,2.95333,0.0651875,2.44039
679,0.688207,0.205232,10,3.69333,0.073095,2.93007
680,0.761677,0.215995,10,3.85333,0.0704359,2.91015
681,0.685765,0.190572,10,3.24667,0.0631419,2.77093
682,0.658915,0.179408,10,3.43333,0.0683571,2.93259
683,0.780795,0.198986,10,3.31333,0.0672408,2.71744
684,0.671531,0.202828,10,3.30667,0.0663005,2.70911
685,0.840517,0.195685,10,3.36,0.0661434,2.42951
686,0.636389,0.183982,9,3.39333,0.0707975,2.7879
687,0.750199,0.220181,10,4.00667,0.0701522,2.67526
688,0.745217,0.224832,10,3.54667,0.0670954,2.33591
689,0.642591,0.193647,9,3.54,0.0681999,2.75391
690,0.764826,0.192806,9,3.22667,0.0671491,2.53938
691,0.717109,0.217523,10,3.67333,0.0837463,2.52303
692,0.876863,0.231208,10,3.66667,0.0687575,2.60583
693,0.708913,0.196593,10,3.17333,0.0697349,2.76425
694,0.692759,0.201212,10,3.28,0.0771744,2.71223
695,0.710661,0.206609,9,3.33333,0.0793889,2.84916
696,0.70899,0.229319,9,3.42667,0.0639061,2.56797
697,0.794036,0.241961,10,3.72667,0.0709734,2.50514
698,0.720436,0.161317,9,2.81333,0.0698556,2.84251
699,0.782001,0.231366,10,3.76,0.0677434,2.52296
700,0.714038,0.197945,10,3.49333,0.0656587,2.71472
701,0.837633,0.257544,10,4.11333,0.0678613,2.39389
702,0.655099,0.165741,9,2.94,0.0680327,2.82707
703,0.801193,0.218271,9,3.47333,0.0690689,2.55332
704,0.714224,0.214021,9,3.44,0.0695828,2.64677
705,0.671373,0.223259,10,3.46,0.0663564,2.66459
706,0.545006,0.144447,9,2.56667,0.0720525,2.99807
707,0.677448,0.22083,9,3.43333,0.0674131,2.86777
708,0.73648,0.239369,10,3.69333,0.0683682,2.90454
709,0.716602,0.185571,10,3.12667,0.0646995,2.88806
710,0.74877,0.24187,10,3.95333,0.067705,2.53871
711,0.653364,0.180454,9,2.98667,0.0703742,2.95182
712,0.911993,0.267307,10,4.09333,0.0735104,2.30802
713,0.77004,0.191607,10,3.09333,0.0641042,2.68352
714,0.664062,0.199002,9,3.34,0.0682723,2.75289
715,0.768344,0.188597,10,2.9,0.065625,2.65938
716,0.821175,0.229795,10,3.63333,0.0684608,2.45142
717,0.696297,0.203008,10,3.56,0.0694732,2.88324
718,0.778273,0.215317,10,3.48,0.063672,2.43384
719,0.862939,0.207488,10,3.58,0.0677157,2.62411
720,0.913508,0.229439,10,3.76,0.0749702,2.96637
721,0.69264,0.160816,9,2.78,0.0630931,2.4458
722,0.680532,0.189983,10,3.34667,0.0689082,2.71798
723,0.760809,0.20871,10,3.34667,0.0714327,2.74149
724,0.874337,0.175032,10,3.11333,0.066668,2.73502
725,0.797762,0.262923,10,4.07333,0.0820327,2.65853
726,0.727251,0.222147,10,3.62667,0.0664647,2.51502
727,0.939585,0.293986,10,4.48,0.0693315,2.50307
728,0.854487,0.323778,10,4.71333,0.0719082,2.26981
729,0.626764,0.161597,8,3,0.0678846,2.97158
730,0.76893,0.219691,10,3.67333,0.0634925,2.58025
731,0.786699,0.233042,10,3.86,0.0686038,2.83259
732,0.752445,0.217322,10,3.54,0.0689716,2.85931
733,0.828671,0.289638,10,4.45333,0.0703169,2.54837
734,0.741929,0.252826,10,4.12,0.0668985,2.61903
735,0.855411,0.243146,10,3.9,0.0718439,2.7446
736,0.797407,0.262391,10,3.96667,0.071534,2.48651
737,0.755404,0.233479,10,3.73333,0.0731116,2.98934
738,0.797062,0.2205,10,3.53333,0.0672555,2.62044
739,0.81903,0.231963,10,3.71333,0.0681307,2.69754
740,0.80552,0.207675,10,3.38667,0.0661088,2.67485
741,0.720596,0.212847,10,3.56667,0.0685714,2.57566
742,0.890282,0.225758,10,3.65333,0.0681807,2.43897
743,0.649362,0.207281,10,3.41333,0.0662626,2.65792
744,0.751987,0.215941,10,3.35333,0.0655128,2.50868
745,0.762246,0.282816,10,4.36,0.0656262,2.31235
746,0.749583,0.239811,10,3.89333,0.0707894,2.62719
747,0.626546,0.186265,9,2.92667,0.0673203,3.06465
748,0.841322,0.257806,10,4.06667,0.0696273,2.69949
749,0.778749,0.220594,10,3.53333,0.0662948,3.18519
750,0.333873,0.0907861,6,1.65333,0.0653584,3.22709
751,0.560522,0.133697,8,2.44667,0.0647856,2.98192
752,0.872706,0.225841,10,3.68,0.0681158,2.41445
753,0.777515,0.178086,10,3.27333,0.0643232,2.76927
754,0.826587,0.214468,10,3.52,0.0683689,2.39301
755,0.770438,0.179472,10,3.18,0.0692301,2.77674
756,0.725912,0.194293,10,3.25333,0.0682515,2.52589
757,0.686538,0.171344,9,2.96,0.0662999,2.61097
758,0.703568,0.172785,10,2.98667,0.0639383,2.55193
759,0.67426,0.153985,10,2.72667,0.0690277,2.84229
760,0.853763,0.211252,10,3.9,0.0697245,2.78888
761,0.636599,0.150386,9,2.72,0.0686432,2.58633
762,0.739249,0.20183,10,3.69333,0.0675826,2.94249
763,0.706931,0.205473,10,3.60667,0.067765,2.76071
764,0.685946,0.178531,8,2.92667,0.0659802,3.22986
765,0.77398,0.211614,10,3.44,0.0672557,2.87501
766,0.776718,0.205686,10,3.45333,0.0738919,3.22837
767,0.701338,0.193374,9,3.24667,0.0649301,2.97296
768,0.817874,0.182663,10,3.04,0.0695253,2.95689
769,0.760554,0.225061,10,3.80667,0.0688275,2.76508
770,0.603542,0.176768,9,3.03333,0.0676833,3.04092
771,0.831623,0.247751,10,3.89333,0.0664152,2.60142
772,0.680471,0.144001,10,2.50667,0.0666962,2.65872
773,0.838714,0.178559,10,3.16667,0.0701969,3.08242
774,0.768256,0.155959,10,2.82,0.0637557,2.37367
775,0.753032,0.197143,10,3.99333,0.0714113,2.96611
776,0.66663,0.173985,10,3.27333,0.0635126,2.74524
777,0.773528,0.222342,10,3.74667,0.0716228,2.84777
778,0.717614,0.147987,8,2.64,0.0701322,2.83994
779,0.711305,0.18458,9,3.1,0.0710657,3.12484
780,0.682904,0.184994,10,3.06667,0.0916771,2.94098
781,0.72769,0.199593,10,3.32667,0.0703455,2.84194
782,0.740601,0.217534,10,3.53333,0.0722157,2.8816
783,0.705875,0.193341,10,3.30667,0.0700671,2.85848
784,0.731222,0.173926,10,2.93333,0.0667543,2.97885
785,0.739724,0.190198,10,3.22,0.0671268,3.0941
786,0.463238,0.107906,8,2.09333,0.067427,3.27839
787,0.611438,0.166508,9,2.72,0.0690646,2.92953
788,0.800527,0.203011,10,3.14,0.0690115,2.56207
789,0.682793,0.175639,10,2.79333,0.0690489,2.61038
790,0.707015,0.196339,10,3.10667,0.064386,2.59998
791,0.709771,0.229989,10,3.55333,0.0668931,2.36098
792,0.646591,0.18303,9,2.80667,0.0660979,2.67044
793,0.727712,0.224341,9,3.47333,0.067853,3.03742
794,0.700248,0.186889,10,3.02,0.0680329,3.01536
795,0.703042,0.223522,10,3.35333,0.0658464,2.76079
796,0.820882,0.212811,10,3.28667,0.0714507,2.83483
797,0.742647,0.206117,9,3.44,0.0663309,2.8136
798,0.697591,0.192009,10,3.58,0.0681664,3.16705
799,0.680086,0.194988,10,3.20667,0.0659276,2.72378
800,0.854018,0.218332,10,3.77333,0.0729321,2.53247
801,0.774376,0.160785,10,3.28667,0.0730409,3.03389
802,0.649267,0.181378,10,3.36667,0.0658681,2.82611
803,0.802535,0.201047,10,3.61333,0.0647797,2.72385
804,0.671601,0.224752,9,3.57333,0.0651027,2.58002
805,0.816267,0.213745,10,3.56,0.0681059,2.98252
806,0.807082,0.188475,10,3.68,0.0673404,2.94653
807,0.809114,0.227549,10,3.92,0.0679133,2.91489
808,0.601954,0.166699,9,3.08,0.0667104,3.34689
809,0.631652,0.184642,10,3.07333,0.0665118,3.42218
810,0.74148,0.211358,10,3.81333,0.0700878,3.11888
811,0.858667,0.281369,10,4.52,0.0652826,2.66509
812,0.571687,0.146519,9,2.88667,0.0672749,3.02761
813,0.612366,0.201601,9,3.37333,0.0688398,3.13678
814,0.588247,0.177871,9,3.58,0.0691656,2.99837
815,0.679694,0.217318,9,3.72667,0.0684537,3.09418
816,0.726947,0.192816,9,3.61333,0.0771804,2.90962
817,0.779225,0.187695,10,3.1,0.0668499,2.87289
818,0.736295,0.209963,10,3.63333,0.0690473,3.2888
819,0.612923,0.193509,9,3.19333,0.0642973,3.24484
820,0.601858,0.162542,9,3.06667,0.0617062,3.26285
821,0.726254,0.234323,10,4.14667,0.0709716,3.01993
822,0.750138,0.237094,10,4.04,0.0685098,2.69498
823,0.75947,0.180385,10,3.32667,0.0658431,2.91644
824,0.680291,0.19345,10,3.46667,0.0665047,3.10231
825,0.720491,0.20513,10,3.52,0.07207,2.91673
826,0.616098,0.162242,10,2.98,0.0679218,2.90519
827,0.709167,0.192703,10,3.46,0.0683869,2.79722
828,0.814323,0.198873,10,3.76667,0.0679592,2.78449
829,0.702354,0.173518,10,3.26,0.0667822,3.18391
830,0.487092,0.132933,9,2.54667,0.0671261,3.23521
831,0.729836,0.186045,10,3.47333,0.0671502,3.04413
832,0.738919,0.179544,10,3.26,0.0675311,2.68018
833,0.645034,0.15217,10,2.95333,0.0660924,3.10675
834,0.592669,0.175897,9,3.20667,0.0688641,3.31833
835,0.804867,0.20834,10,3.6,0.0680025,2.68269
836,0.64342,0.165657,10,3.20667,0.067742,2.87634
837,0.679258,0.184141,10,3.35333,0.0670774,2.79068
838,0.8634,0.148854,10,2.63333,0.0667696,2.72194
839,0.752541,0.18124,10,3.54667,0.0686871,2.78074
840,0.691032,0.140992,10,3.07333,0.0711724,2.96236
841,0.72872,0.141937,9,2.82667,0.0683045,2.84302
842,0.770272,0.171252,10,3.26667,0.0721237,2.99306
843,0.860017,0.193575,10,3.54,0.0690433,2.99139
844,0.651711,0.194286,10,3.50667,0.0648438,3.1114
845,0.649548,0.254073,9,4.26,0.0682687,2.74941
846,0.779076,0.211873,10,3.64,0.0676941,2.89535
847,0.745564,0.198483,10,3.46,0.0673592,2.9177
848,0.577507,0.182863,9,3.09333,0.0688012,3.18951
849,0.544421,0.154242,9,3.01333,0.0659771,3.38195
850,0.822346,0.164848,10,3.48,0.069023,2.78242
851,0.731779,0.177645,10,3.28667,0.0704584,3.06167
852,0.650326,0.205685,10,3.50667,0.0706078,2.80723
853,0.791864,0.221156,10,4.04667,0.0727957,3.11668
854,0.705766,0.224439,10,4.05333,0.066784,2.55397
855,0.635069,0.162069,10,2.86667,0.0636032,2.75835
856,0.691539,0.168859,10,2.96667,0.0695577,3.10012
857,0.623551,0.191566,10,3.54667,0.0688189,2.78875
858,0.779098,0.17401,9,3.15333,0.0661164,2.83288
859,0.777279,0.220604,10,3.73333,0.0678193,2.55108
860,0.871257,0.212763,10,4.02667,0.0718286,3.18852
861,0.767223,0.206603,10,3.79333,0.0702772,2.72377
862,0.790115,0.231134,10,4.08667,0.0651601,2.58571
863,0.60981,0.165196,9,3.08667,0.068856,2.99255
864,0.553267,0.167166,9,3.21333,0.0685195,2.6835
865,0.807574,0.210411,10,3.74667,0.0690129,2.71285
866,0.72791,0.161738,10,3.50667,0.07208,3.21148
867,0.730553,0.180007,9,3.48667,0.0663553,2.94674
868,0.691814,0.185832,9,3.42,0.0687733,2.95582
869,0.709158,0.159131,10,3.21333,0.0682554,3.01234
870,0.749468,0.206588,10,3.89333,0.0672896,2.89727
871,0.771398,0.189705,10,3.78667,0.0706395,2.75776
872,0.569148,0.145721,10,2.64,0.0708623,2.99433
873,0.66446,0.153594,9,2.95333,0.0721021,3.02778
874,0.751346,0.189702,10,3.92,0.069188,2.87884
875,0.746292,0.150133,9,2.94667,0.0698136,3.19998
876,0.703241,0.171296,10,3.23333,0.0675163,2.53997
877,0.730402,0.168434,10,3.3,0.0682041,2.66326
878,0.640874,0.147493,10,3.14667,0.0692215,2.94032
879,0.686787,0.128745,9,2.74,0.0656459,2.96084
880,0.661355,0.166841,9,3.3,0.0710055,2.98289
881,0.754359,0.16075,10,2.98667,0.0692925,3.0602
882,0.666357,0.160329,10,3.24667,0.0669764,2.77055
883,0.679993,0.178032,9,3.25333,0.0665859,2.70307
884,0.707201,0.180742,10,3.39333,0.0664707,2.88517
885,0.556547,0.174125,9,3.05333,0.0678915,3.11231
886,0.657395,0.165161,10,3.10667,0.0676156,2.67344
887,0.657646,0.127447,10,2.78667,0.0809495,3.03453
888,0.653779,0.154941,9,3.04,0.0675138,2.87776
889,0.676554,0.197598,10,3.54667,0.0728499,3.0864
890,0.806943,0.177393,10,3.11333,0.070497,2.57808
891,0.605804,0.1579,10,3.03333,0.0671278,2.60179
892,0.662553,0.125516,10,2.63333,0.067964,2.68623
893,0.659918,0.168519,10,3.18667,0.0680568,2.60717
894,0.533947,0.148682,9,2.82,0.0692646,2.84218
895,0.773834,0.186378,10,3.64667,0.0692425,2.70132
896,0.752154,0.201737,10,3.78667,0.0698082,2.77616
897,0.699189,0.192055,10,3.82,0.0717665,3.11966
898,0.656773,0.167401,9,3.08,0.0695686,3.27905
899,0.739838,0.182853,10,3.44667,0.0704643,2.81276
900,0.625513,0.142565,10,2.9,0.0755279,3.14187
901,0.638562,0.14517,9,2.64667,0.0728884,2.66364
902,0.69475,0.161481,10,2.88,0.0683853,2.56723
903,0.631873,0.141398,10,2.57333,0.070103,3.18367
904,0.721939,0.185492,10,3.23333,0.0674343,2.61886
905,0.796819,0.21022,10,3.64667,0.0680151,2.75786
906,0.650571,0.194551,9,3.38,0.0678518,2.64821
907,0.727259,0.167524,9,3.08,0.0648519,2.66199
908,0.596678,0.199306,9,3.5,0.0672761,3.19176
909,0.589347,0.157864,8,2.85333,0.0643925,2.91398
910,0.707502,0.231562,10,4.20667,0.0665528,2.54339
911,0.593559,0.1598,9,2.92667,0.0672978,2.54064
912,0.791126,0.211363,10,3.76,0.0673674,2.39432
913,0.768759,0.196381,10,3.41333,0.0667056,2.27846
914,0.76122,0.171612,10,3.06667,0.0673294,2.50958
915,0.73292,0.221709,10,4.00667,0.0729316,2.71007
916,0.705283,0.21921,9,3.86667,0.0705595,2.48475
917,0.930828,0.246527,10,4.08667,0.0729949,2.43608
918,0.719435,0.228051,10,4.03333,0.0688584,2.45965
919,0.696093,0.1843,9,3.51333,0.0660461,2.55088
920,0.645446,0.163143,9,3.06,0.0647788,2.58266
921,0.781514,0.227515,10,4.13333,0.0803615,2.48264
922,0.589234,0.150687,9,2.67333,0.0647886,2.75465
923,0.760299,0.22633,10,3.89333,0.0668156,2.53518
924,0.837222,0.278573,10,4.67333,0.07054,2.28778
925,0.740797,0.24792,10,3.88667,0.0686868,2.32638
926,0.694406,0.216522,10,3.94667,0.0645026,2.41038
927,0.801509,0.214968,10,4.22667,0.0659268,2.46067
928,0.69641,0.201465,10,3.5,0.0709276,2.71473
929,0.665782,0.208112,10,3.58667,0.0685,2.72198
930,0.777089,0.213059,10,3.48,0.0651335,2.41486
931,0.720849,0.195306,9,3.26667,0.0700494,2.63733
932,0.862344,0.252201,10,3.91333,0.0744739,2.3128
933,0.730307,0.172624,10,3.14667,0.0699884,2.49413
934,0.817065,0.203342,10,3.64,0.0661201,2.19504
935,0.765354,0.218325,10,3.91333,0.0695515,2.64436
936,0.71058,0.21929,10,3.84667,0.0878588,2.41752
937,0.740923,0.194085,9,3.84667,0.0689789,2.73072
938,0.771001,0.27414,10,4.46667,0.0706233,2.41449
939,0.697263,0.18364,10,3.92667,0.0721812,3.09904
940,0.742101,0.194981,10,3.44667,0.0716952,2.49065
941,0.620739,0.153069,10,3.04,0.0638168,2.65554
942,0.77971,0.243348,10,4.09333,0.0716983,2.66302
943,0.832126,0.234612,10,4.12667,0.0688572,2.6607
944,0.747653,0.197211,9,3.32,0.0645408,2.62747
945,0.75465,0.276615,10,4.59333,0.068876,2.54297
946,0.768092,0.208445,10,3.95333,0.0684599,2.47116
947,0.638172,0.169093,9,3.30667,0.0653516,2.80866
948,0.813002,0.257748,10,4.64667,0.0670458,2.72221
949,0.786263,0.277357,10,4.36667,0.0708372,2.65676
950,0.707725,0.206474,10,3.82667,0.0708294,2.57652
951,0.725949,0.199452,10,3.19333,0.0676153,2.74599
952,0.489098,0.156523,9,2.84667,0.0629692,2.58936
953,0.714306,0.243865,10,4.36,0.0728754,2.52294
954,0.790533,0.228729,10,4.13333,0.0741074,2.67987
955,0.83177,0.243346,10,4.12667,0.0696028,2.68976
956,0.748794,0.219587,10,3.58667,0.0673188,2.72086
957,0.721955,0.214242,10,3.73333,0.07053,2.73324
958,0.64769,0.218894,10,4.16667,0.0810897,2.63584
959,0.779182,0.235466,10,3.96,0.0754042,2.71653
960,0.606804,0.176248,10,3.20667,0.0684531,2.59847
961,0.681198,0.161304,10,3.24667,0.0673147,2.51056
962,0.732559,0.180702,10,3.42,0.0642411,2.6133
963,0.556458,0.166525,10,3.17333,0.0665794,2.73099
964,0.639007,0.174637,10,3.57333,0.0768566,2.67096
965,0.728763,0.220116,10,3.70667,0.0674244,2.49714
966,0.605122,0.153151,9,2.97333,0.0665134,2.91332
967,0.597535,0.152218,9,3.39333,0.0698077,3.00899
968,0.800318,0.201975,10,3.74,0.0715672,2.58711
969,0.714802,0.219832,10,4.12667,0.0748953,2.74552
970,0.722299,0.184676,10,3.52,0.0673416,2.8544
971,0.898837,0.217174,10,3.72,0.0715756,2.62468
972,0.70527,0.205402,10,3.82667,0.0655974,2.52975
973,0.662311,0.197112,10,3.77333,0.0709682,2.75022
974,0.689214,0.228522,10,3.92,0.0726743,2.75085
975,0.821016,0.19182,10,3.58667,0.0944458,2.56425
976,0.656258,0.150079,9,3.02667,0.0663342,2.77727
977,0.73916,0.178616,10,3.11333,0.0664432,2.69314
978,0.766789,0.204583,9,3.67333,0.071031,2.63143
979,0.620343,0.118773,10,2.85333,0.0709301,3.36396
980,0.675966,0.129516,9,2.56,0.0657003,3.17039
981,0.645462,0.189905,10,3.68,0.0687769,2.85188
982,0.626944,0.193678,10,3.62,0.0674952,2.82078
983,0.498351,0.135327,8,2.86,0.0696661,3.06123
984,0.727629,0.204112,10,3.8,0.067253,2.92693
985,0.789765,0.17681,10,3.68,0.0693762,2.83808
986,0.601668,0.148698,10,2.72,0.0692582,2.96145
987,0.546896,0.171475,9,3.28,0.0699007,3.04169
988,0.832416,0.17606,10,3.08,0.0692147,3.12044
989,0.666486,0.14888,10,3.00667,0.0661076,3.01303
990,0.639782,0.149009,9,2.84667,0.0680271,2.85716
991,0.555725,0.15882,9,2.99333,0.0664048,2.69909
992,0.841252,0.200709,10,3.44667,0.069235,2.57105
993,0.592168,0.163913,10,3.18667,0.0674402,2.70984
994,0.697184,0.181384,10,3.26667,0.0731086,2.67995
995,0.619913,0.141242,9,2.71333,0.0653047,2.75719
996,0.710203,0.192783,10,3.48667,0.0785226,2.88857
997,0.765837,0.177259,10,3.34,0.0684753,2.63549
998,0.570212,0.170942,9,3.32,0.0657847,2.70525
999,0.780372,0.170144,10,3.34667,0.0712962,2.75131
1000,0.697651,0.261758,10,4.29333,0.0672823,2.38801
