1,0.112368,0.00257849,5,0.153333,0.0749065,1.34079
2,0.363075,0.0132846,5,0.36,0.0717014,1.12822
3,0.287364,0.00885265,5,0.28,0.0670024,1.4232
4,0.0348365,0.00228206,4,0.313333,0.0686784,1.31306
5,0.151087,0.00936648,4,0.686667,0.0699874,0.999528
6,0.24199,0.0138491,4,1.16667,0.0658757,1.14855
7,0.113863,0.014511,7,1.25333,0.0681784,1.22303
8,0.164337,0.0100697,3,0.406667,0.067373,0.966747
9,0.182345,0.0131341,3,0.406667,0.0698491,0.934223
10,0.161179,0.0114677,3,0.5,0.0662769,1.10632
11,0.307634,0.0266511,8,1.24,0.0635306,1.07622
12,0.208238,0.0124839,6,0.8,0.0722407,1.50867
13,0.111226,0.0105527,4,0.76,0.0668944,1.27954
14,0.301402,0.0486246,7,1.59333,0.0701436,1.33931
15,0.362019,0.0355276,6,1.10667,0.064905,1.12062
16,0.27326,0.0351736,6,1.33333,0.0677485,1.18653
17,0.198155,0.0231048,4,0.846667,0.0647421,1.16812
18,0.1833,0.0121531,4,0.773333,0.0672845,0.959516
19,0.190547,0.0335641,7,1.08,0.0679095,1.38903
20,0.102989,0.00944633,4,0.786667,0.0669064,1.08645
21,0.276739,0.0495565,6,1.74,0.0699254,1.10587
22,0.221557,0.0324006,7,1.24,0.0644351,1.41373
23,0.204838,0.0282399,9,1.74667,0.0659976,1.54553
24,0.25177,0.0255901,8,1.91333,0.0665947,1.48434
25,0.333531,0.0388032,9,2.14,0.0767609,1.681
26,0.296126,0.0485885,9,2.37333,0.070025,1.52065
27,0.264678,0.0311423,7,2.02,0.0665316,1.55931
28,0.217986,0.027334,5,1.02667,0.0669065,1.952
29,0.34631,0.0420267,8,2.22,0.0702194,1.85465
30,0.206612,0.0261941,6,1.33333,0.0683062,1.53697
31,0.122412,0.0151181,5,0.766667,0.0649802,1.4362
32,0.123455,0.0210019,5,1.22,0.0684905,1.27835
33,0.304068,0.0318745,7,1.60667,0.0676665,1.50039
34,0.112127,0.0168616,6,1.18667,0.0684531,1.4688
35,0.351578,0.0679672,5,1.76667,0.0671801,1.45971
36,0.201682,0.0396908,6,1.48667,0.0674505,1.478
37,0.299383,0.0151765,6,1.35333,0.0692132,1.6858
38,0.198953,0.0245865,7,1.45333,0.0676836,1.89164
39,0.306955,0.0550104,8,2.56,0.0687502,1.78468
40,0.361903,0.0635273,8,2.1,0.0698912,1.767
41,0.288074,0.0549952,8,2.10667,0.068244,1.73
42,0.308517,0.0354584,9,1.65333,0.066496,1.94957
43,0.419055,0.0418141,8,2.20667,0.0693573,2.01907
44,0.301201,0.0455685,7,2.04,0.0684709,1.8445
45,0.3012,0.0506214,9,2.18667,0.0673162,2.02379
46,0.366311,0.0608614,9,2.06667,0.0645121,1.87707
47,0.290144,0.0640599,9,2.51333,0.0877486,2.71832
48,0.286072,0.0517497,8,1.96,0.0631301,2.20361
49,0.124422,0.0269488,7,1.69333,0.0680286,2.38557
50,0.281753,0.0423309,10,2.39333,0.0662451,1.81264
51,0.397274,0.0660584,9,2.19333,0.0720242,2.05226
52,0.168629,0.0268044,8,2.01333,0.0672401,2.42571
53,0.372166,0.0414423,9,2.34667,0.0674091,2.06627
54,0.28687,0.0444916,8,1.83333,0.065767,2.13874
55,0.338179,0.0328289,8,1.61333,0.0673422,2.0385
56,0.40814,0.0676341,10,2.94667,0.0680223,2.24425
57,0.327918,0.0662285,7,2.42667,0.0692747,2.26004
58,0.375546,0.0649496,9,2.46,0.0667181,2.87528
59,0.349418,0.066646,9,2.42667,0.0648823,2.78459
60,0.423597,0.078299,8,2.79333,0.0700879,2.69479
61,0.417936,0.0765909,8,2.44,0.0634308,2.78602
62,0.442778,0.0736688,7,2.16667,0.0697496,3.22873
63,0.349528,0.0714742,7,2.21333,0.0710722,2.68391
64,0.390048,0.0725596,7,2.32667,0.0645567,2.66801
65,0.506263,0.0890881,8,2.22667,0.0685241,2.61609
66,0.470128,0.0916,8,2.44667,0.0713586,3.16698
67,0.61857,0.09208,9,2.31333,0.0685583,3.08565
68,0.422577,0.0994228,7,2.3,0.0650761,2.73232
69,0.612645,0.152642,9,3.3,0.0681809,2.30993
70,0.25791,0.0468848,5,1.24,0.0660296,3.01138
71,0.550481,0.119834,9,2.6,0.0682016,2.46149
72,0.501092,0.0960841,8,2.24,0.0717284,2.30717
73,0.590752,0.0956569,9,2.17333,0.0677346,2.28153
74,0.665712,0.126625,9,2.78,0.0658311,2.46959
75,0.606008,0.156925,9,3.22667,0.0677808,2.36424
76,0.589739,0.0989463,8,2.34,0.0709866,2.55441
77,0.607457,0.0948664,9,2.38,0.0950506,2.59577
78,0.363919,0.0667131,6,1.82,0.0682147,2.60106
79,0.602405,0.100817,8,2.58,0.0724044,2.88234
80,0.403853,0.0915048,8,2.2,0.0688598,2.7517
81,0.534866,0.0842321,9,2.22,0.0690161,2.54195
82,0.419642,0.0736466,9,1.81333,0.0644801,2.96603
83,0.268717,0.0441889,8,1.38,0.0653759,2.92175
84,0.444598,0.108445,9,2.65333,0.0691823,3.47473
85,0.49505,0.108363,9,2.82,0.0707303,2.86229
86,0.505852,0.0816179,9,2.12,0.0702609,2.93989
87,0.576059,0.0587311,10,1.66667,0.0665192,2.95585
88,0.395317,0.0765223,8,2.41333,0.0675644,2.64606
89,0.592902,0.112622,10,2.86,0.0659321,2.26308
90,0.459824,0.081806,7,2.15333,0.0953738,2.77522
91,0.498563,0.0960368,8,2.48667,0.0701654,2.63752
92,0.406245,0.0676963,7,1.6,0.0652852,2.02728
93,0.44641,0.0882586,7,1.88,0.0680365,2.51706
94,0.531121,0.117979,8,2.61333,0.0711607,2.44981
95,0.432651,0.0564171,8,1.52,0.0737056,2.6451
96,0.456733,0.0681112,7,1.80667,0.0724083,2.69468
97,0.465033,0.0758141,7,1.94,0.0692707,2.70248
98,0.464108,0.0797602,8,2.32667,0.0688143,2.37758
99,0.49892,0.0744772,7,2.22667,0.0667983,2.62866
100,0.524081,0.118349,8,2.42667,0.0663883,2.31039
101,0.477887,0.081952,8,2.24667,0.0641372,2.579
102,0.456185,0.0590152,7,1.44,0.0688003,2.94711
103,0.380663,0.0543716,6,1.40667,0.0654921,2.72179
104,0.558958,0.106977,8,2.34667,0.0684161,2.64383
105,0.483692,0.123322,8,2.64,0.069131,2.91827
106,0.486145,0.103129,7,2.48667,0.0684367,3.12673
107,0.427099,0.0963933,8,2.51333,0.0717614,3.16608
108,0.309313,0.0645018,8,1.86,0.0665414,2.86773
109,0.655742,0.11177,9,2.48667,0.0673908,2.64432
110,0.576078,0.0778514,8,2.08,0.0669048,2.68107
111,0.430645,0.0749067,7,2.11333,0.0772496,2.45079
112,0.408564,0.0618148,8,1.67333,0.065524,3.09784
113,0.424065,0.081863,7,1.96667,0.0673629,2.95647
114,0.509231,0.10008,8,2.44,0.0671942,2.77351
115,0.457109,0.102151,7,2.12667,0.0634078,3.02589
116,0.552169,0.12407,9,2.74667,0.0736283,2.96249
117,0.448701,0.0808885,7,2.05333,0.0660289,3.00266
118,0.608642,0.13638,9,3.23333,0.0669989,2.6869
119,0.385672,0.0540647,7,1.62667,0.0718375,2.82858
120,0.365391,0.0684802,7,2.20667,0.0694223,2.75866
121,0.47939,0.0928596,7,2.3,0.0648697,2.74678
122,0.360614,0.071521,6,1.64,0.0663087,2.60451
123,0.471289,0.0767284,8,2.42,0.0704796,2.84976
124,0.53513,0.0976956,10,2.56,0.0705971,2.68218
125,0.575161,0.0995002,8,2.27333,0.0676057,2.7961
126,0.35897,0.0575608,7,1.84667,0.0676542,2.97802
127,0.344184,0.0463818,7,1.82667,0.0671379,3.00315
128,0.539483,0.0925783,9,2.33333,0.0666684,3.14837
129,0.304675,0.0617771,8,2.12,0.0742619,3.42013
130,0.727463,0.119532,10,2.90667,0.0703988,2.59163
131,0.530371,0.0714393,9,2.46,0.0680072,3.21035
132,0.392457,0.0882035,9,2.36667,0.0690287,2.75239
133,0.353115,0.0512625,9,2.05333,0.0701767,2.71657
134,0.462525,0.0845929,9,2.48,0.0707354,3.06411
135,0.44156,0.0795278,7,2.30667,0.0677918,2.64084
136,0.514418,0.108198,10,2.72,0.0660055,3.15121
137,0.427162,0.104679,8,2.86,0.0687445,3.33344
138,0.463099,0.0960021,9,2.50667,0.0690483,3.06398
139,0.435004,0.119786,9,3.03333,0.069426,3.04075
140,0.480845,0.103209,9,2.56667,0.0688708,2.87488
141,0.590411,0.14616,9,3.15333,0.0663899,2.90322
142,0.5195,0.103432,9,2.58,0.0694185,2.93597
143,0.481729,0.101887,9,2.46667,0.0652093,2.6229
144,0.676848,0.0954039,10,2.9,0.0707227,2.82364
145,0.532001,0.124192,9,3.16667,0.0665382,2.71794
146,0.445068,0.0950149,8,2.46,0.0672346,2.66797
147,0.435456,0.0935407,8,2.11333,0.0705996,2.72394
148,0.68268,0.13531,9,3.08,0.0703753,2.70937
149,0.523715,0.0954624,9,2.27333,0.0672921,2.4832
150,0.654493,0.095906,10,2.46,0.0680059,2.52208
151,0.550369,0.0925928,8,2,0.0620968,2.13579
152,0.395061,0.109418,8,2.31333,0.0682933,2.79848
153,0.787105,0.188282,10,3.41333,0.0711159,2.58665
154,0.510502,0.117151,9,2.50667,0.069325,2.64665
155,0.639465,0.149818,9,3.07333,0.0715851,2.74131
156,0.645878,0.144016,10,3.19333,0.067364,2.68206
157,0.65141,0.125156,9,2.60667,0.0671421,2.66515
158,0.714478,0.152231,10,3,0.0666497,2.81491
159,0.544374,0.11345,9,2.54667,0.0681888,2.7948
160,0.663144,0.13955,10,3.09333,0.065755,2.57383
161,0.754053,0.166304,9,3.34667,0.0659545,2.4975
162,0.71153,0.190619,10,3.70667,0.0728466,2.85617
163,0.608428,0.100884,9,2.37333,0.0673172,3.0505
164,0.61879,0.130883,9,2.70667,0.0656058,2.77961
165,0.552022,0.174758,9,3.24667,0.0713403,3.02485
166,0.590576,0.149544,10,3.41333,0.0755201,3.13823
167,0.514707,0.168797,9,3.35333,0.0644739,3.14127
168,0.668462,0.179695,10,3.38,0.0703446,3.15109
169,0.584602,0.106199,9,2.34,0.0758551,3.57862
170,0.768598,0.201091,10,3.75333,0.084542,2.88754
171,0.618489,0.175181,9,3.38667,0.0674795,3.12073
172,0.589829,0.179911,9,3.16,0.0679048,3.33234
173,0.501272,0.140206,8,2.81333,0.067564,3.2066
174,0.752857,0.220907,10,4.28667,0.0685849,2.92266
175,0.647119,0.178251,9,3.24667,0.0640321,2.67029
176,0.674471,0.228818,10,4.08667,0.0701515,2.76376
177,0.618414,0.177742,10,3.64667,0.0684933,2.93267
178,0.618276,0.138723,10,3.16667,0.0695315,2.92922
179,0.724879,0.122548,9,2.5,0.0687911,3.41178
180,0.750218,0.154055,10,2.86,0.063543,2.96405
181,0.641878,0.14463,9,2.92,0.0666258,3.04044
182,0.719494,0.174958,9,3.28667,0.0681196,2.81054
183,0.567969,0.14536,9,3.06,0.0658892,3.00853
184,0.817919,0.205416,10,3.79333,0.0676016,2.74255
185,0.674915,0.151742,9,2.94,0.0702028,2.83877
186,0.675895,0.181512,9,3.52667,0.0695783,2.52815
187,0.632343,0.205728,10,3.82,0.0714738,2.85059
188,0.782534,0.236178,10,3.86667,0.0638959,2.29239
189,0.724182,0.158871,10,3.42,0.0696593,2.79028
190,0.733108,0.200573,10,3.52,0.0698878,2.41374
191,0.73637,0.203574,10,3.86667,0.0756229,2.64065
192,0.449275,0.0844296,8,2.08,0.0662288,2.80438
193,0.794718,0.152837,10,2.76667,0.070861,2.33426
194,0.696892,0.169605,10,3.35333,0.0696822,2.54075
195,0.375773,0.090678,6,1.96667,0.0651499,3.02822
196,0.576483,0.119473,9,2.31333,0.0658335,2.5442
197,0.650754,0.135377,9,2.66,0.0655798,2.1255
198,0.517326,0.125138,9,2.53333,0.0676097,2.42782
199,0.711951,0.155186,10,2.98,0.0672036,2.63276
200,0.583257,0.135008,10,2.69333,0.0668055,2.42315
201,0.717008,0.166243,9,2.97333,0.0655064,2.62204
202,0.83204,0.205686,10,3.57333,0.0705147,2.20282
203,0.669309,0.161831,9,2.93333,0.0649341,2.31699
204,0.536898,0.123282,8,2.44,0.0691145,3.01973
205,0.733298,0.190788,9,3.70667,0.070292,2.71324
206,0.610487,0.155159,9,2.91333,0.0625789,2.5993
207,0.805434,0.187111,10,3.54,0.0679698,2.33853
208,0.648085,0.151082,9,2.86667,0.0677817,2.8604
209,0.727407,0.138808,10,3.28667,0.0665639,2.74238
210,0.82294,0.214876,10,3.99333,0.0715855,2.66721
211,0.553492,0.11873,9,2.44667,0.0635542,2.81223
212,0.792315,0.156882,9,3.18667,0.0674494,2.71934
213,0.621067,0.141208,9,3.20667,0.066547,3.0845
214,0.862914,0.202152,10,3.72,0.0661129,2.9212
215,0.685024,0.171688,10,3.36667,0.066334,2.78488
216,0.565766,0.151189,9,3.24667,0.0677239,2.73777
217,0.647938,0.149983,9,3,0.0703376,2.51907
218,0.724532,0.150493,10,2.7,0.0654608,2.65306
219,0.610689,0.160451,9,3.11333,0.0650364,2.42223
220,0.655506,0.177182,9,3.12667,0.0650626,2.70504
221,0.63056,0.18177,10,3.57333,0.0671674,2.69463
222,0.667649,0.1705,10,3.29333,0.0678426,2.64043
223,0.731361,0.187985,9,3.46667,0.0692185,2.85519
224,0.626759,0.157908,10,3.1,0.0652417,2.57249
225,0.75529,0.233359,10,4.16667,0.0712716,2.55372
226,0.7008,0.184723,10,3.59333,0.0693774,2.6943
227,0.770335,0.174643,10,3.33333,0.0656096,2.67313
228,0.807887,0.200824,10,3.69333,0.0703673,2.6766
229,0.728026,0.169765,10,3.34667,0.0683762,2.45304
230,0.603936,0.155139,9,3.04667,0.0688876,2.66427
231,0.688425,0.163242,9,3.08667,0.0708246,2.78225
232,0.741541,0.256072,9,4.20667,0.0691729,2.25212
233,0.805063,0.24567,10,4.24667,0.0662007,2.62009
234,0.748542,0.232115,10,3.68667,0.0684902,2.58676
235,0.776547,0.236169,10,3.97333,0.0670101,2.37357
236,0.807402,0.205672,10,3.27333,0.067659,2.32248
237,0.857093,0.260255,10,4.18667,0.0708815,2.40387
238,0.677481,0.212363,9,3.4,0.0662051,2.49209
239,0.721486,0.199254,10,3.3,0.0664243,2.48983
240,0.730018,0.190013,10,3.26667,0.0707341,2.54433
241,0.829962,0.205199,10,3.70667,0.0662958,2.42728
242,0.73944,0.223831,10,3.94,0.0723927,2.73846
243,0.659776,0.183323,9,3.36,0.0660034,2.79477
244,0.69639,0.15611,10,3.28,0.0692421,2.70963
245,0.758615,0.245802,10,4.5,0.0666082,2.60419
246,0.728914,0.213716,10,3.92,0.0676338,2.67849
247,0.807477,0.22742,10,3.99333,0.0695166,2.80518
248,0.700561,0.207259,9,3.83333,0.0676345,3.01849
249,0.726634,0.239299,9,4.06667,0.0722271,3.02909
250,0.771801,0.208528,10,4.06,0.0700587,3.01989
251,0.597068,0.179823,9,3.44,0.0683845,3.13222
252,0.705297,0.278824,9,4.54667,0.0672912,2.74074
253,0.725411,0.238506,10,4.17333,0.0673273,2.51284
254,0.570824,0.150562,8,2.89333,0.066045,3.01418
255,0.568557,0.197313,9,3.49333,0.072707,3.06837
256,0.756944,0.195457,9,3.27333,0.0671929,2.89185
257,0.669756,0.194717,10,3.3,0.0638494,2.71011
258,0.655062,0.188096,10,3.32667,0.071317,3.03605
259,0.637019,0.17372,10,3.08667,0.0695341,3.07731
260,0.735396,0.19661,10,3.64,0.0667641,2.88167
261,0.655874,0.191753,10,3.32,0.0656163,2.92781
262,0.663392,0.176678,9,3.30667,0.0654656,2.83733
263,0.638669,0.163348,10,3.38667,0.0673295,2.76644
264,0.71457,0.197151,10,3.67333,0.0644485,2.63831
265,0.802611,0.180037,10,3.74667,0.066296,2.86108
266,0.739889,0.235894,10,4.50667,0.0673106,2.83589
267,0.647017,0.194543,9,3.73333,0.0664536,2.55883
268,0.725491,0.234377,10,4.33333,0.0677537,2.70722
269,0.819762,0.222714,10,4.15333,0.0696075,2.57272
270,0.719049,0.201157,10,3.79333,0.0681903,3.02738
271,0.597167,0.211754,9,3.93333,0.0700166,2.92411
272,0.816955,0.195042,9,3.72667,0.0679541,2.68728
273,0.623209,0.160413,8,3.24667,0.0765366,2.52327
274,0.644462,0.157685,9,3.22667,0.0644246,2.63952
275,0.662125,0.196076,10,3.48667,0.0681554,2.85903
276,0.712802,0.206083,10,4.11333,0.0690615,2.77139
277,0.724978,0.170047,10,3.42667,0.0695081,2.64922
278,0.700306,0.20471,10,3.65333,0.0684459,2.49732
279,0.648683,0.190589,10,3.43333,0.0669098,2.6889
280,0.702988,0.197443,10,3.42,0.0684919,2.81245
281,0.706319,0.205864,10,3.72667,0.0692382,2.77642
282,0.786527,0.266663,10,4.58,0.0701231,2.58575
283,0.720428,0.263565,10,4.54667,0.0691265,2.86017
284,0.663932,0.248054,9,4.11333,0.0671554,2.74126
285,0.82211,0.246519,10,4.6,0.0716285,2.5595
286,0.612124,0.206726,10,3.97333,0.0693122,2.83436
287,0.827271,0.287342,10,4.81333,0.0688326,2.44341
288,0.662104,0.233517,10,3.94,0.0682975,2.42117
289,0.755388,0.230296,10,3.96667,0.070925,2.58356
290,0.860345,0.266448,10,4.64,0.0672382,2.46332
291,0.817528,0.269729,10,4.63333,0.0685004,2.51336
292,0.690323,0.216161,9,3.85333,0.0678212,2.29468
293,0.742304,0.206538,10,3.23333,0.0657573,2.63163
294,0.760586,0.230622,10,4.08,0.0675994,2.51619
295,0.64548,0.17043,10,3.04,0.0695262,2.66628
296,0.782103,0.248512,10,4.36,0.0699743,2.51015
297,0.705077,0.226642,9,4.06667,0.0666761,2.73806
298,0.772884,0.272196,10,4.53333,0.0704866,2.56833
299,0.744668,0.217947,10,3.86,0.0679364,2.84951
300,0.74623,0.223721,10,3.85333,0.0676561,2.55813
301,0.69241,0.171515,10,3.48,0.0648837,2.58542
302,0.787005,0.251414,10,3.96667,0.0717148,2.26072
303,0.64742,0.23373,10,3.92,0.06674,2.71056
304,0.738153,0.236159,10,3.74667,0.0673869,2.73249
305,0.64039,0.196033,9,3.64667,0.0671409,3.15244
306,0.794374,0.274009,10,4.53333,0.0827559,2.73997
307,0.767655,0.242371,9,4.18,0.0670147,2.71553
308,0.592427,0.182437,10,3.56,0.0636238,3.03153
309,0.65616,0.182591,10,3.56,0.0689101,3.02086
310,0.708174,0.219308,10,4.21333,0.0661559,2.57109
311,0.769902,0.239211,10,4.36,0.067136,2.73934
312,0.672026,0.234204,10,4.22667,0.0690559,2.60754
313,0.747131,0.227452,10,4.28667,0.0729884,2.63756
314,0.737138,0.216824,10,4.24,0.0703134,2.9306
315,0.781813,0.168055,9,3.02667,0.0672558,2.76802
316,0.742966,0.259345,10,4.34,0.067124,2.54146
317,0.67522,0.186011,10,3.61333,0.0685923,2.8396
318,0.767591,0.244964,10,4.20667,0.0671214,2.47356
319,0.659448,0.184241,10,3.68667,0.0682145,2.91593
320,0.683164,0.204528,10,3.8,0.0702639,2.95147
321,0.737852,0.23964,10,4.47333,0.0693332,2.62974
322,0.817315,0.240952,10,4.52667,0.0716574,2.68405
323,0.677844,0.209207,10,4.08,0.0658777,2.65205
324,0.770789,0.194047,10,3.98,0.0704233,2.82719
325,0.837987,0.249359,10,4.5,0.0668504,2.59281
326,0.837778,0.242625,10,4.58667,0.0690869,2.52246
327,0.770405,0.267857,10,4.64667,0.0703435,2.29741
328,0.780531,0.248035,10,4.34667,0.0680204,2.52699
329,0.719788,0.185823,10,3.48,0.0670473,2.81326
330,0.789526,0.253827,10,4.62,0.0652885,2.6874
331,0.8696,0.306421,10,5.24667,0.0685883,2.35939
332,0.720732,0.199761,10,3.8,0.0665074,2.5522
333,0.795466,0.240394,10,4.1,0.0677117,2.32796
334,0.748043,0.230291,10,4.42,0.0678917,2.20236
335,0.733613,0.248349,10,4.40667,0.0694877,2.54329
336,0.751355,0.240406,10,4.40667,0.0701404,2.38204
337,0.655514,0.189258,10,3.5,0.0656946,2.63127
338,0.69719,0.240649,10,4.16667,0.0684724,2.5586
339,0.815612,0.247892,10,4.38667,0.0679379,2.23579
340,0.771113,0.202332,10,3.83333,0.0685601,2.76978
341,0.797647,0.312793,10,5.24,0.0731655,2.70865
342,0.717381,0.247925,10,4.43333,0.0694376,2.68592
343,0.670234,0.237721,10,4.20667,0.0666215,2.59374
344,0.782673,0.284321,10,4.89333,0.0673107,2.57422
345,0.657835,0.190005,10,3.78667,0.0642705,2.90121
346,0.70566,0.226893,10,4.10667,0.0683688,2.82543
347,0.549598,0.19249,9,3.64667,0.0668296,2.83364
348,0.739972,0.209834,10,3.84667,0.069564,2.6992
349,0.795627,0.218665,10,4.23333,0.0663223,2.60896
350,0.694659,0.239628,10,4.6,0.069219,2.63884
351,0.693513,0.275662,10,5.11333,0.0690108,2.89286
352,0.808452,0.28675,10,4.90667,0.0695444,2.69727
353,0.641075,0.178915,10,3.63333,0.0636152,3.02349
354,0.71929,0.214453,9,3.82667,0.0675423,2.91834
355,0.785065,0.242697,10,4.34667,0.0665474,2.7074
356,0.689333,0.165864,10,3.55333,0.0677901,3.02188
357,0.763602,0.197064,10,3.60667,0.0684539,2.70056
358,0.745307,0.199984,10,4.02667,0.0665048,2.82828
359,0.699607,0.201561,10,3.84667,0.067283,2.9563
360,0.611647,0.196531,10,3.98667,0.0651233,2.65898
361,0.536099,0.176839,8,3.26,0.0629446,2.96972
362,0.749619,0.252994,10,4.91333,0.071085,2.71821
363,0.756715,0.213785,10,3.90667,0.0682317,2.67804
364,0.744468,0.200671,10,3.7,0.0658413,2.70625
365,0.778494,0.248396,10,4.48667,0.0687001,2.25684
366,0.734035,0.191316,10,3.65333,0.0657336,2.3961
367,0.684034,0.204609,9,3.67333,0.0711578,2.75392
368,0.697744,0.199466,10,3.70667,0.0688169,2.44014
369,0.709335,0.208807,10,3.54,0.0671198,2.60525
370,0.711385,0.231916,10,4.30667,0.0689423,2.55987
371,0.700827,0.233831,10,4.22,0.068436,2.67141
372,0.629987,0.209034,9,3.81333,0.0684935,2.6127
373,0.713926,0.201178,10,3.56,0.0686687,2.61021
374,0.878106,0.262712,10,4.54667,0.0749765,2.55315
375,0.699716,0.227763,10,4.2,0.0675128,2.23609
376,0.726185,0.185968,10,3.38667,0.0629082,2.59891
377,0.712349,0.230003,10,4.23333,0.0670043,2.24933
378,0.742989,0.190083,10,3.56,0.0696542,2.5981
379,0.726918,0.210481,10,4.36,0.0688463,2.46416
380,0.578034,0.146622,9,3,0.0643036,2.86001
381,0.792212,0.25347,10,4.63333,0.0643891,2.20383
382,0.678459,0.219693,9,4.06667,0.0695403,2.72465
383,0.449536,0.10323,8,2.24,0.0626179,2.99013
384,0.742466,0.156243,10,3.21333,0.0687002,2.79303
385,0.765355,0.222095,10,4.13333,0.0709921,2.21476
386,0.712548,0.219288,10,4.56667,0.0695372,2.498
387,0.763291,0.181152,10,3.61333,0.0667439,2.33341
388,0.712832,0.217936,10,3.74667,0.0681368,2.46753
389,0.733269,0.264802,10,4.48,0.0676458,2.43542
390,0.735309,0.27454,10,4.87333,0.0728403,2.54629
391,0.790181,0.275238,10,4.89333,0.0705655,2.31017
392,0.687893,0.209041,10,4.05333,0.0682556,2.7293
393,0.698389,0.205609,10,3.87333,0.0677569,2.55302
394,0.674321,0.202552,9,3.56,0.0643618,2.68988
395,0.667246,0.224813,10,4.41333,0.0682812,2.74383
396,0.697655,0.210842,9,3.79333,0.0662526,2.80295
397,0.636798,0.204636,9,3.61333,0.0658577,2.72198
398,0.681111,0.242203,10,4.31333,0.0647513,2.63796
399,0.647087,0.188056,10,4.02667,0.0674391,3.01571
400,0.764927,0.194782,10,4.02667,0.0683963,2.6826
401,0.640833,0.219796,9,4.22667,0.0684881,2.74259
402,0.770414,0.252451,10,4.69333,0.0627232,2.31744
403,0.789389,0.222289,10,4.52667,0.0858411,2.70859
404,0.679044,0.183206,10,3.64,0.0640244,2.56776
405,0.779936,0.252389,10,4.49333,0.067551,2.38517
406,0.529082,0.157444,9,3.25333,0.066831,2.71432
407,0.689732,0.206241,8,4.04,0.0687253,2.43121
408,0.654097,0.214077,9,3.9,0.062988,2.40121
409,0.613392,0.156389,9,3.01333,0.0692863,2.70438
410,0.786994,0.227599,10,4.36,0.0671551,2.47819
411,0.677904,0.204546,9,3.82667,0.0664549,2.63522
412,0.780085,0.188784,10,3.8,0.0691388,2.72755
413,0.628084,0.150561,8,3.22,0.066718,3.07723
414,0.739425,0.226875,9,3.91333,0.0685665,2.74762
415,0.702166,0.198971,10,3.93333,0.0675598,2.74968
416,0.605335,0.190758,9,3.76667,0.0712069,2.7852
417,0.688299,0.197359,10,3.67333,0.0670308,2.47626
418,0.78744,0.218137,10,4.02667,0.0668756,2.46471
419,0.727902,0.194771,10,3.36,0.0667933,2.56626
420,0.644977,0.171381,9,3.25333,0.0689759,2.52977
421,0.74812,0.207086,10,3.86,0.0676294,2.48537
422,0.737097,0.196541,10,3.91333,0.065806,2.70545
423,0.64851,0.171353,9,3.34667,0.0655681,2.71791
424,0.72989,0.225635,10,4.47333,0.0687829,2.68954
425,0.759056,0.153137,10,2.97333,0.0650261,3.12336
426,0.721685,0.259679,9,4.4,0.0664981,2.61356
427,0.635682,0.142945,9,2.96,0.066663,3.16378
428,0.727217,0.227305,10,3.96,0.064735,2.96634
429,0.845182,0.316007,10,5.07333,0.0702738,2.62245
430,0.728643,0.231947,10,4.57333,0.0685788,2.74679
431,0.845865,0.231915,10,4.25333,0.067717,2.51934
432,0.837381,0.221935,10,4.32667,0.0697322,2.54919
433,0.685238,0.206097,9,3.64667,0.0662957,2.63637
434,0.777109,0.214247,9,4.09333,0.0679881,2.47203
435,0.767173,0.218523,10,4.06667,0.0677041,2.14642
436,0.841,0.240277,10,4.40667,0.070729,2.50089
437,0.727841,0.199391,10,4.02,0.0675284,2.69241
438,0.728551,0.23519,10,4.02667,0.0667167,2.90075
439,0.668622,0.207184,9,3.89333,0.0670353,2.88142
440,0.666751,0.181686,10,3.51333,0.0684409,2.92036
441,0.65774,0.197541,10,3.84,0.0673987,2.7305
442,0.785962,0.168037,10,3.32,0.0677058,2.68972
443,0.745458,0.168632,9,3.04667,0.0670829,3.01172
444,0.632373,0.139944,10,2.88,0.0648987,2.94793
445,0.866885,0.20384,10,4.48667,0.0704242,2.40886
446,0.710916,0.197607,10,3.76667,0.0651414,2.38485
447,0.640373,0.186152,10,3.98667,0.0688594,2.59334
448,0.681987,0.194556,9,3.72667,0.0670525,2.60754
449,0.756864,0.279321,10,4.52667,0.0685157,2.40949
450,0.750517,0.25719,10,4.72,0.0690556,2.54671
451,0.705123,0.223441,10,4.08667,0.0671152,2.52821
452,0.644977,0.192106,9,3.72,0.0681315,2.98713
453,0.711315,0.239995,9,4.17333,0.0663021,2.40328
454,0.789962,0.256826,10,4.47333,0.0661159,2.61229
455,0.798508,0.226403,10,4.26667,0.0674931,2.72104
456,0.717253,0.223492,10,4.03333,0.0684307,2.65384
457,0.813704,0.28656,10,4.8,0.0633263,2.34626
458,0.860153,0.291307,10,4.63333,0.0695539,2.46577
459,0.862856,0.272535,10,4.48,0.0639909,2.28729
460,0.886675,0.211078,10,4.12,0.0694559,2.73865
461,0.808531,0.242305,10,4.24,0.0717099,2.54547
462,0.745195,0.214715,10,3.84667,0.0703919,2.5626
463,0.74608,0.208498,9,3.76,0.0648765,2.67508
464,0.901459,0.259898,10,4.39333,0.0709223,2.61011
465,0.889095,0.331524,10,5.12,0.0683427,2.22052
466,0.799162,0.318078,10,5.18667,0.0739874,2.43539
467,0.83554,0.289599,10,5.03333,0.0688627,2.46285
468,0.762929,0.225037,10,3.9,0.0661688,2.6659
469,0.675225,0.235929,9,4.05333,0.0683324,2.83199
470,0.798715,0.296008,10,5.13333,0.0710995,2.68044
471,0.780167,0.280677,10,5.08667,0.0698752,2.56406
472,0.831103,0.299923,10,5.18,0.072179,2.33968
473,0.812922,0.222087,10,3.96667,0.0664244,2.46121
474,0.799412,0.236156,10,3.91333,0.0675831,2.20117
475,0.762201,0.228329,10,3.83333,0.0638984,2.54552
476,0.856742,0.266815,10,4.54,0.0732864,2.63586
477,0.770374,0.232238,10,4.56667,0.068596,2.66703
478,0.735859,0.234916,10,3.98667,0.0676224,2.60655
479,0.629336,0.151128,9,2.90667,0.0649866,3.24864
480,0.925245,0.257332,10,4.18667,0.0661208,2.57294
481,0.671497,0.243605,10,4.08667,0.0622224,2.78427
482,0.897846,0.312809,10,4.93333,0.0703228,2.42111
483,0.865736,0.330215,10,5.47333,0.0739252,2.41534
484,0.716856,0.250367,10,3.8,0.0667118,2.59963
485,0.813439,0.305983,10,4.94667,0.0713482,2.35573
486,0.763603,0.235209,10,3.72667,0.0723773,2.1866
487,0.752724,0.175812,10,3.20667,0.0611862,2.51747
488,0.755884,0.272309,10,4.52667,0.070079,2.58489
489,0.786019,0.269159,10,4.54667,0.0663189,2.36049
490,0.657236,0.205375,10,3.58,0.0664586,2.60592
491,0.708921,0.226683,10,3.70667,0.0693934,2.54233
492,0.749462,0.277794,10,4.5,0.0706869,2.49016
493,0.748876,0.241906,10,4.14667,0.0676953,2.53501
494,0.73116,0.168757,10,3.00667,0.0659001,2.38745
495,0.792508,0.257163,10,4.41333,0.0665646,2.26662
496,0.759875,0.234156,10,3.94667,0.0665124,2.29538
497,0.756864,0.255737,10,4.38,0.0690311,2.52079
498,0.754693,0.216769,10,3.74667,0.0698944,2.73942
499,0.786535,0.266317,10,4.20667,0.0677768,2.32071
500,0.706709,0.250964,10,4.12,0.172601,2.8077
501,0.721791,0.221915,9,3.74667,0.0675206,2.55816
502,0.805397,0.275907,10,4.48667,0.069383,2.35985
503,0.787725,0.229431,10,3.84667,0.065256,2.45463
504,0.66042,0.278691,10,4.64667,0.0659791,2.5702
505,0.742624,0.225766,10,4.12667,0.0758848,2.6449
506,0.71035,0.219994,9,3.92,0.0678073,2.49158
507,0.754188,0.177825,10,3.36,0.0678911,2.60571
508,0.698254,0.187953,9,3.41333,0.0638379,2.43648
509,0.713465,0.220979,10,4.1,0.0710444,2.47571
510,0.777404,0.225533,10,3.80667,0.0645766,2.63181
511,0.721576,0.219423,10,3.81333,0.0681438,2.54046
512,0.788683,0.204491,10,3.65333,0.068817,2.40922
513,0.783889,0.269617,10,4.48,0.0832359,2.52341
514,0.769078,0.241386,10,4.18667,0.0714354,2.50196
515,0.789441,0.285974,10,4.95333,0.0711248,2.63012
516,0.674433,0.219685,9,3.69333,0.0672423,2.39772
517,0.71815,0.226512,8,4.14,0.0668618,2.33352
518,0.710357,0.210533,9,3.52667,0.0786304,2.44081
519,0.789268,0.248404,10,4.32,0.0705952,2.58556
520,0.842253,0.220967,10,3.85333,0.0655223,2.27491
521,0.73029,0.210979,9,4.01333,0.0706772,2.66873
522,0.749906,0.268409,10,4.36667,0.0872565,2.61047
523,0.883862,0.284847,10,4.81333,0.0693107,2.19631
524,0.860773,0.308683,10,4.82,0.0641349,2.51956
525,0.697689,0.25041,9,4.32667,0.0677673,2.69663
526,0.854135,0.289186,10,5.08,0.0688003,2.70661
527,0.744628,0.279808,10,4.50667,0.0688478,2.91827
528,0.787409,0.282313,10,4.4,0.0722925,2.58913
529,0.619444,0.204139,9,3.31333,0.08226,2.81493
530,0.76908,0.230236,10,4,0.0683594,2.56657
531,0.738223,0.256633,10,4.01333,0.0763171,2.79726
532,0.73159,0.231212,9,3.61333,0.0684486,2.72466
533,0.800257,0.239065,10,4.44667,0.0845279,2.56044
534,0.876676,0.337748,10,5.18,0.0786156,2.29843
535,0.897729,0.255439,10,4.16667,0.071068,2.67918
536,0.725085,0.247249,9,3.98667,0.0697993,2.53384
537,0.763115,0.211739,10,3.68667,0.0722327,2.87404
538,0.802412,0.257872,10,4.62,0.0741065,2.63298
539,0.765202,0.271493,10,4.40667,0.07272,2.70675
540,0.64071,0.189534,10,3.33333,0.0687492,3.05948
541,0.912872,0.320904,10,5.06,0.0712391,2.52032
542,0.775625,0.253094,10,4.36667,0.0709081,2.8351
543,0.692818,0.214458,10,3.88,0.0668364,2.58138
544,0.880264,0.268759,10,4.19333,0.0660692,2.24969
545,0.828933,0.223161,10,3.98667,0.0677064,2.57118
546,0.638114,0.192728,10,3.38,0.0672492,2.92704
547,0.787201,0.232929,10,4.28667,0.0676964,2.64575
548,0.698245,0.267396,9,4.33333,0.0707824,2.85209
549,0.748545,0.255624,10,4.08667,0.0704623,2.60628
550,0.777482,0.21369,9,3.60667,0.0670208,2.73314
551,0.796728,0.223825,9,3.87333,0.0715955,2.88217
552,0.783348,0.224791,10,3.77333,0.0633126,2.48953
553,0.684327,0.247252,10,4.07333,0.0662872,2.70034
554,0.836517,0.273812,10,4.51333,0.0783786,2.74633
555,0.760329,0.228575,10,4.11333,0.0673701,2.70852
556,0.680648,0.208264,10,3.92,0.0701333,2.9025
557,0.79863,0.309324,10,5.05333,0.0697808,2.40132
558,0.748046,0.242034,10,3.82,0.0664073,2.71126
559,0.67594,0.22274,9,3.94,0.0670799,2.8937
560,0.745105,0.240946,10,4.08,0.0685424,2.61256
561,0.736199,0.241649,10,4.2,0.0690729,2.84656
562,0.790126,0.298768,10,4.96667,0.0691961,2.73185
563,0.816552,0.236718,10,4.18,0.0698315,2.85153
564,0.71732,0.278719,10,4.87333,0.0718257,2.52886
565,0.75405,0.244814,10,4.26667,0.0687688,2.58193
566,0.747298,0.206611,10,4.00667,0.0716252,2.78071
567,0.695663,0.150059,10,3.09333,0.0686785,2.75304
568,0.733791,0.177568,9,3.37333,0.0649402,2.53916
569,0.754156,0.212396,10,4.06,0.0705125,2.32509
570,0.723153,0.174812,10,3.44667,0.0694207,2.74481
571,0.766672,0.222599,10,4.06667,0.068891,2.6388
572,0.911453,0.258658,10,4.5,0.0707039,2.5922
573,0.555905,0.135135,9,2.84,0.0679351,2.67784
574,0.679165,0.158318,10,3.38667,0.0699937,2.88962
575,0.738085,0.242125,10,4.16,0.0681899,2.58887
576,0.758355,0.203563,10,3.99333,0.0696798,2.75533
577,0.734805,0.190529,10,3.74667,0.0704464,2.67974
578,0.814525,0.160068,10,3.36,0.065176,2.79169
579,0.763359,0.221654,10,4.09333,0.0702495,2.70869
580,0.704071,0.192131,10,3.50667,0.0658122,2.91153
581,0.745077,0.269938,10,4.74667,0.0718531,2.91066
582,0.847257,0.26279,10,4.46,0.0693984,2.59131
583,0.802745,0.205997,10,3.79333,0.0719409,2.89985
584,0.722043,0.209863,10,4.01333,0.0638596,2.59892
585,0.65704,0.14489,10,3.21333,0.0681784,2.98824
586,0.636407,0.154116,9,3.04667,0.0664589,2.71967
587,0.652692,0.159704,10,3.14667,0.0683333,3.13261
588,0.721941,0.189817,10,3.44667,0.0725687,2.81333
589,0.690161,0.22483,10,4.08667,0.074577,2.80688
590,0.854317,0.284138,10,4.49333,0.0708267,2.55974
591,0.747112,0.210086,10,3.51333,0.0659608,2.71057
592,0.744236,0.193448,10,3.64,0.082256,2.71969
593,0.681731,0.19807,9,3.48,0.0654392,2.64471
594,0.740212,0.245617,10,4.19333,0.0678007,2.56171
595,0.685179,0.23281,10,4,0.0692477,2.79114
596,0.746831,0.249738,10,4.06,0.0670036,2.79112
597,0.669526,0.199306,9,3.34,0.0642105,2.8953
598,0.804243,0.26539,10,4.2,0.0701207,2.62387
599,0.704306,0.188453,10,3.14667,0.0679034,2.58058
600,0.642477,0.179917,10,3.41333,0.0671556,2.75573
601,0.756133,0.239049,10,4.02667,0.0723959,2.55878
602,0.783648,0.26703,10,4.2,0.0718225,2.51819
603,0.61653,0.216115,10,4.06667,0.0682013,3.09635
604,0.737596,0.204925,10,3.6,0.0662711,2.71315
605,0.76091,0.234971,10,4.14,0.067244,2.682
606,0.894498,0.310895,10,4.88667,0.0682653,2.49106
607,0.843972,0.243811,10,4.48,0.0672739,2.54377
608,0.756544,0.209757,10,3.66,0.0653861,2.83005
609,0.819554,0.216549,10,3.81333,0.07041,2.87172
610,0.707859,0.172132,10,3.36,0.0687878,2.60261
611,0.84706,0.284578,10,4.68667,0.0655926,2.33718
612,0.704167,0.193178,10,3.36667,0.0663609,2.92245
613,0.778828,0.216999,10,3.86667,0.0658637,2.82935
614,0.80389,0.248309,9,4.06667,0.068698,2.61861
615,0.766441,0.260526,10,4.13333,0.064719,2.80686
616,0.836755,0.286628,10,4.71333,0.0710971,2.71973
617,0.689555,0.228682,9,3.98,0.0658084,2.82415
618,0.649407,0.204187,9,3.08667,0.0670292,2.70581
619,0.763421,0.251038,10,4.01333,0.0667388,2.5777
620,0.665185,0.221235,9,3.82,0.065311,2.68713
621,0.733938,0.244474,10,4.00667,0.0679768,2.48659
622,0.916458,0.31204,10,4.99333,0.0699591,2.59781
623,0.826234,0.2772,10,4.80667,0.0672313,2.57437
624,0.709602,0.242988,10,4.02,0.0665989,2.71453
625,0.772084,0.272089,10,4.68,0.0706669,2.67948
626,0.743238,0.285958,10,4.62,0.0714216,2.68903
627,0.646933,0.198918,10,3.58667,0.0675445,2.92826
628,0.852265,0.319306,10,5.17333,0.0740022,2.36878
629,0.677278,0.243608,10,4,0.0704993,2.66614
630,0.816612,0.269435,10,4.34,0.0701751,2.56035
631,0.750527,0.219091,10,3.88,0.0682309,2.6995
632,0.677682,0.229899,9,3.84667,0.0694155,2.9461
633,0.737861,0.253434,10,4.18,0.0688355,2.45041
634,0.834659,0.306868,10,4.63333,0.0705728,2.78041
635,0.741034,0.259941,10,4.09333,0.0676191,2.54346
636,0.763643,0.213543,9,3.58,0.0687695,2.60496
637,0.634139,0.155495,8,2.75333,0.0686535,3.12598
638,0.648764,0.158855,10,2.72667,0.0697277,2.64232
639,0.688782,0.16623,9,2.76667,0.0664233,2.3579
640,0.705882,0.207618,9,3.58667,0.065781,2.61491
641,0.686573,0.183288,9,3.16,0.0652166,2.63248
642,0.728408,0.234488,10,3.75333,0.0663172,2.53838
643,0.741439,0.224628,10,3.56667,0.0733527,2.66277
644,0.791629,0.268774,10,4.48667,0.0711548,2.40622
645,0.830227,0.223078,10,3.93333,0.068236,2.63696
646,0.597184,0.163718,10,2.94,0.0690186,2.75122
647,0.79337,0.205737,10,3.6,0.0725568,2.3373
648,0.599439,0.136839,8,2.6,0.0668616,2.79732
649,0.746656,0.23632,10,4.01333,0.0723781,2.98178
650,0.786589,0.275963,10,4.16667,0.0698509,2.72948
651,0.758799,0.237002,10,3.97333,0.0713503,2.60146
652,0.702398,0.209038,9,3.5,0.0684625,2.78824
653,0.750384,0.175061,10,3.18667,0.0707252,2.56
654,0.717831,0.209109,10,3.81333,0.0671719,2.62978
655,0.669107,0.184084,10,3.41333,0.0710589,2.82042
656,0.742709,0.194441,10,3.63333,0.0698842,2.76711
657,0.69261,0.210417,9,3.58,0.0690753,2.76538
658,0.713117,0.19371,9,3.54,0.0667214,2.52187
659,0.738244,0.195179,10,3.66667,0.068939,2.84441
660,0.819413,0.254301,10,4.30667,0.0708506,2.49573
661,0.750359,0.189243,10,3.65333,0.0683334,2.74007
662,0.775109,0.257193,10,4.52,0.069371,2.355
663,0.747207,0.249152,10,4.24667,0.0669312,2.42715
664,0.613583,0.202835,8,3.47333,0.0646769,2.49115
665,0.817404,0.300383,10,4.63333,0.0690251,2.3231
666,0.718037,0.195086,9,3.59333,0.0641697,2.59684
667,0.739707,0.248567,10,4.6,0.0716652,2.85124
668,0.811302,0.277804,10,4.86667,0.0672574,2.37901
669,0.699254,0.183955,10,3.12667,0.0654151,2.5343
670,0.675436,0.18855,9,3.74667,0.0659587,2.81093
671,0.592793,0.17655,9,3.16,0.0656382,2.66109
672,0.761726,0.199134,10,3.55333,0.0671492,2.31699
673,0.744003,0.210168,10,3.59333,0.0665045,2.47511
674,0.679503,0.180206,10,3.26,0.0695212,2.7668
675,0.707731,0.209356,10,3.89333,0.0667863,2.59392
676,0.723045,0.228357,10,3.82,0.0673181,2.36245
677,0.687437,0.184535,10,3.40667,0.0657185,2.49512
678,0.763113,0.220268,10,3.76,0.0692472,2.55221
679,0.651943,0.19763,9,3.51333,0.0703894,2.64696
680,0.771775,0.279243,10,4.78,0.0690329,2.38011
681,0.765604,0.236991,10,4.08,0.0683329,2.72702
682,0.786189,0.211885,10,3.48,0.0682075,3.00868
683,0.753716,0.278598,10,4.58667,0.0707293,2.58426
684,0.67154,0.168326,9,3.26667,0.0645135,2.79374
685,0.765889,0.231645,10,4.08,0.0678241,2.69305
686,0.653121,0.221866,9,4.05333,0.0651156,2.64394
687,0.762818,0.256453,10,4.42667,0.0672123,2.54227
688,0.64807,0.241473,9,4.18667,0.0687126,2.64979
689,0.827722,0.26325,10,4.96,0.0730664,2.59278
690,0.706203,0.216056,10,4.24667,0.0694107,2.66166
691,0.676032,0.227262,10,4.11333,0.0705396,2.83071
692,0.734588,0.254167,10,4.42,0.0660673,2.50344
693,0.870058,0.240682,10,4.08,0.068837,2.49714
694,0.645163,0.194315,10,3.70667,0.067899,2.71171
695,0.741531,0.226292,10,3.84,0.0673192,2.6278
696,0.590848,0.202454,9,3.72667,0.0679792,2.99702
697,0.728391,0.211137,10,4.14667,0.0625761,2.72167
698,0.740621,0.27443,10,4.81333,0.0746147,2.52292
699,0.7169,0.198612,10,3.56667,0.0653387,2.56131
700,0.802635,0.245926,10,4.18667,0.0713563,2.48597
701,0.66058,0.208602,10,3.49333,0.0678757,2.81821
702,0.690553,0.195586,10,3.33333,0.0660542,2.54591
703,0.778534,0.272037,10,4.36667,0.0705285,2.47984
704,0.731578,0.17919,10,3.26667,0.0669854,2.51286
705,0.718007,0.226729,10,3.96667,0.0722991,2.66464
706,0.72069,0.207991,9,3.43333,0.0683462,2.68017
707,0.661685,0.238478,10,3.83333,0.0713562,2.75972
708,0.709665,0.16288,9,2.96,0.0629432,2.87418
709,0.77061,0.241711,10,4.14667,0.0707297,2.76374
710,0.7428,0.216824,10,4.04,0.0676861,2.78268
711,0.75792,0.204569,10,3.76667,0.0659238,2.63124
712,0.822251,0.312248,10,5.44,0.0780912,2.39356
713,0.614103,0.187821,9,3.18667,0.0645689,2.76119
714,0.633561,0.17379,9,3.54667,0.0705525,2.91622
715,0.855702,0.304051,10,5.06,0.0712035,2.15127
716,0.64562,0.220469,9,3.9,0.062752,2.59497
717,0.750155,0.238604,10,4.04,0.0659821,2.67429
718,0.66359,0.192206,9,3.4,0.0663341,2.69244
719,0.767888,0.284831,10,4.91333,0.0750395,2.59612
720,0.679883,0.160178,10,3.43333,0.066866,2.80777
721,0.841243,0.25428,10,4.50667,0.0671353,2.23838
722,0.644709,0.182959,10,3.37333,0.065132,2.8202
723,0.764019,0.194843,9,3.65333,0.0670027,2.551
724,0.725014,0.216613,9,3.98,0.0703743,2.46409
725,0.780918,0.212086,10,3.67333,0.0645966,2.26536
726,0.813191,0.187162,10,3.38,0.0711347,2.44072
727,0.759533,0.21738,10,3.76667,0.0675241,2.60469
728,0.677468,0.189284,10,3.34,0.0671307,2.85002
729,0.742028,0.216275,10,3.5,0.0690301,2.68736
730,0.820363,0.20746,10,3.48667,0.0667161,2.52457
731,0.68704,0.202209,9,3.45333,0.0679389,2.72237
732,0.741548,0.218587,10,3.94667,0.0662998,2.50823
733,0.867467,0.243503,10,4.35333,0.0696115,2.52935
734,0.798701,0.210863,10,3.78,0.0675121,2.54508
735,0.607173,0.186829,9,3.16667,0.0668427,2.5666
736,0.717617,0.21362,10,3.82,0.0690096,2.51133
737,0.780594,0.197852,10,3.76667,0.0679146,2.3056
738,0.646213,0.176395,9,3.68,0.0708782,2.54752
739,0.814115,0.254078,10,4.47333,0.0682374,2.09718
740,0.700078,0.181,9,3.36667,0.0667995,2.55603
741,0.755057,0.180821,10,3.44667,0.0659318,2.43401
742,0.794999,0.18359,10,3.54667,0.0696468,2.71792
743,0.704001,0.152304,9,3.33333,0.0863357,2.86477
744,0.645619,0.177597,8,3.21333,0.0684898,2.59384
745,0.809383,0.207637,10,3.68667,0.066567,2.37131
746,0.886207,0.253158,10,3.95333,0.0723702,2.47723
747,0.741145,0.208865,10,3.4,0.0720029,2.52172
748,0.790428,0.173059,10,3.16667,0.0685441,2.58486
749,0.748603,0.232993,10,3.99333,0.0690133,2.57527
750,0.78617,0.189905,10,3.20667,0.0695591,2.57384
751,0.677961,0.175609,9,3.10667,0.0678979,2.89118
752,0.816561,0.224462,10,3.68667,0.0679348,2.6396
753,0.638725,0.187731,9,3.37333,0.067151,2.9783
754,0.729268,0.197831,10,3.62,0.0717324,2.64495
755,0.846338,0.22257,10,4.46667,0.071784,2.85515
756,0.803376,0.16344,10,3.24,0.0654185,2.43434
757,0.633373,0.18992,10,3.64,0.067072,2.69587
758,0.756111,0.199129,10,3.54667,0.062159,2.68488
759,0.711281,0.15785,9,3.06667,0.0668348,2.82901
760,0.707243,0.160927,10,3.29333,0.0663829,2.92035
761,0.88585,0.218916,10,3.64,0.0691084,2.54536
762,0.80609,0.212238,10,3.62,0.0695469,2.58367
763,0.901886,0.311612,10,5,0.0694566,2.88055
764,0.764461,0.272489,10,4.38,0.0678284,2.90078
765,0.575407,0.161604,9,3.17333,0.0719988,3.28293
766,0.753346,0.224246,10,3.94,0.0649377,2.82393
767,0.515675,0.145025,9,2.68667,0.0675689,3.10192
768,0.563804,0.133643,9,2.71333,0.0680983,3.14342
769,0.835076,0.184385,10,3.52,0.0663624,2.57941
770,0.670896,0.192614,10,3.49333,0.0681336,2.84523
771,0.721861,0.174372,10,3.21333,0.0691983,2.73113
772,0.735477,0.185376,10,3.30667,0.0730047,2.91425
773,0.698563,0.148241,10,3,0.0668489,3.06652
774,0.629662,0.143544,10,2.99333,0.0704417,3.27221
775,0.690241,0.165558,10,3.28,0.0680535,2.68399
776,0.697734,0.135008,10,2.69333,0.0696504,2.81543
777,0.5934,0.112324,10,2.20667,0.0668847,3.04676
778,0.651623,0.13594,10,2.68,0.0691771,2.87995
779,0.784597,0.205053,10,3.64,0.0651776,2.71666
780,0.806089,0.262453,10,4.13333,0.0669542,2.54646
781,0.774674,0.222662,10,3.79333,0.0652575,2.52986
782,0.778398,0.213689,10,3.47333,0.0734358,2.65371
783,0.728255,0.172197,10,3.18,0.069875,2.8114
784,0.767204,0.188773,10,3.07333,0.0674216,2.79809
785,0.764252,0.174971,10,3.47333,0.068302,2.67709
786,0.776208,0.203475,10,3.60667,0.0672485,2.67058
787,0.740738,0.159981,10,3.12667,0.0686749,2.75797
788,0.653334,0.157738,9,3.36667,0.0687057,2.68624
789,0.80701,0.222114,10,3.94,0.0681768,2.64067
790,0.718047,0.222418,9,4.09333,0.0665468,2.77626
791,0.714661,0.193598,10,3.61333,0.0619298,2.72193
792,0.735445,0.188274,9,3.42,0.0689903,3.33167
793,0.718019,0.212742,10,3.89333,0.0670331,2.90593
794,0.784003,0.238846,10,4.29333,0.0685836,2.9766
795,0.788867,0.24593,10,4.32,0.0660448,2.90281
796,0.682498,0.215049,10,3.84667,0.0709759,2.59634
797,0.722311,0.196685,10,3.84,0.0690518,2.77393
798,0.704031,0.197019,10,4.17333,0.0715444,2.91718
799,0.618953,0.16256,9,3.23333,0.0693249,3.10084
800,0.754837,0.218599,10,3.90667,0.0717477,2.89748
801,0.818872,0.245274,10,4.27333,0.065506,2.94312
802,0.798172,0.251137,10,4.60667,0.0698226,2.99214
803,0.822794,0.19407,10,3.77333,0.0696345,2.69249
804,0.627187,0.154877,9,3.16667,0.0660548,2.85366
805,0.702111,0.171181,10,3.32,0.0667378,3.21276
806,0.69392,0.116324,10,2.40667,0.0689684,3.12526
807,0.750496,0.186676,10,3.51333,0.0672188,2.9059
808,0.652017,0.169206,10,3.21333,0.0691066,3.01242
809,0.614545,0.121678,10,2.44667,0.064898,2.97943
810,0.723246,0.161755,10,3.3,0.0703359,3.3411
811,0.819709,0.167545,10,3.67333,0.0714187,2.89193
812,0.676074,0.192778,9,3.76667,0.0689116,3.21389
813,0.728833,0.140917,10,2.91333,0.0667629,3.01262
814,0.709133,0.150681,9,2.84,0.0680721,2.99626
815,0.750097,0.155416,10,2.96,0.0645758,2.90549
816,0.728706,0.182051,10,3.44667,0.0661616,3.07938
817,0.703955,0.191889,10,3.48,0.0711799,3.20377
818,0.716306,0.200113,10,3.70667,0.0669844,3.05997
819,0.688077,0.198492,10,3.7,0.0674336,3.19025
820,0.730075,0.14569,10,3.04,0.072455,3.11741
821,0.623993,0.141046,9,2.54667,0.062936,2.60094
822,0.747998,0.160642,10,2.94667,0.0672766,2.71858
823,0.758911,0.180263,10,3.58,0.0697282,2.92063
824,0.765038,0.191352,10,3.47333,0.0684226,3.00949
825,0.688967,0.172135,9,2.89333,0.0662862,2.78439
826,0.824055,0.182757,10,3.32,0.0671733,2.65913
827,0.628628,0.144797,8,2.74667,0.0690693,2.948
828,0.557301,0.131234,10,2.43333,0.0674103,2.75228
829,0.783577,0.141051,10,2.73333,0.068097,2.61855
830,0.819719,0.223306,9,3.42,0.0677182,2.23555
831,0.778753,0.203104,9,3.34,0.0687891,2.97196
832,0.652571,0.159754,9,2.84,0.0678758,2.61161
833,0.780712,0.152363,10,2.9,0.0654612,2.51079
834,0.760364,0.20612,10,3.8,0.0683207,2.56833
835,0.736919,0.14081,10,3.01333,0.0688811,2.51112
836,0.755136,0.189885,10,3.74667,0.068405,2.39901
837,0.711237,0.177771,10,3.35333,0.0661111,2.8382
838,0.6498,0.169619,10,3.14667,0.0670841,2.62414
839,0.799074,0.204011,10,3.77333,0.0710161,2.79868
840,0.808976,0.229214,10,4.11333,0.0693534,2.55518
841,0.86172,0.219869,10,4.10667,0.0702584,2.69383
842,0.659453,0.188073,9,3.38667,0.0710821,2.86978
843,0.658012,0.174681,10,3.1,0.0679169,3.02929
844,0.742235,0.186935,9,3.18,0.0655887,2.80583
845,0.649977,0.177003,9,3.12,0.0662529,3.08745
846,0.698171,0.181081,9,3.23333,0.0654601,3.06946
847,0.664169,0.1611,9,3.06667,0.066065,3.01685
848,0.67275,0.159447,10,2.8,0.0653583,2.8684
849,0.723317,0.172728,10,3.42,0.0687322,3.06031
850,0.856315,0.22793,10,3.89333,0.0671197,2.56032
851,0.701864,0.190632,10,3.65333,0.0678712,2.75096
852,0.670678,0.187612,10,3.40667,0.0680357,3.30928
853,0.59479,0.163027,10,3.12,0.0649204,3.04921
854,0.763604,0.219306,10,3.92667,0.0679817,2.81341
855,0.663688,0.195597,9,3.28667,0.0640558,2.90576
856,0.722555,0.233664,10,4.51333,0.0654772,2.65807
857,0.723742,0.206559,10,3.86667,0.067541,2.80194
858,0.85741,0.26078,10,4.62,0.0690777,2.58332
859,0.722757,0.209952,10,3.81333,0.066292,2.64227
860,0.734287,0.211105,10,3.68667,0.0675703,3.14283
861,0.81637,0.224543,10,4.12667,0.0691328,2.48114
862,0.67623,0.194508,10,3.60667,0.0685107,2.58378
863,0.719713,0.168084,10,3.22667,0.0712776,2.83404
864,0.621216,0.199276,10,3.61333,0.0642423,2.61771
865,0.841617,0.244495,10,4.25333,0.0665802,2.6681
866,0.649282,0.148347,9,3.34667,0.0647582,2.8978
867,0.816418,0.212507,10,4.08,0.0669649,2.48856
868,0.618201,0.156937,10,3.14,0.0670154,3.13647
869,0.819204,0.192203,10,3.68667,0.070862,3.01847
870,0.646952,0.17122,10,3.50667,0.066488,2.90031
871,0.873795,0.273638,10,4.68,0.0689858,2.75208
872,0.560401,0.187978,9,3.36,0.0661651,2.91349
873,0.69145,0.175982,9,3.38667,0.0647251,2.88037
874,0.727296,0.225776,10,4.10667,0.0654491,2.81497
875,0.719069,0.229099,10,4.32,0.0684736,2.60413
876,0.76389,0.258962,10,4.11333,0.066785,2.31418
877,0.621165,0.16523,10,3.33333,0.0646479,2.7851
878,0.761763,0.209855,10,3.79333,0.0681381,2.8025
879,0.783148,0.246514,10,4.4,0.066702,2.65856
880,0.649693,0.212544,10,3.68,0.0627509,2.50702
881,0.669231,0.165888,10,3.36,0.0704877,3.19004
882,0.823647,0.254565,10,4.84,0.0688476,2.8173
883,0.694189,0.181742,10,3.56667,0.0682904,2.84887
884,0.800059,0.245787,10,4.36667,0.0704139,2.80264
885,0.77621,0.243406,9,4.21333,0.0681416,2.76934
886,0.753102,0.192961,10,3.44667,0.0686113,2.89932
887,0.784385,0.209287,10,3.71333,0.0830488,2.56435
888,0.714855,0.227641,9,3.95333,0.070215,2.83511
889,0.67972,0.182288,9,3.09333,0.0677121,3.01252
890,0.659459,0.190996,10,3.5,0.0691313,3.24048
891,0.686758,0.179413,10,2.98667,0.0664265,2.81424
892,0.671651,0.182337,10,3.27333,0.0659105,2.65946
893,0.7694,0.223888,10,4.06,0.0736819,2.4722
894,0.643787,0.214898,9,3.79333,0.0683641,3.01422
895,0.706485,0.202195,10,3.98,0.0696575,2.78255
896,0.75505,0.196528,10,3.38667,0.0670948,2.63646
897,0.773848,0.199075,10,3.47333,0.0723023,2.88039
898,0.533583,0.156086,10,2.80667,0.0686644,2.78502
899,0.703086,0.200531,10,3.34,0.0710474,3.02128
900,0.727863,0.195438,10,3.3,0.0644417,2.21933
901,0.635895,0.181505,10,3.43333,0.0722214,2.68688
902,0.693652,0.183574,10,3.24667,0.0690186,2.68095
903,0.582483,0.161274,9,3.03333,0.0679165,2.73618
904,0.766392,0.208637,10,3.64667,0.0678407,2.51966
905,0.788225,0.233309,10,4.26667,0.0687502,2.72505
906,0.722491,0.228979,10,4.07333,0.0691934,2.68072
907,0.747758,0.198577,10,3.53333,0.0659284,2.62725
908,0.822984,0.203133,10,3.48667,0.0675063,2.17744
909,0.639864,0.180305,9,3.13333,0.0661726,2.53717
910,0.650517,0.143573,9,2.80667,0.0680818,2.72644
911,0.627206,0.175183,10,3.52667,0.0695236,2.91741
912,0.695096,0.19488,10,3.61333,0.0679859,2.75306
913,0.588524,0.168276,9,3.1,0.0664473,2.75889
914,0.636712,0.164273,9,3.21333,0.0670319,2.7268
915,0.656067,0.17679,10,3.42667,0.0639608,2.72709
916,0.736788,0.168692,10,3.50667,0.0728384,2.72003
917,0.729736,0.179135,10,3.4,0.0682315,2.51317
918,0.62934,0.137968,9,3.04667,0.0670538,2.75176
919,0.698628,0.186304,10,3.32667,0.0671913,2.72112
920,0.736495,0.166963,10,3.58667,0.065,2.75182
921,0.605275,0.140423,9,2.92,0.0702697,3.11779
922,0.664113,0.191135,10,3.35333,0.0663882,2.61374
923,0.688024,0.156834,10,3.29333,0.0721121,2.68533
924,0.696931,0.172612,9,3.32667,0.0692075,2.75918
925,0.601849,0.164152,9,3.68,0.0793563,3.13544
926,0.79034,0.157694,10,3.45333,0.0696958,2.84692
927,0.814158,0.24595,10,4.4,0.0684754,2.40123
928,0.686816,0.184479,10,3.64667,0.0689737,2.72468
929,0.743775,0.172889,10,3.59333,0.0661759,2.65689
930,0.788934,0.256468,10,4.48,0.0705232,2.55079
931,0.709219,0.186346,10,3.67333,0.0676817,2.51004
932,0.678578,0.160456,10,3.56,0.0644192,2.4787
933,0.75658,0.217011,10,4.05333,0.068022,2.39402
934,0.733685,0.170775,10,3.68667,0.07303,2.67951
935,0.716373,0.170846,9,3.44667,0.0718733,2.60726
936,0.785515,0.189731,10,4.11333,0.0699076,2.52926
937,0.711545,0.196542,10,3.84,0.0676927,2.67239
938,0.706997,0.209295,10,4.14667,0.067433,2.80158
939,0.623319,0.130193,9,2.85333,0.064497,2.7583
940,0.681237,0.186969,10,3.68667,0.0659826,2.51118
941,0.718815,0.199395,10,3.96667,0.0679175,2.56766
942,0.787704,0.233333,10,4.24,0.068133,2.47308
943,0.712425,0.193822,10,3.93333,0.0710803,2.33467
944,0.639178,0.174449,9,3.22,0.0668979,2.50371
945,0.778697,0.196025,10,3.9,0.0688032,2.59639
946,0.662801,0.194299,9,3.54667,0.0688051,2.30729
947,0.775172,0.203952,10,3.7,0.0679475,2.54878
948,0.690329,0.186147,9,3.46667,0.0672152,2.60856
949,0.62439,0.176266,10,3.2,0.0678142,2.63988
950,0.769454,0.255534,10,4.39333,0.0687734,2.36521
951,0.691105,0.216628,10,4.45333,0.0732944,2.73207
952,0.658233,0.159138,9,3.33333,0.0660574,2.88396
953,0.788208,0.199903,10,3.79333,0.0653392,2.50076
954,0.845298,0.246186,10,4.47333,0.0671849,2.42408
955,0.779329,0.185583,10,3.79333,0.0721767,2.9336
956,0.774041,0.188136,10,4.06,0.0779525,2.92236
957,0.764045,0.224682,10,4.48,0.0707469,2.87697
958,0.741611,0.218017,10,4.04667,0.0704382,2.78476
959,0.66705,0.173813,9,3.33333,0.06443,2.75279
960,0.768225,0.262458,10,4.54,0.067433,2.44096
961,0.702108,0.170628,9,3.51333,0.0656378,2.61447
962,0.81014,0.25698,10,4.63333,0.070542,2.41372
963,0.869289,0.226688,10,4.51333,0.0682265,2.32079
964,0.769239,0.218448,10,4.29333,0.0690125,2.48249
965,0.804179,0.253242,10,4.40667,0.0660378,2.10969
966,0.800381,0.227045,10,4.04667,0.0704303,2.44499
967,0.78311,0.219904,10,3.87333,0.0703334,2.59215
968,0.735613,0.21407,10,3.93333,0.0658891,2.69951
969,0.835284,0.27425,10,4.44,0.0705649,2.39078
970,0.776757,0.208512,10,3.9,0.0694628,2.80094
971,0.709282,0.20018,10,3.72667,0.0699692,2.62441
972,0.630429,0.199387,10,3.85333,0.0687573,2.88868
973,0.779189,0.293424,10,4.87333,0.071279,2.47446
974,0.789776,0.200597,10,3.72,0.0658749,2.48748
975,0.728155,0.206001,10,3.44,0.0678448,2.32607
976,0.652613,0.207971,10,3.60667,0.0688367,2.19846
977,0.746825,0.203718,10,3.73333,0.0675337,2.39098
978,0.694445,0.230771,10,3.86,0.0680085,2.54967
979,0.755997,0.218012,10,4.07333,0.0646308,2.35676
980,0.638647,0.233151,9,4.29333,0.0673678,2.55064
981,0.652962,0.174973,9,3.45333,0.0647382,2.56091
982,0.737488,0.247152,10,4.30667,0.071043,2.39636
983,0.784987,0.253879,10,4.38667,0.0702433,2.50691
984,0.858168,0.268593,10,4.60667,0.0698308,2.45024
985,0.769091,0.222649,10,3.78,0.0670718,2.54228
986,0.747793,0.210779,10,3.78667,0.0680321,2.45089
987,0.813016,0.210929,10,3.48667,0.0646205,2.3206
988,0.808781,0.224928,10,4.14667,0.068127,2.11526
989,0.865623,0.232281,10,4.4,0.0720938,2.50814
990,0.816903,0.226912,10,4.12,0.0667393,2.44577
991,0.881222,0.234736,10,3.95333,0.0671922,1.98795
992,0.746238,0.193583,9,3.36667,0.0669477,2.39691
993,0.817238,0.225071,10,3.78667,0.0681518,2.31084
994,0.701212,0.166658,9,3.14667,0.068833,2.50118
995,0.75686,0.211612,10,3.75333,0.0692499,2.59889
996,0.782377,0.181041,10,3.5,0.0696233,2.44525
997,0.658404,0.16213,10,3.24667,0.0666079,2.61104
998,0.677884,0.170331,10,3.65333,0.0711644,2.67034
999,0.591209,0.148165,10,3.12,0.0694027,3.18333
1000,0.761294,0.167363,10,3.21333,0.0670199,2.63343
