1,0.198137,0.00751691,5,0.266667,0.0738417,1.29083
2,0.184429,0.00844911,4,0.18,0.0694258,1.20099
3,0.206855,0.0107352,4,0.353333,0.0708518,1.1457
4,0.209758,0.012832,5,0.386667,0.0683812,1.17585
5,0.113734,0.00707365,5,0.346667,0.0690258,1.26476
6,0.181855,0.00860534,4,0.34,0.0676841,1.27367
7,0.146962,0.00915897,5,0.293333,0.0671846,1.21068
8,0.223791,0.0153625,3,0.346667,0.0664349,1.29688
9,0.292569,0.0161742,10,0.586667,0.0690256,1.1947
10,0.292563,0.0126098,8,0.493333,0.0683619,1.23556
11,0.323227,0.0157983,9,0.913333,0.0667133,1.41139
12,0.507195,0.0116751,8,0.9,0.0649144,1.55388
13,0.41516,0.0141613,7,0.706667,0.0665944,1.59118
14,0.368244,0.0185287,8,0.946667,0.0664611,1.4732
15,0.354355,0.0183102,8,0.873333,0.067278,1.43671
16,0.459247,0.0194764,9,0.793333,0.0675241,1.3564
17,0.345448,0.0243741,6,1.16,0.0686334,1.40785
18,0.400318,0.0332842,8,1.6,0.0721593,1.81636
19,0.210913,0.0188173,7,0.88,0.0664756,1.17398
20,0.340741,0.0272258,7,1.30667,0.0685776,1.4856
21,0.146787,0.0108786,6,0.82,0.067879,1.21329
22,0.407164,0.0366593,7,1.22,0.0727585,1.50443
23,0.318392,0.0254046,6,1.12667,0.0677123,1.46072
24,0.269811,0.0321749,7,1.17333,0.0644466,1.28693
25,0.443263,0.0259556,6,1.1,0.0672038,1.10378
26,0.328765,0.0243702,7,1.02667,0.0663404,1.24432
27,0.178826,0.0198577,6,0.926667,0.0698314,1.42034
28,0.270821,0.01217,5,0.973333,0.065747,1.25466
29,0.500739,0.0306112,9,1.34667,0.0680362,1.5734
30,0.243707,0.0276786,5,0.946667,0.068325,1.4881
31,0.238024,0.0321196,7,1.35333,0.0676131,1.22762
32,0.233732,0.0346601,6,1.52667,0.0658075,1.41309
33,0.4151,0.0328363,6,1.76,0.0701862,1.2627
34,0.521421,0.0831716,10,2.34667,0.0656593,2.25142
35,0.382764,0.0566087,8,1.65333,0.0667544,2.10887
36,0.413013,0.079178,8,2.32667,0.0695864,2.8434
37,0.422299,0.102087,7,2.23333,0.0671569,3.09456
38,0.390378,0.0654477,9,1.63333,0.0685476,2.28156
39,0.305238,0.0595932,6,1.8,0.064679,3.23037
40,0.52028,0.104106,8,2.33333,0.0665683,2.78888
41,0.3456,0.0792652,7,1.96,0.0685827,3.21993
42,0.430041,0.0660593,7,1.83333,0.0658873,2.89613
43,0.304017,0.0674932,7,1.97333,0.0647522,2.97204
44,0.520034,0.131903,10,2.72667,0.0683557,2.92227
45,0.646506,0.122311,10,2.84,0.0693113,2.79552
46,0.350333,0.0525273,7,1.7,0.0678151,3.11082
47,0.404651,0.102918,8,2.47333,0.0699192,2.93739
48,0.562368,0.0779514,9,1.82667,0.0659989,3.40556
49,0.445776,0.122943,10,3.16667,0.0711682,2.94411
50,0.470192,0.107902,7,2.56667,0.066757,3.11509
51,0.746573,0.183238,9,3.39333,0.062369,2.28874
52,0.46756,0.0846267,8,2.08,0.0782522,3.12375
53,0.41135,0.0999357,7,2.39333,0.0839392,2.83504
54,0.390866,0.0943507,8,2.29333,0.0644737,3.14099
55,0.459708,0.11622,8,2.59333,0.0754375,3.16414
56,0.485132,0.138378,8,3.02667,0.0668328,2.92013
57,0.492111,0.142508,8,3.04,0.0687035,2.96987
58,0.442151,0.15983,9,2.92,0.0630306,3.16548
59,0.451638,0.116656,7,2.28,0.0682192,2.92717
60,0.453241,0.102814,9,2.38667,0.0695487,3.22746
61,0.46542,0.0981644,8,2.28,0.0653533,2.86113
62,0.455353,0.124178,8,2.51333,0.0644721,2.76946
63,0.6938,0.148213,10,3.30667,0.0788746,3.38768
64,0.620374,0.155581,8,2.90667,0.0691385,3.09652
65,0.64207,0.139632,8,2.92,0.0667692,2.98265
66,0.482229,0.11122,8,2.54,0.0647844,3.01281
67,0.257926,0.0656043,9,1.50667,0.0655319,3.15716
68,0.492891,0.120509,8,2.53333,0.0661865,3.05857
69,0.523067,0.148914,9,3.04,0.0686228,2.98478
70,0.48733,0.140965,8,3.07333,0.0677893,2.91048
71,0.502395,0.0968977,7,2.40667,0.0653773,2.87964
72,0.472784,0.0937645,8,1.92,0.0626913,2.87504
73,0.331195,0.0426939,7,1.17333,0.0704988,3.17698
74,0.566436,0.112851,9,2.73333,0.0691037,2.72367
75,0.514808,0.0888926,8,2.38667,0.0679604,3.00253
76,0.508471,0.0896605,9,2.45333,0.0675058,3.28667
77,0.58628,0.172888,10,3.64667,0.0653674,2.57732
78,0.499566,0.0915811,9,2.18667,0.0653081,3.27024
79,0.525385,0.127312,9,3.05333,0.0679593,2.7849
80,0.365644,0.0848577,7,1.87333,0.0687841,3.19625
81,0.470541,0.105401,9,2.45333,0.0678002,3.31945
82,0.359121,0.0838763,6,1.61333,0.0669293,3.02709
83,0.457233,0.124307,8,2.51333,0.0648457,2.65392
84,0.52604,0.0923513,9,2.08667,0.0668992,3.16883
85,0.588319,0.149263,9,3.2,0.0715649,3.00071
86,0.476297,0.118426,8,2.56667,0.0689643,2.86073
87,0.512816,0.135963,9,3.24667,0.0704876,2.39001
88,0.408054,0.0781608,8,2.04,0.0644095,2.62565
89,0.505348,0.0985845,9,2.50667,0.0686953,3.23122
90,0.436706,0.109461,9,2.24667,0.0648493,2.95616
91,0.513845,0.0913945,9,2.43333,0.072478,3.42947
92,0.649639,0.102325,10,2.38667,0.0656438,2.9033
93,0.617858,0.128397,8,2.61333,0.0692048,3.37891
94,0.56286,0.116581,10,2.71333,0.0719214,2.74519
95,0.415222,0.0844736,7,1.96667,0.0642877,2.85178
96,0.608212,0.103369,10,2.28,0.0674768,2.74984
97,0.557927,0.141258,9,2.73333,0.0655948,2.59485
98,0.517842,0.0912345,10,1.78,0.0670627,2.97996
99,0.665051,0.118491,10,2.48,0.0687421,3.05344
100,0.530837,0.0741516,9,1.84667,0.0685905,2.73742
101,0.634665,0.124307,10,2.5,0.0688021,2.57736
102,0.682462,0.14056,9,2.58,0.0699366,3.06952
103,0.589649,0.13968,9,2.84667,0.0692455,2.85057
104,0.446832,0.0922462,9,2.11333,0.071502,3.21602
105,0.641653,0.113413,10,2.74667,0.082049,2.66843
106,0.509367,0.139979,8,2.74,0.0680614,2.88539
107,0.69977,0.161901,9,2.84,0.0748885,2.57681
108,0.590376,0.130616,10,2.99333,0.066816,2.77945
109,0.67809,0.156981,9,3.05333,0.0723593,2.84763
110,0.608669,0.137175,9,2.78,0.0661813,2.62581
111,0.574151,0.102709,9,2.35333,0.0711941,2.91113
112,0.489184,0.110147,9,2.26,0.0678219,2.89118
113,0.618956,0.123205,9,2.56667,0.0645792,2.65788
114,0.428448,0.0675133,8,1.53333,0.0694334,3.01969
115,0.394795,0.0688141,8,1.72,0.0671392,2.46008
116,0.681674,0.127923,9,2.38,0.0661644,2.53836
117,0.553838,0.0889971,8,2.13333,0.0647605,2.27549
118,0.493505,0.0893602,9,2.16,0.0697585,3.10466
119,0.648183,0.0996584,10,2.31333,0.0692077,3.08663
120,0.651588,0.151013,10,3.21333,0.0669442,2.7535
121,0.443978,0.100166,6,1.99333,0.0680357,2.88753
122,0.596124,0.135634,9,2.68667,0.0706786,2.69769
123,0.529504,0.121986,8,2.46,0.0688055,2.78696
124,0.680681,0.15168,10,2.91333,0.11509,2.76302
125,0.458202,0.0942483,10,2.22667,0.0658265,3.04102
126,0.560139,0.090338,8,1.93333,0.0697302,2.9271
127,0.438823,0.0974777,9,2.01333,0.0672082,2.72267
128,0.626389,0.143335,8,2.41333,0.0663755,2.68265
129,0.445022,0.0682387,8,1.65333,0.0689011,2.97487
130,0.626927,0.125619,10,3.11333,0.0695559,2.84426
131,0.677226,0.143095,10,2.91333,0.0682091,2.80628
132,0.475776,0.111466,9,2.26,0.0682748,2.85245
133,0.546041,0.109297,8,2.54,0.0701948,3.04243
134,0.58047,0.110294,9,2.74,0.0637921,2.7983
135,0.521913,0.102933,8,2.32,0.0663539,2.94381
136,0.689295,0.129936,10,2.76,0.0722651,2.89697
137,0.558667,0.0978149,9,2.16667,0.0671435,2.47221
138,0.659346,0.0999285,10,2.03333,0.0657518,2.59451
139,0.511251,0.0987042,9,1.92667,0.0670259,2.38143
140,0.720669,0.133215,10,2.36,0.0643286,2.2069
141,0.416715,0.0678898,10,1.59333,0.0683549,2.46264
142,0.554852,0.075701,9,1.77333,0.0658163,2.54254
143,0.416223,0.0722233,9,1.73333,0.0684914,2.7197
144,0.675181,0.0939063,10,2.05333,0.069462,2.47877
145,0.61508,0.165187,10,2.74,0.0684613,2.39919
146,0.588358,0.14042,8,2.29333,0.0741251,2.52958
147,0.628883,0.169156,10,2.77333,0.0749245,2.89643
148,0.631557,0.155537,9,3.2,0.068114,2.50586
149,0.536102,0.13578,7,2.66,0.0684261,2.6825
150,0.46775,0.116478,8,2.27333,0.0704265,2.64043
151,0.666164,0.180485,10,3.08,0.0656169,2.52527
152,0.632926,0.152037,9,2.76,0.0676031,2.34785
153,0.3988,0.088159,7,1.58,0.0647439,2.86673
154,0.397406,0.117056,7,2.14667,0.0693048,2.49955
155,0.622364,0.131657,10,2.46667,0.0693747,2.29504
156,0.532685,0.122366,8,2.24,0.0703557,2.96706
157,0.531389,0.0933343,9,1.77333,0.0676531,2.58958
158,0.40565,0.0683592,7,1.52,0.0673748,2.81796
159,0.545438,0.115354,9,2.32667,0.0661608,2.47731
160,0.52527,0.0841426,8,2.00667,0.0667718,3.05474
161,0.44707,0.12158,9,2.06,0.0706798,2.6173
162,0.616285,0.115978,9,2.21333,0.0691633,2.37301
163,0.711177,0.236935,10,3.7,0.0766688,2.34685
164,0.651447,0.165134,8,2.88667,0.0691755,2.35461
165,0.385296,0.0889521,9,1.94667,0.0706558,2.73869
166,0.561248,0.119548,9,1.75333,0.0675114,2.87597
167,0.428658,0.0739567,9,1.44667,0.0692132,2.53862
168,0.640984,0.116367,9,2.42,0.0701651,2.55306
169,0.376936,0.0604579,5,1.08,0.063342,2.37372
170,0.417082,0.083639,7,1.51333,0.0704124,2.19568
171,0.545986,0.106552,7,1.78,0.0643648,1.96593
172,0.27046,0.0506773,4,0.98,0.0676772,2.4355
173,0.528459,0.089087,7,1.58,0.0684168,2.23133
174,0.590604,0.131813,9,2.25333,0.0703396,2.08571
175,0.446297,0.097629,6,1.78667,0.0662367,1.96686
176,0.649557,0.139946,8,2.09333,0.0755723,2.26899
177,0.484457,0.0732176,7,1.31333,0.068221,2.04864
178,0.661098,0.139691,8,2.14667,0.0656652,2.60173
179,0.562191,0.130521,7,2.01333,0.0666641,2.27737
180,0.645452,0.125182,9,2.12667,0.0661246,2.18045
181,0.6483,0.113183,9,1.98667,0.0680503,2.19344
182,0.554237,0.127461,10,2.26,0.0674229,2.30023
183,0.503993,0.0953154,7,1.42,0.0652722,2.21599
184,0.795822,0.162911,9,2.44,0.0647049,1.9582
185,0.436735,0.057714,7,0.96,0.0701834,2.64183
186,0.354697,0.0570679,4,0.94,0.0666479,2.5711
187,0.455155,0.0729808,7,1.36667,0.0658597,2.33706
188,0.63678,0.0607882,8,1.39333,0.0690575,2.78691
189,0.322098,0.0809135,5,1.45333,0.0670117,2.36002
190,0.634984,0.137917,9,2.60667,0.0685656,2.46451
191,0.484045,0.110389,7,1.92667,0.0694295,3.12724
192,0.472139,0.0910762,7,1.72,0.0700551,2.65672
193,0.566633,0.131406,8,2.08,0.0677498,2.72921
194,0.810244,0.190222,10,2.72,0.0671733,2.40613
195,0.529263,0.132214,7,2.16667,0.0646172,2.47266
196,0.532403,0.0844657,6,1.22667,0.0682975,3.03647
197,0.582695,0.135765,7,2.16,0.0669617,2.6735
198,0.497884,0.103491,7,1.92667,0.0673293,2.87708
199,0.587687,0.146152,8,2.38667,0.0667629,2.37075
200,0.686269,0.222634,9,3.14667,0.0679251,2.11527
201,0.535262,0.122039,8,2.24667,0.0638647,1.98731
202,0.615004,0.127729,8,2.33333,0.0692469,2.4772
203,0.68202,0.163171,9,2.48,0.0669494,2.45938
204,0.534031,0.134584,7,2.02,0.0665517,2.69878
205,0.642215,0.138092,8,2,0.0650599,2.49446
206,0.436618,0.0983445,5,1.6,0.0655638,2.56052
207,0.512756,0.126725,6,1.98,0.0656067,2.40364
208,0.397945,0.103069,6,1.69333,0.0670832,2.72245
209,0.51789,0.0648324,8,1.33333,0.0642028,2.18054
210,0.666829,0.113846,9,2.16667,0.0636078,1.98427
211,0.503722,0.0812997,8,1.58,0.0663771,2.14886
212,0.474687,0.0704601,8,1.38,0.0680302,2.6568
213,0.592763,0.118442,7,1.68667,0.0668808,1.928
214,0.303097,0.055877,7,1.10667,0.0677067,2.12357
215,0.540216,0.0789441,7,1.46667,0.0675457,2.09508
216,0.549709,0.0944935,8,1.66,0.0693962,2.52319
217,0.533101,0.0899226,7,1.75333,0.0663052,2.07479
218,0.662766,0.162159,9,2.62667,0.0696888,2.3948
219,0.504065,0.108395,8,1.88,0.0673559,2.58738
220,0.402645,0.0761419,7,1.56667,0.0687531,2.82082
221,0.625018,0.0959839,7,1.64,0.0680695,2.28635
222,0.358319,0.0606127,5,1.18667,0.0662551,2.1328
223,0.542523,0.0876495,8,2.00667,0.071659,2.31971
224,0.741551,0.149342,9,2.32667,0.0710948,1.85347
225,0.510476,0.0949159,7,1.73333,0.0636222,1.96841
226,0.495208,0.0780191,7,1.31333,0.0677052,2.01177
227,0.649622,0.125556,8,1.99333,0.0675376,1.98264
228,0.634119,0.100183,9,1.61333,0.0686439,1.85401
229,0.479877,0.120281,7,1.72,0.0650072,2.6007
230,0.538645,0.0734929,9,1.44667,0.0721839,2.55995
231,0.73938,0.106934,10,2.24,0.0702869,2.79706
232,0.608281,0.0924642,9,1.98,0.0702662,2.16495
233,0.445616,0.0913474,9,1.72667,0.0667961,2.5069
234,0.579328,0.0532204,9,1.34,0.0674326,2.30405
235,0.709436,0.111012,9,2.61333,0.0656658,2.28279
236,0.348132,0.0547739,9,1.53333,0.0676483,2.90805
237,0.487697,0.108075,10,2.24667,0.0667794,2.6673
238,0.564099,0.0868783,7,1.78,0.0679822,2.53839
239,0.640406,0.127509,9,2.73333,0.0666798,2.61373
240,0.691738,0.123786,9,2.42,0.0667782,2.67548
241,0.482435,0.114969,10,2.40667,0.0718762,3.23114
242,0.473773,0.0851146,8,1.81333,0.068201,2.62124
243,0.632015,0.123119,9,2.14,0.0659993,2.51298
244,0.659224,0.129048,9,2.46667,0.0647299,2.34096
245,0.667731,0.105701,10,2.02,0.0681831,2.69397
246,0.612245,0.124816,9,2.26,0.0696849,2.64284
247,0.690263,0.136489,9,2.17333,0.0653172,2.03738
248,0.659248,0.136892,9,2.32,0.0692398,2.20527
249,0.541697,0.0953916,7,1.74667,0.0674477,2.38166
250,0.523932,0.11523,9,2.14667,0.0706109,2.35259
251,0.603572,0.136551,9,2.77333,0.069608,2.63485
252,0.450848,0.0851075,8,1.82667,0.0670564,2.73798
253,0.627643,0.134906,10,2.48,0.0629252,2.6872
254,0.569949,0.0991773,10,2.1,0.0698188,2.99798
255,0.384249,0.0682644,9,1.76,0.0649736,2.75938
256,0.570939,0.0863087,10,1.96667,0.0683739,2.16991
257,0.618989,0.112378,10,2.04,0.0663223,2.24442
258,0.726474,0.10452,10,2.38667,0.0693624,2.33366
259,0.53096,0.0982359,7,2.03333,0.0656092,2.25652
260,0.564559,0.110636,9,2.49333,0.069912,2.61225
261,0.438717,0.102908,8,2.75333,0.0666804,2.717
262,0.738284,0.121394,10,2.66667,0.0689175,2.80755
263,0.499181,0.117244,10,2.31333,0.0677663,2.47087
264,0.52819,0.0987936,8,2.52667,0.0659137,2.76262
265,0.706186,0.140064,9,3.00667,0.0706177,2.67589
266,0.579464,0.147907,10,3.26,0.0670297,2.84415
267,0.434957,0.0893754,9,2.32,0.0667232,2.73104
268,0.516982,0.109611,9,2.6,0.0704779,2.71785
269,0.618726,0.138807,9,3.07333,0.0699642,2.56161
270,0.734746,0.138231,9,2.62667,0.0632735,2.05738
271,0.694731,0.133857,9,2.32,0.0688353,2.22987
272,0.589744,0.113973,9,2.4,0.0683369,2.33106
273,0.712691,0.133596,9,2.54667,0.0685264,2.46779
274,0.801398,0.13832,10,2.94,0.069962,2.48638
275,0.541512,0.117206,9,2.48667,0.0693817,2.64812
276,0.710943,0.144806,10,2.9,0.0689596,2.7957
277,0.49515,0.103215,7,2.26667,0.0654833,2.90099
278,0.680392,0.135807,9,3.13333,0.0674429,3.057
279,0.645494,0.175845,10,3.53333,0.0648087,2.83782
280,0.736626,0.201086,10,4.1,0.0639558,2.321
281,0.595216,0.14353,9,2.97333,0.0667785,2.59342
282,0.627819,0.104735,9,2.6,0.0652587,2.66804
283,0.611784,0.1721,10,3.49333,0.0668331,2.58509
284,0.633142,0.148613,10,3.14,0.06344,2.47148
285,0.642552,0.160503,10,3.52667,0.0664835,2.64695
286,0.571679,0.130012,9,2.89333,0.0658111,2.6779
287,0.645014,0.187346,10,3.62,0.0785021,2.64552
288,0.936717,0.214681,10,3.94667,0.0696189,2.65133
289,0.688503,0.147791,9,3.08,0.0693483,2.70751
290,0.812778,0.214256,10,4.36667,0.0671804,2.6247
291,0.754052,0.128024,10,2.69333,0.068179,2.90864
292,0.849313,0.2065,10,4.05333,0.0698315,3.01548
293,0.691729,0.168709,9,3.14,0.0704871,2.88284
294,0.646928,0.188222,10,3.6,0.0670668,2.67606
295,0.848467,0.202955,10,4.17333,0.0748446,2.987
296,0.789982,0.175491,10,3.3,0.067303,2.88069
297,0.627756,0.181191,8,3.4,0.0670075,3.11624
298,0.535068,0.174838,9,3.69333,0.0661233,2.5414
299,0.684921,0.192065,10,3.73333,0.0675803,2.84924
300,0.657304,0.150524,9,3.02,0.066703,2.82975
301,0.567319,0.143379,10,3.28,0.0693071,3.15704
302,0.72898,0.167696,10,3.65333,0.0667161,2.75612
303,0.683254,0.180969,9,3.39333,0.0670084,2.8284
304,0.637917,0.185628,10,3.93333,0.0642456,2.67395
305,0.865268,0.206229,10,3.86667,0.0713315,2.7665
306,0.827361,0.222655,10,4.13333,0.0678535,2.52469
307,0.738261,0.183369,9,3.62667,0.0668759,3.00358
308,0.723393,0.191405,10,3.74667,0.065436,2.52519
309,0.647712,0.153885,9,3.21333,0.0661371,2.89192
310,0.677011,0.184825,10,3.94667,0.0707378,3.13339
311,0.655008,0.146336,10,2.99333,0.0650295,2.3134
312,0.738251,0.154256,10,3.22,0.069716,2.77288
313,0.661888,0.188375,10,3.74667,0.066503,2.7271
314,0.699281,0.196757,9,3.59333,0.0645652,2.77828
315,0.658589,0.20248,10,3.99333,0.0684692,2.65178
316,0.777941,0.208749,10,4.04,0.0688026,2.62702
317,0.616778,0.147875,10,3.35333,0.0681442,2.75156
318,0.609916,0.164903,9,3.56667,0.0697775,2.95939
319,0.571927,0.155742,9,3.21333,0.0626744,2.69698
320,0.620474,0.160876,9,3.22667,0.0667029,3.13163
321,0.721883,0.182527,10,3.42,0.0672641,2.63161
322,0.787333,0.207317,10,3.58,0.0712638,3.03498
323,0.657593,0.188408,10,3.25333,0.0661328,2.66239
324,0.830013,0.214477,10,3.82,0.0822338,3.01979
325,0.665887,0.16446,10,3.16667,0.0685688,2.92382
326,0.727581,0.202531,10,3.57333,0.0715672,2.88115
327,0.733292,0.201328,10,3.62667,0.0675468,2.84799
328,0.704631,0.200036,10,3.58,0.0641494,2.70341
329,0.689936,0.187039,10,3.51333,0.0694511,2.71225
330,0.647027,0.169709,9,3.04,0.067049,2.53419
331,0.642059,0.174245,8,2.96,0.069077,2.39326
332,0.693037,0.186385,10,3.29333,0.0662672,2.61824
333,0.710895,0.209732,9,3.63333,0.0674063,2.72061
334,0.621591,0.183111,9,3.18,0.0662742,2.67083
335,0.727637,0.170777,9,2.99333,0.0709459,2.79607
336,0.606049,0.125421,10,2.52667,0.0644687,2.82356
337,0.615387,0.155195,10,3.08,0.0677355,3.26153
338,0.684075,0.161493,9,2.98667,0.0689093,2.84724
339,0.801956,0.199443,10,3.73333,0.068671,2.76511
340,0.739321,0.197926,9,3.77333,0.0687333,2.8007
341,0.680236,0.166915,9,3.18,0.0652217,2.66722
342,0.744549,0.162232,10,3.23333,0.0653921,2.54797
343,0.771676,0.220373,9,3.83333,0.0692771,2.51672
344,0.75015,0.209208,10,3.46,0.070169,2.5763
345,0.705024,0.178904,10,3.21333,0.0770756,2.62658
346,0.736495,0.209549,10,3.56,0.0664616,2.74348
347,0.679148,0.187163,10,3.46,0.070785,2.56206
348,0.769004,0.205044,10,3.83333,0.0701922,2.79706
349,0.794483,0.210425,10,3.86,0.0677838,2.38689
350,0.678417,0.186415,9,3.56,0.0687823,2.63857
351,0.440965,0.107878,9,2.56,0.0671017,2.8688
352,0.690834,0.209088,10,4.04,0.0672975,2.55845
353,0.666835,0.176322,10,3.35333,0.0687423,2.50905
354,0.742111,0.190145,10,3.68667,0.0718607,2.7342
355,0.659566,0.119264,9,2.94667,0.0647286,2.79408
356,0.679216,0.189928,9,3.56667,0.0651258,2.45323
357,0.585296,0.137701,8,2.82667,0.067033,2.65149
358,0.721427,0.174278,10,3.48667,0.0701425,2.89473
359,0.834464,0.124029,10,2.52667,0.0669842,2.36044
360,0.705455,0.175247,10,3.26,0.0682789,2.67587
361,0.641654,0.141018,10,3.13333,0.0693548,2.97161
362,0.689264,0.176946,9,3.42,0.070331,2.85364
363,0.641071,0.168671,10,3.25333,0.069277,2.67949
364,0.622544,0.172204,10,3.18667,0.0666277,2.57956
365,0.699285,0.192324,10,3.67333,0.0675179,2.50213
366,0.697511,0.123901,9,2.72667,0.0689439,2.87318
367,0.774382,0.164365,10,3.14667,0.072169,2.76919
368,0.669856,0.139597,9,2.8,0.0699691,2.4115
369,0.628575,0.153831,10,3.17333,0.0697717,2.67342
370,0.562004,0.138789,8,2.69333,0.0672956,2.73505
371,0.603274,0.130682,9,2.47333,0.0669184,2.84402
372,0.800899,0.217393,10,3.73333,0.0683556,3.18302
373,0.653958,0.169096,9,3.22,0.0684102,2.79384
374,0.483805,0.117917,8,2.59333,0.0679792,3.21322
375,0.57335,0.108777,9,2.43333,0.0688963,2.90291
376,0.702158,0.136157,9,3.04667,0.0730258,3.01099
377,0.726005,0.178764,10,3.68667,0.0688564,3.13118
378,0.620162,0.114099,9,2.88667,0.0682909,2.90927
379,0.590487,0.119788,10,2.65333,0.0706843,2.93864
380,0.529443,0.100267,9,2.35333,0.0695794,3.0441
381,0.701786,0.0943749,9,2.34667,0.066471,2.69916
382,0.546135,0.108048,8,2.82,0.0667654,2.96501
383,0.56733,0.118365,10,2.72667,0.0691174,3.01881
384,0.557875,0.125066,8,2.74667,0.0640758,2.94254
385,0.673774,0.176361,9,3.3,0.0681008,2.68571
386,0.63484,0.163777,10,3.12,0.070564,2.58501
387,0.875692,0.207092,10,3.66,0.0720815,2.67896
388,0.745793,0.151905,10,3.16,0.0694763,2.61573
389,0.729963,0.152718,10,3.22667,0.0686288,3.05909
390,0.802335,0.152043,10,3.23333,0.0694746,2.56809
391,0.539729,0.158912,9,3.3,0.0658679,2.96951
392,0.702847,0.176772,10,3.80667,0.0686992,2.94414
393,0.832152,0.16713,10,3.32,0.065929,2.66562
394,0.753173,0.170626,10,3.49333,0.0687104,2.75475
395,0.628061,0.171267,9,3.38667,0.0670778,2.73324
396,0.681292,0.161209,9,3.2,0.0646126,2.58987
397,0.692567,0.188061,10,3.80667,0.0716222,3.20979
398,0.507768,0.131491,10,2.96667,0.0651,2.74504
399,0.637372,0.158529,10,3.24667,0.0663097,3.01611
400,0.565356,0.136384,8,2.94667,0.0657312,2.99712
401,0.797659,0.207778,10,4.16667,0.0675281,2.73436
402,0.664988,0.151681,8,2.72,0.0697257,2.76059
403,0.795709,0.21692,10,3.62,0.097497,2.6721
404,0.722669,0.221826,10,3.96,0.0698267,2.53011
405,0.507012,0.143744,9,2.74667,0.0661857,2.78689
406,0.710157,0.158151,9,2.76,0.0682318,2.78139
407,0.629425,0.158543,10,3.10667,0.0679576,2.70182
408,0.662551,0.17514,9,3.22667,0.0688077,2.99551
409,0.751871,0.19123,10,3.54,0.0849604,2.659
410,0.757319,0.186837,9,3.44667,0.0670053,2.69266
411,0.685017,0.160269,9,3.06667,0.0696516,2.86377
412,0.497607,0.118442,8,2.44667,0.0661716,2.80285
413,0.709239,0.160367,10,3.32,0.0693634,2.82054
414,0.480002,0.113456,8,2.37333,0.0676833,2.79784
415,0.702571,0.142728,10,2.77333,0.0685136,2.825
416,0.663845,0.158896,9,3.24667,0.0648342,2.6578
417,0.63883,0.134911,9,2.76,0.0683942,2.75977
418,0.776897,0.171769,10,3.24667,0.065897,2.52581
419,0.711655,0.216532,10,4.04667,0.0674324,2.65623
420,0.723292,0.196829,10,3.54667,0.0671183,2.37843
421,0.775842,0.196449,10,3.79333,0.0687673,2.53549
422,0.684209,0.165259,9,3.09333,0.0672946,2.74904
423,0.731774,0.183707,10,3.44667,0.0693888,2.5824
424,0.785413,0.198984,10,3.58667,0.0686249,2.66888
425,0.771067,0.193195,10,3.78667,0.0692704,2.65437
426,0.646089,0.176709,9,3.43333,0.0691645,2.90899
427,0.623462,0.187063,10,3.38667,0.0701064,2.60104
428,0.665258,0.210557,10,3.54667,0.0715816,2.59322
429,0.62285,0.153466,9,2.77333,0.069456,2.52188
430,0.608844,0.146035,10,2.84,0.0684659,2.41331
431,0.632878,0.158247,9,3.01333,0.0689365,2.9872
432,0.73362,0.151113,9,2.88667,0.0691841,3.01436
433,0.586181,0.154113,8,2.79333,0.158187,2.67913
434,0.751912,0.162916,10,3.30667,0.067073,2.59347
435,0.835994,0.192347,10,3.54,0.0729597,2.86163
436,0.839829,0.214951,10,3.58,0.0687355,2.73588
437,0.683357,0.201468,9,3.58,0.0657568,2.97822
438,0.705726,0.173523,9,2.90667,0.0680901,2.82732
439,0.726147,0.184259,9,3.44667,0.0700229,2.59136
440,0.604478,0.190205,9,3.39333,0.0773548,2.76468
441,0.694581,0.18876,9,3.28,0.069543,2.54089
442,0.645432,0.179116,9,3.24,0.0692035,2.69694
443,0.714719,0.18499,10,3.50667,0.0704601,2.82417
444,0.632887,0.197361,10,3.73333,0.0697405,2.80469
445,0.708179,0.216668,10,3.72667,0.0711183,2.8412
446,0.641452,0.155586,10,3.14667,0.0669416,3.16756
447,0.777566,0.181133,10,3.20667,0.0668838,2.38439
448,0.551913,0.139677,8,2.6,0.0659541,2.8166
449,0.682315,0.147194,9,3.02667,0.0643407,3.04116
450,0.692482,0.181409,10,3.39333,0.0744205,3.12317
451,0.695816,0.158878,10,3.02667,0.0680194,2.57096
452,0.740124,0.19381,10,3.95333,0.0719544,2.86013
453,0.623317,0.170309,9,3.14667,0.0690889,2.90621
454,0.739448,0.165411,10,3.26667,0.0700792,2.88049
455,0.550983,0.133292,10,2.86,0.0665279,2.74372
456,0.744181,0.171279,10,3.43333,0.0700356,2.83399
457,0.807315,0.20245,10,3.42667,0.0661985,2.59747
458,0.749295,0.187782,10,3.51333,0.0694496,2.66994
459,0.715061,0.18709,10,3.22,0.0668916,2.56884
460,0.774526,0.234967,10,3.7,0.0666498,2.63246
461,0.688754,0.184078,10,3.24667,0.0688233,2.49824
462,0.682627,0.166491,10,3.16667,0.0696094,2.81563
463,0.631214,0.146896,9,3.06667,0.0658941,2.57276
464,0.664464,0.180994,8,3.20667,0.068382,2.70529
465,0.824392,0.187059,10,3.69333,0.0676598,2.53947
466,0.77984,0.185386,9,3.34,0.0690919,2.72832
467,0.82557,0.219928,10,3.98,0.0691505,2.45541
468,0.57924,0.118106,9,2.8,0.0666766,2.7919
469,0.658333,0.152141,10,3.19333,0.0662377,2.69189
470,0.733273,0.179425,10,3.28667,0.0726322,2.60331
471,0.756527,0.268978,10,4.42667,0.070893,2.55898
472,0.748974,0.183945,10,3.55333,0.0709017,2.79722
473,0.527233,0.157893,9,3.42,0.0680383,3.11403
474,0.618305,0.163896,9,3.18667,0.066895,3.16489
475,0.559556,0.119719,8,2.46,0.0645111,3.12908
476,0.650566,0.161926,10,3.32667,0.256191,3.13736
477,0.629305,0.151096,10,2.98667,0.0673464,2.65835
478,0.708189,0.197051,9,3.49333,0.0667345,2.81945
479,0.765167,0.228708,10,3.88,0.0694936,2.42327
480,0.615409,0.180001,10,3.21333,0.0683306,2.49262
481,0.648859,0.160986,9,3.02667,0.0651754,2.67947
482,0.690807,0.20646,9,3.45333,0.0666941,2.77988
483,0.708062,0.188206,9,3.3,0.0699181,2.86515
484,0.540053,0.173819,9,3.34667,0.0653976,2.94171
485,0.76306,0.196212,10,3.58667,0.0682347,2.92943
486,0.669664,0.16422,9,3.14667,0.0637078,2.88814
487,0.833426,0.264994,10,4.32667,0.0711891,2.94143
488,0.829465,0.206914,10,3.78667,0.0722438,2.65979
489,0.638121,0.156058,10,3.27333,0.0715127,2.91033
490,0.5065,0.1079,9,2.22667,0.0741741,3.24982
491,0.71193,0.159383,9,3.00667,0.0645887,2.55664
492,0.719197,0.185381,10,3.66667,0.0698182,2.62191
493,0.629561,0.18301,10,3.72667,0.0667387,2.85675
494,0.63168,0.172275,10,3.42667,0.0670726,3.00462
495,0.66823,0.157487,10,3.06,0.0666419,2.86374
496,0.562588,0.175086,9,3.63333,0.0692184,2.97018
497,0.626868,0.181769,10,3.78667,0.0683835,3.07244
498,0.657139,0.201046,10,4.06667,0.0677851,3.03822
499,0.670263,0.181462,10,3.62667,0.0699262,2.9831
500,0.886237,0.219759,10,4.05333,0.068937,2.62412
501,0.694873,0.215467,10,3.93333,0.0657082,2.83546
502,0.537623,0.125066,8,2.96667,0.0655851,3.15691
503,0.753786,0.210857,10,3.95333,0.0683548,3.01042
504,0.663182,0.207474,10,4.11333,0.117879,2.99198
505,0.675284,0.195996,10,3.94,0.074271,3.01285
506,0.811719,0.223414,10,4.23333,0.0717056,2.83291
507,0.769522,0.245849,10,4.55333,0.068337,2.67106
508,0.751037,0.232837,10,4.26667,0.0674269,2.84415
509,0.707138,0.262838,10,4.64,0.205169,3.0785
510,0.684683,0.235877,10,4.57333,0.0675947,2.61303
511,0.71829,0.259792,10,4.67333,0.0695166,2.6318
512,0.569004,0.160268,9,3.24,0.0663189,3.10819
513,0.760068,0.255085,10,4.82667,0.0692263,2.84303
514,0.571293,0.169646,10,3.45333,0.0670741,3.06667
515,0.759413,0.223898,10,4.30667,0.0683772,2.88418
516,0.516902,0.153702,9,3.12667,0.0682939,3.17643
517,0.655591,0.166108,9,3.34,0.064921,2.54775
518,0.705972,0.200498,10,3.84,0.0685351,2.70808
519,0.768198,0.212349,10,3.84667,0.0655819,2.7806
520,0.763044,0.249941,10,4.67333,0.0709641,2.91714
521,0.642889,0.218345,9,3.78667,0.0766016,2.98788
522,0.851554,0.266879,10,4.8,0.0682139,2.81569
523,0.755951,0.21635,10,4.02,0.0664437,3.00795
524,0.60668,0.210432,9,3.68,0.0720639,2.88118
525,0.750626,0.21524,9,3.62,0.0712369,2.60923
526,0.689585,0.194097,9,3.41333,0.0674546,2.73251
527,0.66922,0.19448,9,3.48667,0.0688861,3.04251
528,0.813613,0.224795,10,3.71333,0.0707366,2.92861
529,0.726394,0.217613,10,3.81333,0.0670295,2.74313
530,0.844579,0.251442,10,4.31333,0.0694485,2.67799
531,0.718225,0.198051,10,3.54667,0.0683245,2.90183
532,0.744038,0.23985,9,4.2,0.0690215,2.78018
533,0.760761,0.219508,9,3.88667,0.0696225,2.95203
534,0.762581,0.262058,9,4.60667,0.0703951,3.00369
535,0.654484,0.170439,10,3.18667,0.0693894,2.9535
536,0.786827,0.258993,10,4.66,0.0722856,2.87083
537,0.652417,0.195522,9,3.58667,0.089748,2.85972
538,0.749264,0.195499,9,3.39333,0.0778897,2.96607
539,0.693865,0.18935,10,3.85333,0.0690948,3.01433
540,0.741213,0.223013,10,4.04667,0.0647125,2.71038
541,0.644988,0.226193,9,3.78,0.0750953,2.6656
542,0.818085,0.198143,10,3.70667,0.0779106,3.10649
543,0.816155,0.242298,10,4.14667,0.0671596,2.79161
544,0.647353,0.245933,9,3.94,0.0652115,2.61965
545,0.721253,0.236821,10,3.94667,0.0663405,2.71662
546,0.646568,0.207047,10,3.85333,0.0705061,2.81038
547,0.673216,0.205068,9,3.58,0.0631975,2.69893
548,0.665936,0.212245,10,3.97333,0.0684009,2.79565
549,0.691362,0.199141,9,3.54667,0.0691557,2.97386
550,0.820785,0.223991,10,3.97333,0.0880368,2.81504
551,0.562595,0.150724,8,2.79333,0.0642698,3.0608
552,0.603364,0.193422,9,3.02667,0.0676545,2.68491
553,0.821969,0.2541,10,3.98,0.0681254,2.25588
554,0.716239,0.20482,10,3.53333,0.0736163,2.8083
555,0.649061,0.16942,10,3.26,0.0806468,3.00192
556,0.695577,0.191619,9,3.30667,0.0689231,3.13285
557,0.799054,0.244272,10,3.96667,0.0698389,2.81949
558,0.702934,0.266192,10,4.45333,0.0713205,2.80868
559,0.769412,0.258443,10,4.58,0.0959451,2.87738
560,0.814659,0.25331,10,4.29333,0.076182,2.99976
561,0.890892,0.246443,10,3.87333,0.0862866,2.87941
562,0.74307,0.241337,10,4.15333,0.0723823,3.18516
563,0.757069,0.223856,10,3.97333,0.0671624,2.71818
564,0.686988,0.217501,10,3.92,0.22009,2.75799
565,0.762976,0.238648,10,3.86,0.0668928,2.62334
566,0.856055,0.242081,10,3.96667,0.0702466,2.41873
567,0.818566,0.244419,10,3.96667,0.0696935,2.60697
568,0.706944,0.229074,10,4.12667,0.0692562,3.06958
569,0.810905,0.257906,10,4.58,0.0653348,2.73567
570,0.727771,0.207088,10,3.50667,0.0709511,3.05871
571,0.690648,0.19009,10,3.50667,0.0680155,2.69244
572,0.757868,0.224716,10,4,0.0690718,2.77083
573,0.731778,0.255111,10,4.38667,0.0735399,2.97106
574,0.773682,0.220844,10,3.80667,0.0698264,2.94282
575,0.765234,0.170371,10,3.40667,0.0677634,2.8992
576,0.714387,0.202143,9,3.77333,0.074837,3.04185
577,0.704187,0.23351,10,4.1,0.0829854,2.94746
578,0.77143,0.247175,10,4.64,0.0713773,2.95888
579,0.647173,0.184627,9,3.46667,0.0677321,2.8744
580,0.669246,0.165836,9,3.22,0.065731,3.04181
581,0.808181,0.202797,10,3.46667,0.0739374,2.66532
582,0.621894,0.170824,10,3.44,0.06633,2.66126
583,0.838667,0.218696,10,3.99333,0.0701417,2.65171
584,0.75352,0.199359,9,3.52667,0.0694218,2.77097
585,0.769052,0.242889,10,4.42,0.0688177,2.69007
586,0.661192,0.217867,10,3.6,0.0652855,2.76199
587,0.816466,0.20851,10,3.94,0.0696072,2.88213
588,0.563094,0.131161,8,2.86667,0.0683603,3.13972
589,0.645096,0.159997,10,3.33333,0.0685874,2.67889
590,0.656641,0.190936,9,3.73333,0.0710075,3.08332
591,0.683034,0.161654,9,3.2,0.0677228,2.63853
592,0.622805,0.177941,9,3.5,0.0651216,2.9125
593,0.71249,0.139854,9,2.91333,0.0750588,3.14829
594,0.619816,0.139447,9,2.52,0.0649092,2.77084
595,0.774174,0.201437,10,3.54,0.0714675,2.63061
596,0.668408,0.149379,9,2.83333,0.0731804,2.7549
597,0.823945,0.172754,10,3,0.0670278,2.6679
598,0.775759,0.193499,10,3.58667,0.0809832,2.53043
599,0.812426,0.156852,10,2.87333,0.0704103,2.44145
600,0.676304,0.143312,10,2.66,0.0653187,2.46189
601,0.614679,0.151696,9,2.87333,0.0669072,2.46068
602,0.729246,0.119437,9,2.62667,0.0696858,2.95752
603,0.71375,0.147548,10,3.00667,0.0697014,2.83292
604,0.758102,0.192005,10,3.98667,0.0696969,2.86275
605,0.721032,0.172147,10,3.42,0.0650228,2.77703
606,0.606103,0.153541,8,3.47333,0.0670744,2.98347
607,0.706829,0.22092,10,4.22,0.0709397,2.77678
608,0.837462,0.180301,10,4.00667,0.0752221,2.7331
609,0.503063,0.113129,10,2.72,0.0800951,3.04781
610,0.490479,0.111053,8,2.61333,0.0688473,3.12258
611,0.726626,0.205465,10,4.11333,0.0648299,2.73312
612,0.579018,0.133149,10,3.14,0.0659102,2.90593
613,0.667732,0.146546,9,3.02667,0.0683141,3.18741
614,0.565752,0.116256,10,2.96,0.0687319,3.36709
615,0.551153,0.147569,9,3.04,0.0670529,2.8561
616,0.603473,0.142801,9,3.36667,0.0756447,3.23593
617,0.692743,0.16934,9,3.75333,0.0715259,2.82193
618,0.682886,0.169087,8,3.4,0.0732364,2.89342
619,0.589988,0.158491,9,3.72667,0.0673164,3.07657
620,0.596742,0.140112,10,3.46,0.0674162,2.85522
621,0.603068,0.167706,10,3.42,0.0649299,2.50697
622,0.577764,0.142081,9,3.18667,0.0681271,2.98037
623,0.905521,0.238187,10,4.45333,0.0694591,2.53847
624,0.657668,0.185506,10,3.80667,0.0689368,2.65729
625,0.656242,0.14011,10,3.18,0.0700581,2.96224
626,0.55475,0.160988,10,3.40667,0.0648316,2.9215
627,0.731418,0.2101,10,3.96,0.0706288,3.16841
628,0.563667,0.158406,9,3.1,0.0656363,2.81239
629,0.547358,0.143032,9,3.13333,0.0650451,2.99699
630,0.806921,0.158009,10,3.46,0.0804555,3.09955
631,0.535039,0.115087,10,2.98667,0.0694006,3.21702
632,0.660049,0.175832,9,3.71333,0.0691085,3.12415
633,0.488174,0.149328,9,3.09333,0.0703065,3.0111
634,0.606897,0.154521,10,3.5,0.0798355,2.91933
635,0.638168,0.154908,9,3.08667,0.0664824,3.06928
636,0.536735,0.1187,8,2.72,0.0845279,3.1975
637,0.573577,0.129721,8,3.22667,0.0694359,2.94555
638,0.645991,0.126521,9,2.89333,0.0662668,2.83679
639,0.638906,0.139585,10,2.88,0.0683884,2.76911
640,0.61201,0.11448,9,2.38667,0.0641191,3.01958
641,0.636979,0.121783,9,2.25333,0.0652112,2.98328
642,0.601649,0.136222,9,2.7,0.0641254,2.55206
643,0.657608,0.120404,10,2.72,0.0647988,2.44901
644,0.547021,0.12729,7,2.62,0.0662373,2.96455
645,0.568686,0.109829,9,2.44,0.0709378,2.7675
646,0.651414,0.147051,10,2.91333,0.0675119,2.66561
647,0.670146,0.139308,10,3.04,0.0660177,2.55653
648,0.571119,0.135843,9,2.72,0.0734222,3.00951
649,0.756632,0.197173,10,3.63333,0.0699469,2.88375
650,0.667269,0.160701,9,3.06667,0.0713829,2.96445
651,0.695215,0.167532,10,3.46667,0.0703677,2.92965
652,0.710891,0.152682,9,2.72,0.0707322,2.78862
653,0.786272,0.158972,9,3.34,0.0681127,2.66826
654,0.749828,0.221254,10,3.73333,0.0690989,2.72702
655,0.688353,0.181924,9,3.28667,0.0703102,2.6023
656,0.778149,0.182236,10,3.60667,0.0688425,2.73004
657,0.597669,0.167184,10,3.22,0.0665126,2.67358
658,0.626171,0.126275,9,2.76667,0.0649726,2.74763
659,0.579292,0.143113,9,3.30667,0.0676078,3.07857
660,0.704568,0.16301,10,3.5,0.0688359,3.2617
661,0.76231,0.211333,9,3.61333,0.0700081,2.72529
662,0.719047,0.216158,10,3.67333,0.0708833,2.77101
663,0.862282,0.199393,10,3.66,0.067218,2.5968
664,0.594258,0.117398,9,2.49333,0.0683766,2.94552
665,0.666567,0.0955454,9,2.26,0.0691065,3.12124
666,0.727582,0.136108,10,2.77333,0.0653821,2.81143
667,0.620446,0.162329,10,3.44,0.0675248,2.78741
668,0.591718,0.130316,8,2.58,0.0654141,2.92976
669,0.591633,0.165035,9,3.14,0.0671634,2.73374
670,0.628373,0.158161,9,3,0.0664544,2.84611
671,0.740328,0.219552,10,3.86,0.0677392,2.31245
672,0.722434,0.214892,10,3.8,0.0706002,2.74269
673,0.648445,0.120541,9,2.82,0.0706831,2.85433
674,0.577684,0.101078,8,2.27333,0.0650998,3.07259
675,0.628424,0.11936,9,2.54,0.0668367,2.88506
676,0.64209,0.133987,10,2.8,0.065304,2.65564
677,0.622091,0.138494,10,2.65333,0.0651548,3.21817
678,0.537709,0.102478,9,2.23333,0.0660843,3.24198
679,0.59461,0.146504,9,3.03333,0.0674901,3.07609
680,0.775955,0.132137,10,2.8,0.0685369,2.78684
681,0.713212,0.205592,10,3.88667,0.0696586,2.83587
682,0.630423,0.156544,9,3.10667,0.068609,2.73789
683,0.653568,0.155428,9,2.73333,0.0695583,2.95256
684,0.650528,0.184441,9,3.48667,0.109122,2.59111
685,0.850883,0.206681,10,3.60667,0.0686207,2.86823
686,0.840788,0.178151,10,3.30667,0.0707143,2.70098
687,0.716176,0.165234,9,2.79333,0.0688609,2.63272
688,0.643602,0.171195,10,3.06667,0.0693465,3.10419
689,0.749277,0.239729,10,3.92667,0.069229,2.53787
690,0.655353,0.204689,10,3.53333,0.0714652,3.08779
691,0.715866,0.174818,9,3.08,0.0694509,3.11614
692,0.710273,0.160871,9,2.84,0.0681316,2.67206
693,0.694143,0.15086,9,2.61333,0.0681893,2.65553
694,0.635364,0.154435,10,2.76667,0.0687125,2.65453
695,0.66717,0.143013,10,2.88,0.0662467,2.72447
696,0.793355,0.205062,10,3.44,0.0684628,2.47352
697,0.653131,0.17856,10,3.23333,0.065787,2.6106
698,0.683661,0.167206,9,3.1,0.0663995,2.61427
699,0.645911,0.110032,9,2.28667,0.0675108,2.90354
700,0.54725,0.0956307,9,2.12667,0.0656658,2.87106
701,0.77946,0.133491,10,2.56,0.0637163,2.61455
702,0.502011,0.112999,7,2.27333,0.0642888,2.72126
703,0.70993,0.188999,10,3.48,0.0691826,2.78974
704,0.71952,0.200322,10,3.49333,0.0685921,2.80213
705,0.474264,0.126056,8,2.42667,0.0681403,3.29108
706,0.761395,0.200783,10,3.40667,0.0667921,2.44641
707,0.760292,0.180021,10,3.59333,0.0690767,2.86938
708,0.706637,0.167624,9,3.40667,0.0697868,2.73052
709,0.684264,0.144018,10,2.76,0.0664523,2.72775
710,0.552992,0.112117,8,2.51333,0.0647458,3.05611
711,0.738362,0.164872,9,2.9,0.0694446,2.53795
712,0.645861,0.155138,10,3.13333,0.067555,2.79933
713,0.591845,0.148645,8,2.67333,0.0693461,2.90403
714,0.843843,0.167815,10,2.94,0.0857717,2.92345
715,0.604063,0.1535,9,2.77333,0.0677893,2.70252
716,0.73057,0.133049,9,2.55333,0.0717064,2.91246
717,0.649308,0.141363,9,2.83333,0.0694216,3.18366
718,0.57021,0.114011,8,2.38,0.0667413,3.01293
719,0.627233,0.182403,9,3.29333,0.0708817,3.05961
720,0.622022,0.154268,9,2.86667,0.069142,2.65305
721,0.548419,0.121804,9,2.27333,0.0677679,2.89509
722,0.733327,0.248128,10,4.28667,0.0712294,2.36877
723,0.7334,0.185906,10,3.64,0.0712188,2.8135
724,0.787389,0.181186,10,3.49333,0.0692474,2.64326
725,0.552891,0.141081,9,2.8,0.0680898,2.82862
726,0.621811,0.136338,10,2.64,0.0687927,2.95955
727,0.613204,0.135315,10,2.81333,0.0655002,2.74434
728,0.636278,0.112831,9,2.42667,0.067446,2.94761
729,0.707385,0.135737,9,2.86667,0.0653805,2.82938
730,0.58359,0.171622,10,3.06667,0.0672167,2.66431
731,0.765585,0.160354,10,3.22667,0.0708941,2.66382
732,0.654307,0.163462,9,3.31333,0.0689731,2.79853
733,0.656328,0.15077,9,2.89333,0.0685344,2.56625
734,0.668598,0.189871,10,4,0.0720102,3.09162
735,0.6761,0.153348,9,2.86,0.0705061,2.88302
736,0.81109,0.229842,10,3.82667,0.070447,2.75913
737,0.657505,0.167785,10,3.14,0.0682025,2.69805
738,0.711193,0.172903,10,3.22,0.0701067,2.8525
739,0.657167,0.154593,9,2.73333,0.0672774,2.92518
740,0.573478,0.116869,8,2.32667,0.0660488,2.84025
741,0.831027,0.200626,10,3.55333,0.0739039,3.13434
742,0.620217,0.154537,9,2.74667,0.0665412,2.47955
743,0.643696,0.151588,9,2.64667,0.0700575,2.76135
744,0.660932,0.15307,9,2.92667,0.0700014,3.02965
745,0.703555,0.149771,10,2.96667,0.0731485,2.96317
746,0.714593,0.181802,9,3.31333,0.0638191,2.50793
747,0.761885,0.16158,10,2.99333,0.0678646,2.6628
748,0.685564,0.156446,10,3.06667,0.0679691,2.85351
749,0.579979,0.133419,9,3.12,0.0724037,3.16807
750,0.544438,0.15054,9,2.98667,0.0675529,3.11022
751,0.727073,0.221689,9,3.96,0.0683136,2.78432
752,0.58166,0.111034,10,2.61333,0.0708044,3.07246
753,0.645312,0.158579,9,3.08667,0.0663821,2.87476
754,0.797904,0.155037,10,2.98,0.0695547,2.83992
755,0.815945,0.139023,10,2.94667,0.0655313,2.52034
756,0.683895,0.173608,10,3.06,0.0694562,2.92856
757,0.669464,0.188844,9,3.29333,0.0669377,2.88604
758,0.641934,0.170989,10,3.18667,0.0707907,2.78583
759,0.737854,0.180929,10,3.18,0.0652361,2.63677
760,0.676252,0.176294,9,3.25333,0.0672349,2.98781
761,0.530917,0.112117,8,2.46667,0.0745943,2.82525
762,0.696478,0.147925,10,2.85333,0.0689447,2.87143
763,0.764204,0.209714,10,3.66,0.0686848,2.77318
764,0.544904,0.151175,10,2.72667,0.0696285,2.78312
765,0.691112,0.172797,10,3.01333,0.0684922,2.6951
766,0.651815,0.113303,9,2.38,0.0674877,3.0737
767,0.736739,0.181349,9,3.12,0.0675773,2.50642
768,0.769229,0.161327,10,2.96,0.0714649,3.0063
769,0.692917,0.166781,10,3.30667,0.0709098,3.03972
770,0.540776,0.149486,10,2.89333,0.0682599,3.00459
771,0.677259,0.211696,9,3.55333,0.0722532,2.92202
772,0.597049,0.162662,9,2.93333,0.0665352,2.86554
773,0.557387,0.179164,10,3.47333,0.070775,2.79946
774,0.569178,0.159067,9,3.19333,0.0663271,2.67567
775,0.687128,0.168599,10,3.28,0.0637531,2.6574
776,0.611752,0.160091,9,3.16,0.0659223,2.61154
777,0.765376,0.176684,10,3.36667,0.067538,2.84676
778,0.824256,0.194836,10,3.65333,0.0675678,2.8833
779,0.742512,0.202852,9,3.68,0.0684408,2.72905
780,0.720048,0.176025,10,3.09333,0.0674487,2.8406
781,0.752689,0.235618,10,4.02667,0.0659451,2.58911
782,0.761292,0.161452,10,3.06667,0.0684423,2.58849
783,0.749717,0.187447,10,3.23333,0.0650913,2.84454
784,0.656521,0.184944,10,3.31333,0.0711368,2.83183
785,0.579947,0.197181,8,3.20667,0.0690286,2.55009
786,0.545229,0.166662,8,2.94667,0.0689233,2.83594
787,0.741079,0.252595,10,3.97333,0.064066,2.57643
788,0.599331,0.168798,9,2.92667,0.067475,3.11052
789,0.858045,0.210411,10,3.71333,0.0683832,2.74557
790,0.810638,0.245756,10,3.80667,0.0670662,2.73496
791,0.682838,0.216935,10,3.78667,0.0696647,2.87938
792,0.756161,0.247969,10,4.22667,0.0668662,2.71353
793,0.691235,0.182201,9,3.26,0.0724626,2.9173
794,0.66206,0.187923,10,3.88667,0.0676531,3.07212
795,0.694445,0.166418,9,2.94667,0.0647821,2.90745
796,0.721393,0.221519,10,3.8,0.0654141,2.60819
797,0.532594,0.14804,9,2.96667,0.064528,3.05476
798,0.675986,0.208948,10,3.54,0.0658278,2.76804
799,0.735357,0.204277,10,3.68667,0.0691037,2.82554
800,0.874291,0.255181,10,4.09333,0.0715381,2.43164
801,0.802422,0.230128,10,3.83333,0.0687232,2.41724
802,0.790627,0.203122,10,3.5,0.0725475,2.1592
803,0.647453,0.181892,9,3.10667,0.07157,2.96693
804,0.687434,0.227329,10,4.02,0.0719642,2.55015
805,0.65306,0.202137,9,3.84667,0.0690838,2.69794
806,0.71624,0.231089,10,4.1,0.0673844,2.52892
807,0.606273,0.155951,10,2.98667,0.0656734,2.49013
808,0.612728,0.163612,9,3.08,0.0666608,2.68384
809,0.829176,0.219241,10,3.84667,0.0712408,2.69752
810,0.654877,0.141079,10,2.76667,0.068625,2.81317
811,0.574489,0.124945,9,2.67333,0.0677176,2.8794
812,0.621732,0.125295,10,2.76667,0.0673166,2.95297
813,0.687461,0.159071,10,3.08667,0.0708705,2.93053
814,0.519007,0.113478,9,2.77333,0.0662231,2.80935
815,0.714145,0.158086,9,3.06667,0.0687645,2.76889
816,0.824218,0.144986,10,2.99333,0.0699592,2.64394
817,0.634594,0.136905,9,2.72667,0.0704098,2.81564
818,0.771395,0.172459,10,3.30667,0.072261,2.43296
819,0.725507,0.171524,10,3.27333,0.0682942,2.53178
820,0.549459,0.124034,9,2.78,0.0663897,3.1547
821,0.742392,0.212722,10,3.76667,0.0652145,2.76224
822,0.672507,0.18082,9,3.69333,0.0703233,3.21181
823,0.78306,0.195678,10,3.61333,0.0686896,2.9737
824,0.716123,0.173924,10,3.55333,0.0720176,3.25916
825,0.517692,0.130387,8,2.77333,0.0680102,3.2436
826,0.707951,0.187665,10,3.64,0.068852,3.18395
827,0.567787,0.139215,10,2.98,0.0664248,2.97474
828,0.779838,0.143464,10,2.95333,0.0712632,2.93593
829,0.62027,0.114298,10,2.43333,0.0646316,2.99362
830,0.673664,0.139825,9,2.68,0.070046,3.04255
831,0.633487,0.147782,10,3.20667,0.0694871,3.32058
832,0.704423,0.107077,10,2.56,0.0659776,3.12041
833,0.757756,0.14916,10,3.2,0.0665516,3.04751
834,0.822997,0.124782,10,2.47333,0.0699584,2.70669
835,0.757687,0.129799,10,2.74,0.070548,2.51534
836,0.604168,0.136427,9,2.94,0.0680623,2.68749
837,0.578213,0.0949915,10,2.38,0.0715842,2.72345
838,0.748464,0.139037,9,2.78667,0.0704114,2.71129
839,0.597498,0.115027,9,2.62667,0.068556,2.6932
840,0.666627,0.167451,10,3.20667,0.0678957,2.79262
841,0.635656,0.15333,9,2.76,0.0653282,2.66656
842,0.591319,0.0984507,10,2.64,0.0722032,2.94958
843,0.71048,0.145725,10,2.8,0.0650314,2.27119
844,0.538412,0.166601,9,2.75333,0.104768,2.62705
845,0.643149,0.153842,10,3.22,0.0703955,2.8867
846,0.550771,0.110638,9,2.32667,0.0666898,2.76667
847,0.701065,0.147224,10,2.82667,0.0700756,2.72216
848,0.589655,0.144195,9,3.00667,0.0647838,2.72039
849,0.841208,0.171892,10,3.20667,0.0638904,2.88769
850,0.755642,0.179418,10,3.24667,0.0689967,2.52977
851,0.575398,0.129794,9,2.49333,0.0698263,3.04524
852,0.599355,0.138211,9,2.80667,0.0675284,2.70512
853,0.717853,0.186884,10,3.22667,0.070728,2.67509
854,0.712748,0.197628,10,3.58667,0.0717734,2.74129
855,0.573883,0.14949,8,2.74,0.0715571,2.60598
856,0.741501,0.152591,10,3.08667,0.0668324,2.54731
857,0.614138,0.161577,10,3.37333,0.0676049,2.92855
858,0.501232,0.0673812,8,1.72,0.0661253,2.8541
859,0.737311,0.146586,9,3.04667,0.0710323,2.82761
860,0.76913,0.176609,10,3.13333,0.0697379,2.58343
861,0.766775,0.178697,10,3.24667,0.0688251,2.63204
862,0.589203,0.126361,9,2.42667,0.069479,2.98378
863,0.566483,0.131916,9,2.5,0.0687298,2.65349
864,0.686365,0.102849,10,2.24,0.067694,2.66524
865,0.518965,0.104866,9,2.42,0.0634641,3.03341
866,0.652923,0.147356,10,2.93333,0.0698854,2.65594
867,0.767886,0.156772,9,2.95333,0.0688204,2.83694
868,0.656964,0.187514,10,3.28667,0.0703256,3.0135
869,0.784886,0.191055,9,3.54667,0.0693216,2.77941
870,0.652696,0.136066,10,2.56,0.0698434,3.11045
871,0.640209,0.164434,10,2.75333,0.063038,2.78122
872,0.73309,0.157462,9,2.74,0.0651764,2.72323
873,0.617834,0.169709,9,3.06,0.0669339,2.5408
874,0.757526,0.160523,10,2.8,0.0676866,2.76014
875,0.552232,0.117856,9,2.26667,0.0668944,2.66644
876,0.712528,0.135639,10,2.78667,0.0688862,2.61845
877,0.644566,0.120931,9,2.48,0.0665522,2.59141
878,0.548055,0.135827,8,2.68,0.0656701,2.56487
879,0.740871,0.163402,10,3.08667,0.0719239,2.6426
880,0.756729,0.167924,10,3.42667,0.0694161,2.48665
881,0.773176,0.151201,10,3.1,0.0716642,2.62997
882,0.870791,0.152769,10,2.82,0.069649,2.42543
883,0.675665,0.140895,10,2.85333,0.0661852,2.75683
884,0.668415,0.153855,10,2.77333,0.0670897,2.52799
885,0.708622,0.141725,10,2.86667,0.066849,2.73222
886,0.6557,0.130726,9,2.72,0.065047,2.83007
887,0.73956,0.151374,10,3.01333,0.0678954,2.79378
888,0.68852,0.167423,10,3.69333,0.0689374,2.7716
889,0.597267,0.127235,9,2.67333,0.0667884,2.81241
890,0.553347,0.141103,9,3.1,0.0659055,2.77192
891,0.591751,0.126701,10,2.6,0.0661921,2.99999
892,0.733776,0.129936,9,2.66,0.0687627,3.32397
893,0.691959,0.160899,9,3.08667,0.0688401,3.01359
894,0.68514,0.158977,9,3.00667,0.0674855,2.85842
895,0.638122,0.205146,10,3.72,0.067619,2.60858
896,0.733735,0.186974,9,3.73333,0.0699551,2.85067
897,0.841974,0.207858,10,3.76667,0.0663552,2.76692
898,0.58741,0.160317,10,3.28,0.0780782,2.76004
899,0.676125,0.171666,10,3.40667,0.066165,2.87167
900,0.589265,0.173852,8,3.51333,0.0671836,2.96606
901,0.64949,0.145978,10,3.27333,0.0652095,2.78797
902,0.626372,0.139411,8,2.85333,0.0702641,2.92371
903,0.61602,0.149603,9,2.78667,0.0667261,2.88185
904,0.679756,0.142901,9,2.75333,0.0663854,2.72359
905,0.719138,0.180443,10,3.49333,0.0684434,2.94408
906,0.736737,0.114668,9,2.42667,0.0666306,2.75641
907,0.636565,0.136399,10,2.73333,0.0702685,2.88835
908,0.611926,0.148418,9,2.89333,0.0689968,2.82402
909,0.68893,0.168004,10,3.06,0.068908,2.48602
910,0.699283,0.189716,10,3.68667,0.0685841,2.52964
911,0.634296,0.157294,10,3.09333,0.0654068,2.3106
912,0.742087,0.182509,10,3.29333,0.065392,2.52517
913,0.574829,0.126861,8,2.44667,0.0657408,2.80667
914,0.649921,0.150916,10,2.65333,0.0639052,2.58507
915,0.737091,0.196696,10,3.56667,0.0662813,2.61675
916,0.791443,0.200179,10,4.01333,0.0674629,2.73798
917,0.621959,0.152634,9,3,0.0697287,2.69153
918,0.662606,0.138338,10,3.03333,0.0675092,2.66722
919,0.647433,0.156733,9,2.97333,0.0695783,2.81796
920,0.69442,0.181645,10,3.46667,0.0663367,2.69919
921,0.596934,0.153362,10,2.80667,0.0681527,2.72783
922,0.602053,0.146478,9,3.05333,0.0669775,2.8176
923,0.882334,0.185209,10,3.50667,0.0666749,2.80201
924,0.688196,0.145831,10,2.77333,0.0669132,2.65962
925,0.662757,0.152595,9,3.00667,0.0680763,2.58027
926,0.48924,0.129459,8,2.7,0.06735,3.21762
927,0.666166,0.163705,10,2.98,0.0645635,2.45045
928,0.674942,0.189406,9,3.52,0.0691732,2.76079
929,0.736845,0.176522,10,3.34667,0.069856,2.607
930,0.799864,0.211902,10,3.58,0.0709457,2.39092
931,0.59216,0.176992,10,3.3,0.0663854,2.66953
932,0.621299,0.175125,9,3,0.0649091,2.74568
933,0.686771,0.173867,10,3.48,0.070905,2.97248
934,0.746979,0.151535,10,2.89333,0.0681712,2.82398
935,0.663454,0.139112,9,2.76,0.0652955,2.67649
936,0.670063,0.159076,10,3.12,0.0743966,3.36843
937,0.668229,0.169909,9,3.3,0.0679107,2.86753
938,0.657932,0.154025,10,3.2,0.0706393,3.01911
939,0.695063,0.201992,10,3.94667,0.0713897,2.91555
940,0.610544,0.152977,10,3.06,0.0654931,2.538
941,0.669981,0.182165,9,3.58,0.0688348,2.76036
942,0.737702,0.158667,10,2.94,0.0683532,2.6458
943,0.581393,0.140503,8,2.74667,0.0664921,2.81357
944,0.685161,0.1472,10,2.99333,0.0670513,2.83195
945,0.630597,0.144301,10,2.82,0.0665972,2.56781
946,0.546929,0.137813,8,2.7,0.0654731,2.73296
947,0.703028,0.201704,9,3.57333,0.0659906,2.51192
948,0.544317,0.131908,9,2.68,0.0658667,2.6275
949,0.687284,0.159637,10,3.06667,0.0683303,2.69248
950,0.675135,0.184461,9,3.14667,0.0686381,2.67689
951,0.699067,0.17631,10,3.02,0.0666014,2.47229
952,0.712933,0.175658,9,3.23333,0.0671207,2.88994
953,0.809226,0.152107,10,2.68667,0.0672882,2.72591
954,0.899099,0.175991,10,3.07333,0.070287,2.95322
955,0.692968,0.157659,9,2.98667,0.0676372,2.65643
956,0.728905,0.197633,10,3.31333,0.0689747,2.52096
957,0.694258,0.147248,9,2.79333,0.0656187,2.73278
958,0.591702,0.124348,8,2.46667,0.0670316,2.83944
959,0.726777,0.15461,9,2.86667,0.0654855,2.70789
960,0.519415,0.110658,9,2.31333,0.0643543,3.34002
961,0.832478,0.180763,10,3.25333,0.0687885,3.18186
962,0.721126,0.157947,10,3.09333,0.0699997,3.0798
963,0.660404,0.131116,8,2.62667,0.0674811,2.70003
964,0.753362,0.15556,9,2.54667,0.0699098,2.90099
965,0.689366,0.17521,10,3.18667,0.068424,2.38973
966,0.782769,0.186462,10,3.51333,0.0675319,2.65549
967,0.69209,0.165607,10,2.96,0.0669286,2.4464
968,0.687523,0.13252,8,2.22667,0.0680652,2.96101
969,0.812334,0.16447,9,2.98667,0.0655906,2.68224
970,0.719428,0.184647,9,3.26667,0.0708036,2.63736
971,0.647244,0.149596,9,2.87333,0.0663344,2.55372
972,0.709587,0.190212,10,3.45333,0.0647503,2.20624
973,0.820153,0.210101,10,3.54,0.0688644,2.47685
974,0.56939,0.153109,8,2.76,0.0670405,2.51719
975,0.883304,0.201725,10,3.36667,0.0741772,2.62808
976,0.682821,0.16415,8,2.85333,0.0655498,2.59849
977,0.581967,0.116727,10,2.37333,0.0637619,2.78297
978,0.814153,0.188979,10,3.22,0.0670459,2.64018
979,0.529969,0.127034,8,2.46667,0.0679458,2.82058
980,0.575676,0.137278,10,2.76667,0.0671717,3.28089
981,0.64058,0.131037,9,2.82667,0.0697176,3.46128
982,0.71078,0.144569,10,2.73333,0.0748542,3.20204
983,0.615753,0.148222,9,2.95333,0.0685332,2.70904
984,0.594685,0.152681,9,2.78,0.0674989,2.87913
985,0.663369,0.12453,9,2.46667,0.0687252,2.63771
986,0.711235,0.126837,10,2.56,0.0691244,2.73496
987,0.61583,0.140979,10,2.93333,0.0672277,2.42649
988,0.695573,0.152283,9,2.87333,0.0673869,2.56247
989,0.61285,0.16767,9,3.14,0.0651527,2.63576
990,0.758253,0.238715,10,4.10667,0.0705789,2.48531
991,0.677363,0.217098,9,3.73333,0.0656246,2.50769
992,0.788727,0.219583,10,4.12667,0.074278,3.02504
993,0.811427,0.220938,10,3.68,0.068532,3.00313
994,0.603967,0.18916,9,3.39333,0.0976313,3.11711
995,0.696555,0.186472,9,3.16,0.0713575,3.19544
996,0.808995,0.23033,10,4.16,0.0710551,3.01599
997,0.718957,0.225401,10,3.99333,0.0697583,3.05389
998,0.729301,0.206496,10,3.80667,0.0695838,3.0071
999,0.625535,0.186092,9,3.38,0.0704311,2.75263
1000,0.779848,0.23387,10,4.07333,0.0691054,2.57383
