1,0.377464,0.0070625,11,0.286667,0.0682885,1.11213
2,0.336761,0.00895,10,0.393333,0.0721543,1.11803
3,0.278284,0.0159008,6,0.526667,0.0716393,1.4185
4,0.298543,0.015654,7,0.646667,0.0705233,1.4398
5,0.285371,0.0143077,8,0.94,0.0677328,1.57722
6,0.361937,0.0234282,9,1.28,0.118008,1.6024
7,0.252403,0.0269714,11,1.64667,0.138225,1.6648
8,0.222519,0.0253371,7,2.11333,0.17564,3.10493
9,0.392614,0.040832,12,2.98667,0.191696,1.86872
10,0.277759,0.02407,11,1.79333,0.150462,2.16399
11,0.282087,0.0481832,11,2.99333,0.0814589,2.69847
12,0.442093,0.0724954,11,3.57333,0.15083,2.39851
13,0.418494,0.0797007,10,3.56667,0.0696312,2.71331
14,0.37991,0.0510782,13,2.62667,0.065964,2.36399
15,0.335018,0.067435,13,3.64,0.157274,2.45661
16,0.370765,0.0732966,13,3.84667,0.080597,2.04372
17,0.43536,0.0710942,12,3.58,0.157831,2.53236
18,0.333179,0.0495262,11,2.64667,0.0706425,2.3894
19,0.44391,0.07541,11,3.1,0.0678096,2.26486
20,0.401085,0.0797123,12,3.94,0.0798158,2.38405
21,0.321877,0.0770517,14,4.08667,0.109714,2.4782
22,0.399698,0.102617,13,4.4,0.0888414,2.89201
23,0.65951,0.152273,12,5.58,0.0822326,2.79462
24,0.531528,0.0897205,10,4.06667,0.17007,2.94823
25,0.678601,0.142116,13,4.70667,0.0831227,2.74342
26,0.612927,0.0769534,11,3.34,0.0668474,2.47266
27,0.687422,0.119865,13,4.88667,0.0703416,2.71897
28,0.361491,0.0968039,11,3.74,0.0686635,2.49699
29,0.635054,0.132956,14,5.58,0.127067,2.50148
30,0.553703,0.0645366,10,2.66,0.0656797,2.19142
31,0.560041,0.101799,11,3.99333,0.0676927,2.49649
32,0.397643,0.0988576,13,4.31333,0.0670999,2.88785
33,0.452778,0.112396,12,4.61333,0.0709288,2.85025
34,0.472017,0.0936319,11,3.93333,0.0682039,2.93214
35,0.615622,0.124628,12,4.73333,0.175274,2.94923
36,0.560242,0.140842,13,5.39333,0.0801082,2.54953
37,0.531635,0.122558,12,4.41333,0.0720905,2.65044
38,0.56746,0.177687,13,5.57333,0.0745922,2.84039
39,0.534694,0.125975,11,4.26667,0.0779655,3.07888
40,0.535778,0.122226,12,4.46,0.0737081,2.75318
41,0.511793,0.155412,14,5.33333,0.178228,2.79505
42,0.516976,0.157771,14,5.48667,0.0693688,2.74156
43,0.633874,0.145324,13,4.55333,0.231906,2.8521
44,0.535152,0.163713,14,5.37333,0.096311,2.74246
45,0.638089,0.155007,14,5.16,0.0678426,2.58417
46,0.531813,0.10208,14,4.56,0.117446,2.75828
47,0.576981,0.131399,14,5.12,0.0663349,2.66144
48,0.697909,0.149985,14,5.28667,0.154983,2.82361
49,0.692825,0.1848,14,5.74,0.0942721,2.52924
50,0.694622,0.20032,13,5.39333,0.14029,2.81007
51,0.706074,0.207397,14,6.45333,0.0915247,2.63115
52,0.840129,0.231142,15,6.31333,0.0792153,2.40571
53,0.68903,0.212331,14,5.98667,0.148148,2.73741
54,0.687371,0.191187,13,5.71333,0.152051,2.73723
55,0.729508,0.224359,14,6.82667,0.0937268,2.55121
56,0.726891,0.18624,14,5.71333,0.0815077,2.54584
57,0.716433,0.208391,15,6.18667,0.070679,2.60849
58,0.794817,0.196822,15,6.00667,0.0959915,2.98482
59,0.6848,0.178874,12,5.18,0.0796017,2.96133
60,0.798137,0.205472,15,5.90667,0.106959,2.83807
61,0.693765,0.201162,15,5.54667,0.204439,2.83743
62,0.819013,0.262213,15,7.28667,0.132327,2.64502
63,0.625736,0.1577,12,4.29333,0.0721166,2.71185
64,0.663895,0.213522,15,5.66,0.0779992,2.61522
65,0.735239,0.191861,14,5.05333,0.0684285,2.63572
66,0.780108,0.228184,14,6.52667,0.397982,2.86162
67,0.760989,0.206375,14,5.71333,0.124795,2.93239
68,0.711462,0.216927,14,6.3,0.0691615,2.86838
69,0.805117,0.232548,15,6.50667,0.29944,2.63785
70,0.718192,0.2149,14,6.26,0.152797,3.05175
71,0.737881,0.218955,15,5.97333,0.0757764,2.99327
72,0.708529,0.239039,14,6.40667,0.0738807,2.91068
73,0.68784,0.199524,14,5.47333,0.109777,3.03481
74,0.701326,0.206661,14,5.47333,0.0698367,3.07822
75,0.720041,0.185098,14,5.4,0.123726,3.12869
76,0.663722,0.174558,14,4.76667,0.122999,2.92796
77,0.587522,0.211791,14,5.35333,0.0919575,2.91227
78,0.636486,0.192511,13,5.01333,0.113121,2.80808
79,0.622424,0.217372,13,5.71333,0.159036,2.83334
80,0.774987,0.243921,15,6.25333,0.162934,2.69279
81,0.712696,0.219504,14,5.76,0.0701017,2.68305
82,0.685724,0.208048,13,5.1,0.0910683,2.93054
83,0.679928,0.201086,14,5.39333,0.0731593,2.7515
84,0.687356,0.185568,13,5.00667,0.0787231,2.77901
85,0.86107,0.261524,15,6.44,0.147846,2.64298
86,0.770848,0.278901,15,6.66667,0.127534,2.73609
87,0.638728,0.228271,13,5.70667,0.127635,2.73852
88,0.737099,0.221697,14,5.55333,0.0675084,2.66711
89,0.753263,0.222208,15,5.8,0.0968738,2.52499
90,0.66759,0.209312,13,5.34,0.0723314,2.86406
91,0.65287,0.204557,14,5.45333,0.161289,2.8806
92,0.739796,0.230087,13,5.78667,0.0753137,2.73974
93,0.711437,0.170176,13,4.90667,0.130796,2.83587
94,0.808547,0.240093,14,5.9,0.0672411,2.6907
95,0.622281,0.204105,13,5,0.190425,2.78599
96,0.672098,0.232183,13,5.64667,0.151063,2.86833
97,0.655553,0.210565,13,5.41333,0.151345,2.72783
98,0.656659,0.186267,14,5.04667,0.0961998,2.99743
99,0.74478,0.264789,14,6.50667,0.0747166,2.58418
100,0.750987,0.33101,15,7.42667,0.122307,2.51806
101,0.764464,0.250998,15,6.07333,0.155917,2.8164
102,0.754004,0.248768,15,5.98,0.0935769,2.64804
103,0.727985,0.277148,15,7.16667,0.165225,2.4162
104,0.857146,0.319933,15,7.72,0.177323,2.52453
105,0.789029,0.332909,14,7.41333,0.218434,2.62457
106,0.595329,0.215188,14,5.54,0.0721923,3.07969
107,0.752478,0.262744,15,6.50667,0.0847884,2.82446
108,0.697306,0.223563,14,5.4,0.0722131,2.88915
109,0.649779,0.223006,14,5.62667,0.0687084,2.7972
110,0.691667,0.187345,14,5.29333,0.188486,2.98566
111,0.679013,0.227806,12,5.66,0.116715,2.84718
112,0.568067,0.179758,13,5.01333,0.0647857,3.00934
113,0.716948,0.24513,13,6.01333,0.0706955,3.01451
114,0.649899,0.237694,14,6.3,0.218265,2.97973
115,0.712018,0.275399,15,6.62667,0.0716891,3.09806
116,0.670283,0.230046,15,5.5,0.0629092,2.87985
117,0.680109,0.194651,14,4.98667,0.233374,3.15458
118,0.694905,0.242591,15,6.3,0.0732174,2.85238
119,0.856449,0.294715,15,7.44667,0.0995497,2.90052
120,0.726701,0.261187,15,6.44,0.071914,3.06087
121,0.704007,0.263239,13,6.31333,0.0801422,3.23502
122,0.764402,0.301185,15,7.44,0.102602,3.08514
123,0.69075,0.262053,14,6.30667,0.0683269,3.06731
124,0.741074,0.300645,14,7.56667,0.0686743,3.11327
125,0.768971,0.285334,15,7.17333,0.0668725,2.99311
126,0.765724,0.23352,14,6.42,0.0683724,2.94735
127,0.69416,0.267489,14,6.89333,0.136679,2.77422
128,0.741116,0.277119,15,6.96667,0.330551,2.89996
129,0.67831,0.24294,13,6.42,0.0673437,2.88174
130,0.692783,0.272306,15,6.79333,0.0656761,2.80655
131,0.731348,0.286974,15,7.24,0.0695125,3.15121
132,0.690752,0.248788,13,6.3,0.0769718,2.97812
133,0.731473,0.291304,14,7.12667,0.0676713,2.96271
134,0.743874,0.261266,14,6.14,0.0683268,2.63635
135,0.635883,0.24256,14,6.25333,0.068413,3.10971
136,0.688272,0.24834,14,6.26,0.067334,3.00629
137,0.767526,0.251889,14,6.44667,0.0824392,3.18328
138,0.754663,0.332675,14,7.78,0.0814086,2.78401
139,0.777242,0.347831,15,8.05333,0.0694771,2.88016
140,0.735889,0.250017,14,6.02,0.067743,2.8751
141,0.84442,0.295775,15,7.12667,0.081577,2.5959
142,0.725209,0.244434,13,5.97333,0.0700971,2.74338
143,0.745242,0.274986,15,6.82667,0.0674726,3.04032
144,0.640081,0.213585,14,5.69333,0.066749,3.13148
145,0.673784,0.212642,14,5.92,0.0664795,3.34363
146,0.581004,0.246825,13,6.06667,0.0673841,3.36458
147,0.694657,0.2824,14,6.78,0.0694466,3.16419
148,0.660025,0.215493,14,5.72,0.0664102,2.87939
149,0.743592,0.310879,15,7.85333,0.0683525,2.71798
150,0.778641,0.352788,15,8.77333,0.0712105,3.01482
151,0.740141,0.29092,14,7.46667,0.11649,3.297
152,0.756926,0.309649,15,7.28,0.15801,2.87942
153,0.672723,0.254452,14,6.4,0.0769716,3.01339
154,0.737196,0.279536,14,6.88667,0.0676078,2.86871
155,0.813979,0.335879,15,7.44,0.0727282,2.93859
156,0.7532,0.282946,14,6.66667,0.0675115,2.96348
157,0.584385,0.222009,14,5.72,0.0786373,3.25701
158,0.683887,0.302066,14,7.42,0.0699195,3.02899
159,0.683965,0.306133,14,7.34,0.0876162,3.04382
160,0.794741,0.335518,15,7.96667,0.0682822,2.78417
161,0.762505,0.279625,14,7.48667,0.0922738,3.19263
162,0.783589,0.338786,15,8.06667,0.206694,2.76635
163,0.678968,0.287617,15,7.23333,0.0663692,2.8378
164,0.751321,0.32447,14,7.41333,0.0795834,2.93214
165,0.733138,0.334988,15,7.71333,0.0697827,2.61367
166,0.691271,0.275738,14,6.58,0.0765657,3.10435
167,0.666046,0.271653,14,6.61333,0.185122,2.90596
168,0.725382,0.315531,15,7.46667,0.239872,3.04603
169,0.737711,0.297512,15,7.16667,0.0714724,2.75667
170,0.666032,0.228825,14,6.00667,0.0856936,2.94244
171,0.849073,0.429307,15,9.14667,0.0727857,2.59891
172,0.60767,0.207113,13,5.66667,0.0636613,3.21835
173,0.818008,0.350858,15,8.30667,0.067675,2.65901
174,0.672381,0.263942,15,7.10667,0.0677281,2.96421
175,0.766528,0.267359,14,6.74667,0.0758632,2.94085
176,0.668602,0.269401,14,6.73333,0.0683068,2.86135
177,0.764739,0.317866,14,7.06667,0.144223,2.81219
178,0.618248,0.262555,14,6.31333,0.130836,2.90532
179,0.74203,0.291817,15,6.93333,0.0680208,2.59733
180,0.736023,0.260941,13,6.15333,0.0717315,2.75431
181,0.670861,0.223218,13,5.84667,0.103803,3.32073
182,0.682048,0.28619,15,7.32,0.0710841,2.92693
183,0.687495,0.260614,14,6.88667,0.0687766,2.98121
184,0.787117,0.338614,15,8.11333,0.0719899,2.86368
185,0.745663,0.306825,15,7.46667,0.0783609,2.65767
186,0.769189,0.283985,15,6.68667,0.171299,2.99356
187,0.668321,0.208952,14,5.48,0.0687653,3.15657
188,0.740244,0.278347,13,6.66,0.0675028,2.95123
189,0.657716,0.258947,14,6.39333,0.0694468,2.93936
190,0.723079,0.239377,14,6.03333,0.0676254,3.01942
191,0.603424,0.199071,13,5.13333,0.0663333,2.91843
192,0.755648,0.288182,15,7.16667,0.0671536,2.80798
193,0.827239,0.315169,15,7.58667,0.0675726,2.38135
194,0.729346,0.2874,15,6.89333,0.0790935,2.77856
195,0.689038,0.266565,13,6.52667,0.07663,2.43442
196,0.733658,0.201182,15,5.71333,0.0733416,2.42148
197,0.541483,0.178608,12,4.87333,0.072144,2.64981
198,0.772177,0.230386,14,6.22,0.0685445,2.53221
199,0.616064,0.228511,13,5.62667,0.0675548,2.93872
200,0.733203,0.242211,14,6.25333,0.0673711,2.67012
201,0.711182,0.231929,14,6.32,0.073143,2.9278
202,0.714739,0.241342,15,6.22667,0.0669819,2.4627
203,0.65743,0.247523,14,6.30667,0.0661847,2.61658
204,0.786657,0.266667,14,6.17333,0.0832028,2.54709
205,0.807833,0.279847,15,6.86,0.0666617,2.52002
206,0.804753,0.270006,14,7.1,0.0679224,2.67754
207,0.790524,0.327178,14,7.46,0.108438,2.59201
208,0.796065,0.296212,15,6.98667,0.068816,2.61444
209,0.769995,0.325538,15,7.89333,0.0704844,2.7585
210,0.842314,0.327469,15,7.80667,0.1106,2.50465
211,0.668764,0.242309,13,6.09333,0.0697886,2.95245
212,0.751776,0.280986,14,6.78,0.088749,2.59034
213,0.79031,0.271139,15,6.61333,0.0700227,2.91293
214,0.817752,0.261945,15,6.74667,0.072046,2.73932
215,0.634335,0.261863,14,6.57333,0.0732712,2.64642
216,0.719614,0.295632,15,6.84667,0.0679454,2.52355
217,0.620034,0.219811,14,5.46,0.0673295,2.87398
218,0.811991,0.315079,15,7.20667,0.0691458,2.6329
219,0.72188,0.280211,14,6.62,0.0660995,2.61078
220,0.72184,0.26675,14,6.58667,0.0970507,2.92259
221,0.715509,0.223237,15,5.56,0.0693557,2.99676
222,0.726911,0.3105,15,7.08,0.105775,2.82569
223,0.672785,0.218668,14,5.74,0.0860544,2.98895
224,0.68521,0.276415,14,6.77333,0.0724817,2.6387
225,0.707031,0.272835,15,6.77333,0.0670179,2.61235
226,0.643853,0.206527,12,5.38,0.0673717,3.06868
227,0.689469,0.272761,14,6.44,0.0715417,3.02489
228,0.743511,0.297955,14,6.99333,0.0677544,2.73634
229,0.693477,0.273155,14,6.52,0.0668757,2.9911
230,0.671215,0.238625,14,6.04,0.0711507,3.2916
231,0.788495,0.305085,15,7.2,0.0691301,2.63115
232,0.804637,0.299301,14,7.05333,0.0679548,2.58182
233,0.772817,0.266323,14,6.18,0.064632,2.59368
234,0.624771,0.233189,14,5.94,0.117226,2.85004
235,0.709867,0.284069,14,7.02,0.069948,2.79377
236,0.669478,0.238493,13,6.3,0.0777101,3.34093
237,0.705843,0.305051,13,7.32,0.0663883,2.74157
238,0.682307,0.284932,14,7.29333,0.0681017,2.79192
239,0.813093,0.280339,14,7.01333,0.0913845,2.95466
240,0.716012,0.26971,13,7.22,0.0664147,2.82573
241,0.737896,0.297724,14,7.04667,0.0687476,2.84704
242,0.713827,0.306026,14,7.33333,0.105857,2.60362
243,0.675984,0.249311,14,6.22,0.0708973,3.18559
244,0.83136,0.316275,15,7.79333,0.116658,2.67772
245,0.771987,0.283742,14,7.25333,0.0667384,2.76139
246,0.653386,0.267921,14,6.82667,0.0694618,2.83887
247,0.784056,0.294617,15,7.43333,0.0740736,2.80722
248,0.653013,0.257684,14,6.52,0.0994079,3.18628
249,0.813596,0.351068,15,7.82667,0.101321,2.7631
250,0.740963,0.238461,14,6.38667,0.0689293,2.83121
251,0.748721,0.283044,15,6.95333,0.0970656,2.72333
252,0.603873,0.260262,14,6.20667,0.0858692,3.06706
253,0.684304,0.233435,14,5.68667,0.0667367,2.83213
254,0.805471,0.250965,14,6.56,0.0692883,3.0018
255,0.796457,0.292514,15,7.54,0.0710341,2.68441
256,0.697522,0.288686,15,7.04667,0.0684853,2.75354
257,0.679233,0.235531,14,6.66667,0.167093,3.36947
258,0.807286,0.296248,15,7.08667,0.0691715,2.88172
259,0.768207,0.290828,14,7.14667,0.0738524,3.03568
260,0.747742,0.297557,15,7.29333,0.073937,3.06605
261,0.759436,0.256398,15,6.80667,0.0769633,2.89713
262,0.657462,0.206929,13,5.44,0.0729126,3.52171
263,0.735667,0.294665,14,8.10667,0.0663702,2.56816
264,0.599355,0.211593,13,5.57333,0.18388,3.23297
265,0.794459,0.251526,15,6.29333,0.0688661,2.87582
266,0.813412,0.286842,15,7.4,0.10411,2.89851
267,0.750421,0.268627,13,6.46,0.0756488,2.82908
268,0.577748,0.201293,14,5.28667,0.0716464,3.02423
269,0.641147,0.186535,13,5.16,0.0669202,3.29198
270,0.769707,0.25296,15,6.26667,0.0882934,2.89333
271,0.65815,0.228909,14,5.8,0.0679245,2.82647
272,0.737794,0.234929,13,5.98667,0.0699359,2.7755
273,0.836931,0.254615,15,6.66667,0.0666968,2.58474
274,0.708325,0.175641,13,4.91333,0.0672733,3.05257
275,0.806946,0.230201,15,5.84667,0.0684696,3.11485
276,0.758036,0.253165,14,6.39333,0.0697784,2.99553
277,0.622812,0.219092,13,5.83333,0.0755379,3.22061
278,0.650596,0.280024,13,6.51333,0.106017,3.16665
279,0.766496,0.298287,15,7.1,0.0710117,2.72231
280,0.831783,0.264065,14,6.20667,0.0663615,2.60126
281,0.712269,0.228107,14,6.12,0.0673279,3.12144
282,0.739983,0.258615,15,6.60667,0.0821478,3.01695
283,0.735084,0.240836,15,6.23333,0.0708477,3.04421
284,0.764292,0.257744,15,6.38,0.0654587,2.97109
285,0.625539,0.240416,13,6.02667,0.0651706,2.76573
286,0.734271,0.243203,13,6.57333,0.0674132,2.80016
287,0.770439,0.223872,14,6.04667,0.0674681,2.95397
288,0.740071,0.257481,14,6.11333,0.0715637,2.9974
289,0.672614,0.272952,14,6.34667,0.0887015,2.68977
290,0.771142,0.289675,15,7.24667,0.0809443,3.16509
291,0.641799,0.235706,13,6.32,0.0713012,3.06527
292,0.745242,0.323684,14,7.59333,0.0695333,2.73032
293,0.66926,0.258346,15,6.26,0.0672058,2.98065
294,0.762182,0.343732,15,7.93333,0.175716,2.75055
295,0.594503,0.257734,14,6.09333,0.0663488,2.9108
296,0.661465,0.235522,14,6.08,0.172297,3.14712
297,0.651678,0.255787,14,5.82667,0.0876224,3.29944
298,0.766251,0.247318,14,5.77333,0.082885,2.87002
299,0.649235,0.214526,14,5.77333,0.0692081,2.95475
300,0.65405,0.256174,13,6.41333,0.0861109,2.84553
301,0.852856,0.321515,15,7.30667,0.073827,2.70033
302,0.683872,0.256456,14,6.54,0.0699457,2.62906
303,0.692809,0.288384,14,6.92,0.0704141,2.86236
304,0.82903,0.296994,15,6.9,0.0694753,2.71423
305,0.60325,0.243374,12,5.8,0.126347,2.74777
306,0.732219,0.24898,15,6.35333,0.0687981,2.73084
307,0.835456,0.286054,15,6.97333,0.0689776,2.55409
308,0.747557,0.264956,14,6.45333,0.158413,2.87433
309,0.62453,0.235958,13,5.8,0.0687597,2.86061
310,0.703299,0.309658,13,6.94,0.0690023,2.57496
311,0.605154,0.24556,14,5.82,0.0727753,3.15796
312,0.742504,0.294256,14,7.01333,0.0788707,2.98375
313,0.764545,0.253285,14,6.36,0.0677088,2.8803
314,0.642504,0.25336,13,6.14667,0.0671308,2.74179
315,0.7305,0.270387,14,6.27333,0.0901263,2.86348
316,0.713367,0.290062,14,6.84,0.0758292,2.56891
317,0.828685,0.326748,15,6.90667,0.0723331,2.42649
318,0.773866,0.272131,15,6.55333,0.0727416,2.74831
319,0.697525,0.251247,15,5.94667,0.0710654,3.01716
320,0.742135,0.304971,14,6.88667,0.0683192,2.75592
321,0.704444,0.295402,14,6.9,0.0685084,3.06895
322,0.618814,0.226193,13,5.55333,0.0823205,3.04524
323,0.719813,0.291666,13,6.3,0.0721555,3.02345
324,0.754565,0.317067,15,7.18,0.0820256,2.67404
325,0.665149,0.288233,15,6.39333,0.0660253,2.90948
326,0.802746,0.291392,15,7.2,0.0689458,3.05902
327,0.690141,0.275041,13,6.16667,0.0803174,3.03457
328,0.845211,0.320759,15,7.77333,0.0730608,2.67305
329,0.623491,0.172122,12,4.29333,0.0634028,2.9853
330,0.647642,0.21134,13,5.18,0.0666003,2.70176
331,0.660982,0.273327,14,6.56,0.0717658,2.84738
332,0.809415,0.37526,15,8.29333,0.1588,2.69993
333,0.72032,0.260948,14,5.91333,0.068495,2.72808
334,0.797883,0.302138,15,6.85333,0.0708544,2.85017
335,0.781657,0.349404,15,8.08,0.0724597,3.0464
336,0.721861,0.285182,15,6.90667,0.065405,2.73388
337,0.778128,0.252924,15,5.68667,0.069638,3.0231
338,0.7231,0.256525,14,6.6,0.0778093,3.19043
339,0.695462,0.285192,15,7.04,0.0685704,3.09979
340,0.821545,0.350578,14,7.75333,0.0706937,2.90311
341,0.673468,0.28402,14,6.46,0.0695475,2.79624
342,0.726626,0.29999,13,6.96,0.0713714,3.01633
343,0.780167,0.311214,14,6.94,0.0719486,2.86267
344,0.711841,0.261161,14,6.31333,0.0719577,2.83652
345,0.79406,0.346373,15,8.18667,0.0696725,2.72634
346,0.792121,0.338997,15,7.55333,0.0735299,2.52014
347,0.811237,0.327589,15,7.81333,0.0688496,2.80186
348,0.836631,0.26543,15,6.39333,0.0695287,2.8659
349,0.816797,0.287225,15,7.11333,0.0678334,2.88294
350,0.667956,0.232126,13,5.99333,0.0679579,3.06366
351,0.730078,0.299244,14,7.25333,0.0815293,2.92592
352,0.810207,0.277155,14,6.61333,0.0683682,2.90589
353,0.579611,0.211827,12,5.40667,0.0626893,3.18354
354,0.819829,0.261066,15,6.58,0.0859278,3.08992
355,0.782107,0.293296,15,6.67333,0.0674621,2.82906
356,0.682378,0.259014,13,6.41333,0.0678671,2.97254
357,0.779274,0.277358,14,6.64,0.0799912,3.17766
358,0.643204,0.232337,12,5.81333,0.067369,3.05916
359,0.770537,0.240232,14,5.73333,0.0669008,2.72331
360,0.696556,0.240004,13,6.06,0.0671663,3.03573
361,0.719798,0.254064,15,6.79333,0.0733534,3.07943
362,0.858581,0.298518,15,6.76667,0.0705535,2.63531
363,0.784149,0.305671,15,7.14667,0.0710205,2.69864
364,0.749058,0.286295,14,6.48,0.0715688,3.04641
365,0.71902,0.276852,15,6.84,0.0709974,3.02766
366,0.761468,0.309265,15,7.17333,0.105275,3.03498
367,0.719522,0.270543,14,6.55333,0.0700818,3.10218
368,0.707984,0.252303,14,6.30667,0.0701105,3.16782
369,0.755953,0.268836,14,6.32667,0.069502,2.93002
370,0.823031,0.26223,15,6.38,0.0718769,2.97635
371,0.731269,0.256496,15,6.47333,0.0676851,3.20721
372,0.779141,0.268049,15,6.56,0.0738569,2.93859
373,0.664596,0.235749,13,5.43333,0.06803,3.02152
374,0.700548,0.253057,14,6.20667,0.0638385,2.96526
375,0.791825,0.301321,15,7.06,0.0764088,2.97531
376,0.808274,0.295994,15,7.25333,0.0710163,2.77971
377,0.77672,0.304446,14,7.34667,0.0881265,2.95616
378,0.770476,0.274759,15,7.05333,0.0675693,2.91886
379,0.693446,0.296854,15,7.17333,0.0682057,2.86032
380,0.813776,0.275694,15,6.92667,0.06872,3.06079
381,0.76123,0.284134,15,6.64667,0.0715121,3.11733
382,0.612493,0.216828,13,5.15333,0.0650908,2.86423
383,0.749422,0.237845,14,6.2,0.079122,2.91812
384,0.67855,0.212078,15,5.42,0.0664171,3.39076
385,0.748187,0.293846,15,7.06667,0.0750191,3.16243
386,0.677753,0.240192,14,6.01333,0.0692841,2.90502
387,0.750262,0.277908,15,6.74,0.0656539,2.85292
388,0.768291,0.292983,15,6.60667,0.0684025,2.58623
389,0.740263,0.293665,15,7.08,0.0689554,2.71169
390,0.813481,0.316237,15,7.16667,0.0687938,2.68104
391,0.767169,0.302752,14,7.12,0.072157,3.0397
392,0.668929,0.290027,14,6.84,0.0689345,2.81682
393,0.715433,0.266019,14,6.27333,0.0685058,3.08824
394,0.735288,0.276642,13,6.30667,0.0665006,2.91477
395,0.704165,0.286085,14,6.69333,0.0657191,2.69001
396,0.599145,0.23813,12,5.83333,0.0667241,3.26434
397,0.608535,0.252748,13,6.13333,0.0723038,3.18602
398,0.596547,0.263172,14,6.56667,0.0728182,3.16725
399,0.71622,0.308309,14,7.01333,0.0707687,2.95721
400,0.532267,0.19184,13,4.74,0.0652553,3.46789
401,0.590829,0.250701,14,6.23333,0.0715245,3.37815
402,0.638145,0.231233,14,5.71333,0.0639836,3.27433
403,0.582942,0.195424,12,4.96,0.0625206,3.04258
404,0.775024,0.311528,15,7.14667,0.0671049,2.87981
405,0.758527,0.332196,15,7.88667,0.0731552,3.24241
406,0.72762,0.298476,14,7.1,0.100371,3.05169
407,0.766397,0.30015,14,6.68,0.0700387,2.83713
408,0.746137,0.32133,15,7.86667,0.0689567,3.01461
409,0.72445,0.255849,15,6.26667,0.070008,3.39338
410,0.792569,0.313287,15,7.70667,0.172432,3.0828
411,0.833652,0.355893,15,8.30667,0.0703521,2.8105
412,0.817303,0.301529,15,7.19333,0.0714919,3.09713
413,0.715524,0.296526,15,7.09333,0.0685201,2.95773
414,0.667264,0.241376,14,5.70667,0.0752617,3.36983
415,0.757669,0.319325,15,7.28,0.0709222,2.95782
416,0.787331,0.267937,15,6.54667,0.102698,3.15158
417,0.635051,0.240797,14,5.85333,0.0669482,3.42613
418,0.685853,0.253455,14,6.05333,0.0695568,2.98896
419,0.789471,0.314797,15,7.22,0.0687903,3.16564
420,0.743937,0.30719,14,7.25333,0.0713516,2.84491
421,0.673368,0.304238,14,7.16667,0.072455,2.86369
422,0.732935,0.293544,14,6.96667,0.0719873,3.0043
423,0.753452,0.269332,14,6.26,0.0683695,3.02893
424,0.705878,0.269599,14,6.45333,0.06742,3.21736
425,0.741651,0.294107,15,7.4,0.0692121,2.91939
426,0.771116,0.299319,15,7.15333,0.0677401,2.88861
427,0.803116,0.33143,15,7.69333,0.104571,2.83948
428,0.698256,0.281573,14,6.94667,0.0704957,3.31273
429,0.664451,0.274921,14,6.46,0.0735465,3.0373
430,0.679913,0.285671,15,6.72667,0.0690599,3.18594
431,0.712271,0.289827,15,7.00667,0.0660882,3.10265
432,0.68532,0.272765,14,6.76,0.0709845,3.32743
433,0.664277,0.320535,13,7.15333,0.0706849,2.93772
434,0.788472,0.310522,15,7.22,0.0680591,3.00963
435,0.731863,0.314056,15,7.42,0.065604,2.89181
436,0.74553,0.307341,15,7.36,0.0699228,2.8993
437,0.753952,0.30571,14,7.47333,0.0771052,2.89408
438,0.557835,0.235886,14,5.91333,0.0653107,3.56757
439,0.760444,0.280162,15,6.86,0.0657634,3.07554
440,0.791768,0.286804,15,6.75333,0.0701538,3.11249
441,0.747415,0.297487,14,7.12667,0.0777678,3.15319
442,0.760831,0.328605,14,7.57333,0.0698095,3.02683
443,0.688987,0.299091,14,6.82667,0.0712713,3.19952
444,0.696693,0.303314,14,7.44667,0.0733693,3.23237
445,0.724878,0.305044,15,7.17333,0.0726675,3.41857
446,0.798042,0.350548,15,8.12,0.073188,3.01075
447,0.76468,0.303642,15,6.94,0.0687945,3.24225
448,0.790636,0.35127,15,8.34667,0.128763,3.142
449,0.693951,0.250381,14,6.16,0.0676825,3.67728
450,0.672706,0.281647,15,6.29333,0.0681811,3.47068
451,0.635491,0.25248,14,6.28667,0.0684722,3.48295
452,0.651075,0.267285,14,6.37333,0.0666127,3.05569
453,0.665005,0.238552,14,6.03333,0.0658232,3.08931
454,0.802985,0.33246,15,8.08667,0.07032,2.9998
455,0.634511,0.22781,15,5.92667,0.0766736,3.46773
456,0.652929,0.275453,14,6.61333,0.068223,3.5364
457,0.795286,0.312306,15,7.72,0.0702768,2.9069
458,0.640197,0.274988,12,6.01333,0.0686226,3.10516
459,0.693839,0.267634,14,6.50667,0.0693069,2.91164
460,0.735339,0.295101,15,7.1,0.0684089,3.14523
461,0.665765,0.25802,15,6.54667,0.0692917,3.09041
462,0.704522,0.31107,15,7.28667,0.0664069,2.88263
463,0.725117,0.290967,14,6.82667,0.0741306,3.00554
464,0.621357,0.241933,13,5.53333,0.0659471,3.15919
465,0.699301,0.330062,15,7.69333,0.0710643,3.10608
466,0.615408,0.282673,13,6.48,0.102861,3.05122
467,0.687537,0.268709,15,6.94,0.0696353,3.26929
468,0.656136,0.3047,15,7.01333,0.0706434,3.42729
469,0.681056,0.273152,14,6.45333,0.0676591,3.27348
470,0.740774,0.297935,15,6.64,0.0669151,2.86295
471,0.708018,0.351941,15,7.75333,0.0684676,2.76475
472,0.724707,0.273624,15,6.72667,0.0667082,2.8703
473,0.629446,0.270169,15,6.4,0.0735486,2.93793
474,0.765337,0.31465,15,6.70667,0.07108,2.74561
475,0.689445,0.276586,14,6.5,0.0686545,2.91356
476,0.731698,0.291689,15,6.87333,0.171522,2.74594
477,0.724559,0.313742,14,7.17333,0.0713183,2.85603
478,0.758245,0.337345,15,7.14667,0.0662441,2.76368
479,0.750019,0.312461,15,7.42,0.070261,2.73161
480,0.698824,0.243157,15,6.27333,0.066642,2.87928
481,0.786844,0.347003,15,8.1,0.0722708,2.71255
482,0.654683,0.266219,14,6.52667,0.0695095,3.23168
483,0.855232,0.358798,15,8.36667,0.0705281,2.80936
484,0.686785,0.296608,14,7.13333,0.0676119,3.0192
485,0.663459,0.301297,14,7.04,0.083083,2.97679
486,0.805761,0.354565,15,8.03333,0.0668252,2.70644
487,0.675324,0.31894,14,7.5,0.0745014,2.62842
488,0.743648,0.338147,15,7.85333,0.0673311,2.81806
489,0.708702,0.284087,14,7.14667,0.0802538,3.04478
490,0.811456,0.301244,15,7.40667,0.0933945,2.78211
491,0.733692,0.317016,15,7.77333,0.069481,2.78449
492,0.656477,0.308289,15,7.94667,0.0725283,3.18696
493,0.69612,0.343653,15,8.38,0.0690033,2.92784
494,0.790095,0.380537,15,9.02667,0.0680672,2.72354
495,0.798112,0.371484,14,8.40667,0.0702904,2.81542
496,0.697111,0.326131,15,7.39333,0.0694343,2.95027
497,0.884702,0.410098,15,9.04,0.0759988,2.74322
498,0.747156,0.349161,14,7.64667,0.0685688,2.67831
499,0.635843,0.260214,15,6.73333,0.0653949,3.19965
500,0.750865,0.33074,15,8.20667,0.0812181,3.14858
501,0.590167,0.251262,13,6.35333,0.113412,3.42913
502,0.648569,0.282421,13,6.84,0.0668484,3.27127
503,0.707838,0.284381,14,6.68667,0.0663236,2.78264
504,0.729491,0.31218,14,7.72,0.0705386,2.97592
505,0.762837,0.347717,15,7.99333,0.0667725,2.74961
506,0.857749,0.409657,15,9.47333,0.147815,2.78829
507,0.805991,0.37805,15,8.46667,0.0707696,2.60285
508,0.753543,0.303995,14,7.37333,0.0699406,2.97607
509,0.696504,0.280502,14,7.12,0.0712221,3.11172
510,0.773475,0.281099,15,6.98667,0.0668372,2.93443
511,0.738803,0.265745,15,7.12,0.068845,3.06508
512,0.770479,0.354362,15,8.36,0.0698419,2.96868
513,0.758728,0.285513,15,7.27333,0.0675832,2.74862
514,0.681411,0.307032,15,7.68667,0.0681987,3.01863
515,0.739302,0.308772,15,7.46,0.0771389,2.774
516,0.728857,0.285856,14,7.20667,0.0711238,2.87344
517,0.73684,0.29977,15,7.25333,0.0709533,2.84439
518,0.695887,0.279891,14,6.56,0.0695076,2.68327
519,0.715422,0.263548,15,6.26667,0.07067,3.11963
520,0.787092,0.343382,15,8.06667,0.0719722,2.7721
521,0.730728,0.298338,15,6.94667,0.067545,2.8395
522,0.751885,0.296904,14,7.17333,0.113129,2.58563
523,0.775256,0.375777,15,8.19333,0.0694145,2.55368
524,0.750088,0.337984,15,7.58,0.0705608,2.90037
525,0.703987,0.263398,14,6.60667,0.0669423,3.15437
526,0.748186,0.311063,15,7.39333,0.06911,3.15228
527,0.615346,0.27135,15,6.32667,0.0706911,3.01097
528,0.688135,0.287908,15,6.92667,0.0696363,3.17722
529,0.754662,0.305558,15,7.42,0.0682937,3.10053
530,0.691267,0.335974,15,8.04,0.0734321,2.95446
531,0.739807,0.314814,15,7.3,0.0708136,3.0857
532,0.81331,0.335172,14,7.60667,0.0701626,2.84892
533,0.773352,0.296842,15,6.84,0.0659925,2.68977
534,0.75201,0.303794,15,7.15333,0.0696504,3.06484
535,0.755191,0.311216,15,6.95333,0.0726317,2.81515
536,0.776337,0.304831,15,7.18667,0.0691741,2.8761
537,0.853672,0.340134,15,8.07333,0.0694317,3.02299
538,0.725298,0.313361,15,7.46667,0.118425,3.12605
539,0.671378,0.267142,14,6.71333,0.0737774,3.05091
540,0.686465,0.27081,15,6.7,0.0674945,3.05843
541,0.736705,0.28096,15,6.72667,0.0646686,2.83842
542,0.670332,0.294255,15,7.42,0.0673272,3.21565
543,0.678104,0.295679,14,6.78,0.0682373,3.03477
544,0.794443,0.365031,15,8.36,0.0695574,2.95839
545,0.720093,0.312174,14,7.09333,0.0706313,3.18273
546,0.698847,0.301241,15,7.11333,0.0699073,2.90376
547,0.787897,0.362491,15,8.55333,0.0700239,2.8415
548,0.727026,0.332889,15,7.67333,0.0691736,2.78802
549,0.687945,0.324793,15,7.71333,0.067364,2.97967
550,0.716713,0.297559,14,6.78,0.0666649,3.21904
551,0.652256,0.333273,14,7.89333,0.0692607,3.05846
552,0.697612,0.311533,14,6.92,0.0675618,2.83233
553,0.664155,0.286472,13,6.49333,0.0691533,3.3791
554,0.852599,0.381139,15,8.54667,0.0714509,2.85528
555,0.722042,0.312483,15,7.22,0.0748986,2.95019
556,0.677689,0.298828,14,6.69333,0.0667179,2.7212
557,0.778367,0.354235,14,7.84667,0.0708638,2.93205
558,0.795659,0.326928,15,7.32,0.0700829,2.95237
559,0.72649,0.278606,15,6.48,0.0676619,2.98929
560,0.678302,0.305825,14,6.95333,0.0669292,2.74805
561,0.695092,0.251405,13,6.11333,0.0678248,3.03982
562,0.700081,0.255849,13,5.98667,0.0657429,2.95799
563,0.731694,0.321801,14,6.92,0.0672164,2.69273
564,0.777442,0.316824,15,7.24667,0.0655263,2.93166
565,0.864158,0.420715,15,8.42667,0.0698216,2.62086
566,0.823399,0.333902,15,7.51333,0.0730749,2.49676
567,0.766049,0.274299,15,6.49333,0.0653905,2.952
568,0.694141,0.313812,13,6.96,0.0694147,2.88699
569,0.831544,0.382847,15,8.22,0.0720366,2.76467
570,0.758457,0.350748,14,7.68667,0.0703483,2.6173
571,0.649941,0.306225,14,7.36,0.0698371,3.26158
572,0.675327,0.317168,14,7.02,0.0680816,3.0247
573,0.817568,0.360799,15,8.27333,0.067851,2.7118
574,0.714529,0.291946,14,6.77333,0.105883,3.17879
575,0.717137,0.321798,15,7.52667,0.0978235,3.05942
576,0.805748,0.376974,15,8.22667,0.0682749,2.76556
577,0.771365,0.324411,15,7.26667,0.124361,2.76416
578,0.770958,0.347987,15,8.42667,0.0696829,2.80003
579,0.752737,0.330485,15,7.66667,0.0692145,2.96083
580,0.772714,0.324987,14,7.48,0.0837772,3.06254
581,0.764213,0.344236,14,7.49333,0.0741186,3.01048
582,0.794182,0.387597,15,8.69333,0.078494,2.74899
583,0.755922,0.329942,15,7.69333,0.0736366,2.97776
584,0.781969,0.328506,15,7.28,0.0669898,2.85094
585,0.747407,0.266825,15,6.35333,0.0654036,3.10469
586,0.69158,0.289139,15,6.38667,0.0663711,3.06508
587,0.78887,0.378699,15,8.49333,0.100869,3.13455
588,0.783289,0.337064,15,7.70667,0.0696207,2.9183
589,0.817767,0.361814,15,7.89333,0.0702148,2.93145
590,0.713995,0.277552,15,6.62667,0.0766193,3.02419
591,0.784544,0.3611,15,7.82667,0.0691059,2.82912
592,0.812787,0.376012,15,8.20667,0.0674949,2.87602
593,0.775809,0.343176,15,7.44667,0.0689627,2.7865
594,0.799569,0.337889,15,7.36,0.0725156,3.12343
595,0.720512,0.307359,15,6.78667,0.0683327,3.12958
596,0.722276,0.335266,15,7.9,0.0702315,3.11723
597,0.786009,0.398058,15,8.7,0.0884911,2.85829
598,0.760854,0.307001,15,7.33333,0.0966232,3.52549
599,0.759621,0.321915,15,7.39333,0.0661783,3.16272
600,0.768437,0.348984,15,8.39333,0.0681516,3.05763
601,0.661635,0.293093,15,7.08,0.0680279,3.43622
602,0.758465,0.35588,15,8.23333,0.0680805,2.98807
603,0.762008,0.360013,15,8.01333,0.0691948,2.85967
604,0.735178,0.346787,15,8.07333,0.0697459,3.1355
605,0.743231,0.304355,14,7.06,0.0715086,3.21368
606,0.79318,0.384468,15,8.38,0.0729764,2.90197
607,0.746354,0.288643,14,6.50667,0.0719634,3.07521
608,0.707056,0.277553,14,6.56,0.0715007,3.07053
609,0.673511,0.274894,14,6.36,0.0662589,3.13069
610,0.731198,0.340526,15,7.80667,0.0688765,2.99441
611,0.713991,0.345344,15,8.48667,0.066005,3.02304
612,0.667039,0.308074,14,7.51333,0.0770635,3.20273
613,0.658456,0.265542,14,6.8,0.0864911,3.07423
614,0.645332,0.260522,13,6.22,0.0675498,3.16674
615,0.783235,0.289163,15,6.90667,0.0657057,3.04875
616,0.699385,0.281206,15,6.9,0.068357,3.25467
617,0.667176,0.262526,13,6.5,0.0643019,3.42333
618,0.830696,0.353968,15,8.07333,0.0710228,2.94859
619,0.717862,0.324465,14,7.11333,0.0742633,3.11669
620,0.692747,0.28099,15,7.20667,0.0802508,3.2925
621,0.63235,0.27058,14,6.27333,0.0718349,3.12854
622,0.684502,0.254255,14,6.15333,0.0937253,3.11356
623,0.723893,0.286821,15,6.62,0.0671493,3.17506
624,0.694323,0.313295,15,7.58,0.178447,3.0846
625,0.695473,0.258075,14,6.34667,0.0682431,3.27026
626,0.74896,0.287,15,7.53333,0.0674687,3.06437
627,0.765794,0.305894,15,7.46,0.071514,3.28299
628,0.682914,0.256829,15,6.44667,0.269001,3.48786
629,0.755605,0.350554,15,8.37333,0.14424,2.93255
630,0.618798,0.265852,13,5.98667,0.0644456,3.02466
631,0.70208,0.256761,14,6.38,0.0858595,3.44224
632,0.791163,0.278769,15,6.96,0.0717207,2.84654
633,0.658473,0.220696,14,5.82667,0.0691766,3.46435
634,0.641226,0.258994,14,6.32667,0.0758505,3.0792
635,0.842985,0.310786,15,7.24,0.0716315,2.81789
636,0.825949,0.316575,15,7.53333,0.183542,3.05348
637,0.619117,0.223601,12,5.42,0.156227,3.3366
638,0.616842,0.202043,14,5.39333,0.0648627,3.40301
639,0.601911,0.238618,15,6.14,0.068098,3.5611
640,0.729978,0.276255,15,6.64667,0.347417,3.33934
641,0.747129,0.280017,15,6.92,0.0693284,3.31322
642,0.662907,0.2516,14,6.35333,0.0758212,3.60947
643,0.824251,0.289154,15,7.37333,0.0667159,3.0568
644,0.746565,0.286889,15,7.18,0.0723767,3.04663
645,0.646699,0.264734,14,6.64,0.0655808,3.2938
646,0.739818,0.28435,15,6.95333,0.0673386,3.16521
647,0.717685,0.275027,15,6.70667,0.0702027,3.41394
648,0.644593,0.273519,14,6.86667,0.0786675,3.43189
649,0.799104,0.304515,15,7.18,0.0849416,2.91256
650,0.667506,0.25341,14,6.48,0.0699419,3.30292
651,0.813886,0.334091,15,7.9,0.189142,3.05324
652,0.725164,0.316522,14,7.61333,0.53336,3.2197
653,0.749561,0.339934,15,7.79333,0.145685,3.03933
654,0.766807,0.350482,15,8.25333,0.135641,3.19471
655,0.745699,0.281558,14,6.55333,0.065948,3.10604
656,0.668489,0.307267,15,6.83333,0.0676799,3.18064
657,0.666473,0.248709,13,6.05333,0.0711206,2.99144
658,0.723531,0.298238,15,7.1,0.0722942,3.24048
659,0.743632,0.306568,14,7.18667,0.0683354,3.01168
660,0.658463,0.279657,15,6.72,0.0688083,3.13932
661,0.728221,0.302831,15,7.05333,0.0703067,2.90502
662,0.699804,0.263863,14,6.73333,0.0728816,3.25141
663,0.751205,0.355763,15,8.21333,0.0676709,3.07984
664,0.632534,0.244547,13,6.3,0.0706262,3.48863
665,0.585382,0.217363,14,5.33333,0.0685258,3.49708
666,0.752937,0.291932,14,6.62,0.0800065,2.99638
667,0.780469,0.302932,15,7.03333,0.166825,3.24072
668,0.733951,0.294617,15,6.6,0.0685847,3.08928
669,0.785685,0.325609,15,7.54,0.0731837,2.77994
670,0.702437,0.267692,15,6.49333,0.0697853,3.22456
671,0.669353,0.286361,14,7.19333,0.0698304,3.04245
672,0.707853,0.295947,15,7.2,0.0716569,3.13709
673,0.793685,0.325986,14,7.23333,0.0724075,3.1321
674,0.684896,0.297911,14,7,0.0931039,3.21134
675,0.712987,0.317586,15,7.38,0.0669079,3.02971
676,0.690436,0.289717,15,7.50667,0.091142,3.04172
677,0.691224,0.278844,15,6.48,0.0700907,2.80712
678,0.784054,0.342057,14,7.76,0.0943632,3.04412
679,0.619998,0.250094,14,5.93333,0.0858168,3.37514
680,0.737287,0.300829,15,6.52,0.0666092,2.61939
681,0.631656,0.218671,13,5.4,0.0692626,3.02961
682,0.742888,0.29141,14,6.72,0.070298,3.08711
683,0.722029,0.276368,15,6.6,0.0859316,2.64267
684,0.620279,0.224241,13,5.38667,0.0698838,3.16247
685,0.758032,0.309245,15,6.94667,0.079165,2.6996
686,0.627511,0.250951,14,5.92667,0.068891,3.13532
687,0.645889,0.254112,13,6.24,0.140029,3.2927
688,0.822651,0.311725,15,6.98,0.191392,2.98861
689,0.660509,0.256108,14,6.38667,0.116241,3.09607
690,0.79711,0.325765,15,7.58,0.0686238,3.02065
691,0.848859,0.352198,15,7.63333,0.0712918,2.4724
692,0.718971,0.239089,14,5.90667,0.0670716,3.06248
693,0.678573,0.255827,14,5.82,0.070249,2.97661
694,0.729535,0.242773,14,5.64,0.0666669,2.96296
695,0.671884,0.222803,15,5.77333,0.069646,3.06045
696,0.762764,0.336024,15,7.46,0.0705093,2.79207
697,0.827192,0.331323,15,7.46667,0.104318,2.7751
698,0.755713,0.296849,15,6.74667,0.0664149,2.98608
699,0.71603,0.249147,15,5.86667,0.0907678,3.29388
700,0.719408,0.294807,14,6.68,0.066822,2.95384
701,0.752438,0.303035,15,6.98,0.065029,3.05823
702,0.813344,0.329498,15,7.97333,0.0698255,2.94012
703,0.810987,0.310087,15,7.5,0.0701216,2.89971
704,0.800215,0.379302,15,8.78,0.118288,2.81539
705,0.795033,0.331872,15,7.74667,0.094038,3.06051
706,0.692409,0.293527,15,6.99333,0.0695417,2.90905
707,0.660258,0.276662,14,6.86,0.072251,3.12648
708,0.758921,0.329553,15,7.70667,0.0736418,3.11858
709,0.821064,0.376578,15,8.29333,0.108991,2.98605
710,0.806538,0.29686,15,7.00667,0.0708575,3.0842
711,0.790442,0.258847,14,6.50667,0.0722355,3.0249
712,0.64857,0.259262,14,6.30667,0.0688763,3.23802
713,0.768499,0.356264,14,7.72,0.0814357,2.81892
714,0.775644,0.345709,15,7.98,0.0692929,2.88019
715,0.764582,0.318364,15,7.6,0.120313,2.95988
716,0.699455,0.259724,13,6.28,0.110942,3.03782
717,0.721933,0.287882,14,6.61333,0.167142,3.28937
718,0.744462,0.295402,14,6.98,0.118779,3.15339
719,0.69123,0.251675,15,6.04667,0.267761,3.25294
720,0.692882,0.24025,14,5.79333,0.076291,3.06353
721,0.712574,0.250634,14,6.20667,0.0722735,2.98769
722,0.793722,0.331178,15,7.37333,0.0700216,2.80391
723,0.692205,0.278853,14,6.54667,0.0727698,3.05032
724,0.696668,0.249391,13,5.99333,0.0687337,3.54057
725,0.773004,0.330499,15,7.66667,0.0704889,3.00844
726,0.753188,0.295481,15,6.87333,0.0777028,2.99882
727,0.794896,0.356261,15,7.53333,0.0727964,2.8556
728,0.738557,0.32158,15,7.78667,0.0669894,2.78478
729,0.71703,0.288804,14,6.85333,0.074537,3.22324
730,0.668944,0.274162,14,6.69333,0.399081,3.1664
731,0.781301,0.31452,15,7.42667,0.0857411,2.94962
732,0.673371,0.259381,14,6.45333,0.0701702,3.01755
733,0.819099,0.257158,15,6.21333,0.0656924,3.03143
734,0.65202,0.263993,14,5.99333,0.0738209,2.8759
735,0.838097,0.327231,15,7.7,0.0697347,2.92483
736,0.669052,0.2438,14,6.42,0.0693055,3.19192
737,0.699095,0.252494,14,6.00667,0.0651071,2.85267
738,0.718153,0.303032,15,7.51333,0.130348,3.0738
739,0.722945,0.304782,14,7.11333,0.0754334,3.07554
740,0.648988,0.304475,15,7.46667,0.0781711,2.97507
741,0.761686,0.298511,15,7.08667,0.183742,2.84407
742,0.638898,0.277547,15,6.84,0.0796576,2.98018
743,0.693422,0.279003,15,7.28667,0.0690948,3.11767
744,0.754932,0.287901,14,7.24667,0.0737661,3.10043
745,0.83897,0.380969,15,8.93333,0.0828583,3.07528
746,0.687702,0.263499,14,6.55333,0.0718544,3.15417
747,0.715077,0.259009,14,6.32667,0.071877,3.10913
748,0.76831,0.2961,15,6.83333,0.0717215,2.94495
749,0.739269,0.275212,15,6.71333,0.0817011,3.19005
750,0.691698,0.279931,15,6.96667,0.0712746,3.08438
751,0.681522,0.258533,14,6.90667,0.104961,3.17076
752,0.697055,0.26447,15,6.96,0.208204,3.27116
753,0.791105,0.300919,15,6.94,0.185817,3.0401
754,0.679126,0.262215,14,6.28667,0.107225,3.03482
755,0.745254,0.278938,14,7.05333,0.0675372,3.17297
756,0.652839,0.210037,13,5.53333,0.0668409,3.48203
757,0.679576,0.28323,14,6.82667,0.340645,3.1927
758,0.598969,0.227254,14,5.82667,0.0682217,3.24085
759,0.57713,0.247347,13,6.22667,0.132942,3.01803
760,0.633897,0.237812,13,6.21333,0.0699386,3.2693
761,0.649472,0.260835,14,6.69333,0.0748299,3.19971
762,0.722083,0.249313,14,6.52,0.0766717,3.26574
763,0.694111,0.269397,14,7.01333,0.072406,2.96377
764,0.635971,0.269008,13,6.69333,0.0672235,3.15408
765,0.747462,0.301891,14,7.18667,0.210304,3.15981
766,0.694772,0.265278,14,6.97333,0.202756,3.12439
767,0.66853,0.269533,14,6.7,0.0679433,3.18544
768,0.692489,0.271225,15,6.57333,0.0686974,3.17798
769,0.653686,0.246337,13,6.22,0.38245,3.12325
770,0.750665,0.30484,15,7.78667,0.0696527,3.17505
771,0.603897,0.173664,13,4.76,0.0692784,3.28942
772,0.723203,0.223154,14,6.17333,0.0755677,3.25352
773,0.661563,0.252123,14,6.68667,0.113104,3.28297
774,0.644945,0.249365,15,6.66,0.0699225,3.15125
775,0.778876,0.294666,15,7.11333,0.289288,3.15107
776,0.638686,0.238667,14,6.47333,0.0680877,3.32908
777,0.759412,0.265047,15,6.18667,0.545584,3.17238
778,0.748224,0.284282,14,6.56,0.0733608,2.94905
779,0.783834,0.250187,15,6.67333,0.0955592,3.33346
780,0.697315,0.255707,14,6.51333,0.0696547,3.05377
781,0.666947,0.254133,15,6.58,0.476644,3.26813
782,0.663906,0.251503,14,6.18667,0.127665,3.08471
783,0.695025,0.223821,14,5.54,0.0736852,3.11848
784,0.652831,0.237129,14,5.98667,0.332037,3.10335
785,0.732811,0.24622,14,6.34,0.0722581,3.2856
786,0.691232,0.264343,15,6.78667,0.316744,3.06978
787,0.780011,0.277922,15,6.95333,0.0709436,3.44411
788,0.728497,0.276647,14,6.74,0.211537,3.11685
789,0.700873,0.278693,14,6.82,0.0768574,3.45465
790,0.843857,0.336578,15,7.84,0.17152,2.9579
791,0.668409,0.265038,15,6.84667,0.0751443,3.28046
792,0.654632,0.250899,14,6.5,0.121867,3.18102
793,0.72637,0.253844,14,6.41333,0.0675808,3.1578
794,0.560804,0.235023,13,6.43333,0.073184,3.58542
795,0.78694,0.32482,14,7.94667,0.094485,3.059
796,0.748468,0.279225,15,6.93333,0.16624,2.92096
797,0.763432,0.290509,15,7.16,0.0770723,2.87466
798,0.68003,0.268921,15,6.83333,0.132479,3.07012
799,0.647157,0.217597,15,5.57333,0.0660926,3.23721
800,0.656186,0.257251,15,6.81333,0.0993841,3.24973
801,0.694923,0.282013,14,7.37333,0.0683859,3.08711
802,0.683662,0.278823,14,7.23333,0.112109,3.05843
803,0.672442,0.262711,15,7.08,0.101809,3.36019
804,0.637089,0.199795,13,5.15333,0.0739479,3.19211
805,0.716156,0.224777,14,6.12667,0.0681253,3.55199
806,0.803139,0.269262,15,6.48667,0.127837,2.99428
807,0.700119,0.251906,15,6.58667,0.0794283,3.21432
808,0.726864,0.246537,13,6.25333,0.072378,3.32349
809,0.686438,0.257352,15,6.5,0.0715714,3.34997
810,0.745653,0.307723,15,7.9,0.211933,3.07601
811,0.810994,0.306998,15,7.86667,0.332988,3.05522
812,0.626837,0.25052,13,5.86,0.0646853,3.10068
813,0.729894,0.269771,15,6.70667,0.0680694,3.17229
814,0.722664,0.330103,15,7.94667,0.0876103,2.91809
815,0.766536,0.239823,14,6.33333,0.0867576,2.95744
816,0.648246,0.24164,14,5.8,0.0893851,3.25892
817,0.682379,0.26187,15,7.14667,0.313201,3.23473
818,0.712042,0.277756,15,7.07333,0.0700431,3.13195
819,0.757047,0.285824,15,7.06667,0.196585,3.01902
820,0.767065,0.297765,15,7.80667,0.0854215,3.24372
821,0.767052,0.265779,14,6.86,0.171692,3.16593
822,0.790501,0.308172,15,7.04667,0.487542,3.23311
823,0.710408,0.268205,14,6.34,0.0667346,2.84888
824,0.771543,0.256869,14,6.33333,0.0991717,2.98166
825,0.790645,0.304496,14,6.9,0.0940559,2.68575
826,0.755583,0.326665,15,7.54667,0.0717219,2.81643
827,0.688547,0.295956,14,6.96,0.0697605,2.88559
828,0.734225,0.281158,15,6.90667,0.07989,2.63093
829,0.770963,0.306139,15,6.94667,0.230946,2.84554
830,0.739968,0.322265,14,7.77333,0.0695733,2.67682
831,0.679213,0.284377,14,6.78,0.0737705,3.10986
832,0.685585,0.299907,14,7.1,0.077544,2.96212
833,0.632364,0.227856,14,5.92667,0.0683973,2.9497
834,0.702047,0.262723,14,6.28667,0.0671217,2.9316
835,0.777734,0.313932,15,7.88,0.0769137,2.9435
836,0.693334,0.308215,15,7.17333,0.0865986,3.04177
837,0.686218,0.271914,13,6.44,0.0705867,3.04315
838,0.781034,0.282617,15,6.79333,0.0735483,2.85633
839,0.651581,0.20948,12,4.94,0.0700511,2.88163
840,0.706261,0.240169,14,5.96,0.0686388,2.96903
841,0.725288,0.26661,13,6.68,0.0676819,2.97375
842,0.694225,0.283204,14,6.81333,0.39411,3.03324
843,0.661093,0.240974,13,5.8,0.0704165,3.16877
844,0.714429,0.294405,14,6.74667,0.0703345,2.98296
845,0.71485,0.292103,14,6.96,0.0685373,2.74778
846,0.790278,0.315777,15,7.74667,0.0741205,2.85338
847,0.834664,0.319296,15,6.92,0.083111,2.66022
848,0.720759,0.294677,15,7.02,0.0735182,2.91583
849,0.707556,0.300308,15,6.84667,0.0668196,2.96392
850,0.74333,0.282775,15,6.54,0.0678961,2.87997
851,0.647779,0.306151,13,7,0.0670104,2.97115
852,0.758401,0.313234,15,7.46,0.0773426,2.68607
853,0.622961,0.263832,13,6.62,0.102855,3.10974
854,0.756084,0.301933,14,7.1,0.0676099,2.7201
855,0.702504,0.28729,14,7.36,0.0642945,2.93016
856,0.753841,0.313621,15,7.48,0.0719711,2.78445
857,0.873867,0.345683,15,8.36667,0.0725581,2.49477
858,0.690369,0.204769,14,5.7,0.0706328,3.11511
859,0.733963,0.292659,14,6.81333,0.0659074,2.61569
860,0.770425,0.335553,14,7.81333,0.081565,2.76534
861,0.805926,0.33942,15,7.95333,0.0715663,2.77888
862,0.714025,0.277836,14,6.85333,0.0828797,2.98498
863,0.816881,0.329806,15,7.71333,0.0667204,2.77165
864,0.752515,0.288005,14,7.03333,0.0683656,2.82102
865,0.769847,0.337658,14,7.84667,0.0741338,2.71045
866,0.706442,0.309508,13,7.06667,0.070378,2.81541
867,0.70797,0.307679,14,7.1,0.0679088,2.7361
868,0.628049,0.284704,15,6.14,0.0693703,2.83017
869,0.766517,0.321193,15,7.38,0.0817212,2.56584
870,0.771721,0.316134,15,7.42,0.119999,2.95517
871,0.836659,0.325007,15,7.41333,0.0697302,2.41755
872,0.759983,0.313066,15,7.43333,0.068943,2.79114
873,0.778431,0.314876,15,7.86,0.0711765,2.95786
874,0.753556,0.33641,15,7.32667,0.0718236,2.74299
875,0.65634,0.255821,14,6.02,0.06538,2.98886
876,0.754432,0.258287,15,6.61333,0.103578,2.89803
877,0.720213,0.307382,15,7.82667,0.0706875,2.71723
878,0.63592,0.28456,15,6.8,0.0680086,2.71584
879,0.699046,0.277605,14,7.08667,0.0675391,2.67352
880,0.772115,0.304896,15,7.70667,0.0685993,2.70194
881,0.665104,0.287151,15,7.03333,0.0688538,2.94802
882,0.688166,0.28048,15,6.99333,0.067883,2.80388
883,0.747116,0.338087,15,7.96667,0.0700555,2.55951
884,0.72577,0.239278,14,6.07333,0.0656329,2.6827
885,0.77211,0.293102,15,7.27333,0.0710288,2.66679
886,0.689684,0.265034,15,6.51333,0.0662401,2.58367
887,0.689346,0.255615,15,6.40667,0.0750327,2.72449
888,0.776995,0.278299,15,6.66667,0.0679678,2.70211
889,0.815859,0.285089,14,6.94,0.0667092,2.56759
890,0.737053,0.256916,14,6.25333,0.071876,2.56784
891,0.764553,0.300146,15,7.58667,0.183362,2.79101
892,0.645956,0.237235,13,5.96,0.0642624,2.81266
893,0.715455,0.216427,14,5.85333,0.06879,3.00986
894,0.63091,0.240074,13,5.92667,0.0679891,2.65698
895,0.789051,0.308817,15,7.39333,0.0709565,2.60834
896,0.763684,0.30693,15,7.48,0.0658988,2.72528
897,0.651485,0.226787,13,6.01333,0.0692734,2.89981
898,0.704171,0.278774,14,6.68667,0.0820603,2.69598
899,0.719895,0.254399,14,6.30667,0.0751389,2.80197
900,0.69119,0.252674,14,6.51333,0.0682532,2.47371
901,0.668703,0.238442,14,6.46,0.0676958,3.04913
902,0.776715,0.317464,14,7.66,0.0704482,2.6866
903,0.71471,0.246005,14,6.38,0.0689183,2.96577
904,0.611071,0.231242,14,5.92,0.0682506,3.21662
905,0.616411,0.260443,15,6.73333,0.156428,2.95682
906,0.824745,0.317423,15,7.28,0.0758154,2.68062
907,0.57953,0.233393,12,5.66,0.0642693,3.10713
908,0.691728,0.316496,14,7.42667,0.0699172,2.74119
909,0.77659,0.3257,15,7.77333,0.0748438,2.49068
910,0.628176,0.249464,13,6.15333,0.0660878,2.83721
911,0.809088,0.278528,15,6.97333,0.111777,2.7208
912,0.689881,0.254733,14,6.59333,0.0688613,2.96062
913,0.758356,0.254952,15,6.65333,0.0690756,2.54498
914,0.718122,0.262956,15,6.7,0.0656209,2.83199
915,0.751003,0.319336,14,7.78667,0.0706188,2.68954
916,0.744165,0.294575,14,7.48667,0.0712561,2.84691
917,0.808819,0.305775,15,7.09333,0.0694662,2.93667
918,0.836503,0.389096,15,8.66,0.107058,2.53529
919,0.665647,0.275938,14,6.84,0.0662288,2.75542
920,0.796754,0.340967,15,8.85333,0.237104,2.9866
921,0.755179,0.312439,14,7.99333,0.0821095,2.71416
922,0.751858,0.294543,15,7.34667,0.0658292,2.70466
923,0.510323,0.192464,12,5.11333,0.202739,3.49876
924,0.753957,0.280115,14,6.72667,0.0685474,3.03956
925,0.596068,0.243074,13,6.12667,0.0695194,3.24371
926,0.720263,0.269934,14,6.79333,0.0810686,2.97022
927,0.711049,0.280043,14,6.81333,0.0761649,2.80122
928,0.715922,0.30321,14,7.56667,0.0692127,3.00673
929,0.683811,0.326358,14,7.44667,0.0690687,2.89089
930,0.653031,0.315675,15,7.73333,0.0687438,2.9114
931,0.725399,0.321706,15,8.1,0.0751636,2.87323
932,0.601074,0.265314,13,6.49333,0.0663765,2.93309
933,0.730731,0.235342,14,6.20667,0.0734295,3.2685
934,0.63156,0.278837,15,7.02,0.0801756,2.69998
935,0.758355,0.342225,15,8.3,0.0710267,2.84404
936,0.723587,0.281622,15,7.55333,0.072281,3.10958
937,0.80212,0.291065,15,7.27333,0.081204,3.11715
938,0.831913,0.327054,15,8.17333,0.0712223,2.85238
939,0.690778,0.284987,15,7.08,0.0711796,3.23144
940,0.692634,0.291525,15,7.62,0.0707805,2.81967
941,0.656889,0.273538,14,7.28667,0.0698653,3.17255
942,0.648531,0.276102,15,6.79333,0.104506,3.114
943,0.662172,0.261595,15,6.59333,0.0673174,2.73422
944,0.709298,0.311568,15,7.42667,0.0712303,2.98037
945,0.783012,0.348819,15,7.91333,0.0786052,2.46598
946,0.646776,0.230718,14,6.10667,0.0726741,3.02677
947,0.652194,0.247537,14,6.10667,0.0701713,3.09597
948,0.723363,0.309857,15,7.89333,0.0685501,2.81886
949,0.715706,0.30647,15,7.18,0.0690104,2.62063
950,0.664167,0.288295,14,7.35333,0.16574,2.97216
951,0.654355,0.254468,14,6.6,0.0698746,2.87388
952,0.611179,0.264675,14,6.41333,0.0751644,3.03994
953,0.626738,0.251253,13,6.59333,0.0673138,2.91251
954,0.652625,0.262126,14,6.94667,0.0689814,3.08105
955,0.74412,0.302989,15,7.50667,0.0675205,2.69962
956,0.717617,0.282907,15,7.2,0.0697491,2.71767
957,0.691692,0.293407,13,7.08,0.0750944,2.77899
958,0.729696,0.25762,15,7.31333,0.0741517,3.15369
959,0.65969,0.273923,14,6.92667,0.0693385,2.83433
960,0.731505,0.351746,15,8.15333,0.0722666,2.6957
961,0.754237,0.325026,15,7.83333,0.0703699,2.62456
962,0.693887,0.295975,14,7.04667,0.0780201,2.87004
963,0.693832,0.28144,15,7.15333,0.0721784,3.05502
964,0.77966,0.317527,14,7.84667,0.0720151,2.52542
965,0.658554,0.298982,15,7.76,0.0792629,2.89671
966,0.72893,0.30842,15,7.34,0.0699304,3.06077
967,0.662165,0.317078,15,8.36,0.0658224,2.84443
968,0.730974,0.334708,15,8.62667,0.077796,2.98672
969,0.744289,0.313254,15,7.95333,0.0716614,2.64928
970,0.676278,0.288269,14,7.04667,0.082488,2.95139
971,0.816829,0.328038,15,7.82667,0.0763093,2.42805
972,0.651893,0.251707,14,6.32667,0.0668388,3.00101
973,0.734421,0.336819,15,7.93333,0.0698538,2.65782
974,0.664353,0.2485,14,6.56,0.0738505,3.07191
975,0.568037,0.227212,13,6.14667,0.0673763,2.90254
976,0.67725,0.280121,14,7.28,0.0676108,2.75691
977,0.724739,0.295299,15,8.00667,0.153093,2.9635
978,0.737737,0.345754,15,8.18,0.148435,3.02768
979,0.643978,0.292129,14,7.32,0.0750612,3.09337
980,0.723977,0.262008,15,7.10667,0.172511,2.88926
981,0.659821,0.265486,15,7.13333,0.069589,2.8919
982,0.702963,0.318653,14,8.17333,0.0671362,2.63993
983,0.747801,0.297338,14,7.31333,0.0686347,2.71826
984,0.715502,0.331603,15,8.11333,0.10173,2.79301
985,0.786962,0.336698,15,8.21333,0.0678895,2.681
986,0.745304,0.330037,14,8.18667,0.069657,2.72054
987,0.735284,0.298761,15,8.07333,0.0984187,2.93253
988,0.797726,0.338501,15,8.59333,0.0770471,2.9293
989,0.685082,0.287236,15,7.36667,0.0688941,2.66719
990,0.670645,0.293408,14,7.11333,0.0679551,2.6167
991,0.709378,0.353825,13,8.1,0.0670548,2.70645
992,0.729131,0.311937,14,7.96667,0.06629,2.7839
993,0.703622,0.337598,14,8.46,0.0711341,3.03954
994,0.637069,0.28958,14,7.36,0.0705483,3.04264
995,0.710882,0.327914,15,8.04667,0.0685735,2.51005
996,0.837468,0.345094,15,8.44667,0.0684701,2.4479
997,0.727974,0.272048,15,6.72667,0.0849792,2.9659
998,0.646603,0.222901,14,6.3,0.0670328,3.05123
999,0.748153,0.311061,15,8.28,0.15168,2.9367
1000,0.638917,0.290837,14,7.38667,0.0998141,2.89181
