1,0.185638,0.00278619,7,0.193333,0.0683948,1.03745
2,0.176311,0.00509898,10,0.5,0.0725344,1.28133
3,0.195639,0.00740541,8,0.826667,0.0712866,1.33933
4,0.112803,0.00551443,8,0.846667,0.0665201,1.3858
5,0.0820965,0.00907443,7,1.20667,0.0980312,0.879027
6,0.0773294,0.0113915,11,1.64,0.164055,1.05654
7,0.149589,0.0133966,11,1.82,0.150905,1.43409
8,0.274815,0.0419706,12,3.30667,0.0751333,1.52181
9,0.148438,0.0280196,11,2.28,0.157516,1.05017
10,0.208295,0.0314998,10,2.35333,0.0836893,1.41631
11,0.112774,0.00972029,8,1.47333,0.0775194,1.1323
12,0.238802,0.0291379,12,3.57333,0.0809133,1.67016
13,0.161404,0.0314619,10,3.08,0.174844,1.77202
14,0.151585,0.0218723,8,1.86,0.0835941,1.27266
15,0.127146,0.01419,11,1.78667,0.132858,1.69145
16,0.117073,0.0207348,12,2.28667,0.0692005,1.44648
17,0.329822,0.0545277,10,3.16667,0.0729246,1.5908
18,0.252076,0.0453745,11,2.78667,0.0723628,1.22973
19,0.193008,0.0416681,12,3.68667,0.102736,1.54403
20,0.253809,0.0241425,10,2.75333,0.11213,1.6289
21,0.214157,0.044164,13,3.28,0.0685567,1.93565
22,0.207438,0.0263776,12,3.06667,0.0691225,1.79778
23,0.391001,0.0445945,12,3.78667,0.0804073,1.96546
24,0.269509,0.0741508,14,4.17333,0.0738618,1.82544
25,0.394146,0.05637,12,3.57333,0.180173,1.8999
26,0.466592,0.0588182,12,3.94667,0.091231,1.88237
27,0.344751,0.0591496,14,3.78667,0.10339,2.18791
28,0.41376,0.0787826,13,3.96667,0.0717475,1.91516
29,0.444317,0.0877122,14,5.05333,0.0875353,2.07081
30,0.427004,0.0887197,14,4.77333,0.0822633,2.23564
31,0.238224,0.0526989,12,3.64667,0.0721459,2.4396
32,0.502302,0.0964049,15,4.86,0.0817991,2.14798
33,0.286831,0.0504974,13,2.99333,0.0663881,2.21046
34,0.398801,0.0637828,13,4.2,0.0786139,2.31047
35,0.543541,0.0658931,13,4.02667,0.180274,2.23408
36,0.336827,0.0598535,11,3.11333,0.0709944,2.15954
37,0.446066,0.065519,13,3.79333,0.0960097,2.23345
38,0.471672,0.0912048,13,4.66667,0.0900714,1.89459
39,0.379999,0.0763185,14,3.87333,0.067851,1.92532
40,0.450428,0.0611203,13,3.41333,0.0675738,2.20003
41,0.410587,0.0816341,14,4.28667,0.0700342,2.4097
42,0.362868,0.0920853,13,4.16,0.0665743,2.2218
43,0.533389,0.108633,13,4.78,0.0817873,2.73138
44,0.463048,0.104509,14,4.34,0.0677434,2.26372
45,0.450213,0.103477,13,4.2,0.0897883,2.42659
46,0.486165,0.106588,13,4.30667,0.10977,2.57908
47,0.450265,0.118342,13,4.58667,0.0733648,2.80714
48,0.40262,0.101655,12,4.17333,0.067174,2.9029
49,0.398697,0.110556,12,4.36,0.10872,3.39159
50,0.504464,0.109644,14,4.54,0.0735223,3.05107
51,0.502171,0.15396,13,5.68667,0.10021,3.15329
52,0.445184,0.110437,14,4.87333,0.0652541,3.15471
53,0.425861,0.111027,12,4.32,0.0672797,2.88068
54,0.609779,0.158749,15,5.24667,0.0704127,2.82558
55,0.597124,0.185598,15,6.08,0.0790855,2.8239
56,0.536079,0.144854,14,5.20667,0.0684629,2.87326
57,0.549768,0.125209,13,4.71333,0.132936,2.84356
58,0.530973,0.131989,14,4.94,0.0677097,3.00734
59,0.534278,0.138445,12,4.83333,0.0704719,2.99102
60,0.493927,0.126895,13,4.28,0.0699343,3.2932
61,0.533681,0.142251,12,4.61333,0.068545,2.93117
62,0.561262,0.157675,14,5.16,0.0743217,3.17677
63,0.684501,0.191587,14,5.86,0.0987988,3.17523
64,0.599788,0.120218,14,3.89333,0.064352,2.95478
65,0.570159,0.153958,14,5.06,0.0689118,3.35512
66,0.569559,0.118961,14,4.65333,0.0711772,3.32449
67,0.638308,0.164165,14,5.47333,0.0702544,2.99358
68,0.532217,0.138233,12,4.77333,0.0684821,3.28313
69,0.55235,0.139423,11,4.57333,0.0666856,3.04961
70,0.633612,0.151012,14,4.74667,0.0648887,3.0634
71,0.705274,0.133506,14,4.4,0.0689197,3.25238
72,0.603293,0.163547,12,4.92,0.0907157,3.136
73,0.620093,0.154676,13,5.29333,0.0736882,3.19222
74,0.673672,0.179842,15,5.27333,0.0684598,3.15332
75,0.581522,0.166234,13,5.09333,0.0721494,3.28882
76,0.576037,0.145589,12,4.76,0.0675628,3.36773
77,0.704193,0.210287,14,6.58667,0.0743917,3.05693
78,0.597995,0.196722,13,6.02667,0.0781446,3.05853
79,0.705539,0.182757,14,5.62667,0.0667631,3.01861
80,0.567353,0.184063,14,4.98,0.0907931,3.07008
81,0.709822,0.235832,14,6.84,0.0678184,2.63171
82,0.664589,0.193071,14,5.05333,0.0667836,2.96956
83,0.617286,0.153103,14,4.50667,0.0799358,3.14089
84,0.619907,0.155436,14,4.78667,0.0957057,2.81775
85,0.577117,0.148597,13,4.86667,0.0712648,2.8529
86,0.726518,0.20371,14,5.90667,0.0699326,2.74344
87,0.671253,0.179303,14,5.8,0.0950846,3.13878
88,0.622556,0.179833,15,5.42,0.0698815,3.21933
89,0.745341,0.163259,15,5.28,0.0688409,3.21298
90,0.64506,0.181269,15,5.84,0.0747636,2.9758
91,0.595215,0.163218,13,5.04,0.0705536,3.37461
92,0.646023,0.158155,15,5.03333,0.126295,3.04108
93,0.780137,0.216657,15,6.38667,0.0728567,2.81533
94,0.744829,0.179483,15,5.17333,0.0718174,3.03415
95,0.713648,0.233787,14,6.55333,0.074821,2.98122
96,0.74612,0.223034,15,6.1,0.0860326,2.93506
97,0.714702,0.22338,15,6.16667,0.0707244,2.8906
98,0.698172,0.18929,14,5.24667,0.0683665,3.08302
99,0.691607,0.194214,14,5.85333,0.0660873,3.02874
100,0.616741,0.197293,14,5.82,0.0680317,3.27614
101,0.651559,0.193188,14,5.78667,0.0674676,3.29187
102,0.684071,0.22625,15,6.40667,0.0683548,3.00227
103,0.71343,0.198131,14,5.99333,0.0667966,3.08871
104,0.643314,0.221336,14,6.01333,0.0815263,3.07697
105,0.658125,0.223722,14,6.04667,0.07754,2.84394
106,0.778426,0.236306,15,6.82,0.184543,3.05041
107,0.612351,0.212009,14,6.10667,0.105951,3.16489
108,0.654294,0.214776,15,6.34667,0.162343,3.0851
109,0.714053,0.231356,13,6.07333,0.0756791,3.20571
110,0.648162,0.227655,14,6.22,0.186864,3.22243
111,0.683554,0.234083,15,5.99333,0.0993549,3.07169
112,0.768023,0.271258,15,7.12667,0.172245,2.83714
113,0.678059,0.20518,14,5.6,0.083607,2.94163
114,0.753671,0.242998,15,6.38,0.0926316,3.03095
115,0.730572,0.258259,15,6.86,0.166923,2.8354
116,0.613474,0.210078,14,6.06,0.0971393,3.19373
117,0.670388,0.256184,14,6.73333,0.0905586,3.12921
118,0.633859,0.214084,14,5.9,0.07551,2.94501
119,0.723912,0.211679,14,6.64667,0.0715927,3.1003
120,0.842483,0.256564,15,6.96,0.112658,2.74568
121,0.832382,0.264791,15,7.01333,0.154159,2.69809
122,0.607995,0.177824,14,5.42,0.16787,3.22321
123,0.684871,0.201498,14,5.99333,0.0694005,2.95072
124,0.580391,0.191881,14,5.79333,0.0692456,2.86951
125,0.644318,0.224551,13,5.94667,0.103896,2.6177
126,0.626103,0.20924,13,5.92,0.0732455,2.88378
127,0.522418,0.178282,15,5.32,0.151063,3.35273
128,0.634984,0.223737,14,6.19333,0.0749934,3.08082
129,0.624477,0.230076,14,6.6,0.19053,3.10532
130,0.628099,0.2266,14,6.33333,0.0822162,3.22676
131,0.561406,0.186283,13,5.3,0.103565,3.01695
132,0.80479,0.285867,15,7.14667,0.0758486,3.00458
133,0.719374,0.214714,14,6.36,0.10566,3.00096
134,0.714763,0.249001,15,6.70667,0.0682718,2.56395
135,0.728795,0.214024,14,6.25333,0.0846726,3.10753
136,0.727456,0.197494,15,6.06,0.0747297,3.11878
137,0.631403,0.221409,13,5.97333,0.0792429,3.63358
138,0.607601,0.204693,14,6.00667,0.213262,3.29272
139,0.645326,0.253245,15,6.56667,0.107065,3.08112
140,0.700536,0.225268,14,6.09333,0.0684587,2.9499
141,0.648245,0.203191,15,6.06,0.0799056,3.22491
142,0.730976,0.227894,15,6.37333,0.0714789,3.04748
143,0.61996,0.157438,13,4.61333,0.065136,3.11852
144,0.645874,0.209078,15,5.7,0.0659747,2.89916
145,0.703821,0.196078,15,5.81333,0.103204,3.18601
146,0.577513,0.170685,13,5.40667,0.0855661,3.04422
147,0.698502,0.207201,15,5.74,0.0746977,2.96524
148,0.726321,0.200055,15,6.23333,0.0675262,3.28806
149,0.654758,0.187271,14,5.74,0.0764481,3.27795
150,0.707472,0.226382,15,6.64,0.0734049,3.06309
151,0.630386,0.172156,14,5.3,0.123664,3.54652
152,0.716895,0.215035,15,6.56667,0.0688697,3.06413
153,0.707325,0.249033,15,6.6,0.070898,3.00564
154,0.795534,0.223705,15,6.38,0.167132,3.14264
155,0.616925,0.19812,14,5.35333,0.0700534,2.94514
156,0.725918,0.222383,15,6.39333,0.0690914,3.13387
157,0.551023,0.171357,13,5.16,0.0769431,3.37664
158,0.56743,0.150709,13,4.52667,0.0989049,3.10295
159,0.62469,0.183619,14,5.39333,0.0679505,3.17865
160,0.740659,0.200323,14,5.97333,0.111229,3.27168
161,0.666297,0.191941,14,5.59333,0.0694416,3.24611
162,0.597741,0.213383,14,6.14667,0.19957,3.24427
163,0.690959,0.205843,14,5.94667,0.184327,2.98772
164,0.655431,0.227844,14,6.08,0.0691195,3.1576
165,0.65453,0.179522,14,5.16667,0.0821486,3.28357
166,0.607182,0.205925,14,5.76,0.0685767,3.31012
167,0.665583,0.228689,14,6.10667,0.0749904,3.06383
168,0.689611,0.231539,14,6.02,0.0768878,3.37401
169,0.680905,0.226708,15,6.46,0.070773,3.08074
170,0.608067,0.224196,14,6.58667,0.069506,3.02022
171,0.699392,0.191735,14,6.11333,0.117262,3.38733
172,0.695714,0.226008,14,6.07333,0.0731129,2.97158
173,0.578742,0.17832,12,5.24667,0.0844923,3.16223
174,0.543108,0.169004,13,5.23333,0.0765684,3.06015
175,0.576082,0.182154,13,5.44,0.068175,3.38175
176,0.633973,0.159867,14,4.96667,0.0912122,3.24858
177,0.62766,0.21829,15,6.16,0.0853392,3.51301
178,0.659858,0.205067,13,6.12,0.070969,2.98778
179,0.586477,0.163697,14,4.93333,0.0663434,3.31076
180,0.647214,0.180968,15,5.81333,0.0704142,3.14282
181,0.707168,0.264699,15,6.84667,0.0943806,2.80192
182,0.607632,0.184157,14,5.38667,0.0770671,3.11663
183,0.595644,0.184432,14,5.24667,0.0851116,3.33023
184,0.683857,0.217939,14,6.11333,0.0750347,3.26808
185,0.603362,0.197205,14,5.92667,0.0734561,3.27797
186,0.735091,0.264763,15,6.90667,0.0722823,2.79393
187,0.675896,0.216768,15,6.03333,0.0968541,3.04925
188,0.733119,0.229138,14,6.47333,0.132258,3.22257
189,0.566821,0.195813,14,5.44667,0.0678382,3.16405
190,0.778166,0.23343,15,6.46667,0.0735391,2.91465
191,0.700679,0.206436,14,5.67333,0.0672607,3.07913
192,0.742524,0.206752,15,5.68667,0.153478,2.97982
193,0.655488,0.195399,14,5.36,0.0737382,3.08301
194,0.673989,0.191272,15,5.34,0.16804,3.03065
195,0.789619,0.253672,15,6.14,0.0673719,2.89983
196,0.604828,0.18482,13,5.16,0.115173,3.11756
197,0.597065,0.216246,14,5.93333,0.173802,3.35019
198,0.656716,0.209208,15,6.04667,0.0684459,3.16303
199,0.67345,0.218266,14,6.14667,0.0740912,2.93285
200,0.700549,0.227172,15,6.19333,0.078901,3.32823
201,0.654253,0.258787,15,6.55333,0.0915029,3.27759
202,0.67883,0.232952,15,6.1,0.100631,2.86995
203,0.693339,0.252809,15,6.49333,0.0921795,2.71404
204,0.635185,0.254541,15,6.56667,0.0771468,3.04537
205,0.651081,0.222313,14,6.11333,0.0909118,3.13346
206,0.557091,0.17433,14,4.78,0.078089,3.06531
207,0.782759,0.249749,15,6.1,0.0739269,3.02145
208,0.768648,0.269761,15,7.05333,0.121193,3.09969
209,0.639664,0.196523,13,5.36,0.0646997,2.78235
210,0.768025,0.248457,15,6.22667,0.0855656,2.81748
211,0.721946,0.214075,15,5.76,0.133684,2.89429
212,0.772125,0.248233,15,5.96,0.159851,2.73234
213,0.699186,0.203777,15,5.18667,0.0682628,3.08455
214,0.754818,0.221301,15,5.96,0.124543,2.86637
215,0.706586,0.226497,14,6.08667,0.0691032,2.98733
216,0.63226,0.226531,14,5.71333,0.0697614,3.24262
217,0.617553,0.203504,14,5.43333,0.0726307,3.15756
218,0.782126,0.254953,15,6.32,0.0688382,2.94094
219,0.692973,0.235072,14,6.17333,0.0980075,3.25171
220,0.767398,0.273579,15,7.20667,0.0775213,2.78227
221,0.716192,0.250446,15,6.28,0.0694189,2.80544
222,0.730727,0.237042,15,6.11333,0.0719293,3.07979
223,0.729167,0.225246,15,6.52,0.0738782,3.14967
224,0.535716,0.1644,14,5.18667,0.0699809,3.32965
225,0.681683,0.217943,14,6.30667,0.0693617,3.20461
226,0.599235,0.183067,14,5.02667,0.0706318,3.26316
227,0.659363,0.222371,15,6.36667,0.0742896,3.1927
228,0.666461,0.205493,15,5.86,0.123595,3.35768
229,0.592552,0.182257,13,5.27333,0.0689354,3.268
230,0.66517,0.235798,15,6.69333,0.075057,3.17546
231,0.690743,0.247451,13,6.81333,0.153874,3.14952
232,0.769516,0.295779,14,7.52,0.0825753,2.92
233,0.672522,0.185079,14,5.46,0.0720222,3.23011
234,0.634657,0.210386,14,5.88667,0.074223,3.28986
235,0.714306,0.24064,15,6.25333,0.148471,2.91201
236,0.590866,0.228453,14,6.3,0.0720613,3.24742
237,0.603844,0.196862,13,5.17333,0.0707775,3.23902
238,0.691181,0.260162,15,6.85333,0.0708695,3.01934
239,0.554376,0.166126,15,5.10667,0.0857873,3.5604
240,0.569874,0.200425,14,5.88,0.0673768,3.40956
241,0.616775,0.214472,14,6.30667,0.0693299,2.99839
242,0.718148,0.234856,15,6.22,0.0700324,3.04458
243,0.63391,0.235998,14,6.34667,0.143709,3.12675
244,0.717778,0.221074,15,6.51333,0.199949,3.27883
245,0.702286,0.236167,13,6.42,0.0680022,2.95463
246,0.629982,0.218804,13,6.07333,0.0655051,2.63148
247,0.603847,0.1639,14,4.92667,0.0785114,3.18622
248,0.626439,0.204096,14,5.88,0.0684816,3.16629
249,0.781176,0.248081,15,6.78667,0.0753796,2.90737
250,0.732888,0.222862,15,6.19333,0.0709398,2.73638
251,0.669339,0.196521,14,5.73333,0.0710883,2.97846
252,0.697764,0.195358,15,5.72,0.0726149,3.18265
253,0.784112,0.253971,15,6.94,0.111492,2.90834
254,0.703291,0.224936,14,6.14,0.0701643,2.7884
255,0.777159,0.266643,15,6.8,0.066901,2.84699
256,0.604604,0.201075,14,5.98667,0.0676199,3.08261
257,0.647622,0.202954,13,5.62667,0.06521,3.07576
258,0.71732,0.235836,14,6.48667,0.0791035,2.69952
259,0.645018,0.226941,14,6.03333,0.0665711,3.20405
260,0.647263,0.216993,14,6.40667,0.0715146,2.85277
261,0.672185,0.222367,13,6.08667,0.0665168,2.81827
262,0.733737,0.248978,14,6.41333,0.0687364,2.88464
263,0.666381,0.226193,14,6.26,0.144389,3.24497
264,0.57093,0.216106,13,5.7,0.0986781,3.06581
265,0.72431,0.258271,15,6.61333,0.0735547,2.86206
266,0.754046,0.241829,15,6.92667,0.0792444,3.28811
267,0.721534,0.240723,14,6.31333,0.0648357,2.71006
268,0.701384,0.251458,14,6.74667,0.100322,3.16814
269,0.614156,0.173009,13,4.58667,0.064709,3.24579
270,0.609157,0.208808,13,5.70667,0.0698728,3.15146
271,0.779405,0.258752,15,7.21333,0.0737836,2.98215
272,0.739307,0.244776,14,6.10667,0.0705429,3.11202
273,0.805071,0.240743,15,5.92,0.0690085,2.86041
274,0.599359,0.214012,12,5.54667,0.0760135,2.97924
275,0.685834,0.22991,14,6.15333,0.0923296,2.91216
276,0.658668,0.234051,14,6.42667,0.0698903,2.88495
277,0.900442,0.331138,15,7.99333,0.0725019,2.52939
278,0.649904,0.193594,14,5.51333,0.0665474,3.03309
279,0.628629,0.223311,13,5.97333,0.0682719,2.94297
280,0.71524,0.222909,14,5.82667,0.075474,3.14677
281,0.763771,0.320174,14,7.31333,0.0687869,2.77614
282,0.705077,0.270267,15,6.72,0.0915434,2.91277
283,0.57129,0.198648,14,5.72,0.0837772,2.9972
284,0.661407,0.217152,13,5.74667,0.1268,3.05774
285,0.717869,0.210426,15,5.94667,0.0710888,3.02051
286,0.715051,0.246519,14,6.8,0.0777438,3.14213
287,0.655905,0.210372,14,5.92667,0.0691009,3.28002
288,0.837822,0.299348,15,7.52667,0.0727553,2.86961
289,0.676094,0.212357,14,5.67333,0.0866446,2.8114
290,0.615851,0.241174,15,6.45333,0.0988376,3.09866
291,0.567754,0.211201,14,5.71333,0.0860487,3.2475
292,0.735646,0.262512,15,6.64,0.0742373,2.79457
293,0.688219,0.21104,14,5.94667,0.0668763,3.00081
294,0.684487,0.224135,15,5.92667,0.0799375,2.93205
295,0.676022,0.232954,14,6.40667,0.0660652,3.01443
296,0.668083,0.262334,15,7.01333,0.0824629,3.13069
297,0.644861,0.221601,15,5.72667,0.105466,2.94203
298,0.593433,0.212523,15,5.75333,0.0712064,3.07839
299,0.662125,0.24444,15,6.78,0.0779168,2.96373
300,0.774914,0.238616,15,6.01333,0.0717832,3.00345
301,0.614232,0.20879,14,6.03333,0.0870864,3.26348
302,0.631421,0.236841,14,6.34667,0.108895,3.24021
303,0.601092,0.214042,14,5.72,0.0687589,2.97864
304,0.708039,0.241137,15,6.12667,0.16027,3.19122
305,0.620212,0.247221,14,7.15333,0.0799382,3.29188
306,0.766186,0.245399,15,6.68,0.0907446,3.04514
307,0.622245,0.244047,14,6.73333,0.0670377,3.03231
308,0.60166,0.202253,13,5.78667,0.066108,3.04555
309,0.608089,0.21994,14,6.28667,0.0720636,3.32835
310,0.67354,0.221263,15,6.94667,0.0673473,3.33732
311,0.654049,0.206725,15,6.46667,0.0703199,3.19505
312,0.565832,0.187493,13,5.38,0.0733449,3.28763
313,0.64639,0.221737,15,5.86,0.134396,2.97833
314,0.708999,0.232165,13,6.14,0.065155,2.87152
315,0.650325,0.231453,15,6.1,0.0748751,2.87682
316,0.690268,0.254495,14,6.79333,0.0737598,2.99635
317,0.681562,0.223245,15,5.87333,0.0682054,3.20152
318,0.691593,0.226725,15,5.96667,0.0706033,3.02658
319,0.633828,0.248639,13,6.03333,0.0682783,2.96324
320,0.534077,0.217802,14,6.35333,0.0698597,3.38019
321,0.703631,0.259088,14,6.98,0.0679052,2.70696
322,0.60737,0.199534,14,6.26667,0.0682187,3.23857
323,0.739877,0.242318,14,6.16,0.0718621,3.01845
324,0.676611,0.266708,14,7.32667,0.0787944,3.24302
325,0.568864,0.210692,15,5.98667,0.159189,3.04217
326,0.592475,0.204442,13,5.67333,0.0687967,2.90201
327,0.775415,0.291645,15,7.54667,0.0780119,2.74789
328,0.649665,0.255015,14,6.69333,0.0691422,3.22746
329,0.757835,0.308484,15,7.98,0.0728224,2.63752
330,0.580946,0.213807,12,5.24,0.0683667,2.96337
331,0.675625,0.239293,15,6.58667,0.0670572,3.06695
332,0.75113,0.268754,15,6.65333,0.0687589,2.72021
333,0.670412,0.232942,15,6.30667,0.104783,2.79003
334,0.676888,0.242113,14,6.42,0.0701848,3.03406
335,0.72742,0.266274,14,7.08,0.0757892,3.22554
336,0.582143,0.22876,14,5.74,0.0651087,2.83008
337,0.768851,0.3272,15,8.14,0.0674976,2.62638
338,0.708124,0.277049,15,7.21333,0.067327,2.52371
339,0.727714,0.300338,15,7.52667,0.0741168,2.8814
340,0.782243,0.258352,15,7.13333,0.0697456,2.79336
341,0.80985,0.293877,15,7.51333,0.067583,2.6347
342,0.657854,0.253521,15,6.67333,0.0684518,2.9435
343,0.714973,0.273646,14,6.76667,0.0710241,2.57391
344,0.631623,0.263908,13,6.79333,0.0681447,2.75411
345,0.726979,0.223974,14,5.92,0.0892623,2.9125
346,0.750501,0.275453,14,6.72667,0.0813792,2.64675
347,0.629339,0.232852,15,6.32,0.0704058,2.95829
348,0.71164,0.216556,15,6.14667,0.0672596,2.98396
349,0.627443,0.280149,15,6.58,0.0785087,2.60343
350,0.768436,0.314803,14,7.53333,0.0677213,2.59443
351,0.860073,0.343587,15,8.08667,0.072948,2.66342
352,0.626543,0.231585,14,6.28,0.0669186,2.82976
353,0.7372,0.345743,14,8.08667,0.0892328,2.79441
354,0.69952,0.283291,14,7.23333,0.0651196,2.72024
355,0.742088,0.304337,15,7.68,0.104008,2.91091
356,0.724865,0.314149,14,7.51333,0.0697738,2.71596
357,0.705736,0.302513,15,7.85333,0.331778,2.96792
358,0.813836,0.289196,15,7.09333,0.0746262,2.91558
359,0.652949,0.269314,14,7.3,0.066934,2.93063
360,0.666334,0.203515,14,5.59333,0.0682716,2.76537
361,0.796201,0.302327,14,6.92,0.0853442,2.82099
362,0.659296,0.250068,14,6.05333,0.0729764,2.93306
363,0.67946,0.267951,14,6.54,0.0724565,2.83112
364,0.733239,0.312891,15,7.53333,0.0681685,2.54171
365,0.760671,0.266975,15,6.24,0.0767713,2.78521
366,0.671573,0.241838,14,6.26667,0.0657223,2.82339
367,0.767736,0.315872,15,7.65333,0.0834596,2.82467
368,0.865386,0.376334,15,8.54,0.0847825,2.63561
369,0.758356,0.351303,15,8.25333,0.0792235,2.68418
370,0.686936,0.235425,14,6.2,0.0735468,2.95207
371,0.742033,0.271789,15,6.90667,0.068102,2.86894
372,0.656347,0.270569,15,6.78,0.0701331,2.88593
373,0.639819,0.249759,14,6.37333,0.0783546,3.00566
374,0.760425,0.281535,15,6.92,0.068084,2.66093
375,0.711974,0.293252,14,7.06,0.0746773,2.74153
376,0.700885,0.289133,14,7.35333,0.0691511,3.00389
377,0.710483,0.276224,14,7.30667,0.071565,3.00558
378,0.721054,0.282119,14,7.27333,0.0710299,2.97576
379,0.630263,0.253061,15,6.49333,0.076689,2.83212
380,0.801719,0.248435,15,6.64,0.0676403,2.77548
381,0.753219,0.328203,15,8.03333,0.0780264,2.58898
382,0.763344,0.308865,15,7.62,0.125354,2.98984
383,0.752553,0.280199,15,6.73333,0.0736438,2.89129
384,0.719489,0.236329,15,6.56,0.108269,3.1426
385,0.695417,0.258628,14,6.53333,0.0674418,3.19716
386,0.728535,0.250623,15,6.47333,0.0696449,2.89992
387,0.653355,0.226454,13,6,0.0651656,2.83924
388,0.670502,0.237851,14,6.15333,0.0698423,2.72839
389,0.58182,0.231388,13,6.09333,0.0659566,2.77838
390,0.76761,0.268238,15,6.84667,0.0688114,2.72849
391,0.768577,0.290854,15,7.08667,0.0855207,2.62204
392,0.835169,0.291515,15,7.30667,0.0685463,2.62891
393,0.766554,0.266162,15,7.04,0.085785,2.69216
394,0.64474,0.242441,14,6.67333,0.0659096,2.9156
395,0.582848,0.196426,13,5.62,0.0808786,3.0622
396,0.72044,0.27052,15,7.02,0.0730363,2.86167
397,0.757939,0.260503,14,6.62,0.0722708,2.86825
398,0.670913,0.247998,14,6.85333,0.0670007,2.68724
399,0.725022,0.239425,14,6.60667,0.0691604,2.90277
400,0.70279,0.294054,15,7.64,0.0945262,2.74735
401,0.723616,0.237654,15,6.72,0.0667679,2.83555
402,0.730929,0.278561,15,7.04,0.0668146,2.58237
403,0.737323,0.286187,14,7.34,0.0770406,2.99757
404,0.630061,0.249484,14,7.00667,0.0688469,2.82707
405,0.702894,0.269,14,6.96,0.0812549,2.94296
406,0.662633,0.284876,14,7.54,0.0775555,3.10856
407,0.648092,0.231697,14,6.36,0.0669583,3.15629
408,0.746615,0.318469,15,8.32667,0.0723186,3.07864
409,0.646321,0.260471,14,6.56667,0.0698818,2.94762
410,0.73247,0.274867,15,6.88667,0.0966164,2.94457
411,0.692678,0.326354,14,8.17333,0.0755008,2.80927
412,0.650323,0.259879,14,6.92667,0.121514,2.9878
413,0.725195,0.316294,15,7.82667,0.0721059,2.74986
414,0.716223,0.302284,14,7.97333,0.140281,3.04191
415,0.585867,0.25056,13,6.36667,0.0816221,3.05546
416,0.765346,0.284382,14,7.72667,0.0698342,2.84915
417,0.741335,0.259818,15,7.26,0.0666625,2.78167
418,0.72913,0.297299,15,7.71333,0.0692387,2.77686
419,0.766004,0.325392,15,8.36667,0.0842629,2.8337
420,0.716489,0.322772,15,8.26667,0.160461,3.00118
421,0.755068,0.305445,14,7.50667,0.416301,2.70125
422,0.727922,0.242356,15,6.62,0.0657669,2.98009
423,0.718068,0.249576,15,6.9,0.176823,3.03483
424,0.617406,0.19388,14,5.36,0.0871801,3.45011
425,0.628261,0.238903,15,6.64667,0.0717841,3.04463
426,0.632176,0.245991,14,6.74,0.0673794,2.99489
427,0.700543,0.242228,14,6.83333,0.0664382,3.00514
428,0.731531,0.274467,14,7.25333,0.0779825,2.91957
429,0.662424,0.315032,15,7.52667,0.0696764,2.73333
430,0.738259,0.301593,14,7.1,0.0810864,2.75875
431,0.656776,0.280733,15,6.77333,0.0828345,2.83066
432,0.631277,0.252377,14,6.40667,0.0717939,2.76342
433,0.737621,0.26089,15,6.56,0.0664384,2.85554
434,0.747991,0.314934,15,7.83333,0.141553,2.92727
435,0.64278,0.298971,14,7.9,0.0960937,2.95456
436,0.771652,0.328457,15,7.85333,0.0689048,2.86128
437,0.630377,0.262485,14,6.77333,0.0689826,3.18133
438,0.73997,0.315944,15,8.02,0.068934,2.72027
439,0.61552,0.246613,13,6.82,0.0886519,3.03784
440,0.710816,0.35628,15,8.7,0.0788951,2.80033
441,0.751957,0.308073,14,7.34,0.0676688,2.75746
442,0.688147,0.281541,14,7.02,0.0865388,2.81339
443,0.727824,0.330529,15,8.24667,0.069157,2.60687
444,0.695359,0.261602,14,7.02,0.171414,3.12144
445,0.725965,0.252534,14,6.63333,0.0684341,3.00532
446,0.646841,0.277841,14,7.62667,0.076742,3.03598
447,0.685279,0.238251,14,6.52667,0.0868228,3.1223
448,0.722205,0.305234,15,8.07333,0.067428,3.00405
449,0.782365,0.275475,15,7.4,0.103062,2.89599
450,0.673154,0.280453,14,7.20667,0.0702007,2.77188
451,0.728426,0.246188,15,6.64,0.080466,3.32961
452,0.72899,0.287544,15,7.33333,0.296355,3.02571
453,0.696759,0.269664,15,6.99333,0.129203,2.82064
454,0.67572,0.278294,15,7.08667,0.0665293,2.84911
455,0.624306,0.242356,14,6.52,0.0917138,3.11715
456,0.645595,0.238138,13,6.47333,0.0826285,2.98293
457,0.719396,0.31178,15,7.75333,0.189331,2.98089
458,0.63473,0.272019,15,7.07333,0.0967316,2.96209
459,0.663908,0.281638,14,7.54667,0.0693963,3.05505
460,0.714048,0.28196,15,7.32667,0.0724724,3.06166
461,0.799538,0.31444,15,7.88,0.0681061,2.75346
462,0.646261,0.272968,14,6.93333,0.0651274,2.77126
463,0.632138,0.265039,14,7.37333,0.108894,3.21237
464,0.729438,0.309734,15,7.99333,0.0775027,2.93083
465,0.679925,0.272718,14,7.11333,0.124581,2.90131
466,0.699038,0.24901,15,6.74667,0.0684016,2.90665
467,0.700731,0.260249,15,6.77333,0.0709222,2.88377
468,0.750084,0.292546,15,7.22667,0.0683082,2.86498
469,0.800712,0.358215,15,8.58667,0.0751527,2.4755
470,0.566129,0.205034,13,5.2,0.071572,2.83365
471,0.675047,0.272577,14,6.78,0.0735824,2.71977
472,0.771614,0.319178,15,7.88667,0.0690449,2.75261
473,0.733364,0.283324,15,7.22,0.0686337,2.81613
474,0.736374,0.282678,15,7.18667,0.0733666,2.95566
475,0.628602,0.244674,14,6.28667,0.0906929,3.21573
476,0.792606,0.303983,15,7.36667,0.0927835,2.7266
477,0.6959,0.302393,14,7.10667,0.0668093,2.71826
478,0.728787,0.300638,14,7.34,0.0714882,3.01028
479,0.653439,0.310029,14,7.34667,0.0889007,2.88382
480,0.765263,0.342513,15,8.26667,0.0733104,2.74603
481,0.644782,0.261619,14,6.53333,0.221513,3.17734
482,0.761456,0.301713,14,7.71333,0.4685,3.04077
483,0.838384,0.297398,14,7.43333,0.0718365,2.90601
484,0.712735,0.273796,14,6.54667,0.319825,3.22212
485,0.745412,0.245693,15,6.40667,0.0762139,3.08664
486,0.826112,0.346658,15,7.74,0.0823634,2.48605
487,0.780478,0.290067,15,7.26667,0.0763369,2.86123
488,0.853515,0.309796,15,7.34667,0.144078,2.80354
489,0.652345,0.295925,15,7.14,0.111396,2.94235
490,0.74932,0.303995,15,7.51333,0.0679654,2.95797
491,0.731108,0.29576,15,7.20667,0.0702625,3.15764
492,0.659218,0.241191,15,6.42667,0.0935193,3.00999
493,0.706957,0.27584,14,6.72,0.0729145,3.0322
494,0.657605,0.256737,14,6.19333,0.0729906,3.18545
495,0.81416,0.322316,15,7.82667,0.0839946,2.81177
496,0.771579,0.309388,15,7.32667,0.0730788,2.90162
497,0.577212,0.234743,13,6.18,0.099104,3.19635
498,0.814169,0.308157,15,8.22,0.0895085,3.0912
499,0.788141,0.305276,15,7.68667,0.0668128,2.97847
500,0.666263,0.277293,14,7.01333,0.101783,3.15347
501,0.781795,0.267071,15,7.00667,0.0711113,3.29344
502,0.687822,0.273855,14,7,0.110134,2.84157
503,0.64636,0.272902,15,6.91333,0.069726,3.08823
504,0.606468,0.23882,14,6.35333,0.0676261,3.35018
505,0.715037,0.317031,15,7.60667,0.0759521,2.92776
506,0.738614,0.249203,15,6.51333,0.419896,3.06562
507,0.666629,0.235665,15,6.48667,0.064656,3.11997
508,0.688234,0.260839,14,6.62,0.0695088,3.20572
509,0.674105,0.271397,14,7.08,0.0691306,3.16908
510,0.806499,0.258363,15,6.62667,0.0685992,2.99931
511,0.767731,0.257194,14,6.54,0.0766587,3.05616
512,0.727358,0.284435,15,7.28667,0.0814673,2.85131
513,0.864877,0.262438,15,7.13333,0.0692614,3.07492
514,0.742999,0.285387,14,7.56,0.069874,2.79128
515,0.618086,0.224502,13,6.78667,0.0687607,3.24364
516,0.718522,0.26803,15,7.08667,0.0739394,3.12239
517,0.670027,0.269808,14,6.4,0.0657174,3.03699
518,0.77509,0.31121,15,7.92,0.0763158,2.91094
519,0.679555,0.295684,14,7.23333,0.0784255,2.89903
520,0.726064,0.286704,14,7.67333,0.0728982,3.32179
521,0.683045,0.315911,14,7.77333,0.0659679,3.0722
522,0.720984,0.329137,15,7.84667,0.0678624,2.98862
523,0.713576,0.255907,14,6.94667,0.094311,3.42403
524,0.809282,0.365871,15,8.37333,0.0701682,2.78706
525,0.686901,0.226173,14,6.35333,0.102843,3.40821
526,0.596638,0.208595,13,6.02667,0.0931983,3.42225
527,0.643591,0.234008,13,6.28,0.0681295,3.24874
528,0.674263,0.273293,14,7.08667,0.0688761,3.09913
529,0.702843,0.22207,15,5.86,0.0649041,3.30321
530,0.680878,0.262974,15,6.84667,0.0697196,3.26171
531,0.678688,0.274546,15,6.96667,0.0790463,2.91383
532,0.80719,0.331373,15,7.92,0.071253,3.15457
533,0.678944,0.272848,14,6.52,0.216624,3.07295
534,0.807375,0.327248,15,8.14667,0.22223,2.97369
535,0.598503,0.211519,13,6.04,0.0678533,3.23909
536,0.661881,0.240965,14,6.46667,0.0738723,3.05489
537,0.797708,0.267273,15,7.08667,0.0722867,2.96811
538,0.731422,0.29413,15,7.37333,0.177901,3.08546
539,0.651338,0.255974,14,6.34,0.0965745,3.3044
540,0.758528,0.296949,15,7.35333,0.0896235,3.32335
541,0.735498,0.270781,15,6.94,0.0682201,2.98191
542,0.764263,0.33442,15,8.22,0.121744,2.90337
543,0.731189,0.272476,14,6.86,0.0992676,2.95143
544,0.71519,0.234309,14,6.2,0.0668812,2.87077
545,0.701164,0.245538,14,6.37333,0.071144,3.49716
546,0.705669,0.250419,15,7.01333,0.0663456,2.92144
547,0.646115,0.23001,15,6.2,0.067287,3.36959
548,0.849638,0.289843,15,7.62,0.069983,3.04472
549,0.681081,0.254427,15,7.27333,0.0705102,3.24879
550,0.637482,0.23004,15,6.24667,0.0713994,3.14776
551,0.808295,0.307873,15,7.55333,0.0670064,2.69358
552,0.738,0.30572,15,8.13333,0.127415,2.96588
553,0.777619,0.274281,15,7.13333,0.0730457,2.90637
554,0.64963,0.222141,14,6.30667,0.0641244,3.11213
555,0.68439,0.285458,14,7.18667,0.0694945,2.92735
556,0.733902,0.278186,15,7.15333,0.0662671,2.95188
557,0.65178,0.278181,13,6.82,0.0653454,3.29419
558,0.684967,0.287072,14,7.45333,0.0727001,3.12765
559,0.773816,0.325369,15,7.91333,0.0690193,2.82524
560,0.65015,0.279013,14,6.90667,0.150829,2.95037
561,0.629471,0.259188,14,6.26,0.0693766,3.15945
562,0.672382,0.25942,15,6.65333,0.0882481,3.20697
563,0.812576,0.306118,15,7.76,0.0690866,2.97357
564,0.757506,0.313124,15,7.84667,0.073505,3.15281
565,0.742376,0.293611,14,6.89333,0.0672652,2.61078
566,0.814037,0.293025,14,7.12,0.0663667,2.94021
567,0.80406,0.289495,15,7.07333,0.0677024,2.81693
568,0.732229,0.29386,15,7.34667,0.0757152,2.83922
569,0.692589,0.30819,15,7.64667,0.0736461,2.8247
570,0.703137,0.303606,15,7.18,0.120651,2.91877
571,0.67918,0.289049,14,6.66667,0.0679364,2.79941
572,0.607947,0.212143,13,5.45333,0.158917,3.16057
573,0.774755,0.276834,15,6.49333,0.0675482,2.85749
574,0.733032,0.274797,15,6.77333,0.0741985,2.74919
575,0.629063,0.249677,13,6.1,0.0685607,2.99827
576,0.726796,0.30467,14,7.72,0.162964,3.09406
577,0.718681,0.282703,15,7.09333,0.0751507,2.95541
578,0.639492,0.248542,13,6.19333,0.0668129,3.0238
579,0.651631,0.283174,14,7.34,0.0942716,3.00208
580,0.645279,0.218348,15,5.77333,0.0701952,3.15503
581,0.738091,0.240731,14,5.79333,0.0717305,3.04024
582,0.728671,0.273664,15,6.56,0.0677932,2.94225
583,0.75562,0.318896,15,7.74667,0.0673051,2.83165
584,0.578557,0.163334,13,4.47333,0.0648837,3.28081
585,0.665443,0.233607,14,5.91333,0.0666971,2.89939
586,0.579583,0.232978,12,5.66667,0.0660904,3.33482
587,0.684381,0.280653,13,6.76667,0.0770684,3.14327
588,0.743425,0.296031,15,7.16,0.0673289,2.89378
589,0.716214,0.252767,15,6.57333,0.0688343,3.06525
590,0.776332,0.30419,14,7.29333,0.0748249,3.1469
591,0.652319,0.223342,14,5.88,0.0686908,3.2388
592,0.650703,0.21735,13,5.66667,0.0707062,3.28421
593,0.675264,0.233366,14,6.23333,0.0748817,2.93016
594,0.700652,0.245846,15,6.22,0.0687011,2.9721
595,0.694907,0.274348,14,6.87333,0.0798682,3.10911
596,0.645373,0.205136,14,5.7,0.0843811,3.18898
597,0.690154,0.256609,14,6.38667,0.0683748,3.20103
598,0.676728,0.257297,13,6.58,0.0665425,3.37769
599,0.854169,0.3224,15,7.66667,0.0703349,2.99931
600,0.741364,0.251212,14,6.60667,0.0785236,3.13006
601,0.796419,0.253029,14,6.58667,0.0745722,3.30593
602,0.662722,0.25944,15,6.68667,0.0667326,3.12474
603,0.621868,0.211135,13,5.95333,0.0682993,3.58354
604,0.673991,0.290982,13,6.56,0.0708807,3.15567
605,0.565228,0.186165,12,5.26667,0.0677164,3.53179
606,0.689526,0.261107,14,6.86,0.068123,3.26328
607,0.647229,0.201928,14,5.52,0.0995627,3.22527
608,0.618871,0.269789,14,6.84,0.0656954,3.09934
609,0.672587,0.250386,14,6.78667,0.0671513,3.35472
610,0.65073,0.243762,14,6.72667,0.0784088,3.32057
611,0.68207,0.249717,14,6.63333,0.0703822,3.24869
612,0.59348,0.247858,13,6.51333,0.184155,3.16237
613,0.655443,0.235821,14,6.43333,0.0665251,3.35637
614,0.764606,0.316888,15,7.94667,0.0689051,3.18973
615,0.623293,0.249874,13,6.48,0.0709785,3.35424
616,0.665057,0.247078,13,6.61333,0.101321,3.28233
617,0.744477,0.263395,15,6.70667,0.13424,3.5406
618,0.752895,0.287371,15,7.02667,0.0686885,3.19602
619,0.744804,0.241197,15,6.3,0.0663176,3.39284
620,0.613691,0.221536,14,5.71333,0.0700563,3.41433
621,0.815919,0.310962,15,7.19333,0.0779281,2.93233
622,0.685197,0.259043,15,6.47333,0.0679285,3.18357
623,0.694946,0.252426,15,6.72,0.0686453,3.36429
624,0.693031,0.220604,14,6.35333,0.0663466,3.20926
625,0.660549,0.265441,15,6.74667,0.0707006,3.19491
626,0.676608,0.217162,14,6.2,0.0675041,3.29494
627,0.667462,0.228803,14,6.12667,0.106066,3.19543
628,0.630683,0.265985,14,7.11333,0.0674332,3.47826
629,0.723375,0.246852,15,6.26,0.0668005,3.0049
630,0.717308,0.286703,15,7.28,0.0699828,3.35409
631,0.750507,0.280365,15,7.48667,0.0682123,3.34875
632,0.695101,0.278831,14,7.01333,0.0671571,2.88096
633,0.71087,0.304309,15,7.6,0.0687025,3.27885
634,0.668774,0.282427,15,7.34667,0.0669555,3.11008
635,0.669588,0.264215,14,6.76,0.0699458,3.25222
636,0.649225,0.21531,15,5.79333,0.0658696,3.60268
637,0.661575,0.293309,15,7.70667,0.0713211,3.30485
638,0.645275,0.240831,13,6.59333,0.0667084,3.18268
639,0.743386,0.255597,15,6.4,0.0688053,3.22669
640,0.59301,0.20116,14,5.76,0.0651445,3.33733
641,0.653744,0.271953,14,7.14667,0.0716443,3.10528
642,0.581458,0.256482,14,6.72,0.0715754,3.40586
643,0.699321,0.227853,15,6.04667,0.065772,3.59685
644,0.613185,0.230722,13,6.21333,0.0653542,3.35413
645,0.729808,0.269151,15,7.01333,0.0986411,3.11065
646,0.746834,0.273971,14,6.91333,0.0669348,3.28881
647,0.538695,0.187384,12,5.6,0.066356,3.74437
648,0.736308,0.252812,14,6.92667,0.0886255,3.20759
649,0.710881,0.240446,15,6.57333,0.0800473,3.44897
650,0.729848,0.281654,15,7.28667,0.0657297,3.37047
651,0.647724,0.263576,13,7.14,0.0676249,3.40535
652,0.71678,0.275096,14,7.12667,0.0830593,3.15037
653,0.617782,0.252779,14,6.62,0.0658518,3.60284
654,0.667013,0.24508,14,6.61333,0.101498,3.35675
655,0.69261,0.26888,14,6.62667,0.0670885,3.14485
656,0.662598,0.238963,14,6.10667,0.0716709,3.13914
657,0.555751,0.202105,13,5.28667,0.14829,3.4213
658,0.774208,0.248815,14,5.91333,0.0703532,3.06001
659,0.861525,0.317424,15,7.16667,0.069403,2.79993
660,0.716098,0.26193,14,6.28667,0.0681064,2.92953
661,0.630357,0.256061,14,6.19333,0.0722352,3.31937
662,0.690055,0.270039,14,6.34,0.0774141,2.88241
663,0.72923,0.306798,15,7.31333,0.0690776,2.98643
664,0.731676,0.299017,14,7.18667,0.0681659,2.84268
665,0.794594,0.278256,15,6.85333,0.0694877,3.05313
666,0.656907,0.280904,15,6.95333,0.0771602,2.9558
667,0.7145,0.255066,14,6.10667,0.0685477,3.05548
668,0.604555,0.224731,14,5.92,0.0653983,3.22376
669,0.827298,0.340311,15,8.01333,0.0778909,2.79881
670,0.860356,0.310803,15,6.97333,0.070424,2.8628
671,0.795938,0.307226,14,7.12,0.0748734,3.03707
672,0.626075,0.239376,13,5.98,0.0773574,3.36046
673,0.686849,0.30847,14,7.32667,0.0829084,3.16004
674,0.670277,0.275821,13,6.31333,0.068522,3.24185
675,0.617938,0.269911,14,6.64667,0.073552,3.23656
676,0.755502,0.308875,14,7.52,0.0731712,2.99693
677,0.67785,0.282577,14,6.79333,0.0808447,3.33737
678,0.750654,0.276385,14,6.67333,0.0680058,3.17812
679,0.686671,0.289931,15,7.14667,0.0717207,3.1623
680,0.687307,0.269444,14,6.72667,0.0690904,3.33449
681,0.711497,0.276426,15,6.50667,0.0758764,3.34286
682,0.747755,0.280969,14,6.96,0.069174,3.11768
683,0.738596,0.259818,14,6.28667,0.123578,3.44315
684,0.738817,0.319749,14,7.36667,0.0678492,2.88753
685,0.740744,0.304591,13,6.66667,0.0671689,2.94614
686,0.815469,0.356883,15,8.06667,0.0792078,2.79072
687,0.844834,0.294319,15,6.71333,0.0675513,3.09926
688,0.864058,0.3462,15,7.98667,0.259861,2.87159
689,0.802911,0.267944,15,6.44,0.0715822,2.86355
690,0.627646,0.262209,13,6.21333,0.0760523,3.07474
691,0.768254,0.310521,14,7.43333,0.0662368,2.73179
692,0.694986,0.294561,14,7.02,0.0688278,3.10982
693,0.75663,0.338799,15,7.50667,0.0671886,3.02049
694,0.704863,0.302512,14,6.72,0.0772803,2.96476
695,0.755105,0.300569,15,7.04,0.0698717,2.93091
696,0.721324,0.281524,14,6.08,0.0676666,2.85316
697,0.684973,0.223619,13,5.16667,0.0694008,3.34651
698,0.803345,0.308389,15,6.92,0.0912113,2.96679
699,0.770198,0.30214,14,6.72667,0.0710232,2.90808
700,0.75836,0.314459,15,7.11333,0.105909,2.98071
701,0.753307,0.30135,14,6.81333,0.171377,2.9772
702,0.742343,0.247579,14,5.96667,0.0929755,3.13774
703,0.721227,0.313914,15,7.20667,0.0666276,2.81836
704,0.752689,0.239234,14,5.51333,0.0939726,3.19711
705,0.723552,0.315654,14,7.02,0.0752286,3.08344
706,0.721686,0.2627,14,6.14,0.068839,2.99417
707,0.703434,0.298636,14,6.92667,0.0762417,3.15283
708,0.627712,0.284955,13,6.58,0.0719945,3.26629
709,0.740285,0.278489,15,6.67333,0.0868333,3.13062
710,0.462753,0.173155,12,4.36667,0.0665031,3.34302
711,0.775456,0.319021,15,6.96,0.0699498,2.88373
712,0.703456,0.253157,15,5.84,0.0711384,2.78442
713,0.746141,0.257716,14,6.04667,0.0708331,2.83803
714,0.683374,0.298499,14,7.16,0.0723339,3.19285
715,0.650707,0.239094,13,5.53333,0.0652263,2.84238
716,0.632854,0.231995,13,5.91333,0.0666767,3.31319
717,0.754853,0.250497,15,6.50667,0.0783628,3.27102
718,0.744058,0.246706,15,6.1,0.0684825,2.99768
719,0.711393,0.27677,14,7.08667,0.0694111,3.14816
720,0.748373,0.233622,15,5.72667,0.0694829,3.34502
721,0.776803,0.31475,15,7.39333,0.0810559,2.96061
722,0.733563,0.277384,14,6.6,0.0682084,2.82653
723,0.712277,0.207878,13,5.32,0.115897,3.24141
724,0.6665,0.252563,14,6.63333,0.149984,3.27686
725,0.745243,0.255274,14,6.58,0.181033,3.22533
726,0.70438,0.253845,13,6.24,0.0685778,3.05332
727,0.702517,0.256197,14,6.57333,0.0672939,3.02496
728,0.632401,0.23562,14,6.02,0.066624,2.83631
729,0.730253,0.280852,14,7.09333,0.0915792,3.08152
730,0.54275,0.223162,13,5.30667,0.0669301,3.24194
731,0.686872,0.288863,14,7.06,0.0897704,3.09051
732,0.724643,0.273119,14,6.49333,0.0683614,2.69621
733,0.700774,0.264819,14,6.24,0.072537,2.76832
734,0.609361,0.213888,14,5.46,0.0947866,3.18728
735,0.780115,0.270871,15,6.67333,0.12829,3.14704
736,0.622177,0.227331,14,5.56667,0.0767628,3.19189
737,0.680731,0.238962,14,5.87333,0.0704967,3.11309
738,0.64481,0.250045,13,5.88667,0.113285,3.14918
739,0.658344,0.227662,14,5.85333,0.0876593,3.14464
740,0.730796,0.269989,14,6.20667,0.0698282,2.75976
741,0.822241,0.327117,15,7.34,0.0741467,2.68848
742,0.712833,0.274979,15,6.84667,0.0704376,2.89355
743,0.706002,0.267,15,6.34667,0.0691988,2.77013
744,0.77966,0.285929,15,6.92,0.0692896,2.71371
745,0.739723,0.233577,14,5.82667,0.0937684,3.14774
746,0.66581,0.238486,13,5.76667,0.0737206,3.00322
747,0.744577,0.274956,15,6.85333,0.182642,3.0902
748,0.747235,0.270829,15,6.62,0.0663889,3.05848
749,0.703372,0.227542,14,5.83333,0.0951354,3.23753
750,0.710964,0.28589,15,6.92,0.0879467,3.05176
751,0.574778,0.226731,12,5.75333,0.0703339,3.11021
752,0.742313,0.279213,15,6.84,0.0739858,2.92756
753,0.785603,0.28643,15,7.02,0.081123,3.20135
754,0.698635,0.25235,15,6.46667,0.0680729,2.91281
755,0.769215,0.274776,15,6.62,0.0763466,2.8068
756,0.767523,0.272227,15,6.54,0.0694354,3.02643
757,0.688631,0.253207,14,6.36667,0.085344,3.03189
758,0.743868,0.27493,15,6.51333,0.162052,3.05207
759,0.703131,0.277927,14,6.60667,0.0772412,2.91846
760,0.656317,0.271538,13,6.43333,0.285483,3.0908
761,0.723097,0.247063,14,5.96,0.0668155,2.78607
762,0.646892,0.246659,14,5.96667,0.0670647,3.10467
763,0.760322,0.299767,14,7.19333,0.0685217,2.98893
764,0.769568,0.295295,14,7,0.0789552,2.73816
765,0.697514,0.298128,15,7.00667,0.0732655,2.52561
766,0.78669,0.271751,15,6.90667,0.0950873,3.24441
767,0.828775,0.272479,15,6.78,0.0675631,2.60799
768,0.62419,0.230775,13,5.7,0.0810325,2.94469
769,0.678029,0.25771,15,6.57333,0.118114,3.09613
770,0.732508,0.313829,15,7.36667,0.104769,3.00014
771,0.783881,0.287586,14,7.10667,0.0749516,2.89827
772,0.789713,0.252823,15,5.88,0.0694582,3.00823
773,0.776961,0.266448,15,6.4,0.0841054,2.99927
774,0.701506,0.250865,15,6.38667,0.0683753,3.25394
775,0.655321,0.262976,14,6.46,0.0689242,3.03364
776,0.649702,0.240442,13,5.48667,0.0775176,2.84445
777,0.762241,0.269363,15,6.56,0.0701154,3.31582
778,0.80465,0.314005,15,7.22,0.083131,2.77092
779,0.742042,0.252922,13,5.99333,0.0738721,3.00288
780,0.679281,0.301792,15,6.77333,0.0777692,2.96914
781,0.748678,0.299137,15,6.86667,0.0815148,3.15668
782,0.679288,0.278033,13,6.46667,0.0846217,3.10386
783,0.816714,0.269558,15,6,0.108739,2.731
784,0.702895,0.313271,15,7.17333,0.128262,2.84419
785,0.653643,0.244516,15,6.1,0.17654,3.0786
786,0.726823,0.310865,15,7.28667,0.077311,2.89976
787,0.69733,0.229439,15,5.68667,0.0687485,2.86126
788,0.703954,0.278571,14,7.13333,0.128793,2.98337
789,0.68426,0.289277,15,7.02,0.212813,2.93786
790,0.629046,0.249864,13,6.19333,0.0965412,3.1172
791,0.71865,0.24399,15,6.10667,0.0700533,2.84009
792,0.678584,0.282691,15,6.80667,0.0691722,2.87216
793,0.723712,0.235453,14,5.98667,0.0701537,2.99791
794,0.613033,0.224292,14,5.47333,0.0764828,2.97838
795,0.612533,0.210042,13,5.49333,0.0672425,2.98794
796,0.691873,0.214197,15,5.38667,0.0767468,3.16083
797,0.534185,0.199405,13,5.14667,0.0690068,3.14569
798,0.73574,0.283754,15,7.26667,0.0807226,3.23869
799,0.666573,0.218286,14,5.69333,0.0658637,2.99674
800,0.747393,0.264612,14,6.7,0.0683484,3.15073
801,0.652343,0.245675,14,6.21333,0.0713859,3.1201
802,0.72833,0.256305,15,6.14667,0.0740162,3.01676
803,0.674587,0.236066,14,5.95333,0.0730892,3.07376
804,0.718112,0.265769,14,6.68667,0.0789516,3.20428
805,0.607911,0.24772,14,6.68,0.094531,3.38254
806,0.711608,0.256329,14,6.89333,0.0670469,3.27754
807,0.777722,0.324763,15,7.81333,0.077251,2.87661
808,0.764929,0.291863,15,7.72,0.0704707,3.1028
809,0.659262,0.233657,13,6.12,0.0777838,3.18309
810,0.772092,0.272563,15,7.05333,0.0866085,3.26329
811,0.689482,0.212394,15,5.97333,0.0874356,3.28869
812,0.695534,0.263414,15,6.32667,0.0783928,2.97173
813,0.628011,0.232309,14,6.32,0.101065,3.22397
814,0.574366,0.189165,14,4.94667,0.0692341,3.25334
815,0.74861,0.262089,14,6.76667,0.0715134,3.11632
816,0.651413,0.230596,14,6.42667,0.146419,3.4433
817,0.716524,0.254305,14,6.50667,0.0718041,2.80814
818,0.616336,0.221726,14,5.77333,0.0723268,3.17122
819,0.730978,0.271401,15,6.94667,0.0676476,2.91252
820,0.665464,0.209225,15,5.76,0.0844124,3.49478
821,0.730885,0.276417,14,6.54667,0.0666304,2.77921
822,0.710369,0.244358,13,6.42,0.0726801,3.20326
823,0.691412,0.322932,15,7.74,0.104822,2.82327
824,0.695937,0.25213,13,6.31333,0.0696159,3.08164
825,0.839565,0.320366,15,7.20667,0.12285,2.67829
826,0.6652,0.283568,15,6.94,0.0703359,2.96991
827,0.704041,0.279517,15,6.62,0.0661598,2.78253
828,0.777993,0.301839,15,7.07333,0.0669893,2.69791
829,0.778599,0.263881,14,6.7,0.0763797,3.07636
830,0.710632,0.239425,15,6.25333,0.0678851,3.09276
831,0.742852,0.289057,15,7.00667,0.0777681,2.81721
832,0.79849,0.318429,14,7.64667,0.0708494,3.05288
833,0.715741,0.289761,14,6.83333,0.0772563,3.05584
834,0.744814,0.252958,14,6.18,0.0672757,2.87883
835,0.72193,0.262755,15,6.41333,0.0711438,3.03712
836,0.785943,0.302276,15,6.84,0.103843,3.0556
837,0.641653,0.238066,14,5.68,0.0995661,2.94547
838,0.697831,0.24617,14,5.96667,0.133069,3.15503
839,0.762206,0.318626,15,7.06667,0.0812505,2.60026
840,0.608618,0.220564,12,5.24,0.0671013,3.09252
841,0.712609,0.258395,15,6.21333,0.0669795,3.15612
842,0.830514,0.31945,15,7.55333,0.0840331,2.89817
843,0.851788,0.312123,15,7.09333,0.0719791,2.70909
844,0.751989,0.289316,15,6.32667,0.0666567,2.7849
845,0.79062,0.241544,15,5.52,0.0703613,2.97469
846,0.810503,0.33279,14,7.13333,0.0716238,2.59099
847,0.802252,0.316694,15,6.93333,0.082323,2.62281
848,0.756626,0.273671,15,6.14667,0.0631795,2.73803
849,0.615988,0.25758,14,5.83333,0.146995,3.02428
850,0.782834,0.297369,15,7.06,0.0811182,2.99826
851,0.758341,0.245708,15,5.74667,0.0707731,2.91787
852,0.737224,0.2757,14,6.47333,0.1027,3.10355
853,0.761474,0.23324,14,5.6,0.08167,3.09691
854,0.747298,0.224047,15,5.65333,0.0773243,3.02413
855,0.726569,0.30072,14,6.92,0.065833,3.15029
856,0.6867,0.218332,14,5.39333,0.0729338,3.11845
857,0.754438,0.275828,15,6.94,0.0693462,3.43939
858,0.843288,0.328756,15,7.50667,0.0765724,2.97147
859,0.666048,0.261113,13,6.13333,0.0702909,3.23821
860,0.700822,0.250649,14,5.78667,0.0685548,3.01024
861,0.705083,0.288719,14,6.42,0.0907921,3.02412
862,0.822731,0.348552,15,7.74667,0.0713512,2.84555
863,0.652779,0.256324,13,5.98,0.0666866,2.88275
864,0.713898,0.273783,14,6.17333,0.0658865,2.86732
865,0.702331,0.254466,14,5.81333,0.0691887,2.93745
866,0.588807,0.231608,13,5.45333,0.0688715,3.13965
867,0.536073,0.209126,12,5.15333,0.0676687,3.41703
868,0.679944,0.283153,15,6.85333,0.0740269,2.98276
869,0.549826,0.211308,12,5.28667,0.120587,3.36331
870,0.656319,0.250053,15,6.08,0.0850359,3.11445
871,0.808312,0.2963,15,6.99333,0.0695688,3.00752
872,0.665597,0.220022,13,5.36667,0.0670137,3.50418
873,0.735241,0.248106,15,6.12,0.100266,3.40883
874,0.73287,0.253682,14,5.80667,0.0756833,3.11899
875,0.754694,0.313458,15,7.32,0.088283,3.15946
876,0.66958,0.306543,14,7.13333,0.0741396,3.22799
877,0.668634,0.242093,14,5.92667,0.0834501,3.16611
878,0.781033,0.275549,15,6.76,0.0672024,3.10498
879,0.806941,0.299054,15,7.25333,0.069883,2.97109
880,0.671569,0.267665,15,6.32,0.0692021,3.20253
881,0.786526,0.330238,15,7.71333,0.0715335,2.92234
882,0.673274,0.276769,15,6.57333,0.0785115,3.24573
883,0.707695,0.256208,15,6,0.0836378,2.77734
884,0.757246,0.319978,15,7.62,0.0711304,3.12579
885,0.708405,0.298047,15,7.14667,0.0671248,3.26354
886,0.753036,0.301823,15,7.26667,0.070926,3.23785
887,0.725089,0.255667,15,6.39333,0.0713615,2.83022
888,0.704199,0.291767,15,7.35333,0.0703026,3.146
889,0.614379,0.226469,14,5.62667,0.0682975,3.1682
890,0.796774,0.305488,15,7.2,0.0686476,2.78189
891,0.799808,0.280707,15,6.68667,0.066489,2.77904
892,0.750536,0.275702,15,6.75333,0.111566,3.06452
893,0.629703,0.198812,15,5.36667,0.0685218,3.43471
894,0.754336,0.27797,15,6.63333,0.0684429,2.84004
895,0.793092,0.3288,15,7.46,0.0727804,2.79499
896,0.69967,0.298007,15,7.18667,0.0708849,2.82986
897,0.68081,0.269739,15,6.37333,0.0718911,3.14825
898,0.703319,0.287188,15,6.84,0.0678585,2.92601
899,0.709105,0.268688,13,6.27333,0.0717614,3.17396
900,0.743324,0.294577,15,7.16667,0.0771988,2.67081
901,0.705378,0.26402,15,6.2,0.0716653,2.52808
902,0.702536,0.281202,14,6.63333,0.0671257,2.69956
903,0.715691,0.257325,15,6.06,0.0655529,2.78013
904,0.71543,0.285151,15,6.85333,0.0725595,2.78869
905,0.67569,0.260049,15,6.46667,0.0679843,2.85257
906,0.66846,0.227502,15,5.6,0.0777809,3.07574
907,0.730731,0.30279,15,7.37333,0.0681838,2.76833
908,0.708676,0.316183,14,7.58,0.0725074,2.67215
909,0.658037,0.268494,15,6.87333,0.0680601,3.08538
910,0.745435,0.266321,15,6.99333,0.0696846,3.23221
911,0.645074,0.241125,15,6.52,0.0688545,2.9408
912,0.753408,0.365699,15,8.34,0.0700372,2.70963
913,0.645049,0.257651,14,6.29333,0.0699561,2.88779
914,0.678718,0.28692,15,7.40667,0.0746511,3.00309
915,0.775582,0.285451,15,6.90667,0.0686366,2.88799
916,0.65427,0.232619,15,5.78667,0.0680388,3.00524
917,0.65187,0.234145,15,5.96,0.0683096,3.1778
918,0.737475,0.265211,15,6.65333,0.0692071,3.02955
919,0.701898,0.275172,15,7.30667,0.0663363,2.98269
920,0.690363,0.245197,15,6.60667,0.0792116,3.17097
921,0.612647,0.225763,15,5.95333,0.0708693,3.38332
922,0.731626,0.238674,13,5.92667,0.0672821,3.0112
923,0.661528,0.254793,14,6.48667,0.068636,3.04517
924,0.644322,0.226458,14,5.91333,0.0679179,3.20916
925,0.6261,0.226855,14,6.14667,0.0685473,3.23228
926,0.626723,0.229021,13,5.62667,0.0680422,3.2167
927,0.656706,0.245014,15,6.2,0.0693575,3.08117
928,0.575365,0.256742,14,6.49333,0.0689071,3.04495
929,0.724214,0.268245,14,6.63333,0.0725877,2.7333
930,0.705563,0.247721,15,6.47333,0.0658224,2.72576
931,0.732742,0.245352,15,6.46667,0.0671638,2.78907
932,0.635946,0.234491,14,6.16667,0.0695348,3.1658
933,0.774083,0.273191,15,6.83333,0.0860216,2.94055
934,0.685706,0.246788,15,6.4,0.0680693,2.91623
935,0.624397,0.232392,13,6.06,0.0680507,3.2489
936,0.754423,0.273651,14,6.68667,0.0690807,3.12088
937,0.811261,0.306406,15,7.41333,0.080545,2.95092
938,0.726295,0.236009,15,5.95333,0.0719145,2.76509
939,0.706235,0.23533,15,6.28,0.0926395,2.8821
940,0.756979,0.233047,15,5.93333,0.0672966,2.94477
941,0.647527,0.209379,14,5.38667,0.0708073,3.04815
942,0.697561,0.228151,14,5.72667,0.0697918,3.21757
943,0.774471,0.232699,14,5.84,0.0691267,2.91674
944,0.622383,0.185225,14,5.31333,0.0672298,3.09128
945,0.651713,0.221647,15,6.55333,0.0757087,3.33823
946,0.741411,0.294311,15,7.20667,0.0675358,2.81529
947,0.723027,0.220477,15,5.72667,0.0675122,3.27055
948,0.58925,0.219001,14,5.92667,0.0679968,3.20752
949,0.85172,0.29455,15,7.27333,0.113546,2.96287
950,0.685535,0.299803,14,7.2,0.0671363,2.97415
951,0.714198,0.280085,14,7.14,0.0704958,2.89501
952,0.659937,0.244238,13,6.32,0.0685617,3.36348
953,0.715686,0.265547,15,6.84,0.0693362,2.62616
954,0.678143,0.250934,14,6.45333,0.0636577,3.03567
955,0.753746,0.291676,15,7.43333,0.0664428,2.93107
956,0.750954,0.288826,15,7.43333,0.0669306,3.21828
957,0.78001,0.268124,14,6.98667,0.0681096,3.04993
958,0.776806,0.304635,15,7.5,0.0687037,2.94153
959,0.745642,0.242711,15,6.39333,0.0673033,3.0047
960,0.704842,0.270469,15,7.12,0.0702405,2.74921
961,0.70106,0.266944,14,6.58667,0.0888524,3.1433
962,0.695283,0.289956,15,7.09333,0.0690085,2.80688
963,0.834448,0.252228,15,6.42,0.132314,3.00636
964,0.735973,0.266063,13,6.53333,0.0675533,3.05158
965,0.679039,0.250932,14,6.47333,0.066165,3.06568
966,0.799645,0.292538,15,7.2,0.0669387,3.14088
967,0.700705,0.229591,14,6.1,0.0678436,3.18429
968,0.734523,0.249601,15,6.61333,0.0688206,3.37774
969,0.687845,0.216505,14,5.34667,0.0669876,2.94966
970,0.711232,0.284193,13,6.67333,0.0659961,2.72678
971,0.722588,0.298542,14,7.26,0.0686146,2.9278
972,0.717559,0.289636,14,7,0.0756945,2.77068
973,0.837237,0.223726,15,5.67333,0.0724944,3.23067
974,0.715118,0.260055,15,6.49333,0.0824764,3.05537
975,0.682307,0.240895,13,6.01333,0.0678112,2.83779
976,0.735214,0.260401,15,6.36,0.0702982,2.7763
977,0.728899,0.260931,14,6.21333,0.0646713,2.80156
978,0.654746,0.196987,15,5.06,0.0660781,3.04382
979,0.719337,0.199364,14,5.38,0.0866351,3.7729
980,0.711494,0.258299,14,6.14,0.0672783,3.15959
981,0.75146,0.266972,13,6.60667,0.0675266,2.79312
982,0.727898,0.295901,15,7.11333,0.0706923,3.07229
983,0.819883,0.337828,15,7.86,0.0701963,2.95333
984,0.747634,0.324682,14,7.48667,0.0659013,2.7506
985,0.608343,0.24716,13,5.85333,0.0640387,2.87212
986,0.791582,0.245193,15,6.34,0.0720358,3.13022
987,0.642098,0.210528,14,5.39333,0.0671845,3.16006
988,0.761978,0.290231,15,7.29333,0.0854607,3.32232
989,0.748671,0.309063,15,7.50667,0.0721202,2.85382
990,0.660004,0.221889,13,5.5,0.0825568,3.39069
991,0.675752,0.253017,13,6.22,0.0673985,3.18047
992,0.650981,0.254258,14,6.67333,0.0713406,2.99949
993,0.75818,0.280864,14,6.82,0.0700586,3.0355
994,0.739139,0.270599,15,6.65333,0.0670093,3.02978
995,0.717588,0.289963,15,7.4,0.0683855,3.09583
996,0.816459,0.273089,15,6.85333,0.0720241,2.91042
997,0.72671,0.205784,14,5.42,0.0661765,3.28656
998,0.766303,0.265823,14,6.38667,0.0653827,2.83951
999,0.737933,0.253066,15,6.31333,0.0667793,3.03666
1000,0.778571,0.268167,15,6.58,0.0705108,3.13147
