1,0.160712,0.00288447,10,0.226667,0.0685098,1.26306
2,0.195226,0.00423669,9,0.266667,0.0702838,1.2386
3,0.189074,0.0149817,7,1.01333,0.0721517,0.997542
4,0.243909,0.0326093,8,1.74667,0.0757236,1.08186
5,0.150543,0.014798,9,1.54,0.0706318,1.1108
6,0.219025,0.0316609,7,1.32,0.105012,1.18688
7,0.369846,0.0192593,10,1.64,0.0686737,1.14644
8,0.189147,0.0256271,7,1.85333,0.0662104,1.20889
9,0.166759,0.039656,10,2.98,0.0714757,1.10738
10,0.299271,0.0515679,8,2.2,0.0698962,1.17882
11,0.275149,0.042541,11,2.29333,0.0693346,1.13713
12,0.241333,0.0427076,11,2.68,0.0684541,1.15105
13,0.283569,0.027262,9,1.94,0.0675564,1.32385
14,0.247043,0.0656607,12,3.32667,0.0814249,1.329
15,0.273798,0.0532616,10,2.94,0.0905783,1.3
16,0.205813,0.0486087,10,2.68,0.068424,1.21226
17,0.277554,0.0640091,11,3.92,0.079393,1.43495
18,0.198587,0.0468765,11,3.04667,0.0668462,1.57835
19,0.314012,0.0691428,12,4.08667,0.0734872,1.58878
20,0.396909,0.0984199,13,4.96,0.155076,1.61671
21,0.366302,0.0215978,8,2.1,0.0787993,1.3399
22,0.303071,0.0494681,11,2.72,0.0711057,1.28829
23,0.422864,0.0924506,14,5.27333,0.0768961,1.6655
24,0.379518,0.0576758,11,3.66667,0.0702416,1.51659
25,0.251054,0.0759035,13,3.94,0.0925778,1.61126
26,0.157141,0.0246053,10,2.19333,0.0651231,1.49483
27,0.388858,0.0696701,10,3.27333,0.0748099,1.64018
28,0.271717,0.0442414,9,2.52,0.0665588,1.59623
29,0.468404,0.107491,12,4.20667,0.07155,1.70799
30,0.228806,0.0492139,11,2.95333,0.153212,1.7758
31,0.324158,0.0679423,11,3.63333,0.0668947,1.59308
32,0.349062,0.0785114,12,3.83333,0.0698159,1.84368
33,0.303261,0.0618187,12,3.64667,0.0763721,2.02028
34,0.281315,0.070603,9,3.27333,0.070191,1.97211
35,0.439523,0.0846719,13,3.95333,0.0742177,2.06002
36,0.442372,0.0699116,12,3.86,0.067199,1.95258
37,0.300738,0.0596478,11,3.52667,0.131778,2.21567
38,0.415568,0.0805078,14,4.02,0.081773,2.12388
39,0.416749,0.0768178,10,3.81333,0.0682286,1.93124
40,0.44969,0.0895851,14,4.49333,0.069655,1.6014
41,0.440675,0.0875881,13,4.48,0.0686842,1.93911
42,0.538854,0.0971205,13,4.30667,0.0706015,1.81093
43,0.49726,0.116099,11,3.98667,0.0707961,2.43014
44,0.575969,0.107796,13,3.97333,0.0680747,1.98645
45,0.539523,0.106286,11,4.00667,0.0780446,2.16423
46,0.554011,0.135289,11,4.41333,0.0680948,2.062
47,0.467082,0.100491,13,3.38667,0.113861,2.05382
48,0.594626,0.0982151,14,2.86667,0.104385,1.93898
49,0.614408,0.116345,12,3.96667,0.0931673,2.17938
50,0.486624,0.114027,12,4.66667,0.0792104,2.10521
51,0.731105,0.175495,14,5.6,0.0719343,2.18708
52,0.495401,0.105359,13,4.13333,0.0681583,2.15547
53,0.567324,0.14129,12,5.12,0.082387,2.33615
54,0.548706,0.154555,14,5.34667,0.0807019,2.37253
55,0.566142,0.120895,15,4.12,0.0702641,2.06299
56,0.598667,0.128135,14,4.68667,0.0662406,2.20328
57,0.784983,0.169045,14,5.22667,0.0700601,2.50912
58,0.772605,0.145494,14,4.24,0.0685919,2.58158
59,0.689676,0.173947,13,5.62667,0.185345,2.93042
60,0.549201,0.134614,14,4.85333,0.0797824,3.11767
61,0.574717,0.185524,12,5.87333,0.0859976,2.83471
62,0.59482,0.162017,13,5.1,0.11461,2.73547
63,0.702535,0.193703,13,5.85333,0.0724505,2.67582
64,0.662678,0.162873,14,5.19333,0.067149,2.734
65,0.517833,0.128812,13,4.29333,0.0807694,3.23658
66,0.662445,0.163177,14,5.08,0.0701359,2.71985
67,0.573238,0.15921,12,5.16667,0.0687095,2.99336
68,0.793785,0.217131,15,6.40667,0.163403,2.77517
69,0.638359,0.166314,12,4.91333,0.0759603,2.94024
70,0.80773,0.241997,14,6.68,0.0806196,2.39201
71,0.697801,0.263904,13,6.70667,0.175673,2.64991
72,0.697142,0.196664,13,5.32667,0.0714928,2.8736
73,0.735128,0.222555,15,6.26667,0.102633,2.55321
74,0.661656,0.221849,14,6.24667,0.0776249,2.48678
75,0.756622,0.217311,14,5.91333,0.0775562,2.65874
76,0.640845,0.203566,14,5.62,0.0699615,2.70293
77,0.654295,0.236645,15,6.55333,0.177433,2.56649
78,0.656509,0.199034,15,5.88,0.0713062,2.85116
79,0.813408,0.255111,14,7.03333,0.0801351,2.76855
80,0.582485,0.176109,15,5.19333,0.0966528,3.23878
81,0.711261,0.220284,15,6.14,0.0888359,2.72215
82,0.672889,0.240483,15,6.42,0.111682,2.89041
83,0.696905,0.22659,13,6.39333,0.167941,2.85962
84,0.67526,0.212017,14,6.32667,0.127962,2.98861
85,0.636007,0.231512,14,6.32667,0.090611,2.89653
86,0.651254,0.225703,14,6.01333,0.0672556,2.97443
87,0.690533,0.244496,13,6.35333,0.0694808,2.70165
88,0.902079,0.252709,15,6.64,0.0768755,2.57778
89,0.681798,0.230702,14,6.96,0.0732353,2.77208
90,0.644061,0.257323,14,6.7,0.105068,2.43266
91,0.769614,0.24592,14,6.65333,0.0981248,2.44995
92,0.737506,0.238942,14,6.33333,0.0695213,2.45442
93,0.682025,0.241017,13,6.48667,0.067144,2.52266
94,0.735603,0.202541,14,5.52667,0.0761432,2.44457
95,0.758979,0.229698,15,6.42,0.0700969,2.31626
96,0.684003,0.218686,14,6.12,0.0800488,2.57588
97,0.642821,0.241248,12,6.26,0.183557,2.89609
98,0.602005,0.203723,13,5.52667,0.132765,2.90039
99,0.84264,0.230893,15,6.15333,0.0672248,2.43764
100,0.596297,0.220705,13,5.92667,0.108461,2.81434
101,0.571641,0.213697,14,5.87333,0.0716464,2.96348
102,0.758057,0.26788,14,6.72,0.0863128,2.47061
103,0.707118,0.228041,13,6.16,0.0755734,2.90659
104,0.570247,0.174752,12,5.08667,0.0734017,3.04441
105,0.628259,0.214498,13,5.75333,0.065346,2.76097
106,0.694682,0.24258,13,6.28667,0.0786846,2.57153
107,0.731404,0.245692,15,6.08667,0.066438,2.90421
108,0.72745,0.247211,14,6.19333,0.07622,2.87958
109,0.680653,0.216234,15,5.96667,0.0784106,2.66977
110,0.608851,0.206692,15,5.87333,0.0688501,2.69269
111,0.773714,0.275333,14,6.63333,0.0802583,2.85007
112,0.635436,0.248446,14,6.68667,0.172184,2.64027
113,0.635991,0.233039,14,6.05333,0.102399,2.78222
114,0.710261,0.246147,13,6.28667,0.0695403,2.64126
115,0.722809,0.232756,13,6.22,0.117869,2.70348
116,0.727249,0.24687,13,6.10667,0.0901933,2.44717
117,0.810902,0.258134,15,6.67333,0.0737484,2.43417
118,0.737496,0.20932,14,5.6,0.0914748,2.86005
119,0.774918,0.284668,15,7.44667,0.0718184,2.70397
120,0.584952,0.134812,13,3.96667,0.066711,2.50154
121,0.739782,0.230719,15,5.78667,0.118826,2.39161
122,0.632204,0.230492,14,6.17333,0.0836233,2.61185
123,0.751578,0.217691,15,5.72667,0.0657698,2.43023
124,0.768325,0.220826,15,6.19333,0.0665671,2.54284
125,0.890757,0.288487,15,7.8,0.0730921,2.17262
126,0.64718,0.190421,13,5.06,0.0754771,2.58486
127,0.689547,0.209501,14,5.22667,0.0697846,2.15985
128,0.645071,0.192551,13,5.23333,0.0685407,2.41198
129,0.70554,0.223738,15,6.06,0.0725031,2.45907
130,0.769551,0.248215,15,6.32667,0.06783,2.41149
131,0.692504,0.229903,14,5.64667,0.0770929,2.28936
132,0.746921,0.239875,15,6.33333,0.0946651,2.30393
133,0.663729,0.256531,14,6.7,0.0667354,2.46771
134,0.72208,0.262312,15,6.38667,0.13964,2.459
135,0.693634,0.260931,14,6.84,0.101764,2.51679
136,0.613804,0.222181,14,6.22,0.148344,2.7436
137,0.668255,0.200072,15,5.53333,0.0648506,2.52308
138,0.652934,0.228395,14,6.57333,0.0883945,2.72712
139,0.639102,0.165369,13,5.12,0.0718961,2.65796
140,0.845049,0.299954,15,7.66,0.23663,2.35167
141,0.694281,0.213241,14,5.92,0.105014,2.64073
142,0.726515,0.279979,15,7.07333,0.0708684,2.32482
143,0.702299,0.221593,14,6.28,0.0818144,2.58563
144,0.782017,0.281127,15,7.05333,0.0751989,2.51894
145,0.75241,0.230312,15,6.08667,0.252934,2.72328
146,0.726705,0.221054,15,6.10667,0.0715772,2.71895
147,0.684761,0.227788,14,6.27333,0.0708695,2.57603
148,0.667819,0.226791,14,6.21333,0.0736093,2.45402
149,0.63246,0.189675,14,5.44667,0.0860556,2.75084
150,0.754128,0.244152,15,6.43333,0.0668892,2.17253
151,0.701587,0.285606,14,7.16667,0.070206,2.24677
152,0.731831,0.259845,15,6.82667,0.0679664,2.65407
153,0.615016,0.168612,13,5.48667,0.0661458,2.93804
154,0.692276,0.241057,14,6.41333,0.0692101,2.6347
155,0.670068,0.221012,15,6.46667,0.142896,2.72244
156,0.693029,0.229273,15,6.16667,0.0730334,2.52025
157,0.715155,0.257162,15,6.88,0.070233,2.62903
158,0.624856,0.233384,13,6.24,0.139391,2.80487
159,0.711566,0.210557,15,5.92667,0.0695856,2.7733
160,0.664604,0.27781,14,7.21333,0.0731332,2.32729
161,0.669197,0.234928,13,6.32667,0.0732397,2.60798
162,0.617493,0.222307,12,5.85333,0.06593,2.96943
163,0.837899,0.312919,15,7.81333,0.0681201,2.53616
164,0.718772,0.288563,15,7.28667,0.0664819,2.55072
165,0.722668,0.285501,15,7.09333,0.0717481,2.46766
166,0.761578,0.257469,15,6.87333,0.0676048,2.45847
167,0.701732,0.243369,15,6.54667,0.0736966,2.5635
168,0.753295,0.283047,14,7.84667,0.0684358,2.52959
169,0.764855,0.219702,15,5.60667,0.0848306,2.62123
170,0.749979,0.307757,15,7.34667,0.0708395,2.47902
171,0.712632,0.29202,14,6.74667,0.0710844,2.50648
172,0.750822,0.299164,14,7.35333,0.0826842,2.63157
173,0.757365,0.327051,15,7.58667,0.0673056,2.4478
174,0.75168,0.247877,14,6.20667,0.068334,2.78359
175,0.707055,0.279856,14,6.88,0.0767727,2.5818
176,0.652704,0.23499,13,6.46,0.069363,2.41363
177,0.776858,0.348196,15,8.64667,0.0733206,2.48523
178,0.808624,0.29176,15,7.06667,0.0760557,2.39164
179,0.771566,0.256374,15,6.75333,0.0680484,2.58249
180,0.76612,0.288921,15,7.35333,0.07092,2.79585
181,0.78601,0.335397,15,8.11333,0.0695923,2.30937
182,0.829019,0.297519,15,7.46,0.0728595,2.5786
183,0.721222,0.325557,15,7.96667,0.0699273,2.54551
184,0.83103,0.345943,15,8.25333,0.0734099,2.31252
185,0.74487,0.309579,15,7.92667,0.0661279,2.49672
186,0.709191,0.300294,15,7.16667,0.0677426,2.50094
187,0.717033,0.321149,15,7.62667,0.0661748,2.63455
188,0.63225,0.280995,14,7.01333,0.0714382,2.97491
189,0.707251,0.285484,15,7.49333,0.0737595,2.70466
190,0.752262,0.316788,15,7.66,0.0669952,2.76222
191,0.690259,0.276545,15,7.41333,0.070178,2.6058
192,0.749099,0.306412,15,7.16,0.0687827,2.7059
193,0.756345,0.305788,15,7.57333,0.069653,2.61604
194,0.691948,0.254995,15,6.16667,0.0707081,2.41012
195,0.774084,0.368159,15,8.59333,0.0689337,2.30109
196,0.71364,0.29932,14,6.77333,0.068904,2.56887
197,0.842861,0.322823,15,7.96667,0.067488,2.56644
198,0.788377,0.309833,15,7.09333,0.0689869,2.4224
199,0.745297,0.316197,15,7.14667,0.067007,2.4907
200,0.70508,0.309236,15,7.09333,0.0681218,2.45992
201,0.695468,0.31007,15,7.55333,0.0711226,2.6878
202,0.693379,0.276499,13,6.39333,0.0681327,2.46137
203,0.648913,0.235336,14,6.00667,0.102902,2.55679
204,0.847349,0.353799,15,8.07333,0.0736195,2.2159
205,0.629975,0.28464,13,6.68667,0.0676138,2.74271
206,0.699585,0.249709,14,6.15333,0.07701,2.80243
207,0.824831,0.376744,15,8.53333,0.0809549,2.24058
208,0.672583,0.221645,14,5.8,0.0635512,2.68672
209,0.768876,0.324259,15,7.68,0.0689233,2.59855
210,0.654106,0.296517,15,7.60667,0.0678966,2.82705
211,0.647847,0.315625,14,7.36,0.0998319,2.79154
212,0.768561,0.299356,15,7.49333,0.0687006,2.71874
213,0.789032,0.271181,14,6.89333,0.0747838,2.44172
214,0.682815,0.256107,15,6.78,0.0692111,2.637
215,0.777258,0.321495,15,7.99333,0.0735691,2.6354
216,0.805467,0.339906,15,8.16667,0.0804288,2.55485
217,0.765009,0.312012,15,7.34,0.0660607,2.65579
218,0.764829,0.295185,15,7.29333,0.0671299,2.7183
219,0.711182,0.295301,15,7.74667,0.152742,3.02897
220,0.756924,0.326971,15,7.98,0.0684759,2.68299
221,0.800161,0.381716,15,9.25333,0.0924146,2.5409
222,0.741787,0.343557,15,7.87333,0.0797738,2.72253
223,0.693782,0.323354,14,7.64,0.0652376,2.65507
224,0.686838,0.279563,14,6.76,0.0686152,2.83233
225,0.723867,0.31184,15,7.53333,0.216408,2.75127
226,0.788669,0.360592,15,8.36667,0.0696959,2.67007
227,0.760741,0.349017,14,7.83333,0.0685976,2.35946
228,0.674437,0.259425,14,6.28,0.0706162,2.90888
229,0.616269,0.223743,14,5.66667,0.134568,3.0824
230,0.738895,0.295114,15,7.64667,0.0848623,2.68204
231,0.773365,0.249857,15,6.75333,0.0713695,2.95722
232,0.694809,0.23628,14,5.76,0.0790598,2.83212
233,0.781404,0.282213,15,6.62,0.0697884,2.44586
234,0.70505,0.247392,15,5.96667,0.0695634,2.60618
235,0.785832,0.288659,15,7.17333,0.0910936,2.7416
236,0.782611,0.296103,14,7.23333,0.0983618,2.60941
237,0.736876,0.225769,15,6.06,0.0664985,3.15085
238,0.64917,0.26813,14,6.96667,0.0666529,2.8671
239,0.743188,0.296603,15,6.90667,0.0693134,2.65374
240,0.628296,0.254115,13,6.06667,0.0686249,2.68534
241,0.710779,0.20732,15,5.58667,0.113355,2.70318
242,0.692369,0.257209,15,6.38667,0.0675209,2.73482
243,0.785889,0.306042,15,7.58,0.115915,2.39263
244,0.819465,0.329504,15,7.8,0.0700696,2.36747
245,0.688576,0.270545,14,7.17333,0.160255,2.98977
246,0.74545,0.267878,15,6.63333,0.0847652,2.65939
247,0.762538,0.238719,15,5.68,0.0964899,2.44628
248,0.680029,0.240275,14,6.18,0.0903463,2.77629
249,0.735297,0.267021,15,6.73333,0.0829763,2.77366
250,0.632236,0.245126,13,5.71333,0.0710811,2.44376
251,0.706279,0.254075,14,6.36667,0.115115,2.65035
252,0.684601,0.272399,15,6.66,0.076088,2.72829
253,0.643538,0.237341,13,5.82,0.129756,2.74778
254,0.810206,0.279736,15,6.69333,0.162369,2.67205
255,0.718298,0.291514,14,6.97333,0.110263,2.76951
256,0.819671,0.336643,15,7.74667,0.100914,2.59479
257,0.749975,0.307351,15,7.41333,0.0793622,2.83346
258,0.780745,0.282897,15,7.06667,0.0755614,2.76265
259,0.650971,0.25193,14,6.30667,0.0750709,2.91822
260,0.748598,0.326658,15,7.67333,0.07799,2.95846
261,0.816877,0.324778,15,7.68,0.0935858,2.70168
262,0.699804,0.276044,15,6.64,0.07973,3.00564
263,0.72267,0.285477,15,6.72,0.072361,2.90972
264,0.905579,0.367727,15,8.38667,0.0665653,2.53898
265,0.772708,0.335995,15,7.94,0.0669598,2.56091
266,0.801848,0.350063,15,8.39333,0.0735658,2.46951
267,0.73538,0.304036,15,7.48,0.0836755,2.85643
268,0.759552,0.277855,15,6.7,0.0675114,2.85557
269,0.797634,0.337977,15,7.66667,0.0695385,2.55946
270,0.716056,0.283899,15,6.84667,0.0933812,2.74897
271,0.765417,0.312843,15,7.64,0.0756778,2.65621
272,0.786318,0.340935,15,7.65333,0.0671592,2.68018
273,0.710402,0.268727,15,6.64667,0.0647523,2.79687
274,0.757349,0.303868,14,7.44667,0.0691892,2.50218
275,0.729565,0.279581,15,7.08667,0.0772689,2.6573
276,0.694371,0.254934,15,7.12667,0.0730464,2.70278
277,0.741503,0.303369,15,7.92,0.0693072,2.48009
278,0.747547,0.287235,15,7.54667,0.0791595,2.52786
279,0.729868,0.275634,15,7.05333,0.0700317,2.83005
280,0.768324,0.310082,14,7.18667,0.10853,2.5692
281,0.663287,0.254926,14,6.66667,0.0682079,2.52456
282,0.696887,0.314619,15,7.61333,0.0682646,2.30568
283,0.785701,0.35213,15,8.34,0.0712735,2.62205
284,0.742658,0.290601,14,7.33333,0.0635716,2.55718
285,0.777437,0.306782,15,7.90667,0.0756215,2.58062
286,0.788141,0.296257,15,7.98,0.0691877,2.82112
287,0.696978,0.242388,15,6.44,0.0691506,2.48902
288,0.758379,0.317017,15,7.78,0.0724966,2.32959
289,0.77622,0.308527,15,8.12667,0.0699614,2.54529
290,0.666178,0.277248,15,7.41333,0.0690277,2.74368
291,0.7277,0.286846,15,7.48667,0.0717127,2.79013
292,0.736471,0.291814,15,7.40667,0.0678891,2.52345
293,0.737203,0.291008,15,7.52,0.0703183,2.75251
294,0.722828,0.352403,15,8.08667,0.0651947,2.52055
295,0.704185,0.231218,15,5.98,0.0688157,3.10595
296,0.653775,0.270253,15,6.44667,0.0648799,2.73073
297,0.803773,0.368163,15,8.28,0.0685006,2.55716
298,0.701452,0.286791,15,7.18,0.0719128,2.74522
299,0.750335,0.28609,15,7.28667,0.0717017,2.73208
300,0.758472,0.323773,15,7.9,0.0815779,2.54911
301,0.812664,0.337871,15,7.94667,0.0674023,2.59581
302,0.753396,0.332729,15,8.32,0.0681258,2.55515
303,0.757909,0.2948,15,7.24667,0.0672203,2.73884
304,0.80059,0.366454,15,8.70667,0.0673855,2.49398
305,0.808699,0.308496,15,7.65333,0.0684187,2.77501
306,0.771707,0.30366,15,7.24667,0.0668258,3.04328
307,0.782223,0.293007,15,7.36,0.0669795,2.77031
308,0.824258,0.336433,15,7.98,0.0736875,2.61265
309,0.703036,0.315752,14,7.72,0.0656861,2.53336
310,0.781156,0.320749,15,8.03333,0.0666156,2.62808
311,0.699324,0.308681,15,7.44,0.0797035,2.52492
312,0.68646,0.21863,15,5.64667,0.0652832,2.84203
313,0.773058,0.290146,15,7.48667,0.0914114,2.57152
314,0.845973,0.360736,15,8.93333,0.0674099,2.35571
315,0.846707,0.396771,15,9.75333,0.0960714,2.52925
316,0.585873,0.274894,14,7.24667,0.0669203,2.68614
317,0.732726,0.336881,15,8.24,0.0689427,2.32616
318,0.766112,0.306463,15,7.24,0.0718432,2.61745
319,0.803402,0.330821,15,8.02667,0.0690969,2.33025
320,0.793507,0.304315,15,7.35333,0.0668588,2.48611
321,0.650806,0.264862,14,7.17333,0.0672741,2.50768
322,0.708001,0.27152,15,7.01333,0.0664151,2.44025
323,0.812723,0.355944,15,8.54667,0.0690038,2.02357
324,0.786224,0.296446,15,7.26667,0.0680202,2.54843
325,0.802756,0.333257,15,8.22,0.0688852,2.60078
326,0.766473,0.345045,15,8.04667,0.0922567,2.6488
327,0.841647,0.412128,15,9.5,0.0701741,2.29544
328,0.82593,0.356456,15,8.51333,0.0831606,2.40324
329,0.811356,0.352869,15,8.32,0.0694017,2.43758
330,0.791578,0.381985,15,8.85333,0.0674902,2.27782
331,0.740963,0.312939,14,7.76,0.0742039,2.52976
332,0.755383,0.311347,15,7.68667,0.0694717,2.41262
333,0.760162,0.332148,15,7.80667,0.0686468,2.30481
334,0.838935,0.363725,15,8.49333,0.0672033,2.22365
335,0.774555,0.367631,15,8.39333,0.0681579,2.43506
336,0.82171,0.331362,15,8.19333,0.0689413,2.19887
337,0.800696,0.350327,15,8.57333,0.0732888,2.61318
338,0.745211,0.304083,15,7.64667,0.0730007,2.73857
339,0.749113,0.288896,15,7.2,0.0650209,2.53095
340,0.800854,0.333701,15,8.00667,0.0791547,2.17463
341,0.755373,0.345595,15,8.48667,0.0683905,2.46322
342,0.719821,0.27454,14,6.84,0.0760388,2.64286
343,0.888795,0.373453,15,8.93333,0.0766095,2.49438
344,0.776148,0.296191,15,7.17333,0.0697072,2.39653
345,0.726334,0.313251,15,8.42667,0.114721,2.68323
346,0.705954,0.280207,15,7.37333,0.069454,2.84505
347,0.719001,0.289889,15,7.17333,0.0665371,2.91841
348,0.802463,0.3642,15,9.13333,0.0759201,2.55102
349,0.793708,0.333459,14,7.97333,0.0693451,2.6137
350,0.779546,0.37101,15,8.76667,0.0831287,2.24812
351,0.816227,0.350045,15,8.07333,0.0700139,2.36152
352,0.698829,0.26742,15,7.48,0.0688847,2.55046
353,0.76317,0.32426,15,7.88667,0.0717981,2.44747
354,0.744418,0.266091,15,6.83333,0.0673407,2.62994
355,0.742407,0.296384,15,7.44667,0.0692437,2.5306
356,0.815512,0.404422,15,8.92667,0.0690092,2.38814
357,0.790987,0.323847,15,7.98667,0.0703577,2.34108
358,0.696131,0.309588,15,7.66,0.0673522,2.39535
359,0.812815,0.379804,15,9.12667,0.0706441,2.40083
360,0.840496,0.338962,15,8.84,0.0683943,2.28836
361,0.808143,0.398122,15,9.21333,0.0709016,2.32942
362,0.729777,0.33103,15,8.58,0.0682773,2.50276
363,0.721633,0.32003,14,8.07333,0.0642815,2.32816
364,0.746963,0.304558,15,7.55333,0.0662846,2.66402
365,0.706859,0.319882,15,7.34667,0.0692952,2.3517
366,0.796287,0.324223,15,7.92,0.0673479,2.34621
367,0.828713,0.354864,15,7.94,0.135922,2.45357
368,0.758228,0.32601,15,8.37333,0.0730546,2.72744
369,0.755293,0.288715,14,7.00667,0.0702829,2.23585
370,0.771516,0.286461,15,6.80667,0.0673803,2.34721
371,0.775354,0.319164,15,7.44667,0.0661125,2.38555
372,0.755419,0.352907,15,7.83333,0.0687812,2.44558
373,0.764786,0.284649,15,6.87333,0.0703453,2.51601
374,0.756087,0.381925,15,8.84,0.0699122,2.226
375,0.830623,0.303923,15,8.12667,0.0657784,2.36694
376,0.841192,0.38597,15,9.04667,0.091893,2.35012
377,0.789556,0.30817,15,7.31333,0.0765886,2.72512
378,0.753147,0.29804,15,7.95333,0.068456,2.37319
379,0.764243,0.318715,15,7.54,0.0671632,2.39983
380,0.680567,0.307872,15,7.45333,0.0707893,2.71953
381,0.672473,0.288332,15,7.24667,0.0673636,2.52746
382,0.731472,0.32899,15,7.7,0.0661122,2.52576
383,0.810808,0.323845,15,7.64,0.0666424,2.12379
384,0.763905,0.31581,15,7.32,0.068188,2.21607
385,0.743104,0.299548,15,7.55333,0.066486,2.49262
386,0.80624,0.287375,15,7.47333,0.0683464,2.23083
387,0.799053,0.321894,15,8.28667,0.0678354,2.18287
388,0.690061,0.244622,15,6.86667,0.0645134,2.24993
389,0.744068,0.299411,15,7.79333,0.0931248,2.29788
390,0.803588,0.29714,15,7.28,0.0705076,2.03682
391,0.772906,0.325898,15,7.72667,0.0697776,2.55116
392,0.758596,0.30226,15,7.69333,0.0675885,2.35366
393,0.782534,0.35469,15,8.50667,0.0636488,2.14276
394,0.677672,0.26011,15,6.37333,0.0663553,2.26335
395,0.71227,0.34004,15,7.91333,0.0701128,2.11618
396,0.804439,0.363782,15,8.52,0.0669315,2.26373
397,0.806757,0.373025,15,9.03333,0.0700838,2.1751
398,0.792228,0.298749,15,7.63333,0.0680317,2.35621
399,0.817723,0.344242,15,8.35333,0.0688395,2.33175
400,0.828976,0.353472,15,8.63333,0.073874,2.1468
401,0.755937,0.362751,15,8.78,0.0714811,2.39336
402,0.775379,0.325677,15,7.92,0.0727557,2.24456
403,0.73959,0.286318,15,7.36667,0.065657,2.48727
404,0.747798,0.299539,15,7.33333,0.0675154,2.3697
405,0.774628,0.346871,15,8.24667,0.0664802,2.17637
406,0.712036,0.254124,14,6.72,0.0675182,2.88495
407,0.757516,0.334877,14,8.06667,0.0700906,2.36232
408,0.76044,0.314816,15,7.82667,0.0699458,2.15946
409,0.785503,0.296628,15,7.28,0.0684864,2.34717
410,0.703643,0.270654,15,7.00667,0.0640068,2.48721
411,0.670841,0.274603,14,7.05333,0.0677299,2.56985
412,0.747219,0.286076,15,7.62,0.0717949,2.64899
413,0.734955,0.287727,15,6.77333,0.0643425,2.47835
414,0.789519,0.344296,15,8.26667,0.0687712,2.32038
415,0.802209,0.351283,15,8.78667,0.0656299,2.44776
416,0.832306,0.428055,15,9.8,0.0728119,2.27061
417,0.810764,0.39288,15,9.07333,0.0676426,2.30663
418,0.684057,0.286821,15,7.62,0.0672629,2.40274
419,0.726552,0.367349,14,8.44,0.0696413,2.16236
420,0.817353,0.41158,15,9.07333,0.0700785,2.25483
421,0.746731,0.388347,15,9.00667,0.0695867,2.3191
422,0.700676,0.323346,14,7.4,0.0679031,2.34866
423,0.749684,0.343554,15,8.17333,0.0718473,2.32034
424,0.728714,0.295223,15,7.57333,0.0689617,2.47155
425,0.843375,0.37745,15,8.81333,0.0696234,2.24812
426,0.70798,0.335384,15,8.01333,0.0748648,2.2595
427,0.746558,0.385613,15,8.4,0.0642763,2.14711
428,0.790141,0.338812,15,7.94667,0.0679759,2.15673
429,0.805585,0.317591,15,7.37333,0.0658504,2.46023
430,0.811142,0.362742,15,8.04667,0.0707916,2.04816
431,0.795664,0.354667,15,8.46,0.0669762,2.12485
432,0.764312,0.304015,15,7.44,0.0682913,2.17394
433,0.752183,0.32262,14,8.14,0.0664539,2.2762
434,0.734605,0.338186,15,8.09333,0.0677889,2.42113
435,0.744184,0.338088,15,7.96,0.0748688,2.08906
436,0.836396,0.332405,15,7.64,0.069732,2.06551
437,0.789377,0.346276,15,8.14,0.0686392,2.33508
438,0.841655,0.391609,15,8.61333,0.0679337,1.90935
439,0.822978,0.356067,15,8.18,0.0701772,1.9464
440,0.836677,0.375835,15,8.70667,0.0662977,1.89026
441,0.780571,0.300234,15,7,0.0650744,2.10279
442,0.847343,0.362991,15,8.24667,0.0709811,1.97685
443,0.698978,0.237521,14,5.78667,0.0642268,2.07231
444,0.766685,0.354277,15,8.27333,0.0678549,2.12719
445,0.807022,0.290275,15,7.28667,0.0662279,2.50568
446,0.775202,0.341199,15,8.1,0.0691177,2.32611
447,0.721793,0.30732,15,7.71333,0.0646068,2.42843
448,0.808984,0.349224,15,8.54667,0.0698485,2.32148
449,0.751006,0.327766,15,8.43333,0.0729519,2.30818
450,0.802067,0.351551,15,8.32667,0.0678082,2.11273
451,0.750005,0.316535,15,8.12667,0.0647295,2.31237
452,0.83855,0.385634,15,8.68,0.0659373,2.21614
453,0.806837,0.328856,15,8.16,0.0670045,2.18891
454,0.753838,0.330656,14,8.22667,0.0656241,2.51727
455,0.82512,0.357882,15,8.23333,0.0695547,2.14331
456,0.811134,0.319806,15,7.23333,0.0662117,2.09855
457,0.807632,0.358032,15,8.6,0.0685934,2.25268
458,0.706271,0.298193,15,7.08667,0.0671714,2.43157
459,0.737131,0.383821,15,9.4,0.0669128,2.17591
460,0.706941,0.312378,14,7.74667,0.0668822,2.31055
461,0.819965,0.338096,15,8.21333,0.0693004,2.08562
462,0.844991,0.411413,15,9.46667,0.0671539,1.94269
463,0.75769,0.287358,15,7.04667,0.0672618,2.35147
464,0.812792,0.366864,15,8.57333,0.0717797,2.18643
465,0.688657,0.263496,15,6.64667,0.0686107,2.45155
466,0.717724,0.290921,14,7.51333,0.0678095,2.25939
467,0.870889,0.332429,15,7.94667,0.0669192,1.92152
468,0.727977,0.293197,14,7.18667,0.0654229,2.573
469,0.774018,0.346896,15,8.15333,0.0676392,2.37566
470,0.703226,0.322493,14,7.68667,0.0674323,2.39739
471,0.739379,0.332197,15,8.18667,0.0644705,2.48687
472,0.781584,0.340464,15,8.68,0.0683171,2.51478
473,0.838582,0.401632,14,9.60667,0.0705933,2.40096
474,0.710612,0.335243,15,7.85333,0.0700756,2.47982
475,0.638092,0.28541,14,7.12667,0.067417,2.42046
476,0.814677,0.349595,15,8.22,0.0686522,2.34826
477,0.865562,0.408105,15,9.06,0.0664034,2.24524
478,0.768153,0.370324,14,8.83333,0.0725106,2.51583
479,0.730659,0.356353,15,8.86,0.0658088,2.41268
480,0.735861,0.300666,15,7.17333,0.067996,2.61067
481,0.813281,0.323614,15,8.56667,0.0680399,2.68904
482,0.699928,0.293031,13,7.1,0.0677122,2.93367
483,0.749422,0.31746,14,7.52,0.067969,2.42983
484,0.750035,0.428861,15,9.3,0.067511,2.39021
485,0.750948,0.327213,15,7.74667,0.0655374,2.87351
486,0.709989,0.336049,15,8.2,0.063768,2.6429
487,0.763842,0.378826,15,8.91333,0.0716658,2.40492
488,0.717209,0.348874,14,7.74,0.0670698,2.38726
489,0.844841,0.381806,15,8.71333,0.068201,2.31603
490,0.752646,0.357359,15,8.53333,0.0674336,2.16949
491,0.796836,0.383139,15,8.88,0.0671004,2.54722
492,0.788571,0.409741,15,8.76,0.069532,2.28783
493,0.847451,0.445093,15,9.6,0.0655804,1.96719
494,0.761764,0.30671,14,7.4,0.0660836,2.76169
495,0.782027,0.322286,15,7.86667,0.0679618,2.33692
496,0.807903,0.405112,15,8.68,0.0696007,2.12757
497,0.693113,0.306172,14,7.09333,0.0641039,2.50497
498,0.761962,0.323691,15,7.34667,0.0689418,2.41815
499,0.717142,0.370409,14,8.12,0.0684463,2.44428
500,0.728724,0.37533,14,8.35333,0.0732856,2.3408
501,0.744434,0.406741,15,9.04,0.0704122,2.22686
502,0.81352,0.450669,15,9.67333,0.0701629,2.03081
503,0.781725,0.372853,15,8.15333,0.0676963,2.30214
504,0.799623,0.348525,15,7.84,0.0688129,2.44834
505,0.748259,0.308755,15,7.2,0.0676431,2.2972
506,0.763422,0.364447,15,8.01333,0.0682232,2.24553
507,0.801549,0.317478,15,7.12667,0.0693004,2.46709
508,0.738089,0.360476,14,8.27333,0.0658926,2.26694
509,0.787237,0.332943,15,8.33333,0.0714242,2.46114
510,0.802395,0.333116,15,7.85333,0.0691059,2.41151
511,0.698156,0.354117,15,8.32,0.0646799,2.4327
512,0.728544,0.337955,15,8.16,0.0665817,2.16283
513,0.724053,0.333548,15,7.81333,0.0656291,2.40988
514,0.744022,0.347737,15,8.17333,0.0683672,2.49845
515,0.770452,0.380776,15,8.61333,0.0708432,2.50651
516,0.820751,0.354298,15,8.77333,0.0691688,2.36715
517,0.823162,0.314094,15,7.57333,0.0671648,2.52218
518,0.741905,0.306413,14,7.71333,0.0775017,2.4416
519,0.791728,0.393145,14,8.68667,0.0670059,2.52615
520,0.741791,0.361392,15,8.18667,0.0666607,2.51214
521,0.812739,0.366574,15,8.55333,0.0691244,2.20512
522,0.681973,0.315403,13,7.50667,0.0882953,2.7482
523,0.8549,0.404444,15,9.16,0.0680097,2.26292
524,0.744805,0.2809,15,6.96,0.0684593,2.52982
525,0.761593,0.346987,14,8.01333,0.0661577,2.47201
526,0.844993,0.344533,15,8.10667,0.0685147,2.45094
527,0.793634,0.393651,15,8.42,0.0982732,2.47239
528,0.824127,0.352614,15,8.04,0.0690271,2.47984
529,0.851894,0.389791,15,9.17333,0.0705593,2.33803
530,0.74284,0.305674,14,7.51333,0.066911,2.48352
531,0.783843,0.304535,15,6.88,0.0658845,2.50823
532,0.830026,0.369411,15,8.76667,0.0711191,2.51836
533,0.763168,0.313049,15,7.84667,0.0692228,2.42509
534,0.770412,0.370963,15,8.56667,0.0681372,2.31066
535,0.681188,0.274469,15,6.83333,0.0659927,2.5055
536,0.737959,0.258534,14,6.42,0.0633014,2.36692
537,0.798297,0.377212,15,9.3,0.0735023,2.36007
538,0.744268,0.305835,15,7.79333,0.0653411,2.50969
539,0.772915,0.349153,15,8.51333,0.0683753,2.33309
540,0.768779,0.396454,15,9.16,0.0684736,2.27042
541,0.770899,0.345599,15,8.62,0.0695674,2.15418
542,0.769915,0.316415,14,7.66,0.0677243,2.70113
543,0.815599,0.396103,15,8.7,0.0706817,2.24942
544,0.713608,0.301748,13,7.37333,0.0668847,2.59835
545,0.708803,0.363873,15,8.86667,0.0777177,2.66066
546,0.787285,0.374276,15,8.54667,0.0689239,2.16582
547,0.799561,0.387275,15,9.09333,0.0805499,2.22577
548,0.801478,0.358535,15,8.23333,0.065989,2.35487
549,0.851599,0.38894,15,8.63333,0.0790037,2.34127
550,0.67183,0.309916,14,7.58667,0.0679666,2.89412
551,0.737961,0.361131,14,8.28,0.0678196,2.43674
552,0.796685,0.378144,15,8.98,0.0749776,2.47602
553,0.786752,0.369625,15,8.34,0.0687694,2.35758
554,0.776843,0.37524,14,8.42667,0.0696968,2.24806
555,0.736622,0.3114,14,7.18667,0.0680377,2.48812
556,0.871517,0.389088,15,8.58667,0.0685056,2.26886
557,0.768295,0.333283,15,7.55333,0.0664301,2.16507
558,0.797887,0.387333,15,8.03333,0.0693773,2.33387
559,0.770225,0.379733,15,8.63333,0.0952563,2.2153
560,0.797007,0.415101,15,9.02667,0.0690532,1.92391
561,0.856877,0.42846,15,9.72,0.0700287,2.32003
562,0.751588,0.339105,15,8.38,0.0662838,2.25109
563,0.746818,0.384682,14,8.61333,0.0650827,2.18178
564,0.759804,0.378934,15,8.79333,0.0688266,2.26092
565,0.825836,0.380422,15,8.54667,0.0678538,2.51705
566,0.682385,0.317027,14,7.39333,0.0663201,2.56018
567,0.757214,0.352444,15,7.97333,0.0676393,2.21846
568,0.804371,0.390439,15,9.17333,0.0685036,2.40681
569,0.618952,0.287721,13,6.4,0.0683507,2.75497
570,0.825154,0.404501,15,9.38,0.0660323,2.23401
571,0.830235,0.388963,15,8.76,0.0679306,2.17976
572,0.597532,0.292749,12,6.93333,0.0658072,2.62806
573,0.80098,0.413717,15,9.41333,0.0700713,2.18666
574,0.677828,0.345152,13,7.20667,0.0704697,2.52798
575,0.740925,0.377629,15,8.22667,0.0666773,2.24066
576,0.828622,0.423824,15,9.04667,0.0719053,1.99079
577,0.819343,0.440461,14,9.39333,0.0685729,2.08003
578,0.808821,0.417366,15,8.9,0.0692204,2.14343
579,0.759962,0.426766,15,8.92667,0.0667662,2.1736
580,0.82125,0.376274,15,8.80667,0.0670993,2.38202
581,0.81162,0.419571,15,9.07333,0.0648406,1.9605
582,0.78309,0.377909,15,8.71333,0.0856757,2.39942
583,0.808996,0.354166,15,8.35333,0.0689833,2.18633
584,0.790441,0.377398,15,8.47333,0.0722968,2.38971
585,0.81217,0.340082,15,7.71333,0.071503,2.55749
586,0.792946,0.349211,15,7.89333,0.0737758,2.2138
587,0.77163,0.329391,15,7.7,0.0666038,2.30307
588,0.778351,0.425897,15,9.02,0.0676423,2.22946
589,0.795508,0.365691,15,7.96,0.0774975,2.30181
590,0.858014,0.416557,15,8.93333,0.0664589,2.20215
591,0.669792,0.310098,14,7.26667,0.0847202,2.76531
592,0.821059,0.381125,15,8.43333,0.072986,2.29705
593,0.671927,0.282794,13,6.26,0.067091,2.80615
594,0.775123,0.383378,15,8.59333,0.0649195,2.44149
595,0.786453,0.41466,15,9.04,0.0665416,2.29611
596,0.745843,0.377168,14,8.72667,0.101989,2.4931
597,0.752882,0.320415,15,7.84667,0.0764254,2.93679
598,0.671749,0.309983,14,7.31333,0.0658156,2.54555
599,0.831385,0.404458,15,9.23333,0.0708171,2.30683
600,0.814574,0.426759,15,9.90667,0.0712564,2.27787
601,0.736394,0.356847,15,7.95333,0.0667701,2.44758
602,0.77653,0.359477,15,8.36667,0.072549,2.53071
603,0.750858,0.365516,15,8.14,0.0682922,2.46378
604,0.727753,0.363506,15,8.4,0.0700902,2.50394
605,0.745113,0.383101,15,8.64667,0.0696815,2.35292
606,0.797014,0.349212,15,8.04,0.0697935,2.33943
607,0.739957,0.370981,15,8.64667,0.0682099,2.53188
608,0.735355,0.353721,15,8.42667,0.0706665,2.59713
609,0.755588,0.298259,15,7.64,0.0671365,2.61954
610,0.732151,0.323204,15,8.03333,0.0669171,2.53511
611,0.787619,0.371156,15,8.69333,0.0715524,2.41378
612,0.848121,0.392696,15,8.91333,0.0667896,2.11873
613,0.774852,0.350187,15,8.24,0.0680943,2.38297
614,0.748703,0.391344,15,9.26,0.0711693,2.46147
615,0.717506,0.281249,15,7.34,0.0665629,2.59536
616,0.727692,0.342844,15,8.36,0.0664807,2.39479
617,0.819699,0.332477,15,8.66667,0.073457,2.81678
618,0.832396,0.355803,15,8.19333,0.0670592,2.54182
619,0.716772,0.327183,15,7.38,0.0701368,2.62256
620,0.745316,0.349648,15,7.83333,0.0682007,2.51652
621,0.794142,0.292311,15,7.32667,0.106535,2.91057
622,0.809855,0.389117,15,8.63333,0.0668869,2.27318
623,0.761956,0.348512,14,8.11333,0.066435,2.29543
624,0.813441,0.377688,15,9.00667,0.0701072,2.5274
625,0.696986,0.353906,14,8.22667,0.0938115,2.66822
626,0.772293,0.370459,15,8.57333,0.0697825,2.49611
627,0.80206,0.359554,15,7.95333,0.0683434,2.67781
628,0.804077,0.376187,15,8.62667,0.0677306,2.80622
629,0.787989,0.449774,15,10.2933,0.0705456,2.67698
630,0.781823,0.401231,15,9.29333,0.070149,2.50413
631,0.786073,0.333074,15,7.75333,0.0753185,2.7734
632,0.74509,0.382037,15,8.62,0.0827614,2.39328
633,0.688864,0.309831,14,6.96,0.0660773,3.0164
634,0.70558,0.353865,15,8.42,0.0671322,2.70893
635,0.842171,0.366454,15,8.52667,0.0744172,2.3243
636,0.718289,0.337771,14,7.64667,0.0885407,2.62038
637,0.818961,0.359275,15,8.40667,0.0680518,2.34408
638,0.806232,0.316611,15,7.05333,0.0686747,2.29924
639,0.719073,0.34147,14,7.76667,0.0688251,2.371
640,0.740818,0.352059,15,8.48667,0.0686806,2.30125
641,0.836595,0.327996,15,7.85333,0.0751301,2.5131
642,0.860962,0.314027,15,7.48667,0.0677195,2.3814
643,0.75567,0.338571,15,8.24667,0.0687409,2.45378
644,0.773167,0.359214,15,8.44,0.0696468,2.45813
645,0.788147,0.327503,15,7.69333,0.0724642,2.22696
646,0.814506,0.358617,15,7.93333,0.0692528,2.0954
647,0.78878,0.325664,15,7.36,0.0658681,2.54787
648,0.746887,0.367323,15,8.37333,0.0724144,2.42215
649,0.844934,0.432987,15,9.10667,0.0702777,2.30447
650,0.817955,0.397005,15,9.02667,0.0719513,2.47346
651,0.68746,0.307096,14,7.38667,0.06735,2.36171
652,0.745732,0.374132,15,8.62,0.07289,2.56024
653,0.706329,0.31952,14,7.86,0.0696035,2.55736
654,0.751143,0.371466,14,8.39333,0.0662552,2.43225
655,0.771724,0.368039,15,8.72,0.0777122,2.59526
656,0.687447,0.36285,14,8.36,0.067718,2.4996
657,0.752614,0.342263,15,7.92,0.0716935,2.48272
658,0.789603,0.370194,15,8.72,0.0671656,2.43236
659,0.775051,0.3765,15,8.17333,0.0705498,2.45122
660,0.746358,0.340287,15,7.9,0.0684902,2.36386
661,0.822674,0.407746,15,8.93333,0.069615,1.99081
662,0.770744,0.313826,15,7.12667,0.0680244,2.35821
663,0.738153,0.361245,15,8.17333,0.067454,2.56664
664,0.797623,0.344338,15,7.61333,0.0713199,2.42914
665,0.729074,0.307659,15,7.67333,0.0707032,2.44037
666,0.809711,0.399798,15,8.4,0.0702727,2.07728
667,0.67205,0.341309,13,7.32,0.0683091,2.63443
668,0.745351,0.381346,15,9.04667,0.0674651,2.15385
669,0.855821,0.392874,15,8.86,0.070251,2.44659
670,0.764472,0.344242,15,7.87333,0.0688469,2.17902
671,0.755006,0.31224,15,7.72667,0.0673371,2.38589
672,0.761467,0.357581,15,8.25333,0.0703199,2.55006
673,0.774303,0.402821,15,8.58667,0.0669732,2.23208
674,0.694904,0.301074,14,7.28667,0.0658573,2.49143
675,0.783209,0.358294,15,8.64667,0.0669,2.66439
676,0.777567,0.369261,15,8.91333,0.075586,2.40797
677,0.700104,0.3188,15,7.80667,0.0693369,2.47605
678,0.742283,0.376957,15,9.12667,0.0689434,2.53128
679,0.799542,0.4325,15,9.59333,0.0720765,2.28515
680,0.710674,0.355977,14,8.17333,0.0676754,2.47525
681,0.773078,0.422447,15,10.0133,0.0693147,2.21569
682,0.738463,0.322092,15,7.78,0.0677022,2.3129
683,0.725276,0.345633,15,8.16,0.0656777,2.31863
684,0.835199,0.401156,15,9.90667,0.14771,2.26721
685,0.767033,0.33707,15,7.91333,0.0681522,2.29153
686,0.753663,0.351267,14,8.03333,0.0671801,2.49147
687,0.742348,0.311272,15,7.46667,0.0693972,2.69439
688,0.780524,0.358374,15,8.9,0.079096,2.06219
689,0.658773,0.312607,15,8.01333,0.0744721,2.7979
690,0.770871,0.363898,15,8.22,0.0696511,2.09529
691,0.760465,0.339544,15,7.76,0.0701924,2.2556
692,0.781006,0.363599,15,9.06,0.0684595,2.16615
693,0.758323,0.302649,14,7.22,0.069797,2.46438
694,0.801839,0.381098,15,9.42,0.0672596,2.10813
695,0.760236,0.339884,15,8.46,0.0696793,2.20462
696,0.788621,0.361831,15,8.64667,0.0695061,2.16962
697,0.72338,0.317492,14,7.66,0.0706653,2.2827
698,0.710276,0.310079,15,7.89333,0.0693333,2.36517
699,0.784065,0.392355,15,9.12,0.0694274,2.21619
700,0.712588,0.302592,15,7.57333,0.0672568,2.69681
701,0.687934,0.309792,15,7.5,0.0701618,2.3511
702,0.748667,0.345998,15,8.29333,0.0695374,2.5743
703,0.805786,0.376115,15,8.86667,0.0683754,2.23413
704,0.699658,0.305549,14,6.88,0.0675493,2.47487
705,0.726352,0.28782,15,6.76667,0.0792743,2.63864
706,0.847672,0.447988,15,9.78,0.0707166,1.94509
707,0.78721,0.369826,15,8.56,0.0676775,2.52242
708,0.783794,0.366175,15,8.46667,0.0665178,2.37052
709,0.74125,0.334077,15,7.94667,0.0663598,2.11485
710,0.698986,0.287372,14,6.78667,0.0692182,2.98921
711,0.750673,0.319068,15,7.8,0.0670586,2.44726
712,0.700177,0.306295,15,8,0.0663374,2.46358
713,0.761549,0.332623,15,8.2,0.0672571,2.31193
714,0.852974,0.38377,15,8.81333,0.0699267,2.46656
715,0.714673,0.328205,15,7.89333,0.065444,2.49088
716,0.764686,0.375635,15,9.10667,0.069128,2.27027
717,0.627121,0.288247,13,7.23333,0.0648306,3.05598
718,0.836613,0.387333,15,8.92,0.0725427,2.54462
719,0.79845,0.395786,15,9.21333,0.070399,2.42926
720,0.737864,0.317813,15,7.4,0.0710469,2.40108
721,0.753777,0.337169,14,7.54,0.06653,2.27956
722,0.768607,0.349437,14,8.53333,0.0674492,2.44152
723,0.774692,0.338322,15,7.65333,0.0694604,2.4929
724,0.678532,0.29241,14,7.09333,0.0661111,2.47355
725,0.750015,0.313288,15,7.60667,0.0702308,2.51007
726,0.774537,0.340614,14,8.12,0.0658828,2.19867
727,0.638944,0.270897,13,6.22667,0.0686526,2.61493
728,0.759663,0.307544,14,7.82667,0.0781727,2.48635
729,0.630854,0.246897,13,6.39333,0.0648587,2.58322
730,0.696537,0.272455,14,6.70667,0.0658909,2.4766
731,0.769608,0.320461,15,7.71333,0.0679707,2.4559
732,0.782337,0.35607,15,8.42,0.0704832,2.23452
733,0.729711,0.258373,15,6.2,0.0664893,2.59726
734,0.67914,0.291444,15,7.26667,0.0679362,2.43777
735,0.861388,0.456658,15,10.0467,0.0682693,2.04236
736,0.724701,0.322892,15,7.85333,0.0671431,2.32871
737,0.754856,0.296516,15,7.18667,0.0653242,2.53698
738,0.828292,0.295168,15,7.23333,0.0691177,2.67967
739,0.774955,0.328797,14,7.25333,0.0701726,2.60116
740,0.664221,0.237545,14,5.85333,0.0659056,2.79048
741,0.687215,0.281067,15,6.55333,0.0670354,2.52382
742,0.783524,0.315906,15,7.29333,0.0695241,2.17568
743,0.757211,0.310391,15,7.27333,0.0700312,2.41253
744,0.819671,0.357676,15,8.48667,0.0684488,2.33852
745,0.780726,0.324971,15,7.83333,0.0679048,2.66068
746,0.73348,0.300701,14,7.00667,0.0701928,2.5345
747,0.681629,0.301357,14,7.28,0.0670576,2.73434
748,0.716592,0.344552,14,8.04667,0.0673762,2.34715
749,0.735531,0.332923,14,8.40667,0.0668016,2.39491
750,0.742672,0.362596,15,9.14,0.0664521,2.46128
751,0.696388,0.355311,14,8.48667,0.192569,2.63481
752,0.688398,0.278842,15,7.28,0.0731461,2.80979
753,0.753663,0.334533,15,8.5,0.0675441,2.54086
754,0.775922,0.323798,15,8.32,0.0659623,2.44336
755,0.787719,0.325224,15,8.2,0.0661117,2.55086
756,0.796955,0.381311,15,9.11333,0.0717696,2.32989
757,0.731617,0.324302,15,7.58,0.0686387,2.60532
758,0.70885,0.323836,15,8.32667,0.068762,2.59737
759,0.824476,0.380983,15,8.98667,0.0694802,2.15832
760,0.774831,0.276076,15,7.56667,0.0680229,2.51573
761,0.772954,0.311739,15,7.79333,0.0705547,2.6935
762,0.790302,0.359891,15,8.53333,0.069109,2.56362
763,0.749362,0.349673,15,9.28667,0.0696581,2.43124
764,0.730567,0.313376,15,7.96667,0.0665701,2.77615
765,0.702616,0.329662,15,8.06667,0.0693152,2.97213
766,0.734601,0.331442,15,8.14667,0.0758855,2.65856
767,0.657916,0.279838,14,7.14667,0.068204,2.70588
768,0.754257,0.345576,15,8.41333,0.0676749,2.35313
769,0.788548,0.402398,15,9.52667,0.0681047,2.55739
770,0.694349,0.20971,14,6.2,0.0671492,3.03013
771,0.771569,0.360392,15,9.07333,0.0692226,2.46983
772,0.85044,0.36869,15,8.84,0.068805,2.46557
773,0.797346,0.375418,15,8.83333,0.0695885,2.5158
774,0.704118,0.276181,14,7.66,0.0660005,2.72896
775,0.753719,0.316018,15,7.8,0.0637622,2.57031
776,0.705426,0.296922,14,7.34667,0.0673868,2.57334
777,0.741572,0.309672,15,7.74,0.0661539,2.5926
778,0.832431,0.309985,15,7.78667,0.0679634,2.60761
779,0.809752,0.326532,15,7.96,0.0708842,2.69801
780,0.714752,0.307625,14,7.49333,0.0666902,2.53541
781,0.742586,0.394397,15,9.78,0.0681488,2.39874
782,0.758434,0.397651,15,9.69333,0.0714117,2.39457
783,0.697797,0.329147,14,8.07333,0.0662604,2.6906
784,0.736517,0.329767,15,8.40667,0.0677704,2.65997
785,0.728264,0.328691,15,7.87333,0.0803476,2.50297
786,0.826801,0.388222,15,9.03333,0.0686864,2.49046
787,0.738477,0.328164,15,8.30667,0.0659966,2.72364
788,0.720502,0.306504,14,7.32667,0.0678433,2.77756
789,0.686341,0.329663,14,7.95333,0.0681979,2.66476
790,0.738674,0.307112,15,7.88667,0.0853275,2.67273
791,0.771047,0.362091,15,8.98,0.070323,2.74202
792,0.723167,0.324906,15,8.08,0.0682317,2.72145
793,0.734323,0.350052,14,8.32667,0.0678551,2.50466
794,0.710932,0.27675,15,7.99333,0.0713487,2.73535
795,0.666838,0.262668,14,6.74,0.0693176,2.5876
796,0.79181,0.338201,15,8.42667,0.0648981,2.37544
797,0.756704,0.331292,14,7.89333,0.0686669,2.53868
798,0.705537,0.328082,15,8.24,0.0710626,2.51084
799,0.795914,0.347043,15,8.58,0.0693757,2.25547
800,0.725214,0.35741,15,8.68,0.0675614,2.4417
801,0.808454,0.353944,15,8.3,0.0665043,2.68028
802,0.798563,0.364948,15,8.68667,0.0672797,2.41514
803,0.737968,0.348531,14,8.46667,0.0661365,2.53636
804,0.697965,0.34724,14,8.66667,0.0695637,2.52254
805,0.583023,0.272049,14,6.80667,0.0659737,2.78496
806,0.726897,0.351336,14,8.36,0.067994,2.50448
807,0.795583,0.343343,15,8.09333,0.0687425,2.48805
808,0.816787,0.376465,15,8.72667,0.0679931,2.55977
809,0.783288,0.336339,14,7.84667,0.0689562,2.63376
810,0.770092,0.346672,15,8.42,0.0662277,2.54255
811,0.835545,0.35414,15,8.45333,0.0687552,2.60774
812,0.683947,0.292809,15,7.34667,0.0691384,2.9213
813,0.676374,0.332524,14,8.54,0.0706735,2.84964
814,0.786403,0.335008,15,8.10667,0.0667979,2.36222
815,0.726007,0.309097,14,7.68,0.0681482,2.73905
816,0.697801,0.330965,14,7.66667,0.0660802,2.46223
817,0.818095,0.391201,15,9.18667,0.0692889,2.30907
818,0.742831,0.329494,14,8.02,0.0958906,2.80744
819,0.804858,0.401269,15,8.89333,0.0674255,2.5029
820,0.837143,0.39363,15,9.71333,0.0708981,2.16224
821,0.803425,0.369895,15,8.97333,0.0683192,2.26602
822,0.66835,0.305294,15,7.84667,0.0676074,2.72907
823,0.839211,0.400816,15,9.35333,0.0699857,2.30318
824,0.768407,0.366668,15,8.22,0.0694908,2.26167
825,0.766324,0.364078,15,8.39333,0.0817203,2.34606
826,0.708136,0.35393,15,8.52667,0.0684622,2.6953
827,0.771564,0.366469,14,8.61333,0.0704044,2.31978
828,0.773309,0.402611,14,9.17333,0.0709962,2.3743
829,0.787082,0.406047,15,9.54,0.073064,2.24416
830,0.740084,0.360766,14,8.42,0.0674675,2.57403
831,0.790858,0.389029,15,9.02,0.0707108,2.57236
832,0.79752,0.384622,15,9.22667,0.0701433,2.39765
833,0.79263,0.399408,15,9.14667,0.0680344,2.4129
834,0.846149,0.406025,15,9.40667,0.0723791,2.32326
835,0.852976,0.375857,15,8.97333,0.0679468,2.22845
836,0.781163,0.440449,15,9.23333,0.068912,2.31335
837,0.808898,0.390141,14,9.02,0.0970642,2.57488
838,0.74409,0.353833,14,8.41333,0.0985381,2.31938
839,0.807409,0.367346,15,9.00667,0.0699224,2.43312
840,0.666282,0.32396,13,7.86667,0.0780993,2.52264
841,0.766875,0.398385,15,8.90667,0.0733347,2.28001
842,0.793628,0.415856,15,9.26,0.0731773,2.25162
843,0.758085,0.379246,15,8.77333,0.0704415,2.39427
844,0.778412,0.369615,15,8.58667,0.067915,2.14118
845,0.756491,0.378407,15,8.80667,0.0685544,2.63575
846,0.790863,0.397245,15,9.86667,0.0665176,2.08375
847,0.794646,0.345725,15,8.04667,0.0687078,2.50063
848,0.773499,0.375505,14,8.92667,0.0677892,2.67109
849,0.824542,0.38485,15,9.18667,0.0684264,2.30967
850,0.79356,0.35794,15,8.28667,0.0682849,2.20584
851,0.802854,0.34959,15,9.05333,0.0692065,2.24712
852,0.817951,0.329354,15,7.42,0.0681761,2.43132
853,0.770376,0.376942,15,8.85333,0.0713215,2.3624
854,0.752138,0.336202,15,8.51333,0.0724552,2.46379
855,0.730716,0.362886,15,8.62667,0.0676453,2.62798
856,0.794774,0.390685,15,9.34667,0.0691824,2.36274
857,0.837576,0.408601,15,9.72667,0.0698029,2.34177
858,0.852236,0.41261,15,9.94,0.0690044,2.19804
859,0.762046,0.349788,15,8.32667,0.0691763,2.40513
860,0.811135,0.346534,15,8.82,0.0660887,2.34583
861,0.766794,0.322089,15,7.91333,0.0697637,2.35505
862,0.733401,0.347747,14,8.12,0.0664154,2.30424
863,0.795706,0.301152,15,7.65333,0.0672796,2.47841
864,0.726758,0.313497,14,8.08,0.068684,2.44992
865,0.843774,0.376123,15,8.84667,0.069511,2.2234
866,0.79264,0.371998,15,8.53333,0.0657116,2.23823
867,0.759657,0.354726,15,8.35333,0.0706169,2.27987
868,0.827037,0.430358,15,9.55333,0.0713745,2.16845
869,0.80643,0.348005,15,8.12,0.066448,1.9437
870,0.697857,0.314132,14,7.32667,0.0673046,2.09704
871,0.852209,0.405622,15,9.4,0.0693388,2.13834
872,0.691341,0.318868,14,7.40667,0.068908,2.28184
873,0.731401,0.348925,15,8.29333,0.0690014,2.45628
874,0.780531,0.349592,15,8.30667,0.0674521,2.16423
875,0.828867,0.34258,15,8.16,0.0714152,2.18375
876,0.777465,0.301353,15,7.04,0.0659504,2.6357
877,0.745316,0.291594,15,7.63333,0.0706028,2.48306
878,0.772452,0.378871,14,9.05333,0.0738982,2.33675
879,0.815711,0.370761,15,9.41333,0.0676763,2.3433
880,0.732156,0.3369,15,8.29333,0.0675857,2.42419
881,0.849012,0.415029,15,9.47333,0.0693794,2.13551
882,0.78669,0.361911,15,8.36,0.0655334,2.17758
883,0.827499,0.38276,15,8.66,0.0687435,2.21958
884,0.679051,0.332999,14,7.56667,0.0714158,2.36498
885,0.844156,0.391207,15,9.02667,0.0694844,2.18507
886,0.769768,0.357657,14,8.48,0.0677848,2.41957
887,0.748297,0.3732,15,8.14667,0.0719022,2.35814
888,0.728646,0.35868,15,8.01333,0.0673252,2.34757
889,0.751168,0.360729,15,8.61333,0.0678307,2.33737
890,0.853419,0.398195,15,9.76667,0.0714321,2.05046
891,0.745324,0.383826,15,8.96,0.0683725,2.28199
892,0.858233,0.442822,15,9.88,0.0690806,2.00265
893,0.827861,0.447465,15,10.04,0.0678644,2.10819
894,0.809435,0.390234,15,9.32,0.0783381,2.29078
895,0.730235,0.384465,14,8.44667,0.0681001,2.28011
896,0.785128,0.37696,15,9.00667,0.0670194,2.23061
897,0.7432,0.371227,15,8.44667,0.067565,2.18616
898,0.774311,0.3716,14,8.95333,0.068148,2.1526
899,0.79779,0.307742,15,7.47333,0.066717,2.27569
900,0.736637,0.323025,15,8.40667,0.068998,2.25453
901,0.759747,0.39673,15,9.08667,0.0653843,2.2365
902,0.796751,0.362491,15,8.50667,0.0717437,2.35925
903,0.807613,0.394548,15,9.15333,0.0689506,2.10757
904,0.854083,0.43437,15,9.41333,0.0700474,2.14076
905,0.793025,0.35742,15,8.45333,0.0676135,1.99059
906,0.836484,0.374671,15,8.98,0.0719388,2.29111
907,0.854276,0.436489,15,9.75333,0.0828423,2.02234
908,0.742216,0.386908,14,9.26,0.0708664,2.22366
909,0.815723,0.354316,15,8.37333,0.0678199,1.92548
910,0.757911,0.367965,15,8.26,0.0672642,2.03481
911,0.730992,0.332031,15,7.97333,0.0680167,2.47833
912,0.781216,0.388801,14,8.44,0.067212,2.31583
913,0.785936,0.347028,15,8.01333,0.0657214,2.42052
914,0.839162,0.4475,15,9.82,0.0698562,2.05682
915,0.852331,0.426865,15,9.39333,0.0682654,2.07284
916,0.802611,0.373551,15,8.86,0.0683148,1.86554
917,0.795287,0.353534,15,8.47333,0.0661571,2.1802
918,0.751055,0.346991,15,8.67333,0.0681288,2.43571
919,0.809556,0.403338,15,9.63333,0.0693974,2.15087
920,0.676046,0.29778,14,7.33333,0.0667966,2.25983
921,0.721586,0.313546,15,8,0.0725497,2.5499
922,0.799811,0.336728,15,8.34667,0.068929,2.16087
923,0.760615,0.348519,15,8.51333,0.0679697,2.51635
924,0.740632,0.352159,15,8.91333,0.0735198,2.17477
925,0.704752,0.308865,13,7.19333,0.0699067,2.19847
926,0.770694,0.376534,15,8.88667,0.0706227,2.12956
927,0.718284,0.322856,14,8.19333,0.066774,2.46264
928,0.765031,0.408102,15,9.44667,0.0657373,2.2389
929,0.821894,0.391945,15,9.09333,0.0676233,2.36997
930,0.841259,0.370294,15,8.32667,0.0658415,2.38378
931,0.719491,0.363232,15,8.45333,0.0682565,2.51472
932,0.776227,0.315874,15,8,0.0711659,2.26213
933,0.702568,0.353108,14,7.73333,0.0673809,2.33447
934,0.843487,0.383487,15,8.48667,0.068261,2.13266
935,0.703693,0.328584,14,8.04,0.0693966,2.42786
936,0.776886,0.35595,15,8.19333,0.0674886,2.18398
937,0.842672,0.36902,15,8.58667,0.0683046,2.31968
938,0.776431,0.348824,15,8.95333,0.0679442,2.22629
939,0.664229,0.285922,14,6.79333,0.0671466,2.44099
940,0.828049,0.357345,15,8.63333,0.0694465,2.33266
941,0.690959,0.306747,14,7.63333,0.0734738,2.41646
942,0.833492,0.375046,15,8.56,0.0694046,2.22376
943,0.766898,0.340553,15,8.27333,0.0668255,2.43016
944,0.761794,0.323757,14,7.90667,0.0691414,2.531
945,0.789647,0.373468,15,8.40667,0.0710974,2.42344
946,0.707661,0.320265,15,7.35333,0.0682084,2.14989
947,0.791783,0.400746,15,9.60667,0.0682313,2.27001
948,0.79609,0.348415,15,8.13333,0.0668779,2.47202
949,0.802176,0.424333,15,8.85333,0.0692482,1.94074
950,0.683135,0.259408,15,6.54667,0.063721,2.46209
951,0.842672,0.39289,15,8.77333,0.0672661,2.01539
952,0.741252,0.390649,15,8.42667,0.0719306,2.26814
953,0.76559,0.302923,15,7.20667,0.0671444,2.39227
954,0.795436,0.344042,15,8.17333,0.0683045,1.97962
955,0.722587,0.339061,14,7.72,0.0700321,2.35343
956,0.772382,0.353007,15,7.61333,0.067755,2.15192
957,0.728123,0.331079,15,7.6,0.0672924,2.2365
958,0.739988,0.31113,15,7.48,0.0665789,2.18555
959,0.81247,0.414208,15,9.00667,0.0691272,2.22605
960,0.707842,0.290507,14,6.64667,0.0716531,2.45582
961,0.776556,0.387523,14,8.55333,0.068503,2.13482
962,0.81233,0.330852,15,7.42667,0.0702194,2.32776
963,0.745431,0.341699,15,7.66,0.0667037,2.27641
964,0.732594,0.357538,15,8.32,0.072151,2.10928
965,0.777798,0.357715,15,8.12,0.0667766,1.96861
966,0.75666,0.364903,15,8.18,0.0680007,2.22305
967,0.815973,0.415177,15,9.24667,0.0702555,2.07955
968,0.758638,0.29015,15,6.61333,0.0644835,2.06335
969,0.730856,0.309752,15,7.52,0.0691457,2.29297
970,0.833853,0.393932,15,8.99333,0.070074,2.29159
971,0.717161,0.267268,15,6.90667,0.0669204,2.59376
972,0.802759,0.353766,15,7.66,0.0671847,2.46296
973,0.786887,0.371631,15,8.22667,0.0666181,2.25999
974,0.843917,0.415761,15,8.98,0.0711762,2.00801
975,0.77043,0.380965,15,8.82,0.0660764,2.09431
976,0.769293,0.301234,15,7.6,0.0666316,2.75401
977,0.806087,0.404482,15,9.03333,0.066706,2.20149
978,0.747534,0.303615,15,6.98667,0.0667809,2.31975
979,0.74971,0.345615,14,8.26,0.0689985,2.68056
980,0.767386,0.303323,15,7.62,0.0674468,2.50811
981,0.570663,0.237494,13,6,0.0666154,2.77605
982,0.783359,0.289972,14,6.70667,0.0655981,2.29851
983,0.778377,0.333494,15,7.92,0.0677163,2.13881
984,0.814807,0.34087,15,8.03333,0.0673799,2.14589
985,0.833156,0.377063,15,8.92667,0.0691937,2.15348
986,0.850937,0.369731,15,8.78667,0.066992,2.17735
987,0.776753,0.340742,15,7.77333,0.0691249,2.30504
988,0.755486,0.350155,15,8.06,0.0686291,2.36117
989,0.760885,0.34684,14,8.16,0.0655739,2.33215
990,0.81083,0.346582,15,8.25333,0.0671921,2.38372
991,0.765263,0.302679,15,7.34,0.0663856,2.35708
992,0.790594,0.345883,15,8.58,0.067382,2.343
993,0.766863,0.358506,15,8.74667,0.0686483,2.14766
994,0.816759,0.391715,15,8.98,0.0700153,2.31877
995,0.639614,0.227927,14,6.20667,0.0656187,2.50871
996,0.848014,0.354207,15,8.18,0.0657251,2.15371
997,0.762704,0.362227,14,8.15333,0.0691414,2.39268
998,0.76098,0.341592,15,8.08,0.0689905,2.34996
999,0.792542,0.354013,15,8.44,0.0651484,2.25803
1000,0.735924,0.371352,15,8.30667,0.0650704,2.5557
