1,12.0973,1.77194,9,0.36,0.0691224,1.407
2,8.70186,2.97266,10,0.293333,0.0694123,1.16173
3,11.0225,4.18507,7,0.246667,0.0758094,1.10242
4,11.7728,4.41007,5,0.12,0.0673322,0.804896
5,11.7343,4.55899,4,0.14,0.0691689,0.776263
6,10.8862,4.98095,6,0.173333,0.0652022,0.650989
7,10.632,5.04152,9,0.206667,0.0654719,0.662674
8,11.6829,4.65851,4,0.146667,0.0671347,0.814216
9,11.6617,5.037,8,0.373333,0.0687639,0.821477
10,10.4324,4.84151,7,0.353333,0.0696817,0.746883
11,11.8961,5.46264,5,0.273333,0.0659082,0.806311
12,10.7691,5.7531,6,0.266667,0.0662373,0.780742
13,11.4447,5.6066,5,0.233333,0.067743,0.930412
14,12.4384,5.48896,10,0.493333,0.0697337,0.822293
15,11.0218,5.30287,7,0.246667,0.066644,0.760239
16,13.881,6.08672,4,0.18,0.0665244,0.638917
17,13.0222,6.05303,5,0.32,0.0672825,0.850566
18,13.2047,6.36941,9,0.526667,0.0678382,1.0508
19,12.6242,6.4223,6,0.426667,0.0668703,0.88906
20,12.2404,6.05741,5,0.253333,0.0680354,1.13482
21,12.7429,6.40257,7,0.473333,0.0665365,0.963762
22,11.3598,5.97135,5,0.246667,0.0679559,1.04782
23,11.9176,6.7076,8,0.246667,0.0690003,0.936197
24,13.0199,6.6073,6,0.426667,0.0655139,0.997477
25,11.5312,6.46509,7,0.386667,0.0668931,0.954819
26,11.0734,6.30378,5,0.353333,0.0654417,0.937924
27,11.5356,6.6654,7,0.62,0.0652081,0.979704
28,11.8898,6.41519,5,0.266667,0.0670753,0.925256
29,11.4981,6.98942,3,0.193333,0.0654547,0.95603
30,14.5352,6.84404,9,0.566667,0.0679923,1.043
31,12.552,6.74545,8,0.733333,0.0684181,1.10162
32,11.6245,6.42696,5,0.52,0.0652198,0.902518
33,11.5165,6.7624,5,0.506667,0.068471,0.947279
34,11.4714,6.19565,6,0.48,0.0681688,1.01514
35,13.3949,7.00442,6,0.56,0.0656765,0.946546
36,12.8125,6.5902,6,0.513333,0.0688195,1.06398
37,12.3058,6.88694,6,0.433333,0.0663922,1.09836
38,11.5875,6.37281,10,0.706667,0.06884,0.98201
39,12.2141,6.48816,5,0.48,0.069236,0.984651
40,13.0531,6.83677,6,0.7,0.0669942,0.865851
41,12.2798,6.96457,7,0.873333,0.0685541,1.07237
42,11.144,6.79046,11,0.806667,0.0685059,1.04496
43,12.1589,6.63655,13,0.726667,0.0666486,1.02512
44,13.5369,7.07082,8,0.706667,0.0675895,0.977887
45,11.9807,6.61982,5,0.533333,0.0666854,0.930226
46,11.6701,6.98622,7,0.526667,0.0676631,1.03773
47,11.6237,6.88339,5,0.846667,0.0683455,1.21191
48,12.1731,7.01165,6,0.946667,0.0742128,1.06474
49,13.1008,6.77846,6,0.86,0.0678975,0.982273
50,13.5333,6.75807,8,1.06,0.0673903,1.07301
51,11.8017,6.97875,9,0.886667,0.0678829,0.862251
52,13.0896,7.3495,6,0.84,0.0690869,1.05119
53,11.1517,6.91568,6,0.46,0.0664131,0.92213
54,12.4794,7.55364,7,1.28667,0.0669998,0.929817
55,12.979,7.33423,10,1.54,0.0664633,1.11005
56,12.8307,7.1267,7,1.37333,0.0656807,0.964638
57,12.3343,6.74501,6,0.913333,0.0670605,1.09305
58,13.6573,7.10485,6,0.88,0.0705115,1.03937
59,12.2743,6.64513,7,0.626667,0.0686019,1.06505
60,13.8342,8.02237,7,1.32667,0.069027,0.989286
61,12.6834,7.74921,9,2,0.0703637,1.39929
62,11.7756,7.47867,6,0.993333,0.0671389,1.16744
63,12.8625,8.51444,8,1.54667,0.0718907,1.12501
64,11.9772,7.84884,7,1.78667,0.0695406,1.15228
65,11.6276,7.31334,5,1.23333,0.066081,0.886465
66,13.1842,7.46991,7,1.78667,0.0678243,0.99243
67,13.7284,7.52543,10,2.76667,0.0668564,1.24413
68,11.7278,6.55179,10,1.33333,0.0668338,1.1254
69,12.9606,7.7129,8,1.73333,0.0683268,1.07275
70,12.5027,7.32134,5,0.926667,0.0649749,1.03167
71,10.9398,6.55172,8,1.03333,0.0688691,1.23876
72,13.6029,7.42844,10,1.64667,0.0694957,1.15609
73,11.9832,6.77133,6,1.1,0.0645709,1.11502
74,13.5737,7.51759,10,1.10667,0.0681526,1.2069
75,11.697,6.83436,7,0.873333,0.0675157,1.19065
76,14.0489,8.02792,8,1.72667,0.0688879,1.19303
77,11.6788,7.54159,4,0.586667,0.0663199,0.94336
78,13.1422,7.84185,4,0.406667,0.0650172,0.967281
79,12.8842,7.79025,8,0.84,0.0675879,1.0691
80,12.803,7.25741,7,0.973333,0.0668121,0.958493
81,13.8632,7.93037,8,1.36667,0.0683681,1.15554
82,14.4164,8.46532,10,2.00667,0.0664639,1.06881
83,13.512,8.09361,6,1.23333,0.0681973,1.06929
84,12.7098,7.73731,8,1.26667,0.0674801,0.945368
85,14.5048,8.22923,9,2.51333,0.0667531,1.14983
86,13.993,8.39706,6,1.52,0.0683033,1.11693
87,12.7581,8.04475,7,1.24667,0.0681668,0.995561
88,14.3752,7.60765,6,1.52667,0.0700124,1.31952
89,13.9358,8.39025,6,1.65333,0.0673189,1.15708
90,12.6683,7.2614,8,0.28,0.0674252,0.931243
91,11.7022,8.00518,9,1.70667,0.0647942,1.33303
92,12.6424,8.09225,5,1.56667,0.0663417,1.36454
93,11.4782,7.93034,8,1.96667,0.0671234,1.31756
94,13.658,7.82515,9,2.71333,0.0676217,1.65699
95,12.168,7.26373,7,1.48667,0.0679931,1.49078
96,12.815,7.70446,11,1.22,0.0675107,1.39472
97,11.9853,7.14193,7,1.51333,0.0649295,1.19348
98,12.4695,7.64103,6,1.13333,0.0672848,1.22836
99,13.6805,7.5888,10,1.88,0.0692102,1.51071
100,13.1233,8.00764,5,0.933333,0.0696516,1.43113
101,12.8447,7.39664,8,0.313333,0.0666856,1.28074
102,12.2287,7.38813,7,1.02,0.0655154,1.25832
103,13.7237,7.48291,11,1.40667,0.0679717,1.36655
104,13.7509,8.0843,7,1.54,0.0680201,1.29859
105,14.9849,8.04552,8,0.966667,0.0679438,1.36187
106,13.7738,7.68107,8,1.38,0.0657742,1.24655
107,13.0369,7.77718,6,1.00667,0.0666991,1.38402
108,13.1158,7.58341,7,1.61333,0.0653353,1.34398
109,13.8688,7.50957,9,1.28,0.0700778,1.50363
110,14.009,7.8691,8,1.37333,0.0671417,1.32137
111,13.3327,8.06163,7,1.73333,0.0669388,1.40958
112,12.4976,8.31995,5,1.13333,0.0642013,1.12725
113,13.7199,8.33094,6,1.19333,0.0679802,1.2717
114,12.8889,7.66304,4,0.813333,0.0672735,1.1897
115,13.6238,7.3079,8,0.546667,0.0695284,1.27217
116,14.4214,7.60223,9,1.57333,0.0660569,1.32654
117,15.4247,7.3933,9,1.1,0.0689852,1.1336
118,15.152,8.72289,8,2.00667,0.0703715,1.29261
119,14.0364,7.67969,7,0.86,0.0641437,1.30743
120,14.5104,8.36214,8,2.30667,0.0662308,1.31156
121,17.0127,9.39872,12,3.35333,0.0690391,1.36204
122,13.6532,8.24155,8,1.66667,0.0668518,1.14962
123,14.4564,8.32859,5,1.22667,0.067891,1.39647
124,12.0931,7.53857,8,0.926667,0.0679979,1.20604
125,13.9358,7.80946,8,1.26667,0.0719676,1.13986
126,15.0077,8.52972,8,2.04667,0.0674582,1.15343
127,13.263,7.8069,9,1.55333,0.0691765,1.25099
128,12.9854,7.97938,6,1.28667,0.0691575,1.21961
129,13.8937,8.58389,10,1.74667,0.0689124,1.26221
130,12.9742,7.52321,6,1.18,0.0648417,1.05666
131,13.5182,7.75515,10,1.4,0.0678015,1.13737
132,14.5515,8.6325,8,1.92667,0.0668734,1.33672
133,12.1581,7.73132,6,0.986667,0.0679511,1.20178
134,12.4892,8.13938,6,1.54667,0.0674336,1.23549
135,13.4082,8.41076,6,1.54667,0.0684146,1.26665
136,13.0247,8.2693,6,1,0.0656507,1.06334
137,11.6328,7.83159,7,1.12,0.0679284,1.10337
138,11.7538,7.79957,5,0.673333,0.0687396,0.975606
139,13.3558,8.01215,7,1.31333,0.0679641,1.23007
140,11.9222,7.99884,5,0.8,0.0645726,1.00821
141,11.5911,7.9034,8,0.853333,0.0667114,0.952437
142,13.4545,8.42331,9,1.46,0.0639183,1.05776
143,12.389,8.04353,5,1.1,0.0665161,1.23528
144,12.5864,7.85529,8,1.25333,0.069227,1.21429
145,13.0032,7.97845,5,0.686667,0.0674279,1.04862
146,13.8325,7.80212,8,1.28667,0.0655579,1.10932
147,11.1109,7.1646,11,0.68,0.065826,1.15921
148,14.4629,7.90861,10,1.14667,0.0652287,1.227
149,13.0706,7.71249,9,0.986667,0.0681662,1.21224
150,12.85,7.66952,6,0.893333,0.064258,0.934851
151,13.0227,7.4446,9,0.853333,0.065827,0.956504
152,12.9445,7.91397,11,2.04667,0.0685253,1.69294
153,14.5109,8.12827,7,1.74,0.0649118,1.57091
154,12.4933,7.20289,9,1.52667,0.0656162,1.57432
155,11.2813,6.49347,3,0.466667,0.0648513,1.30003
156,11.2327,6.2833,6,0.666667,0.067596,1.41991
157,12.162,7.12501,6,1.58,0.0696961,1.44095
158,12.3347,7.3111,6,1.56667,0.0672026,1.32368
159,11.5914,7.24114,6,0.733333,0.0664163,1.2979
160,13.7809,8.43681,8,1.73333,0.0687631,1.44711
161,12.2923,8.10206,7,1.28667,0.0689734,1.43048
162,12.7712,8.57005,8,1.51333,0.0678283,1.4465
163,13.0895,8.31593,8,1.79333,0.0666315,1.28358
164,12.2457,7.7098,7,1.4,0.0681233,1.38513
165,13.9171,8.01744,8,2.42667,0.0650208,1.30904
166,12.9195,7.40259,11,1.43333,0.0686631,1.46184
167,12.97,7.34616,7,1.16,0.0708569,1.4228
168,14.3171,7.95425,10,1.74,0.0696626,1.15922
169,12.8735,7.93335,7,1.05333,0.0658474,1.35252
170,14.8311,8.02163,9,1.84667,0.069853,1.53095
171,12.1915,7.58381,10,1.8,0.067322,1.33952
172,12.7293,8.03837,8,1.6,0.0687067,1.29454
173,13.3107,8.00431,5,1.32,0.0647799,1.4058
174,12.5026,8.06616,5,0.453333,0.0678124,1.26881
175,14.7041,8.38409,10,2.12667,0.069803,1.34268
176,14.2083,8.30159,10,1.44667,0.0661671,1.34093
177,12.7618,7.84317,7,0.886667,0.0652529,1.24617
178,13.7236,8.17415,9,1.09333,0.0705863,1.2602
179,13.3906,7.35758,8,0.793333,0.0686354,1.32408
180,12.4788,7.58126,9,1.52,0.070152,1.16003
181,14.1077,8.25078,7,1.62667,0.065469,1.36288
182,12.587,8.0235,5,1.09333,0.0662222,1.29396
183,13.03,7.87664,7,2.08,0.0675088,1.30814
184,12.8337,7.60798,8,1.80667,0.0689544,1.28614
185,11.7711,7.51403,6,0.98,0.069312,1.16366
186,13.6127,7.71966,5,1.12667,0.0674785,1.33137
187,13.1833,7.77817,7,1.74,0.0678935,1.24485
188,13.9645,8.23602,8,1.6,0.0667341,1.32818
189,15.4166,9.76738,9,2.41333,0.0683076,1.24696
190,13.611,8.43611,7,2.09333,0.0671379,1.20914
191,14.413,8.88028,9,2.26667,0.0675264,1.36576
192,14.3959,8.34077,9,1.60667,0.0689195,1.21398
193,13.4189,7.60146,8,1.52,0.0635907,1.13348
194,15.6264,9.74593,9,2.94,0.0657055,1.16975
195,13.7479,8.39377,8,1.37333,0.0652479,1.34141
196,12.7761,8.26538,7,1.35333,0.0657529,1.12605
197,10.9468,7.11953,4,0.36,0.0675983,1.27257
198,12.9909,8.72225,7,1.54,0.068345,1.29646
199,12.9577,8.70755,6,1.23333,0.0686583,1.2261
200,12.7814,7.65207,7,1.24,0.0665088,1.5737
201,14.0718,9.13838,9,1.54667,0.0685607,1.254
202,13.0835,8.20544,8,0.973333,0.0663003,1.27525
203,13.8659,9.24664,7,1.65333,0.0684138,1.22155
204,14.0519,9.12049,5,0.98,0.0657983,1.04529
205,12.2172,8.1959,6,0.833333,0.0671816,1.20562
206,12.536,8.86885,6,0.713333,0.0673226,1.11062
207,14.1862,8.76396,8,2.48667,0.0703942,1.43456
208,13.7137,8.51382,8,1.74,0.0667508,1.27028
209,13.3521,8.66152,6,0.893333,0.0689967,1.22341
210,13.5368,8.89602,7,1.84667,0.0676893,1.18711
211,11.3522,8.13185,4,0.573333,0.0680089,1.20959
212,12.3616,7.63801,8,1.65333,0.0656125,1.24493
213,14.3074,9.05779,7,1.42,0.0687518,1.32626
214,12.4443,8.73013,11,0.86,0.0659373,1.39145
215,13.264,9.03325,7,1.36,0.0684293,1.33563
216,14.1869,8.52108,7,2.27333,0.0666904,1.5332
217,13.3662,8.26419,8,1.14667,0.0671511,1.34779
218,13.8287,8.5881,5,1.40667,0.0649884,1.29781
219,12.25,7.88996,5,1.28,0.065223,1.09709
220,14.2634,9.42621,9,2.04667,0.067333,1.14784
221,12.5119,8.05725,8,1.12,0.0681296,1.16056
222,12.8108,8.00657,6,0.913333,0.0673928,1.28213
223,12.2633,7.91501,4,0.853333,0.0657362,1.17234
224,11.7763,7.94433,10,1.48,0.0711107,1.36335
225,13.3493,7.84573,5,1.06667,0.0685409,1.28464
226,12.8125,8.29196,6,1.60667,0.0685079,1.16059
227,13.1331,7.90144,7,1.82667,0.0696757,1.28514
228,14.2798,8.11939,7,2.39333,0.0690742,1.45939
229,14.3629,9.14055,10,2.42,0.066286,1.13374
230,15.3854,9.14337,7,2.06667,0.0660402,1.22576
231,13.1234,8.49379,8,1.65333,0.0681995,1.34416
232,11.8687,8.39983,6,1.09333,0.0652839,1.23486
233,13.6739,9.23309,6,1.86,0.0664697,1.26602
234,13.32,8.21488,6,1.16,0.065581,1.16539
235,13.9252,8.53551,6,1.02667,0.064491,1.12622
236,14.2094,8.23998,7,1.23333,0.0683496,1.22708
237,13.7722,8.79658,8,1.52667,0.0656811,1.17933
238,14.1227,8.91723,6,0.9,0.0682673,1.25469
239,11.288,7.98909,8,0.906667,0.0655516,1.19126
240,13.6539,8.31304,8,2.08,0.0695593,1.29121
241,14.397,8.37895,7,1.44,0.0699052,1.53076
242,13.7645,7.97063,6,1.94,0.0674387,1.26218
243,15.392,9.14557,9,3.27333,0.0685711,1.32599
244,13.3519,7.74357,6,1.58,0.0673604,1.02505
245,13.121,8.25239,9,1.65333,0.069929,1.37245
246,13.7508,8.57884,6,2.08667,0.0684334,1.19929
247,13.728,9.42428,6,2.00667,0.0675737,1.37858
248,13.8515,8.89261,5,1.66,0.0679383,1.32532
249,14.3641,8.26464,9,3.22667,0.0687858,1.235
250,13.8189,8.26942,8,3.04,0.0684215,1.31716
251,13.5423,8.26289,9,2.22,0.0666135,1.18508
252,12.9988,7.89036,7,1.46,0.067352,1.38195
253,13.5955,8.4488,6,1.96,0.0663405,1.17805
254,13.7647,8.58638,5,1.92667,0.0674414,1.29598
255,13.3595,8.0809,10,3.17333,0.0661839,1.23061
256,13.7956,9.18504,9,2.42667,0.0689107,1.17533
257,12.0291,8.14812,5,1.08,0.0695255,1.0683
258,15.6219,9.47104,9,3.61333,0.0690097,1.27727
259,15.3538,9.28648,9,2.60667,0.0681524,1.27562
260,15.4271,9.56202,7,3.08667,0.0657606,1.26733
261,14.3854,8.70261,8,2.35333,0.06491,1.09523
262,14.1907,8.42614,9,3.24667,0.0666269,1.18192
263,12.96,8.35371,6,2.08667,0.0655051,1.0966
264,13.0386,8.20004,6,1.62,0.066054,1.23901
265,15.1867,10.1982,9,3.68,0.0698401,1.16603
266,13.9051,9.33052,6,1.78667,0.0684035,1.09667
267,13.1097,8.45121,11,1.92667,0.0706109,1.18071
268,12.8268,8.08723,4,0.68,0.0677611,1.15093
269,14.2185,9.39457,8,2.08,0.072099,1.30905
270,14.507,9.62567,7,2.68667,0.0666827,1.13965
271,14.6652,8.74162,8,2.16667,0.0689893,1.1486
272,15.2677,8.96305,7,3.24,0.0665604,1.29036
273,12.5798,7.96564,4,1.46667,0.0645868,1.36035
274,14.137,8.36658,7,2.10667,0.0652506,1.2092
275,11.3334,7.60248,5,1.50667,0.0655573,1.38665
276,14.0603,7.90667,7,2.26667,0.0664999,1.32836
277,14.7301,8.22803,9,2.56667,0.0646632,1.24852
278,13.1373,8.22137,4,1.43333,0.0679683,1.28556
279,13.5971,8.2597,8,2.62,0.0666286,1.37771
280,12.7572,8.40326,5,1.41333,0.0667061,1.14741
281,13.5539,8.22095,7,1.75333,0.0696558,1.56109
282,13.8945,8.54174,8,2.58667,0.0665583,1.35094
283,13.9582,7.95184,7,2.43333,0.0701647,1.56999
284,13.8367,7.98997,7,2.39333,0.0675204,1.12714
285,14.6194,9.318,7,2.56,0.0661829,1.31436
286,13.867,8.84374,8,2.04,0.0668145,1.29636
287,14.4022,8.81123,7,2.56667,0.0678538,1.17615
288,15.2712,8.2218,9,2.48667,0.0668266,1.39947
289,13.7785,8.88743,6,1.56667,0.066534,1.39386
290,13.6625,8.25663,7,2.32667,0.0677829,1.1297
291,12.4966,8.07718,5,1.20667,0.0667469,1.05892
292,14.9861,8.57995,8,2.29333,0.0664442,1.15895
293,12.4417,8.07001,7,2.12667,0.0643301,0.974055
294,13.6635,8.83215,8,1.61333,0.0688318,1.11379
295,14.5122,9.6039,7,1.81333,0.0670588,1.1452
296,12.8835,8.49541,6,1.56,0.0654913,0.967517
297,14.3012,9.73631,8,2.62,0.0690024,1.15623
298,13.7747,8.75652,8,2.36667,0.0686219,1.19781
299,13.6717,8.88816,7,2.07333,0.0646958,1.05647
300,13.6796,8.96248,6,1.62,0.0698781,1.2793
301,12.8499,8.24345,8,0.84,0.0695577,1.2996
302,13.7328,8.50227,10,2.7,0.0661124,1.52763
303,13.9391,8.06509,7,2.22,0.0661715,1.48722
304,12.3667,7.54209,6,1.57333,0.0687755,1.52416
305,13.7864,8.27589,6,1.19333,0.0687782,1.31582
306,13.7671,7.65104,7,1.58,0.0655722,1.47693
307,14.106,8.08247,10,3.19333,0.0686065,1.42395
308,12.9096,7.23084,6,1.63333,0.0662985,1.13807
309,12.0595,7.7165,4,1.30667,0.0654234,1.29013
310,12.146,7.85185,4,1.15333,0.0659168,1.11065
311,13.8056,8.20676,6,1.76667,0.0661777,1.12503
312,12.7573,7.72522,5,1.22,0.0672961,1.10567
313,14.6544,9.08702,8,2.44667,0.0666987,0.974988
314,14.0973,9.37117,6,2.54667,0.0688166,1.06476
315,12.2474,7.90601,4,0.853333,0.066895,1.22922
316,14.1715,8.99496,6,1.52,0.0690277,1.09421
317,13.6528,8.42382,5,1.34,0.0676355,1.18163
318,12.4255,8.14766,5,1.34,0.0673678,1.21755
319,13.4772,8.56402,6,1.40667,0.0643222,1.10795
320,14.724,9.16486,8,1.86,0.0662923,1.07807
321,13.6902,7.96501,6,1.38,0.0698011,1.39133
322,14.0369,7.79709,6,1.28,0.0674633,1.35599
323,14.0929,8.51676,6,1.91333,0.0672244,1.14573
324,14.0984,9.23855,8,1.55333,0.0664911,1.16747
325,13.2032,8.21131,7,1.50667,0.0669977,1.23016
326,13.1287,8.67587,5,0.666667,0.0679618,1.18859
327,14.9365,9.41748,6,2.16667,0.0652498,1.02267
328,14.9953,9.46063,9,2.86667,0.0678927,1.25722
329,12.8825,8.06507,9,1.55333,0.0662955,1.08876
330,14.4066,9.6278,6,1.58,0.0668671,1.14325
331,14.3309,8.11459,7,1.42667,0.0690374,1.20134
332,14.5501,8.195,9,2.24667,0.0696949,1.3023
333,14.8388,8.08267,8,1.83333,0.0685658,1.54361
334,13.4974,9.06213,6,2.18667,0.0678755,1.5326
335,14.0508,7.92433,8,1.86,0.0680974,1.77052
336,14.418,8.32432,8,2.21333,0.0654811,1.60902
337,16.5409,8.33661,11,2.6,0.0699876,1.9731
338,15.4724,8.65243,8,1.8,0.0713646,1.57363
339,15.2921,8.05701,9,2.30667,0.0685936,1.69133
340,13.5432,8.04958,7,1.84667,0.0642292,1.31668
341,13.983,7.48656,6,1.36667,0.0680069,1.73646
342,13.9521,8.57021,7,1.66,0.0673136,1.37981
343,14.1051,8.69552,7,1.46,0.0651966,1.17634
344,14.972,8.8085,9,1.79333,0.0676097,1.30133
345,14.2035,8.19299,8,1.61333,0.0670709,1.4673
346,13.9125,8.39987,7,1.21333,0.0693227,1.31075
347,13.443,8.47375,7,1.58667,0.0708567,1.34745
348,15.5629,8.06755,8,1.14,0.0676784,1.41444
349,14.3639,7.93515,7,1.8,0.0679805,1.58135
350,15.0631,8.46046,9,2.04,0.0671167,1.34139
351,13.3326,8.3425,6,1.96,0.0655699,1.34553
352,14.3665,8.46873,7,2.07333,0.0718324,1.7243
353,13.5819,8.07062,6,1.15333,0.0663842,1.27215
354,13.5603,8.61116,7,1.82667,0.0695936,1.42832
355,13.9752,8.45401,8,1.86,0.067328,1.38601
356,13.9256,8.48842,7,2.03333,0.0676703,1.58484
357,13.293,8.69519,5,1.54,0.0688637,1.52374
358,14.3311,8.22102,6,1.54,0.0677033,1.69402
359,13.8956,8.70211,5,1.28667,0.0693374,1.38865
360,13.8629,7.77423,5,0.973333,0.0660963,1.40372
361,13.9656,8.65575,9,1.48,0.0668192,1.33194
362,14.2862,9.77183,7,2.84667,0.0664857,1.45789
363,13.9892,9.51275,9,3.30667,0.0647049,1.33491
364,13.3906,8.59924,5,1.68,0.0623614,1.73761
365,15.6358,8.99399,9,4,0.0683358,1.68635
366,13.767,8.984,6,2.19333,0.0664075,1.6572
367,14.0814,8.13196,6,1.74667,0.0671083,1.40183
368,13.0677,8.48318,5,1.48,0.0649473,1.27139
369,14.934,9.1145,6,2.27333,0.0688928,1.48517
370,14.0639,8.50879,6,1.83333,0.0655714,1.52623
371,14.413,8.80737,8,2.62667,0.0689466,1.6071
372,13.0092,8.62616,5,1.38667,0.0673545,1.41865
373,15.1606,8.76696,9,2.89333,0.0691414,1.40858
374,13.6538,8.54505,6,1.68667,0.0664601,1.46567
375,15.985,9.20331,10,2.77333,0.0685162,1.29726
376,15.2064,10.3169,9,3.06,0.0699031,1.24352
377,13.6406,8.91795,5,1.27333,0.0660289,1.21939
378,13.7516,8.45979,7,2.28667,0.0678919,1.2271
379,15.5881,9.56384,8,2.81333,0.0667996,1.49733
380,14.2911,8.86515,8,2.20667,0.0651897,1.41195
381,13.4163,9.03913,7,2.07333,0.0692622,1.47535
382,13.1681,9.0439,6,1.94667,0.0706454,1.32716
383,13.0448,7.97652,6,1.76667,0.0681391,1.37462
384,13.8817,8.32528,6,1.22667,0.0690678,1.31034
385,15.3612,10.0101,9,2.65333,0.0680504,1.26011
386,15.7322,9.66212,10,3.44667,0.0666491,1.53537
387,13.1708,9.16691,4,0.553333,0.069082,1.24235
388,15.0594,9.51673,11,2.30667,0.0689301,1.24997
389,12.1532,8.79349,7,2.02,0.0673224,1.18534
390,12.2345,8.41431,5,0.846667,0.0670792,1.29579
391,14.4264,9.65398,9,3.01333,0.0666304,1.27835
392,13.8135,9.10508,5,2.57333,0.0699925,1.49516
393,15.693,9.58218,10,3.75333,0.0666447,1.52117
394,14.8532,9.85561,9,4.7,0.0625289,1.46636
395,13.1368,8.29272,5,1.99333,0.068046,1.46648
396,14.6179,8.43499,8,2.40667,0.0663639,1.25644
397,14.6032,9.00615,10,3.12667,0.067536,1.36376
398,13.632,8.55381,5,1.96667,0.0686097,1.55874
399,15.9779,9.37933,9,3.89333,0.0671209,1.15747
400,14.6461,8.91881,5,1.91333,0.0670551,1.25011
401,13.0657,8.09459,5,2.32667,0.0659481,1.39762
402,13.8707,8.68258,5,1.19333,0.0672145,1.23258
403,13.24,8.21624,7,2.32,0.0645589,1.17076
404,14.5283,8.40083,7,2.05333,0.068611,1.28786
405,14.3538,8.69757,7,2.29333,0.0681095,1.35552
406,11.8243,8.01089,5,1.41333,0.0666647,1.30979
407,11.5717,7.08547,6,1.72667,0.0679544,1.31988
408,15.6987,10.0174,8,2.6,0.0696619,1.25249
409,13.2161,7.88203,8,1.51333,0.0686296,1.58408
410,12.6891,8.02793,6,2.34667,0.0624178,1.33302
411,14.1143,9.30404,6,2.59333,0.0677795,1.33247
412,14.1246,9.79655,7,3.10667,0.0658657,1.31816
413,14.207,9.03477,8,3.31333,0.0673594,1.33324
414,15.0532,8.85467,6,1.91333,0.0700045,1.31396
415,13.6666,8.75431,8,2.69333,0.0661539,1.29377
416,13.4464,8.96842,6,2.17333,0.0675167,1.3201
417,14.8432,9.67506,8,2.82,0.0662201,1.26752
418,14.7153,9.34522,7,2.24,0.0669303,1.24108
419,13.1889,9.10296,5,1.56,0.0668885,1.22858
420,13.5068,8.78199,6,2.1,0.0658571,1.09137
421,14.767,8.94981,9,2.74667,0.067499,1.21728
422,13.5848,8.04544,5,1.57333,0.0632584,1.53806
423,13.3052,8.32446,8,2.12,0.0692806,1.64081
424,13.6964,8.63538,7,1.94,0.0684955,1.31239
425,13.1114,8.08317,6,1.48667,0.0686028,1.34667
426,13.8383,8.17119,6,2.30667,0.0644935,1.55423
427,14.6529,9.23056,8,2.66667,0.0691451,1.51037
428,14.1373,9.03135,7,2.88,0.0703443,1.5285
429,13.7331,8.80078,9,2.52,0.0665543,1.55694
430,15.2109,8.9262,8,2.5,0.070762,1.46498
431,14.8284,9.19385,10,3.00667,0.066772,1.25311
432,13.626,7.58109,7,2.52,0.0668139,1.55262
433,15.4039,8.88389,8,2.5,0.067887,1.46972
434,14.4,9.29204,7,2.62667,0.0677589,1.34525
435,14.4764,8.72988,8,2.67333,0.0675619,1.31404
436,15.8705,10.4622,10,3.92667,0.0687417,1.37622
437,15.3598,8.4555,9,1.66667,0.068986,1.33482
438,14.7559,9.20636,8,2.82,0.0681287,1.3401
439,15.8533,10.5088,10,3.32,0.0660703,1.3708
440,15.1243,10.2554,8,3.18667,0.0704449,1.38523
441,14.219,9.48909,8,2.86,0.0654372,1.33328
442,15.1229,10.1043,9,3.40667,0.0665123,1.52134
443,14.0115,9.22045,6,2.66,0.0688714,1.69269
444,14.2386,9.88499,6,1.72667,0.0664283,1.3619
445,14.8334,9.98978,7,2.66,0.0671337,1.39869
446,16.3225,10.6144,11,4.05333,0.0684745,1.35857
447,13.5215,9.47584,5,1.62,0.0657543,1.28135
448,14.8891,9.80353,9,3.86,0.066164,1.3976
449,14.3712,9.05209,8,1.36,0.0654954,1.27392
450,15.5105,9.27619,8,2.41333,0.0690242,1.42393
451,15.7515,10.0404,10,3.12,0.0700565,1.30221
452,12.6303,6.11557,9,2.01333,0.0703955,2.09861
453,15.7324,6.28028,11,2.44667,0.0679763,1.86682
454,12.758,7.10467,7,2.07333,0.0667579,1.37905
455,14.1829,7.86498,8,2.05333,0.0664257,1.84202
456,14.0129,7.26648,10,2.16667,0.0688575,1.56087
457,14.6061,7.1132,9,1.53333,0.0680311,1.39107
458,13.7261,7.02479,6,1.41333,0.0658682,1.42829
459,13.993,7.18047,7,1.64667,0.0679932,1.57353
460,12.1846,6.17763,9,1.72,0.066867,1.50835
461,13.3669,6.81725,8,1.56667,0.0662664,1.49523
462,13.1186,6.94048,6,1.22,0.0644586,1.36584
463,13.6207,7.87594,12,1.78667,0.0662281,1.32787
464,13.3794,7.1837,6,1.82667,0.0665265,1.40589
465,13.5242,7.55819,11,1.66,0.0675208,1.2395
466,13.4748,7.31314,6,1.30667,0.0691406,1.44726
467,14.4224,7.20332,14,2.86,0.0698267,1.59984
468,13.745,7.29995,8,1.95333,0.0681535,1.52436
469,13.2629,7.24173,6,1.44667,0.0674187,1.30623
470,14.6638,7.61018,9,1.92667,0.0683687,1.34841
471,13.3184,7.27344,6,1.55333,0.0660634,1.2775
472,14.5951,8.23657,9,2.15333,0.0678053,1.28674
473,13.5059,7.3719,8,1.86667,0.0700708,1.67095
474,14.8427,8.94253,7,2.48667,0.069788,1.27752
475,13.2135,7.36894,6,1.14667,0.0664457,1.3418
476,13.4251,7.84076,7,1.38667,0.0678119,1.2746
477,12.3289,7.06028,6,1.24667,0.0675174,1.40331
478,13.8231,8.04395,8,1.72667,0.0682035,1.45467
479,12.6128,7.46308,10,1.46,0.0686134,1.51563
480,14.1302,7.58011,9,2.03333,0.0698659,1.45166
481,14.26,8.02221,9,1.88,0.067213,1.35932
482,14.5451,6.87116,10,2.42667,0.0679443,2.25255
483,14.9206,6.95242,10,2.94667,0.067674,2.00414
484,14.4466,7.05997,9,2.27333,0.0679614,1.90735
485,13.1954,6.58264,6,2.12,0.0656256,1.60734
486,13.7004,7.08446,6,1.49333,0.0693773,1.6402
487,12.9412,6.59568,8,1.98,0.0660737,1.74133
488,13.3796,5.88516,7,1.08,0.0665527,1.41543
489,13.6803,7.08209,7,0.993333,0.0644755,1.15543
490,15.3303,7.5958,8,1.98667,0.0640918,1.13621
491,13.7352,6.4977,7,1.93333,0.0680592,1.46833
492,14.5063,7.41655,7,1.62667,0.0669826,1.18934
493,14.2803,7.16469,9,2.3,0.0671769,1.24483
494,14.0469,6.87408,6,1.22667,0.0721028,1.46838
495,14.0311,7.3302,7,1.47333,0.0701827,1.28673
496,16.3884,8.04168,11,2.76,0.0684042,1.26429
497,14.859,8.03244,7,2.06667,0.0693276,1.4083
498,15.4646,7.24757,10,1.52,0.070706,1.27806
499,12.5297,7.13522,6,0.9,0.0619663,1.10162
500,13.8246,7.61058,6,1.57333,0.0695067,1.36209
501,13.7967,7.46458,8,1.82667,0.0684654,1.25376
502,14.56,7.95303,8,2.26,0.070064,1.18895
503,12.5284,7.27723,5,0.666667,0.0674928,1.25649
504,14.0568,7.93091,8,1.76667,0.0674811,1.26481
505,13.6492,7.37988,8,1.74,0.066177,1.12043
506,13.7204,7.72499,8,1.14,0.0664354,1.05356
507,14.1693,7.30235,8,1.48,0.066919,1.17179
508,12.6867,7.62436,5,0.913333,0.0648478,0.990374
509,13.8637,7.26886,7,1.92,0.0640171,1.12941
510,14.1066,7.14798,9,1.05333,0.068152,1.13666
511,13.5833,7.56028,6,1.26667,0.0695562,1.0927
512,13.7484,7.86401,8,2.12,0.0687283,1.64854
513,14.3849,7.52862,8,1.68,0.0662056,1.69654
514,14.3881,6.68949,10,1.42,0.0663561,1.89864
515,14.0698,7.66349,10,1.7,0.066501,1.73788
516,15.6788,7.81318,11,2.10667,0.0707114,1.51822
517,15.6632,8.12796,11,1.92,0.0682343,1.31727
518,13.7921,6.85211,8,1.11333,0.068331,1.57137
519,14.4459,7.45724,7,1.03333,0.0696549,1.28052
520,13.7872,7.996,9,1.19333,0.067734,1.17442
521,15.569,7.95492,9,1.99333,0.0689403,1.35843
522,16.4276,8.13527,13,1.92667,0.0698417,1.3749
523,14.8715,7.33141,10,1.98,0.0689166,1.47328
524,15.1349,8.0618,11,2.84,0.0677148,1.46967
525,14.7065,6.60588,8,0.813333,0.0677532,1.62673
526,13.5846,7.09985,9,1.47333,0.0670999,1.32588
527,15.324,8.40699,9,1.93333,0.0693375,1.4532
528,14.566,7.58685,9,1.58667,0.0650889,1.29895
529,14.5157,8.5332,8,2.1,0.0665509,1.42133
530,14.867,7.6925,8,1.27333,0.0636895,1.3823
531,14.7397,8.06534,8,1.58667,0.0695647,1.43877
532,16.3125,8.61998,11,2.90667,0.074137,1.36921
533,14.4351,8.20854,6,2.10667,0.0692972,1.65731
534,14.2863,8.0419,6,1.22667,0.0689073,1.2041
535,15.2398,8.91873,9,2.53333,0.0692483,1.36527
536,14.1896,7.68353,8,1.54667,0.0673079,1.49783
537,15.2773,8.05265,9,1.83333,0.0676865,1.34638
538,14.3191,7.98561,8,1.03333,0.0666971,1.49159
539,15.5,8.07788,9,1.34667,0.0673635,1.34419
540,15.5315,8.61222,10,1.7,0.0690861,1.26657
541,14.3402,8.3111,7,1.42,0.0684802,1.31299
542,16.1216,7.88517,8,1.56,0.0707817,1.9251
543,13.8398,7.36408,9,0.946667,0.0668403,1.52097
544,13.2637,7.63426,8,1.19333,0.0662598,1.67554
545,14.8097,7.39236,7,0.933333,0.0667776,1.44852
546,15.7852,9.06406,10,1.43333,0.0693274,1.41679
547,14.8777,7.35306,6,1.14667,0.0667806,1.51091
548,13.9967,7.65286,10,1.5,0.0696115,1.45986
549,16.1287,8.32852,12,1.22,0.0680687,1.46582
550,15.7447,7.66288,7,1.28,0.0676305,1.51886
551,16.233,8.3335,10,2.16667,0.069919,1.59033
552,13.9612,7.02475,8,0.653333,0.0664534,1.46383
553,13.8183,7.5156,7,0.853333,0.064061,1.43299
554,14.273,7.90923,8,0.9,0.0650894,1.29248
555,14.5088,8.31962,8,1.04667,0.0703382,1.37282
556,15.1612,9.13612,11,1.66,0.0685893,1.41149
557,14.416,8.58345,7,1.21333,0.0674341,1.38604
558,16.0281,9.03881,10,1.50667,0.0708269,1.40433
559,15.6128,8.77643,8,1.66,0.0710667,1.56171
560,15.3092,8.1537,9,1.01333,0.0680529,1.41737
561,14.4982,7.67591,11,1.01333,0.0666614,1.47756
562,16.7769,8.53718,10,1.04,0.0704297,1.32416
563,15.7713,9.13958,9,1.62667,0.0696496,1.27521
564,14.5383,8.72653,6,1.13333,0.0664101,1.25334
565,14.4807,7.9925,7,1.47333,0.0674013,1.17791
566,14.6868,8.6666,7,1.36,0.0706662,1.31603
567,14.8135,7.83656,9,1.62667,0.0677795,1.23291
568,14.9546,8.23376,7,1.05333,0.0686891,1.19053
569,14.2497,8.88621,9,1.44667,0.0674332,1.20581
570,14.7725,9.37738,6,1.39333,0.070942,1.2071
571,14.6021,8.91007,7,1.31333,0.0677608,1.24718
572,14.2424,7.52343,11,2.66667,0.0660537,1.69929
573,14.3206,8.15079,7,2.04667,0.0675735,1.4034
574,13.0733,7.0902,9,1.13333,0.0673495,1.46296
575,13.0217,7.1418,9,1.53333,0.0687788,1.49956
576,15.1325,7.16595,10,0.773333,0.0671868,1.3137
577,14.938,6.9315,8,1.49333,0.0658018,1.30925
578,13.1725,7.52681,7,1.00667,0.0653452,1.27113
579,15.8067,8.05212,10,1.41333,0.0695591,1.27752
580,14.6491,7.87326,8,1.55333,0.0673993,1.33024
581,13.2767,7.96043,5,0.886667,0.066594,1.14591
582,13.3275,7.70924,5,0.813333,0.0642984,1.20334
583,14.8122,7.81217,8,1.24,0.065593,1.38789
584,15.2225,8.36947,10,1.6,0.0660134,1.29694
585,13.7439,7.9855,8,1.01333,0.0658308,1.38074
586,14.3537,7.6871,7,1.16,0.068184,1.17904
587,14.411,8.54082,9,1.01333,0.0687692,1.35351
588,15.179,8.40777,9,1.90667,0.0688964,1.35268
589,13.1187,7.28671,5,1.07333,0.0686599,1.32837
590,14.5956,8.55762,8,1.29333,0.0661575,1.3616
591,14.4571,8.21887,8,1.68667,0.0663796,1.27067
592,13.8695,8.0687,7,1.68,0.065174,1.21523
593,14.682,8.13885,8,1.3,0.0680805,1.20114
594,15.0851,8.32636,7,1.31333,0.0694142,1.19597
595,14.4823,7.54298,8,1.23333,0.0650525,1.2923
596,14.2119,8.83517,10,1.77333,0.0667213,1.15148
597,14.4617,9.32034,8,1.85333,0.0658556,1.15486
598,13.4813,8.29789,7,1.69333,0.0667282,1.35391
599,13.5806,8.44243,6,0.94,0.0678305,1.32913
600,14.7444,8.36297,9,1.25333,0.0677939,1.16892
601,15.0586,7.90376,8,1.26667,0.0689071,1.23858
602,13.5518,8.40616,7,1.76,0.0686806,1.65451
603,14.785,7.35555,7,1.32667,0.0660058,1.99377
604,14.3939,8.725,9,2.52,0.0682777,1.62735
605,13.1605,7.81633,5,0.833333,0.0675704,1.40557
606,12.5306,8.1776,5,0.58,0.0645499,1.21029
607,13.6302,7.9013,7,0.666667,0.0688446,1.36494
608,13.9688,7.94082,7,0.513333,0.062768,1.09396
609,14.4031,8.16228,9,0.7,0.0666214,1.34572
610,13.6207,7.78264,8,0.773333,0.0689132,1.36879
611,13.0603,7.51676,7,0.873333,0.0716124,1.45684
612,13.4365,7.62055,6,0.58,0.0659202,1.29039
613,14.6293,8.35991,8,0.953333,0.068676,1.24367
614,15.3126,8.60717,10,1.32,0.0680715,1.23711
615,14.0204,8.19029,8,0.993333,0.0646154,1.31128
616,13.929,7.86843,7,1.12667,0.0665859,1.38373
617,14.3702,8.01598,8,1.46,0.0646916,1.49428
618,12.8135,7.65511,8,0.993333,0.0696133,1.37944
619,14.1113,8.69022,8,1.02,0.0679444,1.35421
620,12.9353,7.58795,6,0.833333,0.0670763,1.21897
621,15.2009,8.19275,10,1.20667,0.0688574,1.56774
622,14.7492,8.22224,11,1.60667,0.067114,1.49509
623,14.0522,7.87799,11,1.06,0.0678536,1.61169
624,14.292,8.81105,8,1.07333,0.0660524,1.38434
625,12.9143,7.91323,9,0.933333,0.0698058,1.48883
626,13.6725,8.21306,7,0.973333,0.066379,1.43448
627,13.2391,8.18971,6,1.03333,0.0684001,1.55375
628,14.865,8.48707,8,1.21333,0.0682815,1.43399
629,14.8068,8.0124,8,1.14,0.0680899,1.48556
630,14.5826,8.71667,10,1.74667,0.0707873,1.28635
631,13.1223,7.93139,8,0.906667,0.0685762,1.47963
632,14.4006,8.03398,8,1.87333,0.0670929,2.03956
633,13.9518,8.0559,9,1.20667,0.068062,1.66464
634,13.1935,7.59587,8,1.24,0.0686284,1.91024
635,14.7006,8.18255,7,0.753333,0.0667149,1.62022
636,14.405,8.30581,9,1.12,0.0650773,1.64214
637,12.5513,7.06484,9,0.76,0.0658003,1.65389
638,13.7105,7.4679,8,0.64,0.0678121,1.4982
639,12.9423,7.89973,6,0.72,0.0662983,1.47876
640,14.3735,8.74426,8,1.12,0.0672155,1.45545
641,15.3694,8.60741,10,0.686667,0.0690372,1.60573
642,13.6554,8.03005,9,0.846667,0.0703765,1.7074
643,14.7177,7.8778,8,0.68,0.0673818,1.52898
644,15.3675,8.51816,8,1.28667,0.066318,1.45551
645,14.369,8.05892,7,1.10667,0.0682186,1.61801
646,15.093,9.29231,9,1.32667,0.0707541,1.46764
647,15.3398,8.89748,10,1.29333,0.0718349,1.41096
648,13.6618,8.53193,6,0.853333,0.0691534,1.63323
649,13.6575,8.65422,6,0.84,0.0668236,1.46096
650,12.9478,8.31952,6,0.746667,0.0663987,1.25215
651,14.2675,8.74032,8,0.96,0.0680756,1.384
652,13.9371,8.99242,7,1.05333,0.0701338,1.6133
653,14.061,8.65719,7,0.946667,0.0625933,1.5
654,16.5484,9.07558,11,1.88667,0.0708642,1.60859
655,15.5487,9.1906,9,1.72,0.0684121,1.41181
656,14.471,8.74164,9,1.21333,0.0671247,1.52402
657,13.5158,8.20773,7,1.03333,0.066212,1.34625
658,14.6892,9.00083,8,1.62,0.0674382,1.28487
659,13.2784,8.39873,8,1.02,0.0680966,1.55974
660,13.0929,8.04536,7,1.33333,0.0664536,1.45251
661,14.3312,8.93369,9,1.61333,0.0685757,1.45666
662,14.8615,8.48303,6,1.5,0.0687187,1.82996
663,14.1666,7.70516,8,1.22667,0.068327,1.95597
664,12.8691,7.78487,5,0.953333,0.0649677,1.50373
665,13.3672,8.03182,6,0.68,0.0651253,1.62369
666,13.0739,7.24305,6,0.653333,0.0670965,1.58407
667,13.512,7.56318,8,0.826667,0.0698441,1.21296
668,13.359,7.75619,5,0.78,0.0680295,1.38883
669,13.2756,7.8681,11,0.76,0.0685849,1.54457
670,15.3308,8.0727,7,1.14,0.0663009,1.45187
671,14.279,8.25276,10,1.04667,0.0688062,1.23136
672,14.873,7.97799,12,1.40667,0.0690644,1.36368
673,14.9082,8.76759,11,1.48,0.0684846,1.33826
674,13.4133,8.20079,9,1.2,0.0684554,1.57893
675,15.392,9.35427,12,1.95333,0.069507,1.34822
676,13.6848,8.38673,8,1.67333,0.0689928,1.42574
677,14.7077,8.83105,10,1.34667,0.0655102,1.37262
678,15.3859,9.29496,9,1.49333,0.0713388,1.32045
679,15.7622,8.89063,12,1.76,0.0694912,1.61701
680,14.4473,8.87723,8,1.67333,0.0675165,1.6578
681,13.3107,7.95663,5,1.14667,0.0660484,1.35293
682,14.7137,8.0581,8,1.14667,0.0658673,1.49884
683,13.8806,8.27617,7,1.4,0.0671376,1.33683
684,14.1853,8.02905,7,1.11333,0.0668984,1.58044
685,16.1104,8.55883,9,1.07333,0.0655645,1.29582
686,14.3726,8.53273,9,1.36667,0.0674829,1.30088
687,15.1018,7.6285,8,1.14,0.0673875,1.23879
688,14.9226,8.35631,9,1.24,0.064559,1.49985
689,14.5186,8.07061,6,1.10667,0.068526,1.68121
690,15.2944,8.70223,9,1.49333,0.0706314,1.22661
691,15.4496,8.02999,9,1.20667,0.0665481,1.60636
692,13.3748,7.58493,6,1.14667,0.068538,1.93191
693,12.4595,7.4294,5,0.5,0.0647627,1.73798
694,14.213,8.43553,7,1.4,0.0662739,1.72237
695,13.6754,8.36606,6,1.04667,0.0646407,1.65511
696,14.7337,7.98811,8,1,0.0684267,1.8663
697,13.787,7.66711,7,0.833333,0.0677689,1.63796
698,15.1794,8.03563,9,1.46667,0.0682244,1.85284
699,13.4317,7.85093,6,1.06667,0.0647998,1.4594
700,13.729,7.82343,5,1.12667,0.0655869,1.56269
701,15.5254,8.96196,12,1.70667,0.0708621,1.61232
702,14.8897,8.24385,9,1.44,0.068137,1.85634
703,16.1661,8.78278,10,1.35333,0.067293,1.59565
704,16.2378,8.66466,8,1.42667,0.0687872,1.58139
705,14.7747,8.31659,8,1.63333,0.0668204,1.581
706,16.3937,8.97957,10,1.9,0.0679259,1.77216
707,15.689,8.84644,10,2.16,0.0690899,1.75643
708,13.8957,8.44532,10,1.41333,0.0693405,1.75451
709,15.7026,8.30082,11,2.20667,0.0692739,1.52865
710,14.2227,8.94299,8,1.72667,0.0704021,1.43047
711,14.9422,8.06713,8,1.56,0.069945,1.76863
712,14.5826,8.82568,8,1.79333,0.0671595,1.49939
713,13.804,9.08382,9,1.92667,0.0688856,1.48894
714,14.1469,8.12853,8,1.19333,0.0656855,1.54263
715,14.0684,8.88803,8,1.48667,0.0672639,1.42258
716,14.2739,8.38964,10,1.32667,0.068415,1.41709
717,14.9299,8.83673,10,1.51333,0.0683495,1.58703
718,13.9813,8.6698,6,1.04667,0.0666145,1.38819
719,15.0825,9.15311,10,1.44,0.0693108,1.47775
720,13.5491,8.41145,8,1.76667,0.0666025,1.69132
721,15.1218,9.44772,6,1.58667,0.0682103,1.49277
722,14.1228,7.69059,6,1.15333,0.0688404,2.08299
723,13.9857,7.03639,6,1.04,0.0670921,2.08163
724,11.8532,6.82329,7,0.473333,0.0652199,1.61672
725,14.1312,7.72809,6,0.84,0.0689192,1.75441
726,14.1081,8.02327,7,0.78,0.0675952,1.54103
727,12.378,7.37395,7,0.586667,0.0663412,1.59442
728,13.5997,7.51883,7,0.806667,0.0680135,1.60278
729,13.9692,7.44503,10,0.953333,0.070565,1.55305
730,14.0501,7.58828,8,1.02667,0.0692381,1.73322
731,13.3538,8.11694,8,1.22667,0.0669087,1.48809
732,15.0935,8.18691,8,0.88,0.0698456,1.51329
733,13.8286,8.21353,6,0.733333,0.0686554,1.47844
734,13.486,8.0857,6,0.966667,0.0683894,1.65779
735,13.3415,7.84021,11,0.686667,0.0665892,1.5037
736,12.8941,8.01268,4,0.466667,0.0673281,1.36768
737,13.751,7.82857,6,0.7,0.0678967,1.61712
738,13.5586,7.64758,6,0.953333,0.0650375,1.71953
739,14.5686,8.42308,8,1.14667,0.0672336,1.53745
740,15.2859,8.63475,9,1.14667,0.068917,1.55643
741,15.2392,8.51235,9,1.22,0.0684248,1.73367
742,15.2474,8.33774,10,1.10667,0.0686389,1.57146
743,14.6704,7.7965,7,1.12,0.0685818,1.64767
744,14.1763,7.8922,7,0.853333,0.0687887,1.66914
745,15.2627,8.03882,9,1,0.0693907,1.61571
746,15.0656,7.81447,10,0.873333,0.0659348,1.58681
747,14.6528,8.2936,8,1.19333,0.0673463,1.54925
748,14.3623,8.28144,8,1.06,0.0702531,1.58588
749,14.9973,8.77746,7,0.84,0.0687533,1.3857
750,14.5767,8.63163,8,1.01333,0.0674371,1.61166
751,14.0661,7.26185,9,0.76,0.0660455,1.38491
752,16.1612,7.75708,10,3.24,0.070163,3.35988
753,15.024,8.27194,9,2.96,0.0696531,2.75077
754,15.9679,8.34548,11,3.16667,0.0694121,2.82583
755,16.662,8.47001,12,2.68,0.0686653,2.37341
756,15.0299,8.69735,8,2.35333,0.0668811,2.38634
757,15.637,8.35128,10,2.38667,0.0677272,2.37333
758,16.2771,9.25845,13,3.3,0.068994,2.23556
759,14.3598,7.72657,8,1.86667,0.0667416,2.29484
760,15.0726,8.58697,9,2.23333,0.0675367,2.07172
761,15.0255,9.03276,10,2.25333,0.0693358,2.07854
762,15.0178,8.19215,8,1.77333,0.0653137,2.20893
763,14.5621,9.03006,8,2.04667,0.0667956,1.95331
764,14.7958,8.72119,9,2.61333,0.0697945,2.27751
765,16.9498,9.09535,12,3.06,0.0700555,2.22789
766,14.8594,8.51839,8,2.08,0.068048,2.31219
767,15.1444,7.69843,11,2.46,0.066923,2.43902
768,14.9472,8.64932,10,2.37333,0.0672,2.22738
769,16.7447,9.28667,12,3.35333,0.067104,2.16577
770,14.0021,9.34636,8,2.4,0.0654044,2.11823
771,15.5131,9.63743,9,2.28667,0.067606,1.99101
772,14.8584,8.42265,10,2.02667,0.0677229,2.08221
773,14.245,8.23149,9,1.84,0.0680094,2.21359
774,15.5026,9.11522,10,2.17333,0.0710052,2.15291
775,15.7841,9.25466,10,2.72,0.067237,2.04913
776,16.866,9.26097,13,2.57333,0.0676303,1.71519
777,14.9662,9.20262,9,1.88,0.0671322,2.09056
778,13.9369,8.72447,9,1.90667,0.0667837,2.07931
779,16.156,10.0538,10,2.66667,0.0659212,1.80276
780,14.7336,8.35435,10,2.3,0.0675721,1.98324
781,14.9799,9.01835,10,2.06,0.0656073,1.81469
782,16.6143,7.8397,13,3.7,0.067947,2.74161
783,15.8685,7.64528,11,2.81333,0.0680664,2.54573
784,16.5059,8.94769,12,3.47333,0.0688628,2.39427
785,15.6001,8.17334,10,2.74667,0.0654803,2.38515
786,15.7513,7.86946,12,2.98,0.0669353,2.44721
787,16.2107,8.31716,12,3.46667,0.069756,2.26645
788,16.5152,8.46448,13,3.64,0.0706447,2.31791
789,14.3911,7.68086,9,2.50667,0.064537,2.3429
790,16.1063,7.42399,11,2.44,0.0685825,2.17026
791,14.6225,9.01414,8,2.41333,0.0673302,1.94995
792,14.3272,8.11548,9,2.36,0.068029,2.49506
793,15.5828,8.53725,12,3.34667,0.0676215,2.31336
794,15.023,8.28131,11,3.03333,0.069475,2.43455
795,15.3416,8.10826,10,2.77333,0.0701561,2.52664
796,16.5064,8.96822,12,3.2,0.0664006,2.15217
797,16.7122,9.20427,12,3.47333,0.0690224,2.17435
798,14.4899,7.79561,9,2.43333,0.0674694,2.50061
799,15.3205,7.77548,11,2.34667,0.0690409,2.31168
800,14.4254,8.49685,9,2.27333,0.066566,1.99772
801,15.3842,8.44739,11,2.57333,0.0694466,2.26908
802,15.9636,7.89159,12,2.86667,0.0678766,2.40245
803,13.7787,8.53818,8,2.17333,0.0690062,1.95272
804,15.3461,8.29328,10,2.31333,0.0672479,2.00129
805,13.8176,7.96734,9,2.44667,0.0690817,2.44326
806,14.3946,8.27233,9,1.91333,0.0700487,2.1696
807,16.98,9.39028,13,3.42667,0.0695395,1.93432
808,15.0165,8.34777,10,2.44,0.0665507,2.28434
809,16.6169,9.48048,11,3.30667,0.0687982,1.94186
810,15.8724,9.44185,11,3.59333,0.0676627,1.99892
811,15.2184,8.80737,10,2.56,0.0655222,1.81169
812,13.6681,7.5817,7,1.96667,0.0635477,2.82303
813,14.3907,7.5453,8,2.22,0.06791,3.01003
814,14.6918,7.66439,12,3.57333,0.0655309,2.96231
815,15.1723,7.82951,9,2.28667,0.0663027,2.36342
816,16.1834,8.19357,11,2.55333,0.0657534,1.96032
817,15.052,7.37318,9,2.02,0.0641512,2.0718
818,15.6528,7.43227,11,1.73333,0.068703,1.86625
819,13.1762,7.3083,9,1.58667,0.0685233,1.88156
820,12.8684,7.45519,8,1.18,0.0688662,1.78621
821,15.721,7.9809,11,2.09333,0.0690675,2.09288
822,15.4891,7.96025,9,2.06,0.0697445,2.21783
823,15.7783,8.42004,10,2.10667,0.065372,1.89413
824,16.1523,7.67802,11,1.74667,0.0695512,2.22089
825,15.4407,8.27416,12,2.12,0.0696301,2.18103
826,13.4581,7.44774,8,0.973333,0.0673893,1.99919
827,15.4883,7.28917,10,1.52667,0.0654975,1.90529
828,16.3085,8.11633,14,2.33333,0.0689873,1.69827
829,14.8674,8.05095,12,2.23333,0.0660017,2.06436
830,16.8602,8.5636,12,2.60667,0.0667601,1.94463
831,15.5568,8.11355,8,1.94667,0.0664301,2.00042
832,16.3333,7.91844,11,2.2,0.0690145,2.29266
833,17.1174,8.93407,14,3.19333,0.0678828,1.98273
834,16.3015,8.93116,11,2.30667,0.0680814,1.87321
835,15.5018,8.02069,10,1.89333,0.0622527,1.91589
836,15.2423,8.34081,9,2.32,0.0676796,1.81511
837,15.8759,8.86626,10,2.12,0.0689837,1.872
838,15.6387,8.41242,9,1.78,0.0671764,1.94697
839,16.0846,9.01022,10,2.03333,0.0715149,1.76795
840,15.3309,7.9056,10,1.49333,0.0631132,1.73453
841,14.8445,7.88392,10,1.60667,0.0654945,1.86252
842,14.9592,8.8052,10,1.89333,0.0676147,1.67509
843,16.9737,8.90142,12,2.24667,0.0691942,1.48462
844,14.8755,8.04625,10,1.50667,0.0694659,1.70761
845,14.8829,7.87841,9,1.51333,0.069117,1.80476
846,13.772,8.28849,10,1.25333,0.0662119,1.76798
847,14.2033,8.04845,8,1.24667,0.068533,2.06052
848,14.9426,8.11122,10,1.42,0.0660923,1.74668
849,16.4027,8.88607,12,2.3,0.0660566,1.71969
850,15.1078,8.77105,9,1.80667,0.0682719,1.48977
851,15.3939,8.95252,10,2.09333,0.0678468,1.57638
852,16.0976,9.65217,11,2.34667,0.0654871,1.62189
853,16.5799,9.23876,12,2.76667,0.0687119,1.71823
854,14.4364,8.27245,10,1.91333,0.0704293,1.64527
855,15.4217,9.10952,10,1.94667,0.0675249,1.65682
856,15.9197,8.20141,12,2.21333,0.0690869,1.83992
857,16.1717,8.44508,13,2.34667,0.0685994,1.61518
858,14.5316,8.41373,9,2.12,0.0674257,1.7046
859,15.1622,8.90144,8,1.60667,0.0713942,1.80914
860,15.5441,8.87092,11,1.87333,0.0672369,1.6279
861,14.5161,8.36842,9,1.86,0.0685068,1.87107
862,14.5722,8.21242,9,1.79333,0.0691259,2.13948
863,14.8705,8.4911,9,1.58667,0.0688972,1.67158
864,15.4022,7.60422,10,3.28,0.0664712,3.35608
865,16.2734,7.35268,11,2.18667,0.0687268,2.61951
866,14.1507,7.50483,8,1.86667,0.068619,2.29609
867,15.3132,7.32074,10,2.21333,0.0661698,2.19212
868,14.9097,7.05033,9,1.91333,0.066539,2.09942
869,14.4821,7.55987,9,1.79333,0.0676716,2.11881
870,15.1518,6.90951,13,1.84,0.0656422,2.16584
871,15.2091,7.41953,11,1.55333,0.0682885,1.89399
872,15.1149,7.71257,9,1.3,0.0670565,1.67236
873,15.2203,8.01158,10,1.86667,0.0709503,1.87066
874,16.3951,8.20305,11,2.24667,0.0718069,1.6142
875,16.6168,8.23389,13,2.08667,0.0653241,1.51972
876,15.4838,7.82373,10,1.66667,0.066652,1.81771
877,14.1871,7.15091,9,1.24667,0.0652946,1.84478
878,15.5394,8.1681,9,1.59333,0.0679175,1.62336
879,15.857,7.98728,11,1.84,0.064006,1.86084
880,14.7788,7.72681,10,1.82667,0.0671127,2.08645
881,13.8395,7.57475,10,2.03333,0.0681531,2.03493
882,15.2053,7.96212,9,1.81333,0.0688405,1.87271
883,16.2776,8.98217,12,2.23333,0.070445,1.75172
884,15.0721,8.16646,9,2.24,0.0670153,2.00175
885,14.0382,9.20048,9,2.30667,0.0696893,1.75013
886,14.7021,8.30759,7,1.66,0.0659193,1.98906
887,15.688,9.14552,10,2.34667,0.0688066,1.72509
888,14.8909,8.41323,8,1.57333,0.0667715,1.84778
889,15.0122,9.02726,8,1.91333,0.0675614,1.71013
890,15.4122,8.22543,10,2.20667,0.0653596,1.95828
891,14.4287,8.03003,8,1.80667,0.0654634,1.87857
892,14.336,8.55304,8,1.63333,0.0682643,1.82815
893,15.3225,8.27123,9,1.74667,0.0678519,1.8553
894,16.2307,6.44858,11,2.92667,0.067159,3.48797
895,15.8969,7.39416,11,2.30667,0.0691874,2.77442
896,15.4684,7.42952,11,2.29333,0.0665229,2.74303
897,14.2793,7.30801,9,1.62667,0.066456,2.33574
898,16.0353,8.44514,9,2.13333,0.0685451,2.12705
899,16.3503,7.78257,12,2.69333,0.0695877,2.50059
900,13.9637,7.15201,9,2.03333,0.0663289,2.54221
901,13.4802,7.18044,10,1.49333,0.0680203,2.2527
902,16.2473,8.37129,13,2.72,0.0714615,2.18929
903,17.1326,8.40495,13,2.66,0.0666112,1.90345
904,14.5269,7.8866,9,1.55333,0.0654431,1.75359
905,15.178,7.72716,10,1.52667,0.0696049,1.79046
906,15.0523,7.8015,9,1.52667,0.0672061,1.82524
907,13.6899,8.05899,8,1.34,0.0666539,1.84166
908,15.3292,7.38637,9,1.14667,0.0667233,1.92873
909,15.7371,7.51073,11,1.86667,0.0679649,1.87887
910,15.9884,8.42307,9,1.88,0.0671559,1.73808
911,13.7508,7.7334,8,1.18667,0.0669537,1.85614
912,14.6263,7.97281,9,1.87333,0.0654846,1.75277
913,15.302,8.72738,12,1.96,0.068477,1.69292
914,14.884,8.24983,9,1.53333,0.0653416,1.71546
915,16.1729,8.90381,11,2.16,0.0686352,1.73479
916,15.6693,8.22752,10,1.98,0.0658921,1.79263
917,16.6924,9.1897,13,2.46667,0.0654077,1.64703
918,14.915,8.96755,8,2.39333,0.0645926,1.77913
919,13.8529,8.20121,8,1.64,0.0683054,1.85176
920,15.921,9.11488,11,2.28,0.066725,1.62029
921,15.5724,8.62984,11,1.94667,0.0652927,1.53912
922,13.7791,8.61051,9,1.27333,0.0657504,1.76325
923,15.0679,9.12203,9,1.62,0.0659016,1.6488
924,15.6831,8.16025,10,1.90667,0.0667241,2.04587
925,14.9949,8.71683,9,1.84,0.0669014,1.64333
926,14.9345,10.0952,9,2.47333,0.0683875,1.65246
927,14.7667,8.54615,11,2.12,0.0704405,2.04614
928,15.5527,8.39418,10,1.76667,0.0685354,1.7321
929,15.0703,8.59244,11,2.43333,0.0657278,1.71128
930,14.8949,7.8235,11,1.68,0.069511,1.99145
931,15.1865,7.88892,9,1.84,0.0673985,1.58897
932,15.6468,8.20214,11,2.15333,0.0683587,1.72129
933,16.1661,8.03795,10,2.10667,0.0659827,1.59341
934,16.5664,6.90705,12,3.3,0.065707,3.15279
935,14.7555,6.9118,11,2.47333,0.068096,2.73566
936,16.4034,8.70427,10,2.46,0.0683693,2.46304
937,16.2124,6.71046,10,1.77333,0.0671005,2.78493
938,15.6033,7.36734,11,1.7,0.0688029,2.07122
939,15.6799,8.7218,10,2.33333,0.0672186,1.63515
940,15.5716,8.05623,9,2.29333,0.0697185,2.04546
941,14.1802,7.41232,8,1.25333,0.0656718,2.14671
942,16.5108,7.92966,11,2.12,0.0678918,2.07912
943,16.4851,8.27026,11,2.8,0.0679674,1.86417
944,16.5403,7.78559,12,2.55333,0.0677381,2.10709
945,15.2838,7.30868,10,2.4,0.0679086,2.22056
946,15.7372,7.87334,11,2.58,0.0670934,2.05049
947,14.8926,8.16717,9,1.58667,0.0682456,2.08937
948,14.9242,8.02362,11,1.71333,0.0689538,1.8415
949,14.5421,8.077,9,2.12667,0.0704068,1.90574
950,16.258,8.59152,12,2.6,0.0691494,1.67521
951,15.0012,7.88792,11,1.51333,0.0687295,1.96312
952,13.9693,8.88076,9,2.04,0.0682609,1.65312
953,14.1124,7.54483,11,1.31333,0.0640876,1.51967
954,14.537,7.88526,10,1.68667,0.067195,1.57996
955,15.2717,9.04104,10,2.32667,0.0701011,1.77685
956,15.7276,8.67654,9,1.93333,0.0684101,1.91118
957,15.3766,8.28299,9,1.79333,0.067065,1.60885
958,15.978,8.30547,11,2.12,0.0695868,1.60769
959,14.3995,8.54959,8,1.16,0.0684949,1.55183
960,15.2566,8.20593,9,1.27333,0.0674035,1.41769
961,14.1042,8.32831,7,1.32667,0.0660915,1.39414
962,15.2206,8.29681,8,1.54667,0.0660488,1.64402
963,14.8335,8.45727,10,1.59333,0.0676995,1.4557
964,15.8947,8.15807,10,2.82667,0.0696161,2.90918
965,17.4952,7.90622,13,2.78,0.0680244,2.5676
966,13.9258,8.3351,9,2.42,0.0667451,2.40943
967,15.6852,7.76498,10,2.43333,0.0670659,2.44422
968,15.7891,7.67864,11,2.52,0.0650164,2.09792
969,16.9044,8.35375,12,2.62,0.0670409,2.17685
970,16.3437,8.97807,11,3.01333,0.0696462,2.16719
971,15.9657,7.8,9,2.16667,0.0651022,2.33191
972,16.5671,8.52585,13,3.45333,0.0708813,2.42575
973,16.6826,8.46959,13,3.3,0.0674601,2.16813
974,14.8967,8.71695,9,2.38667,0.0698705,2.00922
975,14.2744,8.019,7,2.06667,0.0675206,2.11717
976,15.0202,8.06297,9,2.69333,0.0675721,2.28836
977,15.8127,7.40031,10,2,0.0671248,2.0006
978,16.5365,7.74276,13,2.44667,0.0668418,2.141
979,15.1334,8.42475,10,2.42667,0.0706616,2.06069
980,15.5703,8.04758,11,1.95333,0.0667141,1.84001
981,14.8541,8.71961,9,2.06,0.0692479,1.76261
982,12.9302,7.90253,5,1.2,0.0666469,1.87242
983,14.9771,8.08158,9,2,0.0682433,1.86613
984,15.7129,8.43393,10,2.50667,0.0698358,1.93021
985,14.8005,8.56139,10,2.38,0.066725,1.86723
986,16.5109,8.8979,11,2.5,0.0663254,1.76979
987,14.701,8.1185,12,2.23333,0.0672729,2.09949
988,15.7399,8.8917,10,2.47333,0.0683005,1.6948
989,15.9488,8.45465,10,2.22,0.0673106,2.09203
990,15.0978,8.09296,9,2.21333,0.0655965,1.95029
991,16.1046,8.87792,11,2.72,0.0692182,1.95744
992,15.9795,8.27645,12,2.06,0.06644,1.73136
993,15.7739,7.60489,10,1.69333,0.066978,1.91249
994,15.0153,8.08601,9,1.7,0.0658917,1.60378
995,14.8094,8.20186,8,1.56667,0.0660777,1.63194
996,16.1104,7.35002,11,2.74,0.0687904,3.16445
997,14.9641,7.4304,9,2.14,0.0668582,2.58889
998,14.6888,7.12293,10,1.97333,0.0668358,2.47671
999,15.0125,7.6471,12,2.83333,0.0670778,2.5751
1000,17.0719,7.16895,13,2.58667,0.0686632,2.60846
